 Energy(eV)     Ext     Sca
 2.8 930.339 697.074
 2.81 957.065 716.811
 2.82 984.818 737.284
 2.83 1013.65 758.532
 2.84 1043.63 780.595
 2.85 1074.8 803.516
 2.86 1107.24 827.34
 2.87 1141.01 852.115
 2.88 1176.19 877.895
 2.89 1212.86 904.735
 2.9 1251.11 932.695
 2.91 1291.02 961.838
 2.92 1332.7 992.235
 2.93 1376.26 1023.96
 2.94 1421.8 1057.09
 2.95 1469.45 1091.71
 2.96 1519.35 1127.92
 2.97 1571.64 1165.81
 2.98 1626.48 1205.5
 2.99 1684.04 1247.09
 3 1744.51 1290.73
 3.01 1808.07 1336.54
 3.02 1874.97 1384.68
 3.03 1945.43 1435.3
 3.04 2019.71 1488.6
 3.05 2098.11 1544.75
 3.06 2180.93 1603.98
 3.07 2268.53 1666.53
 3.08 2361.28 1732.64
 3.09 2459.6 1802.6
 3.1 2563.96 1876.73
 3.11 2674.87 1955.36
 3.12 2792.92 2038.89
 3.13 2918.72 2127.74
 3.14 3053 2222.38
 3.15 3196.55 2323.35
 3.16 3350.27 2431.23
 3.17 3515.17 2546.69
 3.18 3692.39 2670.49
 3.19 3883.23 2803.47
 3.2 4089.15 2946.59
 3.21 4311.85 3100.95
 3.22 4553.26 3267.81
 3.23 4815.6 3448.59
 3.24 5101.46 3644.96
 3.25 5413.83 3858.84
 3.26 5756.24 4092.46
 3.27 6132.82 4348.43
 3.28 6548.45 4629.82
 3.29 7008.95 4940.26
 3.3 7521.32 5284.1
 3.31 8093.97 5666.5
 3.32 8737.16 6093.74
 3.33 9463.46 6573.4
 3.34 10288.4 7114.79
 3.35 11231.3 7729.35
 3.36 12316.5 8431.26
 3.37 13574.6 9238.18
 3.38 15044.7 10172.1
 3.39 16776.5 11260.4
 3.4 18832.9 12536.8
 3.41 21292.9 14041.4
 3.42 24251.8 15819.5
 3.43 27816.1 17914.3
 3.44 32084.3 20350.3
 3.45 37099.2 23095.3
 3.46 42760 25995.8
 3.47 48715.1 28700.3
 3.48 54327.2 30638.1
 3.49 58727.4 31119
 3.5 60526.2 29503.6
 3.51 57780.2 25805.5
 3.52 51338.5 21797.6
 3.53 45619 19526.2
 3.54 43215 19348.8
 3.55 44283.2 20879.1
 3.56 48444.8 23840.9
 3.57 55361 28089.7
 3.58 64408.6 33345.1
 3.59 73976.5 38795
 3.6 81117.6 42880.2
 3.61 82955.1 43991.6
 3.62 79382.2 41902.5
 3.63 73422.8 38071.6
 3.64 68464.1 34404.5
 3.65 64797.7 31736.5
 3.66 59190 29093.3
 3.67 51150.1 25621.8
 3.68 43156.8 21752.2
 3.69 36487.3 18034.1
 3.7 31370.7 14763.5
 3.71 27900.3 12204.9
 3.72 26241 10717.9
 3.73 26239.1 10475
 3.74 27052.2 10902.5
 3.75 28065.6 11154
 3.76 29563.8 11165.6
 3.77 31569 11322.1
 3.78 33528.5 11745.6
 3.79 34469.8 12190.4
 3.8 33598.2 12293.3
