8.870712027152660717e-02 -2.575305165955243947e-02
2.048341331712607016e-01 -1.765784904039137959e-01
-2.332877618637499428e-01 -1.788014631679567257e-01
-8.870712027153705714e-02 2.575305165956474907e-02
-2.048341331712653091e-01 1.765784904039151004e-01
2.332877618637373140e-01 1.788014631679608890e-01
2.801714116061517212e-01 1.065163784346716963e-01
9.990915388615752291e-02 -2.009814177888336884e-01
-1.017796156356906428e-01 -1.987456873649718903e-01
-2.652297604595310609e-01 8.010176254704137744e-02
6.907419426193479872e-02 7.780759749089841137e-02
9.059301484621234968e-02 -1.006528437958748370e-02
1.110845351356813809e-01 2.614715741128559312e-02
1.220891372713327205e-01 6.949364672937715509e-03
8.464929087875938674e-02 -1.040280819584072231e-01
-2.801714116061522764e-01 -1.065163784346880443e-01
-9.990915388615130566e-02 2.009814177888288311e-01
1.017796156356884502e-01 1.987456873649664502e-01
2.652297604595280633e-01 -8.010176254703782472e-02
-6.907419426193849021e-02 -7.780759749089469213e-02
-9.059301484621141987e-02 1.006528437958352507e-02
-1.110845351356722632e-01 -2.614715741127237800e-02
-1.220891372713139161e-01 -6.949364672936678144e-03
-8.464929087875436298e-02 1.040280819583899730e-01
