-7.198561611420844034e-14 -2.618810548392402349e-01
-2.267956462606849077e-01 1.309405274195554747e-01
2.267956462606628698e-01 1.309405274195528102e-01
7.392317082500328006e-14 -2.618810548392105364e-01
-2.267956462605913437e-01 1.309405274196818181e-01
2.267956462606103285e-01 1.309405274196820401e-01
2.074972219891396130e-01 1.197985769715086968e-01
5.792655341096492744e-02 -1.303211656355554304e-01
-5.792655341096934751e-02 -1.303211656355527381e-01
-2.074972219891299263e-01 1.197985769714882409e-01
8.389816338568824305e-02 1.153264496253095517e-01
1.418247167966263933e-01 1.499471601020723605e-02
-2.242650509742816212e-14 -2.395971539430152841e-01
-1.418247167966597555e-01 1.499471601020105696e-02
-8.389816338569834608e-02 1.153264496253401938e-01
2.074972219891068614e-01 1.197985769715294579e-01
5.792655341094697652e-02 -1.303211656355331705e-01
-5.792655341094846838e-02 -1.303211656355333092e-01
-2.074972219891189629e-01 1.197985769715434468e-01
8.389816338570879606e-02 1.153264496253538496e-01
1.418247167966762423e-01 1.499471601020480049e-02
1.923461390163083706e-14 -2.395971539430480080e-01
-1.418247167966494304e-01 1.499471601020896383e-02
-8.389816338569883181e-02 1.153264496253276206e-01
