3.497023160486066318e-01 -1.665334536937734811e-15
1.748511580243025665e-01 3.028510894603492209e-01
-1.748511580243025110e-01 3.028510894603501091e-01
-3.497023160486080195e-01 -3.025357742103551573e-15
-1.748511580243085062e-01 -3.028510894603442805e-01
1.748511580243067853e-01 -3.028510894603438919e-01
-7.106504170124160191e-02 1.230882628685606023e-01
-7.168703830424963397e-02 8.335446384938140219e-02
7.168703830425021684e-02 8.335446384938133280e-02
7.106504170124108843e-02 1.230882628685617264e-01
3.634356406027474534e-02 1.037600282182449818e-01
1.080306023645278696e-01 -2.040556436885763991e-02
1.421300834024939452e-01 -2.687373162508106281e-15
1.080306023645246360e-01 2.040556436885801808e-02
3.634356406027263592e-02 -1.037600282182424699e-01
7.106504170124838815e-02 -1.230882628685592284e-01
7.168703830425285362e-02 -8.335446384938641207e-02
-7.168703830425232626e-02 -8.335446384938623166e-02
-7.106504170124780528e-02 -1.230882628685595337e-01
-3.634356406027300368e-02 -1.037600282182423311e-01
-1.080306023645248026e-01 2.040556436885772665e-02
-1.421300834024926962e-01 -1.337636579653794590e-15
-1.080306023645264957e-01 -2.040556436885749420e-02
-3.634356406027448860e-02 1.037600282182436495e-01
