   3.4140578e+00
   3.4140459e+00
   3.4140112e+00
   3.4139536e+00
   3.4138725e+00
   3.4137674e+00
   3.4136377e+00
   3.4134825e+00
   3.4133007e+00
   3.4130912e+00
   3.4128525e+00
   3.4125834e+00
   3.4122820e+00
   3.4119468e+00
   3.4115756e+00
   3.4111666e+00
   3.4107176e+00
   3.4102261e+00
   3.4096899e+00
   3.4091063e+00
   3.4084727e+00
   3.4077862e+00
   3.4070441e+00
   3.4062432e+00
   3.4053806e+00
   3.4044530e+00
   3.4034572e+00
   3.4023898e+00
   3.4012475e+00
   3.4000266e+00
   3.3987238e+00
   3.3973353e+00
   3.3958576e+00
   3.3942870e+00
   3.3926197e+00
   3.3908520e+00
   3.3889802e+00
   3.3870005e+00
   3.3849091e+00
   3.3827024e+00
   3.3803764e+00
   3.3779276e+00
   3.3753521e+00
   3.3726465e+00
   3.3698069e+00
   3.3668300e+00
   3.3637122e+00
   3.3604500e+00
   3.3570401e+00
   3.3534793e+00
   3.3497644e+00
   3.3458923e+00
   3.3418600e+00
   3.3376648e+00
   3.3333038e+00
   3.3287745e+00
   3.3240744e+00
   3.3192013e+00
   3.3141529e+00
   3.3089272e+00
   3.3035224e+00
   3.2979369e+00
   3.2921691e+00
   3.2862177e+00
   3.2800815e+00
   3.2737597e+00
   3.2672514e+00
   3.2605562e+00
   3.2536736e+00
   3.2466035e+00
   3.2393460e+00
   3.2319013e+00
   3.2242700e+00
   3.2164527e+00
   3.2084503e+00
   3.2002640e+00
   3.1918951e+00
   3.1833453e+00
   3.1746162e+00
   3.1657100e+00
   3.1566288e+00
   3.1473751e+00
   3.1379516e+00
   3.1283610e+00
   3.1186067e+00
   3.1086917e+00
   3.0986196e+00
   3.0883942e+00
   3.0780193e+00
   3.0674990e+00
   3.0568377e+00
   3.0460397e+00
   3.0351098e+00
   3.0240528e+00
   3.0128737e+00
   3.0015776e+00
   2.9901699e+00
   2.9786560e+00
   2.9670415e+00
   2.9553323e+00
   2.9435342e+00
   2.9316532e+00
   2.9196955e+00
   2.9076672e+00
   2.8955747e+00
   2.8834245e+00
   2.8712231e+00
   2.8589770e+00
   2.8466930e+00
   2.8343778e+00
   2.8220381e+00
   2.8096809e+00
   2.7973129e+00
   2.7849412e+00
   2.7725726e+00
   2.7602140e+00
   2.7478726e+00
   2.7355552e+00
   2.7232688e+00
   2.7110204e+00
   2.6988168e+00
   2.6866651e+00
   2.6745720e+00
   2.6625445e+00
   2.6505893e+00
   2.6387131e+00
   2.6269228e+00
   2.6152248e+00
   2.6036257e+00
   2.5921322e+00
   2.5807504e+00
   2.5694869e+00
   2.5583478e+00
   2.5473393e+00
   2.5364674e+00
   2.5257381e+00
   2.5151573e+00
   2.5047307e+00
   2.4944639e+00
   2.4843625e+00
   2.4744319e+00
   2.4646774e+00
   2.4551041e+00
   2.4457171e+00
   2.4365214e+00
   2.4275217e+00
   2.4187228e+00
   2.4101291e+00
   2.4017451e+00
   2.3935750e+00
   2.3856231e+00
   2.3778934e+00
   2.3703896e+00
   2.3631157e+00
   2.3560751e+00
   2.3492715e+00
   2.3427081e+00
   2.3363881e+00
   2.3303147e+00
   2.3244908e+00
   2.3189191e+00
   2.3136025e+00
   2.3085433e+00
   2.3037441e+00
   2.2992071e+00
   2.2949344e+00
   2.2909281e+00
   2.2871900e+00
   2.2837219e+00
   2.2805254e+00
   2.2776020e+00
   2.2749530e+00
   2.2725796e+00
   2.2704830e+00
   2.2686642e+00
   2.2671238e+00
   2.2658627e+00
   2.2648815e+00
   2.2641805e+00
   2.2637601e+00
   2.2636205e+00
   2.2637618e+00
   2.2641838e+00
   2.2648865e+00
   2.2658694e+00
   2.2671322e+00
   2.2686742e+00
   2.2704947e+00
   2.2725929e+00
   2.2749679e+00
   2.2776186e+00
   2.2805436e+00
   2.2837418e+00
   2.2872115e+00
   2.2909512e+00
   2.2949591e+00
   2.2992334e+00
   2.3037720e+00
   2.3085728e+00
   2.3136335e+00
   2.3189517e+00
   2.3245248e+00
   2.3303503e+00
   2.3364252e+00
   2.3427467e+00
   2.3493116e+00
   2.3561167e+00
   2.3631587e+00
   2.3704341e+00
   2.3779392e+00
   2.3856704e+00
   2.3936237e+00
   2.4017951e+00
   2.4101804e+00
   2.4187754e+00
   2.4275757e+00
   2.4365767e+00
   2.4457736e+00
   2.4551618e+00
   2.4647363e+00
   2.4744921e+00
   2.4844238e+00
   2.4945264e+00
   2.5047943e+00
   2.5152220e+00
   2.5258039e+00
   2.5365342e+00
   2.5474071e+00
   2.5584166e+00
   2.5695567e+00
   2.5808212e+00
   2.5922038e+00
   2.6036983e+00
   2.6152981e+00
   2.6269969e+00
   2.6387881e+00
   2.6506650e+00
   2.6626210e+00
   2.6746492e+00
   2.6867429e+00
   2.6988953e+00
   2.7110995e+00
   2.7233485e+00
   2.7356355e+00
   2.7479534e+00
   2.7602953e+00
   2.7726543e+00
   2.7850233e+00
   2.7973955e+00
   2.8097638e+00
   2.8221214e+00
   2.8344613e+00
   2.8467768e+00
   2.8590611e+00
   2.8713073e+00
   2.8835090e+00
   2.8956593e+00
   2.9077519e+00
   2.9197802e+00
   2.9317380e+00
   2.9436191e+00
   2.9554172e+00
   2.9671263e+00
   2.9787407e+00
   2.9902545e+00
   3.0016621e+00
   3.0129580e+00
   3.0241369e+00
   3.0351937e+00
   3.0461234e+00
   3.0569211e+00
   3.0675821e+00
   3.0781021e+00
   3.0884766e+00
   3.0987016e+00
   3.1087733e+00
   3.1186878e+00
   3.1284418e+00
   3.1380318e+00
   3.1474549e+00
   3.1567080e+00
   3.1657887e+00
   3.1746943e+00
   3.1834228e+00
   3.1919720e+00
   3.2003402e+00
   3.2085259e+00
   3.2165276e+00
   3.2243442e+00
   3.2319748e+00
   3.2394187e+00
   3.2466755e+00
   3.2537448e+00
   3.2606266e+00
   3.2673211e+00
   3.2738285e+00
   3.2801495e+00
   3.2862848e+00
   3.2922353e+00
   3.2980023e+00
   3.3035869e+00
   3.3089908e+00
   3.3142155e+00
   3.3192630e+00
   3.3241352e+00
   3.3288344e+00
   3.3333627e+00
   3.3377227e+00
   3.3419170e+00
   3.3459483e+00
   3.3498194e+00
   3.3535333e+00
   3.3570931e+00
   3.3605019e+00
   3.3637630e+00
   3.3668799e+00
   3.3698557e+00
   3.3726942e+00
   3.3753988e+00
   3.3779732e+00
   3.3804210e+00
   3.3827459e+00
   3.3849516e+00
   3.3870419e+00
   3.3890205e+00
   3.3908912e+00
   3.3926578e+00
   3.3943240e+00
   3.3958935e+00
   3.3973701e+00
   3.3987575e+00
   3.4000592e+00
   3.4012789e+00
   3.4024202e+00
   3.4034865e+00
   3.4044812e+00
   3.4054076e+00
   3.4062691e+00
   3.4070689e+00
   3.4078099e+00
   3.4084952e+00
   3.4091277e+00
   3.4097102e+00
   3.4102453e+00
   3.4107356e+00
   3.4111836e+00
   3.4115914e+00
   3.4119614e+00
   3.4122956e+00
   3.4125958e+00
   3.4128638e+00
   3.4131013e+00
   3.4133097e+00
   3.4134904e+00
   3.4136445e+00
   3.4137731e+00
   3.4138770e+00
   3.4139569e+00
   3.4140135e+00
   3.4140470e+00
   3.4140578e+00
