   2.9949243e+02
   2.9948991e+02
   2.9948264e+02
   2.9947050e+02
   2.9945323e+02
   2.9943049e+02
   2.9940187e+02
   2.9936683e+02
   2.9932476e+02
   2.9927493e+02
   2.9921656e+02
   2.9914875e+02
   2.9907051e+02
   2.9898079e+02
   2.9887843e+02
   2.9876220e+02
   2.9863080e+02
   2.9848283e+02
   2.9831683e+02
   2.9813128e+02
   2.9792458e+02
   2.9769507e+02
   2.9744102e+02
   2.9716066e+02
   2.9685217e+02
   2.9651366e+02
   2.9614324e+02
   2.9573893e+02
   2.9529877e+02
   2.9482074e+02
   2.9430282e+02
   2.9374297e+02
   2.9313913e+02
   2.9248925e+02
   2.9179130e+02
   2.9104324e+02
   2.9024305e+02
   2.8938875e+02
   2.8847840e+02
   2.8751007e+02
   2.8648191e+02
   2.8539212e+02
   2.8423894e+02
   2.8302072e+02
   2.8173587e+02
   2.8038288e+02
   2.7896034e+02
   2.7746695e+02
   2.7590151e+02
   2.7426294e+02
   2.7255028e+02
   2.7076271e+02
   2.6889952e+02
   2.6696017e+02
   2.6494425e+02
   2.6285151e+02
   2.6068185e+02
   2.5843533e+02
   2.5611219e+02
   2.5371281e+02
   2.5123777e+02
   2.4868780e+02
   2.4606381e+02
   2.4336688e+02
   2.4059828e+02
   2.3775943e+02
   2.3485193e+02
   2.3187755e+02
   2.2883824e+02
   2.2573609e+02
   2.2257336e+02
   2.1935247e+02
   2.1607597e+02
   2.1274658e+02
   2.0936712e+02
   2.0594057e+02
   2.0247001e+02
   1.9895865e+02
   1.9540978e+02
   1.9182679e+02
   1.8821316e+02
   1.8457245e+02
   1.8090826e+02
   1.7722425e+02
   1.7352413e+02
   1.6981162e+02
   1.6609049e+02
   1.6236447e+02
   1.5863733e+02
   1.5491281e+02
   1.5119460e+02
   1.4748637e+02
   1.4379176e+02
   1.4011432e+02
   1.3645754e+02
   1.3282485e+02
   1.2921956e+02
   1.2564491e+02
   1.2210403e+02
   1.1859993e+02
   1.1513550e+02
   1.1171352e+02
   1.0833663e+02
   1.0500732e+02
   1.0172795e+02
   9.8500751e+01
   9.5327780e+01
   9.2210957e+01
   8.9152047e+01
   8.6152661e+01
   8.3214255e+01
   8.0338135e+01
   7.7525448e+01
   7.4777192e+01
   7.2094216e+01
   6.9477218e+01
   6.6926753e+01
   6.4443234e+01
   6.2026936e+01
   5.9678000e+01
   5.7396438e+01
   5.5182138e+01
   5.3034869e+01
   5.0954286e+01
   4.8939936e+01
   4.6991265e+01
   4.5107620e+01
   4.3288261e+01
   4.1532363e+01
   3.9839022e+01
   3.8207264e+01
   3.6636049e+01
   3.5124278e+01
   3.3670800e+01
   3.2274415e+01
   3.0933883e+01
   2.9647928e+01
   2.8415244e+01
   2.7234501e+01
   2.6104349e+01
   2.5023424e+01
   2.3990354e+01
   2.3003758e+01
   2.2062259e+01
   2.1164481e+01
   2.0309055e+01
   1.9494625e+01
   1.8719848e+01
   1.7983399e+01
   1.7283974e+01
   1.6620292e+01
   1.5991099e+01
   1.5395168e+01
   1.4831303e+01
   1.4298339e+01
   1.3795148e+01
   1.3320635e+01
   1.2873742e+01
   1.2453451e+01
   1.2058783e+01
   1.1688797e+01
   1.1342595e+01
   1.1019321e+01
   1.0718160e+01
   1.0438340e+01
   1.0179134e+01
   9.9398559e+00
   9.7198652e+00
   9.5185647e+00
   9.3354015e+00
   9.1698670e+00
   9.0214966e+00
   8.8898702e+00
   8.7746121e+00
   8.6753908e+00
   8.5919190e+00
   8.5239538e+00
   8.4712964e+00
   8.4337925e+00
   8.4113317e+00
   8.4038478e+00
   8.4113187e+00
   8.4337668e+00
   8.4712581e+00
   8.5239031e+00
   8.5918565e+00
   8.6753171e+00
   8.7745279e+00
   8.8897762e+00
   9.0213937e+00
   9.1697563e+00
   9.3352842e+00
   9.5184420e+00
   9.7197386e+00
   9.9397269e+00
   1.0179004e+01
   1.0438212e+01
   1.0718034e+01
   1.1019201e+01
   1.1342482e+01
   1.1688694e+01
   1.2058692e+01
   1.2453375e+01
   1.2873683e+01
   1.3320596e+01
   1.3795133e+01
   1.4298352e+01
   1.4831345e+01
   1.5395245e+01
   1.5991214e+01
   1.6620449e+01
   1.7284176e+01
   1.7983651e+01
   1.8720154e+01
   1.9494990e+01
   2.0309484e+01
   2.1164978e+01
   2.2062829e+01
   2.3004407e+01
   2.3991086e+01
   2.5024246e+01
   2.6105265e+01
   2.7235517e+01
   2.8416366e+01
   2.9649162e+01
   3.0935235e+01
   3.2275892e+01
   3.3672407e+01
   3.5126022e+01
   3.6637935e+01
   3.8209299e+01
   3.9841213e+01
   4.1534716e+01
   4.3290783e+01
   4.5110316e+01
   4.6994142e+01
   4.8943001e+01
   5.0957545e+01
   5.3038328e+01
   5.5185803e+01
   5.7400315e+01
   5.9682096e+01
   6.2031256e+01
   6.4447783e+01
   6.6931537e+01
   6.9482242e+01
   7.2099485e+01
   7.4782712e+01
   7.7531222e+01
   8.0344167e+01
   8.3220551e+01
   8.6159222e+01
   8.9158878e+01
   9.2218060e+01
   9.5335158e+01
   9.8508406e+01
   1.0173589e+02
   1.0501553e+02
   1.0834512e+02
   1.1172230e+02
   1.1514456e+02
   1.1860927e+02
   1.2211365e+02
   1.2565482e+02
   1.2922974e+02
   1.3283531e+02
   1.3646827e+02
   1.4012532e+02
   1.4380303e+02
   1.4749791e+02
   1.5120639e+02
   1.5492485e+02
   1.5864963e+02
   1.6237701e+02
   1.6610326e+02
   1.6982463e+02
   1.7353735e+02
   1.7723769e+02
   1.8092191e+02
   1.8458630e+02
   1.8822721e+02
   1.9184101e+02
   1.9542417e+02
   1.9897321e+02
   2.0248473e+02
   2.0595543e+02
   2.0938211e+02
   2.1276169e+02
   2.1609119e+02
   2.1936779e+02
   2.2258877e+02
   2.2575158e+02
   2.2885380e+02
   2.3189316e+02
   2.3486758e+02
   2.3777511e+02
   2.4061399e+02
   2.4338260e+02
   2.4607952e+02
   2.4870350e+02
   2.5125344e+02
   2.5372845e+02
   2.5612777e+02
   2.5845086e+02
   2.6069730e+02
   2.6286687e+02
   2.6495952e+02
   2.6697533e+02
   2.6891457e+02
   2.7077763e+02
   2.7256507e+02
   2.7427758e+02
   2.7591599e+02
   2.7748126e+02
   2.7897447e+02
   2.8039683e+02
   2.8174962e+02
   2.8303427e+02
   2.8425228e+02
   2.8540523e+02
   2.8649480e+02
   2.8752272e+02
   2.8849081e+02
   2.8940091e+02
   2.9025495e+02
   2.9105487e+02
   2.9180267e+02
   2.9250034e+02
   2.9314994e+02
   2.9375349e+02
   2.9431305e+02
   2.9483067e+02
   2.9530839e+02
   2.9574825e+02
   2.9615224e+02
   2.9652235e+02
   2.9686053e+02
   2.9716870e+02
   2.9744874e+02
   2.9770245e+02
   2.9793163e+02
   2.9813800e+02
   2.9832321e+02
   2.9848886e+02
   2.9863649e+02
   2.9876755e+02
   2.9888342e+02
   2.9898543e+02
   2.9907481e+02
   2.9915269e+02
   2.9922015e+02
   2.9927817e+02
   2.9932763e+02
   2.9936935e+02
   2.9940403e+02
   2.9943230e+02
   2.9945467e+02
   2.9947158e+02
   2.9948337e+02
   2.9949027e+02
   2.9949243e+02
