   6.5737213e+02
   6.5736150e+02
   6.5733015e+02
   6.5727770e+02
   6.5720358e+02
   6.5710695e+02
   6.5698675e+02
   6.5684170e+02
   6.5667027e+02
   6.5647071e+02
   6.5624105e+02
   6.5597912e+02
   6.5568251e+02
   6.5534861e+02
   6.5497461e+02
   6.5455751e+02
   6.5409410e+02
   6.5358101e+02
   6.5301468e+02
   6.5239140e+02
   6.5170729e+02
   6.5095833e+02
   6.5014036e+02
   6.4924910e+02
   6.4828016e+02
   6.4722904e+02
   6.4609116e+02
   6.4486187e+02
   6.4353644e+02
   6.4211013e+02
   6.4057815e+02
   6.3893570e+02
   6.3717799e+02
   6.3530024e+02
   6.3329773e+02
   6.3116578e+02
   6.2889980e+02
   6.2649529e+02
   6.2394787e+02
   6.2125329e+02
   6.1840744e+02
   6.1540642e+02
   6.1224649e+02
   6.0892415e+02
   6.0543610e+02
   6.0177932e+02
   5.9795105e+02
   5.9394883e+02
   5.8977049e+02
   5.8541420e+02
   5.8087845e+02
   5.7616211e+02
   5.7126440e+02
   5.6618493e+02
   5.6092372e+02
   5.5548118e+02
   5.4985814e+02
   5.4405586e+02
   5.3807602e+02
   5.3192075e+02
   5.2559261e+02
   5.1909460e+02
   5.1243017e+02
   5.0560320e+02
   4.9861800e+02
   4.9147932e+02
   4.8419233e+02
   4.7676259e+02
   4.6919609e+02
   4.6149919e+02
   4.5367861e+02
   4.4574144e+02
   4.3769511e+02
   4.2954734e+02
   4.2130616e+02
   4.1297986e+02
   4.0457699e+02
   3.9610629e+02
   3.8757672e+02
   3.7899738e+02
   3.7037752e+02
   3.6172648e+02
   3.5305370e+02
   3.4436863e+02
   3.3568075e+02
   3.2699954e+02
   3.1833440e+02
   3.0969468e+02
   3.0108961e+02
   2.9252828e+02
   2.8401964e+02
   2.7557241e+02
   2.6719512e+02
   2.5889606e+02
   2.5068324e+02
   2.4256439e+02
   2.3454693e+02
   2.2663795e+02
   2.1884419e+02
   2.1117205e+02
   2.0362753e+02
   1.9621625e+02
   1.8894346e+02
   1.8181397e+02
   1.7483219e+02
   1.6800214e+02
   1.6132739e+02
   1.5481111e+02
   1.4845605e+02
   1.4226455e+02
   1.3623854e+02
   1.3037955e+02
   1.2468871e+02
   1.1916677e+02
   1.1381410e+02
   1.0863072e+02
   1.0361629e+02
   9.8770127e+01
   9.4091240e+01
   8.9578325e+01
   8.5229789e+01
   8.1043766e+01
   7.7018134e+01
   7.3150532e+01
   6.9438376e+01
   6.5878881e+01
   6.2469076e+01
   5.9205821e+01
   5.6085825e+01
   5.3105667e+01
   5.0261805e+01
   4.7550602e+01
   4.4968334e+01
   4.2511212e+01
   4.0175393e+01
   3.7956994e+01
   3.5852110e+01
   3.3856823e+01
   3.1967217e+01
   3.0179388e+01
   2.8489457e+01
   2.6893577e+01
   2.5387947e+01
   2.3968815e+01
   2.2632494e+01
   2.1375360e+01
   2.0193868e+01
   1.9084550e+01
   1.8044026e+01
   1.7069004e+01
   1.6156291e+01
   1.5302787e+01
   1.4505497e+01
   1.3761528e+01
   1.3068094e+01
   1.2422513e+01
   1.1822216e+01
   1.1264739e+01
   1.0747730e+01
   1.0268946e+01
   9.8262543e+00
   9.4176300e+00
   9.0411579e+00
   8.6950306e+00
   8.3775474e+00
   8.0871136e+00
   7.8222396e+00
   7.5815392e+00
   7.3637288e+00
   7.1676258e+00
   6.9921479e+00
   6.8363113e+00
   6.6992301e+00
   6.5801145e+00
   6.4782707e+00
   6.3930991e+00
   6.3240939e+00
   6.2708423e+00
   6.2330240e+00
   6.2104105e+00
   6.2028649e+00
   6.2103417e+00
   6.2328865e+00
   6.2706365e+00
   6.3238205e+00
   6.3927588e+00
   6.4778646e+00
   6.5796438e+00
   6.6986962e+00
   6.8357159e+00
   6.9914927e+00
   7.1669130e+00
   7.3629607e+00
   7.5807184e+00
   7.8213688e+00
   8.0861958e+00
   8.3765858e+00
   8.6940288e+00
   9.0401198e+00
   9.4165594e+00
   9.8251556e+00
   1.0267824e+01
   1.0746589e+01
   1.1263585e+01
   1.1821053e+01
   1.2421348e+01
   1.3066932e+01
   1.3760377e+01
   1.4504362e+01
   1.5301676e+01
   1.6155210e+01
   1.7067962e+01
   1.8043030e+01
   1.9083608e+01
   2.0192989e+01
   2.1374553e+01
   2.2631767e+01
   2.3968178e+01
   2.5387409e+01
   2.6893149e+01
   2.8489149e+01
   3.0179210e+01
   3.1967180e+01
   3.3856937e+01
   3.5852387e+01
   3.7957445e+01
   4.0176030e+01
   4.2512047e+01
   4.4969378e+01
   4.7551866e+01
   5.0263303e+01
   5.3107410e+01
   5.6087826e+01
   5.9208091e+01
   6.2471628e+01
   6.5881727e+01
   6.9441527e+01
   7.3154001e+01
   7.7021933e+01
   8.1047906e+01
   8.5234282e+01
   8.9583182e+01
   9.4096472e+01
   9.8775745e+01
   1.0362230e+02
   1.0863714e+02
   1.1382094e+02
   1.1917403e+02
   1.2469640e+02
   1.3038769e+02
   1.3624713e+02
   1.4227359e+02
   1.4846556e+02
   1.5482108e+02
   1.6133784e+02
   1.6801307e+02
   1.7484361e+02
   1.8182587e+02
   1.8895586e+02
   1.9622914e+02
   2.0364091e+02
   2.1118593e+02
   2.1885857e+02
   2.2665281e+02
   2.3456229e+02
   2.4258024e+02
   2.5069957e+02
   2.5891287e+02
   2.6721241e+02
   2.7559017e+02
   2.8403786e+02
   2.9254697e+02
   3.0110874e+02
   3.0971425e+02
   3.1835441e+02
   3.2701996e+02
   3.3570159e+02
   3.4438986e+02
   3.5307532e+02
   3.6174848e+02
   3.7039987e+02
   3.7902008e+02
   3.8759975e+02
   3.9612964e+02
   4.0460063e+02
   4.1300379e+02
   4.2133036e+02
   4.2957179e+02
   4.3771979e+02
   4.4576634e+02
   4.5370370e+02
   4.6152445e+02
   4.6922152e+02
   4.7678816e+02
   4.8421801e+02
   4.9150511e+02
   4.9864387e+02
   5.0562913e+02
   5.1245615e+02
   5.1912060e+02
   5.2561861e+02
   5.3194673e+02
   5.3810196e+02
   5.4408174e+02
   5.4988395e+02
   5.5550689e+02
   5.6094931e+02
   5.6621039e+02
   5.7128969e+02
   5.7618723e+02
   5.8090338e+02
   5.8543892e+02
   5.8979498e+02
   5.9397307e+02
   5.9797503e+02
   6.0180301e+02
   6.0545949e+02
   6.0894723e+02
   6.1226924e+02
   6.1542882e+02
   6.1842948e+02
   6.2127495e+02
   6.2396914e+02
   6.2651616e+02
   6.2892025e+02
   6.3118580e+02
   6.3331730e+02
   6.3531936e+02
   6.3719664e+02
   6.3895387e+02
   6.4059583e+02
   6.4212732e+02
   6.4355312e+02
   6.4487802e+02
   6.4610679e+02
   6.4724413e+02
   6.4829471e+02
   6.4926310e+02
   6.5015379e+02
   6.5097120e+02
   6.5171958e+02
   6.5240311e+02
   6.5302581e+02
   6.5359155e+02
   6.5410404e+02
   6.5456685e+02
   6.5498335e+02
   6.5535674e+02
   6.5569003e+02
   6.5598603e+02
   6.5624734e+02
   6.5647637e+02
   6.5667531e+02
   6.5684612e+02
   6.5699054e+02
   6.5711011e+02
   6.5720611e+02
   6.5727960e+02
   6.5733141e+02
   6.5736214e+02
   6.5737213e+02
