   4.0717901e+00
   4.1089290e+00
   4.2171822e+00
   4.3967346e+00
   4.6478935e+00
   4.9710873e+00
   5.3668646e+00
   5.8358919e+00
   6.3789504e+00
   6.9969325e+00
   7.6908367e+00
   8.4617629e+00
   9.3109061e+00
   1.0239550e+01
   1.1249060e+01
   1.2340876e+01
   1.3516500e+01
   1.4777494e+01
   1.6125464e+01
   1.7562051e+01
   1.9088921e+01
   2.0707751e+01
   2.2420218e+01
   2.4227983e+01
   2.6132680e+01
   2.8135897e+01
   3.0239164e+01
   3.2443933e+01
   3.4751566e+01
   3.7163311e+01
   3.9680291e+01
   4.2303480e+01
   4.5033686e+01
   4.7871534e+01
   5.0817442e+01
   5.3871607e+01
   5.7033981e+01
   6.0304254e+01
   6.3681836e+01
   6.7165835e+01
   7.0755040e+01
   7.4447905e+01
   7.8242531e+01
   8.2136651e+01
   8.6127613e+01
   9.0212371e+01
   9.4387467e+01
   9.8649027e+01
   1.0299275e+02
   1.0741389e+02
   1.1190728e+02
   1.1646730e+02
   1.2108789e+02
   1.2576256e+02
   1.3048436e+02
   1.3524595e+02
   1.4003955e+02
   1.4485699e+02
   1.4968969e+02
   1.5452874e+02
   1.5936485e+02
   1.6418844e+02
   1.6898960e+02
   1.7375820e+02
   1.7848384e+02
   1.8315595e+02
   1.8776381e+02
   1.9229655e+02
   1.9674325e+02
   2.0109297e+02
   2.0533477e+02
   2.0945776e+02
   2.1345117e+02
   2.1730441e+02
   2.2100705e+02
   2.2454895e+02
   2.2792027e+02
   2.3111151e+02
   2.3411357e+02
   2.3691779e+02
   2.3951602e+02
   2.4190061e+02
   2.4406449e+02
   2.4600120e+02
   2.4770492e+02
   2.4917051e+02
   2.5039349e+02
   2.5137015e+02
   2.5209750e+02
   2.5257331e+02
   2.5279612e+02
   2.5276526e+02
   2.5248081e+02
   2.5194369e+02
   2.5115553e+02
   2.5011877e+02
   2.4883659e+02
   2.4731292e+02
   2.4555238e+02
   2.4356029e+02
   2.4134264e+02
   2.3890605e+02
   2.3625771e+02
   2.3340540e+02
   2.3035738e+02
   2.2712241e+02
   2.2370967e+02
   2.2012873e+02
   2.1638947e+02
   2.1250210e+02
   2.0847704e+02
   2.0432490e+02
   2.0005646e+02
   1.9568256e+02
   1.9121412e+02
   1.8666205e+02
   1.8203721e+02
   1.7735038e+02
   1.7261222e+02
   1.6783322e+02
   1.6302368e+02
   1.5819364e+02
   1.5335289e+02
   1.4851091e+02
   1.4367688e+02
   1.3885961e+02
   1.3406754e+02
   1.2930873e+02
   1.2459086e+02
   1.1992117e+02
   1.1530648e+02
   1.1075319e+02
   1.0626725e+02
   1.0185421e+02
   9.7519134e+01
   9.3266697e+01
   8.9101127e+01
   8.5026237e+01
   8.1045429e+01
   7.7161706e+01
   7.3377682e+01
   6.9695598e+01
   6.6117334e+01
   6.2644427e+01
   5.9278089e+01
   5.6019221e+01
   5.2868433e+01
   4.9826062e+01
   4.6892192e+01
   4.4066672e+01
   4.1349135e+01
   3.8739019e+01
   3.6235583e+01
   3.3837928e+01
   3.1545016e+01
   2.9355684e+01
   2.7268669e+01
   2.5282616e+01
   2.3396104e+01
   2.1607653e+01
   1.9915747e+01
   1.8318844e+01
   1.6815390e+01
   1.5403836e+01
   1.4082647e+01
   1.2850313e+01
   1.1705363e+01
   1.0646376e+01
   9.6719871e+00
   8.7808971e+00
   7.9718833e+00
   7.2438048e+00
   6.5956100e+00
   6.0263429e+00
   5.5351485e+00
   5.1212777e+00
   4.7840916e+00
   4.5230644e+00
   4.3377856e+00
   4.2279619e+00
   4.1934170e+00
   4.2340925e+00
   4.3500472e+00
   4.5414577e+00
   4.8086179e+00
   5.1519384e+00
   5.5719454e+00
   6.0692780e+00
   6.6446852e+00
   7.2990219e+00
   8.0332435e+00
   8.8484010e+00
   9.7456343e+00
   1.0726165e+01
   1.1791291e+01
   1.2942373e+01
   1.4180833e+01
   1.5508138e+01
   1.6925794e+01
   1.8435333e+01
   2.0038300e+01
   2.1736246e+01
   2.3530706e+01
   2.5423192e+01
   2.7415177e+01
   2.9508078e+01
   3.1703240e+01
   3.4001921e+01
   3.6405275e+01
   3.8914332e+01
   4.1529983e+01
   4.4252957e+01
   4.7083809e+01
   5.0022894e+01
   5.3070353e+01
   5.6226091e+01
   5.9489759e+01
   6.2860735e+01
   6.6338105e+01
   6.9920646e+01
   7.3606808e+01
   7.7394697e+01
   8.1282059e+01
   8.5266266e+01
   8.9344303e+01
   9.3512755e+01
   9.7767796e+01
   1.0210518e+02
   1.0652023e+02
   1.1100786e+02
   1.1556251e+02
   1.2017822e+02
   1.2484858e+02
   1.2956676e+02
   1.3432549e+02
   1.3911711e+02
   1.4393355e+02
   1.4876634e+02
   1.5360668e+02
   1.5844538e+02
   1.6327296e+02
   1.6807963e+02
   1.7285532e+02
   1.7758977e+02
   1.8227246e+02
   1.8689276e+02
   1.9143988e+02
   1.9590295e+02
   2.0027108e+02
   2.0453337e+02
   2.0867896e+02
   2.1269711e+02
   2.1657721e+02
   2.2030885e+02
   2.2388185e+02
   2.2728632e+02
   2.3051273e+02
   2.3355192e+02
   2.3639514e+02
   2.3903415e+02
   2.4146120e+02
   2.4366911e+02
   2.4565130e+02
   2.4740180e+02
   2.4891532e+02
   2.5018725e+02
   2.5121370e+02
   2.5199150e+02
   2.5251827e+02
   2.5279237e+02
   2.5281293e+02
   2.5257988e+02
   2.5209392e+02
   2.5135655e+02
   2.5037000e+02
   2.4913730e+02
   2.4766220e+02
   2.4594916e+02
   2.4400337e+02
   2.4183066e+02
   2.3943752e+02
   2.3683104e+02
   2.3401886e+02
   2.3100917e+02
   2.2781063e+02
   2.2443237e+02
   2.2088387e+02
   2.1717501e+02
   2.1331593e+02
   2.0931705e+02
   2.0518899e+02
   2.0094251e+02
   1.9658850e+02
   1.9213789e+02
   1.8760163e+02
   1.8299066e+02
   1.7831581e+02
   1.7358781e+02
   1.6881723e+02
   1.6401445e+02
   1.5918961e+02
   1.5435258e+02
   1.4951297e+02
   1.4468002e+02
   1.3986267e+02
   1.3506945e+02
   1.3030854e+02
   1.2558770e+02
   1.2091426e+02
   1.1629515e+02
   1.1173685e+02
   1.0724541e+02
   1.0282642e+02
   9.8485058e+01
   9.4226039e+01
   9.0053654e+01
   8.5971766e+01
   8.1983816e+01
   7.8092839e+01
   7.4301474e+01
   7.0611976e+01
   6.7026233e+01
   6.3545779e+01
   6.0171813e+01
   5.6905216e+01
   5.3746571e+01
   5.0696177e+01
   4.7754073e+01
   4.4920056e+01
   4.2193697e+01
   3.9574366e+01
   3.7061249e+01
   3.4653364e+01
   3.2349584e+01
   3.0148656e+01
   2.8049214e+01
   2.6049802e+01
   2.4148887e+01
   2.2344876e+01
   2.0636136e+01
   1.9021003e+01
   1.7497798e+01
   1.6064843e+01
   1.4720472e+01
   1.3463044e+01
   1.2290952e+01
   1.1202636e+01
   1.0196593e+01
   9.2713859e+00
   8.4256497e+00
   7.6581024e+00
   6.9675510e+00
   6.3528975e+00
   5.8131455e+00
   5.3474052e+00
   4.9548978e+00
   4.6349595e+00
   4.3870445e+00
   4.2107270e+00
   4.1057029e+00
   4.0717901e+00
