   4.9965886e+01
   4.9965703e+01
   4.9965185e+01
   4.9964321e+01
   4.9963091e+01
   4.9961466e+01
   4.9959409e+01
   4.9956878e+01
   4.9953819e+01
   4.9950174e+01
   4.9945873e+01
   4.9940844e+01
   4.9935002e+01
   4.9928259e+01
   4.9920516e+01
   4.9911672e+01
   4.9901614e+01
   4.9890226e+01
   4.9877384e+01
   4.9862959e+01
   4.9846814e+01
   4.9828809e+01
   4.9808796e+01
   4.9786625e+01
   4.9762138e+01
   4.9735176e+01
   4.9705572e+01
   4.9673157e+01
   4.9637761e+01
   4.9599206e+01
   4.9557317e+01
   4.9511911e+01
   4.9462807e+01
   4.9409822e+01
   4.9352771e+01
   4.9291470e+01
   4.9225733e+01
   4.9155376e+01
   4.9080215e+01
   4.9000068e+01
   4.8914754e+01
   4.8824096e+01
   4.8727918e+01
   4.8626049e+01
   4.8518320e+01
   4.8404569e+01
   4.8284636e+01
   4.8158369e+01
   4.8025620e+01
   4.7886249e+01
   4.7740122e+01
   4.7587112e+01
   4.7427100e+01
   4.7259977e+01
   4.7085641e+01
   4.6903998e+01
   4.6714967e+01
   4.6518475e+01
   4.6314458e+01
   4.6102866e+01
   4.5883656e+01
   4.5656800e+01
   4.5422280e+01
   4.5180088e+01
   4.4930232e+01
   4.4672727e+01
   4.4407606e+01
   4.4134909e+01
   4.3854693e+01
   4.3567024e+01
   4.3271983e+01
   4.2969662e+01
   4.2660167e+01
   4.2343613e+01
   4.2020132e+01
   4.1689863e+01
   4.1352961e+01
   4.1009589e+01
   4.0659925e+01
   4.0304154e+01
   3.9942475e+01
   3.9575095e+01
   3.9202230e+01
   3.8824109e+01
   3.8440967e+01
   3.8053048e+01
   3.7660603e+01
   3.7263892e+01
   3.6863182e+01
   3.6458744e+01
   3.6050856e+01
   3.5639802e+01
   3.5225868e+01
   3.4809346e+01
   3.4390530e+01
   3.3969716e+01
   3.3547205e+01
   3.3123295e+01
   3.2698288e+01
   3.2272484e+01
   3.1846183e+01
   3.1419685e+01
   3.0993286e+01
   3.0567283e+01
   3.0141966e+01
   2.9717624e+01
   2.9294542e+01
   2.8873001e+01
   2.8453276e+01
   2.8035636e+01
   2.7620347e+01
   2.7207665e+01
   2.6797844e+01
   2.6391127e+01
   2.5987751e+01
   2.5587948e+01
   2.5191939e+01
   2.4799938e+01
   2.4412152e+01
   2.4028779e+01
   2.3650008e+01
   2.3276020e+01
   2.2906988e+01
   2.2543074e+01
   2.2184435e+01
   2.1831215e+01
   2.1483554e+01
   2.1141580e+01
   2.0805413e+01
   2.0475166e+01
   2.0150943e+01
   1.9832838e+01
   1.9520942e+01
   1.9215332e+01
   1.8916082e+01
   1.8623257e+01
   1.8336914e+01
   1.8057105e+01
   1.7783874e+01
   1.7517260e+01
   1.7257294e+01
   1.7004002e+01
   1.6757405e+01
   1.6517519e+01
   1.6284353e+01
   1.6057914e+01
   1.5838204e+01
   1.5625218e+01
   1.5418952e+01
   1.5219396e+01
   1.5026535e+01
   1.4840356e+01
   1.4660839e+01
   1.4487964e+01
   1.4321709e+01
   1.4162049e+01
   1.4008958e+01
   1.3862409e+01
   1.3722375e+01
   1.3588828e+01
   1.3461737e+01
   1.3341074e+01
   1.3226811e+01
   1.3118917e+01
   1.3017364e+01
   1.2922125e+01
   1.2833172e+01
   1.2750478e+01
   1.2674020e+01
   1.2603772e+01
   1.2539713e+01
   1.2481822e+01
   1.2430079e+01
   1.2384467e+01
   1.2344970e+01
   1.2311574e+01
   1.2284267e+01
   1.2263041e+01
   1.2247886e+01
   1.2238799e+01
   1.2235775e+01
   1.2238813e+01
   1.2247915e+01
   1.2263083e+01
   1.2284324e+01
   1.2311645e+01
   1.2345055e+01
   1.2384567e+01
   1.2430194e+01
   1.2481952e+01
   1.2539858e+01
   1.2603932e+01
   1.2674195e+01
   1.2750668e+01
   1.2833377e+01
   1.2922346e+01
   1.3017602e+01
   1.3119171e+01
   1.3227081e+01
   1.3341361e+01
   1.3462041e+01
   1.3589149e+01
   1.3722714e+01
   1.3862766e+01
   1.4009333e+01
   1.4162443e+01
   1.4322122e+01
   1.4488397e+01
   1.4661291e+01
   1.4840828e+01
   1.5027027e+01
   1.5219908e+01
   1.5419486e+01
   1.5625773e+01
   1.5838781e+01
   1.6058514e+01
   1.6284975e+01
   1.6518164e+01
   1.6758074e+01
   1.7004694e+01
   1.7258010e+01
   1.7518001e+01
   1.7784640e+01
   1.8057896e+01
   1.8337730e+01
   1.8624099e+01
   1.8916950e+01
   1.9216227e+01
   1.9521863e+01
   1.9833787e+01
   2.0151919e+01
   2.0476170e+01
   2.0806445e+01
   2.1142640e+01
   2.1484642e+01
   2.1832332e+01
   2.2185580e+01
   2.2544248e+01
   2.2908191e+01
   2.3277252e+01
   2.3651269e+01
   2.4030069e+01
   2.4413471e+01
   2.4801285e+01
   2.5193315e+01
   2.5589352e+01
   2.5989184e+01
   2.6392588e+01
   2.6799333e+01
   2.7209182e+01
   2.7621891e+01
   2.8037207e+01
   2.8454874e+01
   2.8874625e+01
   2.9296193e+01
   2.9719300e+01
   3.0143666e+01
   3.0569008e+01
   3.0995035e+01
   3.1421457e+01
   3.1847977e+01
   3.2274300e+01
   3.2700125e+01
   3.3125152e+01
   3.3549082e+01
   3.3971612e+01
   3.4392443e+01
   3.4811276e+01
   3.5227814e+01
   3.5641763e+01
   3.6052832e+01
   3.6460733e+01
   3.6865183e+01
   3.7265904e+01
   3.7662625e+01
   3.8055079e+01
   3.8443006e+01
   3.8826156e+01
   3.9204283e+01
   3.9577151e+01
   3.9944536e+01
   4.0306217e+01
   4.0661989e+01
   4.1011654e+01
   4.1355025e+01
   4.1691925e+01
   4.2022191e+01
   4.2345668e+01
   4.2662216e+01
   4.2971706e+01
   4.3274019e+01
   4.3569052e+01
   4.3856711e+01
   4.4136917e+01
   4.4409602e+01
   4.4674711e+01
   4.4932202e+01
   4.5182044e+01
   4.5424220e+01
   4.5658724e+01
   4.5885562e+01
   4.6104753e+01
   4.6316327e+01
   4.6520323e+01
   4.6716795e+01
   4.6905804e+01
   4.7087424e+01
   4.7261738e+01
   4.7428837e+01
   4.7588824e+01
   4.7741809e+01
   4.7887910e+01
   4.8027255e+01
   4.8159976e+01
   4.8286215e+01
   4.8406120e+01
   4.8519842e+01
   4.8627542e+01
   4.8729381e+01
   4.8825529e+01
   4.8916156e+01
   4.9001439e+01
   4.9081554e+01
   4.9156683e+01
   4.9227008e+01
   4.9292713e+01
   4.9353981e+01
   4.9410999e+01
   4.9463950e+01
   4.9513020e+01
   4.9558392e+01
   4.9600247e+01
   4.9638767e+01
   4.9674129e+01
   4.9706509e+01
   4.9736078e+01
   4.9763006e+01
   4.9787457e+01
   4.9809593e+01
   4.9829569e+01
   4.9847539e+01
   4.9863648e+01
   4.9878038e+01
   4.9890844e+01
   4.9902196e+01
   4.9912218e+01
   4.9921026e+01
   4.9928732e+01
   4.9935439e+01
   4.9941245e+01
   4.9946238e+01
   4.9950502e+01
   4.9954111e+01
   4.9957133e+01
   4.9959628e+01
   4.9961648e+01
   4.9963237e+01
   4.9964431e+01
   4.9965258e+01
   4.9965739e+01
   4.9965886e+01
