   3.0519979e+03
   3.0522469e+03
   3.0529689e+03
   3.0541612e+03
   3.0558191e+03
   3.0579362e+03
   3.0605044e+03
   3.0635134e+03
   3.0669516e+03
   3.0708054e+03
   3.0750597e+03
   3.0796977e+03
   3.0847012e+03
   3.0900502e+03
   3.0957237e+03
   3.1016991e+03
   3.1079525e+03
   3.1144591e+03
   3.1211927e+03
   3.1281261e+03
   3.1352315e+03
   3.1424797e+03
   3.1498412e+03
   3.1572855e+03
   3.1647814e+03
   3.1722973e+03
   3.1798011e+03
   3.1872601e+03
   3.1946411e+03
   3.2019106e+03
   3.2090349e+03
   3.2159796e+03
   3.2227102e+03
   3.2291916e+03
   3.2353886e+03
   3.2412654e+03
   3.2467857e+03
   3.2519128e+03
   3.2566095e+03
   3.2608377e+03
   3.2645589e+03
   3.2677335e+03
   3.2703213e+03
   3.2722811e+03
   3.2735704e+03
   3.2741461e+03
   3.2739635e+03
   3.2729769e+03
   3.2711394e+03
   3.2684029e+03
   3.2647178e+03
   3.2600339e+03
   3.2542993e+03
   3.2474616e+03
   3.2394673e+03
   3.2302626e+03
   3.2197931e+03
   3.2080045e+03
   3.1948426e+03
   3.1802540e+03
   3.1641864e+03
   3.1465889e+03
   3.1274129e+03
   3.1066123e+03
   3.0841444e+03
   3.0599701e+03
   3.0340551e+03
   3.0063702e+03
   2.9768918e+03
   2.9456031e+03
   2.9124943e+03
   2.8775633e+03
   2.8408167e+03
   2.8022698e+03
   2.7619473e+03
   2.7198839e+03
   2.6761246e+03
   2.6307246e+03
   2.5837500e+03
   2.5352779e+03
   2.4853956e+03
   2.4342014e+03
   2.3818038e+03
   2.3283213e+03
   2.2738815e+03
   2.2186212e+03
   2.1626850e+03
   2.1062248e+03
   2.0493987e+03
   1.9923697e+03
   1.9353052e+03
   1.8783751e+03
   1.8217509e+03
   1.7656040e+03
   1.7101049e+03
   1.6554212e+03
   1.6017168e+03
   1.5491499e+03
   1.4978723e+03
   1.4480277e+03
   1.3997506e+03
   1.3531653e+03
   1.3083847e+03
   1.2655097e+03
   1.2246278e+03
   1.1858132e+03
   1.1491258e+03
   1.1146107e+03
   1.0822987e+03
   1.0522054e+03
   1.0243317e+03
   9.9866415e+02
   9.7517490e+02
   9.5382264e+02
   9.3455297e+02
   9.1729929e+02
   9.0198360e+02
   8.8851748e+02
   8.7680315e+02
   8.6673458e+02
   8.5819862e+02
   8.5107624e+02
   8.4524376e+02
   8.4057405e+02
   8.3693780e+02
   8.3420470e+02
   8.3224463e+02
   8.3092880e+02
   8.3013085e+02
   8.2972780e+02
   8.2960106e+02
   8.2963726e+02
   8.2972903e+02
   8.2977569e+02
   8.2968382e+02
   8.2936779e+02
   8.2875013e+02
   8.2776185e+02
   8.2634266e+02
   8.2444105e+02
   8.2201440e+02
   8.1902884e+02
   8.1545919e+02
   8.1128874e+02
   8.0650902e+02
   8.0111941e+02
   7.9512685e+02
   7.8854538e+02
   7.8139569e+02
   7.7370464e+02
   7.6550476e+02
   7.5683371e+02
   7.4773374e+02
   7.3825116e+02
   7.2843578e+02
   7.1834036e+02
   7.0802008e+02
   6.9753204e+02
   6.8693469e+02
   6.7628740e+02
   6.6564996e+02
   6.5508214e+02
   6.4464324e+02
   6.3439172e+02
   6.2438481e+02
   6.1467816e+02
   6.0532551e+02
   5.9637841e+02
   5.8788591e+02
   5.7989438e+02
   5.7244719e+02
   5.6558460e+02
   5.5934351e+02
   5.5375735e+02
   5.4885591e+02
   5.4466524e+02
   5.4120753e+02
   5.3850103e+02
   5.3656001e+02
   5.3539467e+02
   5.3501110e+02
   5.3541131e+02
   5.3659317e+02
   5.3855044e+02
   5.4127279e+02
   5.4474582e+02
   5.4895117e+02
   5.5386650e+02
   5.5946566e+02
   5.6571873e+02
   5.7259218e+02
   5.8004900e+02
   5.8804885e+02
   5.9654823e+02
   6.0550072e+02
   6.1485718e+02
   6.2456600e+02
   6.3457339e+02
   6.4482364e+02
   6.5525951e+02
   6.6582250e+02
   6.7645331e+02
   6.8709218e+02
   6.9767934e+02
   7.0815546e+02
   7.1846212e+02
   7.2854231e+02
   7.3834092e+02
   7.4780528e+02
   7.5688570e+02
   7.6553600e+02
   7.7371408e+02
   7.8138242e+02
   7.8850868e+02
   7.9506617e+02
   8.0103440e+02
   8.0639953e+02
   8.1115487e+02
   8.1530123e+02
   8.1884733e+02
   8.2181012e+02
   8.2421502e+02
   8.2609610e+02
   8.2749626e+02
   8.2846722e+02
   8.2906950e+02
   8.2937229e+02
   8.2945326e+02
   8.2939823e+02
   8.2930077e+02
   8.2926170e+02
   8.2938851e+02
   8.2979465e+02
   8.3059878e+02
   8.3192388e+02
   8.3389632e+02
   8.3664485e+02
   8.4029949e+02
   8.4499044e+02
   8.5084685e+02
   8.5799565e+02
   8.6656029e+02
   8.7665952e+02
   8.8840618e+02
   9.0190597e+02
   9.1725628e+02
   9.3454513e+02
   9.5385008e+02
   9.7523730e+02
   9.9876068e+02
   1.0244611e+03
   1.0523658e+03
   1.0824879e+03
   1.1148259e+03
   1.1493636e+03
   1.1860700e+03
   1.2248993e+03
   1.2657911e+03
   1.3086712e+03
   1.3534512e+03
   1.4000302e+03
   1.4482949e+03
   1.4981208e+03
   1.5493732e+03
   1.6019081e+03
   1.6555739e+03
   1.7102121e+03
   1.7656590e+03
   1.8217470e+03
   1.8783059e+03
   1.9351643e+03
   1.9921511e+03
   2.0490967e+03
   2.1058342e+03
   2.1622010e+03
   2.2180393e+03
   2.2731979e+03
   2.3275326e+03
   2.3809075e+03
   2.4331953e+03
   2.4842783e+03
   2.5340486e+03
   2.5824087e+03
   2.6292716e+03
   2.6745613e+03
   2.7182122e+03
   2.7601695e+03
   2.8003891e+03
   2.8388368e+03
   2.8754884e+03
   2.9103290e+03
   2.9433528e+03
   2.9745621e+03
   3.0039671e+03
   3.0315850e+03
   3.0574396e+03
   3.0815604e+03
   3.1039819e+03
   3.1247433e+03
   3.1438874e+03
   3.1614602e+03
   3.1775105e+03
   3.1920890e+03
   3.2052479e+03
   3.2170404e+03
   3.2275205e+03
   3.2367424e+03
   3.2447600e+03
   3.2516271e+03
   3.2573967e+03
   3.2621209e+03
   3.2658512e+03
   3.2686375e+03
   3.2705289e+03
   3.2715732e+03
   3.2718170e+03
   3.2713054e+03
   3.2700827e+03
   3.2681918e+03
   3.2656747e+03
   3.2625722e+03
   3.2589243e+03
   3.2547701e+03
   3.2501478e+03
   3.2450952e+03
   3.2396492e+03
   3.2338463e+03
   3.2277224e+03
   3.2213132e+03
   3.2146537e+03
   3.2077787e+03
   3.2007226e+03
   3.1935196e+03
   3.1862034e+03
   3.1788073e+03
   3.1713644e+03
   3.1639073e+03
   3.1564681e+03
   3.1490784e+03
   3.1417695e+03
   3.1345715e+03
   3.1275144e+03
   3.1206270e+03
   3.1139375e+03
   3.1074730e+03
   3.1012597e+03
   3.0953226e+03
   3.0896857e+03
   3.0843714e+03
   3.0794013e+03
   3.0747950e+03
   3.0705712e+03
   3.0667465e+03
   3.0633365e+03
   3.0603545e+03
   3.0578127e+03
   3.0557211e+03
   3.0540882e+03
   3.0529205e+03
   3.0522228e+03
   3.0519979e+03
