   1.5401413e-02
   1.7245356e-02
   2.2641263e-02
   3.1576509e-02
   4.4040787e-02
   6.0023196e-02
   7.9509895e-02
   1.0248354e-01
   1.2892329e-01
   1.5880484e-01
   1.9210054e-01
   2.2877935e-01
   2.6880695e-01
   3.1214564e-01
   3.5875444e-01
   4.0858904e-01
   4.6160178e-01
   5.1774171e-01
   5.7695453e-01
   6.3918263e-01
   7.0436506e-01
   7.7243757e-01
   8.4333257e-01
   9.1697919e-01
   9.9330326e-01
   1.0722273e+00
   1.1536707e+00
   1.2375494e+00
   1.3237763e+00
   1.4122611e+00
   1.5029103e+00
   1.5956274e+00
   1.6903128e+00
   1.7868639e+00
   1.8851751e+00
   1.9851381e+00
   2.0866418e+00
   2.1895722e+00
   2.2938128e+00
   2.3992446e+00
   2.5057462e+00
   2.6131938e+00
   2.7214614e+00
   2.8304211e+00
   2.9399427e+00
   3.0498946e+00
   3.1601434e+00
   3.2705540e+00
   3.3809903e+00
   3.4913149e+00
   3.6013892e+00
   3.7110742e+00
   3.8202300e+00
   3.9287164e+00
   4.0363928e+00
   4.1431190e+00
   4.2487545e+00
   4.3531596e+00
   4.4561952e+00
   4.5577228e+00
   4.6576053e+00
   4.7557069e+00
   4.8518933e+00
   4.9460319e+00
   5.0379923e+00
   5.1276464e+00
   5.2148685e+00
   5.2995356e+00
   5.3815278e+00
   5.4607285e+00
   5.5370243e+00
   5.6103055e+00
   5.6804665e+00
   5.7474056e+00
   5.8110253e+00
   5.8712328e+00
   5.9279400e+00
   5.9810635e+00
   6.0305249e+00
   6.0762513e+00
   6.1181749e+00
   6.1562335e+00
   6.1903706e+00
   6.2205354e+00
   6.2466829e+00
   6.2687742e+00
   6.2867764e+00
   6.3006627e+00
   6.3104126e+00
   6.3160116e+00
   6.3174518e+00
   6.3147312e+00
   6.3078543e+00
   6.2968320e+00
   6.2816810e+00
   6.2624248e+00
   6.2390925e+00
   6.2117197e+00
   6.1803477e+00
   6.1450240e+00
   6.1058016e+00
   6.0627396e+00
   6.0159023e+00
   5.9653596e+00
   5.9111867e+00
   5.8534638e+00
   5.7922761e+00
   5.7277137e+00
   5.6598712e+00
   5.5888474e+00
   5.5147455e+00
   5.4376726e+00
   5.3577397e+00
   5.2750611e+00
   5.1897544e+00
   5.1019406e+00
   5.0117432e+00
   4.9192886e+00
   4.8247053e+00
   4.7281241e+00
   4.6296779e+00
   4.5295008e+00
   4.4277288e+00
   4.3244989e+00
   4.2199491e+00
   4.1142180e+00
   4.0074451e+00
   3.8997698e+00
   3.7913319e+00
   3.6822709e+00
   3.5727260e+00
   3.4628359e+00
   3.3527386e+00
   3.2425713e+00
   3.1324698e+00
   3.0225690e+00
   2.9130023e+00
   2.8039013e+00
   2.6953961e+00
   2.5876149e+00
   2.4806838e+00
   2.3747270e+00
   2.2698661e+00
   2.1662207e+00
   2.0639076e+00
   1.9630414e+00
   1.8637337e+00
   1.7660936e+00
   1.6702273e+00
   1.5762382e+00
   1.4842267e+00
   1.3942902e+00
   1.3065231e+00
   1.2210166e+00
   1.1378591e+00
   1.0571355e+00
   9.7892772e-01
   9.0331436e-01
   8.3037087e-01
   7.6016947e-01
   6.9277911e-01
   6.2826550e-01
   5.6669109e-01
   5.0811506e-01
   4.5259336e-01
   4.0017866e-01
   3.5092037e-01
   3.0486469e-01
   2.6205454e-01
   2.2252963e-01
   1.8632643e-01
   1.5347820e-01
   1.2401496e-01
   9.7963542e-02
   7.5347546e-02
   5.6187341e-02
   4.0500040e-02
   2.8299481e-02
   1.9596354e-02
   1.4398981e-02
   1.2714637e-02
   1.4546995e-02
   1.9892094e-02
   2.8742582e-02
   4.1090034e-02
   5.6923607e-02
   7.6229301e-02
   9.8989841e-02
   1.2518470e-01
   1.5479011e-01
   1.8777910e-01
   2.2412148e-01
   2.6378384e-01
   3.0672956e-01
   3.5291877e-01
   4.0230841e-01
   4.5485213e-01
   5.1050037e-01
   5.6920031e-01
   6.3089586e-01
   6.9552771e-01
   7.6303325e-01
   8.3334665e-01
   9.0639881e-01
   9.8211740e-01
   1.0604268e+00
   1.1412484e+00
   1.2245000e+00
   1.3100966e+00
   1.3979497e+00
   1.4879682e+00
   1.5800573e+00
   1.6741196e+00
   1.7700546e+00
   1.8677588e+00
   1.9671260e+00
   2.0680469e+00
   2.1704098e+00
   2.2741001e+00
   2.3790009e+00
   2.4849926e+00
   2.5919533e+00
   2.6997591e+00
   2.8082836e+00
   2.9173986e+00
   3.0269741e+00
   3.1368783e+00
   3.2469778e+00
   3.3571378e+00
   3.4672224e+00
   3.5770944e+00
   3.6866159e+00
   3.7956482e+00
   3.9040520e+00
   4.0116878e+00
   4.1184160e+00
   4.2240971e+00
   4.3285919e+00
   4.4317616e+00
   4.5334683e+00
   4.6335751e+00
   4.7319462e+00
   4.8284474e+00
   4.9229461e+00
   5.0153115e+00
   5.1054152e+00
   5.1931309e+00
   5.2783352e+00
   5.3609074e+00
   5.4407299e+00
   5.5176886e+00
   5.5916725e+00
   5.6625749e+00
   5.7302927e+00
   5.7947272e+00
   5.8557839e+00
   5.9133730e+00
   5.9674096e+00
   6.0178134e+00
   6.0645097e+00
   6.1074286e+00
   6.1465059e+00
   6.1816830e+00
   6.2129068e+00
   6.2401304e+00
   6.2633123e+00
   6.2824174e+00
   6.2974165e+00
   6.3082867e+00
   6.3150112e+00
   6.3175795e+00
   6.3159873e+00
   6.3102367e+00
   6.3003360e+00
   6.2862996e+00
   6.2681485e+00
   6.2459096e+00
   6.2196160e+00
   6.1893068e+00
   6.1550271e+00
   6.1168280e+00
   6.0747662e+00
   6.0289041e+00
   5.9793095e+00
   5.9260558e+00
   5.8692212e+00
   5.8088895e+00
   5.7451488e+00
   5.6780922e+00
   5.6078173e+00
   5.5344258e+00
   5.4580236e+00
   5.3787205e+00
   5.2966299e+00
   5.2118686e+00
   5.1245566e+00
   5.0348170e+00
   4.9427755e+00
   4.8485604e+00
   4.7523021e+00
   4.6541333e+00
   4.5541883e+00
   4.4526029e+00
   4.3495145e+00
   4.2450614e+00
   4.1393827e+00
   4.0326184e+00
   3.9249086e+00
   3.8163939e+00
   3.7072147e+00
   3.5975113e+00
   3.4874233e+00
   3.3770901e+00
   3.2666500e+00
   3.1562404e+00
   3.0459975e+00
   2.9360562e+00
   2.8265499e+00
   2.7176103e+00
   2.6093673e+00
   2.5019488e+00
   2.3954809e+00
   2.2900871e+00
   2.1858889e+00
   2.0830051e+00
   1.9815523e+00
   1.8816441e+00
   1.7833918e+00
   1.6869035e+00
   1.5922847e+00
   1.4996379e+00
   1.4090626e+00
   1.3206552e+00
   1.2345091e+00
   1.1507145e+00
   1.0693584e+00
   9.9052466e-01
   9.1429389e-01
   8.4074340e-01
   7.6994726e-01
   7.0197623e-01
   6.3689776e-01
   5.7477598e-01
   5.1567174e-01
   4.5964251e-01
   4.0674247e-01
   3.5702246e-01
   3.1053001e-01
   2.6730929e-01
   2.2740119e-01
   1.9084325e-01
   1.5766969e-01
   1.2791140e-01
   1.0159592e-01
   7.8747419e-02
   5.9386602e-02
   4.3530680e-02
   3.1193354e-02
   2.2385429e-02
   1.7117230e-02
   1.5401413e-02
