   4.4002222e+04
   4.3998079e+04
   4.3985837e+04
   4.3965402e+04
   4.3936622e+04
   4.3899285e+04
   4.3853117e+04
   4.3797789e+04
   4.3732912e+04
   4.3658043e+04
   4.3572685e+04
   4.3476290e+04
   4.3368258e+04
   4.3247948e+04
   4.3114671e+04
   4.2967700e+04
   4.2806273e+04
   4.2629596e+04
   4.2436848e+04
   4.2227185e+04
   4.1999749e+04
   4.1753670e+04
   4.1488076e+04
   4.1202097e+04
   4.0894874e+04
   4.0565565e+04
   4.0213356e+04
   3.9837470e+04
   3.9437170e+04
   3.9011776e+04
   3.8560671e+04
   3.8083308e+04
   3.7579226e+04
   3.7048056e+04
   3.6489533e+04
   3.5903504e+04
   3.5289937e+04
   3.4648935e+04
   3.3980739e+04
   3.3285740e+04
   3.2564486e+04
   3.1817684e+04
   3.1046214e+04
   3.0251123e+04
   2.9433637e+04
   2.8595155e+04
   2.7737254e+04
   2.6861683e+04
   2.5970359e+04
   2.5065366e+04
   2.4148939e+04
   2.3223461e+04
   2.2291444e+04
   2.1355521e+04
   2.0418424e+04
   1.9482969e+04
   1.8552034e+04
   1.7628535e+04
   1.6715408e+04
   1.5815577e+04
   1.4931934e+04
   1.4067309e+04
   1.3224443e+04
   1.2405963e+04
   1.1614354e+04
   1.0851933e+04
   1.0120826e+04
   9.4229424e+03
   8.7599547e+03
   8.1332809e+03
   7.5440676e+03
   6.9931768e+03
   6.4811767e+03
   6.0083351e+03
   5.5746171e+03
   5.1796870e+03
   4.8229129e+03
   4.5033766e+03
   4.2198862e+03
   3.9709930e+03
   3.7550116e+03
   3.5700432e+03
   3.4140015e+03
   3.2846409e+03
   3.1795873e+03
   3.0963695e+03
   3.0324515e+03
   2.9852659e+03
   2.9522466e+03
   2.9308603e+03
   2.9186379e+03
   2.9132028e+03
   2.9122981e+03
   2.9138104e+03
   2.9157913e+03
   2.9164748e+03
   2.9142919e+03
   2.9078814e+03
   2.8960966e+03
   2.8780093e+03
   2.8529087e+03
   2.8202984e+03
   2.7798889e+03
   2.7315875e+03
   2.6754863e+03
   2.6118463e+03
   2.5410810e+03
   2.4637378e+03
   2.3804782e+03
   2.2920576e+03
   2.1993049e+03
   2.1031017e+03
   2.0043624e+03
   1.9040153e+03
   1.8029843e+03
   1.7021721e+03
   1.6024455e+03
   1.5046219e+03
   1.4094582e+03
   1.3176407e+03
   1.2297784e+03
   1.1463973e+03
   1.0679368e+03
   9.9474783e+02
   9.2709351e+02
   8.6515020e+02
   8.0901084e+02
   7.5868915e+02
   7.1412504e+02
   6.7519079e+02
   6.4169794e+02
   6.1340469e+02
   5.9002354e+02
   5.7122918e+02
   5.5666618e+02
   5.4595674e+02
   5.3870795e+02
   5.3451885e+02
   5.3298684e+02
   5.3371369e+02
   5.3631086e+02
   5.4040427e+02
   5.4563834e+02
   5.5167942e+02
   5.5821859e+02
   5.6497380e+02
   5.7169143e+02
   5.7814725e+02
   5.8414694e+02
   5.8952604e+02
   5.9414955e+02
   5.9791109e+02
   6.0073181e+02
   6.0255894e+02
   6.0336422e+02
   6.0314205e+02
   6.0190756e+02
   5.9969464e+02
   5.9655377e+02
   5.9254998e+02
   5.8776073e+02
   5.8227384e+02
   5.7618550e+02
   5.6959830e+02
   5.6261941e+02
   5.5535880e+02
   5.4792761e+02
   5.4043656e+02
   5.3299459e+02
   5.2570752e+02
   5.1867682e+02
   5.1199861e+02
   5.0576260e+02
   5.0005129e+02
   4.9493920e+02
   4.9049218e+02
   4.8676692e+02
   4.8381041e+02
   4.8165961e+02
   4.8034117e+02
   4.7987117e+02
   4.8025506e+02
   4.8148757e+02
   4.8355280e+02
   4.8642428e+02
   4.9006523e+02
   4.9442882e+02
   4.9945856e+02
   5.0508873e+02
   5.1124500e+02
   5.1784502e+02
   5.2479923e+02
   5.3201167e+02
   5.3938099e+02
   5.4680152e+02
   5.5416445e+02
   5.6135915e+02
   5.6827461e+02
   5.7480097e+02
   5.8083113e+02
   5.8626260e+02
   5.9099926e+02
   5.9495335e+02
   5.9804747e+02
   6.0021664e+02
   6.0141040e+02
   6.0159492e+02
   6.0075508e+02
   5.9889649e+02
   5.9604743e+02
   5.9226067e+02
   5.8761506e+02
   5.8221696e+02
   5.7620139e+02
   5.6973279e+02
   5.6300547e+02
   5.5624363e+02
   5.4970090e+02
   5.4365932e+02
   5.3842779e+02
   5.3433994e+02
   5.3175136e+02
   5.3103611e+02
   5.3258273e+02
   5.3678943e+02
   5.4405878e+02
   5.5479174e+02
   5.6938118e+02
   5.8820488e+02
   6.1161819e+02
   6.3994638e+02
   6.7347685e+02
   7.1245132e+02
   7.5705809e+02
   8.0742475e+02
   8.6361123e+02
   9.2560358e+02
   9.9330863e+02
   1.0665497e+03
   1.1450636e+03
   1.2284988e+03
   1.3164156e+03
   1.4082878e+03
   1.5035059e+03
   1.6013832e+03
   1.7011624e+03
   1.8020259e+03
   1.9031063e+03
   2.0035007e+03
   2.1022847e+03
   2.1985300e+03
   2.2913219e+03
   2.3797787e+03
   2.4630714e+03
   2.5404448e+03
   2.6112374e+03
   2.6749021e+03
   2.7310259e+03
   2.7793480e+03
   2.8197774e+03
   2.8524071e+03
   2.8775276e+03
   2.8956363e+03
   2.9074450e+03
   2.9138831e+03
   2.9160984e+03
   2.9154533e+03
   2.9135183e+03
   2.9120604e+03
   2.9130295e+03
   2.9185402e+03
   2.9308505e+03
   2.9523381e+03
   2.9854732e+03
   3.0327897e+03
   3.0968546e+03
   3.1802358e+03
   3.2854695e+03
   3.4150272e+03
   3.5712829e+03
   3.7564818e+03
   3.9727097e+03
   4.2218648e+03
   4.5056315e+03
   4.8254575e+03
   5.1825331e+03
   5.5777752e+03
   6.0118140e+03
   6.4849835e+03
   6.9973167e+03
   7.5485437e+03
   8.1380943e+03
   8.7651046e+03
   9.4284258e+03
   1.0126638e+04
   1.0858066e+04
   1.1620799e+04
   1.2412709e+04
   1.3231478e+04
   1.4074618e+04
   1.4939502e+04
   1.5823387e+04
   1.6723440e+04
   1.7636772e+04
   1.8560454e+04
   1.9491552e+04
   2.0427148e+04
   2.1364365e+04
   2.2300386e+04
   2.3232478e+04
   2.4158011e+04
   2.5074471e+04
   2.5979477e+04
   2.6870792e+04
   2.7746336e+04
   2.8604191e+04
   2.9442608e+04
   3.0260013e+04
   3.1055006e+04
   3.1826363e+04
   3.2573037e+04
   3.3294151e+04
   3.3988997e+04
   3.4657029e+04
   3.5297858e+04
   3.5911241e+04
   3.6497080e+04
   3.7055404e+04
   3.7586369e+04
   3.8090240e+04
   3.8567388e+04
   3.9018275e+04
   3.9443446e+04
   3.9843521e+04
   4.0219180e+04
   4.0571160e+04
   4.0900238e+04
   4.1207231e+04
   4.1492979e+04
   4.1758342e+04
   4.2004189e+04
   4.2231395e+04
   4.2440828e+04
   4.2633347e+04
   4.2809796e+04
   4.2970995e+04
   4.3117740e+04
   4.3250792e+04
   4.3370879e+04
   4.3478687e+04
   4.3574861e+04
   4.3659998e+04
   4.3734648e+04
   4.3799305e+04
   4.3854416e+04
   4.3900365e+04
   4.3937486e+04
   4.3966049e+04
   4.3986268e+04
   4.3998295e+04
   4.4002222e+04
