   1.7749415e+03
   1.7749979e+03
   1.7751314e+03
   1.7753412e+03
   1.7756262e+03
   1.7759847e+03
   1.7764146e+03
   1.7769136e+03
   1.7774784e+03
   1.7781059e+03
   1.7787921e+03
   1.7795328e+03
   1.7803233e+03
   1.7811586e+03
   1.7820333e+03
   1.7829414e+03
   1.7838770e+03
   1.7848334e+03
   1.7858038e+03
   1.7867811e+03
   1.7877578e+03
   1.7887263e+03
   1.7896785e+03
   1.7906062e+03
   1.7915011e+03
   1.7923544e+03
   1.7931573e+03
   1.7939008e+03
   1.7945758e+03
   1.7951730e+03
   1.7956829e+03
   1.7960961e+03
   1.7964030e+03
   1.7965940e+03
   1.7966594e+03
   1.7965896e+03
   1.7963747e+03
   1.7960051e+03
   1.7954711e+03
   1.7947631e+03
   1.7938715e+03
   1.7927869e+03
   1.7914997e+03
   1.7900008e+03
   1.7882809e+03
   1.7863311e+03
   1.7841424e+03
   1.7817061e+03
   1.7790138e+03
   1.7760572e+03
   1.7728283e+03
   1.7693192e+03
   1.7655226e+03
   1.7614311e+03
   1.7570381e+03
   1.7523370e+03
   1.7473217e+03
   1.7419866e+03
   1.7363264e+03
   1.7303365e+03
   1.7240126e+03
   1.7173511e+03
   1.7103489e+03
   1.7030037e+03
   1.6953137e+03
   1.6872778e+03
   1.6788957e+03
   1.6701679e+03
   1.6610958e+03
   1.6516815e+03
   1.6419281e+03
   1.6318395e+03
   1.6214207e+03
   1.6106776e+03
   1.5996172e+03
   1.5882473e+03
   1.5765770e+03
   1.5646163e+03
   1.5523764e+03
   1.5398693e+03
   1.5271084e+03
   1.5141077e+03
   1.5008827e+03
   1.4874495e+03
   1.4738254e+03
   1.4600285e+03
   1.4460777e+03
   1.4319928e+03
   1.4177945e+03
   1.4035039e+03
   1.3891429e+03
   1.3747339e+03
   1.3602995e+03
   1.3458630e+03
   1.3314478e+03
   1.3170773e+03
   1.3027752e+03
   1.2885650e+03
   1.2744700e+03
   1.2605134e+03
   1.2467177e+03
   1.2331053e+03
   1.2196976e+03
   1.2065158e+03
   1.1935798e+03
   1.1809089e+03
   1.1685214e+03
   1.1564346e+03
   1.1446645e+03
   1.1332260e+03
   1.1221327e+03
   1.1113971e+03
   1.1010301e+03
   1.0910412e+03
   1.0814388e+03
   1.0722294e+03
   1.0634186e+03
   1.0550101e+03
   1.0470064e+03
   1.0394086e+03
   1.0322165e+03
   1.0254283e+03
   1.0190411e+03
   1.0130508e+03
   1.0074520e+03
   1.0022382e+03
   9.9740174e+02
   9.9293420e+02
   9.8882609e+02
   9.8506711e+02
   9.8164622e+02
   9.7855170e+02
   9.7577124e+02
   9.7329205e+02
   9.7110087e+02
   9.6918415e+02
   9.6752805e+02
   9.6611854e+02
   9.6494151e+02
   9.6398279e+02
   9.6322826e+02
   9.6266388e+02
   9.6227579e+02
   9.6205032e+02
   9.6197407e+02
   9.6203396e+02
   9.6221727e+02
   9.6251164e+02
   9.6290517e+02
   9.6338637e+02
   9.6394424e+02
   9.6456828e+02
   9.6524847e+02
   9.6597532e+02
   9.6673984e+02
   9.6753357e+02
   9.6834856e+02
   9.6917737e+02
   9.7001306e+02
   9.7084918e+02
   9.7167977e+02
   9.7249932e+02
   9.7330276e+02
   9.7408546e+02
   9.7484319e+02
   9.7557211e+02
   9.7626874e+02
   9.7692994e+02
   9.7755292e+02
   9.7813516e+02
   9.7867444e+02
   9.7916882e+02
   9.7961657e+02
   9.8001622e+02
   9.8036649e+02
   9.8066631e+02
   9.8091479e+02
   9.8111122e+02
   9.8125505e+02
   9.8134589e+02
   9.8138350e+02
   9.8136780e+02
   9.8129885e+02
   9.8117686e+02
   9.8100219e+02
   9.8077537e+02
   9.8049708e+02
   9.8016819e+02
   9.7978975e+02
   9.7936300e+02
   9.7888940e+02
   9.7837065e+02
   9.7780867e+02
   9.7720568e+02
   9.7656414e+02
   9.7588686e+02
   9.7517693e+02
   9.7443783e+02
   9.7367338e+02
   9.7288779e+02
   9.7208569e+02
   9.7127212e+02
   9.7045257e+02
   9.6963302e+02
   9.6881989e+02
   9.6802011e+02
   9.6724112e+02
   9.6649086e+02
   9.6577779e+02
   9.6511088e+02
   9.6449964e+02
   9.6395406e+02
   9.6348466e+02
   9.6310244e+02
   9.6281886e+02
   9.6264586e+02
   9.6259576e+02
   9.6268131e+02
   9.6291559e+02
   9.6331199e+02
   9.6388417e+02
   9.6464601e+02
   9.6561154e+02
   9.6679488e+02
   9.6821019e+02
   9.6987160e+02
   9.7179312e+02
   9.7398857e+02
   9.7647153e+02
   9.7925521e+02
   9.8235241e+02
   9.8577544e+02
   9.8953598e+02
   9.9364508e+02
   9.9811299e+02
   1.0029492e+03
   1.0081621e+03
   1.0137594e+03
   1.0197474e+03
   1.0261316e+03
   1.0329161e+03
   1.0401037e+03
   1.0476961e+03
   1.0556936e+03
   1.0640950e+03
   1.0728978e+03
   1.0820982e+03
   1.0916907e+03
   1.1016685e+03
   1.1120234e+03
   1.1227458e+03
   1.1338246e+03
   1.1452476e+03
   1.1570009e+03
   1.1690697e+03
   1.1814379e+03
   1.1940882e+03
   1.2070023e+03
   1.2201609e+03
   1.2335440e+03
   1.2471306e+03
   1.2608990e+03
   1.2748271e+03
   1.2888923e+03
   1.3030713e+03
   1.3173409e+03
   1.3316777e+03
   1.3460580e+03
   1.3604585e+03
   1.3748557e+03
   1.3892265e+03
   1.4035483e+03
   1.4177987e+03
   1.4319561e+03
   1.4459992e+03
   1.4599076e+03
   1.4736615e+03
   1.4872422e+03
   1.5006315e+03
   1.5138124e+03
   1.5267688e+03
   1.5394854e+03
   1.5519482e+03
   1.5641440e+03
   1.5760609e+03
   1.5876878e+03
   1.5990148e+03
   1.6100330e+03
   1.6207346e+03
   1.6311127e+03
   1.6411617e+03
   1.6508765e+03
   1.6602534e+03
   1.6692894e+03
   1.6779823e+03
   1.6863311e+03
   1.6943352e+03
   1.7019951e+03
   1.7093118e+03
   1.7162872e+03
   1.7229237e+03
   1.7292245e+03
   1.7351931e+03
   1.7408340e+03
   1.7461517e+03
   1.7511516e+03
   1.7558393e+03
   1.7602209e+03
   1.7643028e+03
   1.7680920e+03
   1.7715956e+03
   1.7748210e+03
   1.7777760e+03
   1.7804685e+03
   1.7829070e+03
   1.7850997e+03
   1.7870554e+03
   1.7887828e+03
   1.7902909e+03
   1.7915890e+03
   1.7926861e+03
   1.7935917e+03
   1.7943152e+03
   1.7948661e+03
   1.7952539e+03
   1.7954884e+03
   1.7955791e+03
   1.7955357e+03
   1.7953678e+03
   1.7950850e+03
   1.7946969e+03
   1.7942130e+03
   1.7936428e+03
   1.7929956e+03
   1.7922806e+03
   1.7915069e+03
   1.7906835e+03
   1.7898191e+03
   1.7889224e+03
   1.7880018e+03
   1.7870654e+03
   1.7861211e+03
   1.7851767e+03
   1.7842395e+03
   1.7833166e+03
   1.7824149e+03
   1.7815408e+03
   1.7807005e+03
   1.7798998e+03
   1.7791440e+03
   1.7784382e+03
   1.7777870e+03
   1.7771947e+03
   1.7766650e+03
   1.7762015e+03
   1.7758069e+03
   1.7754839e+03
   1.7752344e+03
   1.7750602e+03
   1.7749623e+03
   1.7749415e+03
