   5.3822719e+03
   5.3821213e+03
   5.3816781e+03
   5.3809355e+03
   5.3798825e+03
   5.3785036e+03
   5.3767789e+03
   5.3746843e+03
   5.3721912e+03
   5.3692669e+03
   5.3658748e+03
   5.3619739e+03
   5.3575195e+03
   5.3524630e+03
   5.3467520e+03
   5.3403309e+03
   5.3331403e+03
   5.3251180e+03
   5.3161983e+03
   5.3063132e+03
   5.2953919e+03
   5.2833612e+03
   5.2701460e+03
   5.2556695e+03
   5.2398532e+03
   5.2226177e+03
   5.2038829e+03
   5.1835680e+03
   5.1615925e+03
   5.1378761e+03
   5.1123396e+03
   5.0849048e+03
   5.0554953e+03
   5.0240372e+03
   4.9904589e+03
   4.9546923e+03
   4.9166730e+03
   4.8763406e+03
   4.8336399e+03
   4.7885206e+03
   4.7409382e+03
   4.6908548e+03
   4.6382389e+03
   4.5830666e+03
   4.5253216e+03
   4.4649956e+03
   4.4020892e+03
   4.3366117e+03
   4.2685818e+03
   4.1980279e+03
   4.1249880e+03
   4.0495103e+03
   3.9716532e+03
   3.8914854e+03
   3.8090859e+03
   3.7245440e+03
   3.6379592e+03
   3.5494411e+03
   3.4591089e+03
   3.3670917e+03
   3.2735273e+03
   3.1785624e+03
   3.0823519e+03
   2.9850583e+03
   2.8868508e+03
   2.7879053e+03
   2.6884027e+03
   2.5885290e+03
   2.4884738e+03
   2.3884295e+03
   2.2885906e+03
   2.1891527e+03
   2.0903111e+03
   1.9922604e+03
   1.8951929e+03
   1.7992982e+03
   1.7047616e+03
   1.6117635e+03
   1.5204784e+03
   1.4310739e+03
   1.3437098e+03
   1.2585375e+03
   1.1756989e+03
   1.0953259e+03
   1.0175399e+03
   9.4245109e+02
   8.7015778e+02
   8.0074639e+02
   7.3429094e+02
   6.7085286e+02
   6.1048089e+02
   5.5321101e+02
   4.9906652e+02
   4.4805816e+02
   4.0018435e+02
   3.5543147e+02
   3.1377426e+02
   2.7517627e+02
   2.3959037e+02
   2.0695933e+02
   1.7721645e+02
   1.5028624e+02
   1.2608515e+02
   1.0452230e+02
   8.5500290e+01
   6.8915948e+01
   5.4661170e+01
   4.2623715e+01
   3.2688005e+01
   2.4735920e+01
   1.8647574e+01
   1.4302071e+01
   1.1578231e+01
   1.0355288e+01
   1.0513527e+01
   1.1934871e+01
   1.4503459e+01
   1.8106189e+01
   2.2633198e+01
   2.7978275e+01
   3.4039233e+01
   4.0718229e+01
   4.7922029e+01
   5.5562236e+01
   6.3555459e+01
   7.1823438e+01
   8.0293130e+01
   8.8896746e+01
   9.7571751e+01
   1.0626083e+02
   1.1491181e+02
   1.2347756e+02
   1.3191587e+02
   1.4018930e+02
   1.4826498e+02
   1.5611444e+02
   1.6371339e+02
   1.7104153e+02
   1.7808227e+02
   1.8482252e+02
   1.9125246e+02
   1.9736529e+02
   2.0315698e+02
   2.0862603e+02
   2.1377325e+02
   2.1860154e+02
   2.2311561e+02
   2.2732183e+02
   2.3122800e+02
   2.3484313e+02
   2.3817731e+02
   2.4124148e+02
   2.4404729e+02
   2.4660694e+02
   2.4893305e+02
   2.5103852e+02
   2.5293641e+02
   2.5463984e+02
   2.5616187e+02
   2.5751542e+02
   2.5871321e+02
   2.5976767e+02
   2.6069086e+02
   2.6149444e+02
   2.6218963e+02
   2.6278714e+02
   2.6329714e+02
   2.6372924e+02
   2.6409247e+02
   2.6439523e+02
   2.6464531e+02
   2.6484984e+02
   2.6501531e+02
   2.6514753e+02
   2.6525164e+02
   2.6533212e+02
   2.6539273e+02
   2.6543660e+02
   2.6546612e+02
   2.6548302e+02
   2.6548834e+02
   2.6548242e+02
   2.6546491e+02
   2.6543479e+02
   2.6539032e+02
   2.6532909e+02
   2.6524801e+02
   2.6514329e+02
   2.6501045e+02
   2.6484436e+02
   2.6463921e+02
   2.6438850e+02
   2.6408511e+02
   2.6372125e+02
   2.6328851e+02
   2.6277787e+02
   2.6217972e+02
   2.6148389e+02
   2.6067966e+02
   2.5975582e+02
   2.5870072e+02
   2.5750229e+02
   2.5614810e+02
   2.5462544e+02
   2.5292138e+02
   2.5102287e+02
   2.4891679e+02
   2.4659009e+02
   2.4402986e+02
   2.4122349e+02
   2.3815878e+02
   2.3482407e+02
   2.3120843e+02
   2.2730179e+02
   2.2309513e+02
   2.1858065e+02
   2.1375199e+02
   2.0860442e+02
   2.0313506e+02
   1.9734312e+02
   1.9123007e+02
   1.8479996e+02
   1.7805959e+02
   1.7101878e+02
   1.6369063e+02
   1.5609171e+02
   1.4824234e+02
   1.4016682e+02
   1.3189360e+02
   1.2345556e+02
   1.1489015e+02
   1.0623957e+02
   9.7550957e+01
   8.8876482e+01
   8.0273462e+01
   7.1804434e+01
   6.3537188e+01
   5.5544767e+01
   4.7905432e+01
   4.0702574e+01
   3.4024594e+01
   2.7964725e+01
   2.2620811e+01
   1.8095042e+01
   1.4493627e+01
   1.1926432e+01
   1.0506564e+01
   1.0349893e+01
   1.1574506e+01
   1.4300127e+01
   1.8647521e+01
   2.4737870e+01
   3.2692073e+01
   4.2630023e+01
   5.4669846e+01
   6.8927127e+01
   8.5514115e+01
   1.0453893e+02
   1.2610473e+02
   1.5030895e+02
   1.7724246e+02
   2.0698883e+02
   2.3962356e+02
   2.7521334e+02
   3.1381543e+02
   3.5547695e+02
   4.0023437e+02
   4.4811295e+02
   4.9912631e+02
   5.5327604e+02
   6.1055141e+02
   6.7092911e+02
   7.3437315e+02
   8.0083481e+02
   8.7025266e+02
   9.4255266e+02
   1.0176484e+03
   1.0954415e+03
   1.1758218e+03
   1.2586680e+03
   1.3438481e+03
   1.4312200e+03
   1.5206326e+03
   1.6119259e+03
   1.7049323e+03
   1.7994773e+03
   1.8953805e+03
   1.9924564e+03
   2.0905157e+03
   2.1893658e+03
   2.2888122e+03
   2.3886595e+03
   2.4887121e+03
   2.5887756e+03
   2.6886574e+03
   2.7881678e+03
   2.8871210e+03
   2.9853359e+03
   3.0826367e+03
   3.1788541e+03
   3.2738255e+03
   3.3673961e+03
   3.4594192e+03
   3.5497569e+03
   3.6382801e+03
   3.7248695e+03
   3.8094156e+03
   3.8918189e+03
   3.9719900e+03
   4.0498499e+03
   4.1253299e+03
   4.1983716e+03
   4.2689269e+03
   4.3369576e+03
   4.4024354e+03
   4.4653417e+03
   4.5256670e+03
   4.5834109e+03
   4.6385815e+03
   4.6911952e+03
   4.7412761e+03
   4.7888553e+03
   4.8339711e+03
   4.8766679e+03
   4.9169958e+03
   4.9550103e+03
   4.9907716e+03
   5.0243443e+03
   5.0557965e+03
   5.0851996e+03
   5.1126277e+03
   5.1381572e+03
   5.1618663e+03
   5.1838342e+03
   5.2041411e+03
   5.2228679e+03
   5.2400949e+03
   5.2559026e+03
   5.2703703e+03
   5.2835764e+03
   5.2955979e+03
   5.3065099e+03
   5.3163854e+03
   5.3252954e+03
   5.3333079e+03
   5.3404886e+03
   5.3468996e+03
   5.3526004e+03
   5.3576467e+03
   5.3620908e+03
   5.3659812e+03
   5.3693629e+03
   5.3722766e+03
   5.3747591e+03
   5.3768432e+03
   5.3785572e+03
   5.3799254e+03
   5.3809677e+03
   5.3816996e+03
   5.3821321e+03
   5.3822719e+03
