   1.9930637e-04
   1.9930631e-04
   1.9930620e-04
   1.9930604e-04
   1.9930582e-04
   1.9930555e-04
   1.9930522e-04
   1.9930484e-04
   1.9930439e-04
   1.9930389e-04
   1.9930331e-04
   1.9930267e-04
   1.9930195e-04
   1.9930116e-04
   1.9930028e-04
   1.9929932e-04
   1.9929826e-04
   1.9929711e-04
   1.9929586e-04
   1.9929450e-04
   1.9929302e-04
   1.9929143e-04
   1.9928970e-04
   1.9928784e-04
   1.9928584e-04
   1.9928369e-04
   1.9928138e-04
   1.9927891e-04
   1.9927627e-04
   1.9927344e-04
   1.9927043e-04
   1.9926722e-04
   1.9926380e-04
   1.9926016e-04
   1.9925631e-04
   1.9925222e-04
   1.9924789e-04
   1.9924331e-04
   1.9923847e-04
   1.9923336e-04
   1.9922797e-04
   1.9922229e-04
   1.9921633e-04
   1.9921005e-04
   1.9920346e-04
   1.9919655e-04
   1.9918931e-04
   1.9918173e-04
   1.9917380e-04
   1.9916551e-04
   1.9915685e-04
   1.9914783e-04
   1.9913842e-04
   1.9912862e-04
   1.9911843e-04
   1.9910783e-04
   1.9909682e-04
   1.9908539e-04
   1.9907354e-04
   1.9906126e-04
   1.9904854e-04
   1.9903538e-04
   1.9902178e-04
   1.9900772e-04
   1.9899320e-04
   1.9897822e-04
   1.9896278e-04
   1.9894687e-04
   1.9893049e-04
   1.9891364e-04
   1.9889630e-04
   1.9887849e-04
   1.9886021e-04
   1.9884144e-04
   1.9882219e-04
   1.9880246e-04
   1.9878224e-04
   1.9876155e-04
   1.9874039e-04
   1.9871874e-04
   1.9869662e-04
   1.9867403e-04
   1.9865098e-04
   1.9862746e-04
   1.9860348e-04
   1.9857905e-04
   1.9855416e-04
   1.9852884e-04
   1.9850308e-04
   1.9847689e-04
   1.9845028e-04
   1.9842325e-04
   1.9839582e-04
   1.9836799e-04
   1.9833977e-04
   1.9831118e-04
   1.9828222e-04
   1.9825290e-04
   1.9822324e-04
   1.9819325e-04
   1.9816293e-04
   1.9813231e-04
   1.9810140e-04
   1.9807020e-04
   1.9803874e-04
   1.9800703e-04
   1.9797507e-04
   1.9794290e-04
   1.9791052e-04
   1.9787795e-04
   1.9784521e-04
   1.9781231e-04
   1.9777927e-04
   1.9774611e-04
   1.9771284e-04
   1.9767949e-04
   1.9764607e-04
   1.9761260e-04
   1.9757911e-04
   1.9754560e-04
   1.9751209e-04
   1.9747862e-04
   1.9744519e-04
   1.9741183e-04
   1.9737856e-04
   1.9734539e-04
   1.9731235e-04
   1.9727946e-04
   1.9724674e-04
   1.9721420e-04
   1.9718188e-04
   1.9714978e-04
   1.9711794e-04
   1.9708636e-04
   1.9705508e-04
   1.9702410e-04
   1.9699346e-04
   1.9696317e-04
   1.9693325e-04
   1.9690373e-04
   1.9687461e-04
   1.9684593e-04
   1.9681770e-04
   1.9678993e-04
   1.9676266e-04
   1.9673589e-04
   1.9670965e-04
   1.9668395e-04
   1.9665882e-04
   1.9663426e-04
   1.9661030e-04
   1.9658696e-04
   1.9656424e-04
   1.9654217e-04
   1.9652076e-04
   1.9650003e-04
   1.9647999e-04
   1.9646065e-04
   1.9644204e-04
   1.9642415e-04
   1.9640701e-04
   1.9639064e-04
   1.9637503e-04
   1.9636020e-04
   1.9634616e-04
   1.9633293e-04
   1.9632051e-04
   1.9630891e-04
   1.9629813e-04
   1.9628820e-04
   1.9627911e-04
   1.9627087e-04
   1.9626349e-04
   1.9625697e-04
   1.9625132e-04
   1.9624654e-04
   1.9624263e-04
   1.9623961e-04
   1.9623746e-04
   1.9623620e-04
   1.9623581e-04
   1.9623631e-04
   1.9623770e-04
   1.9623996e-04
   1.9624311e-04
   1.9624713e-04
   1.9625203e-04
   1.9625780e-04
   1.9626444e-04
   1.9627194e-04
   1.9628029e-04
   1.9628950e-04
   1.9629955e-04
   1.9631043e-04
   1.9632215e-04
   1.9633468e-04
   1.9634803e-04
   1.9636218e-04
   1.9637711e-04
   1.9639283e-04
   1.9640932e-04
   1.9642656e-04
   1.9644455e-04
   1.9646327e-04
   1.9648271e-04
   1.9650285e-04
   1.9652369e-04
   1.9654520e-04
   1.9656736e-04
   1.9659018e-04
   1.9661362e-04
   1.9663767e-04
   1.9666231e-04
   1.9668754e-04
   1.9671332e-04
   1.9673965e-04
   1.9676650e-04
   1.9679386e-04
   1.9682170e-04
   1.9685001e-04
   1.9687877e-04
   1.9690796e-04
   1.9693756e-04
   1.9696755e-04
   1.9699791e-04
   1.9702861e-04
   1.9705965e-04
   1.9709100e-04
   1.9712263e-04
   1.9715454e-04
   1.9718669e-04
   1.9721907e-04
   1.9725165e-04
   1.9728443e-04
   1.9731737e-04
   1.9735045e-04
   1.9738366e-04
   1.9741697e-04
   1.9745037e-04
   1.9748384e-04
   1.9751735e-04
   1.9755088e-04
   1.9758442e-04
   1.9761795e-04
   1.9765144e-04
   1.9768488e-04
   1.9771826e-04
   1.9775154e-04
   1.9778472e-04
   1.9781777e-04
   1.9785068e-04
   1.9788344e-04
   1.9791602e-04
   1.9794840e-04
   1.9798058e-04
   1.9801253e-04
   1.9804425e-04
   1.9807571e-04
   1.9810690e-04
   1.9813781e-04
   1.9816843e-04
   1.9819873e-04
   1.9822871e-04
   1.9825836e-04
   1.9828766e-04
   1.9831661e-04
   1.9834518e-04
   1.9837338e-04
   1.9840119e-04
   1.9842860e-04
   1.9845560e-04
   1.9848218e-04
   1.9850835e-04
   1.9853408e-04
   1.9855937e-04
   1.9858422e-04
   1.9860862e-04
   1.9863257e-04
   1.9865605e-04
   1.9867907e-04
   1.9870162e-04
   1.9872370e-04
   1.9874530e-04
   1.9876642e-04
   1.9878707e-04
   1.9880724e-04
   1.9882692e-04
   1.9884612e-04
   1.9886485e-04
   1.9888309e-04
   1.9890085e-04
   1.9891813e-04
   1.9893493e-04
   1.9895126e-04
   1.9896711e-04
   1.9898250e-04
   1.9899742e-04
   1.9901188e-04
   1.9902588e-04
   1.9903943e-04
   1.9905254e-04
   1.9906519e-04
   1.9907742e-04
   1.9908921e-04
   1.9910057e-04
   1.9911152e-04
   1.9912206e-04
   1.9913219e-04
   1.9914193e-04
   1.9915127e-04
   1.9916024e-04
   1.9916882e-04
   1.9917705e-04
   1.9918492e-04
   1.9919243e-04
   1.9919961e-04
   1.9920646e-04
   1.9921298e-04
   1.9921919e-04
   1.9922509e-04
   1.9923070e-04
   1.9923602e-04
   1.9924106e-04
   1.9924584e-04
   1.9925035e-04
   1.9925461e-04
   1.9925863e-04
   1.9926242e-04
   1.9926599e-04
   1.9926934e-04
   1.9927248e-04
   1.9927543e-04
   1.9927819e-04
   1.9928076e-04
   1.9928317e-04
   1.9928541e-04
   1.9928749e-04
   1.9928942e-04
   1.9929121e-04
   1.9929287e-04
   1.9929440e-04
   1.9929580e-04
   1.9929710e-04
   1.9929828e-04
   1.9929936e-04
   1.9930035e-04
   1.9930124e-04
   1.9930205e-04
   1.9930278e-04
   1.9930342e-04
   1.9930400e-04
   1.9930450e-04
   1.9930494e-04
   1.9930532e-04
   1.9930564e-04
   1.9930589e-04
   1.9930610e-04
   1.9930624e-04
   1.9930634e-04
   1.9930638e-04
   1.9930637e-04
