   2.4457610e+03
   2.4448984e+03
   2.4424266e+03
   2.4383543e+03
   2.4326963e+03
   2.4254736e+03
   2.4167128e+03
   2.4064472e+03
   2.3947160e+03
   2.3815652e+03
   2.3670472e+03
   2.3512211e+03
   2.3341530e+03
   2.3159158e+03
   2.2965896e+03
   2.2762611e+03
   2.2550241e+03
   2.2329794e+03
   2.2102340e+03
   2.1869015e+03
   2.1631010e+03
   2.1389572e+03
   2.1145993e+03
   2.0901605e+03
   2.0657770e+03
   2.0415869e+03
   2.0177290e+03
   1.9943418e+03
   1.9715617e+03
   1.9495216e+03
   1.9283492e+03
   1.9081655e+03
   1.8890829e+03
   1.8712031e+03
   1.8546156e+03
   1.8393959e+03
   1.8256034e+03
   1.8132801e+03
   1.8024490e+03
   1.7931126e+03
   1.7852517e+03
   1.7788249e+03
   1.7737673e+03
   1.7699911e+03
   1.7673849e+03
   1.7658147e+03
   1.7651246e+03
   1.7651378e+03
   1.7656591e+03
   1.7664764e+03
   1.7673635e+03
   1.7680833e+03
   1.7683911e+03
   1.7680382e+03
   1.7667763e+03
   1.7643611e+03
   1.7605574e+03
   1.7551432e+03
   1.7479144e+03
   1.7386890e+03
   1.7273115e+03
   1.7136568e+03
   1.6976340e+03
   1.6791891e+03
   1.6583080e+03
   1.6350187e+03
   1.6093921e+03
   1.5815430e+03
   1.5516301e+03
   1.5198550e+03
   1.4864601e+03
   1.4517270e+03
   1.4159726e+03
   1.3795455e+03
   1.3428214e+03
   1.3061981e+03
   1.2700897e+03
   1.2349209e+03
   1.2011208e+03
   1.1691161e+03
   1.1393255e+03
   1.1121527e+03
   1.0879807e+03
   1.0671658e+03
   1.0500328e+03
   1.0368696e+03
   1.0279234e+03
   1.0233972e+03
   1.0234469e+03
   1.0281793e+03
   1.0376513e+03
   1.0518689e+03
   1.0707877e+03
   1.0943144e+03
   1.1223081e+03
   1.1545828e+03
   1.1909106e+03
   1.2310249e+03
   1.2746244e+03
   1.3213772e+03
   1.3709254e+03
   1.4228893e+03
   1.4768724e+03
   1.5324656e+03
   1.5892522e+03
   1.6468118e+03
   1.7047247e+03
   1.7625757e+03
   1.8199578e+03
   1.8764753e+03
   1.9317471e+03
   1.9854090e+03
   2.0371162e+03
   2.0865451e+03
   2.1333949e+03
   2.1773891e+03
   2.2182764e+03
   2.2558314e+03
   2.2898550e+03
   2.3201751e+03
   2.3466462e+03
   2.3691493e+03
   2.3875921e+03
   2.4019080e+03
   2.4120560e+03
   2.4180195e+03
   2.4198062e+03
   2.4174467e+03
   2.4109938e+03
   2.4005212e+03
   2.3861227e+03
   2.3679110e+03
   2.3460162e+03
   2.3205847e+03
   2.2917778e+03
   2.2597702e+03
   2.2247489e+03
   2.1869111e+03
   2.1464636e+03
   2.1036203e+03
   2.0586014e+03
   2.0116318e+03
   1.9629392e+03
   1.9127532e+03
   1.8613033e+03
   1.8088183e+03
   1.7555241e+03
   1.7016434e+03
   1.6473938e+03
   1.5929872e+03
   1.5386288e+03
   1.4845162e+03
   1.4308386e+03
   1.3777763e+03
   1.3255003e+03
   1.2741719e+03
   1.2239421e+03
   1.1749519e+03
   1.1273319e+03
   1.0812028e+03
   1.0366749e+03
   9.9384900e+02
   9.5281614e+02
   9.1365833e+02
   8.7644890e+02
   8.4125290e+02
   8.0812769e+02
   7.7712347e+02
   7.4828381e+02
   7.2164628e+02
   6.9724296e+02
   6.7510102e+02
   6.5524327e+02
   6.3768865e+02
   6.2245272e+02
   6.0954811e+02
   5.9898488e+02
   5.9077088e+02
   5.8491200e+02
   5.8141244e+02
   5.8027484e+02
   5.8150037e+02
   5.8508877e+02
   5.9103833e+02
   5.9934573e+02
   6.1000593e+02
   6.2301194e+02
   6.3835447e+02
   6.5602166e+02
   6.7599862e+02
   6.9826704e+02
   7.2280465e+02
   7.4958476e+02
   7.7857566e+02
   8.0974009e+02
   8.4303466e+02
   8.7840925e+02
   9.1580650e+02
   9.5516119e+02
   9.9639977e+02
   1.0394399e+03
   1.0841898e+03
   1.1305484e+03
   1.1784044e+03
   1.2276363e+03
   1.2781126e+03
   1.3296912e+03
   1.3822197e+03
   1.4355357e+03
   1.4894667e+03
   1.5438310e+03
   1.5984378e+03
   1.6530878e+03
   1.7075742e+03
   1.7616835e+03
   1.8151963e+03
   1.8678883e+03
   1.9195318e+03
   1.9698965e+03
   2.0187513e+03
   2.0658651e+03
   2.1110087e+03
   2.1539562e+03
   2.1944862e+03
   2.2323836e+03
   2.2674412e+03
   2.2994608e+03
   2.3282552e+03
   2.3536495e+03
   2.3754824e+03
   2.3936076e+03
   2.4078955e+03
   2.4182341e+03
   2.4245305e+03
   2.4267119e+03
   2.4247268e+03
   2.4185461e+03
   2.4081637e+03
   2.3935977e+03
   2.3748913e+03
   2.3521127e+03
   2.3253564e+03
   2.2947434e+03
   2.2604212e+03
   2.2225641e+03
   2.1813732e+03
   2.1370757e+03
   2.0899251e+03
   2.0401995e+03
   1.9882016e+03
   1.9342563e+03
   1.8787101e+03
   1.8219285e+03
   1.7642936e+03
   1.7062023e+03
   1.6480624e+03
   1.5902897e+03
   1.5333047e+03
   1.4775282e+03
   1.4233773e+03
   1.3712613e+03
   1.3215770e+03
   1.2747041e+03
   1.2310006e+03
   1.1907985e+03
   1.1543990e+03
   1.1220686e+03
   1.0940353e+03
   1.0704848e+03
   1.0515580e+03
   1.0373483e+03
   1.0278997e+03
   1.0232061e+03
   1.0232107e+03
   1.0278063e+03
   1.0368368e+03
   1.0500990e+03
   1.0673453e+03
   1.0882873e+03
   1.1125998e+03
   1.1399260e+03
   1.1698820e+03
   1.2020633e+03
   1.2360504e+03
   1.2714155e+03
   1.3077284e+03
   1.3445632e+03
   1.3815042e+03
   1.4181524e+03
   1.4541304e+03
   1.4890882e+03
   1.5227072e+03
   1.5547042e+03
   1.5848351e+03
   1.6128967e+03
   1.6387288e+03
   1.6622151e+03
   1.6832832e+03
   1.7019038e+03
   1.7180898e+03
   1.7318941e+03
   1.7434068e+03
   1.7527522e+03
   1.7600853e+03
   1.7655876e+03
   1.7694630e+03
   1.7719334e+03
   1.7732342e+03
   1.7736099e+03
   1.7733092e+03
   1.7725814e+03
   1.7716719e+03
   1.7708186e+03
   1.7702485e+03
   1.7701746e+03
   1.7707933e+03
   1.7722824e+03
   1.7747987e+03
   1.7784774e+03
   1.7834310e+03
   1.7897484e+03
   1.7974952e+03
   1.8067140e+03
   1.8174248e+03
   1.8296258e+03
   1.8432949e+03
   1.8583908e+03
   1.8748544e+03
   1.8926110e+03
   1.9115712e+03
   1.9316338e+03
   1.9526865e+03
   1.9746087e+03
   1.9972725e+03
   2.0205452e+03
   2.0442903e+03
   2.0683692e+03
   2.0926431e+03
   2.1169736e+03
   2.1412244e+03
   2.1652620e+03
   2.1889571e+03
   2.2121848e+03
   2.2348257e+03
   2.2567660e+03
   2.2778984e+03
   2.2981221e+03
   2.3173433e+03
   2.3354747e+03
   2.3524364e+03
   2.3681554e+03
   2.3825656e+03
   2.3956078e+03
   2.4072296e+03
   2.4173850e+03
   2.4260349e+03
   2.4331462e+03
   2.4386921e+03
   2.4426520e+03
   2.4450112e+03
   2.4457610e+03
