   1.4962970e+03
   1.4963224e+03
   1.4963864e+03
   1.4964887e+03
   1.4966292e+03
   1.4968077e+03
   1.4970236e+03
   1.4972766e+03
   1.4975661e+03
   1.4978916e+03
   1.4982524e+03
   1.4986478e+03
   1.4990771e+03
   1.4995394e+03
   1.5000340e+03
   1.5005600e+03
   1.5011166e+03
   1.5017029e+03
   1.5023181e+03
   1.5029612e+03
   1.5036315e+03
   1.5043281e+03
   1.5050503e+03
   1.5057972e+03
   1.5065682e+03
   1.5073624e+03
   1.5081792e+03
   1.5090180e+03
   1.5098782e+03
   1.5107590e+03
   1.5116600e+03
   1.5125805e+03
   1.5135199e+03
   1.5144776e+03
   1.5154529e+03
   1.5164451e+03
   1.5174534e+03
   1.5184769e+03
   1.5195147e+03
   1.5205657e+03
   1.5216284e+03
   1.5227015e+03
   1.5237832e+03
   1.5248717e+03
   1.5259647e+03
   1.5270597e+03
   1.5281540e+03
   1.5292443e+03
   1.5303271e+03
   1.5313985e+03
   1.5324542e+03
   1.5334894e+03
   1.5344989e+03
   1.5354769e+03
   1.5364175e+03
   1.5373139e+03
   1.5381592e+03
   1.5389457e+03
   1.5396654e+03
   1.5403101e+03
   1.5408708e+03
   1.5413383e+03
   1.5417031e+03
   1.5419553e+03
   1.5420847e+03
   1.5420811e+03
   1.5419338e+03
   1.5416323e+03
   1.5411659e+03
   1.5405240e+03
   1.5396962e+03
   1.5386719e+03
   1.5374414e+03
   1.5359947e+03
   1.5343226e+03
   1.5324165e+03
   1.5302680e+03
   1.5278696e+03
   1.5252147e+03
   1.5222973e+03
   1.5191123e+03
   1.5156558e+03
   1.5119246e+03
   1.5079168e+03
   1.5036315e+03
   1.4990692e+03
   1.4942313e+03
   1.4891206e+03
   1.4837412e+03
   1.4780983e+03
   1.4721983e+03
   1.4660491e+03
   1.4596595e+03
   1.4530395e+03
   1.4462006e+03
   1.4391548e+03
   1.4319156e+03
   1.4244972e+03
   1.4169147e+03
   1.4091840e+03
   1.4013217e+03
   1.3933450e+03
   1.3852715e+03
   1.3771195e+03
   1.3689072e+03
   1.3606532e+03
   1.3523763e+03
   1.3440949e+03
   1.3358276e+03
   1.3275926e+03
   1.3194079e+03
   1.3112908e+03
   1.3032584e+03
   1.2953269e+03
   1.2875119e+03
   1.2798284e+03
   1.2722904e+03
   1.2649109e+03
   1.2577021e+03
   1.2506753e+03
   1.2438406e+03
   1.2372071e+03
   1.2307829e+03
   1.2245750e+03
   1.2185892e+03
   1.2128304e+03
   1.2073022e+03
   1.2020076e+03
   1.1969480e+03
   1.1921244e+03
   1.1875363e+03
   1.1831828e+03
   1.1790618e+03
   1.1751705e+03
   1.1715055e+03
   1.1680623e+03
   1.1648362e+03
   1.1618218e+03
   1.1590129e+03
   1.1564033e+03
   1.1539861e+03
   1.1517540e+03
   1.1496997e+03
   1.1478154e+03
   1.1460933e+03
   1.1445254e+03
   1.1431038e+03
   1.1418202e+03
   1.1406667e+03
   1.1396353e+03
   1.1387180e+03
   1.1379072e+03
   1.1371951e+03
   1.1365745e+03
   1.1360381e+03
   1.1355789e+03
   1.1351902e+03
   1.1348657e+03
   1.1345990e+03
   1.1343843e+03
   1.1342161e+03
   1.1340889e+03
   1.1339979e+03
   1.1339384e+03
   1.1339059e+03
   1.1338963e+03
   1.1339059e+03
   1.1339311e+03
   1.1339687e+03
   1.1340157e+03
   1.1340694e+03
   1.1341274e+03
   1.1341876e+03
   1.1342479e+03
   1.1343068e+03
   1.1343627e+03
   1.1344144e+03
   1.1344610e+03
   1.1345016e+03
   1.1345358e+03
   1.1345631e+03
   1.1345835e+03
   1.1345970e+03
   1.1346039e+03
   1.1346047e+03
   1.1346002e+03
   1.1345914e+03
   1.1345793e+03
   1.1345654e+03
   1.1345514e+03
   1.1345391e+03
   1.1345307e+03
   1.1345285e+03
   1.1345352e+03
   1.1345536e+03
   1.1345871e+03
   1.1346390e+03
   1.1347132e+03
   1.1348136e+03
   1.1349446e+03
   1.1351109e+03
   1.1353174e+03
   1.1355693e+03
   1.1358722e+03
   1.1362320e+03
   1.1366546e+03
   1.1371466e+03
   1.1377146e+03
   1.1383656e+03
   1.1391065e+03
   1.1399450e+03
   1.1408884e+03
   1.1419445e+03
   1.1431211e+03
   1.1444262e+03
   1.1458678e+03
   1.1474540e+03
   1.1491926e+03
   1.1510918e+03
   1.1531592e+03
   1.1554025e+03
   1.1578292e+03
   1.1604464e+03
   1.1632610e+03
   1.1662792e+03
   1.1695072e+03
   1.1729502e+03
   1.1766133e+03
   1.1805007e+03
   1.1846158e+03
   1.1889615e+03
   1.1935398e+03
   1.1983517e+03
   1.2033977e+03
   1.2086769e+03
   1.2141877e+03
   1.2199274e+03
   1.2258923e+03
   1.2320776e+03
   1.2384774e+03
   1.2450849e+03
   1.2518920e+03
   1.2588896e+03
   1.2660678e+03
   1.2734153e+03
   1.2809200e+03
   1.2885689e+03
   1.2963480e+03
   1.3042426e+03
   1.3122371e+03
   1.3203153e+03
   1.3284603e+03
   1.3366548e+03
   1.3448809e+03
   1.3531206e+03
   1.3613553e+03
   1.3695667e+03
   1.3777360e+03
   1.3858450e+03
   1.3938752e+03
   1.4018086e+03
   1.4096277e+03
   1.4173154e+03
   1.4248551e+03
   1.4322310e+03
   1.4394281e+03
   1.4464323e+03
   1.4532302e+03
   1.4598097e+03
   1.4661596e+03
   1.4722700e+03
   1.4781318e+03
   1.4837376e+03
   1.4890807e+03
   1.4941562e+03
   1.4989598e+03
   1.5034891e+03
   1.5077423e+03
   1.5117193e+03
   1.5154209e+03
   1.5188491e+03
   1.5220069e+03
   1.5248985e+03
   1.5275287e+03
   1.5299038e+03
   1.5320302e+03
   1.5339157e+03
   1.5355683e+03
   1.5369968e+03
   1.5382105e+03
   1.5392191e+03
   1.5400327e+03
   1.5406614e+03
   1.5411160e+03
   1.5414068e+03
   1.5415446e+03
   1.5415399e+03
   1.5414033e+03
   1.5411450e+03
   1.5407751e+03
   1.5403036e+03
   1.5397399e+03
   1.5390933e+03
   1.5383724e+03
   1.5375858e+03
   1.5367412e+03
   1.5358464e+03
   1.5349081e+03
   1.5339332e+03
   1.5329275e+03
   1.5318969e+03
   1.5308463e+03
   1.5297807e+03
   1.5287043e+03
   1.5276209e+03
   1.5265342e+03
   1.5254471e+03
   1.5243625e+03
   1.5232829e+03
   1.5222103e+03
   1.5211468e+03
   1.5200940e+03
   1.5190534e+03
   1.5180261e+03
   1.5170133e+03
   1.5160160e+03
   1.5150351e+03
   1.5140712e+03
   1.5131252e+03
   1.5121975e+03
   1.5112890e+03
   1.5104000e+03
   1.5095313e+03
   1.5086834e+03
   1.5078568e+03
   1.5070523e+03
   1.5062705e+03
   1.5055120e+03
   1.5047776e+03
   1.5040679e+03
   1.5033838e+03
   1.5027260e+03
   1.5020953e+03
   1.5014927e+03
   1.5009189e+03
   1.5003748e+03
   1.4998612e+03
   1.4993791e+03
   1.4989292e+03
   1.4985123e+03
   1.4981293e+03
   1.4977809e+03
   1.4974678e+03
   1.4971906e+03
   1.4969499e+03
   1.4967463e+03
   1.4965801e+03
   1.4964519e+03
   1.4963618e+03
   1.4963102e+03
   1.4962970e+03
