   1.0554320e+04
   1.0553808e+04
   1.0552286e+04
   1.0549740e+04
   1.0546146e+04
   1.0541472e+04
   1.0535675e+04
   1.0528706e+04
   1.0520504e+04
   1.0511000e+04
   1.0500118e+04
   1.0487773e+04
   1.0473871e+04
   1.0458310e+04
   1.0440984e+04
   1.0421775e+04
   1.0400562e+04
   1.0377217e+04
   1.0351606e+04
   1.0323589e+04
   1.0293024e+04
   1.0259762e+04
   1.0223654e+04
   1.0184545e+04
   1.0142280e+04
   1.0096705e+04
   1.0047661e+04
   9.9949937e+03
   9.9385494e+03
   9.8781768e+03
   9.8137281e+03
   9.7450605e+03
   9.6720369e+03
   9.5945267e+03
   9.5124076e+03
   9.4255661e+03
   9.3338990e+03
   9.2373144e+03
   9.1357326e+03
   9.0290876e+03
   8.9173279e+03
   8.8004176e+03
   8.6783375e+03
   8.5510857e+03
   8.4186790e+03
   8.2811532e+03
   8.1385642e+03
   7.9909882e+03
   7.8385228e+03
   7.6812869e+03
   7.5194210e+03
   7.3530877e+03
   7.1824715e+03
   7.0077787e+03
   6.8292370e+03
   6.6470951e+03
   6.4616223e+03
   6.2731076e+03
   6.0818586e+03
   5.8882008e+03
   5.6924761e+03
   5.4950415e+03
   5.2962675e+03
   5.0965365e+03
   4.8962412e+03
   4.6957823e+03
   4.4955667e+03
   4.2960057e+03
   4.0975121e+03
   3.9004987e+03
   3.7053758e+03
   3.5125489e+03
   3.3224161e+03
   3.1353666e+03
   2.9517778e+03
   2.7720135e+03
   2.5964217e+03
   2.4253329e+03
   2.2590577e+03
   2.0978856e+03
   1.9420833e+03
   1.7918932e+03
   1.6475323e+03
   1.5091912e+03
   1.3770330e+03
   1.2511932e+03
   1.1317786e+03
   1.0188678e+03
   9.1251079e+02
   8.1272927e+02
   7.1951712e+02
   6.3284101e+02
   5.5264122e+02
   4.7883264e+02
   4.1130594e+02
   3.4992890e+02
   2.9454785e+02
   2.4498929e+02
   2.0106152e+02
   1.6255644e+02
   1.2925140e+02
   1.0091104e+02
   7.7289251e+01
   5.8131066e+01
   4.3174583e+01
   3.2152859e+01
   2.4795763e+01
   2.0831781e+01
   1.9989737e+01
   2.2000401e+01
   2.6598011e+01
   3.3521735e+01
   4.2517022e+01
   5.3336806e+01
   6.5742584e+01
   7.9505373e+01
   9.4406532e+01
   1.1023846e+02
   1.2680517e+02
   1.4392274e+02
   1.6141961e+02
   1.7913684e+02
   1.9692815e+02
   2.1465995e+02
   2.3221122e+02
   2.4947332e+02
   2.6634970e+02
   2.8275559e+02
   2.9861754e+02
   3.1387298e+02
   3.2846970e+02
   3.4236530e+02
   3.5552660e+02
   3.6792906e+02
   3.7955611e+02
   3.9039858e+02
   4.0045404e+02
   4.0972618e+02
   4.1822420e+02
   4.2596221e+02
   4.3295862e+02
   4.3923566e+02
   4.4481873e+02
   4.4973601e+02
   4.5401789e+02
   4.5769659e+02
   4.6080569e+02
   4.6337980e+02
   4.6545417e+02
   4.6706438e+02
   4.6824607e+02
   4.6903468e+02
   4.6946519e+02
   4.6957197e+02
   4.6938858e+02
   4.6894762e+02
   4.6828063e+02
   4.6741796e+02
   4.6638872e+02
   4.6522068e+02
   4.6394028e+02
   4.6257252e+02
   4.6114102e+02
   4.5966798e+02
   4.5817415e+02
   4.5667889e+02
   4.5520019e+02
   4.5375464e+02
   4.5235752e+02
   4.5102278e+02
   4.4976310e+02
   4.4858993e+02
   4.4751348e+02
   4.4654283e+02
   4.4568587e+02
   4.4494939e+02
   4.4433910e+02
   4.4385961e+02
   4.4351451e+02
   4.4330635e+02
   4.4323665e+02
   4.4330591e+02
   4.4351363e+02
   4.4385828e+02
   4.4433732e+02
   4.4494715e+02
   4.4568316e+02
   4.4653965e+02
   4.4750981e+02
   4.4858575e+02
   4.4975841e+02
   4.5101755e+02
   4.5235174e+02
   4.5374830e+02
   4.5519326e+02
   4.5667136e+02
   4.5816599e+02
   4.5965918e+02
   4.6113158e+02
   4.6256240e+02
   4.6392946e+02
   4.6520916e+02
   4.6637648e+02
   4.6740499e+02
   4.6826692e+02
   4.6893316e+02
   4.6937336e+02
   4.6955599e+02
   4.6944845e+02
   4.6901718e+02
   4.6822783e+02
   4.6704539e+02
   4.6543445e+02
   4.6335938e+02
   4.6078458e+02
   4.5767482e+02
   4.5399549e+02
   4.4971300e+02
   4.4479516e+02
   4.3921156e+02
   4.3293405e+02
   4.2593720e+02
   4.1819882e+02
   4.0970047e+02
   4.0042806e+02
   3.9037239e+02
   3.7952977e+02
   3.6790264e+02
   3.5550017e+02
   3.4233892e+02
   3.2844344e+02
   3.1384691e+02
   2.9859173e+02
   2.8273011e+02
   2.6632462e+02
   2.4944870e+02
   2.3218714e+02
   2.1463648e+02
   1.9690536e+02
   1.7911481e+02
   1.6139840e+02
   1.4390243e+02
   1.2678583e+02
   1.1022017e+02
   9.4389373e+01
   7.9489429e+01
   6.5727943e+01
   5.3323560e+01
   4.2505273e+01
   3.3511589e+01
   2.6589581e+01
   2.1993810e+01
   1.9985126e+01
   2.0829314e+01
   2.4795630e+01
   3.2155261e+01
   4.3179732e+01
   5.8139187e+01
   7.7300588e+01
   1.0092586e+02
   1.2926998e+02
   1.6257909e+02
   2.0108857e+02
   2.4502109e+02
   2.9458478e+02
   3.4997134e+02
   4.1135431e+02
   4.7888737e+02
   5.5270277e+02
   6.3290983e+02
   7.1959370e+02
   8.1281409e+02
   9.1260436e+02
   1.0189706e+03
   1.1318912e+03
   1.2513160e+03
   1.3771666e+03
   1.5093361e+03
   1.6476889e+03
   1.7920620e+03
   1.9422647e+03
   2.0980801e+03
   2.2592656e+03
   2.4255546e+03
   2.5966576e+03
   2.7722638e+03
   2.9520428e+03
   3.1356464e+03
   3.3227110e+03
   3.5128589e+03
   3.7057010e+03
   3.9008390e+03
   4.0978675e+03
   4.2963760e+03
   4.4959519e+03
   4.6961820e+03
   4.8966552e+03
   5.0969644e+03
   5.2967089e+03
   5.4954960e+03
   5.6929432e+03
   5.8886799e+03
   6.0823490e+03
   6.2736087e+03
   6.4621335e+03
   6.6476156e+03
   6.8297660e+03
   7.0083155e+03
   7.1830153e+03
   7.3536375e+03
   7.5199760e+03
   7.6818462e+03
   7.8390857e+03
   7.9915536e+03
   8.1391312e+03
   8.2817210e+03
   8.4192466e+03
   8.5516522e+03
   8.6789021e+03
   8.8009794e+03
   8.9178860e+03
   9.0296411e+03
   9.1362808e+03
   9.2378564e+03
   9.3344342e+03
   9.4260936e+03
   9.5129267e+03
   9.5950368e+03
   9.6725372e+03
   9.7455505e+03
   9.8142071e+03
   9.8786443e+03
   9.9390048e+03
   9.9954365e+03
   1.0048091e+04
   1.0097121e+04
   1.0142683e+04
   1.0184933e+04
   1.0224027e+04
   1.0260121e+04
   1.0293367e+04
   1.0323916e+04
   1.0351917e+04
   1.0377512e+04
   1.0400841e+04
   1.0422037e+04
   1.0441229e+04
   1.0458539e+04
   1.0474082e+04
   1.0487967e+04
   1.0500295e+04
   1.0511160e+04
   1.0520646e+04
   1.0528830e+04
   1.0535782e+04
   1.0541561e+04
   1.0546217e+04
   1.0549794e+04
   1.0552322e+04
   1.0553826e+04
   1.0554320e+04
