   1.3089789e+04
   1.3088794e+04
   1.3085772e+04
   1.3080711e+04
   1.3073586e+04
   1.3064367e+04
   1.3053011e+04
   1.3039471e+04
   1.3023687e+04
   1.3005593e+04
   1.2985116e+04
   1.2962172e+04
   1.2936672e+04
   1.2908519e+04
   1.2877610e+04
   1.2843836e+04
   1.2807080e+04
   1.2767225e+04
   1.2724143e+04
   1.2677707e+04
   1.2627785e+04
   1.2574242e+04
   1.2516943e+04
   1.2455750e+04
   1.2390527e+04
   1.2321137e+04
   1.2247446e+04
   1.2169322e+04
   1.2086638e+04
   1.1999271e+04
   1.1907102e+04
   1.1810023e+04
   1.1707930e+04
   1.1600731e+04
   1.1488343e+04
   1.1370694e+04
   1.1247725e+04
   1.1119391e+04
   1.0985660e+04
   1.0846518e+04
   1.0701966e+04
   1.0552021e+04
   1.0396722e+04
   1.0236124e+04
   1.0070303e+04
   9.8993557e+03
   9.7233987e+03
   9.5425706e+03
   9.3570311e+03
   9.1669619e+03
   8.9725660e+03
   8.7740682e+03
   8.5717141e+03
   8.3657703e+03
   8.1565234e+03
   7.9442796e+03
   7.7293632e+03
   7.5121162e+03
   7.2928965e+03
   7.0720770e+03
   6.8500438e+03
   6.6271945e+03
   6.4039368e+03
   6.1806862e+03
   5.9578644e+03
   5.7358969e+03
   5.5152110e+03
   5.2962337e+03
   5.0793894e+03
   4.8650977e+03
   4.6537711e+03
   4.4458128e+03
   4.2416145e+03
   4.0415543e+03
   3.8459947e+03
   3.6552807e+03
   3.4697378e+03
   3.2896704e+03
   3.1153602e+03
   2.9470649e+03
   2.7850169e+03
   2.6294221e+03
   2.4804595e+03
   2.3382800e+03
   2.2030065e+03
   2.0747330e+03
   1.9535254e+03
   1.8394207e+03
   1.7324282e+03
   1.6325295e+03
   1.5396797e+03
   1.4538078e+03
   1.3748182e+03
   1.3025916e+03
   1.2369866e+03
   1.1778412e+03
   1.1249742e+03
   1.0781869e+03
   1.0372649e+03
   1.0019799e+03
   9.7209148e+02
   9.4734901e+02
   9.2749333e+02
   9.1225872e+02
   9.0137460e+02
   8.9456730e+02
   8.9156175e+02
   8.9208305e+02
   8.9585801e+02
   9.0261660e+02
   9.1209323e+02
   9.2402803e+02
   9.3816792e+02
   9.5426764e+02
   9.7209059e+02
   9.9140966e+02
   1.0120078e+03
   1.0336787e+03
   1.0562269e+03
   1.0794685e+03
   1.1032311e+03
   1.1273540e+03
   1.1516884e+03
   1.1760969e+03
   1.2004537e+03
   1.2246445e+03
   1.2485659e+03
   1.2721252e+03
   1.2952401e+03
   1.3178383e+03
   1.3398568e+03
   1.3612419e+03
   1.3819483e+03
   1.4019385e+03
   1.4211828e+03
   1.4396583e+03
   1.4573487e+03
   1.4742433e+03
   1.4903373e+03
   1.5056305e+03
   1.5201272e+03
   1.5338359e+03
   1.5467683e+03
   1.5589395e+03
   1.5703672e+03
   1.5810716e+03
   1.5910747e+03
   1.6004002e+03
   1.6090734e+03
   1.6171203e+03
   1.6245680e+03
   1.6314441e+03
   1.6377763e+03
   1.6435929e+03
   1.6489218e+03
   1.6537908e+03
   1.6582275e+03
   1.6622589e+03
   1.6659114e+03
   1.6692107e+03
   1.6721820e+03
   1.6748491e+03
   1.6772355e+03
   1.6793632e+03
   1.6812536e+03
   1.6829266e+03
   1.6844013e+03
   1.6856956e+03
   1.6868261e+03
   1.6878085e+03
   1.6886570e+03
   1.6893847e+03
   1.6900035e+03
   1.6905240e+03
   1.6909557e+03
   1.6913066e+03
   1.6915838e+03
   1.6917929e+03
   1.6919383e+03
   1.6920232e+03
   1.6920493e+03
   1.6920175e+03
   1.6919271e+03
   1.6917761e+03
   1.6915616e+03
   1.6912791e+03
   1.6909230e+03
   1.6904864e+03
   1.6899613e+03
   1.6893381e+03
   1.6886064e+03
   1.6877542e+03
   1.6867686e+03
   1.6856352e+03
   1.6843385e+03
   1.6828619e+03
   1.6811876e+03
   1.6792966e+03
   1.6771688e+03
   1.6747830e+03
   1.6721171e+03
   1.6691479e+03
   1.6658514e+03
   1.6622025e+03
   1.6581756e+03
   1.6537442e+03
   1.6488813e+03
   1.6435595e+03
   1.6377510e+03
   1.6314277e+03
   1.6245616e+03
   1.6171247e+03
   1.6090896e+03
   1.6004292e+03
   1.5911173e+03
   1.5811287e+03
   1.5704398e+03
   1.5590283e+03
   1.5468742e+03
   1.5339595e+03
   1.5202694e+03
   1.5057917e+03
   1.4905181e+03
   1.4744442e+03
   1.4575700e+03
   1.4399003e+03
   1.4214457e+03
   1.4022223e+03
   1.3822528e+03
   1.3615671e+03
   1.3402023e+03
   1.3182036e+03
   1.2956247e+03
   1.2725284e+03
   1.2489868e+03
   1.2250821e+03
   1.2009069e+03
   1.1765644e+03
   1.1521689e+03
   1.1278460e+03
   1.1037328e+03
   1.0799784e+03
   1.0567431e+03
   1.0341993e+03
   1.0125309e+03
   9.9193311e+02
   9.7261236e+02
   9.5478559e+02
   9.3867994e+02
   9.2453196e+02
   9.1258694e+02
   9.0309798e+02
   8.9632500e+02
   8.9253363e+02
   8.9199399e+02
   8.9497935e+02
   9.0176471e+02
   9.1262525e+02
   9.2783478e+02
   9.4766399e+02
   9.7237876e+02
   1.0022384e+03
   1.0374937e+03
   1.0783852e+03
   1.1251415e+03
   1.1779771e+03
   1.2370907e+03
   1.3026639e+03
   1.3748587e+03
   1.4538169e+03
   1.5396576e+03
   1.6324768e+03
   1.7323454e+03
   1.8393087e+03
   1.9533850e+03
   2.0745652e+03
   2.2028123e+03
   2.3380606e+03
   2.4802159e+03
   2.6291556e+03
   2.7847287e+03
   2.9467563e+03
   3.1150324e+03
   3.2893246e+03
   3.4693752e+03
   3.6549024e+03
   3.8456018e+03
   4.0411478e+03
   4.2411955e+03
   4.4453822e+03
   4.6533297e+03
   4.8646463e+03
   5.0789287e+03
   5.2957642e+03
   5.5147332e+03
   5.7354113e+03
   5.9573714e+03
   6.1801860e+03
   6.4034296e+03
   6.6266805e+03
   6.8495231e+03
   7.0715497e+03
   7.2923625e+03
   7.5115755e+03
   7.7288158e+03
   7.9437254e+03
   8.1559624e+03
   8.3652023e+03
   8.5711391e+03
   8.7734862e+03
   8.9719770e+03
   9.1663658e+03
   9.3564281e+03
   9.5419607e+03
   9.7227822e+03
   9.8987327e+03
   1.0069674e+04
   1.0235489e+04
   1.0396082e+04
   1.0551376e+04
   1.0701316e+04
   1.0845865e+04
   1.0985004e+04
   1.1118732e+04
   1.1247064e+04
   1.1370032e+04
   1.1487682e+04
   1.1600071e+04
   1.1707273e+04
   1.1809369e+04
   1.1906453e+04
   1.1998627e+04
   1.2086001e+04
   1.2168693e+04
   1.2246826e+04
   1.2320528e+04
   1.2389930e+04
   1.2455166e+04
   1.2516374e+04
   1.2573689e+04
   1.2627248e+04
   1.2677189e+04
   1.2723644e+04
   1.2766746e+04
   1.2806624e+04
   1.2843402e+04
   1.2877200e+04
   1.2908134e+04
   1.2936312e+04
   1.2961839e+04
   1.2984811e+04
   1.3005317e+04
   1.3023439e+04
   1.3039253e+04
   1.3052823e+04
   1.3064209e+04
   1.3073460e+04
   1.3080616e+04
   1.3085709e+04
   1.3088762e+04
   1.3089789e+04
