   3.0408225e+00
   3.0748450e+00
   3.1738135e+00
   3.3378884e+00
   3.5673362e+00
   3.8625299e+00
   4.2239478e+00
   4.6521715e+00
   5.1478837e+00
   5.7118638e+00
   6.3449839e+00
   7.0482043e+00
   7.8225674e+00
   8.6691922e+00
   9.5892677e+00
   1.0584046e+01
   1.1654834e+01
   1.2802987e+01
   1.4029896e+01
   1.5336982e+01
   1.6725684e+01
   1.8197449e+01
   1.9753720e+01
   2.1395921e+01
   2.3125451e+01
   2.4943664e+01
   2.6851859e+01
   2.8851263e+01
   3.0943018e+01
   3.3128165e+01
   3.5407625e+01
   3.7782190e+01
   4.0252497e+01
   4.2819019e+01
   4.5482043e+01
   4.8241657e+01
   5.1097729e+01
   5.4049892e+01
   5.7097528e+01
   6.0239750e+01
   6.3475387e+01
   6.6802969e+01
   7.0220713e+01
   7.3726508e+01
   7.7317903e+01
   8.0992095e+01
   8.4745919e+01
   8.8575842e+01
   9.2477951e+01
   9.6447951e+01
   1.0048116e+02
   1.0457251e+02
   1.0871653e+02
   1.1290739e+02
   1.1713886e+02
   1.2140435e+02
   1.2569688e+02
   1.3000916e+02
   1.3433351e+02
   1.3866199e+02
   1.4298630e+02
   1.4729791e+02
   1.5158801e+02
   1.5584757e+02
   1.6006736e+02
   1.6423799e+02
   1.6834993e+02
   1.7239356e+02
   1.7635920e+02
   1.8023713e+02
   1.8401768e+02
   1.8769121e+02
   1.9124821e+02
   1.9467928e+02
   1.9797524e+02
   2.0112712e+02
   2.0412622e+02
   2.0696417e+02
   2.0963294e+02
   2.1212490e+02
   2.1443285e+02
   2.1655007e+02
   2.1847033e+02
   2.2018795e+02
   2.2169781e+02
   2.2299537e+02
   2.2407673e+02
   2.2493863e+02
   2.2557844e+02
   2.2599422e+02
   2.2618471e+02
   2.2614933e+02
   2.2588819e+02
   2.2540209e+02
   2.2469252e+02
   2.2376165e+02
   2.2261230e+02
   2.2124795e+02
   2.1967270e+02
   2.1789128e+02
   2.1590898e+02
   2.1373166e+02
   2.1136569e+02
   2.0881795e+02
   2.0609577e+02
   2.0320688e+02
   2.0015941e+02
   1.9696183e+02
   1.9362289e+02
   1.9015162e+02
   1.8655726e+02
   1.8284920e+02
   1.7903697e+02
   1.7513020e+02
   1.7113856e+02
   1.6707171e+02
   1.6293929e+02
   1.5875088e+02
   1.5451591e+02
   1.5024372e+02
   1.4594344e+02
   1.4162400e+02
   1.3729411e+02
   1.3296221e+02
   1.2863646e+02
   1.2432472e+02
   1.2003451e+02
   1.1577304e+02
   1.1154714e+02
   1.0736329e+02
   1.0322761e+02
   9.9145828e+01
   9.5123286e+01
   9.1164951e+01
   8.7275406e+01
   8.3458850e+01
   7.9719107e+01
   7.6059630e+01
   7.2483510e+01
   6.8993481e+01
   6.5591936e+01
   6.2280935e+01
   5.9062221e+01
   5.5937230e+01
   5.2907107e+01
   4.9972724e+01
   4.7134691e+01
   4.4393376e+01
   4.1748919e+01
   3.9201251e+01
   3.6750111e+01
   3.4395060e+01
   3.2135498e+01
   2.9970685e+01
   2.7899754e+01
   2.5921724e+01
   2.4035522e+01
   2.2239995e+01
   2.0533924e+01
   1.8916037e+01
   1.7385029e+01
   1.5939566e+01
   1.4578306e+01
   1.3299902e+01
   1.2103024e+01
   1.0986358e+01
   9.9486239e+00
   8.9885826e+00
   8.1050432e+00
   7.2968721e+00
   6.5630003e+00
   5.9024305e+00
   5.3142423e+00
   4.7975991e+00
   4.3517524e+00
   3.9760468e+00
   3.6699234e+00
   3.4329235e+00
   3.2646897e+00
   3.1649673e+00
   3.1336039e+00
   3.1705487e+00
   3.2758526e+00
   3.4496685e+00
   3.6922513e+00
   4.0039588e+00
   4.3852500e+00
   4.8366837e+00
   5.3589156e+00
   5.9526938e+00
   6.6188548e+00
   7.3583178e+00
   8.1720797e+00
   9.0612081e+00
   1.0026835e+01
   1.1070150e+01
   1.2192389e+01
   1.3394832e+01
   1.4678787e+01
   1.6045584e+01
   1.7496563e+01
   1.9033066e+01
   2.0656418e+01
   2.2367924e+01
   2.4168847e+01
   2.6060402e+01
   2.8043735e+01
   3.0119914e+01
   3.2289911e+01
   3.4554585e+01
   3.6914671e+01
   3.9370758e+01
   4.1923276e+01
   4.4572478e+01
   4.7318423e+01
   5.0160961e+01
   5.3099713e+01
   5.6134058e+01
   5.9263114e+01
   6.2485723e+01
   6.5800438e+01
   6.9205506e+01
   7.2698854e+01
   7.6278076e+01
   7.9940427e+01
   8.3682803e+01
   8.7501741e+01
   9.1393404e+01
   9.5353580e+01
   9.9377677e+01
   1.0346072e+02
   1.0759735e+02
   1.1178182e+02
   1.1600802e+02
   1.2026946e+02
   1.2455928e+02
   1.2887029e+02
   1.3319494e+02
   1.3752538e+02
   1.4185344e+02
   1.4617066e+02
   1.5046836e+02
   1.5473758e+02
   1.5896920e+02
   1.6315389e+02
   1.6728220e+02
   1.7134457e+02
   1.7533136e+02
   1.7923291e+02
   1.8303956e+02
   1.8674170e+02
   1.9032980e+02
   1.9379447e+02
   1.9712649e+02
   2.0031685e+02
   2.0335681e+02
   2.0623792e+02
   2.0895207e+02
   2.1149153e+02
   2.1384900e+02
   2.1601763e+02
   2.1799105e+02
   2.1976344e+02
   2.2132952e+02
   2.2268459e+02
   2.2382457e+02
   2.2474601e+02
   2.2544610e+02
   2.2592270e+02
   2.2617435e+02
   2.2620027e+02
   2.2600037e+02
   2.2557526e+02
   2.2492622e+02
   2.2405522e+02
   2.2296489e+02
   2.2165853e+02
   2.2014007e+02
   2.1841405e+02
   2.1648561e+02
   2.1436045e+02
   2.1204482e+02
   2.0954546e+02
   2.0686957e+02
   2.0402481e+02
   2.0101921e+02
   1.9786115e+02
   1.9455935e+02
   1.9112277e+02
   1.8756061e+02
   1.8388227e+02
   1.8009727e+02
   1.7621523e+02
   1.7224586e+02
   1.6819884e+02
   1.6408388e+02
   1.5991057e+02
   1.5568846e+02
   1.5142692e+02
   1.4713518e+02
   1.4282226e+02
   1.3849696e+02
   1.3416782e+02
   1.2984310e+02
   1.2553076e+02
   1.2123844e+02
   1.1697345e+02
   1.1274274e+02
   1.0855289e+02
   1.0441012e+02
   1.0032025e+02
   9.6288735e+01
   9.2320632e+01
   8.8420610e+01
   8.4592952e+01
   8.0841558e+01
   7.7169950e+01
   7.3581280e+01
   7.0078339e+01
   6.6663566e+01
   6.3339061e+01
   6.0106598e+01
   5.6967635e+01
   5.3923333e+01
   5.0974569e+01
   4.8121952e+01
   4.5365841e+01
   4.2706358e+01
   4.0143410e+01
   3.7676701e+01
   3.5305752e+01
   3.3029919e+01
   3.0848406e+01
   2.8760285e+01
   2.6764511e+01
   2.4859938e+01
   2.3045334e+01
   2.1319399e+01
   1.9680774e+01
   1.8128059e+01
   1.6659828e+01
   1.5274635e+01
   1.3971033e+01
   1.2747583e+01
   1.1602862e+01
   1.0535479e+01
   9.5440797e+00
   8.6273571e+00
   7.7840599e+00
   7.0130002e+00
   6.3130600e+00
   5.6831984e+00
   5.1224568e+00
   4.6299647e+00
   4.2049447e+00
   3.8467164e+00
   3.5547001e+00
   3.3284199e+00
   3.1675052e+00
   3.0716921e+00
   3.0408225e+00
