   3.3596234e+04
   3.3591707e+04
   3.3578122e+04
   3.3555424e+04
   3.3523520e+04
   3.3482284e+04
   3.3431552e+04
   3.3371129e+04
   3.3300784e+04
   3.3220257e+04
   3.3129257e+04
   3.3027467e+04
   3.2914544e+04
   3.2790120e+04
   3.2653809e+04
   3.2505207e+04
   3.2343897e+04
   3.2169448e+04
   3.1981426e+04
   3.1779390e+04
   3.1562903e+04
   3.1331531e+04
   3.1084849e+04
   3.0822450e+04
   3.0543941e+04
   3.0248958e+04
   2.9937161e+04
   2.9608249e+04
   2.9261957e+04
   2.8898066e+04
   2.8516406e+04
   2.8116863e+04
   2.7699380e+04
   2.7263966e+04
   2.6810701e+04
   2.6339733e+04
   2.5851291e+04
   2.5345684e+04
   2.4823303e+04
   2.4284626e+04
   2.3730219e+04
   2.3160736e+04
   2.2576923e+04
   2.1979614e+04
   2.1369734e+04
   2.0748292e+04
   2.0116385e+04
   1.9475191e+04
   1.8825964e+04
   1.8170033e+04
   1.7508791e+04
   1.6843692e+04
   1.6176242e+04
   1.5507991e+04
   1.4840524e+04
   1.4175451e+04
   1.3514399e+04
   1.2858997e+04
   1.2210868e+04
   1.1571617e+04
   1.0942821e+04
   1.0326013e+04
   9.7226756e+03
   9.1342264e+03
   8.5620084e+03
   8.0072795e+03
   7.4712022e+03
   6.9548350e+03
   6.4591238e+03
   5.9848951e+03
   5.5328492e+03
   5.1035560e+03
   4.6974506e+03
   4.3148311e+03
   3.9558576e+03
   3.6205522e+03
   3.3088010e+03
   3.0203566e+03
   2.7548432e+03
   2.5117613e+03
   2.2904954e+03
   2.0903212e+03
   1.9104152e+03
   1.7498641e+03
   1.6076756e+03
   1.4827896e+03
   1.3740902e+03
   1.2804173e+03
   1.2005789e+03
   1.1333636e+03
   1.0775522e+03
   1.0319298e+03
   9.9529687e+02
   9.6647977e+02
   9.4434104e+02
   9.2778832e+02
   9.1578261e+02
   9.0734546e+02
   9.0156516e+02
   8.9760179e+02
   8.9469116e+02
   8.9214762e+02
   8.8936576e+02
   8.8582103e+02
   8.8106930e+02
   8.7474546e+02
   8.6656111e+02
   8.5630139e+02
   8.4382110e+02
   8.2904021e+02
   8.1193876e+02
   7.9255141e+02
   7.7096163e+02
   7.4729563e+02
   7.2171632e+02
   6.9441706e+02
   6.6561565e+02
   6.3554840e+02
   6.0446445e+02
   5.7262039e+02
   5.4027530e+02
   5.0768611e+02
   4.7510345e+02
   4.4276802e+02
   4.1090735e+02
   3.7973314e+02
   3.4943911e+02
   3.2019922e+02
   2.9216652e+02
   2.6547233e+02
   2.4022589e+02
   2.1651437e+02
   1.9440331e+02
   1.7393721e+02
   1.5514060e+02
   1.3801915e+02
   1.2256107e+02
   1.0873864e+02
   9.6509872e+01
   8.5820150e+01
   7.6604027e+01
   6.8786951e+01
   6.2286983e+01
   5.7016472e+01
   5.2883649e+01
   4.9794127e+01
   4.7652303e+01
   4.6362637e+01
   4.5830814e+01
   4.5964779e+01
   4.6675640e+01
   4.7878436e+01
   4.9492777e+01
   5.1443341e+01
   5.3660259e+01
   5.6079368e+01
   5.8642368e+01
   6.1296864e+01
   6.3996329e+01
   6.6699984e+01
   6.9372598e+01
   7.1984242e+01
   7.4509979e+01
   7.6929519e+01
   7.9226842e+01
   8.1389789e+01
   8.3409648e+01
   8.5280730e+01
   8.6999932e+01
   8.8566323e+01
   8.9980729e+01
   9.1245339e+01
   9.2363330e+01
   9.3338520e+01
   9.4175044e+01
   9.4877066e+01
   9.5448529e+01
   9.5892926e+01
   9.6213130e+01
   9.6411244e+01
   9.6488503e+01
   9.6445215e+01
   9.6280738e+01
   9.5993508e+01
   9.5581097e+01
   9.5040323e+01
   9.4367394e+01
   9.3558091e+01
   9.2607990e+01
   9.1512723e+01
   9.0268265e+01
   8.8871262e+01
   8.7319378e+01
   8.5611674e+01
   8.3749000e+01
   8.1734412e+01
   7.9573592e+01
   7.7275277e+01
   7.4851683e+01
   7.2318927e+01
   6.9697423e+01
   6.7012266e+01
   6.4293572e+01
   6.1576779e+01
   5.8902903e+01
   5.6318725e+01
   5.3876908e+01
   5.1636036e+01
   4.9660563e+01
   4.8020654e+01
   4.6791927e+01
   4.6055067e+01
   4.5895322e+01
   4.6401860e+01
   4.7666999e+01
   4.9785296e+01
   5.2852510e+01
   5.6964435e+01
   6.2215618e+01
   6.8697958e+01
   7.6499202e+01
   8.5701350e+01
   9.6378983e+01
   1.0859755e+02
   1.2241161e+02
   1.3786312e+02
   1.5497969e+02
   1.7377298e+02
   1.9423718e+02
   2.1634763e+02
   2.4005962e+02
   2.6530744e+02
   2.9200372e+02
   3.2003901e+02
   3.4928180e+02
   3.7957887e+02
   4.1075603e+02
   4.4261943e+02
   4.7495720e+02
   5.0754166e+02
   5.4013200e+02
   5.7247749e+02
   6.0432112e+02
   6.3540378e+02
   6.6546882e+02
   6.9426710e+02
   7.2156232e+02
   7.4713670e+02
   7.7079690e+02
   7.9238009e+02
   8.1176007e+02
   8.2885344e+02
   8.4362559e+02
   8.5609650e+02
   8.6634625e+02
   8.7452003e+02
   8.8083271e+02
   8.8557266e+02
   8.8910494e+02
   8.9187360e+02
   8.9440309e+02
   8.9729870e+02
   9.0124593e+02
   9.0700879e+02
   9.1542703e+02
   9.2741214e+02
   9.4394236e+02
   9.6605647e+02
   9.9484663e+02
   1.0314501e+03
   1.0770403e+03
   1.1328165e+03
   1.1999936e+03
   1.2797905e+03
   1.3734188e+03
   1.4820702e+03
   1.6069049e+03
   1.7490389e+03
   1.9095324e+03
   2.0893780e+03
   2.2894890e+03
   2.5106894e+03
   2.7537038e+03
   3.0191481e+03
   3.3075221e+03
   3.6192023e+03
   3.9544366e+03
   4.3133394e+03
   4.6958892e+03
   5.1019266e+03
   5.5311540e+03
   5.9831368e+03
   6.4573061e+03
   6.9529618e+03
   7.4692780e+03
   8.0053094e+03
   8.5599980e+03
   9.1321816e+03
   9.7206027e+03
   1.0323919e+04
   1.0940712e+04
   1.1569501e+04
   1.2208751e+04
   1.2856887e+04
   1.3512303e+04
   1.4173377e+04
   1.4838477e+04
   1.5505979e+04
   1.6174271e+04
   1.6841768e+04
   1.7506919e+04
   1.8168219e+04
   1.8824213e+04
   1.9473506e+04
   2.0114771e+04
   2.0746751e+04
   2.1368269e+04
   2.1978228e+04
   2.2575617e+04
   2.3159510e+04
   2.3729074e+04
   2.4283563e+04
   2.4822320e+04
   2.5344781e+04
   2.5850466e+04
   2.6338984e+04
   2.6810026e+04
   2.7263363e+04
   2.7698845e+04
   2.8116394e+04
   2.8516000e+04
   2.8897719e+04
   2.9261665e+04
   2.9608009e+04
   2.9936969e+04
   3.0248809e+04
   3.0543833e+04
   3.0822378e+04
   3.1084810e+04
   3.1331520e+04
   3.1562918e+04
   3.1779427e+04
   3.1981482e+04
   3.2169519e+04
   3.2343980e+04
   3.2505300e+04
   3.2653908e+04
   3.2790222e+04
   3.2914648e+04
   3.3027571e+04
   3.3129358e+04
   3.3220352e+04
   3.3300873e+04
   3.3371210e+04
   3.3431624e+04
   3.3482345e+04
   3.3523571e+04
   3.3555462e+04
   3.3578148e+04
   3.3591720e+04
   3.3596234e+04
