   9.7690344e+03
   9.7684854e+03
   9.7668627e+03
   9.7641545e+03
   9.7603411e+03
   9.7553947e+03
   9.7492800e+03
   9.7419540e+03
   9.7333662e+03
   9.7234588e+03
   9.7121667e+03
   9.6994180e+03
   9.6851340e+03
   9.6692297e+03
   9.6516140e+03
   9.6321898e+03
   9.6108549e+03
   9.5875020e+03
   9.5620192e+03
   9.5342905e+03
   9.5041965e+03
   9.4716147e+03
   9.4364203e+03
   9.3984865e+03
   9.3576858e+03
   9.3138900e+03
   9.2669713e+03
   9.2168032e+03
   9.1632608e+03
   9.1062225e+03
   9.0455699e+03
   8.9811895e+03
   8.9129730e+03
   8.8408188e+03
   8.7646325e+03
   8.6843281e+03
   8.5998289e+03
   8.5110683e+03
   8.4179911e+03
   8.3205541e+03
   8.2187271e+03
   8.1124937e+03
   8.0018523e+03
   7.8868166e+03
   7.7674164e+03
   7.6436984e+03
   7.5157265e+03
   7.3835822e+03
   7.2473652e+03
   7.1071935e+03
   6.9632037e+03
   6.8155507e+03
   6.6644078e+03
   6.5099665e+03
   6.3524358e+03
   6.1920421e+03
   6.0290284e+03
   5.8636532e+03
   5.6961899e+03
   5.5269256e+03
   5.3561598e+03
   5.1842030e+03
   5.0113757e+03
   4.8380063e+03
   4.6644293e+03
   4.4909843e+03
   4.3180133e+03
   4.1458595e+03
   3.9748649e+03
   3.8053683e+03
   3.6377037e+03
   3.4721982e+03
   3.3091697e+03
   3.1489255e+03
   2.9917604e+03
   2.8379545e+03
   2.6877722e+03
   2.5414601e+03
   2.3992463e+03
   2.2613384e+03
   2.1279230e+03
   1.9991645e+03
   1.8752047e+03
   1.7561617e+03
   1.6421302e+03
   1.5331810e+03
   1.4293611e+03
   1.3306942e+03
   1.2371805e+03
   1.1487980e+03
   1.0655031e+03
   9.8723112e+02
   9.1389806e+02
   8.4540133e+02
   7.8162127e+02
   7.2242261e+02
   6.6765597e+02
   6.1715944e+02
   5.7076023e+02
   5.2827638e+02
   4.8951835e+02
   4.5429077e+02
   4.2239403e+02
   3.9362590e+02
   3.6778309e+02
   3.4466267e+02
   3.2406352e+02
   3.0578759e+02
   2.8964108e+02
   2.7543556e+02
   2.6298891e+02
   2.5212617e+02
   2.4268026e+02
   2.3449260e+02
   2.2741357e+02
   2.2130290e+02
   2.1602989e+02
   2.1147357e+02
   2.0752274e+02
   2.0407590e+02
   2.0104111e+02
   1.9833577e+02
   1.9588635e+02
   1.9362799e+02
   1.9150410e+02
   1.8946597e+02
   1.8747221e+02
   1.8548829e+02
   1.8348601e+02
   1.8144294e+02
   1.7934194e+02
   1.7717055e+02
   1.7492056e+02
   1.7258742e+02
   1.7016982e+02
   1.6766919e+02
   1.6508930e+02
   1.6243583e+02
   1.5971597e+02
   1.5693816e+02
   1.5411170e+02
   1.5124650e+02
   1.4835285e+02
   1.4544119e+02
   1.4252193e+02
   1.3960528e+02
   1.3670116e+02
   1.3381904e+02
   1.3096790e+02
   1.2815617e+02
   1.2539165e+02
   1.2268153e+02
   1.2003236e+02
   1.1745004e+02
   1.1493984e+02
   1.1250644e+02
   1.1015392e+02
   1.0788583e+02
   1.0570520e+02
   1.0361459e+02
   1.0161614e+02
   9.9711598e+01
   9.7902359e+01
   9.6189521e+01
   9.4573913e+01
   9.3056134e+01
   9.1636591e+01
   9.0315526e+01
   8.9093052e+01
   8.7969175e+01
   8.6943822e+01
   8.6016860e+01
   8.5188117e+01
   8.4457398e+01
   8.3824499e+01
   8.3289222e+01
   8.2851381e+01
   8.2510811e+01
   8.2267381e+01
   8.2120990e+01
   8.2071576e+01
   8.2119118e+01
   8.2263635e+01
   8.2505186e+01
   8.2843868e+01
   8.3279814e+01
   8.3813185e+01
   8.4444167e+01
   8.5172959e+01
   8.5999767e+01
   8.6924787e+01
   8.7948197e+01
   8.9070134e+01
   9.0290677e+01
   9.1609829e+01
   9.3027488e+01
   9.4543420e+01
   9.6157234e+01
   9.7868343e+01
   9.9675935e+01
   1.0157893e+02
   1.0357595e+02
   1.0566527e+02
   1.0784477e+02
   1.1011191e+02
   1.1246368e+02
   1.1489657e+02
   1.1740651e+02
   1.1998884e+02
   1.2263832e+02
   1.2534907e+02
   1.2811456e+02
   1.3092764e+02
   1.3378050e+02
   1.3666474e+02
   1.3957140e+02
   1.4249101e+02
   1.4541365e+02
   1.4832913e+02
   1.5122703e+02
   1.5409691e+02
   1.5692846e+02
   1.5971177e+02
   1.6243749e+02
   1.6509719e+02
   1.6768361e+02
   1.7019105e+02
   1.7261571e+02
   1.7495609e+02
   1.7721347e+02
   1.7939230e+02
   1.8150078e+02
   1.8355125e+02
   1.8556083e+02
   1.8755184e+02
   1.8955243e+02
   1.9159706e+02
   1.9372702e+02
   1.9599098e+02
   1.9844545e+02
   2.0115521e+02
   2.0419376e+02
   2.0764363e+02
   2.1159673e+02
   2.1615451e+02
   2.2142815e+02
   2.2753860e+02
   2.3461656e+02
   2.4280230e+02
   2.5224548e+02
   2.6310471e+02
   2.7554711e+02
   2.8974770e+02
   3.0588869e+02
   3.2415859e+02
   3.4475130e+02
   3.6786498e+02
   3.9370090e+02
   4.2246209e+02
   4.5435201e+02
   4.8957304e+02
   5.2832492e+02
   5.7080321e+02
   6.1719758e+02
   6.6769018e+02
   7.2245394e+02
   7.8165092e+02
   8.4543065e+02
   9.1392855e+02
   9.8726440e+02
   1.0655409e+03
   1.1488422e+03
   1.2372329e+03
   1.3307569e+03
   1.4294361e+03
   1.5332704e+03
   1.6422360e+03
   1.7562860e+03
   1.8753496e+03
   1.9993321e+03
   2.1281151e+03
   2.2615568e+03
   2.3994928e+03
   2.5417363e+03
   2.6880796e+03
   2.8382944e+03
   2.9921340e+03
   3.1493337e+03
   3.3096133e+03
   3.4726778e+03
   3.6382198e+03
   3.8059210e+03
   3.9754541e+03
   4.1464852e+03
   4.3186750e+03
   4.4916812e+03
   4.6651608e+03
   4.8387713e+03
   5.0121731e+03
   5.1850315e+03
   5.3570177e+03
   5.5278115e+03
   5.6971020e+03
   5.8645896e+03
   6.0299872e+03
   6.1930212e+03
   6.3534331e+03
   6.5109798e+03
   6.6654350e+03
   6.8165896e+03
   6.9642520e+03
   7.1082490e+03
   7.2484255e+03
   7.3846453e+03
   7.5167902e+03
   7.6447607e+03
   7.7684752e+03
   7.8878698e+03
   8.0028981e+03
   8.1135302e+03
   8.2197526e+03
   8.3215669e+03
   8.4189897e+03
   8.5120511e+03
   8.6007946e+03
   8.6852754e+03
   8.7655601e+03
   8.8417257e+03
   8.9138581e+03
   8.9820518e+03
   9.0464087e+03
   9.1070369e+03
   9.1640503e+03
   9.2175669e+03
   9.2677089e+03
   9.3146009e+03
   9.3583696e+03
   9.3991429e+03
   9.4370489e+03
   9.4722153e+03
   9.5047688e+03
   9.5348345e+03
   9.5625346e+03
   9.5879888e+03
   9.6113131e+03
   9.6326192e+03
   9.6520146e+03
   9.6696016e+03
   9.6854771e+03
   9.6997323e+03
   9.7124523e+03
   9.7237157e+03
   9.7335945e+03
   9.7421536e+03
   9.7494510e+03
   9.7555371e+03
   9.7604550e+03
   9.7642400e+03
   9.7669196e+03
   9.7685138e+03
   9.7690344e+03
