   3.2203975e+02
   3.2211157e+02
   3.2234590e+02
   3.2274402e+02
   3.2330801e+02
   3.2404078e+02
   3.2494605e+02
   3.2602841e+02
   3.2729330e+02
   3.2874700e+02
   3.3039670e+02
   3.3225047e+02
   3.3431729e+02
   3.3660706e+02
   3.3913061e+02
   3.4189972e+02
   3.4492713e+02
   3.4822649e+02
   3.5181244e+02
   3.5570053e+02
   3.5990723e+02
   3.6444990e+02
   3.6934677e+02
   3.7461687e+02
   3.8027997e+02
   3.8635652e+02
   3.9286756e+02
   3.9983460e+02
   4.0727954e+02
   4.1522446e+02
   4.2369153e+02
   4.3270279e+02
   4.4227995e+02
   4.5244422e+02
   4.6321598e+02
   4.7461461e+02
   4.8665814e+02
   4.9936298e+02
   5.1274359e+02
   5.2681216e+02
   5.4157824e+02
   5.5704837e+02
   5.7322574e+02
   5.9010978e+02
   6.0769583e+02
   6.2597471e+02
   6.4493236e+02
   6.6454955e+02
   6.8480147e+02
   7.0565745e+02
   7.2708068e+02
   7.4902799e+02
   7.7144961e+02
   7.9428904e+02
   8.1748299e+02
   8.4096127e+02
   8.6464691e+02
   8.8845624e+02
   9.1229904e+02
   9.3607888e+02
   9.5969340e+02
   9.8303479e+02
   1.0059903e+03
   1.0284428e+03
   1.0502717e+03
   1.0713533e+03
   1.0915621e+03
   1.1107714e+03
   1.1288544e+03
   1.1456853e+03
   1.1611403e+03
   1.1750987e+03
   1.1874442e+03
   1.1980660e+03
   1.2068597e+03
   1.2137288e+03
   1.2185856e+03
   1.2213523e+03
   1.2219619e+03
   1.2203594e+03
   1.2165021e+03
   1.2103608e+03
   1.2019201e+03
   1.1911792e+03
   1.1781517e+03
   1.1628662e+03
   1.1453662e+03
   1.1257100e+03
   1.1039705e+03
   1.0802344e+03
   1.0546022e+03
   1.0271869e+03
   9.9811351e+02
   9.6751781e+02
   9.3554538e+02
   9.0235031e+02
   8.6809384e+02
   8.3294305e+02
   7.9706931e+02
   7.6064688e+02
   7.2385130e+02
   6.8685797e+02
   6.4984055e+02
   6.1296959e+02
   5.7641105e+02
   5.4032495e+02
   5.0486416e+02
   4.7017321e+02
   4.3638721e+02
   4.0363095e+02
   3.7201810e+02
   3.4165054e+02
   3.1261781e+02
   2.8499676e+02
   2.5885131e+02
   2.3423233e+02
   2.1117773e+02
   1.8971257e+02
   1.6984944e+02
   1.5158884e+02
   1.3491970e+02
   1.1982005e+02
   1.0625770e+02
   9.4191029e+01
   8.3569874e+01
   7.4336377e+01
   6.6425949e+01
   5.9768212e+01
   5.4287968e+01
   4.9906162e+01
   4.6540827e+01
   4.4108017e+01
   4.2522692e+01
   4.1699576e+01
   4.1553958e+01
   4.2002440e+01
   4.2963624e+01
   4.4358735e+01
   4.6112178e+01
   4.8152024e+01
   5.0410426e+01
   5.2823965e+01
   5.5333932e+01
   5.7886531e+01
   6.0433035e+01
   6.2929862e+01
   6.5338605e+01
   6.7626002e+01
   6.9763862e+01
   7.1728937e+01
   7.3502760e+01
   7.5071447e+01
   7.6425467e+01
   7.7559380e+01
   7.8471566e+01
   7.9163925e+01
   7.9641569e+01
   7.9912506e+01
   7.9987316e+01
   7.9878829e+01
   7.9601796e+01
   7.9172578e+01
   7.8608826e+01
   7.7929182e+01
   7.7152981e+01
   7.6299975e+01
   7.5390060e+01
   7.4443026e+01
   7.3478319e+01
   7.2514815e+01
   7.1570620e+01
   7.0662878e+01
   6.9807596e+01
   6.9019497e+01
   6.8311874e+01
   6.7696472e+01
   6.7183384e+01
   6.6780962e+01
   6.6495744e+01
   6.6332402e+01
   6.6293701e+01
   6.6380474e+01
   6.6591618e+01
   6.6924101e+01
   6.7372986e+01
   6.7931474e+01
   6.8590960e+01
   6.9341105e+01
   7.0169928e+01
   7.1063908e+01
   7.2008113e+01
   7.2986333e+01
   7.3981241e+01
   7.4974565e+01
   7.5947275e+01
   7.6879798e+01
   7.7752231e+01
   7.8544588e+01
   7.9237050e+01
   7.9810237e+01
   8.0245485e+01
   8.0525144e+01
   8.0632884e+01
   8.0554002e+01
   8.0275747e+01
   7.9787638e+01
   7.9081794e+01
   7.8153252e+01
   7.7000285e+01
   7.5624707e+01
   7.4032174e+01
   7.2232452e+01
   7.0239680e+01
   6.8072593e+01
   6.5754724e+01
   6.3314561e+01
   6.0785670e+01
   5.8206771e+01
   5.5621761e+01
   5.3079688e+01
   5.0634661e+01
   4.8345699e+01
   4.6276523e+01
   4.4495271e+01
   4.3074145e+01
   4.2088999e+01
   4.1618841e+01
   4.1745278e+01
   4.2551893e+01
   4.4123547e+01
   4.6545638e+01
   4.9903287e+01
   5.4280491e+01
   5.9759222e+01
   6.6418505e+01
   7.4333467e+01
   8.3574370e+01
   9.4205653e+01
   1.0628497e+02
   1.1986227e+02
   1.3497889e+02
   1.5166672e+02
   1.6994739e+02
   1.8983161e+02
   2.1131848e+02
   2.3439501e+02
   2.5903570e+02
   2.8520221e+02
   3.1284321e+02
   3.4189434e+02
   3.7227830e+02
   4.0390511e+02
   4.3667247e+02
   4.7046633e+02
   5.0516150e+02
   5.4062253e+02
   5.7670458e+02
   6.1325454e+02
   6.5011212e+02
   6.8711121e+02
   7.2408115e+02
   7.6084817e+02
   7.9723690e+02
   8.3307180e+02
   8.6817873e+02
   9.0238646e+02
   9.3552815e+02
   9.6744278e+02
   9.9797661e+02
   1.0269844e+03
   1.0543308e+03
   1.0798913e+03
   1.1035532e+03
   1.1252167e+03
   1.1447955e+03
   1.1622174e+03
   1.1774246e+03
   1.1903742e+03
   1.2010382e+03
   1.2094034e+03
   1.2154714e+03
   1.2192581e+03
   1.2207932e+03
   1.2201197e+03
   1.2172934e+03
   1.2123815e+03
   1.2054622e+03
   1.1966236e+03
   1.1859625e+03
   1.1735834e+03
   1.1595975e+03
   1.1441211e+03
   1.1272750e+03
   1.1091830e+03
   1.0899710e+03
   1.0697656e+03
   1.0486934e+03
   1.0268799e+03
   1.0044483e+03
   9.8151924e+02
   9.5820943e+02
   9.3463134e+02
   9.1089244e+02
   8.8709472e+02
   8.6333425e+02
   8.3970083e+02
   8.1627774e+02
   7.9314155e+02
   7.7036201e+02
   7.4800201e+02
   7.2611764e+02
   7.0475825e+02
   6.8396665e+02
   6.6377926e+02
   6.4422638e+02
   6.2533248e+02
   6.0711648e+02
   5.8959214e+02
   5.7276833e+02
   5.5664950e+02
   5.4123598e+02
   5.2652436e+02
   5.1250794e+02
   4.9917699e+02
   4.8651921e+02
   4.7452003e+02
   4.6316296e+02
   4.5242989e+02
   4.4230142e+02
   4.3275713e+02
   4.2377582e+02
   4.1533579e+02
   4.0741502e+02
   3.9999140e+02
   3.9304288e+02
   3.8654766e+02
   3.8048428e+02
   3.7483179e+02
   3.6956984e+02
   3.6467876e+02
   3.6013961e+02
   3.5593428e+02
   3.5204552e+02
   3.4845697e+02
   3.4515318e+02
   3.4211966e+02
   3.3934284e+02
   3.3681012e+02
   3.3450982e+02
   3.3243123e+02
   3.3056456e+02
   3.2890094e+02
   3.2743239e+02
   3.2615186e+02
   3.2505315e+02
   3.2413094e+02
   3.2338073e+02
   3.2279891e+02
   3.2238266e+02
   3.2212999e+02
   3.2203975e+02
