   1.2680031e+03
   1.2680073e+03
   1.2680196e+03
   1.2680400e+03
   1.2680678e+03
   1.2681024e+03
   1.2681428e+03
   1.2681878e+03
   1.2682363e+03
   1.2682866e+03
   1.2683371e+03
   1.2683858e+03
   1.2684307e+03
   1.2684694e+03
   1.2684995e+03
   1.2685184e+03
   1.2685233e+03
   1.2685112e+03
   1.2684789e+03
   1.2684231e+03
   1.2683404e+03
   1.2682273e+03
   1.2680799e+03
   1.2678944e+03
   1.2676668e+03
   1.2673930e+03
   1.2670688e+03
   1.2666900e+03
   1.2662520e+03
   1.2657504e+03
   1.2651807e+03
   1.2645383e+03
   1.2638184e+03
   1.2630165e+03
   1.2621277e+03
   1.2611473e+03
   1.2600705e+03
   1.2588926e+03
   1.2576088e+03
   1.2562144e+03
   1.2547048e+03
   1.2530752e+03
   1.2513212e+03
   1.2494382e+03
   1.2474218e+03
   1.2452678e+03
   1.2429718e+03
   1.2405299e+03
   1.2379380e+03
   1.2351925e+03
   1.2322895e+03
   1.2292258e+03
   1.2259979e+03
   1.2226027e+03
   1.2190374e+03
   1.2152992e+03
   1.2113857e+03
   1.2072945e+03
   1.2030238e+03
   1.1985716e+03
   1.1939364e+03
   1.1891170e+03
   1.1841124e+03
   1.1789217e+03
   1.1735446e+03
   1.1679808e+03
   1.1622304e+03
   1.1562937e+03
   1.1501715e+03
   1.1438645e+03
   1.1373741e+03
   1.1307017e+03
   1.1238490e+03
   1.1168182e+03
   1.1096116e+03
   1.1022317e+03
   1.0946815e+03
   1.0869641e+03
   1.0790829e+03
   1.0710415e+03
   1.0628439e+03
   1.0544942e+03
   1.0459967e+03
   1.0373561e+03
   1.0285771e+03
   1.0196648e+03
   1.0106244e+03
   1.0014613e+03
   9.9218096e+02
   9.8278924e+02
   9.7329198e+02
   9.6369519e+02
   9.5400503e+02
   9.4422777e+02
   9.3436977e+02
   9.2443751e+02
   9.1443752e+02
   9.0437643e+02
   8.9426090e+02
   8.8409765e+02
   8.7389343e+02
   8.6365501e+02
   8.5338916e+02
   8.4310267e+02
   8.3280229e+02
   8.2249478e+02
   8.1218682e+02
   8.0188509e+02
   7.9159618e+02
   7.8132665e+02
   7.7108295e+02
   7.6087147e+02
   7.5069851e+02
   7.4057026e+02
   7.3049280e+02
   7.2047212e+02
   7.1051407e+02
   7.0062437e+02
   6.9080863e+02
   6.8107230e+02
   6.7142070e+02
   6.6185899e+02
   6.5239220e+02
   6.4302520e+02
   6.3376269e+02
   6.2460923e+02
   6.1556921e+02
   6.0664685e+02
   5.9784622e+02
   5.8917122e+02
   5.8062559e+02
   5.7221291e+02
   5.6393658e+02
   5.5579985e+02
   5.4780582e+02
   5.3995740e+02
   5.3225738e+02
   5.2470838e+02
   5.1731286e+02
   5.1007314e+02
   5.0299140e+02
   4.9606967e+02
   4.8930984e+02
   4.8271368e+02
   4.7628283e+02
   4.7001878e+02
   4.6392294e+02
   4.5799657e+02
   4.5224083e+02
   4.4665678e+02
   4.4124538e+02
   4.3600748e+02
   4.3094387e+02
   4.2605521e+02
   4.2134212e+02
   4.1680513e+02
   4.1244469e+02
   4.0826120e+02
   4.0425499e+02
   4.0042634e+02
   3.9677549e+02
   3.9330262e+02
   3.9000787e+02
   3.8689134e+02
   3.8395312e+02
   3.8119325e+02
   3.7861175e+02
   3.7620863e+02
   3.7398387e+02
   3.7193744e+02
   3.7006932e+02
   3.6837945e+02
   3.6686778e+02
   3.6553428e+02
   3.6437888e+02
   3.6340154e+02
   3.6260222e+02
   3.6198087e+02
   3.6153748e+02
   3.6127200e+02
   3.6118444e+02
   3.6127478e+02
   3.6154302e+02
   3.6198918e+02
   3.6261328e+02
   3.6341533e+02
   3.6439539e+02
   3.6555348e+02
   3.6688966e+02
   3.6840396e+02
   3.7009643e+02
   3.7196712e+02
   3.7401607e+02
   3.7624331e+02
   3.7864886e+02
   3.8123274e+02
   3.8399494e+02
   3.8693543e+02
   3.9005416e+02
   3.9335105e+02
   3.9682599e+02
   4.0047884e+02
   4.0430941e+02
   4.0831747e+02
   4.1250273e+02
   4.1686486e+02
   4.2140346e+02
   4.2611806e+02
   4.3100814e+02
   4.3607310e+02
   4.4131223e+02
   4.4672478e+02
   4.5230988e+02
   4.5806657e+02
   4.6399380e+02
   4.7009040e+02
   4.7635510e+02
   4.8278651e+02
   4.8938312e+02
   4.9614330e+02
   5.0306529e+02
   5.1014718e+02
   5.1738695e+02
   5.2478242e+02
   5.3233128e+02
   5.4003106e+02
   5.4787913e+02
   5.5587274e+02
   5.6400894e+02
   5.7228466e+02
   5.8069665e+02
   5.8924149e+02
   5.9791563e+02
   6.0671532e+02
   6.1563667e+02
   6.2467561e+02
   6.3382792e+02
   6.4308921e+02
   6.5245494e+02
   6.6192041e+02
   6.7148073e+02
   6.8113092e+02
   6.9086579e+02
   7.0068003e+02
   7.1056820e+02
   7.2052469e+02
   7.3054379e+02
   7.4061965e+02
   7.5074630e+02
   7.6091764e+02
   7.7112750e+02
   7.8136958e+02
   7.9163750e+02
   8.0192480e+02
   8.1222495e+02
   8.2253133e+02
   8.3283730e+02
   8.4313616e+02
   8.5342116e+02
   8.6368555e+02
   8.7392255e+02
   8.8412539e+02
   8.9428729e+02
   9.0440153e+02
   9.1446137e+02
   9.2446015e+02
   9.3439127e+02
   9.4424816e+02
   9.5402438e+02
   9.6371354e+02
   9.7330939e+02
   9.8280576e+02
   9.9219665e+02
   1.0014762e+03
   1.0106386e+03
   1.0196783e+03
   1.0285900e+03
   1.0373684e+03
   1.0460085e+03
   1.0545055e+03
   1.0628548e+03
   1.0710520e+03
   1.0790931e+03
   1.0869740e+03
   1.0946911e+03
   1.1022411e+03
   1.1096207e+03
   1.1168272e+03
   1.1238579e+03
   1.1307104e+03
   1.1373827e+03
   1.1438731e+03
   1.1501800e+03
   1.1563022e+03
   1.1622388e+03
   1.1679892e+03
   1.1735530e+03
   1.1789302e+03
   1.1841208e+03
   1.1891255e+03
   1.1939449e+03
   1.1985801e+03
   1.2030323e+03
   1.2073031e+03
   1.2113942e+03
   1.2153078e+03
   1.2190459e+03
   1.2226112e+03
   1.2260064e+03
   1.2292342e+03
   1.2322980e+03
   1.2352008e+03
   1.2379463e+03
   1.2405381e+03
   1.2429799e+03
   1.2452758e+03
   1.2474298e+03
   1.2494460e+03
   1.2513289e+03
   1.2530828e+03
   1.2547122e+03
   1.2562217e+03
   1.2576159e+03
   1.2588995e+03
   1.2600772e+03
   1.2611538e+03
   1.2621340e+03
   1.2630226e+03
   1.2638244e+03
   1.2645440e+03
   1.2651863e+03
   1.2657558e+03
   1.2662571e+03
   1.2666949e+03
   1.2670735e+03
   1.2673975e+03
   1.2676710e+03
   1.2678984e+03
   1.2680837e+03
   1.2682309e+03
   1.2683439e+03
   1.2684263e+03
   1.2684819e+03
   1.2685140e+03
   1.2685260e+03
   1.2685209e+03
   1.2685018e+03
   1.2684715e+03
   1.2684326e+03
   1.2683875e+03
   1.2683387e+03
   1.2682880e+03
   1.2682375e+03
   1.2681889e+03
   1.2681437e+03
   1.2681032e+03
   1.2680684e+03
   1.2680405e+03
   1.2680200e+03
   1.2680074e+03
   1.2680031e+03
