   2.5716502e+03
   2.5712504e+03
   2.5704705e+03
   2.5693168e+03
   2.5677988e+03
   2.5659296e+03
   2.5637256e+03
   2.5612063e+03
   2.5583944e+03
   2.5553153e+03
   2.5519974e+03
   2.5484714e+03
   2.5447701e+03
   2.5409286e+03
   2.5369832e+03
   2.5329715e+03
   2.5289320e+03
   2.5249034e+03
   2.5209243e+03
   2.5170324e+03
   2.5132644e+03
   2.5096547e+03
   2.5062354e+03
   2.5030355e+03
   2.5000797e+03
   2.4973885e+03
   2.4949770e+03
   2.4928541e+03
   2.4910226e+03
   2.4894774e+03
   2.4882062e+03
   2.4871878e+03
   2.4863926e+03
   2.4857815e+03
   2.4853062e+03
   2.4849085e+03
   2.4845208e+03
   2.4840659e+03
   2.4834572e+03
   2.4825992e+03
   2.4813879e+03
   2.4797118e+03
   2.4774524e+03
   2.4744854e+03
   2.4706816e+03
   2.4659086e+03
   2.4600318e+03
   2.4529159e+03
   2.4444269e+03
   2.4344331e+03
   2.4228073e+03
   2.4094284e+03
   2.3941827e+03
   2.3769661e+03
   2.3576854e+03
   2.3362599e+03
   2.3126224e+03
   2.2867214e+03
   2.2585213e+03
   2.2280039e+03
   2.1951691e+03
   2.1600355e+03
   2.1226412e+03
   2.0830436e+03
   2.0413200e+03
   1.9975676e+03
   1.9519031e+03
   1.9044629e+03
   1.8554023e+03
   1.8048955e+03
   1.7531349e+03
   1.7003304e+03
   1.6467093e+03
   1.5925151e+03
   1.5380072e+03
   1.4834601e+03
   1.4291627e+03
   1.3754173e+03
   1.3225390e+03
   1.2708545e+03
   1.2207011e+03
   1.1724257e+03
   1.1263829e+03
   1.0829340e+03
   1.0424445e+03
   1.0052826e+03
   9.7181656e+02
   9.4241195e+02
   9.1742884e+02
   8.9721849e+02
   8.8211980e+02
   8.7245554e+02
   8.6852831e+02
   8.7061637e+02
   8.7896937e+02
   8.9380395e+02
   9.1529950e+02
   9.4359393e+02
   9.7877975e+02
   1.0209004e+03
   1.0699469e+03
   1.1258553e+03
   1.1885043e+03
   1.2577138e+03
   1.3332441e+03
   1.4147959e+03
   1.5020112e+03
   1.5944749e+03
   1.6917173e+03
   1.7932173e+03
   1.8984072e+03
   2.0066769e+03
   2.1173801e+03
   2.2298405e+03
   2.3433583e+03
   2.4572177e+03
   2.5706946e+03
   2.6830639e+03
   2.7936074e+03
   2.9016218e+03
   3.0064256e+03
   3.1073668e+03
   3.2038293e+03
   3.2952392e+03
   3.3810703e+03
   3.4608490e+03
   3.5341582e+03
   3.6006408e+03
   3.6600019e+03
   3.7120103e+03
   3.7564995e+03
   3.7933672e+03
   3.8225746e+03
   3.8441447e+03
   3.8581594e+03
   3.8647575e+03
   3.8641299e+03
   3.8565165e+03
   3.8422013e+03
   3.8215077e+03
   3.7947937e+03
   3.7624466e+03
   3.7248779e+03
   3.6825185e+03
   3.6358131e+03
   3.5852160e+03
   3.5311861e+03
   3.4741826e+03
   3.4146611e+03
   3.3530698e+03
   3.2898463e+03
   3.2254146e+03
   3.1601826e+03
   3.0945400e+03
   3.0288567e+03
   2.9634811e+03
   2.8987397e+03
   2.8349359e+03
   2.7723502e+03
   2.7112400e+03
   2.6518397e+03
   2.5943617e+03
   2.5389968e+03
   2.4859153e+03
   2.4352677e+03
   2.3871866e+03
   2.3417872e+03
   2.2991695e+03
   2.2594186e+03
   2.2226073e+03
   2.1887966e+03
   2.1580371e+03
   2.1303709e+03
   2.1058323e+03
   2.0844488e+03
   2.0662427e+03
   2.0512313e+03
   2.0394285e+03
   2.0308447e+03
   2.0254875e+03
   2.0233625e+03
   2.0244731e+03
   2.0288204e+03
   2.0364038e+03
   2.0472201e+03
   2.0612633e+03
   2.0785243e+03
   2.0989900e+03
   2.1226425e+03
   2.1494584e+03
   2.1794074e+03
   2.2124515e+03
   2.2485435e+03
   2.2876259e+03
   2.3296294e+03
   2.3744716e+03
   2.4220555e+03
   2.4722681e+03
   2.5249791e+03
   2.5800395e+03
   2.6372806e+03
   2.6965125e+03
   2.7575235e+03
   2.8200793e+03
   2.8839222e+03
   2.9487712e+03
   3.0143214e+03
   3.0802450e+03
   3.1461913e+03
   3.2117879e+03
   3.2766421e+03
   3.3403425e+03
   3.4024611e+03
   3.4625561e+03
   3.5201747e+03
   3.5748561e+03
   3.6261358e+03
   3.6735494e+03
   3.7166367e+03
   3.7549471e+03
   3.7880436e+03
   3.8155085e+03
   3.8369484e+03
   3.8519995e+03
   3.8603324e+03
   3.8616575e+03
   3.8557296e+03
   3.8423527e+03
   3.8213836e+03
   3.7927362e+03
   3.7563839e+03
   3.7123627e+03
   3.6607723e+03
   3.6017777e+03
   3.5356087e+03
   3.4625600e+03
   3.3829889e+03
   3.2973135e+03
   3.2060088e+03
   3.1096035e+03
   3.0086740e+03
   2.9038398e+03
   2.7957568e+03
   2.6851104e+03
   2.5726087e+03
   2.4589743e+03
   2.3449374e+03
   2.2312272e+03
   2.1185642e+03
   2.0076532e+03
   1.8991751e+03
   1.7937808e+03
   1.6920841e+03
   1.5946566e+03
   1.5020223e+03
   1.4146536e+03
   1.3329675e+03
   1.2573236e+03
   1.1880219e+03
   1.1253022e+03
   1.0693442e+03
   1.0202680e+03
   9.7813597e+02
   9.4295497e+02
   9.1467892e+02
   8.9321228e+02
   8.7841381e+02
   8.7010052e+02
   8.6805202e+02
   8.7201487e+02
   8.8170701e+02
   8.9682216e+02
   9.1703406e+02
   9.4200061e+02
   9.7136770e+02
   1.0047728e+03
   1.0418484e+03
   1.0822249e+03
   1.1255332e+03
   1.1714074e+03
   1.2194867e+03
   1.2694173e+03
   1.3208541e+03
   1.3734616e+03
   1.4269159e+03
   1.4809049e+03
   1.5351300e+03
   1.5893062e+03
   1.6431634e+03
   1.6964465e+03
   1.7489166e+03
   1.8003513e+03
   1.8505454e+03
   1.8993110e+03
   1.9464785e+03
   1.9918968e+03
   2.0354335e+03
   2.0769755e+03
   2.1164289e+03
   2.1537191e+03
   2.1887908e+03
   2.2216079e+03
   2.2521528e+03
   2.2804264e+03
   2.3064469e+03
   2.3302494e+03
   2.3518848e+03
   2.3714185e+03
   2.3889293e+03
   2.4045081e+03
   2.4182563e+03
   2.4302844e+03
   2.4407100e+03
   2.4496568e+03
   2.4572523e+03
   2.4636268e+03
   2.4689113e+03
   2.4732362e+03
   2.4767298e+03
   2.4795170e+03
   2.4817182e+03
   2.4834478e+03
   2.4848136e+03
   2.4859161e+03
   2.4868473e+03
   2.4876907e+03
   2.4885207e+03
   2.4894024e+03
   2.4903915e+03
   2.4915345e+03
   2.4928685e+03
   2.4944221e+03
   2.4962148e+03
   2.4982587e+03
   2.5005577e+03
   2.5031091e+03
   2.5059038e+03
   2.5089268e+03
   2.5121581e+03
   2.5155733e+03
   2.5191445e+03
   2.5228404e+03
   2.5266275e+03
   2.5304705e+03
   2.5343329e+03
   2.5381777e+03
   2.5419674e+03
   2.5456655e+03
   2.5492358e+03
   2.5526436e+03
   2.5558558e+03
   2.5588413e+03
   2.5615711e+03
   2.5640188e+03
   2.5661608e+03
   2.5679762e+03
   2.5694473e+03
   2.5705597e+03
   2.5713023e+03
   2.5716672e+03
   2.5716502e+03
