   2.8329362e+02
   2.8334852e+02
   2.8350835e+02
   2.8377218e+02
   2.8413842e+02
   2.8460488e+02
   2.8516877e+02
   2.8582672e+02
   2.8657482e+02
   2.8740864e+02
   2.8832327e+02
   2.8931335e+02
   2.9037315e+02
   2.9149658e+02
   2.9267726e+02
   2.9390863e+02
   2.9518393e+02
   2.9649637e+02
   2.9783913e+02
   2.9920549e+02
   3.0058892e+02
   3.0198313e+02
   3.0338224e+02
   3.0478079e+02
   3.0617394e+02
   3.0755749e+02
   3.0892806e+02
   3.1028312e+02
   3.1162117e+02
   3.1294178e+02
   3.1424573e+02
   3.1553509e+02
   3.1681327e+02
   3.1808516e+02
   3.1935715e+02
   3.2063720e+02
   3.2193487e+02
   3.2326135e+02
   3.2462946e+02
   3.2605366e+02
   3.2754998e+02
   3.2913599e+02
   3.3083071e+02
   3.3265453e+02
   3.3462906e+02
   3.3677697e+02
   3.3912187e+02
   3.4168804e+02
   3.4450025e+02
   3.4758352e+02
   3.5096283e+02
   3.5466284e+02
   3.5870762e+02
   3.6312030e+02
   3.6792277e+02
   3.7313535e+02
   3.7877646e+02
   3.8486229e+02
   3.9140648e+02
   3.9841981e+02
   4.0590991e+02
   4.1388100e+02
   4.2233363e+02
   4.3126449e+02
   4.4066618e+02
   4.5052714e+02
   4.6083150e+02
   4.7155906e+02
   4.8268527e+02
   4.9418131e+02
   5.0601412e+02
   5.1814666e+02
   5.3053801e+02
   5.4314370e+02
   5.5591597e+02
   5.6880414e+02
   5.8175500e+02
   5.9471326e+02
   6.0762196e+02
   6.2042302e+02
   6.3305773e+02
   6.4546726e+02
   6.5759324e+02
   6.6937823e+02
   6.8076633e+02
   6.9170361e+02
   7.0213866e+02
   7.1202306e+02
   7.2131175e+02
   7.2996351e+02
   7.3794124e+02
   7.4521226e+02
   7.5174861e+02
   7.5752717e+02
   7.6252984e+02
   7.6674359e+02
   7.7016047e+02
   7.7277760e+02
   7.7459700e+02
   7.7562551e+02
   7.7587455e+02
   7.7535988e+02
   7.7410131e+02
   7.7212236e+02
   7.6944994e+02
   7.6611392e+02
   7.6214679e+02
   7.5758321e+02
   7.5245961e+02
   7.4681378e+02
   7.4068446e+02
   7.3411094e+02
   7.2713267e+02
   7.1978895e+02
   7.1211852e+02
   7.0415932e+02
   6.9594820e+02
   6.8752062e+02
   6.7891055e+02
   6.7015020e+02
   6.6126990e+02
   6.5229806e+02
   6.4326101e+02
   6.3418302e+02
   6.2508627e+02
   6.1599087e+02
   6.0691490e+02
   5.9787451e+02
   5.8888395e+02
   5.7995572e+02
   5.7110069e+02
   5.6232820e+02
   5.5364621e+02
   5.4506145e+02
   5.3657955e+02
   5.2820521e+02
   5.1994232e+02
   5.1179409e+02
   5.0376323e+02
   4.9585200e+02
   4.8806242e+02
   4.8039627e+02
   4.7285529e+02
   4.6544119e+02
   4.5815576e+02
   4.5100091e+02
   4.4397876e+02
   4.3709163e+02
   4.3034211e+02
   4.2373307e+02
   4.1726766e+02
   4.1094933e+02
   4.0478180e+02
   3.9876909e+02
   3.9291546e+02
   3.8722541e+02
   3.8170367e+02
   3.7635512e+02
   3.7118480e+02
   3.6619788e+02
   3.6139958e+02
   3.5679516e+02
   3.5238991e+02
   3.4818907e+02
   3.4419780e+02
   3.4042117e+02
   3.3686411e+02
   3.3353138e+02
   3.3042754e+02
   3.2755692e+02
   3.2492359e+02
   3.2253136e+02
   3.2038372e+02
   3.1848385e+02
   3.1683461e+02
   3.1543849e+02
   3.1429760e+02
   3.1341371e+02
   3.1278819e+02
   3.1242201e+02
   3.1231574e+02
   3.1246958e+02
   3.1288330e+02
   3.1355628e+02
   3.1448750e+02
   3.1567556e+02
   3.1711867e+02
   3.1881464e+02
   3.2076096e+02
   3.2295473e+02
   3.2539272e+02
   3.2807140e+02
   3.3098691e+02
   3.3413513e+02
   3.3751168e+02
   3.4111196e+02
   3.4493115e+02
   3.4896428e+02
   3.5320622e+02
   3.5765175e+02
   3.6229558e+02
   3.6713237e+02
   3.7215680e+02
   3.7736358e+02
   3.8274749e+02
   3.8830344e+02
   3.9402647e+02
   3.9991181e+02
   4.0595490e+02
   4.1215140e+02
   4.1849726e+02
   4.2498868e+02
   4.3162216e+02
   4.3839449e+02
   4.4530276e+02
   4.5234432e+02
   4.5951679e+02
   4.6681802e+02
   4.7424605e+02
   4.8179905e+02
   4.8947525e+02
   4.9727292e+02
   5.0519021e+02
   5.1322510e+02
   5.2137529e+02
   5.2963808e+02
   5.3801022e+02
   5.4648782e+02
   5.5506620e+02
   5.6373971e+02
   5.7250166e+02
   5.8134408e+02
   5.9025766e+02
   5.9923158e+02
   6.0825336e+02
   6.1730879e+02
   6.2638179e+02
   6.3545431e+02
   6.4450631e+02
   6.5351568e+02
   6.6245823e+02
   6.7130770e+02
   6.8003579e+02
   6.8861223e+02
   6.9700490e+02
   7.0517998e+02
   7.1310207e+02
   7.2073444e+02
   7.2803928e+02
   7.3497794e+02
   7.4151127e+02
   7.4759991e+02
   7.5320471e+02
   7.5828705e+02
   7.6280926e+02
   7.6673504e+02
   7.7002985e+02
   7.7266133e+02
   7.7459972e+02
   7.7581823e+02
   7.7629344e+02
   7.7600567e+02
   7.7493926e+02
   7.7308289e+02
   7.7042981e+02
   7.6697809e+02
   7.6273069e+02
   7.5769564e+02
   7.5188604e+02
   7.4532004e+02
   7.3802081e+02
   7.3001637e+02
   7.2133942e+02
   7.1202707e+02
   7.0212060e+02
   6.9166503e+02
   6.8070882e+02
   6.6930336e+02
   6.5750254e+02
   6.4536227e+02
   6.3293993e+02
   6.2029387e+02
   6.0748286e+02
   5.9456558e+02
   5.8160004e+02
   5.6864312e+02
   5.5575007e+02
   5.4297402e+02
   5.3036558e+02
   5.1797243e+02
   5.0583897e+02
   4.9400602e+02
   4.8251058e+02
   4.7138559e+02
   4.6065982e+02
   4.5035774e+02
   4.4049948e+02
   4.3110083e+02
   4.2217329e+02
   4.1372418e+02
   4.0575677e+02
   3.9827045e+02
   3.9126095e+02
   3.8472059e+02
   3.7863854e+02
   3.7300113e+02
   3.6779214e+02
   3.6299312e+02
   3.5858374e+02
   3.5454208e+02
   3.5084499e+02
   3.4746842e+02
   3.4438768e+02
   3.4157778e+02
   3.3901374e+02
   3.3667077e+02
   3.3452459e+02
   3.3255163e+02
   3.3072922e+02
   3.2903576e+02
   3.2745088e+02
   3.2595559e+02
   3.2453233e+02
   3.2316508e+02
   3.2183942e+02
   3.2054254e+02
   3.1926326e+02
   3.1799206e+02
   3.1672098e+02
   3.1544367e+02
   3.1415525e+02
   3.1285231e+02
   3.1153281e+02
   3.1019598e+02
   3.0884226e+02
   3.0747318e+02
   3.0609125e+02
   3.0469988e+02
   3.0330326e+02
   3.0190625e+02
   3.0051430e+02
   2.9913331e+02
   2.9776955e+02
   2.9642956e+02
   2.9512006e+02
   2.9384785e+02
   2.9261974e+02
   2.9144247e+02
   2.9032260e+02
   2.8926649e+02
   2.8828023e+02
   2.8736955e+02
   2.8653979e+02
   2.8579584e+02
   2.8514213e+02
   2.8458257e+02
   2.8412049e+02
   2.8375869e+02
   2.8349934e+02
   2.8334400e+02
   2.8329362e+02
