   2.7767991e+02
   2.7767772e+02
   2.7767146e+02
   2.7766099e+02
   2.7764609e+02
   2.7762645e+02
   2.7760168e+02
   2.7757130e+02
   2.7753474e+02
   2.7749135e+02
   2.7744039e+02
   2.7738106e+02
   2.7731245e+02
   2.7723358e+02
   2.7714341e+02
   2.7704081e+02
   2.7692458e+02
   2.7679344e+02
   2.7664607e+02
   2.7648106e+02
   2.7629694e+02
   2.7609220e+02
   2.7586526e+02
   2.7561448e+02
   2.7533821e+02
   2.7503471e+02
   2.7470224e+02
   2.7433901e+02
   2.7394319e+02
   2.7351294e+02
   2.7304640e+02
   2.7254170e+02
   2.7199696e+02
   2.7141028e+02
   2.7077980e+02
   2.7010363e+02
   2.6937994e+02
   2.6860689e+02
   2.6778268e+02
   2.6690555e+02
   2.6597378e+02
   2.6498571e+02
   2.6393973e+02
   2.6283428e+02
   2.6166790e+02
   2.6043919e+02
   2.5914684e+02
   2.5778964e+02
   2.5636645e+02
   2.5487627e+02
   2.5331819e+02
   2.5169142e+02
   2.4999530e+02
   2.4822930e+02
   2.4639300e+02
   2.4448614e+02
   2.4250861e+02
   2.4046041e+02
   2.3834172e+02
   2.3615287e+02
   2.3389433e+02
   2.3156674e+02
   2.2917089e+02
   2.2670773e+02
   2.2417836e+02
   2.2158406e+02
   2.1892625e+02
   2.1620651e+02
   2.1342656e+02
   2.1058829e+02
   2.0769372e+02
   2.0474502e+02
   2.0174449e+02
   1.9869457e+02
   1.9559782e+02
   1.9245691e+02
   1.8927464e+02
   1.8605390e+02
   1.8279768e+02
   1.7950904e+02
   1.7619115e+02
   1.7284723e+02
   1.6948055e+02
   1.6609446e+02
   1.6269231e+02
   1.5927751e+02
   1.5585349e+02
   1.5242366e+02
   1.4899146e+02
   1.4556030e+02
   1.4213358e+02
   1.3871465e+02
   1.3530685e+02
   1.3191344e+02
   1.2853764e+02
   1.2518259e+02
   1.2185135e+02
   1.1854691e+02
   1.1527217e+02
   1.1202990e+02
   1.0882279e+02
   1.0565342e+02
   1.0252424e+02
   9.9437580e+01
   9.6395653e+01
   9.3400532e+01
   9.0454159e+01
   8.7558342e+01
   8.4714750e+01
   8.1924914e+01
   7.9190225e+01
   7.6511933e+01
   7.3891152e+01
   7.1328853e+01
   6.8825875e+01
   6.6382918e+01
   6.4000552e+01
   6.1679217e+01
   5.9419226e+01
   5.7220769e+01
   5.5083918e+01
   5.3008631e+01
   5.0994755e+01
   4.9042032e+01
   4.7150105e+01
   4.5318521e+01
   4.3546738e+01
   4.1834129e+01
   4.0179990e+01
   3.8583544e+01
   3.7043945e+01
   3.5560287e+01
   3.4131606e+01
   3.2756890e+01
   3.1435078e+01
   3.0165073e+01
   2.8945742e+01
   2.7775920e+01
   2.6654422e+01
   2.5580038e+01
   2.4551548e+01
   2.3567716e+01
   2.2627305e+01
   2.1729070e+01
   2.0871770e+01
   2.0054170e+01
   1.9275041e+01
   1.8533167e+01
   1.7827346e+01
   1.7156393e+01
   1.6519143e+01
   1.5914455e+01
   1.5341211e+01
   1.4798319e+01
   1.4284716e+01
   1.3799371e+01
   1.3341282e+01
   1.2909482e+01
   1.2503036e+01
   1.2121045e+01
   1.1762649e+01
   1.1427021e+01
   1.1113374e+01
   1.0820959e+01
   1.0549066e+01
   1.0297025e+01
   1.0064203e+01
   9.8500110e+00
   9.6538971e+00
   9.4753513e+00
   9.3139040e+00
   9.1691261e+00
   9.0406295e+00
   8.9280667e+00
   8.8311313e+00
   8.7495577e+00
   8.6831212e+00
   8.6316378e+00
   8.5949646e+00
   8.5729995e+00
   8.5656814e+00
   8.5729897e+00
   8.5949450e+00
   8.6316087e+00
   8.6830829e+00
   8.7495107e+00
   8.8310760e+00
   8.9280038e+00
   9.0405598e+00
   9.1690505e+00
   9.3138234e+00
   9.4752669e+00
   9.6538101e+00
   9.8499227e+00
   1.0064115e+01
   1.0296939e+01
   1.0548984e+01
   1.0820882e+01
   1.1113304e+01
   1.1426960e+01
   1.1762600e+01
   1.2121010e+01
   1.2503017e+01
   1.2909483e+01
   1.3341305e+01
   1.3799419e+01
   1.4284792e+01
   1.4798426e+01
   1.5341353e+01
   1.5914635e+01
   1.6519365e+01
   1.7156660e+01
   1.7827663e+01
   1.8533538e+01
   1.9275471e+01
   2.0054662e+01
   2.0872329e+01
   2.1729701e+01
   2.2628012e+01
   2.3568506e+01
   2.4552424e+01
   2.5581006e+01
   2.6655487e+01
   2.7777088e+01
   2.8947018e+01
   3.0166464e+01
   3.1436588e+01
   3.2758525e+01
   3.4133373e+01
   3.5562191e+01
   3.7045992e+01
   3.8585741e+01
   4.0182342e+01
   4.1836642e+01
   4.3549418e+01
   4.5321374e+01
   4.7153138e+01
   4.9045250e+01
   5.0998164e+01
   5.3012237e+01
   5.5087726e+01
   5.7224785e+01
   5.9423455e+01
   6.1683665e+01
   6.4005223e+01
   6.6387817e+01
   6.8831007e+01
   7.1334223e+01
   7.3896763e+01
   7.6517790e+01
   7.9196330e+01
   8.1931272e+01
   8.4721364e+01
   8.7565214e+01
   9.0461291e+01
   9.3407926e+01
   9.6403312e+01
   9.9445504e+01
   1.0253243e+02
   1.0566187e+02
   1.0883151e+02
   1.1203889e+02
   1.1528142e+02
   1.1855643e+02
   1.2186113e+02
   1.2519263e+02
   1.2854794e+02
   1.3192400e+02
   1.3531766e+02
   1.3872571e+02
   1.4214488e+02
   1.4557184e+02
   1.4900323e+02
   1.5243566e+02
   1.5586571e+02
   1.5928995e+02
   1.6270496e+02
   1.6610731e+02
   1.6949360e+02
   1.7286046e+02
   1.7620456e+02
   1.7952262e+02
   1.8281142e+02
   1.8606780e+02
   1.8928868e+02
   1.9247108e+02
   1.9561211e+02
   1.9870898e+02
   2.0175900e+02
   2.0475962e+02
   2.0770840e+02
   2.1060304e+02
   2.1344137e+02
   2.1622137e+02
   2.1894116e+02
   2.2159899e+02
   2.2419331e+02
   2.2672268e+02
   2.2918584e+02
   2.3158167e+02
   2.3390923e+02
   2.3616773e+02
   2.3835653e+02
   2.4047516e+02
   2.4252329e+02
   2.4450074e+02
   2.4640751e+02
   2.4824370e+02
   2.5000959e+02
   2.5170559e+02
   2.5333222e+02
   2.5489016e+02
   2.5638019e+02
   2.5780322e+02
   2.5916025e+02
   2.6045242e+02
   2.6168095e+02
   2.6284713e+02
   2.6395237e+02
   2.6499815e+02
   2.6598600e+02
   2.6691754e+02
   2.6779444e+02
   2.6861841e+02
   2.6939122e+02
   2.7011466e+02
   2.7079056e+02
   2.7142079e+02
   2.7200719e+02
   2.7255166e+02
   2.7305608e+02
   2.7352234e+02
   2.7395230e+02
   2.7434783e+02
   2.7471077e+02
   2.7504294e+02
   2.7534613e+02
   2.7562210e+02
   2.7587256e+02
   2.7609919e+02
   2.7630361e+02
   2.7648741e+02
   2.7665210e+02
   2.7679915e+02
   2.7692996e+02
   2.7704587e+02
   2.7714814e+02
   2.7723798e+02
   2.7731651e+02
   2.7738479e+02
   2.7744379e+02
   2.7749441e+02
   2.7753746e+02
   2.7757368e+02
   2.7760372e+02
   2.7762815e+02
   2.7764745e+02
   2.7766201e+02
   2.7767214e+02
   2.7767806e+02
   2.7767991e+02
