   1.9117874e+03
   1.9117457e+03
   1.9116225e+03
   1.9114165e+03
   1.9111247e+03
   1.9107434e+03
   1.9102676e+03
   1.9096913e+03
   1.9090075e+03
   1.9082081e+03
   1.9072840e+03
   1.9062250e+03
   1.9050200e+03
   1.9036570e+03
   1.9021228e+03
   1.9004037e+03
   1.8984849e+03
   1.8963508e+03
   1.8939851e+03
   1.8913705e+03
   1.8884895e+03
   1.8853235e+03
   1.8818536e+03
   1.8780603e+03
   1.8739236e+03
   1.8694233e+03
   1.8645386e+03
   1.8592488e+03
   1.8535329e+03
   1.8473698e+03
   1.8407384e+03
   1.8336178e+03
   1.8259874e+03
   1.8178268e+03
   1.8091160e+03
   1.7998354e+03
   1.7899664e+03
   1.7794908e+03
   1.7683913e+03
   1.7566516e+03
   1.7442565e+03
   1.7311920e+03
   1.7174451e+03
   1.7030046e+03
   1.6878604e+03
   1.6720044e+03
   1.6554297e+03
   1.6381318e+03
   1.6201074e+03
   1.6013557e+03
   1.5818777e+03
   1.5616765e+03
   1.5407574e+03
   1.5191279e+03
   1.4967979e+03
   1.4737793e+03
   1.4500866e+03
   1.4257364e+03
   1.4007479e+03
   1.3751422e+03
   1.3489431e+03
   1.3221763e+03
   1.2948700e+03
   1.2670543e+03
   1.2387614e+03
   1.2100255e+03
   1.1808827e+03
   1.1513706e+03
   1.1215288e+03
   1.0913980e+03
   1.0610205e+03
   1.0304398e+03
   9.9970008e+02
   9.6884670e+02
   9.3792555e+02
   9.0698299e+02
   8.7606568e+02
   8.4522038e+02
   8.1449376e+02
   7.8393216e+02
   7.5358148e+02
   7.2348689e+02
   6.9369275e+02
   6.6424233e+02
   6.3517768e+02
   6.0653946e+02
   5.7836676e+02
   5.5069698e+02
   5.2356565e+02
   4.9700630e+02
   4.7105040e+02
   4.4572717e+02
   4.2106355e+02
   3.9708410e+02
   3.7381094e+02
   3.5126368e+02
   3.2945942e+02
   3.0841271e+02
   2.8813555e+02
   2.6863738e+02
   2.4992515e+02
   2.3200328e+02
   2.1487379e+02
   1.9853631e+02
   1.8298816e+02
   1.6822446e+02
   1.5423817e+02
   1.4102025e+02
   1.2855973e+02
   1.1684384e+02
   1.0585813e+02
   9.5586585e+01
   8.6011785e+01
   7.7115003e+01
   6.8876361e+01
   6.1274953e+01
   5.4288986e+01
   4.7895912e+01
   4.2072555e+01
   3.6795243e+01
   3.2039930e+01
   2.7782319e+01
   2.3997973e+01
   2.0662428e+01
   1.7751293e+01
   1.5240352e+01
   1.3105655e+01
   1.1323595e+01
   9.8709963e+00
   8.7251742e+00
   7.8640039e+00
   7.2659744e+00
   6.9102369e+00
   6.7766469e+00
   6.8458001e+00
   7.0990618e+00
   7.5185901e+00
   8.0873524e+00
   8.7891367e+00
   9.6085571e+00
   1.0531054e+01
   1.1542891e+01
   1.2631146e+01
   1.3783698e+01
   1.4989216e+01
   1.6237136e+01
   1.7517641e+01
   1.8821638e+01
   2.0140734e+01
   2.1467205e+01
   2.2793969e+01
   2.4114558e+01
   2.5423084e+01
   2.6714208e+01
   2.7983112e+01
   2.9225464e+01
   3.0437389e+01
   3.1615433e+01
   3.2756539e+01
   3.3858011e+01
   3.4917491e+01
   3.5932922e+01
   3.6902530e+01
   3.7824791e+01
   3.8698407e+01
   3.9522285e+01
   4.0295512e+01
   4.1017334e+01
   4.1687135e+01
   4.2304421e+01
   4.2868799e+01
   4.3379965e+01
   4.3837687e+01
   4.4241791e+01
   4.4592153e+01
   4.4888685e+01
   4.5131328e+01
   4.5320045e+01
   4.5454812e+01
   4.5535616e+01
   4.5562451e+01
   4.5535314e+01
   4.5454209e+01
   4.5319141e+01
   4.5130124e+01
   4.4887181e+01
   4.4590350e+01
   4.4239692e+01
   4.3835292e+01
   4.3377278e+01
   4.2865821e+01
   4.2301155e+01
   4.1683584e+01
   4.1013501e+01
   4.0291402e+01
   3.9517901e+01
   3.8693754e+01
   3.7819874e+01
   3.6897356e+01
   3.5927497e+01
   3.4911821e+01
   3.3852104e+01
   3.2750402e+01
   3.1609077e+01
   3.0430822e+01
   2.9218698e+01
   2.7976157e+01
   2.6707076e+01
   2.5415787e+01
   2.4107112e+01
   2.2786387e+01
   2.1459503e+01
   2.0132929e+01
   1.8813747e+01
   1.7509682e+01
   1.6229129e+01
   1.4981182e+01
   1.3775659e+01
   1.2623123e+01
   1.1534909e+01
   1.0523138e+01
   9.6007316e+00
   8.7814289e+00
   8.0797900e+00
   7.5112018e+00
   7.0918773e+00
   6.8388502e+00
   6.7699636e+00
   6.9038536e+00
   7.2599257e+00
   7.8583257e+00
   8.7199034e+00
   9.8661709e+00
   1.1319254e+01
   1.3101836e+01
   1.5237097e+01
   1.7748642e+01
   2.0660422e+01
   2.3996655e+01
   2.7781730e+01
   3.2040114e+01
   3.6796242e+01
   4.2074414e+01
   4.7898676e+01
   5.4292699e+01
   6.1279660e+01
   6.8882108e+01
   7.7121836e+01
   8.6019748e+01
   9.5595725e+01
   1.0586849e+02
   1.1685547e+02
   1.2857268e+02
   1.4103455e+02
   1.5425388e+02
   1.6824161e+02
   1.8300681e+02
   1.9855649e+02
   2.1489555e+02
   2.3202666e+02
   2.4995018e+02
   2.6866412e+02
   2.8816402e+02
   3.0844296e+02
   3.2949148e+02
   3.5129758e+02
   3.7384672e+02
   3.9712179e+02
   4.2110317e+02
   4.4576875e+02
   4.7109396e+02
   4.9705186e+02
   5.2361322e+02
   5.5074659e+02
   5.7841842e+02
   6.0659316e+02
   6.3523344e+02
   6.6430015e+02
   6.9375263e+02
   7.2354882e+02
   7.5364544e+02
   7.8399814e+02
   8.1456174e+02
   8.4529035e+02
   8.7613759e+02
   9.0705682e+02
   9.3800126e+02
   9.6892426e+02
   9.9977943e+02
   1.0305209e+03
   1.0611033e+03
   1.0914824e+03
   1.1216148e+03
   1.1514581e+03
   1.1809716e+03
   1.2101158e+03
   1.2388530e+03
   1.2671471e+03
   1.2949639e+03
   1.3222712e+03
   1.3490389e+03
   1.3752388e+03
   1.4008452e+03
   1.4258344e+03
   1.4501851e+03
   1.4738783e+03
   1.4968972e+03
   1.5192274e+03
   1.5408570e+03
   1.5617761e+03
   1.5819772e+03
   1.6014551e+03
   1.6202065e+03
   1.6382304e+03
   1.6555279e+03
   1.6721019e+03
   1.6879572e+03
   1.7031005e+03
   1.7175401e+03
   1.7312859e+03
   1.7443494e+03
   1.7567432e+03
   1.7684816e+03
   1.7795797e+03
   1.7900538e+03
   1.7999213e+03
   1.8092002e+03
   1.8179093e+03
   1.8260682e+03
   1.8336967e+03
   1.8408153e+03
   1.8474446e+03
   1.8536057e+03
   1.8593195e+03
   1.8646071e+03
   1.8694895e+03
   1.8739876e+03
   1.8781219e+03
   1.8819128e+03
   1.8853803e+03
   1.8885438e+03
   1.8914224e+03
   1.8940343e+03
   1.8963975e+03
   1.8985290e+03
   1.9004452e+03
   1.9021616e+03
   1.9036931e+03
   1.9050534e+03
   1.9062557e+03
   1.9073120e+03
   1.9082334e+03
   1.9090300e+03
   1.9097110e+03
   1.9102845e+03
   1.9107574e+03
   1.9111360e+03
   1.9114249e+03
   1.9116282e+03
   1.9117485e+03
   1.9117874e+03
