   1.5195881e-04
   3.7224649e-04
   9.9049676e-04
   2.0080295e-03
   3.4258621e-03
   5.2431151e-03
   7.4581960e-03
   1.0069040e-02
   1.3073168e-02
   1.6467708e-02
   2.0249396e-02
   2.4414583e-02
   2.8959236e-02
   3.3878937e-02
   3.9168883e-02
   4.4823890e-02
   5.0838390e-02
   5.7206434e-02
   6.3921689e-02
   7.0977446e-02
   7.8366614e-02
   8.6081725e-02
   9.4114939e-02
   1.0245804e-01
   1.1110243e-01
   1.2003918e-01
   1.2925895e-01
   1.3875206e-01
   1.4850849e-01
   1.5851784e-01
   1.6876939e-01
   1.7925206e-01
   1.8995444e-01
   2.0086481e-01
   2.1197112e-01
   2.2326099e-01
   2.3472179e-01
   2.4634054e-01
   2.5810404e-01
   2.6999876e-01
   2.8201097e-01
   2.9412666e-01
   3.0633160e-01
   3.1861135e-01
   3.3095127e-01
   3.4333654e-01
   3.5575214e-01
   3.6818295e-01
   3.8061369e-01
   3.9302896e-01
   4.0541329e-01
   4.1775113e-01
   4.3002686e-01
   4.4222486e-01
   4.5432948e-01
   4.6632509e-01
   4.7819610e-01
   4.8992698e-01
   5.0150229e-01
   5.1290670e-01
   5.2412500e-01
   5.3514215e-01
   5.4594329e-01
   5.5651379e-01
   5.6683921e-01
   5.7690542e-01
   5.8669854e-01
   5.9620500e-01
   6.0541159e-01
   6.1430544e-01
   6.2287405e-01
   6.3110535e-01
   6.3898768e-01
   6.4650985e-01
   6.5366113e-01
   6.6043127e-01
   6.6681056e-01
   6.7278981e-01
   6.7836039e-01
   6.8351422e-01
   6.8824383e-01
   6.9254233e-01
   6.9640345e-01
   6.9982155e-01
   7.0279164e-01
   7.0530936e-01
   7.0737102e-01
   7.0897360e-01
   7.1011473e-01
   7.1079275e-01
   7.1100666e-01
   7.1075614e-01
   7.1004158e-01
   7.0886403e-01
   7.0722522e-01
   7.0512756e-01
   7.0257415e-01
   6.9956873e-01
   6.9611572e-01
   6.9222016e-01
   6.8788777e-01
   6.8312485e-01
   6.7793835e-01
   6.7233580e-01
   6.6632532e-01
   6.5991559e-01
   6.5311585e-01
   6.4593586e-01
   6.3838591e-01
   6.3047676e-01
   6.2221966e-01
   6.1362628e-01
   6.0470876e-01
   5.9547960e-01
   5.8595170e-01
   5.7613832e-01
   5.6605305e-01
   5.5570976e-01
   5.4512265e-01
   5.3430614e-01
   5.2327488e-01
   5.1204376e-01
   5.0062782e-01
   4.8904226e-01
   4.7730243e-01
   4.6542377e-01
   4.5342181e-01
   4.4131214e-01
   4.2911038e-01
   4.1683217e-01
   4.0449312e-01
   3.9210884e-01
   3.7969485e-01
   3.6726664e-01
   3.5483955e-01
   3.4242886e-01
   3.3004967e-01
   3.1771696e-01
   3.0544554e-01
   2.9325000e-01
   2.8114477e-01
   2.6914405e-01
   2.5726180e-01
   2.4551174e-01
   2.3390733e-01
   2.2246177e-01
   2.1118797e-01
   2.0009855e-01
   1.8920584e-01
   1.7852184e-01
   1.6805825e-01
   1.5782642e-01
   1.4783740e-01
   1.3810186e-01
   1.2863016e-01
   1.1943229e-01
   1.1051788e-01
   1.0189622e-01
   9.3576201e-02
   8.5566384e-02
   7.7874938e-02
   7.0509666e-02
   6.3477992e-02
   5.6786967e-02
   5.0443262e-02
   4.4453169e-02
   3.8822598e-02
   3.3557081e-02
   2.8661764e-02
   2.4141414e-02
   2.0000414e-02
   1.6242763e-02
   1.2872077e-02
   9.8915879e-03
   7.3041387e-03
   5.1121803e-03
   3.3177533e-03
   1.9224320e-03
   9.2708580e-04
   3.3058761e-04
   1.3162821e-04
   3.5237163e-04
   9.7001484e-04
   1.9866709e-03
   3.4032781e-03
   5.2189140e-03
   7.4319750e-03
   1.0040396e-02
   1.3041705e-02
   1.6433036e-02
   2.0211135e-02
   2.4372366e-02
   2.8912707e-02
   3.3827754e-02
   3.9112720e-02
   4.4762436e-02
   5.0771351e-02
   5.7133533e-02
   6.3842671e-02
   7.0892073e-02
   7.8274669e-02
   8.5983013e-02
   9.4009285e-02
   1.0234529e-01
   1.1098247e-01
   1.1991189e-01
   1.2912425e-01
   1.3860991e-01
   1.4835884e-01
   1.5836070e-01
   1.6860477e-01
   1.7908000e-01
   1.8977502e-01
   2.0067812e-01
   2.1177728e-01
   2.2306016e-01
   2.3451412e-01
   2.4612625e-01
   2.5788333e-01
   2.6977189e-01
   2.8177820e-01
   2.9388829e-01
   3.0608794e-01
   3.1836274e-01
   3.3069806e-01
   3.4307910e-01
   3.5549088e-01
   3.6791828e-01
   3.8034604e-01
   3.9275879e-01
   4.0514105e-01
   4.1747730e-01
   4.2975193e-01
   4.4194934e-01
   4.5405387e-01
   4.6604992e-01
   4.7792190e-01
   4.8965429e-01
   5.0123164e-01
   5.1263863e-01
   5.2386006e-01
   5.3488089e-01
   5.4568626e-01
   5.5626152e-01
   5.6659225e-01
   5.7666429e-01
   5.8646377e-01
   5.9597712e-01
   6.0519109e-01
   6.1409282e-01
   6.2266980e-01
   6.3090994e-01
   6.3880157e-01
   6.4633346e-01
   6.5349488e-01
   6.6027558e-01
   6.6666580e-01
   6.7265634e-01
   6.7823854e-01
   6.8340430e-01
   6.8814613e-01
   6.9245711e-01
   6.9633096e-01
   6.9976199e-01
   7.0274519e-01
   7.0527618e-01
   7.0735124e-01
   7.0896730e-01
   7.1012200e-01
   7.1081361e-01
   7.1104113e-01
   7.1080421e-01
   7.1010318e-01
   7.0893909e-01
   7.0731363e-01
   7.0522918e-01
   7.0268882e-01
   6.9969626e-01
   6.9625588e-01
   6.9237271e-01
   6.8805243e-01
   6.8330132e-01
   6.7812631e-01
   6.7253490e-01
   6.6653518e-01
   6.6013583e-01
   6.5334606e-01
   6.4617560e-01
   6.3863474e-01
   6.3073420e-01
   6.2248523e-01
   6.1389949e-01
   6.0498909e-01
   5.9576654e-01
   5.8624471e-01
   5.7643686e-01
   5.6635657e-01
   5.5601772e-01
   5.4543448e-01
   5.3462128e-01
   5.2359278e-01
   5.1236385e-01
   5.0094954e-01
   4.8936506e-01
   4.7762575e-01
   4.6574707e-01
   4.5374456e-01
   4.4163380e-01
   4.2943043e-01
   4.1715010e-01
   4.0480845e-01
   3.9242107e-01
   3.8000354e-01
   3.6757131e-01
   3.5513980e-01
   3.4272425e-01
   3.3033982e-01
   3.1800150e-01
   3.0572410e-01
   2.9352226e-01
   2.8141043e-01
   2.6940281e-01
   2.5751340e-01
   2.4575594e-01
   2.3414392e-01
   2.2269056e-01
   2.1140881e-01
   2.0031129e-01
   1.8941037e-01
   1.7871808e-01
   1.6824613e-01
   1.5800592e-01
   1.4800850e-01
   1.3826458e-01
   1.2878454e-01
   1.1957840e-01
   1.1065581e-01
   1.0202608e-01
   9.3698139e-02
   8.5680557e-02
   7.7981532e-02
   7.0608884e-02
   6.3570063e-02
   5.6872138e-02
   5.0521798e-02
   4.4525355e-02
   3.8888738e-02
   3.3617491e-02
   2.8716780e-02
   2.4191385e-02
   2.0045701e-02
   1.6283741e-02
   1.2909131e-02
   9.9251119e-03
   7.3345344e-03
   5.1398537e-03
   3.3431099e-03
   1.9458649e-03
   9.4894294e-04
   3.5114845e-04
   1.5195881e-04
