   6.1450165e-11
   5.2996621e-09
   1.9920482e-08
   4.4051275e-08
   7.7664749e-08
   1.2072046e-07
   1.7316634e-07
   2.3493890e-07
   3.0596339e-07
   3.8615379e-07
   4.7541302e-07
   5.7363299e-07
   6.8069476e-07
   7.9646868e-07
   9.2081452e-07
   1.0535817e-06
   1.1946093e-06
   1.3437265e-06
   1.5007526e-06
   1.6654974e-06
   1.8377611e-06
   2.0173350e-06
   2.2040014e-06
   2.3975338e-06
   2.5976977e-06
   2.8042502e-06
   3.0169407e-06
   3.2355113e-06
   3.4596966e-06
   3.6892245e-06
   3.9238165e-06
   4.1631876e-06
   4.4070471e-06
   4.6550989e-06
   4.9070415e-06
   5.1625689e-06
   5.4213703e-06
   5.6831312e-06
   5.9475333e-06
   6.2142549e-06
   6.4829717e-06
   6.7533567e-06
   7.0250807e-06
   7.2978130e-06
   7.5712215e-06
   7.8449733e-06
   8.1187348e-06
   8.3921725e-06
   8.6649531e-06
   8.9367441e-06
   9.2072142e-06
   9.4760334e-06
   9.7428739e-06
   1.0007410e-05
   1.0269319e-05
   1.0528281e-05
   1.0783981e-05
   1.1036105e-05
   1.1284345e-05
   1.1528400e-05
   1.1767969e-05
   1.2002762e-05
   1.2232489e-05
   1.2456872e-05
   1.2675634e-05
   1.2888509e-05
   1.3095237e-05
   1.3295564e-05
   1.3489245e-05
   1.3676043e-05
   1.3855730e-05
   1.4028085e-05
   1.4192897e-05
   1.4349965e-05
   1.4499097e-05
   1.4640109e-05
   1.4772828e-05
   1.4897093e-05
   1.5012750e-05
   1.5119659e-05
   1.5217688e-05
   1.5306717e-05
   1.5386636e-05
   1.5457348e-05
   1.5518767e-05
   1.5570816e-05
   1.5613432e-05
   1.5646563e-05
   1.5670168e-05
   1.5684218e-05
   1.5688696e-05
   1.5683596e-05
   1.5668925e-05
   1.5644701e-05
   1.5610952e-05
   1.5567722e-05
   1.5515062e-05
   1.5453038e-05
   1.5381725e-05
   1.5301210e-05
   1.5211593e-05
   1.5112983e-05
   1.5005502e-05
   1.4889280e-05
   1.4764460e-05
   1.4631196e-05
   1.4489650e-05
   1.4339995e-05
   1.4182417e-05
   1.4017106e-05
   1.3844266e-05
   1.3664108e-05
   1.3476853e-05
   1.3282730e-05
   1.3081977e-05
   1.2874839e-05
   1.2661570e-05
   1.2442430e-05
   1.2217688e-05
   1.1987618e-05
   1.1752503e-05
   1.1512628e-05
   1.1268288e-05
   1.1019781e-05
   1.0767410e-05
   1.0511484e-05
   1.0252315e-05
   9.9902196e-06
   9.7255180e-06
   9.4585331e-06
   9.1895907e-06
   8.9190187e-06
   8.6471472e-06
   8.3743076e-06
   8.1008326e-06
   7.8270555e-06
   7.5533098e-06
   7.2799291e-06
   7.0072463e-06
   6.7355934e-06
   6.4653012e-06
   6.1966986e-06
   5.9301126e-06
   5.6658673e-06
   5.4042842e-06
   5.1456815e-06
   4.8903735e-06
   4.6386705e-06
   4.3908786e-06
   4.1472987e-06
   3.9082267e-06
   3.6739530e-06
   3.4447622e-06
   3.2209324e-06
   3.0027353e-06
   2.7904359e-06
   2.5842916e-06
   2.3845526e-06
   2.1914612e-06
   2.0052515e-06
   1.8261494e-06
   1.6543721e-06
   1.4901277e-06
   1.3336154e-06
   1.1850249e-06
   1.0445362e-06
   9.1231954e-07
   7.8853513e-07
   6.7333294e-07
   5.6685250e-07
   4.6922279e-07
   3.8056207e-07
   3.0097770e-07
   2.3056606e-07
   1.6941243e-07
   1.1759084e-07
   7.5164027e-08
   4.2183308e-08
   1.8688344e-08
   4.7052858e-09
   1.5470134e-10
   5.3453600e-09
   1.9968110e-08
   4.4101432e-08
   7.7718263e-08
   1.2077822e-07
   1.7322928e-07
   2.3500799e-07
   3.0603957e-07
   3.8623806e-07
   4.7550637e-07
   5.7373642e-07
   6.8080928e-07
   7.9659527e-07
   9.2095418e-07
   1.0537354e-06
   1.1947780e-06
   1.3439112e-06
   1.5009543e-06
   1.6657170e-06
   1.8379995e-06
   2.0175930e-06
   2.2042799e-06
   2.3978336e-06
   2.5980196e-06
   2.8045949e-06
   3.0173090e-06
   3.2359038e-06
   3.4601139e-06
   3.6896673e-06
   3.9242852e-06
   4.1636827e-06
   4.4075691e-06
   4.6556481e-06
   4.9076182e-06
   5.1631733e-06
   5.4220028e-06
   5.6837918e-06
   5.9482220e-06
   6.2149719e-06
   6.4837169e-06
   6.7541299e-06
   7.0258818e-06
   7.2986418e-06
   7.5720777e-06
   7.8458564e-06
   8.1196445e-06
   8.3931083e-06
   8.6659145e-06
   8.9377305e-06
   9.2082249e-06
   9.4770677e-06
   9.7439310e-06
   1.0008489e-05
   1.0270419e-05
   1.0529402e-05
   1.0785120e-05
   1.1037262e-05
   1.1285520e-05
   1.1529590e-05
   1.1769175e-05
   1.2003981e-05
   1.2233721e-05
   1.2458114e-05
   1.2676886e-05
   1.2889770e-05
   1.3096505e-05
   1.3296837e-05
   1.3490523e-05
   1.3677324e-05
   1.3857012e-05
   1.4029367e-05
   1.4194179e-05
   1.4351244e-05
   1.4500371e-05
   1.4641377e-05
   1.4774090e-05
   1.4898346e-05
   1.5013994e-05
   1.5120892e-05
   1.5218908e-05
   1.5307923e-05
   1.5387827e-05
   1.5458523e-05
   1.5519924e-05
   1.5571954e-05
   1.5614550e-05
   1.5647660e-05
   1.5671243e-05
   1.5685270e-05
   1.5689723e-05
   1.5684598e-05
   1.5669901e-05
   1.5645650e-05
   1.5611875e-05
   1.5568616e-05
   1.5515927e-05
   1.5453873e-05
   1.5382530e-05
   1.5301985e-05
   1.5212337e-05
   1.5113696e-05
   1.5006182e-05
   1.4889929e-05
   1.4765077e-05
   1.4631780e-05
   1.4490202e-05
   1.4340516e-05
   1.4182905e-05
   1.4017563e-05
   1.3844691e-05
   1.3664502e-05
   1.3477216e-05
   1.3283063e-05
   1.3082280e-05
   1.2875112e-05
   1.2661814e-05
   1.2442646e-05
   1.2217876e-05
   1.1987779e-05
   1.1752637e-05
   1.1512737e-05
   1.1268373e-05
   1.1019841e-05
   1.0767448e-05
   1.0511500e-05
   1.0252310e-05
   9.9901946e-06
   9.7254741e-06
   9.4584713e-06
   9.1895119e-06
   8.9189240e-06
   8.6470377e-06
   8.3741844e-06
   8.1006968e-06
   7.8269080e-06
   7.5531519e-06
   7.2797617e-06
   7.0070705e-06
   6.7354103e-06
   6.4651117e-06
   6.1965038e-06
   5.9299134e-06
   5.6656647e-06
   5.4040792e-06
   5.1454750e-06
   4.8901663e-06
   4.6384636e-06
   4.3906726e-06
   4.1470944e-06
   3.9080249e-06
   3.6737544e-06
   3.4445673e-06
   3.2207418e-06
   3.0025497e-06
   2.7902556e-06
   2.5841171e-06
   2.3843843e-06
   2.1912995e-06
   2.0050966e-06
   1.8260015e-06
   1.6542314e-06
   1.4899943e-06
   1.3334893e-06
   1.1849061e-06
   1.0444247e-06
   9.1221519e-07
   7.8843775e-07
   6.7324230e-07
   5.6676832e-07
   4.6914473e-07
   3.8048974e-07
   3.0091066e-07
   2.3050383e-07
   1.6935445e-07
   1.1753653e-07
   7.5112752e-08
   4.2134372e-08
   1.8640981e-08
   4.6585475e-09
   6.1450165e-11
