   6.8717629e+03
   6.8714567e+03
   6.8705415e+03
   6.8690105e+03
   6.8668522e+03
   6.8640506e+03
   6.8605853e+03
   6.8564314e+03
   6.8515596e+03
   6.8459364e+03
   6.8395239e+03
   6.8322804e+03
   6.8241601e+03
   6.8151133e+03
   6.8050868e+03
   6.7940237e+03
   6.7818639e+03
   6.7685441e+03
   6.7539983e+03
   6.7381576e+03
   6.7209507e+03
   6.7023044e+03
   6.6821434e+03
   6.6603909e+03
   6.6369691e+03
   6.6117990e+03
   6.5848013e+03
   6.5558967e+03
   6.5250059e+03
   6.4920505e+03
   6.4569532e+03
   6.4196382e+03
   6.3800318e+03
   6.3380628e+03
   6.2936630e+03
   6.2467675e+03
   6.1973156e+03
   6.1452510e+03
   6.0905223e+03
   6.0330834e+03
   5.9728945e+03
   5.9099220e+03
   5.8441390e+03
   5.7755262e+03
   5.7040720e+03
   5.6297730e+03
   5.5526341e+03
   5.4726693e+03
   5.3899019e+03
   5.3043645e+03
   5.2160995e+03
   5.1251591e+03
   5.0316059e+03
   4.9355122e+03
   4.8369607e+03
   4.7360444e+03
   4.6328661e+03
   4.5275387e+03
   4.4201848e+03
   4.3109366e+03
   4.1999353e+03
   4.0873308e+03
   3.9732815e+03
   3.8579534e+03
   3.7415200e+03
   3.6241610e+03
   3.5060623e+03
   3.3874149e+03
   3.2684142e+03
   3.1492592e+03
   3.0301515e+03
   2.9112947e+03
   2.7928933e+03
   2.6751517e+03
   2.5582736e+03
   2.4424604e+03
   2.3279111e+03
   2.2148208e+03
   2.1033798e+03
   1.9937730e+03
   1.8861788e+03
   1.7807683e+03
   1.6777046e+03
   1.5771421e+03
   1.4792255e+03
   1.3840898e+03
   1.2918589e+03
   1.2026460e+03
   1.1165525e+03
   1.0336680e+03
   9.5406991e+02
   8.7782338e+02
   8.0498106e+02
   7.3558312e+02
   6.6965732e+02
   6.0721910e+02
   5.4827179e+02
   4.9280687e+02
   4.4080431e+02
   3.9223295e+02
   3.4705098e+02
   3.0520646e+02
   2.6663780e+02
   2.3127448e+02
   1.9903759e+02
   1.6984053e+02
   1.4358974e+02
   1.2018536e+02
   9.9521983e+01
   8.1489401e+01
   6.5973307e+01
   5.2856050e+01
   4.2017341e+01
   3.3334966e+01
   2.6685467e+01
   2.1944803e+01
   1.8988980e+01
   1.7694654e+01
   1.7939690e+01
   1.9603696e+01
   2.2568521e+01
   2.6718702e+01
   3.1941873e+01
   3.8129129e+01
   4.5175345e+01
   5.2979457e+01
   6.1444702e+01
   7.0478810e+01
   7.9994159e+01
   8.9907899e+01
   1.0014202e+02
   1.1062341e+02
   1.2128386e+02
   1.3206002e+02
   1.4289340e+02
   1.5373025e+02
   1.6452149e+02
   1.7522256e+02
   1.8579332e+02
   1.9619783e+02
   2.0640428e+02
   2.1638470e+02
   2.2611485e+02
   2.3557396e+02
   2.4474459e+02
   2.5361236e+02
   2.6216579e+02
   2.7039606e+02
   2.7829680e+02
   2.8586393e+02
   2.9309538e+02
   2.9999097e+02
   3.0655219e+02
   3.1278197e+02
   3.1868460e+02
   3.2426546e+02
   3.2953091e+02
   3.3448815e+02
   3.3914502e+02
   3.4350992e+02
   3.4759162e+02
   3.5139921e+02
   3.5494195e+02
   3.5822913e+02
   3.6127006e+02
   3.6407391e+02
   3.6664964e+02
   3.6900598e+02
   3.7115128e+02
   3.7309351e+02
   3.7484019e+02
   3.7639833e+02
   3.7777440e+02
   3.7897428e+02
   3.8000323e+02
   3.8086587e+02
   3.8156616e+02
   3.8210734e+02
   3.8249197e+02
   3.8272189e+02
   3.8279819e+02
   3.8272123e+02
   3.8249066e+02
   3.8210537e+02
   3.8156353e+02
   3.8086259e+02
   3.7999929e+02
   3.7896968e+02
   3.7776915e+02
   3.7639244e+02
   3.7483364e+02
   3.7308632e+02
   3.7114344e+02
   3.6899750e+02
   3.6664052e+02
   3.6406415e+02
   3.6125968e+02
   3.5821813e+02
   3.5493033e+02
   3.5138700e+02
   3.4757881e+02
   3.4349653e+02
   3.3913107e+02
   3.3447364e+02
   3.2951587e+02
   3.2424989e+02
   3.1866854e+02
   3.1276544e+02
   3.0653520e+02
   2.9997356e+02
   2.9307757e+02
   2.8584575e+02
   2.7827830e+02
   2.7037725e+02
   2.6214673e+02
   2.5359308e+02
   2.4472512e+02
   2.3555436e+02
   2.2609515e+02
   2.1636497e+02
   2.0638455e+02
   1.9617817e+02
   1.8577376e+02
   1.7520318e+02
   1.6450234e+02
   1.5371139e+02
   1.4287488e+02
   1.3204191e+02
   1.2126622e+02
   1.1060631e+02
   1.0012553e+02
   8.9892074e+01
   7.9979074e+01
   7.0464533e+01
   6.1431305e+01
   5.2967009e+01
   4.5163917e+01
   3.8118794e+01
   3.1932704e+01
   2.6710770e+01
   2.2561900e+01
   1.9598458e+01
   1.7935907e+01
   1.7692402e+01
   1.8988338e+01
   2.1945853e+01
   2.6688295e+01
   3.3339657e+01
   4.2023981e+01
   5.2864726e+01
   6.5984107e+01
   8.1502413e+01
   9.9537299e+01
   1.2020307e+02
   1.4360994e+02
   1.6986332e+02
   1.9906306e+02
   2.3130275e+02
   2.6666896e+02
   3.0524061e+02
   3.4708824e+02
   3.9227341e+02
   4.4084809e+02
   4.9285408e+02
   5.4832254e+02
   6.0727349e+02
   6.6971547e+02
   7.3564513e+02
   8.0504704e+02
   8.7789344e+02
   9.5414414e+02
   1.0337465e+03
   1.1166354e+03
   1.2027333e+03
   1.2919508e+03
   1.3841862e+03
   1.4793267e+03
   1.5772480e+03
   1.6778153e+03
   1.7808838e+03
   1.8862991e+03
   1.9938982e+03
   2.1035099e+03
   2.2149558e+03
   2.3280510e+03
   2.4426051e+03
   2.5584230e+03
   2.6753059e+03
   2.7930521e+03
   2.9114581e+03
   3.0303193e+03
   3.1494313e+03
   3.2685906e+03
   3.3875953e+03
   3.5062466e+03
   3.6243489e+03
   3.7417114e+03
   3.8581482e+03
   3.9734794e+03
   4.0875316e+03
   4.2001387e+03
   4.3111424e+03
   4.4203928e+03
   4.5277485e+03
   4.6330775e+03
   4.7362572e+03
   4.8371746e+03
   4.9357269e+03
   5.0318211e+03
   5.1253746e+03
   5.2163149e+03
   5.3045796e+03
   5.3901164e+03
   5.4728829e+03
   5.5528465e+03
   5.6299840e+03
   5.7042814e+03
   5.7757336e+03
   5.8443442e+03
   5.9101247e+03
   5.9730947e+03
   6.0332807e+03
   6.0907164e+03
   6.1454418e+03
   6.1975029e+03
   6.2469511e+03
   6.2938427e+03
   6.3382385e+03
   6.3802034e+03
   6.4198054e+03
   6.4571159e+03
   6.4922086e+03
   6.5251593e+03
   6.5560452e+03
   6.5849449e+03
   6.6119375e+03
   6.6371025e+03
   6.6605192e+03
   6.6822664e+03
   6.7024221e+03
   6.7210630e+03
   6.7382644e+03
   6.7540997e+03
   6.7686400e+03
   6.7819542e+03
   6.7941084e+03
   6.8051660e+03
   6.8151869e+03
   6.8242281e+03
   6.8323428e+03
   6.8395806e+03
   6.8459874e+03
   6.8516050e+03
   6.8564712e+03
   6.8606194e+03
   6.8640790e+03
   6.8668749e+03
   6.8690275e+03
   6.8705529e+03
   6.8714624e+03
   6.8717629e+03
