   5.9271665e+04
   5.9261444e+04
   5.9230785e+04
   5.9179578e+04
   5.9107639e+04
   5.9014716e+04
   5.8900485e+04
   5.8764556e+04
   5.8606472e+04
   5.8425719e+04
   5.8221721e+04
   5.7993853e+04
   5.7741439e+04
   5.7463762e+04
   5.7160067e+04
   5.6829569e+04
   5.6471460e+04
   5.6084917e+04
   5.5669108e+04
   5.5223204e+04
   5.4746385e+04
   5.4237852e+04
   5.3696836e+04
   5.3122609e+04
   5.2514493e+04
   5.1871875e+04
   5.1194213e+04
   5.0481054e+04
   4.9732041e+04
   4.8946924e+04
   4.8125578e+04
   4.7268005e+04
   4.6374353e+04
   4.5444922e+04
   4.4480175e+04
   4.3480749e+04
   4.2447460e+04
   4.1381312e+04
   4.0283505e+04
   3.9155435e+04
   3.7998702e+04
   3.6815111e+04
   3.5606667e+04
   3.4375581e+04
   3.3124261e+04
   3.1855306e+04
   3.0571501e+04
   2.9275806e+04
   2.7971340e+04
   2.6661375e+04
   2.5349309e+04
   2.4038655e+04
   2.2733020e+04
   2.1436076e+04
   2.0151543e+04
   1.8883162e+04
   1.7634664e+04
   1.6409746e+04
   1.5212041e+04
   1.4045087e+04
   1.2912301e+04
   1.1816948e+04
   1.0762112e+04
   9.7506677e+03
   8.7852561e+03
   7.8682583e+03
   7.0017731e+03
   6.1875964e+03
   5.4272035e+03
   4.7217341e+03
   4.0719808e+03
   3.4783808e+03
   2.9410112e+03
   2.4595881e+03
   2.0334696e+03
   1.6616621e+03
   1.3428311e+03
   1.0753152e+03
   8.5714380e+02
   6.8605817e+02
   5.5953540e+02
   4.7481541e+02
   4.2893031e+02
   4.1873606e+02
   4.4094579e+02
   4.9216402e+02
   5.6892154e+02
   6.6771061e+02
   7.8502019e+02
   9.1737057e+02
   1.0613468e+03
   1.2136309e+03
   1.3710314e+03
   1.5305117e+03
   1.6892146e+03
   1.8444851e+03
   1.9938891e+03
   2.1352295e+03
   2.2665586e+03
   2.3861871e+03
   2.4926894e+03
   2.5849062e+03
   2.6619427e+03
   2.7231642e+03
   2.7681893e+03
   2.7968789e+03
   2.8093239e+03
   2.8058301e+03
   2.7869017e+03
   2.7532224e+03
   2.7056361e+03
   2.6451263e+03
   2.5727947e+03
   2.4898403e+03
   2.3975375e+03
   2.2972158e+03
   2.1902390e+03
   2.0779861e+03
   1.9618326e+03
   1.8431337e+03
   1.7232089e+03
   1.6033273e+03
   1.4846956e+03
   1.3684472e+03
   1.2556334e+03
   1.1472157e+03
   1.0440605e+03
   9.4693486e+02
   8.5650439e+02
   7.7333204e+02
   6.9787867e+02
   6.3050467e+02
   5.7147273e+02
   5.2095169e+02
   4.7902110e+02
   4.4567662e+02
   4.2083586e+02
   4.0434485e+02
   3.9598462e+02
   3.9547813e+02
   4.0249722e+02
   4.1666956e+02
   4.3758550e+02
   4.6480472e+02
   4.9786261e+02
   5.3627641e+02
   5.7955085e+02
   6.2718354e+02
   6.7866982e+02
   7.3350718e+02
   7.9119927e+02
   8.5125940e+02
   9.1321357e+02
   9.7660310e+02
   1.0409868e+03
   1.1059427e+03
   1.1710695e+03
   1.2359874e+03
   1.3003390e+03
   1.3637895e+03
   1.4260269e+03
   1.4867616e+03
   1.5457265e+03
   1.6026761e+03
   1.6573858e+03
   1.7096512e+03
   1.7592875e+03
   1.8061278e+03
   1.8500228e+03
   1.8908392e+03
   1.9284592e+03
   1.9627790e+03
   1.9937082e+03
   2.0211685e+03
   2.0450930e+03
   2.0654256e+03
   2.0821200e+03
   2.0951392e+03
   2.1044549e+03
   2.1100473e+03
   2.1119045e+03
   2.1100228e+03
   2.1044061e+03
   2.0950662e+03
   2.0820232e+03
   2.0653053e+03
   2.0449496e+03
   2.0210026e+03
   1.9935205e+03
   1.9625702e+03
   1.9282301e+03
   1.8905907e+03
   1.8497559e+03
   1.8058436e+03
   1.7589872e+03
   1.7093360e+03
   1.6570570e+03
   1.6023351e+03
   1.5453749e+03
   1.4864008e+03
   1.4256585e+03
   1.3634152e+03
   1.2999606e+03
   1.2356065e+03
   1.1706880e+03
   1.1055625e+03
   1.0406097e+03
   9.7623098e+02
   9.1284837e+02
   8.5090303e+02
   7.9085364e+02
   7.3317418e+02
   6.7835131e+02
   6.2688136e+02
   5.7926677e+02
   5.3601216e+02
   4.9761985e+02
   4.6458501e+02
   4.3739032e+02
   4.1650027e+02
   4.0235506e+02
   3.9536422e+02
   3.9589993e+02
   4.0429019e+02
   4.2081188e+02
   4.4568378e+02
   4.7905969e+02
   5.2102177e+02
   5.7157419e+02
   6.3063716e+02
   6.9804165e+02
   7.7352472e+02
   8.5672575e+02
   9.4718369e+02
   1.0443353e+03
   1.1475149e+03
   1.2559550e+03
   1.3687892e+03
   1.4850556e+03
   1.6037029e+03
   1.7235974e+03
   1.8435324e+03
   1.9622384e+03
   2.0783961e+03
   2.1906501e+03
   2.2976247e+03
   2.3979410e+03
   2.4902352e+03
   2.5731779e+03
   2.6454946e+03
   2.7059866e+03
   2.7535521e+03
   2.7872078e+03
   2.8061102e+03
   2.8095756e+03
   2.7971003e+03
   2.7683785e+03
   2.7233198e+03
   2.6620635e+03
   2.5849916e+03
   2.4927390e+03
   2.3862009e+03
   2.2665371e+03
   2.1351736e+03
   1.9938000e+03
   1.8443645e+03
   1.6890647e+03
   1.5303349e+03
   1.3708306e+03
   1.2134094e+03
   1.0611082e+03
   9.1711861e+02
   7.8475910e+02
   6.6744478e+02
   5.6865556e+02
   4.9190266e+02
   4.4069398e+02
   4.1849894e+02
   4.2871314e+02
   4.7462347e+02
   5.5937385e+02
   6.8593196e+02
   8.5705765e+02
   1.0752736e+03
   1.3428383e+03
   1.6617221e+03
   2.0335861e+03
   2.4597645e+03
   2.9412504e+03
   3.4786854e+03
   4.0723530e+03
   4.7221758e+03
   5.4277159e+03
   6.1881805e+03
   7.0024293e+03
   7.8689866e+03
   8.7860560e+03
   9.7515383e+03
   1.0763052e+04
   1.1817956e+04
   1.2913375e+04
   1.4046223e+04
   1.5213237e+04
   1.6411000e+04
   1.7635972e+04
   1.8884520e+04
   2.0152948e+04
   2.1437522e+04
   2.2734504e+04
   2.4040173e+04
   2.5350856e+04
   2.6662947e+04
   2.7972933e+04
   2.9277414e+04
   3.0573121e+04
   3.1856932e+04
   3.3125890e+04
   3.4377209e+04
   3.5608289e+04
   3.6816723e+04
   3.8000301e+04
   3.9157017e+04
   4.0285066e+04
   4.1382850e+04
   4.2448972e+04
   4.3482232e+04
   4.4481626e+04
   4.5446339e+04
   4.6375734e+04
   4.7269348e+04
   4.8126881e+04
   4.8948187e+04
   4.9733261e+04
   5.0482231e+04
   5.1195346e+04
   5.1872962e+04
   5.2515535e+04
   5.3123605e+04
   5.3697786e+04
   5.4238756e+04
   5.4747242e+04
   5.5224015e+04
   5.5669873e+04
   5.6085636e+04
   5.6472134e+04
   5.6830198e+04
   5.7160651e+04
   5.7464302e+04
   5.7741935e+04
   5.7994306e+04
   5.8222131e+04
   5.8426086e+04
   5.8606798e+04
   5.8764839e+04
   5.8900728e+04
   5.9014918e+04
   5.9107800e+04
   5.9179698e+04
   5.9230865e+04
   5.9261484e+04
   5.9271665e+04
