   1.1612877e+03
   1.1612694e+03
   1.1612163e+03
   1.1611273e+03
   1.1610011e+03
   1.1608354e+03
   1.1606275e+03
   1.1603742e+03
   1.1600715e+03
   1.1597148e+03
   1.1592993e+03
   1.1588192e+03
   1.1582683e+03
   1.1576400e+03
   1.1569271e+03
   1.1561217e+03
   1.1552157e+03
   1.1542004e+03
   1.1530667e+03
   1.1518049e+03
   1.1504052e+03
   1.1488573e+03
   1.1471505e+03
   1.1452738e+03
   1.1432159e+03
   1.1409655e+03
   1.1385109e+03
   1.1358401e+03
   1.1329413e+03
   1.1298024e+03
   1.1264113e+03
   1.1227561e+03
   1.1188247e+03
   1.1146052e+03
   1.1100861e+03
   1.1052558e+03
   1.1001031e+03
   1.0946172e+03
   1.0887877e+03
   1.0826045e+03
   1.0760583e+03
   1.0691400e+03
   1.0618414e+03
   1.0541550e+03
   1.0460738e+03
   1.0375918e+03
   1.0287038e+03
   1.0194056e+03
   1.0096938e+03
   9.9956613e+02
   9.8902124e+02
   9.7805897e+02
   9.6668027e+02
   9.5488723e+02
   9.4268316e+02
   9.3007256e+02
   9.1706115e+02
   9.0365592e+02
   8.8986509e+02
   8.7569816e+02
   8.6116585e+02
   8.4628013e+02
   8.3105419e+02
   8.1550241e+02
   7.9964034e+02
   7.8348466e+02
   7.6705313e+02
   7.5036455e+02
   7.3343869e+02
   7.1629625e+02
   6.9895877e+02
   6.8144856e+02
   6.6378865e+02
   6.4600268e+02
   6.2811479e+02
   6.1014960e+02
   5.9213206e+02
   5.7408736e+02
   5.5604085e+02
   5.3801795e+02
   5.2004400e+02
   5.0214423e+02
   4.8434360e+02
   4.6666673e+02
   4.4913782e+02
   4.3178051e+02
   4.1461784e+02
   3.9767212e+02
   3.8096489e+02
   3.6451679e+02
   3.4834755e+02
   3.3247587e+02
   3.1691939e+02
   3.0169460e+02
   2.8681685e+02
   2.7230025e+02
   2.5815767e+02
   2.4440072e+02
   2.3103969e+02
   2.1808357e+02
   2.0554004e+02
   1.9341547e+02
   1.8171491e+02
   1.7044215e+02
   1.5959968e+02
   1.4918878e+02
   1.3920949e+02
   1.2966071e+02
   1.2054019e+02
   1.1184462e+02
   1.0356964e+02
   9.5709943e+01
   8.8259279e+01
   8.1210559e+01
   7.4555899e+01
   6.8286683e+01
   6.2393631e+01
   5.6866865e+01
   5.1695973e+01
   4.6870074e+01
   4.2377885e+01
   3.8207781e+01
   3.4347862e+01
   3.0786007e+01
   2.7509936e+01
   2.4507267e+01
   2.1765567e+01
   1.9272402e+01
   1.7015387e+01
   1.4982229e+01
   1.3160770e+01
   1.1539022e+01
   1.0105206e+01
   8.8477807e+00
   7.7554734e+00
   6.8173026e+00
   6.0226015e+00
   5.3610365e+00
   4.8226230e+00
   4.3977385e+00
   4.0771321e+00
   3.8519329e+00
   3.7136542e+00
   3.6541970e+00
   3.6658504e+00
   3.7412908e+00
   3.8735784e+00
   4.0561524e+00
   4.2828245e+00
   4.5477712e+00
   4.8455245e+00
   5.1709620e+00
   5.5192957e+00
   5.8860607e+00
   6.2671025e+00
   6.6585647e+00
   7.0568756e+00
   7.4587354e+00
   7.8611022e+00
   8.2611789e+00
   8.6563998e+00
   9.0444176e+00
   9.4230900e+00
   9.7904673e+00
   1.0144780e+01
   1.0484428e+01
   1.0807967e+01
   1.1114098e+01
   1.1401662e+01
   1.1669621e+01
   1.1917057e+01
   1.2143160e+01
   1.2347222e+01
   1.2528627e+01
   1.2686847e+01
   1.2821437e+01
   1.2932027e+01
   1.3018322e+01
   1.3080095e+01
   1.3117186e+01
   1.3129499e+01
   1.3117004e+01
   1.3079731e+01
   1.3017776e+01
   1.2931299e+01
   1.2820528e+01
   1.2685759e+01
   1.2527360e+01
   1.2345778e+01
   1.2141541e+01
   1.1915265e+01
   1.1667657e+01
   1.1399529e+01
   1.1111800e+01
   1.0805505e+01
   1.0481807e+01
   1.0142003e+01
   9.7875383e+00
   9.4200133e+00
   9.0411982e+00
   8.6530428e+00
   8.2576899e+00
   7.8574874e+00
   7.4550014e+00
   7.0530294e+00
   6.6546139e+00
   6.2630553e+00
   5.8819258e+00
   5.5150824e+00
   5.1666801e+00
   4.8411846e+00
   4.5433843e+00
   4.2784024e+00
   4.0517076e+00
   3.8691240e+00
   3.7368407e+00
   3.6614191e+00
   3.6497999e+00
   3.7093077e+00
   3.8476542e+00
   4.0729393e+00
   4.3936505e+00
   4.8186598e+00
   5.3572187e+00
   6.0189505e+00
   6.8138407e+00
   7.7522235e+00
   8.8447665e+00
   1.0102452e+01
   1.1536553e+01
   1.3158613e+01
   1.4980410e+01
   1.7013934e+01
   1.9271342e+01
   2.1764929e+01
   2.4507081e+01
   2.7510232e+01
   3.0786814e+01
   3.4349213e+01
   3.8209707e+01
   4.2380417e+01
   4.6873245e+01
   5.1699816e+01
   5.6871414e+01
   6.2398918e+01
   6.8292742e+01
   7.4562764e+01
   8.1218263e+01
   8.8267856e+01
   9.5719427e+01
   1.0358007e+02
   1.1185602e+02
   1.2055260e+02
   1.2967415e+02
   1.3922401e+02
   1.4920440e+02
   1.5961643e+02
   1.7046006e+02
   1.8173402e+02
   1.9343579e+02
   2.0556161e+02
   2.1810641e+02
   2.3106383e+02
   2.4442619e+02
   2.5818448e+02
   2.7232842e+02
   2.8684640e+02
   3.0172555e+02
   3.1695175e+02
   3.3250966e+02
   3.4838278e+02
   3.6455346e+02
   3.8100301e+02
   3.9771170e+02
   4.1465887e+02
   4.3182300e+02
   4.4918175e+02
   4.6671211e+02
   4.8439041e+02
   5.0219246e+02
   5.2009364e+02
   5.3806898e+02
   5.5609325e+02
   5.7414110e+02
   5.9218712e+02
   6.1020595e+02
   6.2817239e+02
   6.4606149e+02
   6.6384865e+02
   6.8150970e+02
   6.9902100e+02
   7.1635953e+02
   7.3350297e+02
   7.5042977e+02
   7.6711925e+02
   7.8355162e+02
   7.9970807e+02
   8.1557086e+02
   8.3112330e+02
   8.4634983e+02
   8.6123608e+02
   8.7576885e+02
   8.8993618e+02
   9.0372732e+02
   9.1713281e+02
   9.3014440e+02
   9.4275511e+02
   9.5495922e+02
   9.6675222e+02
   9.7813081e+02
   9.8909291e+02
   9.9963755e+02
   1.0097649e+03
   1.0194763e+03
   1.0287741e+03
   1.0376615e+03
   1.0461429e+03
   1.0542234e+03
   1.0619091e+03
   1.0692069e+03
   1.0761243e+03
   1.0826696e+03
   1.0888518e+03
   1.0946803e+03
   1.1001651e+03
   1.1053166e+03
   1.1101457e+03
   1.1146636e+03
   1.1188818e+03
   1.1228118e+03
   1.1264657e+03
   1.1298553e+03
   1.1329927e+03
   1.1358900e+03
   1.1385592e+03
   1.1410123e+03
   1.1432611e+03
   1.1453172e+03
   1.1471922e+03
   1.1488973e+03
   1.1504435e+03
   1.1518414e+03
   1.1531014e+03
   1.1542333e+03
   1.1552468e+03
   1.1561509e+03
   1.1569544e+03
   1.1576655e+03
   1.1582919e+03
   1.1588408e+03
   1.1593190e+03
   1.1597326e+03
   1.1600873e+03
   1.1603880e+03
   1.1606394e+03
   1.1608453e+03
   1.1610090e+03
   1.1611333e+03
   1.1612203e+03
   1.1612714e+03
   1.1612877e+03
