   3.5136141e+02
   3.5136803e+02
   3.5138775e+02
   3.5142046e+02
   3.5146593e+02
   3.5152384e+02
   3.5159380e+02
   3.5167533e+02
   3.5176784e+02
   3.5187069e+02
   3.5198312e+02
   3.5210431e+02
   3.5223334e+02
   3.5236921e+02
   3.5251085e+02
   3.5265711e+02
   3.5280673e+02
   3.5295842e+02
   3.5311078e+02
   3.5326234e+02
   3.5341159e+02
   3.5355691e+02
   3.5369665e+02
   3.5382906e+02
   3.5395236e+02
   3.5406470e+02
   3.5416418e+02
   3.5424884e+02
   3.5431668e+02
   3.5436566e+02
   3.5439369e+02
   3.5439866e+02
   3.5437841e+02
   3.5433076e+02
   3.5425352e+02
   3.5414448e+02
   3.5400140e+02
   3.5382205e+02
   3.5360421e+02
   3.5334564e+02
   3.5304413e+02
   3.5269747e+02
   3.5230348e+02
   3.5186003e+02
   3.5136499e+02
   3.5081628e+02
   3.5021189e+02
   3.4954984e+02
   3.4882820e+02
   3.4804514e+02
   3.4719888e+02
   3.4628772e+02
   3.4531005e+02
   3.4426433e+02
   3.4314914e+02
   3.4196315e+02
   3.4070514e+02
   3.3937399e+02
   3.3796871e+02
   3.3648843e+02
   3.3493238e+02
   3.3329996e+02
   3.3159066e+02
   3.2980413e+02
   3.2794015e+02
   3.2599865e+02
   3.2397968e+02
   3.2188346e+02
   3.1971033e+02
   3.1746080e+02
   3.1513550e+02
   3.1273522e+02
   3.1026090e+02
   3.0771360e+02
   3.0509455e+02
   3.0240509e+02
   2.9964671e+02
   2.9682104e+02
   2.9392984e+02
   2.9097498e+02
   2.8795845e+02
   2.8488238e+02
   2.8174899e+02
   2.7856062e+02
   2.7531970e+02
   2.7202875e+02
   2.6869040e+02
   2.6530733e+02
   2.6188232e+02
   2.5841820e+02
   2.5491788e+02
   2.5138429e+02
   2.4782044e+02
   2.4422935e+02
   2.4061409e+02
   2.3697775e+02
   2.3332343e+02
   2.2965422e+02
   2.2597325e+02
   2.2228361e+02
   2.1858839e+02
   2.1489066e+02
   2.1119346e+02
   2.0749979e+02
   2.0381262e+02
   2.0013485e+02
   1.9646937e+02
   1.9281898e+02
   1.8918642e+02
   1.8557437e+02
   1.8198543e+02
   1.7842213e+02
   1.7488692e+02
   1.7138217e+02
   1.6791015e+02
   1.6447304e+02
   1.6107295e+02
   1.5771187e+02
   1.5439171e+02
   1.5111428e+02
   1.4788129e+02
   1.4469436e+02
   1.4155499e+02
   1.3846460e+02
   1.3542450e+02
   1.3243593e+02
   1.2949999e+02
   1.2661773e+02
   1.2379007e+02
   1.2101785e+02
   1.1830184e+02
   1.1564269e+02
   1.1304099e+02
   1.1049723e+02
   1.0801184e+02
   1.0558517e+02
   1.0321747e+02
   1.0090896e+02
   9.8659758e+01
   9.6469948e+01
   9.4339537e+01
   9.2268481e+01
   9.0256684e+01
   8.8303999e+01
   8.6410237e+01
   8.4575166e+01
   8.2798515e+01
   8.1079980e+01
   7.9419226e+01
   7.7815890e+01
   7.6269585e+01
   7.4779905e+01
   7.3346424e+01
   7.1968703e+01
   7.0646291e+01
   6.9378731e+01
   6.8165557e+01
   6.7006303e+01
   6.5900501e+01
   6.4847687e+01
   6.3847401e+01
   6.2899189e+01
   6.2002608e+01
   6.1157224e+01
   6.0362619e+01
   5.9618386e+01
   5.8924138e+01
   5.8279505e+01
   5.7684135e+01
   5.7137699e+01
   5.6639887e+01
   5.6190417e+01
   5.5789026e+01
   5.5435478e+01
   5.5129565e+01
   5.4871102e+01
   5.4659933e+01
   5.4495929e+01
   5.4378990e+01
   5.4309043e+01
   5.4286044e+01
   5.4309979e+01
   5.4380860e+01
   5.4498730e+01
   5.4663661e+01
   5.4875751e+01
   5.5135127e+01
   5.5441944e+01
   5.5796385e+01
   5.6198658e+01
   5.6648998e+01
   5.7147663e+01
   5.7694937e+01
   5.8291127e+01
   5.8936561e+01
   5.9631590e+01
   6.0376582e+01
   6.1171925e+01
   6.2018021e+01
   6.2915290e+01
   6.3864163e+01
   6.4865083e+01
   6.5918502e+01
   6.7024879e+01
   6.8184678e+01
   6.9398364e+01
   7.0666405e+01
   7.1989263e+01
   7.3367396e+01
   7.4801253e+01
   7.6291275e+01
   7.7837883e+01
   7.9441485e+01
   8.1102468e+01
   8.2821192e+01
   8.4597994e+01
   8.6433176e+01
   8.8327009e+01
   9.0279724e+01
   9.2291512e+01
   9.4362517e+01
   9.6492836e+01
   9.8682513e+01
   1.0093154e+02
   1.0323984e+02
   1.0560728e+02
   1.0803366e+02
   1.1051871e+02
   1.1306209e+02
   1.1566337e+02
   1.1832207e+02
   1.2103759e+02
   1.2380927e+02
   1.2663637e+02
   1.2951803e+02
   1.3245333e+02
   1.3544123e+02
   1.3848062e+02
   1.4157027e+02
   1.4470888e+02
   1.4789502e+02
   1.5112719e+02
   1.5440378e+02
   1.5772307e+02
   1.6108325e+02
   1.6448244e+02
   1.6791861e+02
   1.7138969e+02
   1.7489349e+02
   1.7842773e+02
   1.8199005e+02
   1.8557800e+02
   1.8918907e+02
   1.9282064e+02
   1.9647004e+02
   2.0013453e+02
   2.0381131e+02
   2.0749751e+02
   2.1119022e+02
   2.1488646e+02
   2.1858325e+02
   2.2227755e+02
   2.2596628e+02
   2.2964637e+02
   2.3331471e+02
   2.3696821e+02
   2.4060374e+02
   2.4421822e+02
   2.4780856e+02
   2.5137169e+02
   2.5490460e+02
   2.5840428e+02
   2.6186779e+02
   2.6529222e+02
   2.6867476e+02
   2.7201262e+02
   2.7530311e+02
   2.7854362e+02
   2.8173162e+02
   2.8486468e+02
   2.8794046e+02
   2.9095673e+02
   2.9391139e+02
   2.9680243e+02
   2.9962797e+02
   3.0238626e+02
   3.0507567e+02
   3.0769471e+02
   3.1024204e+02
   3.1271642e+02
   3.1511679e+02
   3.1744222e+02
   3.1969191e+02
   3.2186523e+02
   3.2396167e+02
   3.2598088e+02
   3.2792266e+02
   3.2978693e+02
   3.3157378e+02
   3.3328341e+02
   3.3491619e+02
   3.3647261e+02
   3.3795328e+02
   3.3935896e+02
   3.4069051e+02
   3.4194894e+02
   3.4313536e+02
   3.4425098e+02
   3.4529714e+02
   3.4627525e+02
   3.4718686e+02
   3.4803356e+02
   3.4881706e+02
   3.4953913e+02
   3.5020162e+02
   3.5080645e+02
   3.5135558e+02
   3.5185104e+02
   3.5229491e+02
   3.5268929e+02
   3.5303635e+02
   3.5333825e+02
   3.5359719e+02
   3.5381540e+02
   3.5399510e+02
   3.5413852e+02
   3.5424790e+02
   3.5432546e+02
   3.5437342e+02
   3.5439397e+02
   3.5438929e+02
   3.5436153e+02
   3.5431281e+02
   3.5424522e+02
   3.5416080e+02
   3.5406155e+02
   3.5394942e+02
   3.5382633e+02
   3.5369411e+02
   3.5355457e+02
   3.5340942e+02
   3.5326034e+02
   3.5310893e+02
   3.5295672e+02
   3.5280518e+02
   3.5265569e+02
   3.5250956e+02
   3.5236804e+02
   3.5223228e+02
   3.5210336e+02
   3.5198227e+02
   3.5186994e+02
   3.5176719e+02
   3.5167476e+02
   3.5159332e+02
   3.5152345e+02
   3.5146562e+02
   3.5142023e+02
   3.5138760e+02
   3.5136795e+02
   3.5136141e+02
