   1.1395405e+03
   1.1394835e+03
   1.1393129e+03
   1.1390282e+03
   1.1386292e+03
   1.1381150e+03
   1.1374849e+03
   1.1367378e+03
   1.1358726e+03
   1.1348879e+03
   1.1337822e+03
   1.1325538e+03
   1.1312008e+03
   1.1297213e+03
   1.1281131e+03
   1.1263739e+03
   1.1245013e+03
   1.1224928e+03
   1.1203459e+03
   1.1180576e+03
   1.1156253e+03
   1.1130460e+03
   1.1103167e+03
   1.1074345e+03
   1.1043962e+03
   1.1011988e+03
   1.0978392e+03
   1.0943142e+03
   1.0906206e+03
   1.0867556e+03
   1.0827159e+03
   1.0784986e+03
   1.0741007e+03
   1.0695194e+03
   1.0647520e+03
   1.0597958e+03
   1.0546483e+03
   1.0493071e+03
   1.0437700e+03
   1.0380349e+03
   1.0321001e+03
   1.0259638e+03
   1.0196247e+03
   1.0130815e+03
   1.0063332e+03
   9.9937910e+02
   9.9221880e+02
   9.8485213e+02
   9.7727919e+02
   9.6950041e+02
   9.6151653e+02
   9.5332859e+02
   9.4493798e+02
   9.3634639e+02
   9.2755588e+02
   9.1856884e+02
   9.0938800e+02
   9.0001645e+02
   8.9045763e+02
   8.8071532e+02
   8.7079365e+02
   8.6069710e+02
   8.5043051e+02
   8.3999903e+02
   8.2940816e+02
   8.1866372e+02
   8.0777185e+02
   7.9673899e+02
   7.8557188e+02
   7.7427755e+02
   7.6286330e+02
   7.5133666e+02
   7.3970544e+02
   7.2797765e+02
   7.1616152e+02
   7.0426547e+02
   6.9229807e+02
   6.8026806e+02
   6.6818432e+02
   6.5605582e+02
   6.4389163e+02
   6.3170089e+02
   6.1949278e+02
   6.0727651e+02
   5.9506129e+02
   5.8285631e+02
   5.7067073e+02
   5.5851362e+02
   5.4639400e+02
   5.3432076e+02
   5.2230267e+02
   5.1034837e+02
   4.9846631e+02
   4.8666477e+02
   4.7495184e+02
   4.6333537e+02
   4.5182299e+02
   4.4042208e+02
   4.2913975e+02
   4.1798283e+02
   4.0695788e+02
   3.9607115e+02
   3.8532858e+02
   3.7473579e+02
   3.6429810e+02
   3.5402046e+02
   3.4390752e+02
   3.3396358e+02
   3.2419261e+02
   3.1459820e+02
   3.0518366e+02
   2.9595190e+02
   2.8690553e+02
   2.7804682e+02
   2.6937768e+02
   2.6089974e+02
   2.5261427e+02
   2.4452226e+02
   2.3662436e+02
   2.2892096e+02
   2.2141214e+02
   2.1409770e+02
   2.0697719e+02
   2.0004990e+02
   1.9331485e+02
   1.8677087e+02
   1.8041653e+02
   1.7425020e+02
   1.6827008e+02
   1.6247415e+02
   1.5686023e+02
   1.5142600e+02
   1.4616896e+02
   1.4108651e+02
   1.3617591e+02
   1.3143432e+02
   1.2685879e+02
   1.2244630e+02
   1.1819376e+02
   1.1409799e+02
   1.1015581e+02
   1.0636395e+02
   1.0271914e+02
   9.9218095e+01
   9.5857500e+01
   9.2634054e+01
   8.9544465e+01
   8.6585456e+01
   8.3753777e+01
   8.1046211e+01
   7.8459583e+01
   7.5990766e+01
   7.3636687e+01
   7.1394333e+01
   6.9260757e+01
   6.7233085e+01
   6.5308518e+01
   6.3484338e+01
   6.1757914e+01
   6.0126702e+01
   5.8588253e+01
   5.7140213e+01
   5.5780327e+01
   5.4506443e+01
   5.3316514e+01
   5.2208599e+01
   5.1180865e+01
   5.0231592e+01
   4.9359171e+01
   4.8562107e+01
   4.7839021e+01
   4.7188651e+01
   4.6609850e+01
   4.6101591e+01
   4.5662968e+01
   4.5293190e+01
   4.4991591e+01
   4.4757624e+01
   4.4590863e+01
   4.4491003e+01
   4.4457861e+01
   4.4491377e+01
   4.4591610e+01
   4.4758745e+01
   4.4993083e+01
   4.5295052e+01
   4.5665197e+01
   4.6104187e+01
   4.6612808e+01
   4.7191969e+01
   4.7842696e+01
   4.8566135e+01
   4.9363547e+01
   5.0236312e+01
   5.1185924e+01
   5.2213991e+01
   5.3322235e+01
   5.4512487e+01
   5.5786686e+01
   5.7146882e+01
   5.8595225e+01
   6.0133971e+01
   6.1765472e+01
   6.3492178e+01
   6.5316631e+01
   6.7241465e+01
   6.9269395e+01
   7.1403220e+01
   7.3645816e+01
   7.6000128e+01
   7.8469169e+01
   8.1056012e+01
   8.3763785e+01
   8.6595662e+01
   8.9554860e+01
   9.2644629e+01
   9.5868246e+01
   9.9229003e+01
   1.0273020e+02
   1.0637515e+02
   1.1016715e+02
   1.1410946e+02
   1.1820534e+02
   1.2245800e+02
   1.2687059e+02
   1.3144621e+02
   1.3618789e+02
   1.4109857e+02
   1.4618109e+02
   1.5143819e+02
   1.5687248e+02
   1.6248645e+02
   1.6828242e+02
   1.7426259e+02
   1.8042894e+02
   1.8678331e+02
   1.9332732e+02
   2.0006238e+02
   2.0698969e+02
   2.1411021e+02
   2.2142465e+02
   2.2893348e+02
   2.3663688e+02
   2.4453477e+02
   2.5262678e+02
   2.6091224e+02
   2.6939018e+02
   2.7805930e+02
   2.8691801e+02
   2.9596436e+02
   3.0519611e+02
   3.1461065e+02
   3.2420504e+02
   3.3397600e+02
   3.4391993e+02
   3.5403286e+02
   3.6431049e+02
   3.7474818e+02
   3.8534096e+02
   3.9608353e+02
   4.0697026e+02
   4.1799521e+02
   4.2915213e+02
   4.4043447e+02
   4.5183539e+02
   4.6334777e+02
   4.7496425e+02
   4.8667719e+02
   4.9847874e+02
   5.1036082e+02
   5.2231514e+02
   5.3433324e+02
   5.4640650e+02
   5.5852614e+02
   5.7068327e+02
   5.8286888e+02
   5.9507388e+02
   6.0728912e+02
   6.1950541e+02
   6.3171354e+02
   6.4390431e+02
   6.5606852e+02
   6.6819704e+02
   6.8028080e+02
   6.9231082e+02
   7.0427823e+02
   7.1617430e+02
   7.2799044e+02
   7.3971823e+02
   7.5134945e+02
   7.6287609e+02
   7.7429034e+02
   7.8558466e+02
   7.9675176e+02
   8.0778460e+02
   8.1867645e+02
   8.2942086e+02
   8.4001170e+02
   8.5044314e+02
   8.6070969e+02
   8.7080618e+02
   8.8072780e+02
   8.9047005e+02
   9.0002881e+02
   9.0940029e+02
   9.1858104e+02
   9.2756800e+02
   9.3635841e+02
   9.4494990e+02
   9.5334041e+02
   9.6152823e+02
   9.6951200e+02
   9.7729065e+02
   9.8486345e+02
   9.9222999e+02
   9.9939013e+02
   1.0063441e+03
   1.0130922e+03
   1.0196353e+03
   1.0259742e+03
   1.0321103e+03
   1.0380450e+03
   1.0437798e+03
   1.0493167e+03
   1.0546577e+03
   1.0598050e+03
   1.0647610e+03
   1.0695282e+03
   1.0741093e+03
   1.0785069e+03
   1.0827240e+03
   1.0867635e+03
   1.0906283e+03
   1.0943216e+03
   1.0978464e+03
   1.1012058e+03
   1.1044029e+03
   1.1074409e+03
   1.1103229e+03
   1.1130519e+03
   1.1156309e+03
   1.1180630e+03
   1.1203510e+03
   1.1224977e+03
   1.1245059e+03
   1.1263782e+03
   1.1281171e+03
   1.1297250e+03
   1.1312043e+03
   1.1325570e+03
   1.1337851e+03
   1.1348905e+03
   1.1358749e+03
   1.1367398e+03
   1.1374866e+03
   1.1381164e+03
   1.1386303e+03
   1.1390291e+03
   1.1393135e+03
   1.1394838e+03
   1.1395405e+03
