   7.5005077e+01
   7.5174069e+01
   7.5659277e+01
   7.6460555e+01
   7.7577659e+01
   7.9010251e+01
   8.0757893e+01
   8.2820038e+01
   8.5196028e+01
   8.7885084e+01
   9.0886298e+01
   9.4198623e+01
   9.7820861e+01
   1.0175165e+02
   1.0598947e+02
   1.1053258e+02
   1.1537906e+02
   1.2052677e+02
   1.2597332e+02
   1.3171609e+02
   1.3775218e+02
   1.4407839e+02
   1.5069123e+02
   1.5758689e+02
   1.6476121e+02
   1.7220966e+02
   1.7992735e+02
   1.8790897e+02
   1.9614881e+02
   2.0464072e+02
   2.1337809e+02
   2.2235385e+02
   2.3156044e+02
   2.4098980e+02
   2.5063336e+02
   2.6048204e+02
   2.7052618e+02
   2.8075563e+02
   2.9115964e+02
   3.0172693e+02
   3.1244565e+02
   3.2330339e+02
   3.3428717e+02
   3.4538345e+02
   3.5657816e+02
   3.6785667e+02
   3.7920382e+02
   3.9060393e+02
   4.0204084e+02
   4.1349789e+02
   4.2495798e+02
   4.3640359e+02
   4.4781678e+02
   4.5917927e+02
   4.7047245e+02
   4.8167740e+02
   4.9277500e+02
   5.0374588e+02
   5.1457055e+02
   5.2522942e+02
   5.3570282e+02
   5.4597113e+02
   5.5601477e+02
   5.6581427e+02
   5.7535037e+02
   5.8460404e+02
   5.9355655e+02
   6.0218955e+02
   6.1048513e+02
   6.1842585e+02
   6.2599485e+02
   6.3317589e+02
   6.3995340e+02
   6.4631257e+02
   6.5223936e+02
   6.5772061e+02
   6.6274405e+02
   6.6729839e+02
   6.7137333e+02
   6.7495960e+02
   6.7804905e+02
   6.8063463e+02
   6.8271045e+02
   6.8427181e+02
   6.8531521e+02
   6.8583835e+02
   6.8584018e+02
   6.8532090e+02
   6.8428191e+02
   6.8272589e+02
   6.8065673e+02
   6.7807952e+02
   6.7500056e+02
   6.7142732e+02
   6.6736841e+02
   6.6283354e+02
   6.5783349e+02
   6.5238007e+02
   6.4648606e+02
   6.4016518e+02
   6.3343200e+02
   6.2630195e+02
   6.1879116e+02
   6.1091649e+02
   6.0269543e+02
   5.9414601e+02
   5.8528676e+02
   5.7613665e+02
   5.6671499e+02
   5.5704139e+02
   5.4713568e+02
   5.3701781e+02
   5.2670786e+02
   5.1622588e+02
   5.0559189e+02
   4.9482580e+02
   4.8394735e+02
   4.7297604e+02
   4.6193109e+02
   4.5083138e+02
   4.3969539e+02
   4.2854119e+02
   4.1738636e+02
   4.0624795e+02
   3.9514249e+02
   3.8408591e+02
   3.7309352e+02
   3.6218001e+02
   3.5135941e+02
   3.4064507e+02
   3.3004968e+02
   3.1958520e+02
   3.0926291e+02
   2.9909338e+02
   2.8908649e+02
   2.7925139e+02
   2.6959656e+02
   2.6012980e+02
   2.5085821e+02
   2.4178827e+02
   2.3292578e+02
   2.2427595e+02
   2.1584336e+02
   2.0763203e+02
   1.9964542e+02
   1.9188643e+02
   1.8435750e+02
   1.7706056e+02
   1.6999709e+02
   1.6316815e+02
   1.5657442e+02
   1.5021618e+02
   1.4409342e+02
   1.3820577e+02
   1.3255262e+02
   1.2713309e+02
   1.2194608e+02
   1.1699030e+02
   1.1226430e+02
   1.0776646e+02
   1.0349507e+02
   9.9448321e+01
   9.5624333e+01
   9.2021184e+01
   8.8636930e+01
   8.5469625e+01
   8.2517340e+01
   7.9778184e+01
   7.7250319e+01
   7.4931978e+01
   7.2821481e+01
   7.0917245e+01
   6.9217803e+01
   6.7721808e+01
   6.6428053e+01
   6.5335468e+01
   6.4443139e+01
   6.3750309e+01
   6.3256383e+01
   6.2960936e+01
   6.2863712e+01
   6.2964627e+01
   6.3263772e+01
   6.3761408e+01
   6.4457970e+01
   6.5354058e+01
   6.6450435e+01
   6.7748023e+01
   6.9247895e+01
   7.0951268e+01
   7.2859492e+01
   7.4974041e+01
   7.7296501e+01
   7.9828558e+01
   8.2571983e+01
   8.5528617e+01
   8.8700356e+01
   9.2089131e+01
   9.5696890e+01
   9.9525580e+01
   1.0357712e+02
   1.0785340e+02
   1.1235622e+02
   1.1708730e+02
   1.2204823e+02
   1.2724049e+02
   1.3266536e+02
   1.3832393e+02
   1.4421707e+02
   1.5034540e+02
   1.5670927e+02
   1.6330869e+02
   1.7014337e+02
   1.7721262e+02
   1.8451537e+02
   1.9205013e+02
   1.9981494e+02
   2.0780739e+02
   2.1602453e+02
   2.2446289e+02
   2.3311844e+02
   2.4198658e+02
   2.5106210e+02
   2.6033915e+02
   2.6981126e+02
   2.7947129e+02
   2.8931143e+02
   2.9932318e+02
   3.0949735e+02
   3.1982406e+02
   3.3029271e+02
   3.4089199e+02
   3.5160992e+02
   3.6243378e+02
   3.7335021e+02
   3.8434515e+02
   3.9540388e+02
   4.0651107e+02
   4.1765076e+02
   4.2880641e+02
   4.3996094e+02
   4.5109674e+02
   4.6219574e+02
   4.7323941e+02
   4.8420888e+02
   4.9508488e+02
   5.0584792e+02
   5.1647823e+02
   5.2695590e+02
   5.3726089e+02
   5.4737312e+02
   5.5727253e+02
   5.6693914e+02
   5.7635313e+02
   5.8549487e+02
   5.9434507e+02
   6.0288474e+02
   6.1109538e+02
   6.1895893e+02
   6.2645792e+02
   6.3357552e+02
   6.4029558e+02
   6.4660272e+02
   6.5248235e+02
   6.5792080e+02
   6.6290530e+02
   6.6742406e+02
   6.7146632e+02
   6.7502241e+02
   6.7808374e+02
   6.8064289e+02
   6.8269358e+02
   6.8423075e+02
   6.8525055e+02
   6.8575035e+02
   6.8572877e+02
   6.8518567e+02
   6.8412213e+02
   6.8254050e+02
   6.8044431e+02
   6.7783832e+02
   6.7472847e+02
   6.7112183e+02
   6.6702662e+02
   6.6245213e+02
   6.5740872e+02
   6.5190772e+02
   6.4596144e+02
   6.3958311e+02
   6.3278677e+02
   6.2558729e+02
   6.1800029e+02
   6.1004203e+02
   6.0172943e+02
   5.9307994e+02
   5.8411153e+02
   5.7484257e+02
   5.6529181e+02
   5.5547832e+02
   5.4542140e+02
   5.3514053e+02
   5.2465530e+02
   5.1398539e+02
   5.0315046e+02
   4.9217012e+02
   4.8106389e+02
   4.6985113e+02
   4.5855100e+02
   4.4718241e+02
   4.3576398e+02
   4.2431401e+02
   4.1285041e+02
   4.0139074e+02
   3.8995208e+02
   3.7855109e+02
   3.6720393e+02
   3.5592628e+02
   3.4473328e+02
   3.3363955e+02
   3.2265918e+02
   3.1180567e+02
   3.0109200e+02
   2.9053056e+02
   2.8013318e+02
   2.6991116e+02
   2.5987519e+02
   2.5003543e+02
   2.4040151e+02
   2.3098250e+02
   2.2178694e+02
   2.1282289e+02
   2.0409787e+02
   1.9561895e+02
   1.8739269e+02
   1.7942524e+02
   1.7172229e+02
   1.6428911e+02
   1.5713059e+02
   1.5025123e+02
   1.4365516e+02
   1.3734617e+02
   1.3132775e+02
   1.2560305e+02
   1.2017495e+02
   1.1504606e+02
   1.1021874e+02
   1.0569512e+02
   1.0147709e+02
   9.7566357e+01
   9.3964435e+01
   9.0672660e+01
   8.7692208e+01
   8.5024104e+01
   8.2669236e+01
   8.0628360e+01
   7.8902115e+01
   7.7491023e+01
   7.6395504e+01
   7.5615876e+01
   7.5152357e+01
   7.5005077e+01
