   7.5836256e-03
   7.5836303e-03
   7.5836449e-03
   7.5836695e-03
   7.5837040e-03
   7.5837483e-03
   7.5838025e-03
   7.5838662e-03
   7.5839396e-03
   7.5840223e-03
   7.5841144e-03
   7.5842155e-03
   7.5843256e-03
   7.5844443e-03
   7.5845716e-03
   7.5847072e-03
   7.5848508e-03
   7.5850021e-03
   7.5851609e-03
   7.5853270e-03
   7.5854999e-03
   7.5856795e-03
   7.5858652e-03
   7.5860569e-03
   7.5862542e-03
   7.5864567e-03
   7.5866640e-03
   7.5868757e-03
   7.5870915e-03
   7.5873110e-03
   7.5875337e-03
   7.5877592e-03
   7.5879871e-03
   7.5882171e-03
   7.5884485e-03
   7.5886811e-03
   7.5889144e-03
   7.5891479e-03
   7.5893811e-03
   7.5896137e-03
   7.5898451e-03
   7.5900749e-03
   7.5903027e-03
   7.5905280e-03
   7.5907503e-03
   7.5909691e-03
   7.5911841e-03
   7.5913947e-03
   7.5916006e-03
   7.5918012e-03
   7.5919961e-03
   7.5921849e-03
   7.5923671e-03
   7.5925422e-03
   7.5927100e-03
   7.5928698e-03
   7.5930214e-03
   7.5931642e-03
   7.5932980e-03
   7.5934222e-03
   7.5935364e-03
   7.5936404e-03
   7.5937337e-03
   7.5938159e-03
   7.5938866e-03
   7.5939456e-03
   7.5939924e-03
   7.5940268e-03
   7.5940483e-03
   7.5940567e-03
   7.5940517e-03
   7.5940329e-03
   7.5940000e-03
   7.5939529e-03
   7.5938912e-03
   7.5938146e-03
   7.5937230e-03
   7.5936161e-03
   7.5934936e-03
   7.5933554e-03
   7.5932012e-03
   7.5930309e-03
   7.5928443e-03
   7.5926413e-03
   7.5924217e-03
   7.5921854e-03
   7.5919323e-03
   7.5916623e-03
   7.5913753e-03
   7.5910713e-03
   7.5907501e-03
   7.5904119e-03
   7.5900565e-03
   7.5896839e-03
   7.5892943e-03
   7.5888876e-03
   7.5884639e-03
   7.5880232e-03
   7.5875657e-03
   7.5870915e-03
   7.5866007e-03
   7.5860935e-03
   7.5855700e-03
   7.5850305e-03
   7.5844752e-03
   7.5839042e-03
   7.5833179e-03
   7.5827165e-03
   7.5821004e-03
   7.5814699e-03
   7.5808252e-03
   7.5801668e-03
   7.5794951e-03
   7.5788105e-03
   7.5781133e-03
   7.5774042e-03
   7.5766834e-03
   7.5759516e-03
   7.5752092e-03
   7.5744568e-03
   7.5736949e-03
   7.5729241e-03
   7.5721450e-03
   7.5713583e-03
   7.5705645e-03
   7.5697644e-03
   7.5689585e-03
   7.5681476e-03
   7.5673324e-03
   7.5665136e-03
   7.5656919e-03
   7.5648681e-03
   7.5640430e-03
   7.5632173e-03
   7.5623919e-03
   7.5615674e-03
   7.5607448e-03
   7.5599249e-03
   7.5591084e-03
   7.5582962e-03
   7.5574892e-03
   7.5566882e-03
   7.5558939e-03
   7.5551074e-03
   7.5543294e-03
   7.5535608e-03
   7.5528023e-03
   7.5520550e-03
   7.5513195e-03
   7.5505967e-03
   7.5498875e-03
   7.5491926e-03
   7.5485128e-03
   7.5478490e-03
   7.5472019e-03
   7.5465723e-03
   7.5459609e-03
   7.5453684e-03
   7.5447956e-03
   7.5442432e-03
   7.5437118e-03
   7.5432020e-03
   7.5427145e-03
   7.5422500e-03
   7.5418088e-03
   7.5413917e-03
   7.5409992e-03
   7.5406316e-03
   7.5402895e-03
   7.5399734e-03
   7.5396835e-03
   7.5394203e-03
   7.5391842e-03
   7.5389753e-03
   7.5387940e-03
   7.5386405e-03
   7.5385150e-03
   7.5384176e-03
   7.5383486e-03
   7.5383079e-03
   7.5382956e-03
   7.5383118e-03
   7.5383564e-03
   7.5384293e-03
   7.5385305e-03
   7.5386598e-03
   7.5388171e-03
   7.5390022e-03
   7.5392148e-03
   7.5394546e-03
   7.5397215e-03
   7.5400149e-03
   7.5403346e-03
   7.5406801e-03
   7.5410510e-03
   7.5414469e-03
   7.5418672e-03
   7.5423115e-03
   7.5427791e-03
   7.5432695e-03
   7.5437822e-03
   7.5443163e-03
   7.5448714e-03
   7.5454468e-03
   7.5460417e-03
   7.5466554e-03
   7.5472873e-03
   7.5479365e-03
   7.5486023e-03
   7.5492839e-03
   7.5499805e-03
   7.5506914e-03
   7.5514156e-03
   7.5521525e-03
   7.5529011e-03
   7.5536606e-03
   7.5544303e-03
   7.5552091e-03
   7.5559964e-03
   7.5567912e-03
   7.5575928e-03
   7.5584001e-03
   7.5592126e-03
   7.5600292e-03
   7.5608491e-03
   7.5616716e-03
   7.5624958e-03
   7.5633210e-03
   7.5641462e-03
   7.5649708e-03
   7.5657939e-03
   7.5666148e-03
   7.5674328e-03
   7.5682471e-03
   7.5690569e-03
   7.5698617e-03
   7.5706606e-03
   7.5714531e-03
   7.5722385e-03
   7.5730162e-03
   7.5737855e-03
   7.5745458e-03
   7.5752966e-03
   7.5760374e-03
   7.5767675e-03
   7.5774865e-03
   7.5781939e-03
   7.5788892e-03
   7.5795720e-03
   7.5802419e-03
   7.5808984e-03
   7.5815411e-03
   7.5821697e-03
   7.5827839e-03
   7.5833833e-03
   7.5839677e-03
   7.5845367e-03
   7.5850901e-03
   7.5856277e-03
   7.5861493e-03
   7.5866546e-03
   7.5871435e-03
   7.5876159e-03
   7.5880716e-03
   7.5885104e-03
   7.5889324e-03
   7.5893374e-03
   7.5897254e-03
   7.5900962e-03
   7.5904501e-03
   7.5907868e-03
   7.5911064e-03
   7.5914090e-03
   7.5916946e-03
   7.5919632e-03
   7.5922150e-03
   7.5924501e-03
   7.5926685e-03
   7.5928703e-03
   7.5930558e-03
   7.5932251e-03
   7.5933783e-03
   7.5935156e-03
   7.5936372e-03
   7.5937433e-03
   7.5938342e-03
   7.5939100e-03
   7.5939711e-03
   7.5940176e-03
   7.5940499e-03
   7.5940682e-03
   7.5940728e-03
   7.5940640e-03
   7.5940421e-03
   7.5940074e-03
   7.5939603e-03
   7.5939011e-03
   7.5938301e-03
   7.5937478e-03
   7.5936544e-03
   7.5935503e-03
   7.5934359e-03
   7.5933117e-03
   7.5931780e-03
   7.5930351e-03
   7.5928836e-03
   7.5927237e-03
   7.5925561e-03
   7.5923810e-03
   7.5921988e-03
   7.5920102e-03
   7.5918153e-03
   7.5916148e-03
   7.5914091e-03
   7.5911985e-03
   7.5909837e-03
   7.5907649e-03
   7.5905427e-03
   7.5903175e-03
   7.5900898e-03
   7.5898600e-03
   7.5896286e-03
   7.5893961e-03
   7.5891628e-03
   7.5889294e-03
   7.5886961e-03
   7.5884634e-03
   7.5882319e-03
   7.5880019e-03
   7.5877738e-03
   7.5875482e-03
   7.5873253e-03
   7.5871057e-03
   7.5868897e-03
   7.5866777e-03
   7.5864701e-03
   7.5862674e-03
   7.5860698e-03
   7.5858778e-03
   7.5856916e-03
   7.5855117e-03
   7.5853383e-03
   7.5851718e-03
   7.5850125e-03
   7.5848607e-03
   7.5847166e-03
   7.5845805e-03
   7.5844527e-03
   7.5843333e-03
   7.5842227e-03
   7.5841210e-03
   7.5840283e-03
   7.5839449e-03
   7.5838710e-03
   7.5838065e-03
   7.5837517e-03
   7.5837067e-03
   7.5836716e-03
   7.5836463e-03
   7.5836310e-03
   7.5836256e-03
