   2.3505704e+02
   2.3533338e+02
   2.3613036e+02
   2.3744778e+02
   2.3928538e+02
   2.4164274e+02
   2.4451935e+02
   2.4791454e+02
   2.5182752e+02
   2.5625732e+02
   2.6120279e+02
   2.6666262e+02
   2.7263524e+02
   2.7911888e+02
   2.8611150e+02
   2.9361076e+02
   3.0161404e+02
   3.1011834e+02
   3.1912033e+02
   3.2861626e+02
   3.3860195e+02
   3.4907276e+02
   3.6002355e+02
   3.7144864e+02
   3.8334181e+02
   3.9569621e+02
   4.0850439e+02
   4.2175820e+02
   4.3544881e+02
   4.4956666e+02
   4.6410141e+02
   4.7904195e+02
   4.9437631e+02
   5.1009171e+02
   5.2617446e+02
   5.4261001e+02
   5.5938285e+02
   5.7647657e+02
   5.9387380e+02
   6.1155619e+02
   6.2950444e+02
   6.4769827e+02
   6.6611644e+02
   6.8473673e+02
   7.0353595e+02
   7.2248999e+02
   7.4157378e+02
   7.6076135e+02
   7.8002588e+02
   7.9933966e+02
   8.1867420e+02
   8.3800023e+02
   8.5728775e+02
   8.7650613e+02
   8.9562408e+02
   9.1460981e+02
   9.3343101e+02
   9.5205501e+02
   9.7044878e+02
   9.8857903e+02
   1.0064123e+03
   1.0239152e+03
   1.0410541e+03
   1.0577957e+03
   1.0741067e+03
   1.0899544e+03
   1.1053063e+03
   1.1201304e+03
   1.1343954e+03
   1.1480707e+03
   1.1611264e+03
   1.1735339e+03
   1.1852651e+03
   1.1962935e+03
   1.2065935e+03
   1.2161409e+03
   1.2249130e+03
   1.2328885e+03
   1.2400477e+03
   1.2463725e+03
   1.2518467e+03
   1.2564557e+03
   1.2601867e+03
   1.2630289e+03
   1.2649736e+03
   1.2660137e+03
   1.2661445e+03
   1.2653629e+03
   1.2636684e+03
   1.2610619e+03
   1.2575469e+03
   1.2531287e+03
   1.2478145e+03
   1.2416137e+03
   1.2345375e+03
   1.2265992e+03
   1.2178138e+03
   1.2081982e+03
   1.1977709e+03
   1.1865522e+03
   1.1745640e+03
   1.1618297e+03
   1.1483742e+03
   1.1342235e+03
   1.1194051e+03
   1.1039475e+03
   1.0878804e+03
   1.0712343e+03
   1.0540405e+03
   1.0363312e+03
   1.0181391e+03
   9.9949738e+02
   9.8043976e+02
   9.6100015e+02
   9.4121268e+02
   9.2111156e+02
   9.0073102e+02
   8.8010514e+02
   8.5926783e+02
   8.3825268e+02
   8.1709290e+02
   7.9582125e+02
   7.7446992e+02
   7.5307051e+02
   7.3165391e+02
   7.1025028e+02
   6.8888895e+02
   6.6759841e+02
   6.4640624e+02
   6.2533905e+02
   6.0442250e+02
   5.8368122e+02
   5.6313878e+02
   5.4281773e+02
   5.2273952e+02
   5.0292452e+02
   4.8339202e+02
   4.6416022e+02
   4.4524624e+02
   4.2666613e+02
   4.0843487e+02
   3.9056640e+02
   3.7307364e+02
   3.5596852e+02
   3.3926198e+02
   3.2296403e+02
   3.0708377e+02
   2.9162942e+02
   2.7660835e+02
   2.6202715e+02
   2.4789161e+02
   2.3420684e+02
   2.2097723e+02
   2.0820655e+02
   1.9589796e+02
   1.8405407e+02
   1.7267698e+02
   1.6176831e+02
   1.5132924e+02
   1.4136058e+02
   1.3186278e+02
   1.2283599e+02
   1.1428007e+02
   1.0619467e+02
   9.8579226e+01
   9.1433015e+01
   8.4755186e+01
   7.8544792e+01
   7.2800816e+01
   6.7522205e+01
   6.2707891e+01
   5.8356823e+01
   5.4467985e+01
   5.1040421e+01
   4.8073249e+01
   4.5565684e+01
   4.3517042e+01
   4.1926759e+01
   4.0794390e+01
   4.0119614e+01
   3.9902237e+01
   4.0142191e+01
   4.0839532e+01
   4.1994444e+01
   4.3607234e+01
   4.5678336e+01
   4.8208304e+01
   5.1197807e+01
   5.4647619e+01
   5.8558608e+01
   6.2931719e+01
   6.7767952e+01
   7.3068345e+01
   7.8833952e+01
   8.5065811e+01
   9.1764923e+01
   9.8932221e+01
   1.0656854e+02
   1.1467459e+02
   1.2325090e+02
   1.3229783e+02
   1.4181548e+02
   1.5180368e+02
   1.6226198e+02
   1.7318955e+02
   1.8458518e+02
   1.9644721e+02
   2.0877355e+02
   2.2156156e+02
   2.3480805e+02
   2.4850924e+02
   2.6266069e+02
   2.7725730e+02
   2.9229324e+02
   3.0776189e+02
   3.2365586e+02
   3.3996690e+02
   3.5668589e+02
   3.7380279e+02
   3.9130664e+02
   4.0918549e+02
   4.2742638e+02
   4.4601535e+02
   4.6493739e+02
   4.8417643e+02
   5.0371531e+02
   5.2353583e+02
   5.4361865e+02
   5.6394340e+02
   5.8448858e+02
   6.0523164e+02
   6.2614897e+02
   6.4721593e+02
   6.6840684e+02
   6.8969507e+02
   7.1105301e+02
   7.3245218e+02
   7.5386321e+02
   7.7525594e+02
   7.9659946e+02
   8.1786218e+02
   8.3901187e+02
   8.6001580e+02
   8.8084074e+02
   9.0145308e+02
   9.2181895e+02
   9.4190423e+02
   9.6167473e+02
   9.8109624e+02
   1.0001346e+03
   1.0187560e+03
   1.0369267e+03
   1.0546135e+03
   1.0717837e+03
   1.0884052e+03
   1.1044468e+03
   1.1198778e+03
   1.1346687e+03
   1.1487909e+03
   1.1622172e+03
   1.1749214e+03
   1.1868787e+03
   1.1980658e+03
   1.2084607e+03
   1.2180434e+03
   1.2267953e+03
   1.2346994e+03
   1.2417410e+03
   1.2479068e+03
   1.2531856e+03
   1.2575681e+03
   1.2610471e+03
   1.2636174e+03
   1.2652757e+03
   1.2660209e+03
   1.2658538e+03
   1.2647774e+03
   1.2627966e+03
   1.2599183e+03
   1.2561516e+03
   1.2515073e+03
   1.2459981e+03
   1.2396387e+03
   1.2324454e+03
   1.2244364e+03
   1.2156315e+03
   1.2060519e+03
   1.1957204e+03
   1.1846614e+03
   1.1729003e+03
   1.1604640e+03
   1.1473802e+03
   1.1336779e+03
   1.1193869e+03
   1.1045379e+03
   1.0891622e+03
   1.0732918e+03
   1.0569592e+03
   1.0401973e+03
   1.0230393e+03
   1.0055186e+03
   9.8766872e+02
   9.6952318e+02
   9.5111543e+02
   9.3247876e+02
   9.1364621e+02
   8.9465048e+02
   8.7552386e+02
   8.5629816e+02
   8.3700465e+02
   8.1767398e+02
   7.9833613e+02
   7.7902037e+02
   7.5975517e+02
   7.4056823e+02
   7.2148638e+02
   7.0253555e+02
   6.8374079e+02
   6.6512621e+02
   6.4671497e+02
   6.2852926e+02
   6.1059031e+02
   5.9291837e+02
   5.7553273e+02
   5.5845168e+02
   5.4169258e+02
   5.2527182e+02
   5.0920486e+02
   4.9350625e+02
   4.7818962e+02
   4.6326774e+02
   4.4875253e+02
   4.3465509e+02
   4.2098571e+02
   4.0775393e+02
   3.9496854e+02
   3.8263766e+02
   3.7076872e+02
   3.5936852e+02
   3.4844327e+02
   3.3799860e+02
   3.2803961e+02
   3.1857094e+02
   3.0959671e+02
   3.0112064e+02
   2.9314606e+02
   2.8567591e+02
   2.7871280e+02
   2.7225902e+02
   2.6631660e+02
   2.6088728e+02
   2.5597257e+02
   2.5157380e+02
   2.4769206e+02
   2.4432830e+02
   2.4148329e+02
   2.3915765e+02
   2.3735189e+02
   2.3606638e+02
   2.3530138e+02
   2.3505704e+02
