   5.5896056e+04
   5.5886955e+04
   5.5859620e+04
   5.5813940e+04
   5.5749729e+04
   5.5666733e+04
   5.5564625e+04
   5.5443010e+04
   5.5301429e+04
   5.5139358e+04
   5.4956216e+04
   5.4751367e+04
   5.4524125e+04
   5.4273758e+04
   5.3999496e+04
   5.3700535e+04
   5.3376045e+04
   5.3025180e+04
   5.2647079e+04
   5.2240880e+04
   5.1805729e+04
   5.1340787e+04
   5.0845238e+04
   5.0318307e+04
   4.9759263e+04
   4.9167433e+04
   4.8542214e+04
   4.7883084e+04
   4.7189612e+04
   4.6461473e+04
   4.5698458e+04
   4.4900483e+04
   4.4067607e+04
   4.3200035e+04
   4.2298132e+04
   4.1362433e+04
   4.0393653e+04
   3.9392690e+04
   3.8360635e+04
   3.7298779e+04
   3.6208612e+04
   3.5091830e+04
   3.3950333e+04
   3.2786225e+04
   3.1601810e+04
   3.0399588e+04
   2.9182247e+04
   2.7952651e+04
   2.6713833e+04
   2.5468980e+04
   2.4221411e+04
   2.2974568e+04
   2.1731989e+04
   2.0497286e+04
   1.9274126e+04
   1.8066198e+04
   1.6877193e+04
   1.5710770e+04
   1.4570532e+04
   1.3459990e+04
   1.2382541e+04
   1.1341431e+04
   1.0339731e+04
   9.3803059e+03
   8.4657884e+03
   7.5985531e+03
   6.7806932e+03
   6.0139996e+03
   5.2999422e+03
   4.6396547e+03
   4.0339220e+03
   3.4831721e+03
   2.9874705e+03
   2.5465195e+03
   2.1596605e+03
   1.8258809e+03
   1.5438244e+03
   1.3118054e+03
   1.1278271e+03
   9.8960266e+02
   8.9458012e+02
   8.3996981e+02
   8.2277447e+02
   8.3982151e+02
   8.8779680e+02
   9.6327975e+02
   1.0627791e+03
   1.1827692e+03
   1.3197257e+03
   1.4701612e+03
   1.6306590e+03
   1.7979059e+03
   1.9687225e+03
   2.1400915e+03
   2.3091827e+03
   2.4733757e+03
   2.6302789e+03
   2.7777451e+03
   2.9138838e+03
   3.0370693e+03
   3.1459466e+03
   3.2394318e+03
   3.3167108e+03
   3.3772337e+03
   3.4207064e+03
   3.4470799e+03
   3.4565360e+03
   3.4494719e+03
   3.4264821e+03
   3.3883391e+03
   3.3359728e+03
   3.2704493e+03
   3.1929486e+03
   3.1047429e+03
   3.0071745e+03
   2.9016344e+03
   2.7895415e+03
   2.6723231e+03
   2.5513962e+03
   2.4281503e+03
   2.3039320e+03
   2.1800311e+03
   2.0576680e+03
   1.9379837e+03
   1.8220309e+03
   1.7107671e+03
   1.6050497e+03
   1.5056326e+03
   1.4131639e+03
   1.3281861e+03
   1.2511369e+03
   1.1823512e+03
   1.1220650e+03
   1.0704195e+03
   1.0274662e+03
   9.9317278e+02
   9.6742953e+02
   9.5005618e+02
   9.4080885e+02
   9.3938731e+02
   9.4544221e+02
   9.5858222e+02
   9.7838108e+02
   1.0043844e+03
   1.0361160e+03
   1.0730842e+03
   1.1147876e+03
   1.1607198e+03
   1.2103750e+03
   1.2632519e+03
   1.3188573e+03
   1.3767101e+03
   1.4363436e+03
   1.4973083e+03
   1.5591737e+03
   1.6215299e+03
   1.6839888e+03
   1.7461848e+03
   1.8077755e+03
   1.8684417e+03
   1.9278874e+03
   1.9858394e+03
   2.0420468e+03
   2.0962803e+03
   2.1483316e+03
   2.1980121e+03
   2.2451520e+03
   2.2895993e+03
   2.3312187e+03
   2.3698902e+03
   2.4055086e+03
   2.4379816e+03
   2.4672293e+03
   2.4931833e+03
   2.5157851e+03
   2.5349862e+03
   2.5507466e+03
   2.5630346e+03
   2.5718261e+03
   2.5771041e+03
   2.5788586e+03
   2.5770863e+03
   2.5717905e+03
   2.5629813e+03
   2.5506757e+03
   2.5348978e+03
   2.5156795e+03
   2.4930606e+03
   2.4670900e+03
   2.4378258e+03
   2.4053368e+03
   2.3697028e+03
   2.3310161e+03
   2.2893821e+03
   2.2449207e+03
   2.1977674e+03
   2.1480742e+03
   2.0960109e+03
   2.0417661e+03
   1.9855484e+03
   1.9275870e+03
   1.8681329e+03
   1.8074594e+03
   1.7458625e+03
   1.6836615e+03
   1.6211989e+03
   1.5588403e+03
   1.4969739e+03
   1.4360096e+03
   1.3763780e+03
   1.3185288e+03
   1.2629285e+03
   1.2100585e+03
   1.1604118e+03
   1.1144899e+03
   1.0727987e+03
   1.0358443e+03
   1.0041284e+03
   9.7814257e+02
   9.5836294e+02
   9.4524389e+02
   9.3921165e+02
   9.4065745e+02
   9.4993059e+02
   9.6733118e+02
   9.9310298e+02
   1.0274261e+03
   1.0704102e+03
   1.1220873e+03
   1.1824057e+03
   1.2512240e+03
   1.3283062e+03
   1.4133168e+03
   1.5058180e+03
   1.6052671e+03
   1.7110154e+03
   1.8223091e+03
   1.9382903e+03
   2.0580012e+03
   2.1803888e+03
   2.3043118e+03
   2.4285494e+03
   2.5518117e+03
   2.6727518e+03
   2.7899798e+03
   2.9020786e+03
   3.0076206e+03
   3.1051868e+03
   3.1933861e+03
   3.2708760e+03
   3.3363844e+03
   3.3887312e+03
   3.4268503e+03
   3.4498120e+03
   3.4568439e+03
   3.4473516e+03
   3.4209383e+03
   3.3774224e+03
   3.3168532e+03
   3.2395252e+03
   3.1459887e+03
   3.0370584e+03
   2.9138184e+03
   2.7776246e+03
   2.6301029e+03
   2.4731444e+03
   2.3088970e+03
   2.1397528e+03
   1.9683327e+03
   1.7974674e+03
   1.6301749e+03
   1.4696348e+03
   1.3191611e+03
   1.1821706e+03
   1.0621512e+03
   9.6262755e+02
   8.8712566e+02
   8.3913700e+02
   8.2208239e+02
   8.3927610e+02
   8.9389081e+02
   9.8892372e+02
   1.1271644e+03
   1.3111646e+03
   1.5432110e+03
   1.8253000e+03
   2.1591170e+03
   2.5460177e+03
   2.9870146e+03
   3.4827657e+03
   4.0335683e+03
   4.6393563e+03
   5.2997015e+03
   6.0138182e+03
   6.7805722e+03
   7.5984933e+03
   8.4657899e+03
   9.3803684e+03
   1.0339854e+04
   1.1341612e+04
   1.2382779e+04
   1.3460284e+04
   1.4570878e+04
   1.5711166e+04
   1.6877636e+04
   1.8066684e+04
   1.9274651e+04
   2.0497848e+04
   2.1732582e+04
   2.2975189e+04
   2.4222056e+04
   2.5469645e+04
   2.6714514e+04
   2.7953344e+04
   2.9182947e+04
   3.0400293e+04
   3.1602516e+04
   3.2786928e+04
   3.3951029e+04
   3.5092517e+04
   3.6209287e+04
   3.7299439e+04
   3.8361279e+04
   3.9393314e+04
   4.0394256e+04
   4.1363014e+04
   4.2298688e+04
   4.3200566e+04
   4.4068113e+04
   4.4900963e+04
   4.5698910e+04
   4.6461898e+04
   4.7190010e+04
   4.7883455e+04
   4.8542559e+04
   4.9167752e+04
   4.9759557e+04
   5.0318576e+04
   5.0845484e+04
   5.1341009e+04
   5.1805931e+04
   5.2241061e+04
   5.2647241e+04
   5.3025324e+04
   5.3376173e+04
   5.3700647e+04
   5.3999594e+04
   5.4273843e+04
   5.4524199e+04
   5.4751431e+04
   5.4956270e+04
   5.5139403e+04
   5.5301467e+04
   5.5443041e+04
   5.5564650e+04
   5.5666753e+04
   5.5749744e+04
   5.5813951e+04
   5.5859627e+04
   5.5886959e+04
   5.5896056e+04
