   4.8703262e+04
   4.8697236e+04
   4.8679205e+04
   4.8649062e+04
   4.8606629e+04
   4.8551659e+04
   4.8483836e+04
   4.8402776e+04
   4.8308031e+04
   4.8199092e+04
   4.8075386e+04
   4.7936287e+04
   4.7781115e+04
   4.7609141e+04
   4.7419592e+04
   4.7211655e+04
   4.6984484e+04
   4.6737205e+04
   4.6468923e+04
   4.6178728e+04
   4.5865703e+04
   4.5528935e+04
   4.5167518e+04
   4.4780565e+04
   4.4367218e+04
   4.3926656e+04
   4.3458108e+04
   4.2960860e+04
   4.2434268e+04
   4.1877767e+04
   4.1290885e+04
   4.0673251e+04
   4.0024608e+04
   3.9344822e+04
   3.8633896e+04
   3.7891973e+04
   3.7119354e+04
   3.6316500e+04
   3.5484042e+04
   3.4622790e+04
   3.3733735e+04
   3.2818056e+04
   3.1877121e+04
   3.0912490e+04
   2.9925914e+04
   2.8919332e+04
   2.7894868e+04
   2.6854826e+04
   2.5801677e+04
   2.4738055e+04
   2.3666740e+04
   2.2590646e+04
   2.1512804e+04
   2.0436342e+04
   1.9364467e+04
   1.8300442e+04
   1.7247561e+04
   1.6209126e+04
   1.5188420e+04
   1.4188682e+04
   1.3213077e+04
   1.2264669e+04
   1.1346396e+04
   1.0461038e+04
   9.6111977e+03
   8.7992700e+03
   8.0274209e+03
   7.2975656e+03
   6.6113492e+03
   5.9701303e+03
   5.3749663e+03
   4.8266037e+03
   4.3254693e+03
   3.8716671e+03
   3.4649770e+03
   3.1048582e+03
   2.7904557e+03
   2.5206106e+03
   2.2938735e+03
   2.1085220e+03
   1.9625803e+03
   1.8538424e+03
   1.7798973e+03
   1.7381568e+03
   1.7258847e+03
   1.7402273e+03
   1.7782457e+03
   1.8369470e+03
   1.9133172e+03
   2.0043525e+03
   2.1070903e+03
   2.2186387e+03
   2.3362044e+03
   2.4571188e+03
   2.5788610e+03
   2.6990793e+03
   2.8156088e+03
   2.9264865e+03
   3.0299634e+03
   3.1245130e+03
   3.2088369e+03
   3.2818670e+03
   3.3427648e+03
   3.3909178e+03
   3.4259328e+03
   3.4476274e+03
   3.4560183e+03
   3.4513084e+03
   3.4338718e+03
   3.4042374e+03
   3.3630718e+03
   3.3111605e+03
   3.2493904e+03
   3.1787300e+03
   3.1002115e+03
   3.0149126e+03
   2.9239386e+03
   2.8284063e+03
   2.7294280e+03
   2.6280973e+03
   2.5254761e+03
   2.4225830e+03
   2.3203828e+03
   2.2197787e+03
   2.1216043e+03
   2.0266190e+03
   1.9355029e+03
   1.8488551e+03
   1.7671917e+03
   1.6909458e+03
   1.6204689e+03
   1.5560321e+03
   1.4978300e+03
   1.4459836e+03
   1.4005450e+03
   1.3615017e+03
   1.3287827e+03
   1.3022632e+03
   1.2817705e+03
   1.2670899e+03
   1.2579702e+03
   1.2541295e+03
   1.2552607e+03
   1.2610365e+03
   1.2711146e+03
   1.2851421e+03
   1.3027602e+03
   1.3236078e+03
   1.3473251e+03
   1.3735570e+03
   1.4019554e+03
   1.4321820e+03
   1.4639104e+03
   1.4968272e+03
   1.5306339e+03
   1.5650476e+03
   1.5998017e+03
   1.6346466e+03
   1.6693495e+03
   1.7036948e+03
   1.7374837e+03
   1.7705337e+03
   1.8026784e+03
   1.8337666e+03
   1.8636618e+03
   1.8922414e+03
   1.9193957e+03
   1.9450273e+03
   1.9690499e+03
   1.9913881e+03
   2.0119755e+03
   2.0307550e+03
   2.0476772e+03
   2.0627002e+03
   2.0757884e+03
   2.0869124e+03
   2.0960484e+03
   2.1031771e+03
   2.1082844e+03
   2.1113601e+03
   2.1123982e+03
   2.1113965e+03
   2.1083571e+03
   2.1032857e+03
   2.0961921e+03
   2.0870906e+03
   2.0760000e+03
   2.0629440e+03
   2.0479519e+03
   2.0310590e+03
   2.0123072e+03
   1.9917455e+03
   1.9694311e+03
   1.9454301e+03
   1.9198179e+03
   1.8926807e+03
   1.8641157e+03
   1.8342326e+03
   1.8031540e+03
   1.7710164e+03
   1.7379708e+03
   1.7041838e+03
   1.6698378e+03
   1.6351318e+03
   1.6002814e+03
   1.5655195e+03
   1.5310958e+03
   1.4972771e+03
   1.4643464e+03
   1.4326026e+03
   1.4023589e+03
   1.3739424e+03
   1.3476914e+03
   1.3239543e+03
   1.3030865e+03
   1.2854480e+03
   1.2714003e+03
   1.2613026e+03
   1.2555079e+03
   1.2543589e+03
   1.2581831e+03
   1.2672880e+03
   1.2819557e+03
   1.3024377e+03
   1.3289489e+03
   1.3616622e+03
   1.4007024e+03
   1.4461409e+03
   1.4979901e+03
   1.5561979e+03
   1.6206433e+03
   1.6911318e+03
   1.7673920e+03
   1.8490723e+03
   1.9357393e+03
   2.0268766e+03
   2.1218850e+03
   2.2200837e+03
   2.3207132e+03
   2.4229390e+03
   2.5258579e+03
   2.6285041e+03
   2.7298587e+03
   2.8288591e+03
   2.9244111e+03
   3.0154019e+03
   3.1007140e+03
   3.1792415e+03
   3.2499063e+03
   3.3116757e+03
   3.3635804e+03
   3.4047335e+03
   3.4343489e+03
   3.4517598e+03
   3.4564371e+03
   3.4480066e+03
   3.4262654e+03
   3.3911966e+03
   3.3429831e+03
   3.2820181e+03
   3.2089145e+03
   3.1245111e+03
   3.0298767e+03
   2.9263102e+03
   2.8153388e+03
   2.6987122e+03
   2.5783942e+03
   2.4565504e+03
   2.3355336e+03
   2.2178655e+03
   2.1062156e+03
   2.0033782e+03
   1.9122461e+03
   1.8357827e+03
   1.7769929e+03
   1.7388915e+03
   1.7244720e+03
   1.7366744e+03
   1.7783529e+03
   1.8522443e+03
   1.9609375e+03
   2.1068438e+03
   2.2921697e+03
   2.5188911e+03
   2.7887308e+03
   3.1031381e+03
   3.4632720e+03
   3.8699872e+03
   4.3238245e+03
   4.8250037e+03
   5.3734206e+03
   5.9686477e+03
   6.6099384e+03
   7.2962344e+03
   8.0261767e+03
   8.7981196e+03
   9.6101472e+03
   1.0460093e+04
   1.1345561e+04
   1.2263948e+04
   1.3212474e+04
   1.4188199e+04
   1.5188059e+04
   1.6208887e+04
   1.7247445e+04
   1.8300449e+04
   1.9364597e+04
   2.0436592e+04
   2.1513172e+04
   2.2591130e+04
   2.3667336e+04
   2.4738759e+04
   2.5802486e+04
   2.6855735e+04
   2.7895872e+04
   2.8920426e+04
   2.9927092e+04
   3.0913747e+04
   3.1878450e+04
   3.2819452e+04
   3.3735192e+04
   3.4624301e+04
   3.5485601e+04
   3.6318100e+04
   3.7120989e+04
   3.7893637e+04
   3.8635583e+04
   3.9346526e+04
   4.0026322e+04
   4.0674969e+04
   4.1292602e+04
   4.1879478e+04
   4.2435967e+04
   4.2962542e+04
   4.3459768e+04
   4.3928289e+04
   4.4368819e+04
   4.4782130e+04
   4.5169043e+04
   4.5530417e+04
   4.5867137e+04
   4.6180110e+04
   4.6470251e+04
   4.6738476e+04
   4.6985694e+04
   4.7212802e+04
   4.7420673e+04
   4.7610154e+04
   4.7782058e+04
   4.7937158e+04
   4.8076183e+04
   4.8199813e+04
   4.8308676e+04
   4.8403343e+04
   4.8484324e+04
   4.8552067e+04
   4.8606957e+04
   4.8649308e+04
   4.8679369e+04
   4.8697318e+04
   4.8703262e+04
