   7.1455654e+03
   7.1449363e+03
   7.1430489e+03
   7.1398999e+03
   7.1354839e+03
   7.1297931e+03
   7.1228178e+03
   7.1145462e+03
   7.1049644e+03
   7.0940564e+03
   7.0818047e+03
   7.0681897e+03
   7.0531903e+03
   7.0367837e+03
   7.0189456e+03
   6.9996505e+03
   6.9788716e+03
   6.9565811e+03
   6.9327503e+03
   6.9073498e+03
   6.8803495e+03
   6.8517191e+03
   6.8214280e+03
   6.7894456e+03
   6.7557417e+03
   6.7202863e+03
   6.6830501e+03
   6.6440047e+03
   6.6031230e+03
   6.5603787e+03
   6.5157476e+03
   6.4692069e+03
   6.4207360e+03
   6.3703166e+03
   6.3179327e+03
   6.2635712e+03
   6.2072219e+03
   6.1488776e+03
   6.0885347e+03
   6.0261931e+03
   5.9618564e+03
   5.8955323e+03
   5.8272327e+03
   5.7569735e+03
   5.6847753e+03
   5.6106633e+03
   5.5346673e+03
   5.4568219e+03
   5.3771666e+03
   5.2957459e+03
   5.2126089e+03
   5.1278102e+03
   5.0414090e+03
   4.9534695e+03
   4.8640606e+03
   4.7732563e+03
   4.6811348e+03
   4.5877793e+03
   4.4932769e+03
   4.3977192e+03
   4.3012014e+03
   4.2038226e+03
   4.1056854e+03
   4.0068954e+03
   3.9075610e+03
   3.8077933e+03
   3.7077055e+03
   3.6074125e+03
   3.5070307e+03
   3.4066777e+03
   3.3064715e+03
   3.2065306e+03
   3.1069731e+03
   3.0079167e+03
   2.9094780e+03
   2.8117722e+03
   2.7149127e+03
   2.6190107e+03
   2.5241747e+03
   2.4305104e+03
   2.3381198e+03
   2.2471014e+03
   2.1575497e+03
   2.0695547e+03
   1.9832017e+03
   1.8985712e+03
   1.8157385e+03
   1.7347735e+03
   1.6557404e+03
   1.5786980e+03
   1.5036988e+03
   1.4307898e+03
   1.3600118e+03
   1.2913993e+03
   1.2249811e+03
   1.1607798e+03
   1.0988120e+03
   1.0390885e+03
   9.8161413e+02
   9.2638818e+02
   8.7340439e+02
   8.2265118e+02
   7.7411182e+02
   7.2776470e+02
   6.8358352e+02
   6.4153757e+02
   6.0159197e+02
   5.6370799e+02
   5.2784330e+02
   4.9395228e+02
   4.6198632e+02
   4.3189409e+02
   4.0362192e+02
   3.7711399e+02
   3.5231275e+02
   3.2915911e+02
   3.0759280e+02
   2.8755261e+02
   2.6897668e+02
   2.5180276e+02
   2.3596846e+02
   2.2141148e+02
   2.0806985e+02
   1.9588213e+02
   1.8478760e+02
   1.7472647e+02
   1.6564001e+02
   1.5747073e+02
   1.5016251e+02
   1.4366072e+02
   1.3791231e+02
   1.3286594e+02
   1.2847202e+02
   1.2468281e+02
   1.2145241e+02
   1.1873689e+02
   1.1649422e+02
   1.1468436e+02
   1.1326921e+02
   1.1221263e+02
   1.1148044e+02
   1.1104036e+02
   1.1086198e+02
   1.1091677e+02
   1.1117799e+02
   1.1162063e+02
   1.1222141e+02
   1.1295868e+02
   1.1381234e+02
   1.1476385e+02
   1.1579607e+02
   1.1689327e+02
   1.1804102e+02
   1.1922611e+02
   1.2043653e+02
   1.2166135e+02
   1.2289066e+02
   1.2411556e+02
   1.2532799e+02
   1.2652077e+02
   1.2768746e+02
   1.2882234e+02
   1.2992036e+02
   1.3097704e+02
   1.3198846e+02
   1.3295118e+02
   1.3386223e+02
   1.3471902e+02
   1.3551933e+02
   1.3626125e+02
   1.3694316e+02
   1.3756369e+02
   1.3812170e+02
   1.3861622e+02
   1.3904648e+02
   1.3941184e+02
   1.3971178e+02
   1.3994592e+02
   1.4011395e+02
   1.4021567e+02
   1.4025097e+02
   1.4021979e+02
   1.4012218e+02
   1.3995825e+02
   1.3972820e+02
   1.3943231e+02
   1.3907099e+02
   1.3864474e+02
   1.3815418e+02
   1.3760009e+02
   1.3698343e+02
   1.3630535e+02
   1.3556719e+02
   1.3477058e+02
   1.3391742e+02
   1.3300992e+02
   1.3205066e+02
   1.3104263e+02
   1.2998924e+02
   1.2889442e+02
   1.2776263e+02
   1.2659893e+02
   1.2540903e+02
   1.2419935e+02
   1.2297709e+02
   1.2175028e+02
   1.2052784e+02
   1.1931966e+02
   1.1813667e+02
   1.1699088e+02
   1.1589548e+02
   1.1486491e+02
   1.1391491e+02
   1.1306259e+02
   1.1232651e+02
   1.1172675e+02
   1.1128497e+02
   1.1102445e+02
   1.1097019e+02
   1.1114893e+02
   1.1158921e+02
   1.1232144e+02
   1.1337789e+02
   1.1479276e+02
   1.1660218e+02
   1.1884425e+02
   1.2155903e+02
   1.2478853e+02
   1.2857673e+02
   1.3296948e+02
   1.3801457e+02
   1.4376157e+02
   1.5026186e+02
   1.5756846e+02
   1.6573604e+02
   1.7482072e+02
   1.8488000e+02
   1.9597262e+02
   2.0815838e+02
   2.2149802e+02
   2.3605298e+02
   2.5188526e+02
   2.6905716e+02
   2.8763109e+02
   3.0766931e+02
   3.2923369e+02
   3.5238546e+02
   3.7718490e+02
   4.0369111e+02
   4.3196166e+02
   4.6205236e+02
   4.9401693e+02
   5.2790668e+02
   5.6377024e+02
   6.0165324e+02
   6.4159801e+02
   6.8364331e+02
   7.2782400e+02
   7.7417081e+02
   8.2271004e+02
   8.7346331e+02
   9.2644734e+02
   9.8167372e+02
   1.0391487e+03
   1.0988731e+03
   1.1608418e+03
   1.2250443e+03
   1.2914638e+03
   1.3600778e+03
   1.4308576e+03
   1.5037684e+03
   1.5787695e+03
   1.6558140e+03
   1.7348493e+03
   1.8158166e+03
   1.8986517e+03
   1.9832847e+03
   2.0696402e+03
   2.1576379e+03
   2.2471922e+03
   2.3382132e+03
   2.4306064e+03
   2.5242734e+03
   2.6191119e+03
   2.7150165e+03
   2.8118784e+03
   2.9095866e+03
   3.0080276e+03
   3.1070862e+03
   3.2066457e+03
   3.3065886e+03
   3.4067965e+03
   3.5071511e+03
   3.6075342e+03
   3.7078285e+03
   3.8079174e+03
   3.9076860e+03
   4.0070210e+03
   4.1058115e+03
   4.2039489e+03
   4.3013277e+03
   4.3978453e+03
   4.4934027e+03
   4.5879045e+03
   4.6812592e+03
   4.7733796e+03
   4.8641828e+03
   4.9535902e+03
   5.0415282e+03
   5.1279277e+03
   5.2127245e+03
   5.2958593e+03
   5.3772778e+03
   5.4569307e+03
   5.5347736e+03
   5.6107670e+03
   5.6848762e+03
   5.7570715e+03
   5.8273278e+03
   5.8956245e+03
   5.9619455e+03
   6.0262791e+03
   6.0886176e+03
   6.1489573e+03
   6.2072984e+03
   6.2636446e+03
   6.3180029e+03
   6.3703836e+03
   6.4207999e+03
   6.4692676e+03
   6.5158053e+03
   6.5604334e+03
   6.6031747e+03
   6.6440536e+03
   6.6830961e+03
   6.7203295e+03
   6.7557823e+03
   6.7894836e+03
   6.8214635e+03
   6.8517522e+03
   6.8803803e+03
   6.9073783e+03
   6.9327767e+03
   6.9566054e+03
   6.9788940e+03
   6.9996710e+03
   7.0189643e+03
   7.0368007e+03
   7.0532057e+03
   7.0682035e+03
   7.0818170e+03
   7.0940673e+03
   7.1049739e+03
   7.1145544e+03
   7.1228248e+03
   7.1297988e+03
   7.1354884e+03
   7.1399033e+03
   7.1430511e+03
   7.1449374e+03
   7.1455654e+03
