   2.3240454e+02
   2.3277833e+02
   2.3377165e+02
   2.3539216e+02
   2.3765259e+02
   2.4057071e+02
   2.4416925e+02
   2.4847578e+02
   2.5352264e+02
   2.5934678e+02
   2.6598960e+02
   2.7349673e+02
   2.8191781e+02
   2.9130627e+02
   3.0171894e+02
   3.1321578e+02
   3.2585949e+02
   3.3971501e+02
   3.5484911e+02
   3.7132983e+02
   3.8922588e+02
   4.0860602e+02
   4.2953835e+02
   4.5208955e+02
   4.7632411e+02
   5.0230340e+02
   5.3008485e+02
   5.5972089e+02
   5.9125802e+02
   6.2473574e+02
   6.6018546e+02
   6.9762943e+02
   7.3707962e+02
   7.7853660e+02
   8.2198844e+02
   8.6740962e+02
   9.1476002e+02
   9.6398388e+02
   1.0150089e+03
   1.0677455e+03
   1.1220858e+03
   1.1779034e+03
   1.2350527e+03
   1.2933687e+03
   1.3526666e+03
   1.4127425e+03
   1.4733729e+03
   1.5343159e+03
   1.5953116e+03
   1.6560834e+03
   1.7163388e+03
   1.7757715e+03
   1.8340629e+03
   1.8908844e+03
   1.9458992e+03
   1.9987658e+03
   2.0491398e+03
   2.0966776e+03
   2.1410396e+03
   2.1818930e+03
   2.2189159e+03
   2.2518005e+03
   2.2802569e+03
   2.3040166e+03
   2.3228360e+03
   2.3365001e+03
   2.3448255e+03
   2.3476637e+03
   2.3449038e+03
   2.3364752e+03
   2.3223495e+03
   2.3025428e+03
   2.2771163e+03
   2.2461777e+03
   2.2098817e+03
   2.1684290e+03
   2.1220666e+03
   2.0710857e+03
   2.0158202e+03
   1.9566446e+03
   1.8939704e+03
   1.8282434e+03
   1.7599391e+03
   1.6895590e+03
   1.6176257e+03
   1.5446777e+03
   1.4712642e+03
   1.3979401e+03
   1.3252596e+03
   1.2537714e+03
   1.1840125e+03
   1.1165033e+03
   1.0517419e+03
   9.9019937e+02
   9.3231483e+02
   8.7849145e+02
   8.2909249e+02
   7.8443796e+02
   7.4480191e+02
   7.1041021e+02
   6.8143894e+02
   6.5801343e+02
   6.4020787e+02
   6.2804559e+02
   6.2149990e+02
   6.2049551e+02
   6.2491048e+02
   6.3457870e+02
   6.4929283e+02
   6.6880758e+02
   6.9284340e+02
   7.2109041e+02
   7.5321261e+02
   7.8885216e+02
   8.2763381e+02
   8.6916935e+02
   9.1306203e+02
   9.5891089e+02
   1.0063149e+03
   1.0548770e+03
   1.1042078e+03
   1.1539292e+03
   1.2036774e+03
   1.2531057e+03
   1.3018872e+03
   1.3497169e+03
   1.3963134e+03
   1.4414201e+03
   1.4848068e+03
   1.5262698e+03
   1.5656323e+03
   1.6027451e+03
   1.6374854e+03
   1.6697568e+03
   1.6994885e+03
   1.7266340e+03
   1.7511703e+03
   1.7730962e+03
   1.7924308e+03
   1.8092125e+03
   1.8234964e+03
   1.8353534e+03
   1.8448681e+03
   1.8521371e+03
   1.8572675e+03
   1.8603749e+03
   1.8615821e+03
   1.8610176e+03
   1.8588136e+03
   1.8551056e+03
   1.8500301e+03
   1.8437243e+03
   1.8363246e+03
   1.8279656e+03
   1.8187796e+03
   1.8088958e+03
   1.7984393e+03
   1.7875311e+03
   1.7762873e+03
   1.7648188e+03
   1.7532312e+03
   1.7416245e+03
   1.7300930e+03
   1.7187252e+03
   1.7076037e+03
   1.6968055e+03
   1.6864017e+03
   1.6764580e+03
   1.6670343e+03
   1.6581856e+03
   1.6499613e+03
   1.6424060e+03
   1.6355593e+03
   1.6294563e+03
   1.6241272e+03
   1.6195981e+03
   1.6158908e+03
   1.6130228e+03
   1.6110075e+03
   1.6098545e+03
   1.6095695e+03
   1.6101540e+03
   1.6116059e+03
   1.6139191e+03
   1.6170837e+03
   1.6210855e+03
   1.6259065e+03
   1.6315245e+03
   1.6379130e+03
   1.6450410e+03
   1.6528731e+03
   1.6613690e+03
   1.6704836e+03
   1.6801669e+03
   1.6903634e+03
   1.7010126e+03
   1.7120482e+03
   1.7233985e+03
   1.7349859e+03
   1.7467273e+03
   1.7585335e+03
   1.7703097e+03
   1.7819553e+03
   1.7933641e+03
   1.8044248e+03
   1.8150206e+03
   1.8250301e+03
   1.8343276e+03
   1.8427837e+03
   1.8502656e+03
   1.8566383e+03
   1.8617651e+03
   1.8655087e+03
   1.8677321e+03
   1.8683001e+03
   1.8670802e+03
   1.8639439e+03
   1.8587687e+03
   1.8514390e+03
   1.8418481e+03
   1.8298996e+03
   1.8155095e+03
   1.7986074e+03
   1.7791387e+03
   1.7570658e+03
   1.7323703e+03
   1.7050543e+03
   1.6751418e+03
   1.6426801e+03
   1.6077413e+03
   1.5704228e+03
   1.5308484e+03
   1.4891688e+03
   1.4455618e+03
   1.4002323e+03
   1.3534120e+03
   1.3053584e+03
   1.2563543e+03
   1.2067058e+03
   1.1567410e+03
   1.1068076e+03
   1.0572704e+03
   1.0085085e+03
   9.6091211e+02
   9.1487897e+02
   8.7081077e+02
   8.2910901e+02
   7.9017084e+02
   7.5438477e+02
   7.2212619e+02
   6.9375299e+02
   6.6960109e+02
   6.4998017e+02
   6.3516944e+02
   6.2541377e+02
   6.2091997e+02
   6.2185350e+02
   6.2833559e+02
   6.4044073e+02
   6.5819476e+02
   6.8157343e+02
   7.1050161e+02
   7.4485299e+02
   7.8445052e+02
   8.2906734e+02
   8.7842845e+02
   9.3221289e+02
   9.9005652e+02
   1.0515554e+03
   1.1162694e+03
   1.1837270e+03
   1.2534292e+03
   1.3248554e+03
   1.3974679e+03
   1.4707178e+03
   1.5440504e+03
   1.6169109e+03
   1.6887500e+03
   1.7590290e+03
   1.8272257e+03
   1.8928388e+03
   1.9553929e+03
   2.0144428e+03
   2.0695773e+03
   2.1204226e+03
   2.1666453e+03
   2.2079548e+03
   2.2441050e+03
   2.2748955e+03
   2.3001727e+03
   2.3198295e+03
   2.3338055e+03
   2.3420854e+03
   2.3446982e+03
   2.3417155e+03
   2.3332486e+03
   2.3194469e+03
   2.3004944e+03
   2.2766068e+03
   2.2480282e+03
   2.2150275e+03
   2.1778954e+03
   2.1369398e+03
   2.0924832e+03
   2.0448586e+03
   1.9944060e+03
   1.9414692e+03
   1.8863926e+03
   1.8295182e+03
   1.7711824e+03
   1.7117142e+03
   1.6514320e+03
   1.5906423e+03
   1.5296371e+03
   1.4686932e+03
   1.4080702e+03
   1.3480099e+03
   1.2887353e+03
   1.2304505e+03
   1.1733397e+03
   1.1175677e+03
   1.0632799e+03
   1.0106023e+03
   9.5964252e+02
   9.1048975e+02
   8.6321600e+02
   8.1787669e+02
   7.7451164e+02
   7.3314602e+02
   6.9379144e+02
   6.5644702e+02
   6.2110048e+02
   5.8772929e+02
   5.5630173e+02
   5.2677804e+02
   4.9911145e+02
   4.7324926e+02
   4.4913384e+02
   4.2670357e+02
   4.0589375e+02
   3.8663752e+02
   3.6886658e+02
   3.5251202e+02
   3.3750497e+02
   3.2377725e+02
   3.1126198e+02
   2.9989409e+02
   2.8961080e+02
   2.8035207e+02
   2.7206096e+02
   2.6468402e+02
   2.5817155e+02
   2.5247785e+02
   2.4756151e+02
   2.4338555e+02
   2.3991761e+02
   2.3713011e+02
   2.3500029e+02
   2.3351041e+02
   2.3264771e+02
   2.3240454e+02
