   1.1164443e+00
   1.1424125e+00
   1.2183211e+00
   1.3441681e+00
   1.5199536e+00
   1.7456810e+00
   2.0213575e+00
   2.3469924e+00
   2.7225948e+00
   3.1481722e+00
   3.6237279e+00
   4.1492592e+00
   4.7247548e+00
   5.3501929e+00
   6.0255384e+00
   6.7507402e+00
   7.5257283e+00
   8.3504111e+00
   9.2246716e+00
   1.0148365e+01
   1.1121313e+01
   1.2143303e+01
   1.3214084e+01
   1.4333361e+01
   1.5500791e+01
   1.6715983e+01
   1.7978488e+01
   1.9287801e+01
   2.0643353e+01
   2.2044509e+01
   2.3490563e+01
   2.4980735e+01
   2.6514166e+01
   2.8089918e+01
   2.9706966e+01
   3.1364198e+01
   3.3060409e+01
   3.4794301e+01
   3.6564481e+01
   3.8369454e+01
   4.0207627e+01
   4.2077304e+01
   4.3976683e+01
   4.5903860e+01
   4.7856826e+01
   4.9833466e+01
   5.1831561e+01
   5.3848787e+01
   5.5882720e+01
   5.7930833e+01
   5.9990505e+01
   6.2059015e+01
   6.4133554e+01
   6.6211225e+01
   6.8289047e+01
   7.0363963e+01
   7.2432841e+01
   7.4492486e+01
   7.6539642e+01
   7.8571001e+01
   8.0583211e+01
   8.2572884e+01
   8.4536603e+01
   8.6470933e+01
   8.8372430e+01
   9.0237650e+01
   9.2063158e+01
   9.3845541e+01
   9.5581415e+01
   9.7267439e+01
   9.8900324e+01
   1.0047684e+02
   1.0199384e+02
   1.0344825e+02
   1.0483709e+02
   1.0615750e+02
   1.0740672e+02
   1.0858213e+02
   1.0968122e+02
   1.1070166e+02
   1.1164124e+02
   1.1249792e+02
   1.1326984e+02
   1.1395531e+02
   1.1455282e+02
   1.1506104e+02
   1.1547885e+02
   1.1580533e+02
   1.1603973e+02
   1.1618154e+02
   1.1623044e+02
   1.1618632e+02
   1.1604927e+02
   1.1581961e+02
   1.1549784e+02
   1.1508468e+02
   1.1458105e+02
   1.1398806e+02
   1.1330703e+02
   1.1253945e+02
   1.1168701e+02
   1.1075156e+02
   1.0973513e+02
   1.0863990e+02
   1.0746822e+02
   1.0622258e+02
   1.0490559e+02
   1.0352001e+02
   1.0206869e+02
   1.0055461e+02
   9.8980827e+01
   9.7350496e+01
   9.5666839e+01
   9.3933144e+01
   9.2152749e+01
   9.0329038e+01
   8.8465424e+01
   8.6565340e+01
   8.4632233e+01
   8.2669549e+01
   8.0680725e+01
   7.8669180e+01
   7.6638307e+01
   7.4591462e+01
   7.2531957e+01
   7.0463054e+01
   6.8387954e+01
   6.6309794e+01
   6.4231639e+01
   6.2156477e+01
   6.0087211e+01
   5.8026662e+01
   5.5977554e+01
   5.3942519e+01
   5.1924093e+01
   4.9924709e+01
   4.7946699e+01
   4.5992291e+01
   4.4063610e+01
   4.2162674e+01
   4.0291398e+01
   3.8451591e+01
   3.6644959e+01
   3.4873106e+01
   3.3137533e+01
   3.1439645e+01
   2.9780749e+01
   2.8162057e+01
   2.6584690e+01
   2.5049683e+01
   2.3557981e+01
   2.2110453e+01
   2.0707884e+01
   1.9350990e+01
   1.8040412e+01
   1.6776726e+01
   1.5560446e+01
   1.4392024e+01
   1.3271861e+01
   1.2200304e+01
   1.1177653e+01
   1.0204166e+01
   9.2800605e+00
   8.4055188e+00
   7.5806904e+00
   6.8056965e+00
   6.0806326e+00
   5.4055724e+00
   4.7805700e+00
   4.2056636e+00
   3.6808776e+00
   3.2062255e+00
   2.7817123e+00
   2.4073362e+00
   2.0830914e+00
   1.8089696e+00
   1.5849623e+00
   1.4110624e+00
   1.2872654e+00
   1.2135698e+00
   1.1899756e+00
   1.2164824e+00
   1.2930886e+00
   1.4197921e+00
   1.5965929e+00
   1.8234933e+00
   2.1004988e+00
   2.4276161e+00
   2.8048513e+00
   3.2322084e+00
   3.7096869e+00
   4.2372800e+00
   4.8149721e+00
   5.4427363e+00
   6.1205325e+00
   6.8483040e+00
   7.6259750e+00
   8.4534475e+00
   9.3305980e+00
   1.0257274e+01
   1.1233292e+01
   1.2258430e+01
   1.3332428e+01
   1.4454984e+01
   1.5625747e+01
   1.6844314e+01
   1.8110229e+01
   1.9422977e+01
   2.0781978e+01
   2.2186586e+01
   2.3636085e+01
   2.5129685e+01
   2.6666515e+01
   2.8245625e+01
   2.9865979e+01
   3.1526452e+01
   3.3225828e+01
   3.4962798e+01
   3.6735954e+01
   3.8543791e+01
   4.0384702e+01
   4.2256979e+01
   4.4158809e+01
   4.6088275e+01
   4.8043356e+01
   5.0021924e+01
   5.2021750e+01
   5.4040499e+01
   5.6075734e+01
   5.8124919e+01
   6.0185421e+01
   6.2254512e+01
   6.4329371e+01
   6.6407094e+01
   6.8484691e+01
   7.0559097e+01
   7.2627175e+01
   7.4685723e+01
   7.6731479e+01
   7.8761131e+01
   8.0771324e+01
   8.2758667e+01
   8.4719741e+01
   8.6651110e+01
   8.8549330e+01
   9.0410959e+01
   9.2232563e+01
   9.4010732e+01
   9.5742087e+01
   9.7423291e+01
   9.9051062e+01
   1.0062218e+02
   1.0213350e+02
   1.0358195e+02
   1.0496459e+02
   1.0627854e+02
   1.0752107e+02
   1.0868955e+02
   1.0978152e+02
   1.1079463e+02
   1.1172670e+02
   1.1257571e+02
   1.1333981e+02
   1.1401733e+02
   1.1460677e+02
   1.1510683e+02
   1.1551640e+02
   1.1583458e+02
   1.1606064e+02
   1.1619409e+02
   1.1623462e+02
   1.1618215e+02
   1.1603679e+02
   1.1579887e+02
   1.1546891e+02
   1.1504766e+02
   1.1453604e+02
   1.1393520e+02
   1.1324645e+02
   1.1247132e+02
   1.1161150e+02
   1.1066886e+02
   1.0964544e+02
   1.0854345e+02
   1.0736524e+02
   1.0611331e+02
   1.0479029e+02
   1.0339894e+02
   1.0194214e+02
   1.0042284e+02
   9.8844145e+01
   9.7209191e+01
   9.5521212e+01
   9.3783499e+01
   9.1999396e+01
   9.0172286e+01
   8.8305583e+01
   8.6402723e+01
   8.4467150e+01
   8.2502308e+01
   8.0511632e+01
   7.8498536e+01
   7.6466409e+01
   7.4418602e+01
   7.2358421e+01
   7.0289119e+01
   6.8213892e+01
   6.6135867e+01
   6.4058101e+01
   6.1983571e+01
   5.9915173e+01
   5.7855713e+01
   5.5807908e+01
   5.3774378e+01
   5.1757645e+01
   4.9760132e+01
   4.7784159e+01
   4.5831942e+01
   4.3905593e+01
   4.2007117e+01
   4.0138417e+01
   3.8301289e+01
   3.6497428e+01
   3.4728423e+01
   3.2995766e+01
   3.1300847e+01
   2.9644962e+01
   2.8029311e+01
   2.6455005e+01
   2.4923065e+01
   2.3434427e+01
   2.1989948e+01
   2.0590404e+01
   1.9236499e+01
   1.7928866e+01
   1.6668071e+01
   1.5454618e+01
   1.4288952e+01
   1.3171465e+01
   1.2102496e+01
   1.1082338e+01
   1.0111241e+01
   9.1894164e+00
   8.3170404e+00
   7.4942565e+00
   6.7211803e+00
   5.9979023e+00
   5.3244913e+00
   4.7009972e+00
   4.1274542e+00
   3.6038831e+00
   3.1302942e+00
   2.7066894e+00
   2.3330646e+00
   2.0094117e+00
   1.7357206e+00
   1.5119816e+00
   1.3381870e+00
   1.2143326e+00
   1.1404179e+00
   1.1164443e+00
