   6.8040904e+01
   6.8113454e+01
   6.8335231e+01
   6.8707083e+01
   6.9230408e+01
   6.9907160e+01
   7.0739852e+01
   7.1731551e+01
   7.2885885e+01
   7.4207039e+01
   7.5699762e+01
   7.7369360e+01
   7.9221700e+01
   8.1263205e+01
   8.3500853e+01
   8.5942168e+01
   8.8595216e+01
   9.1468593e+01
   9.4571409e+01
   9.7913278e+01
   1.0150429e+02
   1.0535499e+02
   1.0947636e+02
   1.1387975e+02
   1.1857688e+02
   1.2357978e+02
   1.2890072e+02
   1.3455218e+02
   1.4054678e+02
   1.4689718e+02
   1.5361605e+02
   1.6071594e+02
   1.6820923e+02
   1.7610798e+02
   1.8442388e+02
   1.9316810e+02
   2.0235116e+02
   2.1198287e+02
   2.2207213e+02
   2.3262681e+02
   2.4365365e+02
   2.5515807e+02
   2.6714405e+02
   2.7961400e+02
   2.9256858e+02
   3.0600657e+02
   3.1992475e+02
   3.3431773e+02
   3.4917785e+02
   3.6449505e+02
   3.8025675e+02
   3.9644774e+02
   4.1305010e+02
   4.3004315e+02
   4.4740334e+02
   4.6510426e+02
   4.8311655e+02
   5.0140798e+02
   5.1994341e+02
   5.3868485e+02
   5.5759153e+02
   5.7661996e+02
   5.9572410e+02
   6.1485546e+02
   6.3396326e+02
   6.5299464e+02
   6.7189486e+02
   6.9060757e+02
   7.0907501e+02
   7.2723836e+02
   7.4503797e+02
   7.6241375e+02
   7.7930546e+02
   7.9565304e+02
   8.1139702e+02
   8.2647884e+02
   8.4084124e+02
   8.5442860e+02
   8.6718735e+02
   8.7906628e+02
   8.9001692e+02
   8.9999389e+02
   9.0895518e+02
   9.1686248e+02
   9.2368145e+02
   9.2938200e+02
   9.3393847e+02
   9.3732985e+02
   9.3953998e+02
   9.4055759e+02
   9.4037650e+02
   9.3899557e+02
   9.3641883e+02
   9.3265536e+02
   9.2771928e+02
   9.2162969e+02
   9.1441045e+02
   9.0609012e+02
   8.9670167e+02
   8.8628231e+02
   8.7487321e+02
   8.6251922e+02
   8.4926854e+02
   8.3517242e+02
   8.2028482e+02
   8.0466201e+02
   7.8836222e+02
   7.7144529e+02
   7.5397225e+02
   7.3600495e+02
   7.1760570e+02
   6.9883688e+02
   6.7976058e+02
   6.6043829e+02
   6.4093050e+02
   6.2129646e+02
   6.0159383e+02
   5.8187844e+02
   5.6220402e+02
   5.4262200e+02
   5.2318130e+02
   5.0392815e+02
   4.8490597e+02
   4.6615521e+02
   4.4771334e+02
   4.2961467e+02
   4.1189044e+02
   3.9456868e+02
   3.7767433e+02
   3.6122920e+02
   3.4525205e+02
   3.2975865e+02
   3.1476189e+02
   3.0027185e+02
   2.8629596e+02
   2.7283909e+02
   2.5990372e+02
   2.4749005e+02
   2.3559623e+02
   2.2421841e+02
   2.1335099e+02
   2.0298677e+02
   1.9311706e+02
   1.8373191e+02
   1.7482021e+02
   1.6636990e+02
   1.5836807e+02
   1.5080114e+02
   1.4365498e+02
   1.3691503e+02
   1.3056647e+02
   1.2459428e+02
   1.1898336e+02
   1.1371867e+02
   1.0878526e+02
   1.0416839e+02
   9.9853592e+01
   9.5826723e+01
   9.2074048e+01
   8.8582270e+01
   8.5338578e+01
   8.2330684e+01
   7.9546851e+01
   7.6975917e+01
   7.4607316e+01
   7.2431089e+01
   7.0437896e+01
   6.8619023e+01
   6.6966380e+01
   6.5472510e+01
   6.4130578e+01
   6.2934375e+01
   6.1878310e+01
   6.0957403e+01
   6.0167283e+01
   5.9504180e+01
   5.8964916e+01
   5.8546904e+01
   5.8248144e+01
   5.8067213e+01
   5.8003266e+01
   5.8056036e+01
   5.8225830e+01
   5.8513530e+01
   5.8920597e+01
   5.9449071e+01
   6.0101577e+01
   6.0881330e+01
   6.1792139e+01
   6.2838411e+01
   6.4025164e+01
   6.5358026e+01
   6.6843241e+01
   6.8487678e+01
   7.0298831e+01
   7.2284822e+01
   7.4454399e+01
   7.6816932e+01
   7.9382412e+01
   8.2161433e+01
   8.5165185e+01
   8.8405430e+01
   9.1894481e+01
   9.5645171e+01
   9.9670816e+01
   1.0398518e+02
   1.0860240e+02
   1.1353696e+02
   1.1880363e+02
   1.2441734e+02
   1.3039316e+02
   1.3674617e+02
   1.4349139e+02
   1.5064364e+02
   1.5821746e+02
   1.6622697e+02
   1.7468572e+02
   1.8360661e+02
   1.9300166e+02
   2.0288196e+02
   2.1325741e+02
   2.2413665e+02
   2.3552685e+02
   2.4743357e+02
   2.5986057e+02
   2.7280967e+02
   2.8628058e+02
   3.0027077e+02
   3.1477529e+02
   3.2978665e+02
   3.4529467e+02
   3.6128639e+02
   3.7774596e+02
   3.9465452e+02
   4.1199018e+02
   4.2972792e+02
   4.4783960e+02
   4.6629392e+02
   4.8505645e+02
   5.0408967e+02
   5.2335301e+02
   5.4280299e+02
   5.6239328e+02
   5.8207491e+02
   6.0179636e+02
   6.2150384e+02
   6.4114146e+02
   6.6065151e+02
   6.7997469e+02
   6.9905046e+02
   7.1781732e+02
   7.3621314e+02
   7.5417553e+02
   7.7164218e+02
   7.8855123e+02
   8.0484167e+02
   8.2045369e+02
   8.3532909e+02
   8.4941163e+02
   8.6264741e+02
   8.7498525e+02
   8.8637700e+02
   8.9677790e+02
   9.0614686e+02
   9.1444677e+02
   9.2164474e+02
   9.2771235e+02
   9.3262582e+02
   9.3636620e+02
   9.3891946e+02
   9.4027665e+02
   9.4043389e+02
   9.3939241e+02
   9.3715855e+02
   9.3374368e+02
   9.2916410e+02
   9.2344095e+02
   9.1659998e+02
   9.0867143e+02
   8.9968973e+02
   8.8969330e+02
   8.7872424e+02
   8.6682802e+02
   8.5405321e+02
   8.4045107e+02
   8.2607525e+02
   8.1098142e+02
   7.9522688e+02
   7.7887023e+02
   7.6197098e+02
   7.4458919e+02
   7.2678510e+02
   7.0861882e+02
   6.9014997e+02
   6.7143736e+02
   6.5253871e+02
   6.3351034e+02
   6.1440694e+02
   5.9528132e+02
   5.7618418e+02
   5.5716397e+02
   5.3826665e+02
   5.1953562e+02
   5.0101159e+02
   4.8273245e+02
   4.6473325e+02
   4.4704616e+02
   4.2970042e+02
   4.1272237e+02
   3.9613545e+02
   3.7996026e+02
   3.6421465e+02
   3.4891371e+02
   3.3406995e+02
   3.1969336e+02
   3.0579151e+02
   2.9236972e+02
   2.7943114e+02
   2.6697693e+02
   2.5500634e+02
   2.4351694e+02
   2.3250468e+02
   2.2196410e+02
   2.1188841e+02
   2.0226970e+02
   1.9309904e+02
   1.8436660e+02
   1.7606183e+02
   1.6817354e+02
   1.6069004e+02
   1.5359924e+02
   1.4688877e+02
   1.4054607e+02
   1.3455847e+02
   1.2891332e+02
   1.2359801e+02
   1.1860007e+02
   1.1390724e+02
   1.0950751e+02
   1.0538918e+02
   1.0154092e+02
   9.7951760e+01
   9.4611193e+01
   9.1509146e+01
   8.8636034e+01
   8.5982773e+01
   8.3540796e+01
   8.1302064e+01
   7.9259083e+01
   7.7404905e+01
   7.5733136e+01
   7.4237939e+01
   7.2914038e+01
   7.1756715e+01
   7.0761815e+01
   6.9925740e+01
   6.9245453e+01
   6.8718473e+01
   6.8342875e+01
   6.8117291e+01
   6.8040904e+01
