   4.8470042e-02
   5.5259125e-02
   7.4844994e-02
   1.0718114e-01
   1.5225457e-01
   2.1006393e-01
   2.8060644e-01
   3.6387542e-01
   4.5986033e-01
   5.6854705e-01
   6.8991778e-01
   8.2395085e-01
   9.7062039e-01
   1.1298959e+00
   1.3017416e+00
   1.4861163e+00
   1.6829722e+00
   1.8922546e+00
   2.1139013e+00
   2.3478417e+00
   2.5939962e+00
   2.8522751e+00
   3.1225785e+00
   3.4047949e+00
   3.6988006e+00
   4.0044590e+00
   4.3216198e+00
   4.6501180e+00
   4.9897731e+00
   5.3403886e+00
   5.7017511e+00
   6.0736295e+00
   6.4557742e+00
   6.8479165e+00
   7.2497683e+00
   7.6610208e+00
   8.0813447e+00
   8.5103890e+00
   8.9477812e+00
   9.3931265e+00
   9.8460076e+00
   1.0305985e+01
   1.0772595e+01
   1.1245354e+01
   1.1723752e+01
   1.2207259e+01
   1.2695321e+01
   1.3187363e+01
   1.3682787e+01
   1.4180976e+01
   1.4681291e+01
   1.5183073e+01
   1.5685646e+01
   1.6188315e+01
   1.6690367e+01
   1.7191077e+01
   1.7689703e+01
   1.8185491e+01
   1.8677676e+01
   1.9165485e+01
   1.9648135e+01
   2.0124837e+01
   2.0594801e+01
   2.1057230e+01
   2.1511333e+01
   2.1956316e+01
   2.2391393e+01
   2.2815781e+01
   2.3228709e+01
   2.3629416e+01
   2.4017154e+01
   2.4391191e+01
   2.4750813e+01
   2.5095326e+01
   2.5424059e+01
   2.5736366e+01
   2.6031626e+01
   2.6309251e+01
   2.6568679e+01
   2.6809385e+01
   2.7030876e+01
   2.7232698e+01
   2.7414434e+01
   2.7575705e+01
   2.7716176e+01
   2.7835552e+01
   2.7933583e+01
   2.8010062e+01
   2.8064827e+01
   2.8097762e+01
   2.8108797e+01
   2.8097908e+01
   2.8065118e+01
   2.8010495e+01
   2.7934155e+01
   2.7836259e+01
   2.7717010e+01
   2.7576660e+01
   2.7415500e+01
   2.7233868e+01
   2.7032138e+01
   2.6810728e+01
   2.6570091e+01
   2.6310718e+01
   2.6033135e+01
   2.5737901e+01
   2.5425606e+01
   2.5096869e+01
   2.4752336e+01
   2.4392677e+01
   2.4018587e+01
   2.3630778e+01
   2.3229983e+01
   2.2816950e+01
   2.2392439e+01
   2.1957223e+01
   2.1512084e+01
   2.1057809e+01
   2.0595190e+01
   2.0125022e+01
   1.9648100e+01
   1.9165217e+01
   1.8677160e+01
   1.8184714e+01
   1.7688654e+01
   1.7189744e+01
   1.6688741e+01
   1.6186385e+01
   1.5683406e+01
   1.5180515e+01
   1.4678410e+01
   1.4177767e+01
   1.3679247e+01
   1.3183489e+01
   1.2691114e+01
   1.2202719e+01
   1.1718881e+01
   1.1240156e+01
   1.0767074e+01
   1.0300147e+01
   9.8398608e+00
   9.3866795e+00
   8.9410442e+00
   8.5033736e+00
   8.0740638e+00
   7.6534887e+00
   7.2420004e+00
   6.8399296e+00
   6.4475863e+00
   6.0652598e+00
   5.6932201e+00
   5.3317177e+00
   4.9809849e+00
   4.6412362e+00
   4.3126692e+00
   3.9954653e+00
   3.6897903e+00
   3.3957956e+00
   3.1136186e+00
   2.8433838e+00
   2.5852034e+00
   2.3391781e+00
   2.1053981e+00
   1.8839437e+00
   1.6748860e+00
   1.4782878e+00
   1.2942042e+00
   1.1226833e+00
   9.6376671e-01
   8.1749050e-01
   6.8388536e-01
   5.6297734e-01
   4.5478817e-01
   3.5933567e-01
   2.7663394e-01
   2.0669329e-01
   1.4952014e-01
   1.0511687e-01
   7.3484717e-02
   5.4638056e-02
   4.8625745e-02
   5.5484821e-02
   7.5174112e-02
   1.0764636e-01
   1.5288830e-01
   2.1089840e-01
   2.8167360e-01
   3.6520684e-01
   4.6148715e-01
   5.7049982e-01
   6.9222646e-01
   8.2664470e-01
   9.7372790e-01
   1.1334447e+00
   1.3057585e+00
   1.4906270e+00
   1.6880015e+00
   1.8978261e+00
   2.1200373e+00
   2.3545635e+00
   2.6013235e+00
   2.8602264e+00
   3.1311708e+00
   3.4140436e+00
   3.7087197e+00
   4.0150607e+00
   4.3329146e+00
   4.6621145e+00
   5.0024784e+00
   5.3538078e+00
   5.7158872e+00
   6.0884836e+00
   6.4713454e+00
   6.8642020e+00
   7.2667630e+00
   7.6787176e+00
   8.0997341e+00
   8.5294596e+00
   8.9675193e+00
   9.4135162e+00
   9.8670309e+00
   1.0327621e+01
   1.0794823e+01
   1.1268147e+01
   1.1747085e+01
   1.2231102e+01
   1.2719643e+01
   1.3212131e+01
   1.3707967e+01
   1.4206530e+01
   1.4707181e+01
   1.5209258e+01
   1.5712083e+01
   1.6214961e+01
   1.6717177e+01
   1.7218003e+01
   1.7716698e+01
   1.8212505e+01
   1.8704661e+01
   1.9192388e+01
   1.9674904e+01
   2.0151421e+01
   2.0621146e+01
   2.1083285e+01
   2.1537043e+01
   2.1981629e+01
   2.2416255e+01
   2.2840141e+01
   2.3252515e+01
   2.3652616e+01
   2.4039698e+01
   2.4413030e+01
   2.4771899e+01
   2.5115613e+01
   2.5443502e+01
   2.5754922e+01
   2.6049255e+01
   2.6325912e+01
   2.6584336e+01
   2.6824003e+01
   2.7044423e+01
   2.7245145e+01
   2.7425753e+01
   2.7585872e+01
   2.7725170e+01
   2.7843356e+01
   2.7940180e+01
   2.8015440e+01
   2.8068977e+01
   2.8100679e+01
   2.8110477e+01
   2.8098353e+01
   2.8064331e+01
   2.8008483e+01
   2.7930928e+01
   2.7831829e+01
   2.7711395e+01
   2.7569877e+01
   2.7407573e+01
   2.7224821e+01
   2.7021999e+01
   2.6799526e+01
   2.6557859e+01
   2.6297492e+01
   2.6018952e+01
   2.5722801e+01
   2.5409630e+01
   2.5080060e+01
   2.4734738e+01
   2.4374338e+01
   2.3999554e+01
   2.3611100e+01
   2.3209709e+01
   2.2796131e+01
   2.2371127e+01
   2.1935469e+01
   2.1489940e+01
   2.1035326e+01
   2.0572422e+01
   2.0102020e+01
   1.9624916e+01
   1.9141901e+01
   1.8653764e+01
   1.8161286e+01
   1.7665242e+01
   1.7166397e+01
   1.6665504e+01
   1.6163304e+01
   1.5660523e+01
   1.5157873e+01
   1.4656047e+01
   1.4155723e+01
   1.3657559e+01
   1.3162191e+01
   1.2670238e+01
   1.2182297e+01
   1.1698941e+01
   1.1220724e+01
   1.0748175e+01
   1.0281803e+01
   9.8220916e+00
   9.3695028e+00
   8.9244756e+00
   8.4874265e+00
   8.0587492e+00
   7.6388156e+00
   7.2279756e+00
   6.8265577e+00
   6.4348699e+00
   6.0531994e+00
   5.6818141e+00
   5.3209626e+00
   4.9708752e+00
   4.6317646e+00
   4.3038266e+00
   3.9872406e+00
   3.6821709e+00
   3.3887672e+00
   3.1071654e+00
   2.8374883e+00
   2.5798467e+00
   2.3343400e+00
   2.1010570e+00
   1.8800768e+00
   1.6714694e+00
   1.4752963e+00
   1.2916117e+00
   1.1204627e+00
   9.6189015e-01
   8.1592911e-01
   6.8260959e-01
   5.6195697e-01
   4.5399240e-01
   3.5873317e-01
   2.7619292e-01
   2.0638163e-01
   1.4930542e-01
   1.0496654e-01
   7.3366064e-02
   5.4517932e-02
   4.8470042e-02
