   2.3061135e+04
   2.3059866e+04
   2.3056140e+04
   2.3049912e+04
   2.3041105e+04
   2.3029613e+04
   2.3015302e+04
   2.2998005e+04
   2.2977530e+04
   2.2953654e+04
   2.2926128e+04
   2.2894676e+04
   2.2858997e+04
   2.2818764e+04
   2.2773628e+04
   2.2723218e+04
   2.2667143e+04
   2.2604994e+04
   2.2536343e+04
   2.2460750e+04
   2.2377763e+04
   2.2286918e+04
   2.2187746e+04
   2.2079773e+04
   2.1962525e+04
   2.1835529e+04
   2.1698319e+04
   2.1550437e+04
   2.1391440e+04
   2.1220900e+04
   2.1038412e+04
   2.0843597e+04
   2.0636104e+04
   2.0415618e+04
   2.0181862e+04
   1.9934603e+04
   1.9673654e+04
   1.9398881e+04
   1.9110207e+04
   1.8807612e+04
   1.8491143e+04
   1.8160911e+04
   1.7817099e+04
   1.7459962e+04
   1.7089831e+04
   1.6707110e+04
   1.6312286e+04
   1.5905919e+04
   1.5488649e+04
   1.5061194e+04
   1.4624346e+04
   1.4178968e+04
   1.3725995e+04
   1.3266426e+04
   1.2801322e+04
   1.2331799e+04
   1.1859019e+04
   1.1384189e+04
   1.0908548e+04
   1.0433361e+04
   9.9599109e+03
   9.4894861e+03
   9.0233740e+03
   8.5628495e+03
   8.1091655e+03
   7.6635425e+03
   7.2271586e+03
   6.8011404e+03
   6.3865527e+03
   5.9843903e+03
   5.5955695e+03
   5.2209205e+03
   4.8611807e+03
   4.5169889e+03
   4.1888808e+03
   3.8772848e+03
   3.5825199e+03
   3.3047946e+03
   3.0442061e+03
   2.8007422e+03
   2.5742831e+03
   2.3646053e+03
   2.1713860e+03
   1.9942091e+03
   1.8325714e+03
   1.6858907e+03
   1.5535138e+03
   1.4347254e+03
   1.3287578e+03
   1.2348000e+03
   1.1520084e+03
   1.0795166e+03
   1.0164447e+03
   9.6191010e+02
   9.1503570e+02
   8.7495948e+02
   8.4084241e+02
   8.1187602e+02
   7.8728919e+02
   7.6635403e+02
   7.4839083e+02
   7.3277218e+02
   7.1892605e+02
   7.0633795e+02
   6.9455218e+02
   6.8317215e+02
   6.7185984e+02
   6.6033454e+02
   6.4837076e+02
   6.3579560e+02
   6.2248546e+02
   6.0836239e+02
   5.9338998e+02
   5.7756900e+02
   5.6093286e+02
   5.4354296e+02
   5.2548402e+02
   5.0685948e+02
   4.8778707e+02
   4.6839452e+02
   4.4881558e+02
   4.2918632e+02
   4.0964179e+02
   3.9031304e+02
   3.7132451e+02
   3.5279186e+02
   3.3482017e+02
   3.1750257e+02
   3.0091916e+02
   2.8513642e+02
   2.7020691e+02
   2.5616919e+02
   2.4304818e+02
   2.3085566e+02
   2.1959100e+02
   2.0924209e+02
   1.9978638e+02
   1.9119208e+02
   1.8341936e+02
   1.7642164e+02
   1.7014691e+02
   1.6453901e+02
   1.5953885e+02
   1.5508563e+02
   1.5111799e+02
   1.4757501e+02
   1.4439718e+02
   1.4152723e+02
   1.3891086e+02
   1.3649740e+02
   1.3424026e+02
   1.3209738e+02
   1.3003148e+02
   1.2801029e+02
   1.2600663e+02
   1.2399839e+02
   1.2196849e+02
   1.1990472e+02
   1.1779951e+02
   1.1564969e+02
   1.1345614e+02
   1.1122348e+02
   1.0895964e+02
   1.0667548e+02
   1.0438436e+02
   1.0210171e+02
   9.9844598e+01
   9.7631299e+01
   9.5480879e+01
   9.3412785e+01
   9.1446456e+01
   8.9600952e+01
   8.7894612e+01
   8.6344732e+01
   8.4967279e+01
   8.3776624e+01
   8.2785324e+01
   8.2003917e+01
   8.1440766e+01
   8.1101934e+01
   8.0991092e+01
   8.1109464e+01
   8.1455808e+01
   8.2026438e+01
   8.2815273e+01
   8.3813932e+01
   8.5011855e+01
   8.6396469e+01
   8.7953378e+01
   8.9666592e+01
   9.1518790e+01
   9.3491606e+01
   9.5565952e+01
   9.7722360e+01
   9.9941351e+01
   1.0220383e+02
   1.0449148e+02
   1.0678721e+02
   1.0907554e+02
   1.1134309e+02
   1.1357896e+02
   1.1577519e+02
   1.1792713e+02
   1.2003386e+02
   1.2209855e+02
   1.2412872e+02
   1.2613658e+02
   1.2813919e+02
   1.3015865e+02
   1.3222214e+02
   1.3436195e+02
   1.3661536e+02
   1.3902445e+02
   1.4163584e+02
   1.4450026e+02
   1.4767204e+02
   1.5120851e+02
   1.5516923e+02
   1.5961521e+02
   1.6460790e+02
   1.7020816e+02
   1.7647518e+02
   1.8346523e+02
   1.9123042e+02
   1.9981741e+02
   2.0926614e+02
   2.1960851e+02
   2.3086716e+02
   2.4305429e+02
   2.5617060e+02
   2.7020440e+02
   2.8513082e+02
   3.0091134e+02
   3.1749344e+02
   3.3481066e+02
   3.5278288e+02
   3.7131695e+02
   3.9030776e+02
   4.0963959e+02
   4.2918790e+02
   4.4882155e+02
   4.6840539e+02
   4.8780320e+02
   5.0688111e+02
   5.2551121e+02
   5.4357564e+02
   5.6097079e+02
   5.7761177e+02
   5.9343704e+02
   6.0841304e+02
   6.2253888e+02
   6.3585085e+02
   6.4842683e+02
   6.6039034e+02
   6.7191427e+02
   6.8322411e+02
   6.9460064e+02
   7.0638195e+02
   7.1896476e+02
   7.3280497e+02
   7.4841726e+02
   7.6637394e+02
   7.8730271e+02
   8.1188362e+02
   8.4084495e+02
   8.7495821e+02
   9.1503229e+02
   9.6190667e+02
   1.0164439e+03
   1.0795213e+03
   1.1520223e+03
   1.2348269e+03
   1.3288020e+03
   1.4347919e+03
   1.5536075e+03
   1.6860172e+03
   1.8327363e+03
   1.9944185e+03
   2.1716460e+03
   2.3649220e+03
   2.5746628e+03
   2.8011910e+03
   3.0447302e+03
   3.3053999e+03
   3.5832121e+03
   3.8780691e+03
   4.1897623e+03
   4.5179722e+03
   4.8622698e+03
   5.2221189e+03
   5.5968802e+03
   5.9858156e+03
   6.3880942e+03
   6.8027992e+03
   7.2289350e+03
   7.6654361e+03
   8.1111754e+03
   8.5649739e+03
   9.0256105e+03
   9.4918318e+03
   9.9623621e+03
   1.0435914e+04
   1.0911197e+04
   1.1386930e+04
   1.1861846e+04
   1.2334705e+04
   1.2804303e+04
   1.3269473e+04
   1.3729102e+04
   1.4182128e+04
   1.4627551e+04
   1.5064438e+04
   1.5491924e+04
   1.5909217e+04
   1.6315601e+04
   1.6710435e+04
   1.7093157e+04
   1.7463284e+04
   1.7820410e+04
   1.8164204e+04
   1.8494411e+04
   1.8810850e+04
   1.9113409e+04
   1.9402042e+04
   1.9676768e+04
   1.9937666e+04
   2.0184869e+04
   2.0418565e+04
   2.0638987e+04
   2.0846412e+04
   2.1041157e+04
   2.1223570e+04
   2.1394033e+04
   2.1552951e+04
   2.1700751e+04
   2.1837877e+04
   2.1964788e+04
   2.2081948e+04
   2.2189832e+04
   2.2288914e+04
   2.2379668e+04
   2.2462563e+04
   2.2538063e+04
   2.2606620e+04
   2.2668676e+04
   2.2724656e+04
   2.2774971e+04
   2.2820011e+04
   2.2860149e+04
   2.2895733e+04
   2.2927089e+04
   2.2954519e+04
   2.2978299e+04
   2.2998678e+04
   2.3015878e+04
   2.3030094e+04
   2.3041489e+04
   2.3050200e+04
   2.3056332e+04
   2.3059962e+04
   2.3061135e+04
