   5.6816972e-11
   4.8541039e-09
   1.8226016e-08
   4.0289821e-08
   7.1020578e-08
   1.1038131e-07
   1.5832440e-07
   2.1479182e-07
   2.7971521e-07
   3.5301594e-07
   4.3460526e-07
   5.2438434e-07
   6.2224446e-07
   7.2806709e-07
   8.4172403e-07
   9.6307760e-07
   1.0919808e-06
   1.2282773e-06
   1.3718021e-06
   1.5223812e-06
   1.6798321e-06
   1.8439639e-06
   2.0145775e-06
   2.1914661e-06
   2.3744151e-06
   2.5632027e-06
   2.7575998e-06
   2.9573704e-06
   3.1622722e-06
   3.3720564e-06
   3.5864684e-06
   3.8052476e-06
   4.0281286e-06
   4.2548404e-06
   4.4851076e-06
   4.7186504e-06
   4.9551849e-06
   5.1944235e-06
   5.4360754e-06
   5.6798465e-06
   5.9254404e-06
   6.1725581e-06
   6.4208990e-06
   6.6701606e-06
   6.9200395e-06
   7.1702314e-06
   7.4204314e-06
   7.6703348e-06
   7.9196370e-06
   8.1680340e-06
   8.4152230e-06
   8.6609026e-06
   8.9047731e-06
   9.1465370e-06
   9.3858991e-06
   9.6225675e-06
   9.8562530e-06
   1.0086670e-05
   1.0313538e-05
   1.0536580e-05
   1.0755522e-05
   1.0970097e-05
   1.1180043e-05
   1.1385104e-05
   1.1585028e-05
   1.1779571e-05
   1.1968495e-05
   1.2151570e-05
   1.2328570e-05
   1.2499279e-05
   1.2663489e-05
   1.2820999e-05
   1.2971615e-05
   1.3115153e-05
   1.3251437e-05
   1.3380300e-05
   1.3501586e-05
   1.3615144e-05
   1.3720835e-05
   1.3818532e-05
   1.3908112e-05
   1.3989468e-05
   1.4062498e-05
   1.4127114e-05
   1.4183237e-05
   1.4230797e-05
   1.4269736e-05
   1.4300006e-05
   1.4321571e-05
   1.4334404e-05
   1.4338489e-05
   1.4333821e-05
   1.4320406e-05
   1.4298260e-05
   1.4267410e-05
   1.4227895e-05
   1.4179763e-05
   1.4123072e-05
   1.4057892e-05
   1.3984304e-05
   1.3902396e-05
   1.3812271e-05
   1.3714037e-05
   1.3607816e-05
   1.3493737e-05
   1.3371941e-05
   1.3242576e-05
   1.3105801e-05
   1.2961784e-05
   1.2810701e-05
   1.2652736e-05
   1.2488084e-05
   1.2316946e-05
   1.2139531e-05
   1.1956056e-05
   1.1766747e-05
   1.1571833e-05
   1.1371555e-05
   1.1166157e-05
   1.0955889e-05
   1.0741010e-05
   1.0521781e-05
   1.0298471e-05
   1.0071353e-05
   9.8407031e-06
   9.6068041e-06
   9.3699413e-06
   9.1304039e-06
   8.8884842e-06
   8.6444776e-06
   8.3986817e-06
   8.1513963e-06
   7.9029230e-06
   7.6535648e-06
   7.4036257e-06
   7.1534102e-06
   6.9032233e-06
   6.6533697e-06
   6.4041538e-06
   6.1558789e-06
   5.9088475e-06
   5.6633601e-06
   5.4197155e-06
   5.1782101e-06
   4.9391377e-06
   4.7027890e-06
   4.4694514e-06
   4.2394086e-06
   4.0129401e-06
   3.7903211e-06
   3.5718220e-06
   3.3577084e-06
   3.1482402e-06
   2.9436717e-06
   2.7442513e-06
   2.5502211e-06
   2.3618164e-06
   2.1792660e-06
   2.0027913e-06
   1.8326064e-06
   1.6689175e-06
   1.5119233e-06
   1.3618142e-06
   1.2187719e-06
   1.0829701e-06
   9.5457317e-07
   8.3373683e-07
   7.2060746e-07
   6.1532215e-07
   5.1800846e-07
   4.2878426e-07
   3.4775766e-07
   2.7502678e-07
   2.1067973e-07
   1.5479444e-07
   1.0743859e-07
   6.8669512e-08
   3.8534104e-08
   1.7068605e-08
   4.2968301e-09
   1.4498503e-10
   4.8992964e-09
   1.8273203e-08
   4.0339582e-08
   7.1073751e-08
   1.1043880e-07
   1.5838716e-07
   2.1486081e-07
   2.7979140e-07
   3.5310033e-07
   4.3469883e-07
   5.2448810e-07
   6.2235941e-07
   7.2819422e-07
   8.4186433e-07
   9.6323205e-07
   1.0921503e-06
   1.2284630e-06
   1.3720048e-06
   1.5226018e-06
   1.6800714e-06
   1.8442228e-06
   2.0148569e-06
   2.1917668e-06
   2.3747379e-06
   2.5635482e-06
   2.7579686e-06
   2.9577633e-06
   3.1626897e-06
   3.3724991e-06
   3.5869367e-06
   3.8057420e-06
   4.0286494e-06
   4.2553880e-06
   4.4856823e-06
   4.7192524e-06
   4.9558143e-06
   5.1950805e-06
   5.4367599e-06
   5.6805586e-06
   5.9261799e-06
   6.1733249e-06
   6.4216928e-06
   6.6709813e-06
   6.9208867e-06
   7.1711046e-06
   7.4213303e-06
   7.6712588e-06
   7.9205854e-06
   8.1690063e-06
   8.4162186e-06
   8.6619206e-06
   8.9058127e-06
   9.1475973e-06
   9.3869793e-06
   9.6236664e-06
   9.8573699e-06
   1.0087804e-05
   1.0314688e-05
   1.0537744e-05
   1.0756699e-05
   1.0971286e-05
   1.1181244e-05
   1.1386314e-05
   1.1586246e-05
   1.1780796e-05
   1.1969726e-05
   1.2152805e-05
   1.2329808e-05
   1.2500519e-05
   1.2664729e-05
   1.2822237e-05
   1.2972850e-05
   1.3116384e-05
   1.3252663e-05
   1.3381520e-05
   1.3502796e-05
   1.3616345e-05
   1.3722026e-05
   1.3819709e-05
   1.3909276e-05
   1.3990617e-05
   1.4063631e-05
   1.4128230e-05
   1.4184333e-05
   1.4231874e-05
   1.4270792e-05
   1.4301040e-05
   1.4322582e-05
   1.4335391e-05
   1.4339451e-05
   1.4334757e-05
   1.4321315e-05
   1.4299142e-05
   1.4268265e-05
   1.4228721e-05
   1.4180559e-05
   1.4123839e-05
   1.4058629e-05
   1.3985009e-05
   1.3903071e-05
   1.3812914e-05
   1.3714649e-05
   1.3608396e-05
   1.3494285e-05
   1.3372457e-05
   1.3243061e-05
   1.3106254e-05
   1.2962206e-05
   1.2811091e-05
   1.2653096e-05
   1.2488413e-05
   1.2317244e-05
   1.2139800e-05
   1.1956296e-05
   1.1766957e-05
   1.1572016e-05
   1.1371711e-05
   1.1166285e-05
   1.0955992e-05
   1.0741088e-05
   1.0521835e-05
   1.0298501e-05
   1.0071360e-05
   9.8406887e-06
   9.6067690e-06
   9.3698865e-06
   9.1303305e-06
   8.8883932e-06
   8.6443700e-06
   8.3985586e-06
   8.1512587e-06
   7.9027721e-06
   7.6534016e-06
   7.4034513e-06
   7.1532257e-06
   6.9030297e-06
   6.6531681e-06
   6.4039452e-06
   6.1556645e-06
   5.9086281e-06
   5.6631368e-06
   5.4194893e-06
   5.1779819e-06
   4.9389084e-06
   4.7025595e-06
   4.4692226e-06
   4.2391812e-06
   4.0127149e-06
   3.7900989e-06
   3.5716035e-06
   3.3574942e-06
   3.1480309e-06
   2.9434678e-06
   2.7440534e-06
   2.5500295e-06
   2.3616317e-06
   2.1790884e-06
   2.0026211e-06
   1.8324438e-06
   1.6687628e-06
   1.5117765e-06
   1.3616753e-06
   1.2186411e-06
   1.0828472e-06
   9.5445815e-07
   8.3362949e-07
   7.2050759e-07
   6.1522947e-07
   5.1792264e-07
   4.2870494e-07
   3.4768439e-07
   2.7495910e-07
   2.1061710e-07
   1.5473629e-07
   1.0738428e-07
   6.8618388e-08
   3.8485439e-08
   1.7021612e-08
   4.2505879e-09
   5.6816972e-11
