   7.2368956e+00
   7.3043563e+00
   7.5003753e+00
   7.8249503e+00
   8.2780778e+00
   8.8597519e+00
   9.5699622e+00
   1.0408691e+01
   1.1375912e+01
   1.2471583e+01
   1.3695646e+01
   1.5048019e+01
   1.6528593e+01
   1.8137225e+01
   1.9873734e+01
   2.1737891e+01
   2.3729413e+01
   2.5847956e+01
   2.8093107e+01
   3.0464376e+01
   3.2961185e+01
   3.5582859e+01
   3.8328621e+01
   4.1197574e+01
   4.4188699e+01
   4.7300841e+01
   5.0532698e+01
   5.3882811e+01
   5.7349554e+01
   6.0931126e+01
   6.4625533e+01
   6.8430586e+01
   7.2343887e+01
   7.6362818e+01
   8.0484534e+01
   8.4705953e+01
   8.9023749e+01
   9.3434340e+01
   9.7933884e+01
   1.0251827e+02
   1.0718313e+02
   1.1192379e+02
   1.1673532e+02
   1.2161249e+02
   1.2654980e+02
   1.3154146e+02
   1.3658139e+02
   1.4166324e+02
   1.4678037e+02
   1.5192588e+02
   1.5709260e+02
   1.6227312e+02
   1.6745976e+02
   1.7264463e+02
   1.7781961e+02
   1.8297638e+02
   1.8810644e+02
   1.9320111e+02
   1.9825157e+02
   2.0324889e+02
   2.0818401e+02
   2.1304781e+02
   2.1783112e+02
   2.2252474e+02
   2.2711948e+02
   2.3160618e+02
   2.3597574e+02
   2.4021917e+02
   2.4432760e+02
   2.4829230e+02
   2.5210476e+02
   2.5575667e+02
   2.5923998e+02
   2.6254693e+02
   2.6567007e+02
   2.6860230e+02
   2.7133689e+02
   2.7386751e+02
   2.7618828e+02
   2.7829375e+02
   2.8017897e+02
   2.8183948e+02
   2.8327132e+02
   2.8447112e+02
   2.8543601e+02
   2.8616372e+02
   2.8665254e+02
   2.8690135e+02
   2.8690964e+02
   2.8667746e+02
   2.8620549e+02
   2.8549496e+02
   2.8454774e+02
   2.8336623e+02
   2.8195342e+02
   2.8031287e+02
   2.7844866e+02
   2.7636540e+02
   2.7406821e+02
   2.7156269e+02
   2.6885489e+02
   2.6595130e+02
   2.6285883e+02
   2.5958474e+02
   2.5613664e+02
   2.5252249e+02
   2.4875050e+02
   2.4482913e+02
   2.4076709e+02
   2.3657325e+02
   2.3225664e+02
   2.2782641e+02
   2.2329178e+02
   2.1866205e+02
   2.1394653e+02
   2.0915451e+02
   2.0429524e+02
   1.9937792e+02
   1.9441164e+02
   1.8940536e+02
   1.8436791e+02
   1.7930792e+02
   1.7423384e+02
   1.6915393e+02
   1.6407617e+02
   1.5900832e+02
   1.5395786e+02
   1.4893202e+02
   1.4393771e+02
   1.3898154e+02
   1.3406985e+02
   1.2920863e+02
   1.2440356e+02
   1.1966001e+02
   1.1498304e+02
   1.1037735e+02
   1.0584738e+02
   1.0139719e+02
   9.7030583e+01
   9.2751029e+01
   8.8561707e+01
   8.4465508e+01
   8.0465037e+01
   7.6562631e+01
   7.2760363e+01
   6.9060055e+01
   6.5463291e+01
   6.1971428e+01
   5.8585605e+01
   5.5306760e+01
   5.2135641e+01
   4.9072820e+01
   4.6118702e+01
   4.3273543e+01
   4.0537460e+01
   3.7910445e+01
   3.5392375e+01
   3.2983028e+01
   3.0682094e+01
   2.8489183e+01
   2.6403842e+01
   2.4425562e+01
   2.2553791e+01
   2.0787943e+01
   1.9127407e+01
   1.7571557e+01
   1.6119763e+01
   1.4771395e+01
   1.3525833e+01
   1.2382476e+01
   1.1340745e+01
   1.0400093e+01
   9.5600087e+00
   8.8200229e+00
   8.1797128e+00
   7.6387064e+00
   7.1966859e+00
   6.8533901e+00
   6.6086162e+00
   6.4622197e+00
   6.4141151e+00
   6.4642751e+00
   6.6127307e+00
   6.8595709e+00
   7.2049436e+00
   7.6490553e+00
   8.1921703e+00
   8.8346097e+00
   9.5767485e+00
   1.0419012e+01
   1.1361874e+01
   1.2405845e+01
   1.3551478e+01
   1.4799351e+01
   1.6150068e+01
   1.7604251e+01
   1.9162530e+01
   2.0825538e+01
   2.2593900e+01
   2.4468227e+01
   2.6449105e+01
   2.8537087e+01
   3.0732680e+01
   3.3036337e+01
   3.5448443e+01
   3.7969309e+01
   4.0599153e+01
   4.3338095e+01
   4.6186140e+01
   4.9143167e+01
   5.2208916e+01
   5.5382975e+01
   5.8664768e+01
   6.2053541e+01
   6.5548351e+01
   6.9148049e+01
   7.2851273e+01
   7.6656431e+01
   8.0561693e+01
   8.4564976e+01
   8.8663936e+01
   9.2855957e+01
   9.7138140e+01
   1.0150730e+02
   1.0595994e+02
   1.1049227e+02
   1.1510020e+02
   1.1977930e+02
   1.2452483e+02
   1.2933174e+02
   1.3419466e+02
   1.3910787e+02
   1.4406538e+02
   1.4906085e+02
   1.5408765e+02
   1.5913885e+02
   1.6420723e+02
   1.6928530e+02
   1.7436528e+02
   1.7943917e+02
   1.8449872e+02
   1.8953548e+02
   1.9454078e+02
   1.9950582e+02
   2.0442161e+02
   2.0927907e+02
   2.1406899e+02
   2.1878211e+02
   2.2340915e+02
   2.2794079e+02
   2.3236773e+02
   2.3668076e+02
   2.4087072e+02
   2.4492859e+02
   2.4884549e+02
   2.5261274e+02
   2.5622187e+02
   2.5966466e+02
   2.6293320e+02
   2.6601986e+02
   2.6891738e+02
   2.7161889e+02
   2.7411789e+02
   2.7640835e+02
   2.7848468e+02
   2.8034179e+02
   2.8197506e+02
   2.8338044e+02
   2.8455438e+02
   2.8549392e+02
   2.8619666e+02
   2.8666076e+02
   2.8688500e+02
   2.8686872e+02
   2.8661189e+02
   2.8611503e+02
   2.8537930e+02
   2.8440641e+02
   2.8319866e+02
   2.8175892e+02
   2.8009060e+02
   2.7819766e+02
   2.7608459e+02
   2.7375635e+02
   2.7121840e+02
   2.6847665e+02
   2.6553744e+02
   2.6240751e+02
   2.5909398e+02
   2.5560431e+02
   2.5194627e+02
   2.4812793e+02
   2.4415760e+02
   2.4004381e+02
   2.3579528e+02
   2.3142091e+02
   2.2692968e+02
   2.2233071e+02
   2.1763316e+02
   2.1284622e+02
   2.0797909e+02
   2.0304096e+02
   1.9804094e+02
   1.9298808e+02
   1.8789133e+02
   1.8275950e+02
   1.7760127e+02
   1.7242514e+02
   1.6723943e+02
   1.6205224e+02
   1.5687148e+02
   1.5170480e+02
   1.4655963e+02
   1.4144312e+02
   1.3636217e+02
   1.3132341e+02
   1.2633318e+02
   1.2139756e+02
   1.1652232e+02
   1.1171298e+02
   1.0697474e+02
   1.0231253e+02
   9.7731008e+01
   9.3234545e+01
   8.8827239e+01
   8.4512926e+01
   8.0295178e+01
   7.6177315e+01
   7.2162410e+01
   6.8253301e+01
   6.4452598e+01
   6.0762692e+01
   5.7185765e+01
   5.3723802e+01
   5.0378599e+01
   4.7151774e+01
   4.4044779e+01
   4.1058910e+01
   3.8195316e+01
   3.5455011e+01
   3.2838883e+01
   3.0347705e+01
   2.7982147e+01
   2.5742779e+01
   2.3630089e+01
   2.1644484e+01
   1.9786303e+01
   1.8055823e+01
   1.6453270e+01
   1.4978820e+01
   1.3632612e+01
   1.2414750e+01
   1.1325314e+01
   1.0364356e+01
   9.5319148e+00
   8.8280136e+00
   8.2526662e+00
   7.8058794e+00
   7.4876556e+00
   7.2979948e+00
   7.2368956e+00
