   5.0430965e-11
   4.2123031e-09
   1.5784635e-08
   3.4870471e-08
   6.1448271e-08
   9.5486046e-08
   1.3694262e-07
   1.8576780e-07
   2.4190246e-07
   3.0527859e-07
   3.7581945e-07
   4.5343957e-07
   5.3804493e-07
   6.2953303e-07
   7.2779302e-07
   8.3270582e-07
   9.4414432e-07
   1.0619734e-06
   1.1860504e-06
   1.3162247e-06
   1.4523386e-06
   1.5942270e-06
   1.7417179e-06
   1.8946324e-06
   2.0527849e-06
   2.2159837e-06
   2.3840306e-06
   2.5567217e-06
   2.7338475e-06
   2.9151928e-06
   3.1005375e-06
   3.2896565e-06
   3.4823201e-06
   3.6782941e-06
   3.8773405e-06
   4.0792173e-06
   4.2836791e-06
   4.4904773e-06
   4.6993605e-06
   4.9100745e-06
   5.1223629e-06
   5.3359676e-06
   5.5506284e-06
   5.7660841e-06
   5.9820722e-06
   6.1983298e-06
   6.4145934e-06
   6.6305995e-06
   6.8460849e-06
   7.0607869e-06
   7.2744436e-06
   7.4867947e-06
   7.6975811e-06
   7.9065455e-06
   8.1134331e-06
   8.3179913e-06
   8.5199705e-06
   8.7191240e-06
   8.9152086e-06
   9.1079848e-06
   9.2972170e-06
   9.4826742e-06
   9.6641295e-06
   9.8413613e-06
   1.0014153e-05
   1.0182293e-05
   1.0345575e-05
   1.0503801e-05
   1.0656777e-05
   1.0804314e-05
   1.0946234e-05
   1.1082361e-05
   1.1212530e-05
   1.1336581e-05
   1.1454362e-05
   1.1565729e-05
   1.1670546e-05
   1.1768684e-05
   1.1860023e-05
   1.1944451e-05
   1.2021864e-05
   1.2092169e-05
   1.2155278e-05
   1.2211114e-05
   1.2259609e-05
   1.2300703e-05
   1.2334347e-05
   1.2360498e-05
   1.2379125e-05
   1.2390205e-05
   1.2393724e-05
   1.2389678e-05
   1.2378072e-05
   1.2358920e-05
   1.2332246e-05
   1.2298082e-05
   1.2256470e-05
   1.2207461e-05
   1.2151116e-05
   1.2087503e-05
   1.2016700e-05
   1.1938794e-05
   1.1853880e-05
   1.1762063e-05
   1.1663454e-05
   1.1558175e-05
   1.1446355e-05
   1.1328131e-05
   1.1203646e-05
   1.1073055e-05
   1.0936516e-05
   1.0794196e-05
   1.0646271e-05
   1.0492920e-05
   1.0334332e-05
   1.0170701e-05
   1.0002226e-05
   9.8291137e-06
   9.6515761e-06
   9.4698299e-06
   9.2840973e-06
   9.0946053e-06
   8.9015855e-06
   8.7052737e-06
   8.5059095e-06
   8.3037367e-06
   8.0990018e-06
   7.8919550e-06
   7.6828489e-06
   7.4719386e-06
   7.2594815e-06
   7.0457368e-06
   6.8309650e-06
   6.6154281e-06
   6.3993887e-06
   6.1831103e-06
   5.9668563e-06
   5.7508901e-06
   5.5354749e-06
   5.3208729e-06
   5.1073454e-06
   4.8951523e-06
   4.6845519e-06
   4.4758004e-06
   4.2691517e-06
   4.0648572e-06
   3.8631652e-06
   3.6643211e-06
   3.4685664e-06
   3.2761391e-06
   3.0872731e-06
   2.9021976e-06
   2.7211376e-06
   2.5443130e-06
   2.3719383e-06
   2.2042229e-06
   2.0413703e-06
   1.8835782e-06
   1.7310381e-06
   1.5839349e-06
   1.4424472e-06
   1.3067466e-06
   1.1769976e-06
   1.0533576e-06
   9.3597644e-07
   8.2499645e-07
   7.2055215e-07
   6.2277014e-07
   5.3176893e-07
   4.4765879e-07
   3.7054165e-07
   3.0051095e-07
   2.3765153e-07
   1.8203956e-07
   1.3374241e-07
   9.2818579e-08
   5.9317636e-08
   3.3280107e-08
   1.4737297e-08
   3.7096397e-09
   1.3101038e-10
   4.2566387e-09
   1.5831028e-08
   3.4919438e-08
   6.1500639e-08
   9.5542718e-08
   1.3700453e-07
   1.8583590e-07
   2.4197771e-07
   3.0536198e-07
   3.7591194e-07
   4.5354214e-07
   5.3815856e-07
   6.2965868e-07
   7.2793164e-07
   8.3285838e-07
   9.4431173e-07
   1.0621566e-06
   1.1862502e-06
   1.3164421e-06
   1.4525743e-06
   1.5944819e-06
   1.7419928e-06
   1.8949279e-06
   2.0531019e-06
   2.2163227e-06
   2.3843923e-06
   2.5571067e-06
   2.7342562e-06
   2.9156258e-06
   3.1009953e-06
   3.2901393e-06
   3.4828283e-06
   3.6788280e-06
   3.8779003e-06
   4.0798031e-06
   4.2842911e-06
   4.4911155e-06
   4.7000249e-06
   4.9107650e-06
   5.1230794e-06
   5.3367099e-06
   5.5513962e-06
   5.7668770e-06
   5.9828900e-06
   6.1991720e-06
   6.4154594e-06
   6.6314889e-06
   6.8469969e-06
   7.0617209e-06
   7.2753990e-06
   7.4877706e-06
   7.6985766e-06
   7.9075599e-06
   8.1144654e-06
   8.3190406e-06
   8.5210356e-06
   8.7202039e-06
   8.9163022e-06
   9.1090910e-06
   9.2983347e-06
   9.4838021e-06
   9.6652664e-06
   9.8425059e-06
   1.0015304e-05
   1.0183449e-05
   1.0346735e-05
   1.0504964e-05
   1.0657940e-05
   1.0805477e-05
   1.0947395e-05
   1.1083520e-05
   1.1213684e-05
   1.1337730e-05
   1.1455504e-05
   1.1566863e-05
   1.1671670e-05
   1.1769797e-05
   1.1861123e-05
   1.1945538e-05
   1.2022937e-05
   1.2093225e-05
   1.2156317e-05
   1.2212134e-05
   1.2260610e-05
   1.2301684e-05
   1.2335306e-05
   1.2361435e-05
   1.2380038e-05
   1.2391094e-05
   1.2394588e-05
   1.2390516e-05
   1.2378883e-05
   1.2359704e-05
   1.2333002e-05
   1.2298809e-05
   1.2257168e-05
   1.2208130e-05
   1.2151755e-05
   1.2088112e-05
   1.2017278e-05
   1.1939341e-05
   1.1854397e-05
   1.1762549e-05
   1.1663910e-05
   1.1558600e-05
   1.1446749e-05
   1.1328494e-05
   1.1203980e-05
   1.1073358e-05
   1.0936789e-05
   1.0794441e-05
   1.0646487e-05
   1.0493108e-05
   1.0334492e-05
   1.0170834e-05
   1.0002332e-05
   9.8291948e-06
   9.6516322e-06
   9.4698619e-06
   9.2841060e-06
   9.0945916e-06
   8.9015503e-06
   8.7052178e-06
   8.5058340e-06
   8.3036425e-06
   8.0988900e-06
   7.8918265e-06
   7.6827047e-06
   7.4717799e-06
   7.2593093e-06
   7.0455520e-06
   6.8307688e-06
   6.6152216e-06
   6.3991730e-06
   6.1828863e-06
   5.9666251e-06
   5.7506528e-06
   5.5352325e-06
   5.3206264e-06
   5.1070957e-06
   4.8949005e-06
   4.6842988e-06
   4.4755469e-06
   4.2688988e-06
   4.0646056e-06
   3.8629158e-06
   3.6640746e-06
   3.4683236e-06
   3.2759006e-06
   3.0870395e-06
   2.9019696e-06
   2.7209157e-06
   2.5440976e-06
   2.3717299e-06
   2.2040219e-06
   2.0411771e-06
   1.8833931e-06
   1.7308612e-06
   1.5837665e-06
   1.4422874e-06
   1.3065954e-06
   1.1768550e-06
   1.0532236e-06
   9.3585088e-07
   8.2487922e-07
   7.2044304e-07
   6.2266889e-07
   5.3167523e-07
   4.4757227e-07
   3.7046189e-07
   3.0043748e-07
   2.3758385e-07
   1.8197711e-07
   1.3368457e-07
   9.2764715e-08
   5.9267049e-08
   3.3232060e-08
   1.4690999e-08
   3.6642390e-09
   5.0430965e-11
