   1.8930585e+04
   1.8928029e+04
   1.8920371e+04
   1.8907598e+04
   1.8889688e+04
   1.8866611e+04
   1.8838328e+04
   1.8804792e+04
   1.8765949e+04
   1.8721737e+04
   1.8672088e+04
   1.8616925e+04
   1.8556169e+04
   1.8489733e+04
   1.8417526e+04
   1.8339454e+04
   1.8255418e+04
   1.8165319e+04
   1.8069055e+04
   1.7966524e+04
   1.7857624e+04
   1.7742257e+04
   1.7620324e+04
   1.7491730e+04
   1.7356389e+04
   1.7214215e+04
   1.7065132e+04
   1.6909072e+04
   1.6745977e+04
   1.6575798e+04
   1.6398498e+04
   1.6214053e+04
   1.6022453e+04
   1.5823704e+04
   1.5617826e+04
   1.5404858e+04
   1.5184856e+04
   1.4957897e+04
   1.4724075e+04
   1.4483506e+04
   1.4236329e+04
   1.3982701e+04
   1.3722805e+04
   1.3456844e+04
   1.3185046e+04
   1.2907660e+04
   1.2624959e+04
   1.2337238e+04
   1.2044816e+04
   1.1748030e+04
   1.1447243e+04
   1.1142833e+04
   1.0835202e+04
   1.0524768e+04
   1.0211965e+04
   9.8972435e+03
   9.5810686e+03
   9.2639165e+03
   8.9462738e+03
   8.6286356e+03
   8.3115034e+03
   7.9953825e+03
   7.6807806e+03
   7.3682046e+03
   7.0581588e+03
   6.7511426e+03
   6.4476478e+03
   6.1481564e+03
   5.8531383e+03
   5.5630490e+03
   5.2783273e+03
   4.9993932e+03
   4.7266460e+03
   4.4604621e+03
   4.2011935e+03
   3.9491660e+03
   3.7046778e+03
   3.4679983e+03
   3.2393668e+03
   3.0189918e+03
   2.8070502e+03
   2.6036868e+03
   2.4090141e+03
   2.2231123e+03
   2.0460293e+03
   1.8777813e+03
   1.7183530e+03
   1.5676990e+03
   1.4257439e+03
   1.2923843e+03
   1.1674895e+03
   1.0509034e+03
   9.4244577e+02
   8.4191402e+02
   7.4908517e+02
   6.6371763e+02
   5.8555319e+02
   5.1431908e+02
   4.4972993e+02
   3.9148992e+02
   3.3929477e+02
   2.9283379e+02
   2.5179186e+02
   2.1585135e+02
   1.8469402e+02
   1.5800274e+02
   1.3546323e+02
   1.1676560e+02
   1.0160584e+02
   8.9687151e+01
   8.0721158e+01
   7.4429026e+01
   7.0542397e+01
   6.8804221e+01
   6.8969450e+01
   7.0805601e+01
   7.4093187e+01
   7.8626032e+01
   8.4211455e+01
   9.0670354e+01
   9.7837177e+01
   1.0555979e+02
   1.1369928e+02
   1.2212964e+02
   1.3073740e+02
   1.3942119e+02
   1.4809128e+02
   1.5666901e+02
   1.6508622e+02
   1.7328466e+02
   1.8121534e+02
   1.8883791e+02
   1.9612000e+02
   2.0303657e+02
   2.0956927e+02
   2.1570581e+02
   2.2143930e+02
   2.2676771e+02
   2.3169327e+02
   2.3622187e+02
   2.4036264e+02
   2.4412736e+02
   2.4753004e+02
   2.5058653e+02
   2.5331406e+02
   2.5573093e+02
   2.5785617e+02
   2.5970925e+02
   2.6130981e+02
   2.6267745e+02
   2.6383155e+02
   2.6479102e+02
   2.6557426e+02
   2.6619896e+02
   2.6668208e+02
   2.6703968e+02
   2.6728698e+02
   2.6743821e+02
   2.6750668e+02
   2.6750474e+02
   2.6744375e+02
   2.6733417e+02
   2.6718551e+02
   2.6700643e+02
   2.6680472e+02
   2.6658739e+02
   2.6636067e+02
   2.6613010e+02
   2.6590058e+02
   2.6567638e+02
   2.6546123e+02
   2.6525833e+02
   2.6507046e+02
   2.6489996e+02
   2.6474878e+02
   2.6461855e+02
   2.6451059e+02
   2.6442595e+02
   2.6436539e+02
   2.6432947e+02
   2.6431852e+02
   2.6433262e+02
   2.6437168e+02
   2.6443538e+02
   2.6452315e+02
   2.6463422e+02
   2.6476754e+02
   2.6492180e+02
   2.6509536e+02
   2.6528625e+02
   2.6549214e+02
   2.6571025e+02
   2.6593737e+02
   2.6616976e+02
   2.6640315e+02
   2.6663265e+02
   2.6685270e+02
   2.6705706e+02
   2.6723874e+02
   2.6738991e+02
   2.6750194e+02
   2.6756529e+02
   2.6756951e+02
   2.6750323e+02
   2.6735409e+02
   2.6710879e+02
   2.6675307e+02
   2.6627173e+02
   2.6564867e+02
   2.6486697e+02
   2.6390890e+02
   2.6275608e+02
   2.6138956e+02
   2.5978998e+02
   2.5793774e+02
   2.5581319e+02
   2.5339684e+02
   2.5066967e+02
   2.4761338e+02
   2.4421072e+02
   2.4044586e+02
   2.3630477e+02
   2.3177566e+02
   2.2684943e+02
   2.2152016e+02
   2.1578564e+02
   2.0964790e+02
   2.0311382e+02
   1.9619570e+02
   1.8891189e+02
   1.8128746e+02
   1.7335476e+02
   1.6515417e+02
   1.5673468e+02
   1.4815454e+02
   1.3948194e+02
   1.3079556e+02
   1.2218514e+02
   1.1375206e+02
   1.0560983e+02
   9.7884457e+01
   9.0714895e+01
   8.4253296e+01
   7.8665241e+01
   7.4129860e+01
   7.0839862e+01
   6.9001456e+01
   6.8834160e+01
   7.0570492e+01
   7.4455537e+01
   8.0746381e+01
   8.9711421e+01
   1.0162953e+02
   1.1678912e+02
   1.3548702e+02
   1.5802728e+02
   1.8471982e+02
   2.1587896e+02
   2.5182185e+02
   2.9286677e+02
   3.3933137e+02
   3.9153079e+02
   4.4977574e+02
   5.1437052e+02
   5.8561099e+02
   6.6378248e+02
   7.4915781e+02
   8.4199518e+02
   9.4253617e+02
   1.0510038e+03
   1.1676005e+03
   1.2925067e+03
   1.4258783e+03
   1.5678461e+03
   1.7185135e+03
   1.8779556e+03
   2.0462180e+03
   2.2233160e+03
   2.4092331e+03
   2.6039216e+03
   2.8073012e+03
   3.0192593e+03
   3.2396510e+03
   3.4682993e+03
   3.7049958e+03
   3.9495009e+03
   4.2015454e+03
   4.4608309e+03
   4.7270315e+03
   4.9997953e+03
   5.2787456e+03
   5.5634831e+03
   5.8535878e+03
   6.1486209e+03
   6.4481266e+03
   6.7516352e+03
   7.0586645e+03
   7.3687227e+03
   7.6813104e+03
   7.9959232e+03
   8.3120540e+03
   8.6291954e+03
   8.9468418e+03
   9.2644918e+03
   9.5816504e+03
   9.8978306e+03
   1.0212556e+04
   1.0525363e+04
   1.0835800e+04
   1.1143432e+04
   1.1447842e+04
   1.1748630e+04
   1.2045414e+04
   1.2337834e+04
   1.2625551e+04
   1.2908248e+04
   1.3185629e+04
   1.3457421e+04
   1.3723375e+04
   1.3983264e+04
   1.4236884e+04
   1.4484053e+04
   1.4724612e+04
   1.4958424e+04
   1.5185373e+04
   1.5405364e+04
   1.5618320e+04
   1.5824186e+04
   1.6022923e+04
   1.6214509e+04
   1.6398941e+04
   1.6576228e+04
   1.6746393e+04
   1.6909474e+04
   1.7065519e+04
   1.7214587e+04
   1.7356747e+04
   1.7492074e+04
   1.7620652e+04
   1.7742571e+04
   1.7857923e+04
   1.7966807e+04
   1.8069323e+04
   1.8165572e+04
   1.8255656e+04
   1.8339677e+04
   1.8417734e+04
   1.8489926e+04
   1.8556347e+04
   1.8617088e+04
   1.8672236e+04
   1.8721870e+04
   1.8766067e+04
   1.8804895e+04
   1.8838416e+04
   1.8866684e+04
   1.8889747e+04
   1.8907642e+04
   1.8920400e+04
   1.8928044e+04
   1.8930585e+04
