   1.9521800e+04
   1.9519925e+04
   1.9514367e+04
   1.9505100e+04
   1.9492084e+04
   1.9475259e+04
   1.9454553e+04
   1.9429875e+04
   1.9401120e+04
   1.9368169e+04
   1.9330888e+04
   1.9289128e+04
   1.9242729e+04
   1.9191519e+04
   1.9135313e+04
   1.9073917e+04
   1.9007130e+04
   1.8934739e+04
   1.8856528e+04
   1.8772273e+04
   1.8681748e+04
   1.8584725e+04
   1.8480973e+04
   1.8370264e+04
   1.8252372e+04
   1.8127076e+04
   1.7994160e+04
   1.7853419e+04
   1.7704656e+04
   1.7547688e+04
   1.7382345e+04
   1.7208475e+04
   1.7025944e+04
   1.6834639e+04
   1.6634470e+04
   1.6425372e+04
   1.6207306e+04
   1.5980262e+04
   1.5744262e+04
   1.5499360e+04
   1.5245641e+04
   1.4983229e+04
   1.4712283e+04
   1.4432999e+04
   1.4145611e+04
   1.3850394e+04
   1.3547662e+04
   1.3237767e+04
   1.2921101e+04
   1.2598095e+04
   1.2269218e+04
   1.1934977e+04
   1.1595913e+04
   1.1252602e+04
   1.0905651e+04
   1.0555697e+04
   1.0203403e+04
   9.8494589e+03
   9.4945715e+03
   9.1394667e+03
   8.7848835e+03
   8.4315705e+03
   8.0802814e+03
   7.7317712e+03
   7.3867912e+03
   7.0460851e+03
   6.7103841e+03
   6.3804022e+03
   6.0568322e+03
   5.7403409e+03
   5.4315649e+03
   5.1311065e+03
   4.8395298e+03
   4.5573572e+03
   4.2850656e+03
   4.0230841e+03
   3.7717907e+03
   3.5315106e+03
   3.3025138e+03
   3.0850145e+03
   2.8791693e+03
   2.6850776e+03
   2.5027810e+03
   2.3322641e+03
   2.1734557e+03
   2.0262297e+03
   1.8904074e+03
   1.7657598e+03
   1.6520102e+03
   1.5488371e+03
   1.4558779e+03
   1.3727325e+03
   1.2989670e+03
   1.2341180e+03
   1.1776969e+03
   1.1291943e+03
   1.0880842e+03
   1.0538286e+03
   1.0258819e+03
   1.0036953e+03
   9.8672072e+02
   9.7441515e+02
   9.6624425e+02
   9.6168601e+02
   9.6023408e+02
   9.6140074e+02
   9.6471965e+02
   9.6974824e+02
   9.7606971e+02
   9.8329479e+02
   9.9106302e+02
   9.9904380e+02
   1.0069370e+03
   1.0144735e+03
   1.0214148e+03
   1.0275531e+03
   1.0327108e+03
   1.0367393e+03
   1.0395183e+03
   1.0409545e+03
   1.0409801e+03
   1.0395513e+03
   1.0366467e+03
   1.0322653e+03
   1.0264247e+03
   1.0191596e+03
   1.0105193e+03
   1.0005662e+03
   9.8937376e+02
   9.7702486e+02
   9.6360975e+02
   9.4922458e+02
   9.3396972e+02
   9.1794828e+02
   9.0126475e+02
   8.8402367e+02
   8.6632855e+02
   8.4828079e+02
   8.2997883e+02
   8.1151730e+02
   7.9298642e+02
   7.7447144e+02
   7.5605219e+02
   7.3780278e+02
   7.1979134e+02
   7.0207990e+02
   6.8472434e+02
   6.6777443e+02
   6.5127387e+02
   6.3526048e+02
   6.1976641e+02
   6.0481835e+02
   5.9043786e+02
   5.7664165e+02
   5.6344191e+02
   5.5084669e+02
   5.3886027e+02
   5.2748347e+02
   5.1671409e+02
   5.0654724e+02
   4.9697571e+02
   4.8799031e+02
   4.7958021e+02
   4.7173328e+02
   4.6443638e+02
   4.5767567e+02
   4.5143685e+02
   4.4570543e+02
   4.4046697e+02
   4.3570730e+02
   4.3141270e+02
   4.2757006e+02
   4.2416709e+02
   4.2119241e+02
   4.1863572e+02
   4.1648786e+02
   4.1474095e+02
   4.1338842e+02
   4.1242511e+02
   4.1184730e+02
   4.1165274e+02
   4.1184069e+02
   4.1241189e+02
   4.1336860e+02
   4.1471454e+02
   4.1645489e+02
   4.1859620e+02
   4.2114639e+02
   4.2411459e+02
   4.2751113e+02
   4.3134739e+02
   4.3563568e+02
   4.4038908e+02
   4.4562134e+02
   4.5134665e+02
   4.5757944e+02
   4.6433421e+02
   4.7162526e+02
   4.7946646e+02
   4.8787094e+02
   4.9685085e+02
   5.0641703e+02
   5.1657866e+02
   5.2734297e+02
   5.3871486e+02
   5.5069654e+02
   5.6328719e+02
   5.7648255e+02
   5.9027458e+02
   6.0465108e+02
   6.1959536e+02
   6.3508587e+02
   6.5109592e+02
   6.6759337e+02
   6.8454042e+02
   7.0189336e+02
   7.1960244e+02
   7.3761178e+02
   7.5585936e+02
   7.7427705e+02
   7.9279075e+02
   8.1132063e+02
   8.2978146e+02
   8.4808302e+02
   8.6613066e+02
   8.8382597e+02
   9.0106753e+02
   9.1775185e+02
   9.3377436e+02
   9.4903057e+02
   9.6341738e+02
   9.7683438e+02
   9.8918543e+02
   1.0003802e+03
   1.0103359e+03
   1.0189789e+03
   1.0262470e+03
   1.0320905e+03
   1.0364750e+03
   1.0393827e+03
   1.0408144e+03
   1.0407917e+03
   1.0393582e+03
   1.0365816e+03
   1.0325552e+03
   1.0273992e+03
   1.0212621e+03
   1.0143213e+03
   1.0067847e+03
   9.9889050e+02
   9.9090786e+02
   9.8313677e+02
   9.7590773e+02
   9.6958110e+02
   9.6454606e+02
   9.6121934e+02
   9.6004341e+02
   9.6148457e+02
   9.6603045e+02
   9.7418739e+02
   9.8647736e+02
   1.0034347e+03
   1.0256024e+03
   1.0535286e+03
   1.0877621e+03
   1.1288486e+03
   1.1773261e+03
   1.2337208e+03
   1.2985422e+03
   1.3722791e+03
   1.4553951e+03
   1.5483241e+03
   1.6514667e+03
   1.7651855e+03
   1.8898024e+03
   2.0255942e+03
   2.1727904e+03
   2.3315699e+03
   2.5020590e+03
   2.6843293e+03
   2.8783965e+03
   3.0842192e+03
   3.3016985e+03
   3.5306779e+03
   3.7709436e+03
   4.0222258e+03
   4.2841996e+03
   4.5564872e+03
   4.8386598e+03
   5.1302404e+03
   5.4307070e+03
   5.7394955e+03
   6.0560038e+03
   6.3795953e+03
   6.7096031e+03
   7.0453347e+03
   7.3860757e+03
   7.7310949e+03
   8.0796486e+03
   8.4309853e+03
   8.7843498e+03
   9.1389881e+03
   9.4941514e+03
   9.8491006e+03
   1.0203110e+04
   1.0555470e+04
   1.0905493e+04
   1.1252516e+04
   1.1595900e+04
   1.1935038e+04
   1.2269353e+04
   1.2598304e+04
   1.2921385e+04
   1.3238125e+04
   1.3548094e+04
   1.3850898e+04
   1.4146185e+04
   1.4433641e+04
   1.4712992e+04
   1.4984002e+04
   1.5246475e+04
   1.5500251e+04
   1.5745207e+04
   1.5981257e+04
   1.6208347e+04
   1.6426456e+04
   1.6635592e+04
   1.6835795e+04
   1.7027129e+04
   1.7209684e+04
   1.7383573e+04
   1.7548931e+04
   1.7705910e+04
   1.7854678e+04
   1.7995419e+04
   1.8128330e+04
   1.8253618e+04
   1.8371496e+04
   1.8482187e+04
   1.8585916e+04
   1.8682913e+04
   1.8773407e+04
   1.8857626e+04
   1.8935799e+04
   1.9008147e+04
   1.9074888e+04
   1.9136234e+04
   1.9192388e+04
   1.9243543e+04
   1.9289883e+04
   1.9331583e+04
   1.9368801e+04
   1.9401687e+04
   1.9430375e+04
   1.9454984e+04
   1.9475621e+04
   1.9492375e+04
   1.9505319e+04
   1.9514514e+04
   1.9519999e+04
   1.9521800e+04
