   2.9725380e+04
   2.9723107e+04
   2.9716387e+04
   2.9705166e+04
   2.9689351e+04
   2.9668814e+04
   2.9643392e+04
   2.9612885e+04
   2.9577059e+04
   2.9535649e+04
   2.9488353e+04
   2.9434842e+04
   2.9374755e+04
   2.9307703e+04
   2.9233272e+04
   2.9151020e+04
   2.9060487e+04
   2.8961191e+04
   2.8852633e+04
   2.8734299e+04
   2.8605664e+04
   2.8466196e+04
   2.8315356e+04
   2.8152606e+04
   2.7977410e+04
   2.7789240e+04
   2.7587579e+04
   2.7371927e+04
   2.7141802e+04
   2.6896751e+04
   2.6636349e+04
   2.6360209e+04
   2.6067983e+04
   2.5759369e+04
   2.5434117e+04
   2.5092033e+04
   2.4732984e+04
   2.4356902e+04
   2.3963791e+04
   2.3553730e+04
   2.3126875e+04
   2.2683467e+04
   2.2223830e+04
   2.1748377e+04
   2.1257614e+04
   2.0752135e+04
   2.0232628e+04
   1.9699874e+04
   1.9154746e+04
   1.8598206e+04
   1.8031305e+04
   1.7455179e+04
   1.6871042e+04
   1.6280185e+04
   1.5683971e+04
   1.5083821e+04
   1.4481214e+04
   1.3877677e+04
   1.3274772e+04
   1.2674090e+04
   1.2077240e+04
   1.1485839e+04
   1.0901497e+04
   1.0325809e+04
   9.7603449e+03
   9.2066319e+03
   8.6661484e+03
   8.1403097e+03
   7.6304581e+03
   7.1378519e+03
   6.6636557e+03
   6.2089310e+03
   5.7746277e+03
   5.3615774e+03
   4.9704863e+03
   4.6019307e+03
   4.2563527e+03
   3.9340579e+03
   3.6352136e+03
   3.3598496e+03
   3.1078589e+03
   2.8790008e+03
   2.6729049e+03
   2.4890762e+03
   2.3269017e+03
   2.1856581e+03
   2.0645198e+03
   1.9625690e+03
   1.8788051e+03
   1.8121560e+03
   1.7614891e+03
   1.7256231e+03
   1.7033391e+03
   1.6933931e+03
   1.6945271e+03
   1.7054807e+03
   1.7250021e+03
   1.7518584e+03
   1.7848457e+03
   1.8227979e+03
   1.8645954e+03
   1.9091720e+03
   1.9555221e+03
   2.0027054e+03
   2.0498520e+03
   2.0961659e+03
   2.1409272e+03
   2.1834937e+03
   2.2233016e+03
   2.2598654e+03
   2.2927761e+03
   2.3217001e+03
   2.3463759e+03
   2.3666113e+03
   2.3822793e+03
   2.3933142e+03
   2.3997067e+03
   2.4014992e+03
   2.3987808e+03
   2.3916819e+03
   2.3803694e+03
   2.3650410e+03
   2.3459205e+03
   2.3232529e+03
   2.2972994e+03
   2.2683332e+03
   2.2366354e+03
   2.2024909e+03
   2.1661851e+03
   2.1280008e+03
   2.0882150e+03
   2.0470970e+03
   2.0049061e+03
   1.9618897e+03
   1.9182824e+03
   1.8743043e+03
   1.8301607e+03
   1.7860413e+03
   1.7421204e+03
   1.6985563e+03
   1.6554918e+03
   1.6130545e+03
   1.5713574e+03
   1.5304994e+03
   1.4905660e+03
   1.4516301e+03
   1.4137529e+03
   1.3769851e+03
   1.3413670e+03
   1.3069303e+03
   1.2736986e+03
   1.2416881e+03
   1.2109090e+03
   1.1813656e+03
   1.1530579e+03
   1.1259816e+03
   1.1001292e+03
   1.0754904e+03
   1.0520529e+03
   1.0298027e+03
   1.0087244e+03
   9.8880219e+02
   9.7001955e+02
   9.5235992e+02
   9.3580688e+02
   9.2034430e+02
   9.0595663e+02
   8.9262897e+02
   8.8034720e+02
   8.6909810e+02
   8.5886941e+02
   8.4964985e+02
   8.4142920e+02
   8.3419830e+02
   8.2794905e+02
   8.2267445e+02
   8.1836857e+02
   8.1502654e+02
   8.1264459e+02
   8.1122001e+02
   8.1075113e+02
   8.1123737e+02
   8.1267919e+02
   8.1507811e+02
   8.1843673e+02
   8.2275871e+02
   8.2804878e+02
   8.3431275e+02
   8.4155754e+02
   8.4979113e+02
   8.5902260e+02
   8.6926209e+02
   8.8052080e+02
   8.9281093e+02
   9.0614566e+02
   9.2053906e+02
   9.3600601e+02
   9.5256207e+02
   9.7022333e+02
   9.8900626e+02
   1.0089275e+03
   1.0300034e+03
   1.0522502e+03
   1.0756830e+03
   1.1003161e+03
   1.1261619e+03
   1.1532308e+03
   1.1815303e+03
   1.2110650e+03
   1.2418350e+03
   1.2738361e+03
   1.3070584e+03
   1.3414858e+03
   1.3770947e+03
   1.4138540e+03
   1.4517231e+03
   1.4906518e+03
   1.5305789e+03
   1.5714318e+03
   1.6131251e+03
   1.6555600e+03
   1.6986236e+03
   1.7421886e+03
   1.7861122e+03
   1.8302360e+03
   1.8743860e+03
   1.9183725e+03
   1.9619900e+03
   2.0050185e+03
   2.0472234e+03
   2.0883570e+03
   2.1281601e+03
   2.1663633e+03
   2.2026891e+03
   2.2368547e+03
   2.2685744e+03
   2.2975630e+03
   2.3235392e+03
   2.3462295e+03
   2.3653721e+03
   2.3807218e+03
   2.3920544e+03
   2.3991718e+03
   2.4019068e+03
   2.4001285e+03
   2.3937474e+03
   2.3827208e+03
   2.3670575e+03
   2.3468230e+03
   2.3221438e+03
   2.2932119e+03
   2.2602886e+03
   2.2237072e+03
   2.1838766e+03
   2.1412821e+03
   2.0964875e+03
   2.0501349e+03
   2.0029442e+03
   1.9557117e+03
   1.9093074e+03
   1.8646717e+03
   1.8228106e+03
   1.7847905e+03
   1.7517317e+03
   1.7248004e+03
   1.7052013e+03
   1.6941678e+03
   1.6929522e+03
   1.7028157e+03
   1.7250167e+03
   1.7608003e+03
   1.8113857e+03
   1.8779551e+03
   1.9616420e+03
   2.0635191e+03
   2.1845877e+03
   2.3257663e+03
   2.4878811e+03
   2.6716562e+03
   2.8777051e+03
   3.1065233e+03
   3.3584819e+03
   3.6338218e+03
   3.9326504e+03
   4.2549385e+03
   4.6005187e+03
   4.9690858e+03
   5.3601977e+03
   5.7732782e+03
   6.2076209e+03
   6.6623943e+03
   7.1366482e+03
   7.6293208e+03
   8.1392472e+03
   8.6651689e+03
   9.2057430e+03
   9.7595536e+03
   1.0325122e+04
   1.0900920e+04
   1.1485378e+04
   1.2076900e+04
   1.2673874e+04
   1.3274683e+04
   1.3877719e+04
   1.4481389e+04
   1.5084129e+04
   1.5684412e+04
   1.6280761e+04
   1.6871750e+04
   1.7456018e+04
   1.8032274e+04
   1.8599301e+04
   1.9155963e+04
   1.9701210e+04
   2.0234078e+04
   2.0753693e+04
   2.1259276e+04
   2.1750137e+04
   2.2225680e+04
   2.2685402e+04
   2.3128888e+04
   2.3555813e+04
   2.3965938e+04
   2.4359104e+04
   2.4735234e+04
   2.5094324e+04
   2.5436440e+04
   2.5761717e+04
   2.6070348e+04
   2.6362584e+04
   2.6638727e+04
   2.6899123e+04
   2.7144162e+04
   2.7374267e+04
   2.7589893e+04
   2.7791520e+04
   2.7979650e+04
   2.8154800e+04
   2.8317498e+04
   2.8468279e+04
   2.8607684e+04
   2.8736250e+04
   2.8854511e+04
   2.8962990e+04
   2.9062203e+04
   2.9152649e+04
   2.9234809e+04
   2.9309146e+04
   2.9376100e+04
   2.9436085e+04
   2.9489492e+04
   2.9536681e+04
   2.9577983e+04
   2.9613697e+04
   2.9644091e+04
   2.9669399e+04
   2.9689820e+04
   2.9705519e+04
   2.9716623e+04
   2.9723225e+04
   2.9725380e+04
