   4.4106057e+02
   4.4104995e+02
   4.4101821e+02
   4.4096522e+02
   4.4089080e+02
   4.4079466e+02
   4.4067645e+02
   4.4053573e+02
   4.4037199e+02
   4.4018464e+02
   4.3997303e+02
   4.3973642e+02
   4.3947401e+02
   4.3918493e+02
   4.3886824e+02
   4.3852293e+02
   4.3814795e+02
   4.3774216e+02
   4.3730438e+02
   4.3683339e+02
   4.3632790e+02
   4.3578657e+02
   4.3520803e+02
   4.3459087e+02
   4.3393364e+02
   4.3323485e+02
   4.3249300e+02
   4.3170657e+02
   4.3087398e+02
   4.2999370e+02
   4.2906413e+02
   4.2808371e+02
   4.2705087e+02
   4.2596402e+02
   4.2482163e+02
   4.2362214e+02
   4.2236404e+02
   4.2104583e+02
   4.1966607e+02
   4.1822334e+02
   4.1671626e+02
   4.1514352e+02
   4.1350383e+02
   4.1179601e+02
   4.1001891e+02
   4.0817146e+02
   4.0625267e+02
   4.0426164e+02
   4.0219755e+02
   4.0005967e+02
   3.9784736e+02
   3.9556010e+02
   3.9319746e+02
   3.9075913e+02
   3.8824491e+02
   3.8565470e+02
   3.8298855e+02
   3.8024661e+02
   3.7742917e+02
   3.7453662e+02
   3.7156950e+02
   3.6852849e+02
   3.6541437e+02
   3.6222808e+02
   3.5897067e+02
   3.5564334e+02
   3.5224740e+02
   3.4878431e+02
   3.4525564e+02
   3.4166310e+02
   3.3800850e+02
   3.3429380e+02
   3.3052106e+02
   3.2669244e+02
   3.2281025e+02
   3.1887685e+02
   3.1489475e+02
   3.1086652e+02
   3.0679484e+02
   3.0268245e+02
   2.9853219e+02
   2.9434696e+02
   2.9012972e+02
   2.8588350e+02
   2.8161136e+02
   2.7731643e+02
   2.7300185e+02
   2.6867079e+02
   2.6432647e+02
   2.5997209e+02
   2.5561087e+02
   2.5124603e+02
   2.4688077e+02
   2.4251829e+02
   2.3816175e+02
   2.3381430e+02
   2.2947903e+02
   2.2515900e+02
   2.2085723e+02
   2.1657665e+02
   2.1232016e+02
   2.0809059e+02
   2.0389067e+02
   1.9972308e+02
   1.9559041e+02
   1.9149516e+02
   1.8743973e+02
   1.8342645e+02
   1.7945754e+02
   1.7553510e+02
   1.7166117e+02
   1.6783765e+02
   1.6406635e+02
   1.6034896e+02
   1.5668708e+02
   1.5308219e+02
   1.4953566e+02
   1.4604876e+02
   1.4262265e+02
   1.3925837e+02
   1.3595687e+02
   1.3271899e+02
   1.2954547e+02
   1.2643694e+02
   1.2339394e+02
   1.2041692e+02
   1.1750623e+02
   1.1466212e+02
   1.1188477e+02
   1.0917427e+02
   1.0653063e+02
   1.0395378e+02
   1.0144358e+02
   9.8999829e+01
   9.6622242e+01
   9.4310486e+01
   9.2064168e+01
   8.9882839e+01
   8.7766001e+01
   8.5713110e+01
   8.3723582e+01
   8.1796791e+01
   7.9932080e+01
   7.8128759e+01
   7.6386113e+01
   7.4703403e+01
   7.3079869e+01
   7.1514738e+01
   7.0007222e+01
   6.8556522e+01
   6.7161837e+01
   6.5822358e+01
   6.4537279e+01
   6.3305797e+01
   6.2127110e+01
   6.1000429e+01
   5.9924972e+01
   5.8899973e+01
   5.7924677e+01
   5.6998350e+01
   5.6120275e+01
   5.5289758e+01
   5.4506127e+01
   5.3768735e+01
   5.3076962e+01
   5.2430214e+01
   5.1827928e+01
   5.1269573e+01
   5.0754645e+01
   5.0282678e+01
   4.9853238e+01
   4.9465924e+01
   4.9120373e+01
   4.8816258e+01
   4.8553287e+01
   4.8331208e+01
   4.8149807e+01
   4.8008907e+01
   4.7908370e+01
   4.7848098e+01
   4.7828033e+01
   4.7848153e+01
   4.7908480e+01
   4.8009072e+01
   4.8150028e+01
   4.8331484e+01
   4.8553619e+01
   4.8816645e+01
   4.9120817e+01
   4.9466425e+01
   4.9853796e+01
   5.0283294e+01
   5.0755320e+01
   5.1270306e+01
   5.1828721e+01
   5.2431067e+01
   5.3077875e+01
   5.3769711e+01
   5.4507165e+01
   5.5290860e+01
   5.6121441e+01
   5.6999581e+01
   5.7925974e+01
   5.8901337e+01
   5.9926405e+01
   6.1001931e+01
   6.2128683e+01
   6.3307441e+01
   6.4538996e+01
   6.5824149e+01
   6.7163702e+01
   6.8558464e+01
   7.0009242e+01
   7.1516837e+01
   7.3082048e+01
   7.4705663e+01
   7.6388456e+01
   7.8131186e+01
   7.9934592e+01
   8.1799390e+01
   8.3726268e+01
   8.5715886e+01
   8.7768866e+01
   8.9885795e+01
   9.2067217e+01
   9.4313629e+01
   9.6625479e+01
   9.9003162e+01
   1.0144701e+02
   1.0395731e+02
   1.0653425e+02
   1.0917799e+02
   1.1188859e+02
   1.1466604e+02
   1.1751025e+02
   1.2042105e+02
   1.2339817e+02
   1.2644127e+02
   1.2954990e+02
   1.3272352e+02
   1.3596150e+02
   1.3926310e+02
   1.4262749e+02
   1.4605370e+02
   1.4954070e+02
   1.5308733e+02
   1.5669232e+02
   1.6035430e+02
   1.6407178e+02
   1.6784319e+02
   1.7166680e+02
   1.7554083e+02
   1.7946336e+02
   1.8343236e+02
   1.8744573e+02
   1.9150125e+02
   1.9559659e+02
   1.9972934e+02
   2.0389701e+02
   2.0809701e+02
   2.1232666e+02
   2.1658323e+02
   2.2086388e+02
   2.2516573e+02
   2.2948582e+02
   2.3382115e+02
   2.3816867e+02
   2.4252527e+02
   2.4688781e+02
   2.5125312e+02
   2.5561801e+02
   2.5997928e+02
   2.6433371e+02
   2.6867807e+02
   2.7300916e+02
   2.7732378e+02
   2.8161875e+02
   2.8589091e+02
   2.9013716e+02
   2.9435442e+02
   2.9853967e+02
   3.0268995e+02
   3.0680235e+02
   3.1087404e+02
   3.1490228e+02
   3.1888438e+02
   3.2281778e+02
   3.2669997e+02
   3.3052857e+02
   3.3430131e+02
   3.3801600e+02
   3.4167057e+02
   3.4526310e+02
   3.4879174e+02
   3.5225481e+02
   3.5565072e+02
   3.5897801e+02
   3.6223539e+02
   3.6542164e+02
   3.6853571e+02
   3.7157668e+02
   3.7454375e+02
   3.7743625e+02
   3.8025364e+02
   3.8299552e+02
   3.8566161e+02
   3.8825175e+02
   3.9076591e+02
   3.9320417e+02
   3.9556673e+02
   3.9785392e+02
   4.0006615e+02
   4.0220395e+02
   4.0426796e+02
   4.0625890e+02
   4.0817760e+02
   4.1002496e+02
   4.1180196e+02
   4.1350969e+02
   4.1514927e+02
   4.1672192e+02
   4.1822889e+02
   4.1967151e+02
   4.2105116e+02
   4.2236925e+02
   4.2362724e+02
   4.2482661e+02
   4.2596889e+02
   4.2705561e+02
   4.2808833e+02
   4.2906863e+02
   4.2999806e+02
   4.3087822e+02
   4.3171067e+02
   4.3249697e+02
   4.3323868e+02
   4.3393733e+02
   4.3459442e+02
   4.3521144e+02
   4.3578983e+02
   4.3633102e+02
   4.3683637e+02
   4.3730721e+02
   4.3774484e+02
   4.3815048e+02
   4.3852531e+02
   4.3887046e+02
   4.3918700e+02
   4.3947593e+02
   4.3973818e+02
   4.3997463e+02
   4.4018608e+02
   4.4037327e+02
   4.4053685e+02
   4.4067741e+02
   4.4079547e+02
   4.4089145e+02
   4.4096571e+02
   4.4101853e+02
   4.4105011e+02
   4.4106057e+02
