   5.5021438e+03
   5.5016211e+03
   5.5000506e+03
   5.4974304e+03
   5.4937577e+03
   5.4890282e+03
   5.4832366e+03
   5.4763766e+03
   5.4684406e+03
   5.4594201e+03
   5.4493057e+03
   5.4380869e+03
   5.4257526e+03
   5.4122907e+03
   5.3976884e+03
   5.3819327e+03
   5.3650095e+03
   5.3469048e+03
   5.3276039e+03
   5.3070922e+03
   5.2853548e+03
   5.2623770e+03
   5.2381442e+03
   5.2126420e+03
   5.1858565e+03
   5.1577743e+03
   5.1283829e+03
   5.0976703e+03
   5.0656256e+03
   5.0322391e+03
   4.9975021e+03
   4.9614076e+03
   4.9239499e+03
   4.8851250e+03
   4.8449307e+03
   4.8033666e+03
   4.7604346e+03
   4.7161385e+03
   4.6704845e+03
   4.6234812e+03
   4.5751396e+03
   4.5254732e+03
   4.4744983e+03
   4.4222337e+03
   4.3687013e+03
   4.3139255e+03
   4.2579337e+03
   4.2007561e+03
   4.1424258e+03
   4.0829788e+03
   4.0224539e+03
   3.9608929e+03
   3.8983401e+03
   3.8348427e+03
   3.7704504e+03
   3.7052156e+03
   3.6391929e+03
   3.5724394e+03
   3.5050144e+03
   3.4369789e+03
   3.3683963e+03
   3.2993311e+03
   3.2298498e+03
   3.1600199e+03
   3.0899101e+03
   3.0195901e+03
   2.9491301e+03
   2.8786010e+03
   2.8080736e+03
   2.7376191e+03
   2.6673081e+03
   2.5972111e+03
   2.5273976e+03
   2.4579365e+03
   2.3888952e+03
   2.3203401e+03
   2.2523358e+03
   2.1849454e+03
   2.1182297e+03
   2.0522478e+03
   1.9870561e+03
   1.9227089e+03
   1.8592576e+03
   1.7967511e+03
   1.7352353e+03
   1.6747533e+03
   1.6153452e+03
   1.5570479e+03
   1.4998952e+03
   1.4439177e+03
   1.3891429e+03
   1.3355952e+03
   1.2832954e+03
   1.2322617e+03
   1.1825087e+03
   1.1340483e+03
   1.0868892e+03
   1.0410371e+03
   9.9649513e+02
   9.5326349e+02
   9.1133981e+02
   8.7071918e+02
   8.3139432e+02
   7.9335568e+02
   7.5659154e+02
   7.2108822e+02
   6.8683014e+02
   6.5380002e+02
   6.2197898e+02
   5.9134668e+02
   5.6188148e+02
   5.3356058e+02
   5.0636011e+02
   4.8025530e+02
   4.5522060e+02
   4.3122980e+02
   4.0825612e+02
   3.8627236e+02
   3.6525098e+02
   3.4516422e+02
   3.2598418e+02
   3.0768288e+02
   2.9023243e+02
   2.7360498e+02
   2.5777291e+02
   2.4270881e+02
   2.2838557e+02
   2.1477642e+02
   2.0185500e+02
   1.8959537e+02
   1.7797206e+02
   1.6696010e+02
   1.5653504e+02
   1.4667298e+02
   1.3735060e+02
   1.2854513e+02
   1.2023441e+02
   1.1239687e+02
   1.0501156e+02
   9.8058119e+01
   9.1516804e+01
   8.5368476e+01
   7.9594604e+01
   7.4177256e+01
   6.9099097e+01
   6.4343380e+01
   5.9893943e+01
   5.5735199e+01
   5.1852127e+01
   4.8230264e+01
   4.4855700e+01
   4.1715061e+01
   3.8795511e+01
   3.6084731e+01
   3.3570920e+01
   3.1242783e+01
   2.9089518e+01
   2.7100817e+01
   2.5266849e+01
   2.3578259e+01
   2.2026157e+01
   2.0602111e+01
   1.9298143e+01
   1.8106721e+01
   1.7020753e+01
   1.6033581e+01
   1.5138979e+01
   1.4331143e+01
   1.3604690e+01
   1.2954654e+01
   1.2376480e+01
   1.1866022e+01
   1.1419539e+01
   1.1033693e+01
   1.0705544e+01
   1.0432551e+01
   1.0212567e+01
   1.0043837e+01
   9.9250016e+00
   9.8550880e+00
   9.8335150e+00
   9.8600903e+00
   9.9350106e+00
   1.0058862e+01
   1.0232619e+01
   1.0457648e+01
   1.0735707e+01
   1.1068945e+01
   1.1459909e+01
   1.1911539e+01
   1.2427177e+01
   1.3010566e+01
   1.3665854e+01
   1.4397596e+01
   1.5210759e+01
   1.6110727e+01
   1.7103301e+01
   1.8194707e+01
   1.9391602e+01
   2.0701073e+01
   2.2130649e+01
   2.3688306e+01
   2.5382468e+01
   2.7222020e+01
   2.9216311e+01
   3.1375164e+01
   3.3708881e+01
   3.6228251e+01
   3.8944562e+01
   4.1869604e+01
   4.5015684e+01
   4.8395627e+01
   5.2022793e+01
   5.5911080e+01
   6.0074937e+01
   6.4529369e+01
   6.9289949e+01
   7.4372826e+01
   7.9794729e+01
   8.5572977e+01
   9.1725487e+01
   9.8270774e+01
   1.0522796e+02
   1.1261678e+02
   1.2045756e+02
   1.2877126e+02
   1.3757942e+02
   1.4690420e+02
   1.5676834e+02
   1.6719515e+02
   1.7820854e+02
   1.8983292e+02
   2.0209328e+02
   2.1501506e+02
   2.2862421e+02
   2.4294708e+02
   2.5801044e+02
   2.7384140e+02
   2.9046736e+02
   3.0791597e+02
   3.2621505e+02
   3.4539252e+02
   3.6547637e+02
   3.8649450e+02
   4.0847468e+02
   4.3144448e+02
   4.5543111e+02
   4.8046136e+02
   5.0656147e+02
   5.3375700e+02
   5.6207276e+02
   5.9153263e+02
   6.2215943e+02
   6.5397485e+02
   6.8699923e+02
   7.2125148e+02
   7.5674892e+02
   7.9350715e+02
   8.3153989e+02
   8.7085887e+02
   9.1147367e+02
   9.5339160e+02
   9.9661759e+02
   1.0411540e+03
   1.0870007e+03
   1.1341547e+03
   1.1826101e+03
   1.2323583e+03
   1.2833874e+03
   1.3356828e+03
   1.3892265e+03
   1.4439974e+03
   1.4999713e+03
   1.5571207e+03
   1.6154150e+03
   1.6748204e+03
   1.7352999e+03
   1.7968134e+03
   1.8593180e+03
   1.9227676e+03
   1.9871134e+03
   2.0523038e+03
   2.1182847e+03
   2.1849995e+03
   2.2523893e+03
   2.3203930e+03
   2.3889478e+03
   2.4579889e+03
   2.5274499e+03
   2.5972634e+03
   2.6673604e+03
   2.7376715e+03
   2.8081261e+03
   2.8786536e+03
   2.9491828e+03
   3.0196428e+03
   3.0899629e+03
   3.1600726e+03
   3.2299024e+03
   3.2993834e+03
   3.3684483e+03
   3.4370305e+03
   3.5050653e+03
   3.5724896e+03
   3.6392422e+03
   3.7052639e+03
   3.7704976e+03
   3.8348886e+03
   3.8983846e+03
   3.9609358e+03
   4.0224951e+03
   4.0830181e+03
   4.1424631e+03
   4.2007913e+03
   4.2579667e+03
   4.3139563e+03
   4.3687297e+03
   4.4222597e+03
   4.4745217e+03
   4.5254941e+03
   4.5751579e+03
   4.6234969e+03
   4.6704977e+03
   4.7161490e+03
   4.7604426e+03
   4.8033721e+03
   4.8449337e+03
   4.8851256e+03
   4.9239483e+03
   4.9614038e+03
   4.9974962e+03
   5.0322312e+03
   5.0656159e+03
   5.0976588e+03
   5.1283699e+03
   5.1577600e+03
   5.1858409e+03
   5.2126253e+03
   5.2381266e+03
   5.2623587e+03
   5.2853359e+03
   5.3070729e+03
   5.3275844e+03
   5.3468853e+03
   5.3649902e+03
   5.3819136e+03
   5.3976699e+03
   5.4122727e+03
   5.4257354e+03
   5.4380706e+03
   5.4492904e+03
   5.4594060e+03
   5.4684278e+03
   5.4763651e+03
   5.4832266e+03
   5.4890197e+03
   5.4937509e+03
   5.4974252e+03
   5.5000471e+03
   5.5016193e+03
   5.5021438e+03
