   1.4061371e+02
   1.4061247e+02
   1.4060881e+02
   1.4060269e+02
   1.4059405e+02
   1.4058281e+02
   1.4056884e+02
   1.4055202e+02
   1.4053218e+02
   1.4050914e+02
   1.4048270e+02
   1.4045261e+02
   1.4041863e+02
   1.4038049e+02
   1.4033787e+02
   1.4029047e+02
   1.4023795e+02
   1.4017994e+02
   1.4011607e+02
   1.4004593e+02
   1.3996913e+02
   1.3988522e+02
   1.3979375e+02
   1.3969427e+02
   1.3958630e+02
   1.3946935e+02
   1.3934293e+02
   1.3920652e+02
   1.3905959e+02
   1.3890164e+02
   1.3873211e+02
   1.3855048e+02
   1.3835619e+02
   1.3814870e+02
   1.3792747e+02
   1.3769194e+02
   1.3744158e+02
   1.3717584e+02
   1.3689418e+02
   1.3659607e+02
   1.3628100e+02
   1.3594845e+02
   1.3559791e+02
   1.3522891e+02
   1.3484098e+02
   1.3443364e+02
   1.3400647e+02
   1.3355905e+02
   1.3309098e+02
   1.3260188e+02
   1.3209141e+02
   1.3155923e+02
   1.3100506e+02
   1.3042862e+02
   1.2982968e+02
   1.2920801e+02
   1.2856346e+02
   1.2789588e+02
   1.2720515e+02
   1.2649121e+02
   1.2575402e+02
   1.2499358e+02
   1.2420993e+02
   1.2340315e+02
   1.2257334e+02
   1.2172067e+02
   1.2084533e+02
   1.1994756e+02
   1.1902761e+02
   1.1808582e+02
   1.1712253e+02
   1.1613812e+02
   1.1513303e+02
   1.1410773e+02
   1.1306271e+02
   1.1199852e+02
   1.1091572e+02
   1.0981493e+02
   1.0869679e+02
   1.0756197e+02
   1.0641118e+02
   1.0524514e+02
   1.0406461e+02
   1.0287038e+02
   1.0166326e+02
   1.0044407e+02
   9.9213675e+01
   9.7972932e+01
   9.6722730e+01
   9.5463967e+01
   9.4197555e+01
   9.2924415e+01
   9.1645477e+01
   9.0361676e+01
   8.9073953e+01
   8.7783248e+01
   8.6490502e+01
   8.5196655e+01
   8.3902640e+01
   8.2609386e+01
   8.1317814e+01
   8.0028834e+01
   7.8743343e+01
   7.7462226e+01
   7.6186354e+01
   7.4916579e+01
   7.3653735e+01
   7.2398638e+01
   7.1152080e+01
   6.9914833e+01
   6.8687645e+01
   6.7471240e+01
   6.6266316e+01
   6.5073544e+01
   6.3893570e+01
   6.2727010e+01
   6.1574454e+01
   6.0436463e+01
   5.9313568e+01
   5.8206272e+01
   5.7115049e+01
   5.6040343e+01
   5.4982567e+01
   5.3942110e+01
   5.2919327e+01
   5.1914548e+01
   5.0928072e+01
   4.9960173e+01
   4.9011096e+01
   4.8081061e+01
   4.7170262e+01
   4.6278865e+01
   4.5407016e+01
   4.4554834e+01
   4.3722417e+01
   4.2909842e+01
   4.2117163e+01
   4.1344415e+01
   4.0591614e+01
   3.9858760e+01
   3.9145833e+01
   3.8452798e+01
   3.7779607e+01
   3.7126196e+01
   3.6492490e+01
   3.5878400e+01
   3.5283829e+01
   3.4708669e+01
   3.4152802e+01
   3.3616104e+01
   3.3098446e+01
   3.2599688e+01
   3.2119691e+01
   3.1658309e+01
   3.1215392e+01
   3.0790791e+01
   3.0384354e+01
   2.9995927e+01
   2.9625360e+01
   2.9272501e+01
   2.8937199e+01
   2.8619310e+01
   2.8318688e+01
   2.8035193e+01
   2.7768689e+01
   2.7519046e+01
   2.7286137e+01
   2.7069843e+01
   2.6870050e+01
   2.6686652e+01
   2.6519547e+01
   2.6368645e+01
   2.6233861e+01
   2.6115118e+01
   2.6012349e+01
   2.5925493e+01
   2.5854501e+01
   2.5799331e+01
   2.5759950e+01
   2.5736335e+01
   2.5728472e+01
   2.5736357e+01
   2.5759994e+01
   2.5799397e+01
   2.5854589e+01
   2.5925603e+01
   2.6012481e+01
   2.6115273e+01
   2.6234039e+01
   2.6368846e+01
   2.6519771e+01
   2.6686899e+01
   2.6870322e+01
   2.7070139e+01
   2.7286458e+01
   2.7519392e+01
   2.7769061e+01
   2.8035590e+01
   2.8319112e+01
   2.8619761e+01
   2.8937679e+01
   2.9273008e+01
   2.9625897e+01
   2.9996494e+01
   3.0384951e+01
   3.0791419e+01
   3.1216052e+01
   3.1659001e+01
   3.2120417e+01
   3.2600448e+01
   3.3099241e+01
   3.3616935e+01
   3.4153669e+01
   3.4709573e+01
   3.5284772e+01
   3.5879382e+01
   3.6493512e+01
   3.7127259e+01
   3.7780712e+01
   3.8453945e+01
   3.9147023e+01
   3.9859995e+01
   4.0592894e+01
   4.1345740e+01
   4.2118535e+01
   4.2911261e+01
   4.3723885e+01
   4.4556351e+01
   4.5408582e+01
   4.6280482e+01
   4.7171930e+01
   4.8082782e+01
   4.9012869e+01
   4.9961999e+01
   5.0929951e+01
   5.1916481e+01
   5.2921315e+01
   5.3944152e+01
   5.4984665e+01
   5.6042495e+01
   5.7117258e+01
   5.8208537e+01
   5.9315888e+01
   6.0438839e+01
   6.1576886e+01
   6.2729498e+01
   6.3896113e+01
   6.5076143e+01
   6.6268970e+01
   6.7473949e+01
   6.8690409e+01
   6.9917651e+01
   7.1154951e+01
   7.2401561e+01
   7.3656711e+01
   7.4919606e+01
   7.6189431e+01
   7.7465353e+01
   7.8746517e+01
   8.0032055e+01
   8.1321082e+01
   8.2612699e+01
   8.3905996e+01
   8.5200053e+01
   8.6493941e+01
   8.7786726e+01
   8.9077469e+01
   9.0365228e+01
   9.1649063e+01
   9.2928034e+01
   9.4201205e+01
   9.5467646e+01
   9.6726437e+01
   9.7976665e+01
   9.9217431e+01
   1.0044785e+02
   1.0166706e+02
   1.0287420e+02
   1.0406844e+02
   1.0524898e+02
   1.0641503e+02
   1.0756584e+02
   1.0870066e+02
   1.0981881e+02
   1.1091960e+02
   1.1200240e+02
   1.1306659e+02
   1.1411161e+02
   1.1513691e+02
   1.1614199e+02
   1.1712638e+02
   1.1808967e+02
   1.1903145e+02
   1.1995137e+02
   1.2084913e+02
   1.2172445e+02
   1.2257710e+02
   1.2340688e+02
   1.2421364e+02
   1.2499727e+02
   1.2575768e+02
   1.2649484e+02
   1.2720874e+02
   1.2789944e+02
   1.2856699e+02
   1.2921150e+02
   1.2983312e+02
   1.3043203e+02
   1.3100842e+02
   1.3156255e+02
   1.3209468e+02
   1.3260511e+02
   1.3309416e+02
   1.3356218e+02
   1.3400955e+02
   1.3443667e+02
   1.3484396e+02
   1.3523184e+02
   1.3560079e+02
   1.3595126e+02
   1.3628376e+02
   1.3659877e+02
   1.3689682e+02
   1.3717842e+02
   1.3744410e+02
   1.3769440e+02
   1.3792987e+02
   1.3815104e+02
   1.3835846e+02
   1.3855268e+02
   1.3873425e+02
   1.3890371e+02
   1.3906160e+02
   1.3920846e+02
   1.3934480e+02
   1.3947116e+02
   1.3958804e+02
   1.3969594e+02
   1.3979535e+02
   1.3988674e+02
   1.3997059e+02
   1.4004732e+02
   1.4011738e+02
   1.4018119e+02
   1.4023912e+02
   1.4029158e+02
   1.4033890e+02
   1.4038144e+02
   1.4041952e+02
   1.4045342e+02
   1.4048344e+02
   1.4050981e+02
   1.4053277e+02
   1.4055254e+02
   1.4056928e+02
   1.4058318e+02
   1.4059435e+02
   1.4060291e+02
   1.4060896e+02
   1.4061255e+02
   1.4061371e+02
