   1.7772756e+03
   1.7772173e+03
   1.7770434e+03
   1.7767528e+03
   1.7763437e+03
   1.7758138e+03
   1.7751597e+03
   1.7743778e+03
   1.7734636e+03
   1.7724119e+03
   1.7712169e+03
   1.7698721e+03
   1.7683706e+03
   1.7667047e+03
   1.7648661e+03
   1.7628462e+03
   1.7606355e+03
   1.7582242e+03
   1.7556022e+03
   1.7527586e+03
   1.7496823e+03
   1.7463618e+03
   1.7427851e+03
   1.7389402e+03
   1.7348147e+03
   1.7303957e+03
   1.7256707e+03
   1.7206265e+03
   1.7152502e+03
   1.7095287e+03
   1.7034490e+03
   1.6969982e+03
   1.6901635e+03
   1.6829322e+03
   1.6752920e+03
   1.6672310e+03
   1.6587373e+03
   1.6497999e+03
   1.6404080e+03
   1.6305513e+03
   1.6202205e+03
   1.6094065e+03
   1.5981014e+03
   1.5862978e+03
   1.5739892e+03
   1.5611702e+03
   1.5478361e+03
   1.5339835e+03
   1.5196099e+03
   1.5047141e+03
   1.4892958e+03
   1.4733562e+03
   1.4568975e+03
   1.4399233e+03
   1.4224386e+03
   1.4044495e+03
   1.3859637e+03
   1.3669900e+03
   1.3475387e+03
   1.3276216e+03
   1.3072515e+03
   1.2864428e+03
   1.2652112e+03
   1.2435737e+03
   1.2215485e+03
   1.1991551e+03
   1.1764141e+03
   1.1533473e+03
   1.1299775e+03
   1.1063287e+03
   1.0824257e+03
   1.0582942e+03
   1.0339607e+03
   1.0094524e+03
   9.8479721e+02
   9.6002347e+02
   9.3516004e+02
   9.1023611e+02
   8.8528112e+02
   8.6032465e+02
   8.3539635e+02
   8.1052579e+02
   7.8574241e+02
   7.6107538e+02
   7.3655352e+02
   7.1220518e+02
   6.8805819e+02
   6.6413971e+02
   6.4047617e+02
   6.1709318e+02
   5.9401547e+02
   5.7126677e+02
   5.4886977e+02
   5.2684605e+02
   5.0521601e+02
   4.8399882e+02
   4.6321239e+02
   4.4287331e+02
   4.2299680e+02
   4.0359673e+02
   3.8468557e+02
   3.6627438e+02
   3.4837280e+02
   3.3098905e+02
   3.1412994e+02
   2.9780091e+02
   2.8200598e+02
   2.6674785e+02
   2.5202789e+02
   2.3784617e+02
   2.2420152e+02
   2.1109156e+02
   1.9851277e+02
   1.8646050e+02
   1.7492909e+02
   1.6391185e+02
   1.5340117e+02
   1.4338860e+02
   1.3386483e+02
   1.2481986e+02
   1.1624299e+02
   1.0812289e+02
   1.0044773e+02
   9.3205145e+01
   8.6382387e+01
   7.9966337e+01
   7.3943581e+01
   6.8300468e+01
   6.3023165e+01
   5.8097714e+01
   5.3510085e+01
   4.9246224e+01
   4.5292097e+01
   4.1633744e+01
   3.8257308e+01
   3.5149084e+01
   3.2295550e+01
   2.9683398e+01
   2.7299569e+01
   2.5131273e+01
   2.3166019e+01
   2.1391631e+01
   1.9796271e+01
   1.8368450e+01
   1.7097045e+01
   1.5971307e+01
   1.4980869e+01
   1.4115756e+01
   1.3366385e+01
   1.2723569e+01
   1.2178515e+01
   1.1722828e+01
   1.1348504e+01
   1.1047927e+01
   1.0813864e+01
   1.0639458e+01
   1.0518223e+01
   1.0444033e+01
   1.0411118e+01
   1.0414047e+01
   1.0447728e+01
   1.0507389e+01
   1.0588576e+01
   1.0687136e+01
   1.0799210e+01
   1.0921224e+01
   1.1049877e+01
   1.1182130e+01
   1.1315202e+01
   1.1446554e+01
   1.1573885e+01
   1.1695123e+01
   1.1808418e+01
   1.1912131e+01
   1.2004836e+01
   1.2085304e+01
   1.2152507e+01
   1.2205608e+01
   1.2243961e+01
   1.2267105e+01
   1.2274766e+01
   1.2266853e+01
   1.2243456e+01
   1.2204852e+01
   1.2151501e+01
   1.2084050e+01
   1.2003336e+01
   1.1910389e+01
   1.1806436e+01
   1.1692906e+01
   1.1571437e+01
   1.1443879e+01
   1.1312307e+01
   1.1179021e+01
   1.1046560e+01
   1.0917706e+01
   1.0795499e+01
   1.0683240e+01
   1.0584505e+01
   1.0503152e+01
   1.0443335e+01
   1.0409509e+01
   1.0406446e+01
   1.0439241e+01
   1.0513321e+01
   1.0634462e+01
   1.0808787e+01
   1.1042785e+01
   1.1343313e+01
   1.1717603e+01
   1.2173273e+01
   1.2718328e+01
   1.3361165e+01
   1.4110576e+01
   1.4975748e+01
   1.5966265e+01
   1.7092105e+01
   1.8363633e+01
   1.9791599e+01
   2.1387128e+01
   2.3161708e+01
   2.5127179e+01
   2.7295715e+01
   2.9679810e+01
   3.2292252e+01
   3.5146103e+01
   3.8254668e+01
   4.1631472e+01
   4.5290220e+01
   4.9244767e+01
   5.3509076e+01
   5.8097177e+01
   6.3023127e+01
   6.8300955e+01
   7.3944619e+01
   7.9967952e+01
   8.6384603e+01
   9.3207987e+01
   1.0045122e+02
   1.0812706e+02
   1.1624785e+02
   1.2482544e+02
   1.3387116e+02
   1.4339568e+02
   1.5340904e+02
   1.6392051e+02
   1.7493857e+02
   1.8647082e+02
   1.9852393e+02
   2.1110359e+02
   2.2421443e+02
   2.3785997e+02
   2.5204260e+02
   2.6676347e+02
   2.8202252e+02
   2.9781837e+02
   3.1414834e+02
   3.3100838e+02
   3.4839307e+02
   3.6629560e+02
   3.8470773e+02
   4.0361983e+02
   4.2302084e+02
   4.4289828e+02
   4.6323830e+02
   4.8402566e+02
   5.0524376e+02
   5.2687471e+02
   5.4889933e+02
   5.7129721e+02
   5.9404679e+02
   6.1712536e+02
   6.4050919e+02
   6.6417356e+02
   6.8809285e+02
   7.1224064e+02
   7.3658975e+02
   7.6111236e+02
   7.8578013e+02
   8.1056422e+02
   8.3543546e+02
   8.6036443e+02
   8.8532153e+02
   9.1027714e+02
   9.3520165e+02
   9.6006564e+02
   9.8483990e+02
   1.0094956e+03
   1.0340044e+03
   1.0583383e+03
   1.0824702e+03
   1.1063736e+03
   1.1300228e+03
   1.1533928e+03
   1.1764599e+03
   1.1992012e+03
   1.2215948e+03
   1.2436202e+03
   1.2652579e+03
   1.2864895e+03
   1.3072983e+03
   1.3276684e+03
   1.3475856e+03
   1.3670368e+03
   1.3860104e+03
   1.4044961e+03
   1.4224851e+03
   1.4399696e+03
   1.4569435e+03
   1.4734020e+03
   1.4893413e+03
   1.5047593e+03
   1.5196548e+03
   1.5340280e+03
   1.5478801e+03
   1.5612137e+03
   1.5740323e+03
   1.5863403e+03
   1.5981434e+03
   1.6094480e+03
   1.6202613e+03
   1.6305915e+03
   1.6404474e+03
   1.6498387e+03
   1.6587754e+03
   1.6672683e+03
   1.6753285e+03
   1.6829679e+03
   1.6901983e+03
   1.6970322e+03
   1.7034821e+03
   1.7095609e+03
   1.7152814e+03
   1.7206568e+03
   1.7257000e+03
   1.7304241e+03
   1.7348420e+03
   1.7389666e+03
   1.7428104e+03
   1.7463860e+03
   1.7497055e+03
   1.7527807e+03
   1.7556232e+03
   1.7582442e+03
   1.7606543e+03
   1.7628638e+03
   1.7648827e+03
   1.7667201e+03
   1.7683849e+03
   1.7698852e+03
   1.7712288e+03
   1.7724226e+03
   1.7734732e+03
   1.7743862e+03
   1.7751669e+03
   1.7758197e+03
   1.7763485e+03
   1.7767564e+03
   1.7770458e+03
   1.7772185e+03
   1.7772756e+03
