   8.6149396e-10
   3.7061024e-08
   1.3929631e-07
   3.0855531e-07
   5.4465741e-07
   8.4732059e-07
   1.2161800e-06
   1.6507904e-06
   2.1506269e-06
   2.7150855e-06
   3.3434843e-06
   4.0350640e-06
   4.7889889e-06
   5.6043476e-06
   6.4801547e-06
   7.4153514e-06
   8.4088068e-06
   9.4593196e-06
   1.0565619e-05
   1.1726367e-05
   1.2940160e-05
   1.4205527e-05
   1.5520938e-05
   1.6884800e-05
   1.8295461e-05
   1.9751214e-05
   2.1250294e-05
   2.2790884e-05
   2.4371118e-05
   2.5989080e-05
   2.7642808e-05
   2.9330295e-05
   3.1049494e-05
   3.2798318e-05
   3.4574645e-05
   3.6376318e-05
   3.8201148e-05
   4.0046917e-05
   4.1911382e-05
   4.3792277e-05
   4.5687314e-05
   4.7594187e-05
   4.9510577e-05
   5.1434150e-05
   5.3362564e-05
   5.5293471e-05
   5.7224517e-05
   5.9153350e-05
   6.1077618e-05
   6.2994974e-05
   6.4903078e-05
   6.6799604e-05
   6.8682235e-05
   7.0548674e-05
   7.2396640e-05
   7.4223875e-05
   7.6028148e-05
   7.7807251e-05
   7.9559011e-05
   8.1281283e-05
   8.2971962e-05
   8.4628977e-05
   8.6250302e-05
   8.7833950e-05
   8.9377982e-05
   9.0880506e-05
   9.2339683e-05
   9.3753722e-05
   9.5120892e-05
   9.6439516e-05
   9.7707976e-05
   9.8924716e-05
   1.0008825e-04
   1.0119713e-04
   1.0225002e-04
   1.0324562e-04
   1.0418270e-04
   1.0506012e-04
   1.0587679e-04
   1.0663172e-04
   1.0732398e-04
   1.0795271e-04
   1.0851715e-04
   1.0901660e-04
   1.0945045e-04
   1.0981816e-04
   1.1011929e-04
   1.1035346e-04
   1.1052039e-04
   1.1061987e-04
   1.1065178e-04
   1.1061608e-04
   1.1051282e-04
   1.1034212e-04
   1.1010419e-04
   1.0979933e-04
   1.0942792e-04
   1.0899039e-04
   1.0848731e-04
   1.0791928e-04
   1.0728701e-04
   1.0659126e-04
   1.0583290e-04
   1.0501286e-04
   1.0413214e-04
   1.0319184e-04
   1.0219309e-04
   1.0113713e-04
   1.0002526e-04
   9.8858843e-05
   9.7639305e-05
   9.6368145e-05
   9.5046923e-05
   9.3677260e-05
   9.2260834e-05
   9.0799383e-05
   8.9294697e-05
   8.7748621e-05
   8.6163048e-05
   8.4539919e-05
   8.2881223e-05
   8.1188989e-05
   7.9465288e-05
   7.7712229e-05
   7.5931955e-05
   7.4126643e-05
   7.2298499e-05
   7.0449757e-05
   6.8582674e-05
   6.6699532e-05
   6.4802627e-05
   6.2894276e-05
   6.0976805e-05
   5.9052554e-05
   5.7123868e-05
   5.5193097e-05
   5.3262594e-05
   5.1334709e-05
   4.9411791e-05
   4.7496179e-05
   4.5590205e-05
   4.3696186e-05
   4.1816425e-05
   3.9953208e-05
   3.8108798e-05
   3.6285436e-05
   3.4485337e-05
   3.2710686e-05
   3.0963636e-05
   2.9246307e-05
   2.7560783e-05
   2.5909108e-05
   2.4293283e-05
   2.2715267e-05
   2.1176972e-05
   1.9680261e-05
   1.8226947e-05
   1.6818789e-05
   1.5457492e-05
   1.4144703e-05
   1.2882011e-05
   1.1670943e-05
   1.0512963e-05
   9.4094712e-06
   8.3618022e-06
   7.3712221e-06
   6.4389279e-06
   5.5660461e-06
   4.7536312e-06
   4.0026645e-06
   3.3140532e-06
   2.6886286e-06
   2.1271462e-06
   1.6302837e-06
   1.1986410e-06
   8.3273909e-07
   5.3301946e-07
   2.9984322e-07
   1.3348898e-07
   3.4135063e-08
   9.7896171e-10
   3.6972530e-08
   1.3915809e-07
   3.0833922e-07
   5.4433252e-07
   8.4685603e-07
   1.2155454e-06
   1.6499559e-06
   2.1495634e-06
   2.7137647e-06
   3.3418790e-06
   4.0331477e-06
   4.7867363e-06
   5.6017346e-06
   6.4771583e-06
   7.4119500e-06
   8.4049802e-06
   9.4550489e-06
   1.0560887e-05
   1.1721158e-05
   1.2934459e-05
   1.4199322e-05
   1.5514218e-05
   1.6877557e-05
   1.8287687e-05
   1.9742902e-05
   2.1241442e-05
   2.2781490e-05
   2.4361181e-05
   2.5978602e-05
   2.7631792e-05
   2.9318748e-05
   3.1037422e-05
   3.2785732e-05
   3.4561555e-05
   3.6362736e-05
   3.8187089e-05
   4.0032397e-05
   4.1896420e-05
   4.3776892e-05
   4.5671527e-05
   4.7578022e-05
   4.9494057e-05
   5.1417301e-05
   5.3345414e-05
   5.5276047e-05
   5.7206850e-05
   5.9135470e-05
   6.1059557e-05
   6.2976765e-05
   6.4884756e-05
   6.6781202e-05
   6.8663789e-05
   7.0530219e-05
   7.2378214e-05
   7.4205515e-05
   7.6009890e-05
   7.7789134e-05
   7.9541072e-05
   8.1263561e-05
   8.2954494e-05
   8.4611801e-05
   8.6233454e-05
   8.7817469e-05
   8.9361903e-05
   9.0864867e-05
   9.2324518e-05
   9.3739067e-05
   9.5106779e-05
   9.6425979e-05
   9.7695047e-05
   9.8912426e-05
   1.0007662e-04
   1.0118621e-04
   1.0223982e-04
   1.0323617e-04
   1.0417403e-04
   1.0505224e-04
   1.0586973e-04
   1.0662550e-04
   1.0731861e-04
   1.0794821e-04
   1.0851353e-04
   1.0901388e-04
   1.0944864e-04
   1.0981727e-04
   1.1011932e-04
   1.1035442e-04
   1.1052228e-04
   1.1062269e-04
   1.1065553e-04
   1.1062076e-04
   1.1051841e-04
   1.1034863e-04
   1.1011161e-04
   1.0980764e-04
   1.0943710e-04
   1.0900044e-04
   1.0849821e-04
   1.0793101e-04
   1.0729954e-04
   1.0660458e-04
   1.0584699e-04
   1.0502769e-04
   1.0414768e-04
   1.0320806e-04
   1.0220997e-04
   1.0115464e-04
   1.0004336e-04
   9.8877499e-05
   9.7658486e-05
   9.6387817e-05
   9.5067050e-05
   9.3697804e-05
   9.2281760e-05
   9.0820652e-05
   8.9316271e-05
   8.7770460e-05
   8.6185114e-05
   8.4562174e-05
   8.2903627e-05
   8.1211502e-05
   7.9487872e-05
   7.7734845e-05
   7.5954564e-05
   7.4149207e-05
   7.2320981e-05
   7.0472120e-05
   6.8604882e-05
   6.6721549e-05
   6.4824419e-05
   6.2915809e-05
   6.0998047e-05
   5.9073473e-05
   5.7144435e-05
   5.5213282e-05
   5.3282371e-05
   5.1354052e-05
   4.9430674e-05
   4.7514581e-05
   4.5608103e-05
   4.3713560e-05
   4.1833259e-05
   3.9969484e-05
   3.8124503e-05
   3.6300556e-05
   3.4499862e-05
   3.2724606e-05
   3.0976945e-05
   2.9259000e-05
   2.7572857e-05
   2.5920560e-05
   2.4304114e-05
   2.2725479e-05
   2.1186570e-05
   1.9689251e-05
   1.8235336e-05
   1.6826587e-05
   1.5464710e-05
   1.4151355e-05
   1.2888110e-05
   1.1676506e-05
   1.0518007e-05
   9.4140164e-06
   8.3658689e-06
   7.3748322e-06
   6.4421047e-06
   5.5688141e-06
   4.7560160e-06
   4.0046929e-06
   3.3157526e-06
   2.6900277e-06
   2.1282742e-06
   1.6311707e-06
   1.1993175e-06
   8.3323623e-07
   5.3336869e-07
   3.0007616e-07
   1.3363687e-07
   3.4224824e-08
   8.6149396e-10
