   1.0988285e-04
   2.9710489e-04
   8.1837612e-04
   1.6758221e-03
   2.8704361e-03
   4.4014766e-03
   6.2675924e-03
   8.4670322e-03
   1.0997695e-02
   1.3857145e-02
   1.7042616e-02
   2.0551019e-02
   2.4378933e-02
   2.8522618e-02
   3.2978006e-02
   3.7740706e-02
   4.2806004e-02
   4.8168862e-02
   5.3823922e-02
   5.9765505e-02
   6.5987612e-02
   7.2483925e-02
   7.9247811e-02
   8.6272324e-02
   9.3550203e-02
   1.0107388e-01
   1.0883548e-01
   1.1682683e-01
   1.2503944e-01
   1.3346456e-01
   1.4209311e-01
   1.5091575e-01
   1.5992286e-01
   1.6910453e-01
   1.7845061e-01
   1.8795067e-01
   1.9759404e-01
   2.0736979e-01
   2.1726680e-01
   2.2727367e-01
   2.3737882e-01
   2.4757047e-01
   2.5783664e-01
   2.6816517e-01
   2.7854373e-01
   2.8895986e-01
   2.9940095e-01
   3.0985424e-01
   3.2030692e-01
   3.3074602e-01
   3.4115856e-01
   3.5153146e-01
   3.6185161e-01
   3.7210587e-01
   3.8228112e-01
   3.9236423e-01
   4.0234212e-01
   4.1220174e-01
   4.2193015e-01
   4.3151448e-01
   4.4094197e-01
   4.5020002e-01
   4.5927616e-01
   4.6815811e-01
   4.7683379e-01
   4.8529134e-01
   4.9351914e-01
   5.0150581e-01
   5.0924028e-01
   5.1671177e-01
   5.2390982e-01
   5.3082430e-01
   5.3744547e-01
   5.4376394e-01
   5.4977073e-01
   5.5545727e-01
   5.6081542e-01
   5.6583748e-01
   5.7051624e-01
   5.7484493e-01
   5.7881729e-01
   5.8242757e-01
   5.8567052e-01
   5.8854141e-01
   5.9103606e-01
   5.9315084e-01
   5.9488264e-01
   5.9622894e-01
   5.9718777e-01
   5.9775772e-01
   5.9793796e-01
   5.9772822e-01
   5.9712883e-01
   5.9614065e-01
   5.9476514e-01
   5.9300432e-01
   5.9086077e-01
   5.8833762e-01
   5.8543856e-01
   5.8216783e-01
   5.7853017e-01
   5.7453090e-01
   5.7017580e-01
   5.6547118e-01
   5.6042383e-01
   5.5504103e-01
   5.4933049e-01
   5.4330040e-01
   5.3695936e-01
   5.3031638e-01
   5.2338088e-01
   5.1616264e-01
   5.0867181e-01
   5.0091887e-01
   4.9291463e-01
   4.8467019e-01
   4.7619694e-01
   4.6750651e-01
   4.5861080e-01
   4.4952188e-01
   4.4025207e-01
   4.3081382e-01
   4.2121976e-01
   4.1148264e-01
   4.0161534e-01
   3.9163082e-01
   3.8154211e-01
   3.7136230e-01
   3.6110450e-01
   3.5078185e-01
   3.4040746e-01
   3.2999445e-01
   3.1955587e-01
   3.0910472e-01
   2.9865391e-01
   2.8821629e-01
   2.7780456e-01
   2.6743132e-01
   2.5710903e-01
   2.4684998e-01
   2.3666631e-01
   2.2656999e-01
   2.1657276e-01
   2.0668620e-01
   1.9692164e-01
   1.8729022e-01
   1.7780281e-01
   1.6847007e-01
   1.5930238e-01
   1.5030989e-01
   1.4150245e-01
   1.3288966e-01
   1.2448084e-01
   1.1628501e-01
   1.0831092e-01
   1.0056701e-01
   9.3061423e-02
   8.5802002e-02
   7.8796284e-02
   7.2051495e-02
   6.5574550e-02
   5.9372051e-02
   5.3450282e-02
   4.7815212e-02
   4.2472487e-02
   3.7427436e-02
   3.2685066e-02
   2.8250060e-02
   2.4126780e-02
   2.0319264e-02
   1.6831227e-02
   1.3666058e-02
   1.0826823e-02
   8.3162603e-03
   6.1367811e-03
   4.2904629e-03
   2.7790354e-03
   1.6038316e-03
   7.6557222e-04
   2.6310778e-04
   9.4208239e-05
   2.8217776e-04
   8.0308674e-04
   1.6599645e-03
   2.8537679e-03
   4.3837278e-03
   6.2484855e-03
   8.4462905e-03
   1.0975045e-02
   1.3832320e-02
   1.7015356e-02
   2.0521071e-02
   2.4346054e-02
   2.8486574e-02
   3.2938574e-02
   3.7697673e-02
   4.2759170e-02
   4.8118040e-02
   5.3768937e-02
   5.9706195e-02
   6.5923831e-02
   7.2415541e-02
   7.9174707e-02
   8.6194399e-02
   9.3467372e-02
   1.0098607e-01
   1.0874265e-01
   1.1672893e-01
   1.2493647e-01
   1.3335650e-01
   1.4197999e-01
   1.5079760e-01
   1.5979973e-01
   1.6897649e-01
   1.7831775e-01
   1.8781309e-01
   1.9745186e-01
   2.0722316e-01
   2.1711586e-01
   2.2711860e-01
   2.3721982e-01
   2.4740773e-01
   2.5767038e-01
   2.6799562e-01
   2.7837115e-01
   2.8878451e-01
   2.9922309e-01
   3.0967418e-01
   3.2012494e-01
   3.3056245e-01
   3.4097371e-01
   3.5134566e-01
   3.6166520e-01
   3.7191920e-01
   3.8209454e-01
   3.9217810e-01
   4.0215680e-01
   4.1201761e-01
   4.2174758e-01
   4.3133383e-01
   4.4076363e-01
   4.5002435e-01
   4.5910355e-01
   4.6798893e-01
   4.7666841e-01
   4.8513012e-01
   4.9336243e-01
   5.0135398e-01
   5.0909367e-01
   5.1657072e-01
   5.2377466e-01
   5.3069535e-01
   5.3732304e-01
   5.4364833e-01
   5.4966222e-01
   5.5535613e-01
   5.6072191e-01
   5.6575184e-01
   5.7043870e-01
   5.7477570e-01
   5.7875657e-01
   5.8237552e-01
   5.8562730e-01
   5.8850717e-01
   5.9101092e-01
   5.9313489e-01
   5.9487597e-01
   5.9623161e-01
   5.9719982e-01
   5.9777917e-01
   5.9796882e-01
   5.9776847e-01
   5.9717841e-01
   5.9619952e-01
   5.9483322e-01
   5.9308150e-01
   5.9094693e-01
   5.8843263e-01
   5.8554226e-01
   5.8228003e-01
   5.7865070e-01
   5.7465953e-01
   5.7031231e-01
   5.6561532e-01
   5.6057535e-01
   5.5519965e-01
   5.4949593e-01
   5.4347235e-01
   5.3713750e-01
   5.3050039e-01
   5.2357042e-01
   5.1635737e-01
   5.0887137e-01
   5.0112291e-01
   4.9312277e-01
   4.8488206e-01
   4.7641216e-01
   4.6772469e-01
   4.5883155e-01
   4.4974483e-01
   4.4047681e-01
   4.3103998e-01
   4.2144694e-01
   4.1171047e-01
   4.0184343e-01
   3.9185880e-01
   3.8176960e-01
   3.7158893e-01
   3.6132992e-01
   3.5100571e-01
   3.4062942e-01
   3.3021418e-01
   3.1977305e-01
   3.0931903e-01
   2.9886507e-01
   2.8842400e-01
   2.7800856e-01
   2.6763135e-01
   2.5730484e-01
   2.4704135e-01
   2.3685304e-01
   2.2675186e-01
   2.1674961e-01
   2.0685786e-01
   1.9708797e-01
   1.8745108e-01
   1.7795810e-01
   1.6861969e-01
   1.5944626e-01
   1.5044797e-01
   1.4163469e-01
   1.3301605e-01
   1.2460136e-01
   1.1639969e-01
   1.0841978e-01
   1.0067010e-01
   9.3158804e-02
   8.5893759e-02
   7.8882514e-02
   7.2132313e-02
   6.5650085e-02
   5.9442446e-02
   5.3515696e-02
   4.7875817e-02
   4.2528468e-02
   3.7478992e-02
   3.2732406e-02
   2.8293406e-02
   2.4166364e-02
   2.0355328e-02
   1.6864022e-02
   1.3695844e-02
   1.0853866e-02
   8.3408333e-03
   6.1591620e-03
   4.3109327e-03
   2.7978749e-03
   1.6213129e-03
   7.8193800e-04
   2.7857688e-04
   1.0988285e-04
