   4.8097695e+01
   4.8098140e+01
   4.8099468e+01
   4.8101676e+01
   4.8104754e+01
   4.8108690e+01
   4.8113468e+01
   4.8119069e+01
   4.8125471e+01
   4.8132649e+01
   4.8140571e+01
   4.8149207e+01
   4.8158521e+01
   4.8168473e+01
   4.8179022e+01
   4.8190123e+01
   4.8201728e+01
   4.8213785e+01
   4.8226241e+01
   4.8239041e+01
   4.8252123e+01
   4.8265428e+01
   4.8278892e+01
   4.8292447e+01
   4.8306025e+01
   4.8319556e+01
   4.8332967e+01
   4.8346183e+01
   4.8359129e+01
   4.8371726e+01
   4.8383895e+01
   4.8395555e+01
   4.8406624e+01
   4.8417019e+01
   4.8426656e+01
   4.8435451e+01
   4.8443318e+01
   4.8450170e+01
   4.8455921e+01
   4.8460485e+01
   4.8463775e+01
   4.8465704e+01
   4.8466185e+01
   4.8465133e+01
   4.8462461e+01
   4.8458085e+01
   4.8451920e+01
   4.8443883e+01
   4.8433891e+01
   4.8421864e+01
   4.8407721e+01
   4.8391384e+01
   4.8372776e+01
   4.8351823e+01
   4.8328451e+01
   4.8302588e+01
   4.8274166e+01
   4.8243118e+01
   4.8209379e+01
   4.8172886e+01
   4.8133581e+01
   4.8091406e+01
   4.8046307e+01
   4.7998233e+01
   4.7947134e+01
   4.7892966e+01
   4.7835686e+01
   4.7775254e+01
   4.7711636e+01
   4.7644797e+01
   4.7574708e+01
   4.7501344e+01
   4.7424682e+01
   4.7344703e+01
   4.7261391e+01
   4.7174735e+01
   4.7084726e+01
   4.6991361e+01
   4.6894637e+01
   4.6794558e+01
   4.6691130e+01
   4.6584365e+01
   4.6474274e+01
   4.6360878e+01
   4.6244196e+01
   4.6124254e+01
   4.6001082e+01
   4.5874711e+01
   4.5745179e+01
   4.5612525e+01
   4.5476793e+01
   4.5338031e+01
   4.5196289e+01
   4.5051621e+01
   4.4904087e+01
   4.4753746e+01
   4.4600665e+01
   4.4444911e+01
   4.4286556e+01
   4.4125675e+01
   4.3962346e+01
   4.3796650e+01
   4.3628672e+01
   4.3458498e+01
   4.3286219e+01
   4.3111928e+01
   4.2935720e+01
   4.2757695e+01
   4.2577954e+01
   4.2396600e+01
   4.2213739e+01
   4.2029481e+01
   4.1843934e+01
   4.1657213e+01
   4.1469433e+01
   4.1280710e+01
   4.1091162e+01
   4.0900911e+01
   4.0710078e+01
   4.0518787e+01
   4.0327163e+01
   4.0135331e+01
   3.9943420e+01
   3.9751558e+01
   3.9559874e+01
   3.9368498e+01
   3.9177561e+01
   3.8987194e+01
   3.8797528e+01
   3.8608697e+01
   3.8420832e+01
   3.8234065e+01
   3.8048528e+01
   3.7864354e+01
   3.7681673e+01
   3.7500617e+01
   3.7321316e+01
   3.7143899e+01
   3.6968496e+01
   3.6795235e+01
   3.6624241e+01
   3.6455641e+01
   3.6289558e+01
   3.6126115e+01
   3.5965433e+01
   3.5807631e+01
   3.5652827e+01
   3.5501136e+01
   3.5352671e+01
   3.5207544e+01
   3.5065863e+01
   3.4927734e+01
   3.4793263e+01
   3.4662550e+01
   3.4535694e+01
   3.4412791e+01
   3.4293934e+01
   3.4179214e+01
   3.4068716e+01
   3.3962526e+01
   3.3860724e+01
   3.3763388e+01
   3.3670592e+01
   3.3582406e+01
   3.3498897e+01
   3.3420131e+01
   3.3346166e+01
   3.3277059e+01
   3.3212864e+01
   3.3153628e+01
   3.3099399e+01
   3.3050216e+01
   3.3006118e+01
   3.2967138e+01
   3.2933307e+01
   3.2904649e+01
   3.2881188e+01
   3.2862941e+01
   3.2849922e+01
   3.2842140e+01
   3.2839602e+01
   3.2842310e+01
   3.2850262e+01
   3.2863450e+01
   3.2881866e+01
   3.2905495e+01
   3.2934318e+01
   3.2968314e+01
   3.3007456e+01
   3.3051714e+01
   3.3101054e+01
   3.3155439e+01
   3.3214827e+01
   3.3279171e+01
   3.3348423e+01
   3.3422530e+01
   3.3501434e+01
   3.3585076e+01
   3.3673391e+01
   3.3766313e+01
   3.3863769e+01
   3.3965686e+01
   3.4071986e+01
   3.4182588e+01
   3.4297408e+01
   3.4416359e+01
   3.4539350e+01
   3.4666288e+01
   3.4797077e+01
   3.4931619e+01
   3.5069811e+01
   3.5211550e+01
   3.5356729e+01
   3.5505240e+01
   3.5656970e+01
   3.5811807e+01
   3.5969635e+01
   3.6130337e+01
   3.6293793e+01
   3.6459883e+01
   3.6628484e+01
   3.6799472e+01
   3.6972722e+01
   3.7148108e+01
   3.7325500e+01
   3.7504772e+01
   3.7685792e+01
   3.7868432e+01
   3.8052560e+01
   3.8238044e+01
   3.8424754e+01
   3.8612557e+01
   3.8801320e+01
   3.8990914e+01
   3.9181204e+01
   3.9372060e+01
   3.9563351e+01
   3.9754947e+01
   3.9946716e+01
   4.0138531e+01
   4.0330263e+01
   4.0521785e+01
   4.0712972e+01
   4.0903697e+01
   4.1093839e+01
   4.1283275e+01
   4.1471885e+01
   4.1659552e+01
   4.1846157e+01
   4.2031586e+01
   4.2215728e+01
   4.2398471e+01
   4.2579707e+01
   4.2759331e+01
   4.2937238e+01
   4.3113329e+01
   4.3287504e+01
   4.3459668e+01
   4.3629728e+01
   4.3797595e+01
   4.3963180e+01
   4.4126401e+01
   4.4287175e+01
   4.4445425e+01
   4.4601077e+01
   4.4754059e+01
   4.4904303e+01
   4.5051744e+01
   4.5196321e+01
   4.5337975e+01
   4.5476653e+01
   4.5612304e+01
   4.5744880e+01
   4.5874338e+01
   4.6000638e+01
   4.6123743e+01
   4.6243622e+01
   4.6360244e+01
   4.6473584e+01
   4.6583622e+01
   4.6690340e+01
   4.6793722e+01
   4.6893760e+01
   4.6990446e+01
   4.7083778e+01
   4.7173756e+01
   4.7260385e+01
   4.7343674e+01
   4.7423633e+01
   4.7500278e+01
   4.7573629e+01
   4.7643707e+01
   4.7710539e+01
   4.7774153e+01
   4.7834583e+01
   4.7891864e+01
   4.7946036e+01
   4.7997140e+01
   4.8045223e+01
   4.8090333e+01
   4.8132521e+01
   4.8171840e+01
   4.8208349e+01
   4.8242106e+01
   4.8273174e+01
   4.8301617e+01
   4.8327502e+01
   4.8350898e+01
   4.8371876e+01
   4.8390509e+01
   4.8406872e+01
   4.8421042e+01
   4.8433097e+01
   4.8443117e+01
   4.8451183e+01
   4.8457376e+01
   4.8461781e+01
   4.8464482e+01
   4.8465563e+01
   4.8465110e+01
   4.8463210e+01
   4.8459948e+01
   4.8455412e+01
   4.8449687e+01
   4.8442862e+01
   4.8435022e+01
   4.8426253e+01
   4.8416640e+01
   4.8406269e+01
   4.8395223e+01
   4.8383585e+01
   4.8371438e+01
   4.8358862e+01
   4.8345936e+01
   4.8332739e+01
   4.8319346e+01
   4.8305832e+01
   4.8292270e+01
   4.8278731e+01
   4.8265282e+01
   4.8251990e+01
   4.8238920e+01
   4.8226133e+01
   4.8213688e+01
   4.8201641e+01
   4.8190046e+01
   4.8178954e+01
   4.8168413e+01
   4.8158468e+01
   4.8149161e+01
   4.8140531e+01
   4.8132614e+01
   4.8125442e+01
   4.8119044e+01
   4.8113447e+01
   4.8108673e+01
   4.8104741e+01
   4.8101666e+01
   4.8099462e+01
   4.8098137e+01
   4.8097695e+01
