   3.8302890e+01
   3.8302777e+01
   3.8302467e+01
   3.8301949e+01
   3.8301209e+01
   3.8300227e+01
   3.8298975e+01
   3.8297420e+01
   3.8295525e+01
   3.8293244e+01
   3.8290529e+01
   3.8287322e+01
   3.8283565e+01
   3.8279189e+01
   3.8274123e+01
   3.8268291e+01
   3.8261611e+01
   3.8253994e+01
   3.8245351e+01
   3.8235585e+01
   3.8224596e+01
   3.8212278e+01
   3.8198523e+01
   3.8183219e+01
   3.8166250e+01
   3.8147495e+01
   3.8126834e+01
   3.8104139e+01
   3.8079285e+01
   3.8052139e+01
   3.8022570e+01
   3.7990444e+01
   3.7955626e+01
   3.7917979e+01
   3.7877366e+01
   3.7833648e+01
   3.7786689e+01
   3.7736349e+01
   3.7682493e+01
   3.7624984e+01
   3.7563686e+01
   3.7498467e+01
   3.7429196e+01
   3.7355742e+01
   3.7277981e+01
   3.7195789e+01
   3.7109046e+01
   3.7017637e+01
   3.6921450e+01
   3.6820378e+01
   3.6714320e+01
   3.6603179e+01
   3.6486864e+01
   3.6365290e+01
   3.6238377e+01
   3.6106055e+01
   3.5968258e+01
   3.5824928e+01
   3.5676015e+01
   3.5521476e+01
   3.5361277e+01
   3.5195390e+01
   3.5023798e+01
   3.4846491e+01
   3.4663468e+01
   3.4474739e+01
   3.4280319e+01
   3.4080235e+01
   3.3874523e+01
   3.3663226e+01
   3.3446399e+01
   3.3224104e+01
   3.2996414e+01
   3.2763410e+01
   3.2525182e+01
   3.2281830e+01
   3.2033460e+01
   3.1780189e+01
   3.1522142e+01
   3.1259453e+01
   3.0992261e+01
   3.0720716e+01
   3.0444973e+01
   3.0165195e+01
   2.9881552e+01
   2.9594221e+01
   2.9303383e+01
   2.9009226e+01
   2.8711943e+01
   2.8411733e+01
   2.8108797e+01
   2.7803341e+01
   2.7495577e+01
   2.7185716e+01
   2.6873975e+01
   2.6560571e+01
   2.6245725e+01
   2.5929657e+01
   2.5612588e+01
   2.5294742e+01
   2.4976341e+01
   2.4657605e+01
   2.4338757e+01
   2.4020015e+01
   2.3701597e+01
   2.3383720e+01
   2.3066595e+01
   2.2750433e+01
   2.2435440e+01
   2.2121821e+01
   2.1809775e+01
   2.1499497e+01
   2.1191176e+01
   2.0885001e+01
   2.0581150e+01
   2.0279801e+01
   1.9981123e+01
   1.9685281e+01
   1.9392434e+01
   1.9102735e+01
   1.8816331e+01
   1.8533364e+01
   1.8253967e+01
   1.7978269e+01
   1.7706393e+01
   1.7438454e+01
   1.7174563e+01
   1.6914823e+01
   1.6659331e+01
   1.6408179e+01
   1.6161451e+01
   1.5919227e+01
   1.5681580e+01
   1.5448578e+01
   1.5220282e+01
   1.4996749e+01
   1.4778030e+01
   1.4564171e+01
   1.4355214e+01
   1.4151194e+01
   1.3952143e+01
   1.3758088e+01
   1.3569053e+01
   1.3385056e+01
   1.3206113e+01
   1.3032235e+01
   1.2863431e+01
   1.2699705e+01
   1.2541060e+01
   1.2387495e+01
   1.2239008e+01
   1.2095592e+01
   1.1957241e+01
   1.1823946e+01
   1.1695694e+01
   1.1572475e+01
   1.1454273e+01
   1.1341075e+01
   1.1232864e+01
   1.1129625e+01
   1.1031340e+01
   1.0937991e+01
   1.0849562e+01
   1.0766035e+01
   1.0687391e+01
   1.0613615e+01
   1.0544688e+01
   1.0480595e+01
   1.0421320e+01
   1.0366847e+01
   1.0317163e+01
   1.0272253e+01
   1.0232106e+01
   1.0196711e+01
   1.0166056e+01
   1.0140135e+01
   1.0118937e+01
   1.0102459e+01
   1.0090694e+01
   1.0083639e+01
   1.0081291e+01
   1.0083651e+01
   1.0090719e+01
   1.0102497e+01
   1.0118989e+01
   1.0140199e+01
   1.0166134e+01
   1.0196801e+01
   1.0232210e+01
   1.0272370e+01
   1.0317293e+01
   1.0366991e+01
   1.0421478e+01
   1.0480767e+01
   1.0544874e+01
   1.0613815e+01
   1.0687605e+01
   1.0766263e+01
   1.0849805e+01
   1.0938249e+01
   1.1031613e+01
   1.1129914e+01
   1.1233169e+01
   1.1341395e+01
   1.1454610e+01
   1.1572827e+01
   1.1696064e+01
   1.1824332e+01
   1.1957645e+01
   1.2096013e+01
   1.2239447e+01
   1.2387952e+01
   1.2541535e+01
   1.2700199e+01
   1.2863944e+01
   1.3032767e+01
   1.3206665e+01
   1.3385628e+01
   1.3569645e+01
   1.3758701e+01
   1.3952776e+01
   1.4151848e+01
   1.4355889e+01
   1.4564868e+01
   1.4778749e+01
   1.4997490e+01
   1.5221045e+01
   1.5449364e+01
   1.5682389e+01
   1.5920059e+01
   1.6162306e+01
   1.6409058e+01
   1.6660234e+01
   1.6915749e+01
   1.7175513e+01
   1.7439428e+01
   1.7707391e+01
   1.7979291e+01
   1.8255013e+01
   1.8534434e+01
   1.8817426e+01
   1.9103854e+01
   1.9393577e+01
   1.9686448e+01
   1.9982314e+01
   2.0281015e+01
   2.0582388e+01
   2.0886262e+01
   2.1192461e+01
   2.1500804e+01
   2.1811105e+01
   2.2123174e+01
   2.2436815e+01
   2.2751829e+01
   2.3068012e+01
   2.3385158e+01
   2.3703056e+01
   2.4021494e+01
   2.4340255e+01
   2.4659122e+01
   2.4977876e+01
   2.5296295e+01
   2.5614158e+01
   2.5931243e+01
   2.6247327e+01
   2.6562189e+01
   2.6875607e+01
   2.7187361e+01
   2.7497235e+01
   2.7805011e+01
   2.8110477e+01
   2.8413424e+01
   2.8713644e+01
   2.9010935e+01
   2.9305100e+01
   2.9595945e+01
   2.9883283e+01
   3.0166930e+01
   3.0446712e+01
   3.0722458e+01
   3.0994006e+01
   3.1261199e+01
   3.1523889e+01
   3.1781935e+01
   3.2035205e+01
   3.2283572e+01
   3.2526922e+01
   3.2765146e+01
   3.2998145e+01
   3.3225829e+01
   3.3448116e+01
   3.3664936e+01
   3.3876224e+01
   3.4081927e+01
   3.4282000e+01
   3.4476409e+01
   3.4665127e+01
   3.4848136e+01
   3.5025429e+01
   3.5197007e+01
   3.5362879e+01
   3.5523063e+01
   3.5677585e+01
   3.5826481e+01
   3.5969793e+01
   3.6107571e+01
   3.6239874e+01
   3.6366766e+01
   3.6488320e+01
   3.6604614e+01
   3.6715734e+01
   3.6821770e+01
   3.6922819e+01
   3.7018982e+01
   3.7110368e+01
   3.7197087e+01
   3.7279255e+01
   3.7356991e+01
   3.7430419e+01
   3.7499665e+01
   3.7564858e+01
   3.7626129e+01
   3.7683612e+01
   3.7737441e+01
   3.7787754e+01
   3.7834686e+01
   3.7878375e+01
   3.7918961e+01
   3.7956580e+01
   3.7991370e+01
   3.8023467e+01
   3.8053007e+01
   3.8080124e+01
   3.8104950e+01
   3.8127615e+01
   3.8148247e+01
   3.8166972e+01
   3.8183912e+01
   3.8199187e+01
   3.8212912e+01
   3.8225200e+01
   3.8236159e+01
   3.8245896e+01
   3.8254509e+01
   3.8262095e+01
   3.8268745e+01
   3.8274547e+01
   3.8279583e+01
   3.8283928e+01
   3.8287656e+01
   3.8290832e+01
   3.8293517e+01
   3.8295767e+01
   3.8297632e+01
   3.8299157e+01
   3.8300378e+01
   3.8301331e+01
   3.8302040e+01
   3.8302527e+01
   3.8302808e+01
   3.8302890e+01
