   1.1564700e-01
   1.1950702e-01
   1.3083912e-01
   1.4962906e-01
   1.7585587e-01
   2.0949306e-01
   2.5050850e-01
   2.9886393e-01
   3.5451451e-01
   4.1740851e-01
   4.8748725e-01
   5.6468502e-01
   6.4892904e-01
   7.4013949e-01
   8.3822952e-01
   9.4310520e-01
   1.0546655e+00
   1.1728025e+00
   1.2974011e+00
   1.4283391e+00
   1.5654874e+00
   1.7087098e+00
   1.8578630e+00
   2.0127970e+00
   2.1733546e+00
   2.3393717e+00
   2.5106773e+00
   2.6870938e+00
   2.8684365e+00
   3.0545142e+00
   3.2451292e+00
   3.4400771e+00
   3.6391471e+00
   3.8421222e+00
   4.0487792e+00
   4.2588888e+00
   4.4722161e+00
   4.6885202e+00
   4.9075549e+00
   5.1290687e+00
   5.3528050e+00
   5.5785024e+00
   5.8058948e+00
   6.0347120e+00
   6.2646796e+00
   6.4955194e+00
   6.7269501e+00
   6.9586869e+00
   7.1904426e+00
   7.4219275e+00
   7.6528498e+00
   7.8829163e+00
   8.1118323e+00
   8.3393026e+00
   8.5650315e+00
   8.7887233e+00
   9.0100831e+00
   9.2288166e+00
   9.4446314e+00
   9.6572367e+00
   9.8663442e+00
   1.0071669e+01
   1.0272928e+01
   1.0469844e+01
   1.0662144e+01
   1.0849558e+01
   1.1031823e+01
   1.1208682e+01
   1.1379884e+01
   1.1545184e+01
   1.1704346e+01
   1.1857140e+01
   1.2003346e+01
   1.2142751e+01
   1.2275152e+01
   1.2400356e+01
   1.2518180e+01
   1.2628450e+01
   1.2731003e+01
   1.2825689e+01
   1.2912366e+01
   1.2990907e+01
   1.3061196e+01
   1.3123126e+01
   1.3176608e+01
   1.3221560e+01
   1.3257917e+01
   1.3285626e+01
   1.3304644e+01
   1.3314945e+01
   1.3316515e+01
   1.3309352e+01
   1.3293468e+01
   1.3268888e+01
   1.3235651e+01
   1.3193809e+01
   1.3143424e+01
   1.3084575e+01
   1.3017351e+01
   1.2941854e+01
   1.2858198e+01
   1.2766510e+01
   1.2666926e+01
   1.2559596e+01
   1.2444679e+01
   1.2322348e+01
   1.2192782e+01
   1.2056172e+01
   1.1912719e+01
   1.1762633e+01
   1.1606131e+01
   1.1443440e+01
   1.1274794e+01
   1.1100434e+01
   1.0920609e+01
   1.0735574e+01
   1.0545589e+01
   1.0350919e+01
   1.0151835e+01
   9.9486128e+00
   9.7415307e+00
   9.5308711e+00
   9.3169191e+00
   9.0999622e+00
   8.8802899e+00
   8.6581929e+00
   8.4339631e+00
   8.2078928e+00
   7.9802743e+00
   7.7513998e+00
   7.5215602e+00
   7.2910456e+00
   7.0601443e+00
   6.8291426e+00
   6.5983243e+00
   6.3679708e+00
   6.1383601e+00
   5.9097669e+00
   5.6824622e+00
   5.4567129e+00
   5.2327818e+00
   5.0109270e+00
   4.7914019e+00
   4.5744548e+00
   4.3603289e+00
   4.1492618e+00
   3.9414857e+00
   3.7372269e+00
   3.5367058e+00
   3.3401368e+00
   3.1477281e+00
   2.9596816e+00
   2.7761929e+00
   2.5974511e+00
   2.4236387e+00
   2.2549318e+00
   2.0914995e+00
   1.9335047e+00
   1.7811032e+00
   1.6344442e+00
   1.4936702e+00
   1.3589169e+00
   1.2303132e+00
   1.1079812e+00
   9.9203635e-01
   8.8258731e-01
   7.7973598e-01
   6.8357755e-01
   5.9420053e-01
   5.1168673e-01
   4.3611131e-01
   3.6754278e-01
   3.0604304e-01
   2.5166739e-01
   2.0446457e-01
   1.6447673e-01
   1.3173949e-01
   1.0628194e-01
   8.8126672e-02
   7.7289742e-02
   7.3780727e-02
   7.7602703e-02
   8.8752242e-02
   1.0721942e-01
   1.3298781e-01
   1.6603448e-01
   2.0633000e-01
   2.5383839e-01
   3.0851714e-01
   3.7031717e-01
   4.3918285e-01
   5.1505194e-01
   5.9785557e-01
   6.8751825e-01
   7.8395785e-01
   8.8708552e-01
   9.9680576e-01
   1.1130163e+00
   1.2356082e+00
   1.3644658e+00
   1.4994666e+00
   1.6404813e+00
   1.7873740e+00
   1.9400020e+00
   2.0982157e+00
   2.2618590e+00
   2.4307690e+00
   2.6047760e+00
   2.7837038e+00
   2.9673696e+00
   3.1555841e+00
   3.3481516e+00
   3.5448698e+00
   3.7455304e+00
   3.9499189e+00
   4.1578145e+00
   4.3689908e+00
   4.5832156e+00
   4.8002510e+00
   5.0198537e+00
   5.2417752e+00
   5.4657622e+00
   5.6915563e+00
   5.9188948e+00
   6.1475105e+00
   6.3771326e+00
   6.6074863e+00
   6.8382934e+00
   7.0692727e+00
   7.3001403e+00
   7.5306100e+00
   7.7603935e+00
   7.9892008e+00
   8.2167410e+00
   8.4427220e+00
   8.6668516e+00
   8.8888377e+00
   9.1083886e+00
   9.3252136e+00
   9.5390233e+00
   9.7495306e+00
   9.9564504e+00
   1.0159501e+01
   1.0358403e+01
   1.0552882e+01
   1.0742668e+01
   1.0927495e+01
   1.1107104e+01
   1.1281238e+01
   1.1449652e+01
   1.1612103e+01
   1.1768358e+01
   1.1918191e+01
   1.2061384e+01
   1.2197727e+01
   1.2327022e+01
   1.2449076e+01
   1.2563711e+01
   1.2670754e+01
   1.2770048e+01
   1.2861443e+01
   1.2944802e+01
   1.3019999e+01
   1.3086920e+01
   1.3145465e+01
   1.3195544e+01
   1.3237080e+01
   1.3270009e+01
   1.3294282e+01
   1.3309858e+01
   1.3316715e+01
   1.3314840e+01
   1.3304235e+01
   1.3284915e+01
   1.3256908e+01
   1.3220254e+01
   1.3175008e+01
   1.3121237e+01
   1.3059020e+01
   1.2988450e+01
   1.2909632e+01
   1.2822683e+01
   1.2727731e+01
   1.2624917e+01
   1.2514393e+01
   1.2396321e+01
   1.2270875e+01
   1.2138239e+01
   1.1998607e+01
   1.1852181e+01
   1.1699175e+01
   1.1539810e+01
   1.1374314e+01
   1.1202924e+01
   1.1025886e+01
   1.0843451e+01
   1.0655875e+01
   1.0463423e+01
   1.0266364e+01
   1.0064970e+01
   9.8595211e+00
   9.6502984e+00
   9.4375875e+00
   9.2216766e+00
   9.0028565e+00
   8.7814198e+00
   8.5576607e+00
   8.3318741e+00
   8.1043558e+00
   7.8754013e+00
   7.6453059e+00
   7.4143642e+00
   7.1828693e+00
   6.9511129e+00
   6.7193847e+00
   6.4879719e+00
   6.2571589e+00
   6.0272272e+00
   5.7984547e+00
   5.5711157e+00
   5.3454803e+00
   5.1218144e+00
   4.9003792e+00
   4.6814313e+00
   4.4652219e+00
   4.2519972e+00
   4.0419976e+00
   3.8354581e+00
   3.6326078e+00
   3.4336695e+00
   3.2388602e+00
   3.0483904e+00
   2.8624643e+00
   2.6812794e+00
   2.5050268e+00
   2.3338909e+00
   2.1680490e+00
   2.0076721e+00
   1.8529239e+00
   1.7039613e+00
   1.5609344e+00
   1.4239860e+00
   1.2932522e+00
   1.1688618e+00
   1.0509369e+00
   9.3959221e-01
   8.3493556e-01
   7.3706771e-01
   6.4608234e-01
   5.6206611e-01
   4.8509861e-01
   4.1525236e-01
   3.5259287e-01
   2.9717858e-01
   2.4906098e-01
   2.0828471e-01
   1.7488779e-01
   1.4890215e-01
   1.3035408e-01
   1.1926435e-01
   1.1564700e-01
