   2.6522505e+04
   2.6520141e+04
   2.6513044e+04
   2.6501169e+04
   2.6484438e+04
   2.6462745e+04
   2.6435954e+04
   2.6403898e+04
   2.6366384e+04
   2.6323189e+04
   2.6274066e+04
   2.6218739e+04
   2.6156911e+04
   2.6088259e+04
   2.6012441e+04
   2.5929096e+04
   2.5837843e+04
   2.5738286e+04
   2.5630018e+04
   2.5512619e+04
   2.5385662e+04
   2.5248714e+04
   2.5101341e+04
   2.4943108e+04
   2.4773587e+04
   2.4592356e+04
   2.4399006e+04
   2.4193143e+04
   2.3974392e+04
   2.3742404e+04
   2.3496854e+04
   2.3237453e+04
   2.2963947e+04
   2.2676122e+04
   2.2373810e+04
   2.2056892e+04
   2.1725303e+04
   2.1379034e+04
   2.1018140e+04
   2.0642736e+04
   2.0253009e+04
   1.9849215e+04
   1.9431684e+04
   1.9000820e+04
   1.8557106e+04
   1.8101099e+04
   1.7633440e+04
   1.7154843e+04
   1.6666102e+04
   1.6168087e+04
   1.5661741e+04
   1.5148078e+04
   1.4628178e+04
   1.4103186e+04
   1.3574303e+04
   1.3042782e+04
   1.2509921e+04
   1.1977056e+04
   1.1445554e+04
   1.0916805e+04
   1.0392208e+04
   9.8731709e+03
   9.3610927e+03
   8.8573583e+03
   8.3633269e+03
   7.8803225e+03
   7.4096239e+03
   6.9524552e+03
   6.5099761e+03
   6.0832730e+03
   5.6733504e+03
   5.2811234e+03
   4.9074100e+03
   4.5529251e+03
   4.2182751e+03
   3.9039529e+03
   3.6103352e+03
   3.3376794e+03
   3.0861226e+03
   2.8556816e+03
   2.6462536e+03
   2.4576188e+03
   2.2894430e+03
   2.1412824e+03
   2.0125887e+03
   1.9027155e+03
   1.8109253e+03
   1.7363975e+03
   1.6782370e+03
   1.6354832e+03
   1.6071198e+03
   1.5920844e+03
   1.5892793e+03
   1.5975807e+03
   1.6158498e+03
   1.6429422e+03
   1.6777180e+03
   1.7190509e+03
   1.7658371e+03
   1.8170037e+03
   1.8715163e+03
   1.9283857e+03
   1.9866744e+03
   2.0455017e+03
   2.1040481e+03
   2.1615594e+03
   2.2173489e+03
   2.2707994e+03
   2.3213648e+03
   2.3685697e+03
   2.4120094e+03
   2.4513484e+03
   2.4863188e+03
   2.5167176e+03
   2.5424041e+03
   2.5632961e+03
   2.5793661e+03
   2.5906377e+03
   2.5971807e+03
   2.5991066e+03
   2.5965645e+03
   2.5897358e+03
   2.5788300e+03
   2.5640800e+03
   2.5457376e+03
   2.5240694e+03
   2.4993528e+03
   2.4718719e+03
   2.4419144e+03
   2.4097682e+03
   2.3757181e+03
   2.3400438e+03
   2.3030173e+03
   2.2649006e+03
   2.2259448e+03
   2.1863878e+03
   2.1464537e+03
   2.1063522e+03
   2.0662774e+03
   2.0264078e+03
   1.9869061e+03
   1.9479195e+03
   1.9095795e+03
   1.8720026e+03
   1.8352906e+03
   1.7995312e+03
   1.7647992e+03
   1.7311564e+03
   1.6986531e+03
   1.6673287e+03
   1.6372127e+03
   1.6083254e+03
   1.5806789e+03
   1.5542780e+03
   1.5291208e+03
   1.5051999e+03
   1.4825029e+03
   1.4610133e+03
   1.4407109e+03
   1.4215730e+03
   1.4035745e+03
   1.3866886e+03
   1.3708874e+03
   1.3561423e+03
   1.3424245e+03
   1.3297052e+03
   1.3179562e+03
   1.3071499e+03
   1.2972598e+03
   1.2882606e+03
   1.2801284e+03
   1.2728409e+03
   1.2663777e+03
   1.2607202e+03
   1.2558516e+03
   1.2517574e+03
   1.2484251e+03
   1.2458444e+03
   1.2440073e+03
   1.2429081e+03
   1.2425432e+03
   1.2429114e+03
   1.2440139e+03
   1.2458541e+03
   1.2484377e+03
   1.2517726e+03
   1.2558691e+03
   1.2607396e+03
   1.2663985e+03
   1.2728626e+03
   1.2801503e+03
   1.2882823e+03
   1.2972805e+03
   1.3071691e+03
   1.3179731e+03
   1.3297191e+03
   1.3424348e+03
   1.3561483e+03
   1.3708884e+03
   1.3866841e+03
   1.4035640e+03
   1.4215559e+03
   1.4406868e+03
   1.4609817e+03
   1.4824637e+03
   1.5051528e+03
   1.5290658e+03
   1.5542151e+03
   1.5806083e+03
   1.6082473e+03
   1.6371275e+03
   1.6672370e+03
   1.6985555e+03
   1.7310537e+03
   1.7646924e+03
   1.7994214e+03
   1.8351788e+03
   1.8718903e+03
   1.9094682e+03
   1.9478106e+03
   1.9868012e+03
   2.0263085e+03
   2.0661856e+03
   2.1062697e+03
   2.1463823e+03
   2.1863292e+03
   2.2259009e+03
   2.2648731e+03
   2.3030077e+03
   2.3400538e+03
   2.3757490e+03
   2.4098213e+03
   2.4419908e+03
   2.4719724e+03
   2.4994781e+03
   2.5242199e+03
   2.5459133e+03
   2.5642808e+03
   2.5790554e+03
   2.5899850e+03
   2.5968362e+03
   2.5993995e+03
   2.5974928e+03
   2.5909670e+03
   2.5797100e+03
   2.5636518e+03
   2.5427686e+03
   2.5170875e+03
   2.4866904e+03
   2.4517179e+03
   2.4123728e+03
   2.3689228e+03
   2.3217032e+03
   2.2711188e+03
   2.2176449e+03
   2.1618277e+03
   2.1042844e+03
   2.0457017e+03
   1.9868342e+03
   1.9285015e+03
   1.8715846e+03
   1.8170213e+03
   1.7658012e+03
   1.7189589e+03
   1.6775680e+03
   1.6427325e+03
   1.6155794e+03
   1.5972489e+03
   1.5888861e+03
   1.5916302e+03
   1.6066054e+03
   1.6349102e+03
   1.6776074e+03
   1.7357137e+03
   1.8101901e+03
   1.9019324e+03
   2.0117614e+03
   2.1404151e+03
   2.2885401e+03
   2.4566851e+03
   2.6452940e+03
   2.8547013e+03
   3.0851269e+03
   3.3366736e+03
   3.6093248e+03
   3.9029433e+03
   4.2172715e+03
   4.5519328e+03
   4.9064339e+03
   5.2801685e+03
   5.6724213e+03
   6.0823739e+03
   6.5091111e+03
   6.9516279e+03
   7.4088376e+03
   7.8795801e+03
   8.3626310e+03
   8.8567110e+03
   9.3604958e+03
   9.8726257e+03
   1.0391716e+04
   1.0916365e+04
   1.1445168e+04
   1.1976723e+04
   1.2509640e+04
   1.3042553e+04
   1.3574125e+04
   1.4103057e+04
   1.4628096e+04
   1.5148041e+04
   1.5661748e+04
   1.6168135e+04
   1.6666188e+04
   1.7154964e+04
   1.7633594e+04
   1.8101285e+04
   1.8557319e+04
   1.9001058e+04
   1.9431944e+04
   1.9849495e+04
   2.0253306e+04
   2.0643047e+04
   2.1018462e+04
   2.1379366e+04
   2.1725642e+04
   2.2057235e+04
   2.2374156e+04
   2.2676469e+04
   2.2964293e+04
   2.3237797e+04
   2.3497193e+04
   2.3742737e+04
   2.3974719e+04
   2.4193462e+04
   2.4399316e+04
   2.4592657e+04
   2.4773877e+04
   2.4943387e+04
   2.5101608e+04
   2.5248969e+04
   2.5385905e+04
   2.5512850e+04
   2.5630236e+04
   2.5738491e+04
   2.5838035e+04
   2.5929275e+04
   2.6012608e+04
   2.6088412e+04
   2.6157051e+04
   2.6218867e+04
   2.6274182e+04
   2.6323293e+04
   2.6366476e+04
   2.6403978e+04
   2.6436022e+04
   2.6462802e+04
   2.6484483e+04
   2.6501202e+04
   2.6513067e+04
   2.6520152e+04
   2.6522505e+04
