   1.7989787e+02
   1.7992087e+02
   1.7998651e+02
   1.8009448e+02
   1.8024428e+02
   1.8043522e+02
   1.8066647e+02
   1.8093701e+02
   1.8124574e+02
   1.8159145e+02
   1.8197288e+02
   1.8238875e+02
   1.8283780e+02
   1.8331885e+02
   1.8383084e+02
   1.8437288e+02
   1.8494431e+02
   1.8554479e+02
   1.8617431e+02
   1.8683328e+02
   1.8752263e+02
   1.8824381e+02
   1.8899892e+02
   1.8979073e+02
   1.9062281e+02
   1.9149951e+02
   1.9242609e+02
   1.9340874e+02
   1.9445466e+02
   1.9557207e+02
   1.9677029e+02
   1.9805972e+02
   1.9945191e+02
   2.0095952e+02
   2.0259636e+02
   2.0437733e+02
   2.0631841e+02
   2.0843659e+02
   2.1074984e+02
   2.1327698e+02
   2.1603760e+02
   2.1905194e+02
   2.2234075e+02
   2.2592509e+02
   2.2982624e+02
   2.3406538e+02
   2.3866351e+02
   2.4364109e+02
   2.4901792e+02
   2.5481277e+02
   2.6104320e+02
   2.6772525e+02
   2.7487313e+02
   2.8249902e+02
   2.9061271e+02
   2.9922138e+02
   3.0832930e+02
   3.1793761e+02
   3.2804407e+02
   3.3864285e+02
   3.4972435e+02
   3.6127502e+02
   3.7327727e+02
   3.8570937e+02
   3.9854537e+02
   4.1175514e+02
   4.2530439e+02
   4.3915473e+02
   4.5326383e+02
   4.6758559e+02
   4.8207037e+02
   4.9666524e+02
   5.1131434e+02
   5.2595919e+02
   5.4053913e+02
   5.5499173e+02
   5.6925327e+02
   5.8325924e+02
   5.9694482e+02
   6.1024547e+02
   6.2309743e+02
   6.3543826e+02
   6.4720740e+02
   6.5834669e+02
   6.6880087e+02
   6.7851810e+02
   6.8745037e+02
   6.9555397e+02
   7.0278983e+02
   7.0912386e+02
   7.1452728e+02
   7.1897677e+02
   7.2245469e+02
   7.2494921e+02
   7.2645432e+02
   7.2696984e+02
   7.2650136e+02
   7.2506012e+02
   7.2266283e+02
   7.1933142e+02
   7.1509278e+02
   7.0997844e+02
   7.0402420e+02
   6.9726974e+02
   6.8975816e+02
   6.8153561e+02
   6.7265075e+02
   6.6315432e+02
   6.5309865e+02
   6.4253721e+02
   6.3152411e+02
   6.2011366e+02
   6.0835996e+02
   5.9631645e+02
   5.8403554e+02
   5.7156828e+02
   5.5896399e+02
   5.4627000e+02
   5.3353143e+02
   5.2079089e+02
   5.0808839e+02
   4.9546117e+02
   4.8294359e+02
   4.7056706e+02
   4.5836003e+02
   4.4634801e+02
   4.3455353e+02
   4.2299628e+02
   4.1169313e+02
   4.0065831e+02
   3.8990344e+02
   3.7943775e+02
   3.6926821e+02
   3.5939969e+02
   3.4983510e+02
   3.4057566e+02
   3.3162095e+02
   3.2296922e+02
   3.1461744e+02
   3.0656158e+02
   2.9879669e+02
   2.9131712e+02
   2.8411663e+02
   2.7718853e+02
   2.7052584e+02
   2.6412138e+02
   2.5796787e+02
   2.5205806e+02
   2.4638478e+02
   2.4094102e+02
   2.3572000e+02
   2.3071522e+02
   2.2592051e+02
   2.2133002e+02
   2.1693831e+02
   2.1274030e+02
   2.0873134e+02
   2.0490715e+02
   2.0126387e+02
   1.9779803e+02
   1.9450651e+02
   1.9138658e+02
   1.8843585e+02
   1.8565222e+02
   1.8303392e+02
   1.8057944e+02
   1.7828751e+02
   1.7615710e+02
   1.7418736e+02
   1.7237763e+02
   1.7072737e+02
   1.6923621e+02
   1.6790385e+02
   1.6673008e+02
   1.6571478e+02
   1.6485786e+02
   1.6415928e+02
   1.6361901e+02
   1.6323704e+02
   1.6301337e+02
   1.6294802e+02
   1.6304096e+02
   1.6329221e+02
   1.6370174e+02
   1.6426956e+02
   1.6499566e+02
   1.6588006e+02
   1.6692279e+02
   1.6812393e+02
   1.6948361e+02
   1.7100202e+02
   1.7267943e+02
   1.7451623e+02
   1.7651293e+02
   1.7867018e+02
   1.8098881e+02
   1.8346986e+02
   1.8611455e+02
   1.8892440e+02
   1.9190115e+02
   1.9504688e+02
   1.9836396e+02
   2.0185512e+02
   2.0552342e+02
   2.0937232e+02
   2.1340567e+02
   2.1762769e+02
   2.2204304e+02
   2.2665673e+02
   2.3147419e+02
   2.3650123e+02
   2.4174398e+02
   2.4720891e+02
   2.5290275e+02
   2.5883248e+02
   2.6500521e+02
   2.7142816e+02
   2.7810856e+02
   2.8505354e+02
   2.9227004e+02
   2.9976469e+02
   3.0754367e+02
   3.1561260e+02
   3.2397636e+02
   3.3263895e+02
   3.4160332e+02
   3.5087118e+02
   3.6044289e+02
   3.7031721e+02
   3.8049114e+02
   3.9095977e+02
   4.0171610e+02
   4.1275086e+02
   4.2405236e+02
   4.3560637e+02
   4.4739597e+02
   4.5940144e+02
   4.7160022e+02
   4.8396680e+02
   4.9647272e+02
   5.0908654e+02
   5.2177392e+02
   5.3449762e+02
   5.4721767e+02
   5.5989145e+02
   5.7247390e+02
   5.8491772e+02
   5.9717363e+02
   6.0919066e+02
   6.2091645e+02
   6.3229763e+02
   6.4328020e+02
   6.5380993e+02
   6.6383281e+02
   6.7329548e+02
   6.8214572e+02
   6.9033292e+02
   6.9780852e+02
   7.0452652e+02
   7.1044394e+02
   7.1552124e+02
   7.1972277e+02
   7.2301712e+02
   7.2537756e+02
   7.2678227e+02
   7.2721471e+02
   7.2666375e+02
   7.2512394e+02
   7.2259557e+02
   7.1908479e+02
   7.1460353e+02
   7.0916954e+02
   7.0280622e+02
   6.9554247e+02
   6.8741243e+02
   6.7845523e+02
   6.6871466e+02
   6.5823875e+02
   6.4707940e+02
   6.3529188e+02
   6.2293437e+02
   6.1006741e+02
   5.9675344e+02
   5.8305621e+02
   5.6904022e+02
   5.5477025e+02
   5.4031076e+02
   5.2572541e+02
   5.1107657e+02
   4.9642483e+02
   4.8182858e+02
   4.6734362e+02
   4.5302278e+02
   4.3891561e+02
   4.2506812e+02
   4.1152256e+02
   3.9831721e+02
   3.8548627e+02
   3.7305978e+02
   3.6106361e+02
   3.4951940e+02
   3.3844465e+02
   3.2785284e+02
   3.1775349e+02
   3.0815236e+02
   2.9905163e+02
   2.9045010e+02
   2.8234344e+02
   2.7472443e+02
   2.6758322e+02
   2.6090764e+02
   2.5468340e+02
   2.4889446e+02
   2.4352324e+02
   2.3855094e+02
   2.3395779e+02
   2.2972329e+02
   2.2582646e+02
   2.2224610e+02
   2.1896098e+02
   2.1595002e+02
   2.1319249e+02
   2.1066817e+02
   2.0835749e+02
   2.0624165e+02
   2.0430271e+02
   2.0252368e+02
   2.0088863e+02
   1.9938266e+02
   1.9799200e+02
   1.9670401e+02
   1.9550716e+02
   1.9439107e+02
   1.9334645e+02
   1.9236509e+02
   1.9143982e+02
   1.9056446e+02
   1.8973376e+02
   1.8894338e+02
   1.8818979e+02
   1.8747021e+02
   1.8678255e+02
   1.8612537e+02
   1.8549775e+02
   1.8489927e+02
   1.8432995e+02
   1.8379015e+02
   1.8328051e+02
   1.8280191e+02
   1.8235542e+02
   1.8194222e+02
   1.8156356e+02
   1.8122070e+02
   1.8091491e+02
   1.8064738e+02
   1.8041921e+02
   1.8023140e+02
   1.8008478e+02
   1.7998002e+02
   1.7991762e+02
   1.7989787e+02
