   6.4741591e+02
   6.4765562e+02
   6.4838229e+02
   6.4959696e+02
   6.5130139e+02
   6.5349802e+02
   6.5618999e+02
   6.5938114e+02
   6.6307603e+02
   6.6727996e+02
   6.7199898e+02
   6.7723988e+02
   6.8301025e+02
   6.8931842e+02
   6.9617353e+02
   7.0358550e+02
   7.1156504e+02
   7.2012360e+02
   7.2927342e+02
   7.3902742e+02
   7.4939923e+02
   7.6040308e+02
   7.7205377e+02
   7.8436656e+02
   7.9735704e+02
   8.1104108e+02
   8.2543460e+02
   8.4055345e+02
   8.5641317e+02
   8.7302882e+02
   8.9041468e+02
   9.0858399e+02
   9.2754865e+02
   9.4731888e+02
   9.6790283e+02
   9.8930622e+02
   1.0115319e+03
   1.0345795e+03
   1.0584447e+03
   1.0831191e+03
   1.1085895e+03
   1.1348375e+03
   1.1618388e+03
   1.1895630e+03
   1.2179729e+03
   1.2470241e+03
   1.2766644e+03
   1.3068336e+03
   1.3374630e+03
   1.3684751e+03
   1.3997834e+03
   1.4312921e+03
   1.4628961e+03
   1.4944809e+03
   1.5259229e+03
   1.5570895e+03
   1.5878390e+03
   1.6180221e+03
   1.6474812e+03
   1.6760522e+03
   1.7035647e+03
   1.7298432e+03
   1.7547085e+03
   1.7779783e+03
   1.7994693e+03
   1.8189981e+03
   1.8363836e+03
   1.8514475e+03
   1.8640175e+03
   1.8739277e+03
   1.8810219e+03
   1.8851541e+03
   1.8861915e+03
   1.8840157e+03
   1.8785248e+03
   1.8696347e+03
   1.8572813e+03
   1.8414213e+03
   1.8220340e+03
   1.7991221e+03
   1.7727127e+03
   1.7428576e+03
   1.7096344e+03
   1.6731460e+03
   1.6335205e+03
   1.5909113e+03
   1.5454956e+03
   1.4974741e+03
   1.4470691e+03
   1.3945234e+03
   1.3400981e+03
   1.2840709e+03
   1.2267335e+03
   1.1683890e+03
   1.1093498e+03
   1.0499342e+03
   9.9046362e+02
   9.3126003e+02
   8.7264250e+02
   8.1492442e+02
   7.5841052e+02
   7.0339404e+02
   6.5015399e+02
   5.9895261e+02
   5.5003293e+02
   5.0361668e+02
   4.5990232e+02
   4.1906346e+02
   3.8124744e+02
   3.4657431e+02
   3.1513610e+02
   2.8699638e+02
   2.6219014e+02
   2.4072402e+02
   2.2257682e+02
   2.0770032e+02
   1.9602032e+02
   1.8743803e+02
   1.8183163e+02
   1.7905806e+02
   1.7895499e+02
   1.8134294e+02
   1.8602753e+02
   1.9280182e+02
   2.0144871e+02
   2.1174337e+02
   2.2345567e+02
   2.3635257e+02
   2.5020049e+02
   2.6476754e+02
   2.7982572e+02
   2.9515295e+02
   3.1053492e+02
   3.2576689e+02
   3.4065523e+02
   3.5501878e+02
   3.6869009e+02
   3.8151643e+02
   3.9336057e+02
   4.0410146e+02
   4.1363462e+02
   4.2187242e+02
   4.2874419e+02
   4.3419609e+02
   4.3819090e+02
   4.4070762e+02
   4.4174101e+02
   4.4130087e+02
   4.3941137e+02
   4.3611023e+02
   4.3144777e+02
   4.2548594e+02
   4.1829737e+02
   4.0996422e+02
   4.0057718e+02
   3.9023432e+02
   3.7903999e+02
   3.6710376e+02
   3.5453929e+02
   3.4146331e+02
   3.2799455e+02
   3.1425280e+02
   3.0035788e+02
   2.8642877e+02
   2.7258275e+02
   2.5893454e+02
   2.4559557e+02
   2.3267326e+02
   2.2027034e+02
   2.0848425e+02
   1.9740657e+02
   1.8712254e+02
   1.7771059e+02
   1.6924192e+02
   1.6178015e+02
   1.5538101e+02
   1.5009206e+02
   1.4595248e+02
   1.4299286e+02
   1.4123509e+02
   1.4069223e+02
   1.4136844e+02
   1.4325900e+02
   1.4635029e+02
   1.5061989e+02
   1.5603666e+02
   1.6256090e+02
   1.7014451e+02
   1.7873126e+02
   1.8825704e+02
   1.9865018e+02
   2.0983181e+02
   2.2171626e+02
   2.3421154e+02
   2.4721984e+02
   2.6063809e+02
   2.7435857e+02
   2.8826956e+02
   3.0225609e+02
   3.1620069e+02
   3.2998422e+02
   3.4348671e+02
   3.5658832e+02
   3.6917026e+02
   3.8111581e+02
   3.9231134e+02
   4.0264740e+02
   4.1201975e+02
   4.2033051e+02
   4.2748922e+02
   4.3341399e+02
   4.3803249e+02
   4.4128313e+02
   4.4311595e+02
   4.4349368e+02
   4.4239260e+02
   4.3980339e+02
   4.3573182e+02
   4.3019941e+02
   4.2324394e+02
   4.1491982e+02
   4.0529831e+02
   3.9446764e+02
   3.8253285e+02
   3.6961560e+02
   3.5585370e+02
   3.4140044e+02
   3.2642382e+02
   3.1110551e+02
   2.9563965e+02
   2.8023145e+02
   2.6509562e+02
   2.5045465e+02
   2.3653687e+02
   2.2357446e+02
   2.1180125e+02
   2.0145047e+02
   1.9275238e+02
   1.8593189e+02
   1.8120615e+02
   1.7878204e+02
   1.7885389e+02
   1.8160102e+02
   1.8718559e+02
   1.9575043e+02
   2.0741709e+02
   2.2228405e+02
   2.4042515e+02
   2.6188824e+02
   2.8669411e+02
   3.1483571e+02
   3.4627759e+02
   3.8095574e+02
   4.1877770e+02
   4.5962296e+02
   5.0334374e+02
   5.4976603e+02
   5.9869095e+02
   6.4989641e+02
   7.0313902e+02
   7.5815625e+02
   8.1466881e+02
   8.7238324e+02
   9.3099460e+02
   9.9018937e+02
   1.0496483e+03
   1.1090496e+03
   1.1680717e+03
   1.2263961e+03
   1.2837109e+03
   1.3397129e+03
   1.3941105e+03
   1.4466264e+03
   1.4969996e+03
   1.5449876e+03
   1.5903683e+03
   1.6329413e+03
   1.6725298e+03
   1.7089808e+03
   1.7421663e+03
   1.7719838e+03
   1.7983563e+03
   1.8212320e+03
   1.8405842e+03
   1.8564106e+03
   1.8687321e+03
   1.8775923e+03
   1.8830556e+03
   1.8852062e+03
   1.8841462e+03
   1.8799942e+03
   1.8728833e+03
   1.8629593e+03
   1.8503788e+03
   1.8353074e+03
   1.8179178e+03
   1.7983879e+03
   1.7768992e+03
   1.7536348e+03
   1.7287780e+03
   1.7025108e+03
   1.6750126e+03
   1.6464586e+03
   1.6170190e+03
   1.5868580e+03
   1.5561326e+03
   1.5249924e+03
   1.4935786e+03
   1.4620236e+03
   1.4304510e+03
   1.3989751e+03
   1.3677006e+03
   1.3367232e+03
   1.3061293e+03
   1.2759961e+03
   1.2463922e+03
   1.2173775e+03
   1.1890042e+03
   1.1613164e+03
   1.1343512e+03
   1.1081389e+03
   1.0827036e+03
   1.0580635e+03
   1.0342319e+03
   1.0112169e+03
   9.8902283e+02
   9.6764990e+02
   9.4709521e+02
   9.2735297e+02
   9.0841495e+02
   8.9027089e+02
   8.7290884e+02
   8.5631554e+02
   8.4047666e+02
   8.2537715e+02
   8.1100142e+02
   7.9733364e+02
   7.8435788e+02
   7.7205830e+02
   7.6041931e+02
   7.4942566e+02
   7.3906261e+02
   7.2931595e+02
   7.2017209e+02
   7.1161815e+02
   7.0364196e+02
   6.9623211e+02
   6.8937795e+02
   6.8306963e+02
   6.7729808e+02
   6.7205504e+02
   6.6733300e+02
   6.6312524e+02
   6.5942581e+02
   6.5622948e+02
   6.5353178e+02
   6.5132896e+02
   6.4961796e+02
   6.4839644e+02
   6.4766275e+02
   6.4741591e+02
