   1.3499133e+03
   1.3500665e+03
   1.3504857e+03
   1.3511915e+03
   1.3522183e+03
   1.3536143e+03
   1.3554412e+03
   1.3577744e+03
   1.3607028e+03
   1.3643287e+03
   1.3687676e+03
   1.3741478e+03
   1.3806104e+03
   1.3883089e+03
   1.3974083e+03
   1.4080849e+03
   1.4205257e+03
   1.4349269e+03
   1.4514937e+03
   1.4704386e+03
   1.4919800e+03
   1.5163413e+03
   1.5437484e+03
   1.5744281e+03
   1.6086062e+03
   1.6465045e+03
   1.6883389e+03
   1.7343163e+03
   1.7846317e+03
   1.8394649e+03
   1.8989776e+03
   1.9633095e+03
   2.0325752e+03
   2.1068604e+03
   2.1862184e+03
   2.2706664e+03
   2.3601823e+03
   2.4547012e+03
   2.5541120e+03
   2.6582553e+03
   2.7669201e+03
   2.8798422e+03
   2.9967025e+03
   3.1171259e+03
   3.2406810e+03
   3.3668801e+03
   3.4951805e+03
   3.6249863e+03
   3.7556508e+03
   3.8864802e+03
   4.0167378e+03
   4.1456494e+03
   4.2724095e+03
   4.3961879e+03
   4.5161377e+03
   4.6314036e+03
   4.7411311e+03
   4.8444758e+03
   4.9406139e+03
   5.0287517e+03
   5.1081368e+03
   5.1780678e+03
   5.2379048e+03
   5.2870787e+03
   5.3251010e+03
   5.3515714e+03
   5.3661858e+03
   5.3687425e+03
   5.3591473e+03
   5.3374172e+03
   5.3036828e+03
   5.2581885e+03
   5.2012919e+03
   5.1334611e+03
   5.0552697e+03
   4.9673915e+03
   4.8705923e+03
   4.7657208e+03
   4.6536980e+03
   4.5355058e+03
   4.4121737e+03
   4.2847651e+03
   4.1543638e+03
   4.0220587e+03
   3.8889293e+03
   3.7560317e+03
   3.6243839e+03
   3.4949527e+03
   3.3686415e+03
   3.2462786e+03
   3.1286075e+03
   3.0162785e+03
   2.9098414e+03
   2.8097410e+03
   2.7163138e+03
   2.6297862e+03
   2.5502753e+03
   2.4777909e+03
   2.4122399e+03
   2.3534311e+03
   2.3010828e+03
   2.2548310e+03
   2.2142384e+03
   2.1788052e+03
   2.1479796e+03
   2.1211694e+03
   2.0977534e+03
   2.0770932e+03
   2.0585445e+03
   2.0414679e+03
   2.0252394e+03
   2.0092599e+03
   1.9929640e+03
   1.9758276e+03
   1.9573742e+03
   1.9371806e+03
   1.9148813e+03
   1.8901707e+03
   1.8628059e+03
   1.8326064e+03
   1.7994543e+03
   1.7632926e+03
   1.7241226e+03
   1.6820012e+03
   1.6370363e+03
   1.5893828e+03
   1.5392373e+03
   1.4868329e+03
   1.4324336e+03
   1.3763285e+03
   1.3188260e+03
   1.2602487e+03
   1.2009269e+03
   1.1411946e+03
   1.0813837e+03
   1.0218198e+03
   9.6281825e+02
   9.0468010e+02
   8.4768927e+02
   7.9210965e+02
   7.3818291e+02
   6.8612676e+02
   6.3613360e+02
   5.8836973e+02
   5.4297482e+02
   5.0006191e+02
   4.5971767e+02
   4.2200298e+02
   3.8695379e+02
   3.5458228e+02
   3.2487812e+02
   2.9780997e+02
   2.7332706e+02
   2.5136093e+02
   2.3182719e+02
   2.1462734e+02
   1.9965057e+02
   1.8677564e+02
   1.7587262e+02
   1.6680470e+02
   1.5942986e+02
   1.5360247e+02
   1.4917494e+02
   1.4599906e+02
   1.4392749e+02
   1.4281501e+02
   1.4251971e+02
   1.4290409e+02
   1.4383613e+02
   1.4519014e+02
   1.4684765e+02
   1.4869815e+02
   1.5063974e+02
   1.5257975e+02
   1.5443523e+02
   1.5613343e+02
   1.5761215e+02
   1.5882007e+02
   1.5971699e+02
   1.6027406e+02
   1.6047386e+02
   1.6031054e+02
   1.5978980e+02
   1.5892889e+02
   1.5775652e+02
   1.5631274e+02
   1.5464869e+02
   1.5282642e+02
   1.5091852e+02
   1.4900775e+02
   1.4718662e+02
   1.4555684e+02
   1.4422876e+02
   1.4332067e+02
   1.4295808e+02
   1.4327284e+02
   1.4440227e+02
   1.4648813e+02
   1.4967550e+02
   1.5411157e+02
   1.5994443e+02
   1.6732158e+02
   1.7638856e+02
   1.8728734e+02
   2.0015474e+02
   2.1512067e+02
   2.3230644e+02
   2.5182294e+02
   2.7376882e+02
   2.9822863e+02
   3.2527108e+02
   3.5494717e+02
   3.8728858e+02
   4.2230598e+02
   4.5998761e+02
   5.0029794e+02
   5.4317656e+02
   5.8853731e+02
   6.3626768e+02
   6.8622853e+02
   7.3825411e+02
   7.9215258e+02
   8.4770676e+02
   9.0467552e+02
   9.6279544e+02
   1.0217831e+03
   1.0813378e+03
   1.1411445e+03
   1.2008779e+03
   1.2602063e+03
   1.3187959e+03
   1.3763162e+03
   1.4324447e+03
   1.4868727e+03
   1.5393107e+03
   1.5894945e+03
   1.6371905e+03
   1.6822013e+03
   1.7243714e+03
   1.7635922e+03
   1.7998059e+03
   1.8330102e+03
   1.8632614e+03
   1.8906764e+03
   1.9154346e+03
   1.9377783e+03
   1.9580119e+03
   1.9765004e+03
   1.9936661e+03
   2.0099849e+03
   2.0259805e+03
   2.0422180e+03
   2.0592962e+03
   2.0778392e+03
   2.0984865e+03
   2.1218827e+03
   2.1486668e+03
   2.1794606e+03
   2.2148571e+03
   2.2554092e+03
   2.3016180e+03
   2.3539217e+03
   2.4126859e+03
   2.4781938e+03
   2.5506377e+03
   2.6301125e+03
   2.7166097e+03
   2.8100137e+03
   2.9100991e+03
   3.0165310e+03
   3.1288655e+03
   3.2465534e+03
   3.3689455e+03
   3.4952986e+03
   3.6247846e+03
   3.7565002e+03
   3.8894784e+03
   4.0227005e+03
   4.1551100e+03
   4.2856263e+03
   4.4131592e+03
   4.5366240e+03
   4.6549554e+03
   4.7671222e+03
   4.8721411e+03
   4.9690888e+03
   5.0571150e+03
   5.1354516e+03
   5.2034233e+03
   5.2604541e+03
   5.3060745e+03
   5.3399250e+03
   5.3617596e+03
   5.3714463e+03
   5.3689669e+03
   5.3544145e+03
   5.3279900e+03
   5.2899969e+03
   5.2408349e+03
   5.1809926e+03
   5.1110390e+03
   5.0316143e+03
   4.9434203e+03
   4.8472103e+03
   4.7437786e+03
   4.6339502e+03
   4.5185705e+03
   4.3984954e+03
   4.2745815e+03
   4.1476772e+03
   4.0186140e+03
   3.8881992e+03
   3.7572085e+03
   3.6263799e+03
   3.4964089e+03
   3.3679434e+03
   3.2415810e+03
   3.1178654e+03
   2.9972856e+03
   2.8802740e+03
   2.7672068e+03
   2.6584039e+03
   2.5541303e+03
   2.4545974e+03
   2.3599653e+03
   2.2703454e+03
   2.1858028e+03
   2.1063599e+03
   2.0319994e+03
   1.9626681e+03
   1.8982799e+03
   1.8387202e+03
   1.7838489e+03
   1.7335040e+03
   1.6875052e+03
   1.6456571e+03
   1.6077523e+03
   1.5735745e+03
   1.5429012e+03
   1.5155063e+03
   1.4911623e+03
   1.4696427e+03
   1.4507239e+03
   1.4341868e+03
   1.4198185e+03
   1.4074133e+03
   1.3967746e+03
   1.3877152e+03
   1.3800583e+03
   1.3736386e+03
   1.3683025e+03
   1.3639085e+03
   1.3603282e+03
   1.3574459e+03
   1.3551591e+03
   1.3533789e+03
   1.3520299e+03
   1.3510500e+03
   1.3503913e+03
   1.3500193e+03
   1.3499133e+03
