   2.1031215e-10
   1.5237503e-08
   5.7575277e-08
   1.2760436e-07
   2.2524664e-07
   3.5038497e-07
   5.0286828e-07
   6.8251231e-07
   8.8909992e-07
   1.1223814e-06
   1.3820746e-06
   1.6678657e-06
   1.9794089e-06
   2.3163276e-06
   2.6782142e-06
   3.0646310e-06
   3.4751105e-06
   3.9091560e-06
   4.3662423e-06
   4.8458160e-06
   5.3472968e-06
   5.8700773e-06
   6.4135246e-06
   6.9769804e-06
   7.5597621e-06
   8.1611635e-06
   8.7804558e-06
   9.4168884e-06
   1.0069689e-05
   1.0738067e-05
   1.1421211e-05
   1.2118292e-05
   1.2828465e-05
   1.3550866e-05
   1.4284619e-05
   1.5028834e-05
   1.5782604e-05
   1.6545016e-05
   1.7315141e-05
   1.8092044e-05
   1.8874779e-05
   1.9662395e-05
   2.0453933e-05
   2.1248429e-05
   2.2044917e-05
   2.2842426e-05
   2.3639985e-05
   2.4436621e-05
   2.5231364e-05
   2.6023245e-05
   2.6811298e-05
   2.7594561e-05
   2.8372079e-05
   2.9142903e-05
   2.9906092e-05
   3.0660713e-05
   3.1405844e-05
   3.2140576e-05
   3.2864010e-05
   3.3575262e-05
   3.4273461e-05
   3.4957755e-05
   3.5627305e-05
   3.6281293e-05
   3.6918917e-05
   3.7539398e-05
   3.8141975e-05
   3.8725911e-05
   3.9290489e-05
   3.9835019e-05
   4.0358832e-05
   4.0861288e-05
   4.1341768e-05
   4.1799686e-05
   4.2234478e-05
   4.2645612e-05
   4.3032584e-05
   4.3394917e-05
   4.3732169e-05
   4.4043925e-05
   4.4329802e-05
   4.4589449e-05
   4.4822548e-05
   4.5028813e-05
   4.5207990e-05
   4.5359860e-05
   4.5484235e-05
   4.5580964e-05
   4.5649927e-05
   4.5691040e-05
   4.5704252e-05
   4.5689547e-05
   4.5646944e-05
   4.5576494e-05
   4.5478284e-05
   4.5352436e-05
   4.5199102e-05
   4.5018473e-05
   4.4810769e-05
   4.4576246e-05
   4.4315192e-05
   4.4027927e-05
   4.3714804e-05
   4.3376208e-05
   4.3012553e-05
   4.2624287e-05
   4.2211885e-05
   4.1775854e-05
   4.1316728e-05
   4.0835071e-05
   4.0331474e-05
   3.9806553e-05
   3.9260952e-05
   3.8695340e-05
   3.8110411e-05
   3.7506879e-05
   3.6885486e-05
   3.6246991e-05
   3.5592177e-05
   3.4921845e-05
   3.4236815e-05
   3.3537925e-05
   3.2826030e-05
   3.2102001e-05
   3.1366723e-05
   3.0621094e-05
   2.9866026e-05
   2.9102440e-05
   2.8331269e-05
   2.7553456e-05
   2.6769948e-05
   2.5981702e-05
   2.5189680e-05
   2.4394847e-05
   2.3598173e-05
   2.2800628e-05
   2.2003184e-05
   2.1206813e-05
   2.0412484e-05
   1.9621165e-05
   1.8833818e-05
   1.8051401e-05
   1.7274866e-05
   1.6505157e-05
   1.5743211e-05
   1.4989953e-05
   1.4246298e-05
   1.3513149e-05
   1.2791398e-05
   1.2081919e-05
   1.1385576e-05
   1.0703211e-05
   1.0035653e-05
   9.3837125e-06
   8.7481790e-06
   8.1298231e-06
   7.5293945e-06
   6.9476205e-06
   6.3852061e-06
   5.8428325e-06
   5.3211565e-06
   4.8208097e-06
   4.3423978e-06
   3.8864998e-06
   3.4536676e-06
   3.0444247e-06
   2.6592663e-06
   2.2986583e-06
   1.9630368e-06
   1.6528077e-06
   1.3683461e-06
   1.1099959e-06
   8.7806951e-07
   6.7284726e-07
   4.9457722e-07
   3.4347484e-07
   2.1972269e-07
   1.2347016e-07
   5.4832795e-08
   1.3887038e-08
   3.8034823e-10
   1.5276260e-08
   5.7609533e-08
   1.2763169e-07
   2.2526418e-07
   3.5038987e-07
   5.0285781e-07
   6.8248385e-07
   8.8905099e-07
   1.1223096e-06
   1.3819778e-06
   1.6677417e-06
   1.9792559e-06
   2.3161437e-06
   2.6779979e-06
   3.0643808e-06
   3.4748252e-06
   3.9088344e-06
   4.3658836e-06
   4.8454195e-06
   5.3468618e-06
   5.8696036e-06
   6.4130120e-06
   6.9764289e-06
   7.5591719e-06
   8.1605352e-06
   8.7797899e-06
   9.4161855e-06
   1.0068951e-05
   1.0737294e-05
   1.1420404e-05
   1.2117454e-05
   1.2827596e-05
   1.3549969e-05
   1.4283696e-05
   1.5027886e-05
   1.5781635e-05
   1.6544027e-05
   1.7314136e-05
   1.8091025e-05
   1.8873749e-05
   1.9661357e-05
   2.0452890e-05
   2.1247385e-05
   2.2043875e-05
   2.2841389e-05
   2.3638956e-05
   2.4435604e-05
   2.5230363e-05
   2.6022263e-05
   2.6810339e-05
   2.7593629e-05
   2.8371177e-05
   2.9142035e-05
   2.9905261e-05
   3.0659923e-05
   3.1405100e-05
   3.2139880e-05
   3.2863366e-05
   3.3574674e-05
   3.4272932e-05
   3.4957288e-05
   3.5626904e-05
   3.6280961e-05
   3.6918657e-05
   3.7539212e-05
   3.8141867e-05
   3.8725883e-05
   3.9290544e-05
   3.9835158e-05
   4.0359059e-05
   4.0861603e-05
   4.1342176e-05
   4.1800186e-05
   4.2235072e-05
   4.2646302e-05
   4.3033370e-05
   4.3395802e-05
   4.3733152e-05
   4.4045007e-05
   4.4330983e-05
   4.4590730e-05
   4.4823929e-05
   4.5030292e-05
   4.5209568e-05
   4.5361535e-05
   4.5486008e-05
   4.5582832e-05
   4.5651890e-05
   4.5693095e-05
   4.5706399e-05
   4.5691783e-05
   4.5649267e-05
   4.5578902e-05
   4.5480774e-05
   4.5355005e-05
   4.5201749e-05
   4.5021193e-05
   4.4813560e-05
   4.4579104e-05
   4.4318114e-05
   4.4030909e-05
   4.3717843e-05
   4.3379299e-05
   4.3015693e-05
   4.2627471e-05
   4.2215110e-05
   4.1779115e-05
   4.1320022e-05
   4.0838393e-05
   4.0334819e-05
   3.9809917e-05
   3.9264331e-05
   3.8698729e-05
   3.8113805e-05
   3.7510275e-05
   3.6888879e-05
   3.6250376e-05
   3.5595550e-05
   3.4925201e-05
   3.4240151e-05
   3.3541236e-05
   3.2829313e-05
   3.2105251e-05
   3.1369936e-05
   3.0624267e-05
   2.9869154e-05
   2.9105520e-05
   2.8334299e-05
   2.7556430e-05
   2.6772865e-05
   2.5984558e-05
   2.5192473e-05
   2.4397574e-05
   2.3600831e-05
   2.2803215e-05
   2.2005698e-05
   2.1209252e-05
   2.0414846e-05
   1.9623448e-05
   1.8836022e-05
   1.8053524e-05
   1.7276907e-05
   1.6507116e-05
   1.5745087e-05
   1.4991745e-05
   1.4248007e-05
   1.3514775e-05
   1.2792940e-05
   1.2083379e-05
   1.1386953e-05
   1.0704508e-05
   1.0036870e-05
   9.3848504e-06
   8.7492395e-06
   8.1308078e-06
   7.5303051e-06
   6.9484590e-06
   6.3859745e-06
   5.8435330e-06
   5.3217914e-06
   4.8213816e-06
   4.3429094e-06
   3.8869538e-06
   3.4540667e-06
   3.0447720e-06
   2.6595648e-06
   2.2989111e-06
   1.9632471e-06
   1.6529787e-06
   1.3684811e-06
   1.1100983e-06
   8.7814270e-07
   6.7289457e-07
   4.9460204e-07
   3.4348055e-07
   2.1971264e-07
   1.2344763e-07
   5.4800863e-08
   1.3847569e-08
   2.1031215e-10
