   1.1077205e+02
   1.1119230e+02
   1.1242685e+02
   1.1447662e+02
   1.1734314e+02
   1.2102847e+02
   1.2553516e+02
   1.3086615e+02
   1.3702466e+02
   1.4401406e+02
   1.5183776e+02
   1.6049900e+02
   1.7000069e+02
   1.8034524e+02
   1.9153429e+02
   2.0356853e+02
   2.1644741e+02
   2.3016896e+02
   2.4472946e+02
   2.6012319e+02
   2.7634216e+02
   2.9337583e+02
   3.1121082e+02
   3.2983063e+02
   3.4921536e+02
   3.6934143e+02
   3.9018136e+02
   4.1170347e+02
   4.3387168e+02
   4.5664531e+02
   4.7997886e+02
   5.0382190e+02
   5.2811892e+02
   5.5280926e+02
   5.7782705e+02
   6.0310124e+02
   6.2855562e+02
   6.5410893e+02
   6.7967502e+02
   7.0516306e+02
   7.3047782e+02
   7.5551998e+02
   7.8018656e+02
   8.0437135e+02
   8.2796545e+02
   8.5085783e+02
   8.7293600e+02
   8.9408672e+02
   9.1419671e+02
   9.3315351e+02
   9.5084627e+02
   9.6716672e+02
   9.8201003e+02
   9.9527577e+02
   1.0068689e+03
   1.0167007e+03
   1.0246897e+03
   1.0307629e+03
   1.0348562e+03
   1.0369158e+03
   1.0368988e+03
   1.0347740e+03
   1.0305226e+03
   1.0241389e+03
   1.0156310e+03
   1.0050209e+03
   9.9234517e+02
   9.7765500e+02
   9.6101638e+02
   9.4251002e+02
   9.2223124e+02
   9.0028965e+02
   8.7680870e+02
   8.5192510e+02
   8.2578814e+02
   7.9855882e+02
   7.7040883e+02
   7.4151954e+02
   7.1208071e+02
   6.8228920e+02
   6.5234756e+02
   6.2246255e+02
   5.9284357e+02
   5.6370107e+02
   5.3524492e+02
   5.0768272e+02
   4.8121820e+02
   4.5604957e+02
   4.3236789e+02
   4.1035555e+02
   3.9018479e+02
   3.7201632e+02
   3.5599799e+02
   3.4226365e+02
   3.3093206e+02
   3.2210604e+02
   3.1587161e+02
   3.1229747e+02
   3.1143448e+02
   3.1331542e+02
   3.1795484e+02
   3.2534911e+02
   3.3547664e+02
   3.4829825e+02
   3.6375767e+02
   3.8178223e+02
   4.0228368e+02
   4.2515908e+02
   4.5029190e+02
   4.7755311e+02
   5.0680248e+02
   5.3788983e+02
   5.7065643e+02
   6.0493638e+02
   6.4055807e+02
   6.7734561e+02
   7.1512025e+02
   7.5370181e+02
   7.9291010e+02
   8.3256620e+02
   8.7249377e+02
   9.1252027e+02
   9.5247809e+02
   9.9220559e+02
   1.0315481e+03
   1.0703586e+03
   1.1084989e+03
   1.1458396e+03
   1.1822615e+03
   1.2176552e+03
   1.2519220e+03
   1.2849738e+03
   1.3167335e+03
   1.3471348e+03
   1.3761223e+03
   1.4036512e+03
   1.4296872e+03
   1.4542063e+03
   1.4771940e+03
   1.4986456e+03
   1.5185651e+03
   1.5369649e+03
   1.5538653e+03
   1.5692942e+03
   1.5832858e+03
   1.5958806e+03
   1.6071249e+03
   1.6170694e+03
   1.6257695e+03
   1.6332842e+03
   1.6396755e+03
   1.6450080e+03
   1.6493485e+03
   1.6527650e+03
   1.6553266e+03
   1.6571031e+03
   1.6581640e+03
   1.6585787e+03
   1.6584159e+03
   1.6577432e+03
   1.6566265e+03
   1.6551305e+03
   1.6533177e+03
   1.6512482e+03
   1.6489800e+03
   1.6465684e+03
   1.6440658e+03
   1.6415220e+03
   1.6389834e+03
   1.6364934e+03
   1.6340922e+03
   1.6318167e+03
   1.6297004e+03
   1.6277732e+03
   1.6260619e+03
   1.6245894e+03
   1.6233753e+03
   1.6224355e+03
   1.6217825e+03
   1.6214250e+03
   1.6213683e+03
   1.6216139e+03
   1.6221600e+03
   1.6230009e+03
   1.6241273e+03
   1.6255267e+03
   1.6271825e+03
   1.6290750e+03
   1.6311806e+03
   1.6334725e+03
   1.6359202e+03
   1.6384898e+03
   1.6411442e+03
   1.6438427e+03
   1.6465416e+03
   1.6491941e+03
   1.6517501e+03
   1.6541567e+03
   1.6563585e+03
   1.6582971e+03
   1.6599119e+03
   1.6611402e+03
   1.6619171e+03
   1.6621763e+03
   1.6618499e+03
   1.6608691e+03
   1.6591642e+03
   1.6566654e+03
   1.6533029e+03
   1.6490074e+03
   1.6437106e+03
   1.6373458e+03
   1.6298483e+03
   1.6211559e+03
   1.6112098e+03
   1.5999548e+03
   1.5873398e+03
   1.5733190e+03
   1.5578521e+03
   1.5409047e+03
   1.5224496e+03
   1.5024666e+03
   1.4809435e+03
   1.4578767e+03
   1.4332716e+03
   1.4071427e+03
   1.3795148e+03
   1.3504226e+03
   1.3199113e+03
   1.2880371e+03
   1.2548666e+03
   1.2204778e+03
   1.1849591e+03
   1.1484101e+03
   1.1109406e+03
   1.0726707e+03
   1.0337301e+03
   9.9425792e+02
   9.5440160e+02
   9.1431644e+02
   8.7416465e+02
   8.3411439e+02
   7.9433871e+02
   7.5501440e+02
   7.1632083e+02
   6.7843858e+02
   6.4154819e+02
   6.0582868e+02
   5.7145621e+02
   5.3860258e+02
   5.0743385e+02
   4.7810882e+02
   4.5077772e+02
   4.2558079e+02
   4.0264699e+02
   3.8209274e+02
   3.6402082e+02
   3.4851932e+02
   3.3566065e+02
   3.2550081e+02
   3.1807870e+02
   3.1341557e+02
   3.1151472e+02
   3.1236121e+02
   3.1592190e+02
   3.2214553e+02
   3.3096303e+02
   3.4228796e+02
   3.5601713e+02
   3.7203140e+02
   3.9019656e+02
   4.1036441e+02
   4.3237392e+02
   4.5605255e+02
   4.8121763e+02
   5.0767784e+02
   5.3523475e+02
   5.6368447e+02
   5.9281920e+02
   6.2242896e+02
   6.5230320e+02
   6.8223245e+02
   7.1200991e+02
   7.4143303e+02
   7.7030496e+02
   7.9843598e+02
   8.2564481e+02
   8.5175981e+02
   8.7662010e+02
   9.0007652e+02
   9.2199249e+02
   9.4224470e+02
   9.6072371e+02
   9.7733437e+02
   9.9199613e+02
   1.0046432e+03
   1.0152245e+03
   1.0237037e+03
   1.0300588e+03
   1.0342821e+03
   1.0363794e+03
   1.0363696e+03
   1.0342840e+03
   1.0301657e+03
   1.0240686e+03
   1.0160568e+03
   1.0062037e+03
   9.9459055e+02
   9.8130630e+02
   9.6644602e+02
   9.5011020e+02
   9.3240371e+02
   9.1343486e+02
   8.9331452e+02
   8.7215516e+02
   8.5007005e+02
   8.2717246e+02
   8.0357484e+02
   7.7938821e+02
   7.5472144e+02
   7.2968070e+02
   7.0436894e+02
   6.7888543e+02
   6.5332537e+02
   6.2777952e+02
   6.0233398e+02
   5.7706995e+02
   5.5206359e+02
   5.2738589e+02
   5.0310266e+02
   4.7927449e+02
   4.5595684e+02
   4.3320008e+02
   4.1104964e+02
   3.8954614e+02
   3.6872562e+02
   3.4861968e+02
   3.2925577e+02
   3.1065741e+02
   2.9284445e+02
   2.7583333e+02
   2.5963740e+02
   2.4426715e+02
   2.2973054e+02
   2.1603324e+02
   2.0317892e+02
   1.9116955e+02
   1.8000563e+02
   1.6968644e+02
   1.6021030e+02
   1.5157480e+02
   1.4377700e+02
   1.3681363e+02
   1.3068127e+02
   1.2537652e+02
   1.2089615e+02
   1.1723721e+02
   1.1439713e+02
   1.1237383e+02
   1.1116579e+02
   1.1077205e+02
