   1.5258433e+00
   1.5258403e+00
   1.5258322e+00
   1.5258188e+00
   1.5257999e+00
   1.5257752e+00
   1.5257446e+00
   1.5257076e+00
   1.5256637e+00
   1.5256125e+00
   1.5255534e+00
   1.5254858e+00
   1.5254089e+00
   1.5253221e+00
   1.5252244e+00
   1.5251151e+00
   1.5249932e+00
   1.5248577e+00
   1.5247075e+00
   1.5245416e+00
   1.5243588e+00
   1.5241580e+00
   1.5239378e+00
   1.5236970e+00
   1.5234343e+00
   1.5231483e+00
   1.5228375e+00
   1.5225007e+00
   1.5221361e+00
   1.5217425e+00
   1.5213182e+00
   1.5208616e+00
   1.5203713e+00
   1.5198456e+00
   1.5192828e+00
   1.5186815e+00
   1.5180398e+00
   1.5173563e+00
   1.5166292e+00
   1.5158569e+00
   1.5150377e+00
   1.5141701e+00
   1.5132524e+00
   1.5122829e+00
   1.5112602e+00
   1.5101826e+00
   1.5090485e+00
   1.5078565e+00
   1.5066050e+00
   1.5052927e+00
   1.5039179e+00
   1.5024795e+00
   1.5009759e+00
   1.4994060e+00
   1.4977685e+00
   1.4960621e+00
   1.4942858e+00
   1.4924384e+00
   1.4905190e+00
   1.4885265e+00
   1.4864601e+00
   1.4843190e+00
   1.4821024e+00
   1.4798096e+00
   1.4774401e+00
   1.4749933e+00
   1.4724687e+00
   1.4698660e+00
   1.4671849e+00
   1.4644253e+00
   1.4615870e+00
   1.4586700e+00
   1.4556743e+00
   1.4526002e+00
   1.4494479e+00
   1.4462178e+00
   1.4429102e+00
   1.4395257e+00
   1.4360649e+00
   1.4325286e+00
   1.4289176e+00
   1.4252326e+00
   1.4214749e+00
   1.4176454e+00
   1.4137452e+00
   1.4097758e+00
   1.4057384e+00
   1.4016344e+00
   1.3974655e+00
   1.3932332e+00
   1.3889391e+00
   1.3845852e+00
   1.3801732e+00
   1.3757051e+00
   1.3711828e+00
   1.3666086e+00
   1.3619844e+00
   1.3573126e+00
   1.3525954e+00
   1.3478352e+00
   1.3430343e+00
   1.3381953e+00
   1.3333206e+00
   1.3284128e+00
   1.3234746e+00
   1.3185086e+00
   1.3135174e+00
   1.3085039e+00
   1.3034709e+00
   1.2984210e+00
   1.2933572e+00
   1.2882823e+00
   1.2831991e+00
   1.2781107e+00
   1.2730199e+00
   1.2679297e+00
   1.2628429e+00
   1.2577625e+00
   1.2526915e+00
   1.2476328e+00
   1.2425894e+00
   1.2375642e+00
   1.2325602e+00
   1.2275802e+00
   1.2226271e+00
   1.2177039e+00
   1.2128133e+00
   1.2079584e+00
   1.2031418e+00
   1.1983663e+00
   1.1936348e+00
   1.1889500e+00
   1.1843145e+00
   1.1797310e+00
   1.1752022e+00
   1.1707305e+00
   1.1663187e+00
   1.1619691e+00
   1.1576843e+00
   1.1534666e+00
   1.1493184e+00
   1.1452421e+00
   1.1412398e+00
   1.1373139e+00
   1.1334664e+00
   1.1296995e+00
   1.1260152e+00
   1.1224156e+00
   1.1189025e+00
   1.1154780e+00
   1.1121438e+00
   1.1089017e+00
   1.1057534e+00
   1.1027006e+00
   1.0997450e+00
   1.0968879e+00
   1.0941311e+00
   1.0914758e+00
   1.0889234e+00
   1.0864754e+00
   1.0841328e+00
   1.0818970e+00
   1.0797690e+00
   1.0777500e+00
   1.0758410e+00
   1.0740428e+00
   1.0723565e+00
   1.0707829e+00
   1.0693227e+00
   1.0679767e+00
   1.0667456e+00
   1.0656299e+00
   1.0646303e+00
   1.0637471e+00
   1.0629809e+00
   1.0623320e+00
   1.0618008e+00
   1.0613874e+00
   1.0610921e+00
   1.0609151e+00
   1.0608564e+00
   1.0609161e+00
   1.0610941e+00
   1.0613903e+00
   1.0618047e+00
   1.0623369e+00
   1.0629868e+00
   1.0637540e+00
   1.0646381e+00
   1.0656387e+00
   1.0667554e+00
   1.0679875e+00
   1.0693344e+00
   1.0707955e+00
   1.0723701e+00
   1.0740574e+00
   1.0758565e+00
   1.0777664e+00
   1.0797864e+00
   1.0819153e+00
   1.0841520e+00
   1.0864955e+00
   1.0889445e+00
   1.0914977e+00
   1.0941539e+00
   1.0969117e+00
   1.0997696e+00
   1.1027262e+00
   1.1057798e+00
   1.1089290e+00
   1.1121719e+00
   1.1155070e+00
   1.1189324e+00
   1.1224462e+00
   1.1260467e+00
   1.1297317e+00
   1.1334994e+00
   1.1373477e+00
   1.1412744e+00
   1.1452775e+00
   1.1493546e+00
   1.1535035e+00
   1.1577219e+00
   1.1620075e+00
   1.1663577e+00
   1.1707702e+00
   1.1752425e+00
   1.1797720e+00
   1.1843561e+00
   1.1889923e+00
   1.1936777e+00
   1.1984098e+00
   1.2031859e+00
   1.2080030e+00
   1.2128585e+00
   1.2177496e+00
   1.2226733e+00
   1.2276269e+00
   1.2326074e+00
   1.2376119e+00
   1.2426375e+00
   1.2476814e+00
   1.2527404e+00
   1.2578118e+00
   1.2628925e+00
   1.2679797e+00
   1.2730703e+00
   1.2781614e+00
   1.2832501e+00
   1.2883335e+00
   1.2934086e+00
   1.2984727e+00
   1.3035228e+00
   1.3085560e+00
   1.3135697e+00
   1.3185610e+00
   1.3235271e+00
   1.3284655e+00
   1.3333733e+00
   1.3382480e+00
   1.3430871e+00
   1.3478880e+00
   1.3526482e+00
   1.3573654e+00
   1.3620372e+00
   1.3666613e+00
   1.3712355e+00
   1.3757577e+00
   1.3802257e+00
   1.3846375e+00
   1.3889913e+00
   1.3932852e+00
   1.3975173e+00
   1.4016860e+00
   1.4057898e+00
   1.4098269e+00
   1.4137961e+00
   1.4176959e+00
   1.4215252e+00
   1.4252826e+00
   1.4289672e+00
   1.4325779e+00
   1.4361139e+00
   1.4395743e+00
   1.4429583e+00
   1.4462655e+00
   1.4494953e+00
   1.4526471e+00
   1.4557208e+00
   1.4587160e+00
   1.4616325e+00
   1.4644703e+00
   1.4672295e+00
   1.4699100e+00
   1.4725122e+00
   1.4750362e+00
   1.4774825e+00
   1.4798515e+00
   1.4821438e+00
   1.4843598e+00
   1.4865003e+00
   1.4885661e+00
   1.4905580e+00
   1.4924768e+00
   1.4943236e+00
   1.4960993e+00
   1.4978050e+00
   1.4994419e+00
   1.5010112e+00
   1.5025141e+00
   1.5039519e+00
   1.5053260e+00
   1.5066378e+00
   1.5078886e+00
   1.5090799e+00
   1.5102133e+00
   1.5112903e+00
   1.5123123e+00
   1.5132811e+00
   1.5141981e+00
   1.5150651e+00
   1.5158835e+00
   1.5166552e+00
   1.5173816e+00
   1.5180644e+00
   1.5187054e+00
   1.5193061e+00
   1.5198681e+00
   1.5203932e+00
   1.5208828e+00
   1.5213387e+00
   1.5217623e+00
   1.5221553e+00
   1.5225191e+00
   1.5228553e+00
   1.5231654e+00
   1.5234507e+00
   1.5237127e+00
   1.5239528e+00
   1.5241723e+00
   1.5243725e+00
   1.5245546e+00
   1.5247198e+00
   1.5248692e+00
   1.5250041e+00
   1.5251253e+00
   1.5252340e+00
   1.5253309e+00
   1.5254171e+00
   1.5254932e+00
   1.5255602e+00
   1.5256186e+00
   1.5256691e+00
   1.5257123e+00
   1.5257487e+00
   1.5257786e+00
   1.5258026e+00
   1.5258208e+00
   1.5258336e+00
   1.5258410e+00
   1.5258433e+00
