   6.2525826e+01
   6.2536831e+01
   6.2569401e+01
   6.2623838e+01
   6.2700650e+01
   6.2800554e+01
   6.2924493e+01
   6.3073641e+01
   6.3249420e+01
   6.3453519e+01
   6.3687908e+01
   6.3954865e+01
   6.4256995e+01
   6.4597253e+01
   6.4978972e+01
   6.5405891e+01
   6.5882176e+01
   6.6412452e+01
   6.7001829e+01
   6.7655927e+01
   6.8380900e+01
   6.9183462e+01
   7.0070906e+01
   7.1051121e+01
   7.2132609e+01
   7.3324492e+01
   7.4636522e+01
   7.6079077e+01
   7.7663154e+01
   7.9400363e+01
   8.1302897e+01
   8.3383510e+01
   8.5655479e+01
   8.8132554e+01
   9.0828905e+01
   9.3759057e+01
   9.6937808e+01
   1.0038014e+02
   1.0410114e+02
   1.0811586e+02
   1.1243922e+02
   1.1708587e+02
   1.2207005e+02
   1.2740543e+02
   1.3310499e+02
   1.3918081e+02
   1.4564391e+02
   1.5250409e+02
   1.5976975e+02
   1.6744768e+02
   1.7554292e+02
   1.8405853e+02
   1.9299547e+02
   2.0235240e+02
   2.1212553e+02
   2.2230847e+02
   2.3289210e+02
   2.4386445e+02
   2.5521062e+02
   2.6691267e+02
   2.7894959e+02
   2.9129729e+02
   3.0392855e+02
   3.1681309e+02
   3.2991760e+02
   3.4320586e+02
   3.5663884e+02
   3.7017484e+02
   3.8376970e+02
   3.9737700e+02
   4.1094831e+02
   4.2443347e+02
   4.3778086e+02
   4.5093776e+02
   4.6385067e+02
   4.7646571e+02
   4.8872895e+02
   5.0058684e+02
   5.1198658e+02
   5.2287656e+02
   5.3320670e+02
   5.4292892e+02
   5.5199747e+02
   5.6036930e+02
   5.6800445e+02
   5.7486635e+02
   5.8092212e+02
   5.8614287e+02
   5.9050388e+02
   5.9398488e+02
   5.9657013e+02
   5.9824861e+02
   5.9901406e+02
   5.9886503e+02
   5.9780487e+02
   5.9584165e+02
   5.9298815e+02
   5.8926163e+02
   5.8468371e+02
   5.7928016e+02
   5.7308064e+02
   5.6611844e+02
   5.5843018e+02
   5.5005545e+02
   5.4103654e+02
   5.3141799e+02
   5.2124630e+02
   5.1056951e+02
   4.9943682e+02
   4.8789822e+02
   4.7600413e+02
   4.6380503e+02
   4.5135110e+02
   4.3869188e+02
   4.2587597e+02
   4.1295075e+02
   3.9996208e+02
   3.8695407e+02
   3.7396887e+02
   3.6104644e+02
   3.4822447e+02
   3.3553816e+02
   3.2302016e+02
   3.1070051e+02
   2.9860654e+02
   2.8676289e+02
   2.7519150e+02
   2.6391162e+02
   2.5293988e+02
   2.4229034e+02
   2.3197457e+02
   2.2200178e+02
   2.1237888e+02
   2.0311065e+02
   1.9419984e+02
   1.8564734e+02
   1.7745228e+02
   1.6961223e+02
   1.6212332e+02
   1.5498038e+02
   1.4817712e+02
   1.4170623e+02
   1.3555957e+02
   1.2972826e+02
   1.2420284e+02
   1.1897337e+02
   1.1402957e+02
   1.0936089e+02
   1.0495665e+02
   1.0080609e+02
   9.6898494e+01
   9.3223222e+01
   8.9769801e+01
   8.6527975e+01
   8.3487752e+01
   8.0639452e+01
   7.7973735e+01
   7.5481636e+01
   7.3154583e+01
   7.0984417e+01
   6.8963403e+01
   6.7084236e+01
   6.5340047e+01
   6.3724401e+01
   6.2231297e+01
   6.0855157e+01
   5.9590824e+01
   5.8433549e+01
   5.7378983e+01
   5.6423161e+01
   5.5562496e+01
   5.4793764e+01
   5.4114089e+01
   5.3520937e+01
   5.3012101e+01
   5.2585691e+01
   5.2240127e+01
   5.1974126e+01
   5.1786702e+01
   5.1677156e+01
   5.1645071e+01
   5.1690314e+01
   5.1813033e+01
   5.2013655e+01
   5.2292893e+01
   5.2651748e+01
   5.3091514e+01
   5.3613783e+01
   5.4220459e+01
   5.4913759e+01
   5.5696231e+01
   5.6570761e+01
   5.7540583e+01
   5.8609297e+01
   5.9780873e+01
   6.1059672e+01
   6.2450450e+01
   6.3958370e+01
   6.5589016e+01
   6.7348395e+01
   6.9242944e+01
   7.1279534e+01
   7.3465469e+01
   7.5808484e+01
   7.8316734e+01
   8.0998784e+01
   8.3863594e+01
   8.6920491e+01
   9.0179145e+01
   9.3649530e+01
   9.7341885e+01
   1.0126666e+02
   1.0543447e+02
   1.0985602e+02
   1.1454201e+02
   1.1950311e+02
   1.2474982e+02
   1.3029238e+02
   1.3614069e+02
   1.4230416e+02
   1.4879161e+02
   1.5561114e+02
   1.6276999e+02
   1.7027440e+02
   1.7812946e+02
   1.8633899e+02
   1.9490534e+02
   2.0382931e+02
   2.1310993e+02
   2.2274439e+02
   2.3272782e+02
   2.4305324e+02
   2.5371137e+02
   2.6469056e+02
   2.7597668e+02
   2.8755303e+02
   2.9940029e+02
   3.1149644e+02
   3.2381681e+02
   3.3633398e+02
   3.4901788e+02
   3.6183582e+02
   3.7475253e+02
   3.8773033e+02
   4.0072921e+02
   4.1370702e+02
   4.2661963e+02
   4.3942118e+02
   4.5206434e+02
   4.6450050e+02
   4.7668015e+02
   4.8855317e+02
   5.0006913e+02
   5.1117768e+02
   5.2182890e+02
   5.3197366e+02
   5.4156403e+02
   5.5055361e+02
   5.5889796e+02
   5.6655492e+02
   5.7348501e+02
   5.7965176e+02
   5.8502200e+02
   5.8956622e+02
   5.9325879e+02
   5.9607823e+02
   5.9800742e+02
   5.9903374e+02
   5.9914926e+02
   5.9835076e+02
   5.9663983e+02
   5.9402288e+02
   5.9051105e+02
   5.8612019e+02
   5.8087070e+02
   5.7478739e+02
   5.6789925e+02
   5.6023925e+02
   5.5184404e+02
   5.4275365e+02
   5.3301117e+02
   5.2266239e+02
   5.1175544e+02
   5.0034041e+02
   4.8846892e+02
   4.7619377e+02
   4.6356850e+02
   4.5064701e+02
   4.3748316e+02
   4.2413041e+02
   4.1064142e+02
   3.9706774e+02
   3.8345949e+02
   3.6986503e+02
   3.5633068e+02
   3.4290054e+02
   3.2961622e+02
   3.1651665e+02
   3.0363798e+02
   2.9101342e+02
   2.7867316e+02
   2.6664432e+02
   2.5495092e+02
   2.4361387e+02
   2.3265101e+02
   2.2207719e+02
   2.1190428e+02
   2.0214132e+02
   1.9279465e+02
   1.8386797e+02
   1.7536257e+02
   1.6727744e+02
   1.5960945e+02
   1.5235354e+02
   1.4550285e+02
   1.3904896e+02
   1.3298205e+02
   1.2729106e+02
   1.2196388e+02
   1.1698754e+02
   1.1234834e+02
   1.0803204e+02
   1.0402397e+02
   1.0030923e+02
   9.6872758e+01
   9.3699481e+01
   9.0774423e+01
   8.8082794e+01
   8.5610085e+01
   8.3342140e+01
   8.1265223e+01
   7.9366076e+01
   7.7631962e+01
   7.6050704e+01
   7.4610715e+01
   7.3301013e+01
   7.2111239e+01
   7.1031662e+01
   7.0053175e+01
   6.9167295e+01
   6.8366149e+01
   6.7642460e+01
   6.6989530e+01
   6.6401217e+01
   6.5871915e+01
   6.5396527e+01
   6.4970438e+01
   6.4589492e+01
   6.4249959e+01
   6.3948515e+01
   6.3682210e+01
   6.3448446e+01
   6.3244952e+01
   6.3069760e+01
   6.2921186e+01
   6.2797811e+01
   6.2698463e+01
   6.2622202e+01
   6.2568312e+01
   6.2536287e+01
   6.2525826e+01
