   9.3339190e-01
   9.3339059e-01
   9.3338713e-01
   9.3338147e-01
   9.3337350e-01
   9.3336308e-01
   9.3335005e-01
   9.3333417e-01
   9.3331520e-01
   9.3329284e-01
   9.3326677e-01
   9.3323660e-01
   9.3320195e-01
   9.3316236e-01
   9.3311736e-01
   9.3306644e-01
   9.3300906e-01
   9.3294463e-01
   9.3287256e-01
   9.3279220e-01
   9.3270287e-01
   9.3260389e-01
   9.3249453e-01
   9.3237404e-01
   9.3224163e-01
   9.3209651e-01
   9.3193786e-01
   9.3176484e-01
   9.3157657e-01
   9.3137219e-01
   9.3115079e-01
   9.3091147e-01
   9.3065329e-01
   9.3037532e-01
   9.3007663e-01
   9.2975625e-01
   9.2941322e-01
   9.2904658e-01
   9.2865537e-01
   9.2823862e-01
   9.2779537e-01
   9.2732464e-01
   9.2682549e-01
   9.2629697e-01
   9.2573812e-01
   9.2514803e-01
   9.2452578e-01
   9.2387045e-01
   9.2318117e-01
   9.2245707e-01
   9.2169730e-01
   9.2090104e-01
   9.2006748e-01
   9.1919584e-01
   9.1828539e-01
   9.1733541e-01
   9.1634520e-01
   9.1531411e-01
   9.1424154e-01
   9.1312689e-01
   9.1196961e-01
   9.1076922e-01
   9.0952523e-01
   9.0823723e-01
   9.0690484e-01
   9.0552773e-01
   9.0410561e-01
   9.0263824e-01
   9.0112542e-01
   8.9956702e-01
   8.9796293e-01
   8.9631312e-01
   8.9461760e-01
   8.9287643e-01
   8.9108972e-01
   8.8925763e-01
   8.8738040e-01
   8.8545828e-01
   8.8349162e-01
   8.8148079e-01
   8.7942623e-01
   8.7732843e-01
   8.7518793e-01
   8.7300533e-01
   8.7078127e-01
   8.6851647e-01
   8.6621168e-01
   8.6386770e-01
   8.6148539e-01
   8.5906565e-01
   8.5660944e-01
   8.5411776e-01
   8.5159167e-01
   8.4903225e-01
   8.4644066e-01
   8.4381806e-01
   8.4116568e-01
   8.3848480e-01
   8.3577671e-01
   8.3304276e-01
   8.3028432e-01
   8.2750281e-01
   8.2469966e-01
   8.2187636e-01
   8.1903441e-01
   8.1617533e-01
   8.1330070e-01
   8.1041208e-01
   8.0751109e-01
   8.0459933e-01
   8.0167847e-01
   7.9875014e-01
   7.9581603e-01
   7.9287782e-01
   7.8993720e-01
   7.8699587e-01
   7.8405556e-01
   7.8111796e-01
   7.7818482e-01
   7.7525783e-01
   7.7233873e-01
   7.6942923e-01
   7.6653105e-01
   7.6364590e-01
   7.6077548e-01
   7.5792149e-01
   7.5508561e-01
   7.5226951e-01
   7.4947485e-01
   7.4670328e-01
   7.4395642e-01
   7.4123589e-01
   7.3854329e-01
   7.3588018e-01
   7.3324813e-01
   7.3064865e-01
   7.2808327e-01
   7.2555345e-01
   7.2306067e-01
   7.2060636e-01
   7.1819192e-01
   7.1581873e-01
   7.1348815e-01
   7.1120149e-01
   7.0896004e-01
   7.0676508e-01
   7.0461782e-01
   7.0251947e-01
   7.0047119e-01
   6.9847412e-01
   6.9652937e-01
   6.9463799e-01
   6.9280103e-01
   6.9101949e-01
   6.8929433e-01
   6.8762648e-01
   6.8601686e-01
   6.8446631e-01
   6.8297567e-01
   6.8154574e-01
   6.8017726e-01
   6.7887097e-01
   6.7762756e-01
   6.7644767e-01
   6.7533193e-01
   6.7428091e-01
   6.7329517e-01
   6.7237522e-01
   6.7152153e-01
   6.7073454e-01
   6.7001466e-01
   6.6936226e-01
   6.6877767e-01
   6.6826120e-01
   6.6781311e-01
   6.6743362e-01
   6.6712293e-01
   6.6688120e-01
   6.6670855e-01
   6.6660507e-01
   6.6657081e-01
   6.6660580e-01
   6.6671000e-01
   6.6688337e-01
   6.6712583e-01
   6.6743724e-01
   6.6781745e-01
   6.6826627e-01
   6.6878346e-01
   6.6936877e-01
   6.7002188e-01
   6.7074248e-01
   6.7153018e-01
   6.7238458e-01
   6.7330524e-01
   6.7429168e-01
   6.7534340e-01
   6.7645984e-01
   6.7764042e-01
   6.7888453e-01
   6.8019150e-01
   6.8156066e-01
   6.8299128e-01
   6.8448259e-01
   6.8603381e-01
   6.8764410e-01
   6.8931260e-01
   6.9103841e-01
   6.9282060e-01
   6.9465821e-01
   6.9655022e-01
   6.9849560e-01
   7.0049329e-01
   7.0254219e-01
   7.0464114e-01
   7.0678900e-01
   7.0898456e-01
   7.1122659e-01
   7.1351383e-01
   7.1584498e-01
   7.1821873e-01
   7.2063372e-01
   7.2308857e-01
   7.2558188e-01
   7.2811221e-01
   7.3067811e-01
   7.3327809e-01
   7.3591063e-01
   7.3857422e-01
   7.4126729e-01
   7.4398827e-01
   7.4673557e-01
   7.4950758e-01
   7.5230266e-01
   7.5511917e-01
   7.5795545e-01
   7.6080982e-01
   7.6368061e-01
   7.6656612e-01
   7.6946464e-01
   7.7237447e-01
   7.7529389e-01
   7.7822117e-01
   7.8115461e-01
   7.8409248e-01
   7.8703305e-01
   7.8997462e-01
   7.9291547e-01
   7.9585390e-01
   7.9878821e-01
   8.0171672e-01
   8.0463776e-01
   8.0754967e-01
   8.1045080e-01
   8.1333954e-01
   8.1621429e-01
   8.1907346e-01
   8.2191549e-01
   8.2473885e-01
   8.2754204e-01
   8.3032359e-01
   8.3308205e-01
   8.3581600e-01
   8.3852408e-01
   8.4120493e-01
   8.4385726e-01
   8.4647980e-01
   8.4907133e-01
   8.5163066e-01
   8.5415665e-01
   8.5664821e-01
   8.5910428e-01
   8.6152388e-01
   8.6390603e-01
   8.6624984e-01
   8.6855445e-01
   8.7081905e-01
   8.7304289e-01
   8.7522526e-01
   8.7736552e-01
   8.7946308e-01
   8.8151738e-01
   8.8352793e-01
   8.8549431e-01
   8.8741613e-01
   8.8929305e-01
   8.9112482e-01
   8.9291120e-01
   8.9465204e-01
   8.9634721e-01
   8.9799666e-01
   8.9960038e-01
   9.0115841e-01
   9.0267084e-01
   9.0413782e-01
   9.0555954e-01
   9.0693624e-01
   9.0826822e-01
   9.0955579e-01
   9.1079935e-01
   9.1199931e-01
   9.1315615e-01
   9.1427035e-01
   9.1534248e-01
   9.1637310e-01
   9.1736285e-01
   9.1831237e-01
   9.1922235e-01
   9.2009350e-01
   9.2092659e-01
   9.2172237e-01
   9.2248166e-01
   9.2320527e-01
   9.2389406e-01
   9.2454889e-01
   9.2517065e-01
   9.2576024e-01
   9.2631858e-01
   9.2684661e-01
   9.2734525e-01
   9.2781547e-01
   9.2825822e-01
   9.2867447e-01
   9.2906517e-01
   9.2943130e-01
   9.2977382e-01
   9.3009369e-01
   9.3039188e-01
   9.3066933e-01
   9.3092700e-01
   9.3116582e-01
   9.3138671e-01
   9.3159059e-01
   9.3177834e-01
   9.3195086e-01
   9.3210900e-01
   9.3225361e-01
   9.3238551e-01
   9.3250550e-01
   9.3261436e-01
   9.3271284e-01
   9.3280166e-01
   9.3288152e-01
   9.3295309e-01
   9.3301701e-01
   9.3307389e-01
   9.3312431e-01
   9.3316881e-01
   9.3320790e-01
   9.3324206e-01
   9.3327172e-01
   9.3329730e-01
   9.3331916e-01
   9.3333764e-01
   9.3335302e-01
   9.3336556e-01
   9.3337548e-01
   9.3338295e-01
   9.3338812e-01
   9.3339109e-01
   9.3339190e-01
