   5.1885991e+04
   5.1877648e+04
   5.1852672e+04
   5.1810971e+04
   5.1752392e+04
   5.1676727e+04
   5.1583704e+04
   5.1473000e+04
   5.1344235e+04
   5.1196979e+04
   5.1030754e+04
   5.0845035e+04
   5.0639259e+04
   5.0412823e+04
   5.0165095e+04
   4.9895415e+04
   4.9603100e+04
   4.9287454e+04
   4.8947772e+04
   4.8583346e+04
   4.8193473e+04
   4.7777465e+04
   4.7334653e+04
   4.6864399e+04
   4.6366100e+04
   4.5839204e+04
   4.5283211e+04
   4.4697688e+04
   4.4082276e+04
   4.3436700e+04
   4.2760778e+04
   4.2054429e+04
   4.1317684e+04
   4.0550693e+04
   3.9753735e+04
   3.8927222e+04
   3.8071710e+04
   3.7187903e+04
   3.6276658e+04
   3.5338990e+04
   3.4376075e+04
   3.3389255e+04
   3.2380032e+04
   3.1350075e+04
   3.0301211e+04
   2.9235426e+04
   2.8154861e+04
   2.7061798e+04
   2.5958658e+04
   2.4847989e+04
   2.3732454e+04
   2.2614814e+04
   2.1497921e+04
   2.0384692e+04
   1.9278098e+04
   1.8181142e+04
   1.7096837e+04
   1.6028189e+04
   1.4978173e+04
   1.3949708e+04
   1.2945639e+04
   1.1968711e+04
   1.1021547e+04
   1.0106627e+04
   9.2262673e+03
   8.3825988e+03
   7.5775490e+03
   6.8128251e+03
   6.0898982e+03
   5.4099904e+03
   4.7740637e+03
   4.1828116e+03
   3.6366526e+03
   3.1357277e+03
   2.6798997e+03
   2.2687553e+03
   1.9016110e+03
   1.5775206e+03
   1.2952862e+03
   1.0534718e+03
   8.5041889e+02
   6.8426469e+02
   5.5296235e+02
   4.5430282e+02
   3.8593830e+02
   3.4540688e+02
   3.3015814e+02
   3.3757929e+02
   3.6502126e+02
   4.0982466e+02
   4.6934531e+02
   5.4097897e+02
   6.2218509e+02
   7.1050908e+02
   8.0360292e+02
   8.9924390e+02
   9.9535129e+02
   1.0900007e+03
   1.1814361e+03
   1.2680796e+03
   1.3485384e+03
   1.4216092e+03
   1.4862809e+03
   1.5417341e+03
   1.5873383e+03
   1.6226477e+03
   1.6473944e+03
   1.6614798e+03
   1.6649645e+03
   1.6580571e+03
   1.6411015e+03
   1.6145631e+03
   1.5790148e+03
   1.5351223e+03
   1.4836291e+03
   1.4253417e+03
   1.3611146e+03
   1.2918362e+03
   1.2184151e+03
   1.1417666e+03
   1.0628011e+03
   9.8241200e+02
   9.0146626e+02
   8.2079475e+02
   7.4118443e+02
   6.6337152e+02
   5.8803582e+02
   5.1579626e+02
   4.4720752e+02
   3.8275776e+02
   3.2286737e+02
   2.6788870e+02
   2.1810662e+02
   1.7373992e+02
   1.3494340e+02
   1.0181059e+02
   7.4376949e+01
   5.2623570e+01
   3.6481153e+01
   2.5834301e+01
   2.0526022e+01
   2.0362337e+01
   2.5116637e+01
   3.4534108e+01
   4.8336399e+01
   6.6225984e+01
   8.7890244e+01
   1.1300535e+02
   1.4123992e+02
   1.7225840e+02
   2.0572421e+02
   2.4130251e+02
   2.7866276e+02
   3.1748091e+02
   3.5744135e+02
   3.9823855e+02
   4.3957842e+02
   4.8117940e+02
   5.2277337e+02
   5.6410625e+02
   6.0493845e+02
   6.4504511e+02
   6.8421620e+02
   7.2225638e+02
   7.5898492e+02
   7.9423529e+02
   8.2785484e+02
   8.5970431e+02
   8.8965734e+02
   9.1759993e+02
   9.4342983e+02
   9.6705604e+02
   9.8839821e+02
   1.0073861e+03
   1.0239590e+03
   1.0380655e+03
   1.0496626e+03
   1.0587160e+03
   1.0651991e+03
   1.0690932e+03
   1.0703871e+03
   1.0690772e+03
   1.0651671e+03
   1.0586682e+03
   1.0495993e+03
   1.0379869e+03
   1.0238655e+03
   1.0072782e+03
   9.8827650e+02
   9.6692112e+02
   9.4328237e+02
   9.1744070e+02
   8.8948717e+02
   8.5952408e+02
   8.2766550e+02
   7.9403785e+02
   7.5878045e+02
   7.2204599e+02
   6.8400104e+02
   6.4482640e+02
   6.0471740e+02
   5.6388414e+02
   5.2255149e+02
   4.8095906e+02
   4.3936094e+02
   3.9802526e+02
   3.5723357e+02
   3.1727995e+02
   2.7846992e+02
   2.4111907e+02
   2.0555141e+02
   1.7209745e+02
   1.4109196e+02
   1.1287148e+02
   8.7771494e+01
   6.6123312e+01
   4.8250679e+01
   3.4466120e+01
   2.5067058e+01
   2.0331740e+01
   2.0514885e+01
   2.5843011e+01
   3.6509975e+01
   5.2672629e+01
   7.4446233e+01
   1.0189995e+02
   1.3505256e+02
   1.7386845e+02
   2.1825397e+02
   2.6805418e+02
   3.2305015e+02
   3.8295687e+02
   4.4742189e+02
   5.1602468e+02
   5.8827697e+02
   6.6362397e+02
   7.4144665e+02
   8.2106512e+02
   9.0174309e+02
   9.8269354e+02
   1.0630855e+03
   1.1420521e+03
   1.2186998e+03
   1.2921182e+03
   1.3613921e+03
   1.4256129e+03
   1.4838923e+03
   1.5353757e+03
   1.5792568e+03
   1.6147922e+03
   1.6413164e+03
   1.6582565e+03
   1.6651473e+03
   1.6616452e+03
   1.6475417e+03
   1.6227765e+03
   1.5874482e+03
   1.5418252e+03
   1.4863534e+03
   1.4216636e+03
   1.3485754e+03
   1.2681004e+03
   1.1814418e+03
   1.0899930e+03
   9.9533196e+02
   8.9921509e+02
   8.0356698e+02
   7.1046863e+02
   6.2214298e+02
   5.4093825e+02
   4.6930926e+02
   4.0979674e+02
   3.6500510e+02
   3.3757874e+02
   3.3017720e+02
   3.4544969e+02
   3.8600910e+02
   4.5440583e+02
   5.5310175e+02
   6.8444461e+02
   8.5064340e+02
   1.0537449e+03
   1.2956117e+03
   1.5779022e+03
   1.9020523e+03
   2.2692597e+03
   2.6804702e+03
   3.1363674e+03
   3.6373640e+03
   4.1835970e+03
   4.7749253e+03
   5.4109297e+03
   6.0909166e+03
   6.8139236e+03
   7.5787283e+03
   8.3838591e+03
   9.2276084e+03
   1.0108048e+04
   1.1023048e+04
   1.1970290e+04
   1.2947295e+04
   1.3951439e+04
   1.4979976e+04
   1.6030062e+04
   1.7098777e+04
   1.8183145e+04
   1.9280162e+04
   2.0386812e+04
   2.1500093e+04
   2.2617035e+04
   2.3734718e+04
   2.4850294e+04
   2.5960997e+04
   2.7064167e+04
   2.8157255e+04
   2.9237842e+04
   3.0303641e+04
   3.1352516e+04
   3.2382479e+04
   3.3391703e+04
   3.4378520e+04
   3.5341426e+04
   3.6279081e+04
   3.7190308e+04
   3.8074094e+04
   3.8929579e+04
   3.9756062e+04
   4.0552986e+04
   4.1319938e+04
   4.2056642e+04
   4.2762946e+04
   4.3438820e+04
   4.4084345e+04
   4.4699702e+04
   4.5285168e+04
   4.5841102e+04
   4.6367937e+04
   4.6866171e+04
   4.7336360e+04
   4.7779104e+04
   4.8195042e+04
   4.8584844e+04
   4.8949198e+04
   4.9288807e+04
   4.9604378e+04
   4.9896617e+04
   5.0166221e+04
   5.0413871e+04
   5.0640228e+04
   5.0845926e+04
   5.1031565e+04
   5.1197710e+04
   5.1344886e+04
   5.1473570e+04
   5.1584193e+04
   5.1677135e+04
   5.1752719e+04
   5.1811216e+04
   5.1852835e+04
   5.1877730e+04
   5.1885991e+04
