   1.1599123e+02
   1.1604405e+02
   1.1622919e+02
   1.1655825e+02
   1.1705058e+02
   1.1773332e+02
   1.1864135e+02
   1.1981737e+02
   1.2131186e+02
   1.2318310e+02
   1.2549714e+02
   1.2832782e+02
   1.3175666e+02
   1.3587282e+02
   1.4077300e+02
   1.4656126e+02
   1.5334888e+02
   1.6125404e+02
   1.7040156e+02
   1.8092254e+02
   1.9295381e+02
   2.0663749e+02
   2.2212028e+02
   2.3955276e+02
   2.5908851e+02
   2.8088318e+02
   3.0509337e+02
   3.3187547e+02
   3.6138426e+02
   3.9377151e+02
   4.2918435e+02
   4.6776355e+02
   5.0964171e+02
   5.5494127e+02
   6.0377246e+02
   6.5623117e+02
   7.1239669e+02
   7.7232945e+02
   8.3606870e+02
   9.0363019e+02
   9.7500389e+02
   1.0501517e+03
   1.1290055e+03
   1.2114647e+03
   1.2973950e+03
   1.3866264e+03
   1.4789519e+03
   1.5741267e+03
   1.6718673e+03
   1.7718514e+03
   1.8737180e+03
   1.9770683e+03
   2.0814668e+03
   2.1864430e+03
   2.2914941e+03
   2.3960875e+03
   2.4996650e+03
   2.6016463e+03
   2.7014342e+03
   2.7984198e+03
   2.8919884e+03
   2.9815253e+03
   3.0664233e+03
   3.1460885e+03
   3.2199487e+03
   3.2874596e+03
   3.3481126e+03
   3.4014418e+03
   3.4470305e+03
   3.4845182e+03
   3.5136062e+03
   3.5340628e+03
   3.5457280e+03
   3.5485169e+03
   3.5424226e+03
   3.5275176e+03
   3.5039542e+03
   3.4719639e+03
   3.4318554e+03
   3.3840116e+03
   3.3288852e+03
   3.2669931e+03
   3.1989103e+03
   3.1252624e+03
   3.0467172e+03
   2.9639760e+03
   2.8777640e+03
   2.7888208e+03
   2.6978903e+03
   2.6057107e+03
   2.5130048e+03
   2.4204709e+03
   2.3287737e+03
   2.2385364e+03
   2.1503335e+03
   2.0646845e+03
   1.9820488e+03
   1.9028216e+03
   1.8273315e+03
   1.7558385e+03
   1.6885340e+03
   1.6255416e+03
   1.5669188e+03
   1.5126608e+03
   1.4627037e+03
   1.4169299e+03
   1.3751732e+03
   1.3372253e+03
   1.3028421e+03
   1.2717503e+03
   1.2436544e+03
   1.2182434e+03
   1.1951976e+03
   1.1741945e+03
   1.1549152e+03
   1.1370492e+03
   1.1202997e+03
   1.1043875e+03
   1.0890545e+03
   1.0740665e+03
   1.0592152e+03
   1.0443196e+03
   1.0292269e+03
   1.0138121e+03
   9.9797820e+02
   9.8165465e+02
   9.6479619e+02
   9.4738101e+02
   9.2940868e+02
   9.1089780e+02
   8.9188358e+02
   8.7241531e+02
   8.5255379e+02
   8.3236884e+02
   8.1193685e+02
   7.9133852e+02
   7.7065676e+02
   7.4997474e+02
   7.2937419e+02
   7.0893397e+02
   6.8872878e+02
   6.6882823e+02
   6.4929598e+02
   6.3018927e+02
   6.1155854e+02
   5.9344724e+02
   5.7589189e+02
   5.5892219e+02
   5.4256130e+02
   5.2682624e+02
   5.1172831e+02
   4.9727362e+02
   4.8346366e+02
   4.7029585e+02
   4.5776413e+02
   4.4585954e+02
   4.3457078e+02
   4.2388471e+02
   4.1378688e+02
   4.0426195e+02
   3.9529407e+02
   3.8686727e+02
   3.7896577e+02
   3.7157418e+02
   3.6467774e+02
   3.5826250e+02
   3.5231538e+02
   3.4682433e+02
   3.4177831e+02
   3.3716735e+02
   3.3298253e+02
   3.2921597e+02
   3.2586077e+02
   3.2291098e+02
   3.2036155e+02
   3.1820825e+02
   3.1644762e+02
   3.1507693e+02
   3.1409411e+02
   3.1349774e+02
   3.1328699e+02
   3.1346162e+02
   3.1402198e+02
   3.1496898e+02
   3.1630416e+02
   3.1802968e+02
   3.2014837e+02
   3.2266380e+02
   3.2558030e+02
   3.2890302e+02
   3.3263801e+02
   3.3679228e+02
   3.4137381e+02
   3.4639163e+02
   3.5185581e+02
   3.5777749e+02
   3.6416884e+02
   3.7104301e+02
   3.7841409e+02
   3.8629692e+02
   3.9470699e+02
   4.0366017e+02
   4.1317255e+02
   4.2326002e+02
   4.3393803e+02
   4.4522111e+02
   4.5712245e+02
   4.6965343e+02
   4.8282303e+02
   4.9663737e+02
   5.1109904e+02
   5.2620657e+02
   5.4195383e+02
   5.5832950e+02
   5.7531653e+02
   5.9289166e+02
   6.1102513e+02
   6.2968031e+02
   6.4881359e+02
   6.6837438e+02
   6.8830526e+02
   7.0854234e+02
   7.2901577e+02
   7.4965058e+02
   7.7036763e+02
   7.9108485e+02
   8.1171872e+02
   8.3218600e+02
   8.5240559e+02
   8.7230071e+02
   8.9180113e+02
   9.1084566e+02
   9.2938461e+02
   9.4738237e+02
   9.6481994e+02
   9.8169743e+02
   9.9803630e+02
   1.0138815e+03
   1.0293033e+03
   1.0443987e+03
   1.0592923e+03
   1.0741370e+03
   1.0891137e+03
   1.1044309e+03
   1.1203227e+03
   1.1370477e+03
   1.1548853e+03
   1.1741328e+03
   1.1951009e+03
   1.2181095e+03
   1.2434813e+03
   1.2715370e+03
   1.3025883e+03
   1.3369316e+03
   1.3748408e+03
   1.4165610e+03
   1.4623016e+03
   1.5122295e+03
   1.5664631e+03
   1.6250673e+03
   1.6880477e+03
   1.7553474e+03
   1.8268435e+03
   1.9023453e+03
   1.9815930e+03
   2.0642587e+03
   2.1499471e+03
   2.2381991e+03
   2.3284951e+03
   2.4202604e+03
   2.5128716e+03
   2.6056636e+03
   2.6979374e+03
   2.7889697e+03
   2.8780214e+03
   2.9643478e+03
   3.0472084e+03
   3.1258770e+03
   3.1996512e+03
   3.2678621e+03
   3.3298831e+03
   3.3851381e+03
   3.4331089e+03
   3.4733419e+03
   3.5054533e+03
   3.5291333e+03
   3.5441497e+03
   3.5503491e+03
   3.5476585e+03
   3.5360842e+03
   3.5157105e+03
   3.4866971e+03
   3.4492752e+03
   3.4037435e+03
   3.3504623e+03
   3.2898483e+03
   3.2223674e+03
   3.1485284e+03
   3.0688758e+03
   2.9839824e+03
   2.8944420e+03
   2.8008625e+03
   2.7038589e+03
   2.6040465e+03
   2.5020347e+03
   2.3984213e+03
   2.2937869e+03
   2.1886904e+03
   2.0836649e+03
   1.9792138e+03
   1.8758079e+03
   1.7738834e+03
   1.6738395e+03
   1.5760376e+03
   1.4808004e+03
   1.3884118e+03
   1.2991170e+03
   1.2131232e+03
   1.1306007e+03
   1.0516843e+03
   9.7647443e+02
   9.0503965e+02
   8.3741815e+02
   7.7362013e+02
   7.1362994e+02
   6.5740843e+02
   6.0489523e+02
   5.5601111e+02
   5.1066021e+02
   4.6873233e+02
   4.3010503e+02
   3.9464570e+02
   3.6221355e+02
   3.3266142e+02
   3.0583751e+02
   2.8158699e+02
   2.5975342e+02
   2.4018014e+02
   2.2271145e+02
   2.0719371e+02
   1.9347627e+02
   1.8141236e+02
   1.7085981e+02
   1.6168170e+02
   1.5374688e+02
   1.4693047e+02
   1.4111420e+02
   1.3618675e+02
   1.3204399e+02
   1.2858917e+02
   1.2573305e+02
   1.2339405e+02
   1.2149830e+02
   1.1997969e+02
   1.1877988e+02
   1.1784833e+02
   1.1714232e+02
   1.1662689e+02
   1.1627488e+02
   1.1606687e+02
   1.1599123e+02
