   2.9094228e-03
   3.8103075e-03
   6.4306846e-03
   1.0761266e-02
   1.6799508e-02
   2.4541259e-02
   3.3980069e-02
   4.5107531e-02
   5.7913486e-02
   7.2386107e-02
   8.8511933e-02
   1.0627589e-01
   1.2566130e-01
   1.4664986e-01
   1.6922168e-01
   1.9335525e-01
   2.1902746e-01
   2.4621359e-01
   2.7488731e-01
   3.0502067e-01
   3.3658413e-01
   3.6954654e-01
   4.0387513e-01
   4.3953557e-01
   4.7649190e-01
   5.1470661e-01
   5.5414059e-01
   5.9475319e-01
   6.3650221e-01
   6.7934390e-01
   7.2323303e-01
   7.6812284e-01
   8.1396514e-01
   8.6071028e-01
   9.0830720e-01
   9.5670346e-01
   1.0058453e+00
   1.0556776e+00
   1.1061441e+00
   1.1571871e+00
   1.2087480e+00
   1.2607670e+00
   1.3131830e+00
   1.3659344e+00
   1.4189582e+00
   1.4721907e+00
   1.5255675e+00
   1.5790235e+00
   1.6324927e+00
   1.6859089e+00
   1.7392051e+00
   1.7923140e+00
   1.8451683e+00
   1.8977001e+00
   1.9498416e+00
   2.0015250e+00
   2.0526825e+00
   2.1032467e+00
   2.1531503e+00
   2.2023265e+00
   2.2507091e+00
   2.2982325e+00
   2.3448318e+00
   2.3904429e+00
   2.4350030e+00
   2.4784501e+00
   2.5207234e+00
   2.5617637e+00
   2.6015129e+00
   2.6399146e+00
   2.6769140e+00
   2.7124582e+00
   2.7464961e+00
   2.7789783e+00
   2.8098579e+00
   2.8390898e+00
   2.8666314e+00
   2.8924422e+00
   2.9164844e+00
   2.9387225e+00
   2.9591236e+00
   2.9776576e+00
   2.9942968e+00
   3.0090166e+00
   3.0217951e+00
   3.0326132e+00
   3.0414549e+00
   3.0483068e+00
   3.0531589e+00
   3.0560039e+00
   3.0568377e+00
   3.0556590e+00
   3.0524697e+00
   3.0472748e+00
   3.0400820e+00
   3.0309024e+00
   3.0197497e+00
   3.0066407e+00
   2.9915951e+00
   2.9746355e+00
   2.9557872e+00
   2.9350784e+00
   2.9125398e+00
   2.8882049e+00
   2.8621096e+00
   2.8342925e+00
   2.8047945e+00
   2.7736586e+00
   2.7409303e+00
   2.7066572e+00
   2.6708888e+00
   2.6336766e+00
   2.5950740e+00
   2.5551361e+00
   2.5139195e+00
   2.4714823e+00
   2.4278843e+00
   2.3831863e+00
   2.3374504e+00
   2.2907396e+00
   2.2431180e+00
   2.1946506e+00
   2.1454029e+00
   2.0954412e+00
   2.0448321e+00
   1.9936430e+00
   1.9419410e+00
   1.8897939e+00
   1.8372692e+00
   1.7844345e+00
   1.7313575e+00
   1.6781052e+00
   1.6247448e+00
   1.5713426e+00
   1.5179647e+00
   1.4646767e+00
   1.4115433e+00
   1.3586285e+00
   1.3059956e+00
   1.2537070e+00
   1.2018241e+00
   1.1504072e+00
   1.0995158e+00
   1.0492081e+00
   9.9954108e-01
   9.5057055e-01
   9.0235108e-01
   8.5493590e-01
   8.0837690e-01
   7.6272460e-01
   7.1802808e-01
   6.7433499e-01
   6.3169154e-01
   5.9014240e-01
   5.4973078e-01
   5.1049833e-01
   4.7248517e-01
   4.3572988e-01
   4.0026946e-01
   3.6613933e-01
   3.3337335e-01
   3.0200379e-01
   2.7206132e-01
   2.4357503e-01
   2.1657242e-01
   1.9107939e-01
   1.6712025e-01
   1.4471772e-01
   1.2389292e-01
   1.0466542e-01
   8.7053154e-02
   7.1072510e-02
   5.6738279e-02
   4.4063668e-02
   3.3060292e-02
   2.3738153e-02
   1.6105588e-02
   1.0169137e-02
   5.9332862e-03
   3.4007806e-03
   2.5784766e-03
   3.4755428e-03
   6.0823154e-03
   1.0392294e-02
   1.6402694e-02
   2.4108924e-02
   3.3504349e-02
   4.4580550e-02
   5.7327446e-02
   7.1733343e-02
   8.7784957e-02
   1.0546742e-01
   1.2476428e-01
   1.4565750e-01
   1.6812746e-01
   1.9215296e-01
   2.1771120e-01
   2.4477781e-01
   2.7332680e-01
   3.0333061e-01
   3.3476008e-01
   3.6758447e-01
   4.0177143e-01
   4.3728706e-01
   4.7409585e-01
   5.1216074e-01
   5.5144309e-01
   5.9190272e-01
   6.3349790e-01
   6.7618540e-01
   7.1992045e-01
   7.6465682e-01
   8.1034678e-01
   8.5694121e-01
   9.0438954e-01
   9.5263983e-01
   1.0016388e+00
   1.0513319e+00
   1.1016632e+00
   1.1525756e+00
   1.2040110e+00
   1.2559099e+00
   1.3082119e+00
   1.3608555e+00
   1.4137784e+00
   1.4669173e+00
   1.5202082e+00
   1.5735861e+00
   1.6269856e+00
   1.6803407e+00
   1.7335849e+00
   1.7866512e+00
   1.8394723e+00
   1.8919808e+00
   1.9441091e+00
   1.9957894e+00
   2.0469543e+00
   2.0975364e+00
   2.1474686e+00
   2.1966842e+00
   2.2451170e+00
   2.2927013e+00
   2.3393725e+00
   2.3850663e+00
   2.4297199e+00
   2.4732711e+00
   2.5156591e+00
   2.5568245e+00
   2.5967090e+00
   2.6352561e+00
   2.6724107e+00
   2.7081196e+00
   2.7423314e+00
   2.7749966e+00
   2.8060676e+00
   2.8354993e+00
   2.8632485e+00
   2.8892743e+00
   2.9135386e+00
   2.9360052e+00
   2.9566410e+00
   2.9754152e+00
   2.9922997e+00
   3.0072695e+00
   3.0203019e+00
   3.0313774e+00
   3.0404793e+00
   3.0475939e+00
   3.0527104e+00
   3.0558211e+00
   3.0569211e+00
   3.0560087e+00
   3.0530851e+00
   3.0481548e+00
   3.0412250e+00
   3.0323059e+00
   3.0214109e+00
   3.0085563e+00
   2.9937611e+00
   2.9770473e+00
   2.9584399e+00
   2.9379664e+00
   2.9156570e+00
   2.8915449e+00
   2.8656655e+00
   2.8380568e+00
   2.8087593e+00
   2.7778158e+00
   2.7452713e+00
   2.7111731e+00
   2.6755703e+00
   2.6385142e+00
   2.6000579e+00
   2.5602562e+00
   2.5191655e+00
   2.4768440e+00
   2.4333509e+00
   2.3887472e+00
   2.3430946e+00
   2.2964564e+00
   2.2488965e+00
   2.2004798e+00
   2.1512720e+00
   2.1013393e+00
   2.0507486e+00
   1.9995671e+00
   1.9478623e+00
   1.8957020e+00
   1.8431539e+00
   1.7902861e+00
   1.7371661e+00
   1.6838615e+00
   1.6304395e+00
   1.5769670e+00
   1.5235104e+00
   1.4701354e+00
   1.4169073e+00
   1.3638905e+00
   1.3111486e+00
   1.2587444e+00
   1.2067399e+00
   1.1551957e+00
   1.1041718e+00
   1.0537269e+00
   1.0039183e+00
   9.5480252e-01
   9.0643451e-01
   8.5886800e-01
   8.1215540e-01
   7.6634771e-01
   7.2149452e-01
   6.7764399e-01
   6.3484280e-01
   5.9313615e-01
   5.5256772e-01
   5.1317965e-01
   4.7501253e-01
   4.3810542e-01
   4.0249576e-01
   3.6821945e-01
   3.3531076e-01
   3.0380239e-01
   2.7372542e-01
   2.4510934e-01
   2.1798203e-01
   1.9236974e-01
   1.6829714e-01
   1.4578726e-01
   1.2486155e-01
   1.0553983e-01
   8.7840332e-02
   7.1779664e-02
   5.7372832e-02
   4.4633225e-02
   3.3572599e-02
   2.4201039e-02
   1.6526872e-02
   1.0556458e-02
   6.2938394e-03
   3.7415665e-03
   2.9094228e-03
