   1.8694552e-05
   9.1894856e-05
   2.7960701e-04
   5.8657817e-04
   1.0136363e-03
   1.5605660e-03
   2.2268773e-03
   3.0119210e-03
   3.9149148e-03
   4.9349508e-03
   6.0709989e-03
   7.3219078e-03
   8.6864060e-03
   1.0163102e-02
   1.1750486e-02
   1.3446929e-02
   1.5250684e-02
   1.7159887e-02
   1.9172558e-02
   2.1286599e-02
   2.3499800e-02
   2.5809836e-02
   2.8214267e-02
   3.0710545e-02
   3.3296009e-02
   3.5967890e-02
   3.8723312e-02
   4.1559292e-02
   4.4472745e-02
   4.7460481e-02
   5.0519214e-02
   5.3645558e-02
   5.6836034e-02
   6.0087068e-02
   6.3394998e-02
   6.6756076e-02
   7.0166470e-02
   7.3622267e-02
   7.7119479e-02
   8.0654045e-02
   8.4221835e-02
   8.7818654e-02
   9.1440247e-02
   9.5082304e-02
   9.8740461e-02
   1.0241031e-01
   1.0608740e-01
   1.0976726e-01
   1.1344535e-01
   1.1711715e-01
   1.2077809e-01
   1.2442359e-01
   1.2804909e-01
   1.3165000e-01
   1.3522174e-01
   1.3875975e-01
   1.4225948e-01
   1.4571642e-01
   1.4912608e-01
   1.5248400e-01
   1.5578579e-01
   1.5902708e-01
   1.6220360e-01
   1.6531111e-01
   1.6834546e-01
   1.7130257e-01
   1.7417846e-01
   1.7696924e-01
   1.7967111e-01
   1.8228039e-01
   1.8479350e-01
   1.8720699e-01
   1.8951753e-01
   1.9172193e-01
   1.9381712e-01
   1.9580020e-01
   1.9766838e-01
   1.9941906e-01
   2.0104979e-01
   2.0255827e-01
   2.0394237e-01
   2.0520015e-01
   2.0632981e-01
   2.0732978e-01
   2.0819861e-01
   2.0893509e-01
   2.0953817e-01
   2.1000698e-01
   2.1034086e-01
   2.1053934e-01
   2.1060212e-01
   2.1052913e-01
   2.1032047e-01
   2.0997642e-01
   2.0949749e-01
   2.0888435e-01
   2.0813788e-01
   2.0725914e-01
   2.0624937e-01
   2.0511001e-01
   2.0384266e-01
   2.0244913e-01
   2.0093137e-01
   1.9929153e-01
   1.9753191e-01
   1.9565498e-01
   1.9366336e-01
   1.9155983e-01
   1.8934732e-01
   1.8702890e-01
   1.8460777e-01
   1.8208727e-01
   1.7947088e-01
   1.7676216e-01
   1.7396481e-01
   1.7108264e-01
   1.6811954e-01
   1.6507951e-01
   1.6196662e-01
   1.5878505e-01
   1.5553901e-01
   1.5223282e-01
   1.4887081e-01
   1.4545741e-01
   1.4199706e-01
   1.3849425e-01
   1.3495351e-01
   1.3137939e-01
   1.2777645e-01
   1.2414926e-01
   1.2050241e-01
   1.1684048e-01
   1.1316803e-01
   1.0948963e-01
   1.0580982e-01
   1.0213312e-01
   9.8463990e-02
   9.4806894e-02
   9.1166234e-02
   8.7546367e-02
   8.3951601e-02
   8.0386185e-02
   7.6854310e-02
   7.3360100e-02
   6.9907612e-02
   6.6500828e-02
   6.3143653e-02
   5.9839914e-02
   5.6593352e-02
   5.3407623e-02
   5.0286291e-02
   4.7232829e-02
   4.4250614e-02
   4.1342926e-02
   3.8512946e-02
   3.5763749e-02
   3.3098311e-02
   3.0519499e-02
   2.8030072e-02
   2.5632683e-02
   2.3329871e-02
   2.1124065e-02
   1.9017582e-02
   1.7012622e-02
   1.5111273e-02
   1.3315506e-02
   1.1627175e-02
   1.0048016e-02
   8.5796495e-03
   7.2235752e-03
   5.9811743e-03
   4.8537084e-03
   3.8423189e-03
   2.9480257e-03
   2.1717263e-03
   1.5141923e-03
   9.7606061e-04
   5.5780329e-04
   2.5958844e-04
   8.0283841e-05
   1.4036314e-05
   8.9473796e-05
   2.7736164e-04
   5.8436669e-04
   1.0114189e-03
   1.5583162e-03
   2.2245719e-03
   3.0095386e-03
   3.9124351e-03
   4.9323547e-03
   6.0682681e-03
   7.3190251e-03
   8.6833552e-03
   1.0159868e-02
   1.1747055e-02
   1.3443288e-02
   1.5246821e-02
   1.7155792e-02
   1.9168220e-02
   2.1282012e-02
   2.3494957e-02
   2.5804731e-02
   2.8208898e-02
   3.0704908e-02
   3.3290103e-02
   3.5961715e-02
   3.8716870e-02
   4.1552586e-02
   4.4465779e-02
   4.7453262e-02
   5.0511749e-02
   5.3637856e-02
   5.6828104e-02
   6.0078922e-02
   6.3386649e-02
   6.6747538e-02
   7.0157758e-02
   7.3613398e-02
   7.7110471e-02
   8.0644916e-02
   8.4212605e-02
   8.7809344e-02
   9.1430880e-02
   9.5072901e-02
   9.8731047e-02
   1.0240091e-01
   1.0607804e-01
   1.0975796e-01
   1.1343615e-01
   1.1710806e-01
   1.2076915e-01
   1.2441483e-01
   1.2804053e-01
   1.3164166e-01
   1.3521366e-01
   1.3875196e-01
   1.4225201e-01
   1.4570930e-01
   1.4911933e-01
   1.5247765e-01
   1.5577987e-01
   1.5902162e-01
   1.6219862e-01
   1.6530664e-01
   1.6834152e-01
   1.7129919e-01
   1.7417567e-01
   1.7696706e-01
   1.7966956e-01
   1.8227948e-01
   1.8479326e-01
   1.8720744e-01
   1.8951869e-01
   1.9172381e-01
   1.9381974e-01
   1.9580356e-01
   1.9767251e-01
   1.9942397e-01
   2.0105547e-01
   2.0256474e-01
   2.0394964e-01
   2.0520821e-01
   2.0633869e-01
   2.0733945e-01
   2.0820909e-01
   2.0894637e-01
   2.0955025e-01
   2.1001985e-01
   2.1035451e-01
   2.1055377e-01
   2.1061732e-01
   2.1054508e-01
   2.1033715e-01
   2.0999383e-01
   2.0951561e-01
   2.0890316e-01
   2.0815736e-01
   2.0727927e-01
   2.0627012e-01
   2.0513137e-01
   2.0386460e-01
   2.0247162e-01
   2.0095439e-01
   1.9931505e-01
   1.9755589e-01
   1.9567940e-01
   1.9368819e-01
   1.9158503e-01
   1.8937287e-01
   1.8705476e-01
   1.8463391e-01
   1.8211366e-01
   1.7949748e-01
   1.7678893e-01
   1.7399173e-01
   1.7110967e-01
   1.6814664e-01
   1.6510665e-01
   1.6199377e-01
   1.5881217e-01
   1.5556608e-01
   1.5225978e-01
   1.4889765e-01
   1.4548409e-01
   1.4202354e-01
   1.3852052e-01
   1.3497953e-01
   1.3140512e-01
   1.2780187e-01
   1.2417435e-01
   1.2052713e-01
   1.1686481e-01
   1.1319196e-01
   1.0951312e-01
   1.0583286e-01
   1.0215567e-01
   9.8486053e-02
   9.4828445e-02
   9.1187256e-02
   8.7566846e-02
   8.3971523e-02
   8.0405539e-02
   7.6873085e-02
   7.3378288e-02
   6.9925204e-02
   6.6517819e-02
   6.3160040e-02
   5.9855693e-02
   5.6608522e-02
   5.3422184e-02
   5.0300244e-02
   4.7246178e-02
   4.4263364e-02
   4.1355083e-02
   3.8524516e-02
   3.5774742e-02
   3.3108737e-02
   3.0529368e-02
   2.8039398e-02
   2.5641478e-02
   2.3338151e-02
   2.1131846e-02
   1.9024880e-02
   1.7019455e-02
   1.5117660e-02
   1.3321467e-02
   1.1632729e-02
   1.0053186e-02
   8.5844561e-03
   7.2280410e-03
   5.9853222e-03
   4.8575618e-03
   3.8459015e-03
   2.9513618e-03
   2.1748405e-03
   1.5171098e-03
   9.7880767e-04
   5.6040941e-04
   2.6209719e-04
   8.2864304e-05
   1.8694552e-05
