   7.5098923e+04
   7.5084288e+04
   7.5040954e+04
   7.4968791e+04
   7.4867581e+04
   7.4737023e+04
   7.4576732e+04
   7.4386245e+04
   7.4165023e+04
   7.3912459e+04
   7.3627880e+04
   7.3310552e+04
   7.2959692e+04
   7.2574473e+04
   7.2154032e+04
   7.1697478e+04
   7.1203905e+04
   7.0672401e+04
   7.0102058e+04
   6.9491986e+04
   6.8841324e+04
   6.8149252e+04
   6.7415010e+04
   6.6637903e+04
   6.5817322e+04
   6.4952758e+04
   6.4043811e+04
   6.3090213e+04
   6.2091836e+04
   6.1048707e+04
   5.9961026e+04
   5.8829174e+04
   5.7653729e+04
   5.6435477e+04
   5.5175422e+04
   5.3874794e+04
   5.2535059e+04
   5.1157925e+04
   4.9745343e+04
   4.8299514e+04
   4.6822885e+04
   4.5318148e+04
   4.3788237e+04
   4.2236317e+04
   4.0665777e+04
   3.9080215e+04
   3.7483424e+04
   3.5879372e+04
   3.4272183e+04
   3.2666110e+04
   3.1065512e+04
   2.9474824e+04
   2.7898526e+04
   2.6341112e+04
   2.4807053e+04
   2.3300765e+04
   2.1826571e+04
   2.0388665e+04
   1.8991076e+04
   1.7637632e+04
   1.6331924e+04
   1.5077275e+04
   1.3876704e+04
   1.2732902e+04
   1.1648204e+04
   1.0624566e+04
   9.6635439e+03
   8.7662818e+03
   7.9334998e+03
   7.1654879e+03
   6.4621049e+03
   5.8227821e+03
   5.2465321e+03
   4.7319614e+03
   4.2772894e+03
   3.8803706e+03
   3.5387217e+03
   3.2495520e+03
   3.0097981e+03
   2.8161605e+03
   2.6651433e+03
   2.5530959e+03
   2.4762549e+03
   2.4307877e+03
   2.4128355e+03
   2.4185554e+03
   2.4441616e+03
   2.4859645e+03
   2.5404075e+03
   2.6041001e+03
   2.6738491e+03
   2.7466840e+03
   2.8198804e+03
   2.8909776e+03
   2.9577924e+03
   3.0184283e+03
   3.0712805e+03
   3.1150359e+03
   3.1486698e+03
   3.1714381e+03
   3.1828657e+03
   3.1827326e+03
   3.1710558e+03
   3.1480702e+03
   3.1142064e+03
   3.0700678e+03
   3.0164063e+03
   2.9540974e+03
   2.8841156e+03
   2.8075098e+03
   2.7253797e+03
   2.6388528e+03
   2.5490637e+03
   2.4571337e+03
   2.3641537e+03
   2.2711683e+03
   2.1791621e+03
   2.0890483e+03
   2.0016598e+03
   1.9177418e+03
   1.8379475e+03
   1.7628348e+03
   1.6928656e+03
   1.6284064e+03
   1.5697308e+03
   1.5170233e+03
   1.4703837e+03
   1.4298334e+03
   1.3953216e+03
   1.3667329e+03
   1.3438940e+03
   1.3265825e+03
   1.3145334e+03
   1.3074479e+03
   1.3049999e+03
   1.3068434e+03
   1.3126192e+03
   1.3219607e+03
   1.3344999e+03
   1.3498718e+03
   1.3677190e+03
   1.3876955e+03
   1.4094695e+03
   1.4327264e+03
   1.4571701e+03
   1.4825247e+03
   1.5085357e+03
   1.5349699e+03
   1.5616158e+03
   1.5882833e+03
   1.6148031e+03
   1.6410259e+03
   1.6668213e+03
   1.6920768e+03
   1.7166963e+03
   1.7405989e+03
   1.7637177e+03
   1.7859979e+03
   1.8073960e+03
   1.8278781e+03
   1.8474186e+03
   1.8659993e+03
   1.8836080e+03
   1.9002377e+03
   1.9158853e+03
   1.9305513e+03
   1.9442385e+03
   1.9569518e+03
   1.9686971e+03
   1.9794814e+03
   1.9893122e+03
   1.9981969e+03
   2.0061427e+03
   2.0131565e+03
   2.0192446e+03
   2.0244124e+03
   2.0286648e+03
   2.0320054e+03
   2.0344371e+03
   2.0359616e+03
   2.0365799e+03
   2.0362917e+03
   2.0350955e+03
   2.0329893e+03
   2.0299695e+03
   2.0260319e+03
   2.0211713e+03
   2.0153816e+03
   2.0086558e+03
   2.0009863e+03
   1.9923651e+03
   1.9827837e+03
   1.9722335e+03
   1.9607061e+03
   1.9481936e+03
   1.9346892e+03
   1.9201873e+03
   1.9046843e+03
   1.8881795e+03
   1.8706754e+03
   1.8521789e+03
   1.8327019e+03
   1.8122628e+03
   1.7908873e+03
   1.7686094e+03
   1.7454733e+03
   1.7215342e+03
   1.6968598e+03
   1.6715319e+03
   1.6456473e+03
   1.6193198e+03
   1.5926809e+03
   1.5658813e+03
   1.5390915e+03
   1.5125032e+03
   1.4863295e+03
   1.4608049e+03
   1.4361858e+03
   1.4127495e+03
   1.3907938e+03
   1.3706351e+03
   1.3526064e+03
   1.3370556e+03
   1.3243412e+03
   1.3148297e+03
   1.3088903e+03
   1.3068908e+03
   1.3091914e+03
   1.3161387e+03
   1.3280596e+03
   1.3452536e+03
   1.3679856e+03
   1.3964786e+03
   1.4309056e+03
   1.4713819e+03
   1.5179578e+03
   1.5706116e+03
   1.6292427e+03
   1.6936658e+03
   1.7636064e+03
   1.8386970e+03
   1.9184746e+03
   2.0023799e+03
   2.0897588e+03
   2.1798646e+03
   2.2718634e+03
   2.3648404e+03
   2.4578101e+03
   2.5497267e+03
   2.6394983e+03
   2.7260024e+03
   2.8081037e+03
   2.8846740e+03
   2.9546128e+03
   3.0168708e+03
   3.0704731e+03
   3.1145439e+03
   3.1483311e+03
   3.1712316e+03
   3.1828146e+03
   3.1828457e+03
   3.1713079e+03
   3.1484220e+03
   3.1146633e+03
   3.0707767e+03
   3.0177876e+03
   2.9570096e+03
   2.8900485e+03
   2.8188014e+03
   2.7454524e+03
   2.6724630e+03
   2.6025588e+03
   2.5387107e+03
   2.4841134e+03
   2.4421579e+03
   2.4164021e+03
   2.4105364e+03
   2.4283478e+03
   2.4736802e+03
   2.5503934e+03
   2.6623214e+03
   2.8132285e+03
   3.0067667e+03
   3.2464331e+03
   3.5355283e+03
   3.8771172e+03
   4.2739916e+03
   4.7286361e+03
   5.2431975e+03
   5.8194577e+03
   6.4588110e+03
   7.1622463e+03
   7.9303332e+03
   8.7632138e+03
   9.6605989e+03
   1.0621769e+04
   1.1645581e+04
   1.2730479e+04
   1.3874506e+04
   1.5075329e+04
   1.6330257e+04
   1.7636268e+04
   1.8990041e+04
   2.0387981e+04
   2.1826262e+04
   2.3300852e+04
   2.4807556e+04
   2.6342049e+04
   2.7899913e+04
   2.9476675e+04
   3.1067838e+04
   3.2668920e+04
   3.4275483e+04
   3.5883167e+04
   3.7487713e+04
   3.9084998e+04
   4.0671048e+04
   4.2242068e+04
   4.3794458e+04
   4.5324826e+04
   4.6830003e+04
   4.8307054e+04
   4.9753284e+04
   5.1166243e+04
   5.2543728e+04
   5.3883786e+04
   5.5184707e+04
   5.6445024e+04
   5.7663504e+04
   5.8839143e+04
   5.9971153e+04
   6.1058957e+04
   6.2102170e+04
   6.3100595e+04
   6.4054203e+04
   6.4963120e+04
   6.5827618e+04
   6.6648094e+04
   6.7425060e+04
   6.8159124e+04
   6.8850982e+04
   6.9501395e+04
   7.0111184e+04
   7.0681212e+04
   7.1212369e+04
   7.1705565e+04
   7.2161713e+04
   7.2581723e+04
   7.2966484e+04
   7.3316862e+04
   7.3633687e+04
   7.3917744e+04
   7.4169766e+04
   7.4390430e+04
   7.4580346e+04
   7.4740054e+04
   7.4870018e+04
   7.4970626e+04
   7.5042181e+04
   7.5084903e+04
   7.5098923e+04
