   9.5597092e+02
   9.5622578e+02
   9.5701597e+02
   9.5834072e+02
   9.6019875e+02
   9.6258829e+02
   9.6550716e+02
   9.6895280e+02
   9.7292235e+02
   9.7741273e+02
   9.8242075e+02
   9.8794317e+02
   9.9397687e+02
   1.0005189e+03
   1.0075666e+03
   1.0151179e+03
   1.0231711e+03
   1.0317253e+03
   1.0407804e+03
   1.0503373e+03
   1.0603977e+03
   1.0709646e+03
   1.0820422e+03
   1.0936360e+03
   1.1057525e+03
   1.1183999e+03
   1.1315874e+03
   1.1453255e+03
   1.1596261e+03
   1.1745018e+03
   1.1899662e+03
   1.2060337e+03
   1.2227190e+03
   1.2400370e+03
   1.2580023e+03
   1.2766291e+03
   1.2959303e+03
   1.3159175e+03
   1.3366001e+03
   1.3579851e+03
   1.3800760e+03
   1.4028726e+03
   1.4263702e+03
   1.4505587e+03
   1.4754223e+03
   1.5009385e+03
   1.5270776e+03
   1.5538017e+03
   1.5810647e+03
   1.6088110e+03
   1.6369756e+03
   1.6654832e+03
   1.6942480e+03
   1.7231737e+03
   1.7521528e+03
   1.7810671e+03
   1.8097877e+03
   1.8381751e+03
   1.8660798e+03
   1.8933429e+03
   1.9197969e+03
   1.9452664e+03
   1.9695698e+03
   1.9925199e+03
   2.0139259e+03
   2.0335949e+03
   2.0513334e+03
   2.0669497e+03
   2.0802553e+03
   2.0910676e+03
   2.0992118e+03
   2.1045230e+03
   2.1068486e+03
   2.1060504e+03
   2.1020068e+03
   2.0946149e+03
   2.0837922e+03
   2.0694788e+03
   2.0516386e+03
   2.0302608e+03
   2.0053612e+03
   1.9769830e+03
   1.9451970e+03
   1.9101025e+03
   1.8718268e+03
   1.8305248e+03
   1.7863784e+03
   1.7395952e+03
   1.6904074e+03
   1.6390697e+03
   1.5858573e+03
   1.5310635e+03
   1.4749974e+03
   1.4179805e+03
   1.3603440e+03
   1.3024253e+03
   1.2445650e+03
   1.1871032e+03
   1.1303761e+03
   1.0747127e+03
   1.0204312e+03
   9.6783608e+02
   9.1721455e+02
   8.6883402e+02
   8.2293926e+02
   7.7975002e+02
   7.3945892e+02
   7.0222969e+02
   6.6819571e+02
   6.3745898e+02
   6.1008939e+02
   5.8612446e+02
   5.6556934e+02
   5.4839733e+02
   5.3455058e+02
   5.2394134e+02
   5.1645334e+02
   5.1194359e+02
   5.1024439e+02
   5.1116565e+02
   5.1449727e+02
   5.2001185e+02
   5.2746741e+02
   5.3661026e+02
   5.4717789e+02
   5.5890190e+02
   5.7151088e+02
   5.8473328e+02
   5.9830012e+02
   6.1194769e+02
   6.2541996e+02
   6.3847100e+02
   6.5086703e+02
   6.6238840e+02
   6.7283132e+02
   6.8200928e+02
   6.8975438e+02
   6.9591830e+02
   7.0037309e+02
   7.0301173e+02
   7.0374842e+02
   7.0251870e+02
   6.9927935e+02
   6.9400805e+02
   6.8670292e+02
   6.7738186e+02
   6.6608175e+02
   6.5285747e+02
   6.3778090e+02
   6.2093975e+02
   6.0243629e+02
   5.8238608e+02
   5.6091660e+02
   5.3816587e+02
   5.1428107e+02
   4.8941708e+02
   4.6373509e+02
   4.3740126e+02
   4.1058529e+02
   3.8345915e+02
   3.5619580e+02
   3.2896791e+02
   3.0194677e+02
   2.7530111e+02
   2.4919609e+02
   2.2379231e+02
   1.9924487e+02
   1.7570258e+02
   1.5330710e+02
   1.3219228e+02
   1.1248348e+02
   9.4297006e+01
   7.7739544e+01
   6.2907718e+01
   4.9887668e+01
   3.8754687e+01
   2.9572919e+01
   2.2395119e+01
   1.7262513e+01
   1.4204774e+01
   1.3239953e+01
   1.4373983e+01
   1.7600271e+01
   2.2900139e+01
   3.0243284e+01
   3.9587852e+01
   5.0880464e+01
   6.4056363e+01
   7.9039662e+01
   9.5743646e+01
   1.1407113e+02
   1.3391490e+02
   1.5515813e+02
   1.7767499e+02
   2.0133118e+02
   2.2598460e+02
   2.5148609e+02
   2.7768016e+02
   3.0440594e+02
   3.3149797e+02
   3.5878732e+02
   3.8610252e+02
   4.1327075e+02
   4.4011898e+02
   4.6647522e+02
   4.9216977e+02
   5.1703656e+02
   5.4091451e+02
   5.6364890e+02
   5.8509282e+02
   6.0510850e+02
   6.2356880e+02
   6.4035854e+02
   6.5537586e+02
   6.6853355e+02
   6.7976024e+02
   6.8900159e+02
   6.9622131e+02
   7.0140212e+02
   7.0454656e+02
   7.0567761e+02
   7.0483917e+02
   7.0209641e+02
   6.9753582e+02
   6.9126512e+02
   6.8341296e+02
   6.7412833e+02
   6.6357980e+02
   6.5195451e+02
   6.3945685e+02
   6.2630705e+02
   6.1273938e+02
   5.9900027e+02
   5.8534616e+02
   5.7204114e+02
   5.5935446e+02
   5.4755794e+02
   5.3692314e+02
   5.2771858e+02
   5.2020681e+02
   5.1464149e+02
   5.1126450e+02
   5.1030310e+02
   5.1196715e+02
   5.1644649e+02
   5.2390848e+02
   5.3449574e+02
   5.4832412e+02
   5.6548095e+02
   5.8602356e+02
   6.0997819e+02
   6.3733916e+02
   6.6806845e+02
   7.0209565e+02
   7.3931827e+02
   7.7960244e+02
   8.2278398e+02
   8.6866984e+02
   9.1703990e+02
   9.6764905e+02
   1.0202296e+03
   1.0744940e+03
   1.1301378e+03
   1.1868425e+03
   1.2442791e+03
   1.3021114e+03
   1.3599994e+03
   1.4176026e+03
   1.4745838e+03
   1.5306119e+03
   1.5853658e+03
   1.6385368e+03
   1.6898319e+03
   1.7389763e+03
   1.7857156e+03
   1.8298183e+03
   1.8710772e+03
   1.9093107e+03
   1.9443644e+03
   1.9761116e+03
   2.0044534e+03
   2.0293194e+03
   2.0506667e+03
   2.0684801e+03
   2.0827706e+03
   2.0935745e+03
   2.1009521e+03
   2.1049860e+03
   2.1057794e+03
   2.1034538e+03
   2.0981476e+03
   2.0900133e+03
   2.0792158e+03
   2.0659298e+03
   2.0503379e+03
   2.0326281e+03
   2.0129922e+03
   1.9916232e+03
   1.9687138e+03
   1.9444546e+03
   1.9190323e+03
   1.8926282e+03
   1.8654173e+03
   1.8375668e+03
   1.8092352e+03
   1.7805715e+03
   1.7517149e+03
   1.7227939e+03
   1.6939264e+03
   1.6652194e+03
   1.6367690e+03
   1.6086607e+03
   1.5809693e+03
   1.5537598e+03
   1.5270872e+03
   1.5009978e+03
   1.4755290e+03
   1.4507103e+03
   1.4265642e+03
   1.4031064e+03
   1.3803468e+03
   1.3582900e+03
   1.3369362e+03
   1.3162819e+03
   1.2963200e+03
   1.2770412e+03
   1.2584339e+03
   1.2404852e+03
   1.2231810e+03
   1.2065067e+03
   1.1904476e+03
   1.1749889e+03
   1.1601166e+03
   1.1458169e+03
   1.1320774e+03
   1.1188864e+03
   1.1062335e+03
   1.0941095e+03
   1.0825064e+03
   1.0714178e+03
   1.0608382e+03
   1.0507638e+03
   1.0411915e+03
   1.0321197e+03
   1.0235476e+03
   1.0154755e+03
   1.0079043e+03
   1.0008358e+03
   9.9427217e+02
   9.8821619e+02
   9.8267084e+02
   9.7763933e+02
   9.7312496e+02
   9.6913099e+02
   9.6566056e+02
   9.6271659e+02
   9.6030169e+02
   9.5841810e+02
   9.5706764e+02
   9.5625164e+02
   9.5597092e+02
