   3.7772674e-01
   3.7772640e-01
   3.7772567e-01
   3.7772451e-01
   3.7772290e-01
   3.7772078e-01
   3.7771809e-01
   3.7771475e-01
   3.7771068e-01
   3.7770577e-01
   3.7769990e-01
   3.7769294e-01
   3.7768475e-01
   3.7767517e-01
   3.7766403e-01
   3.7765116e-01
   3.7763635e-01
   3.7761942e-01
   3.7760013e-01
   3.7757826e-01
   3.7755358e-01
   3.7752584e-01
   3.7749478e-01
   3.7746013e-01
   3.7742162e-01
   3.7737897e-01
   3.7733188e-01
   3.7728005e-01
   3.7722317e-01
   3.7716094e-01
   3.7709304e-01
   3.7701913e-01
   3.7693889e-01
   3.7685199e-01
   3.7675810e-01
   3.7665686e-01
   3.7654794e-01
   3.7643099e-01
   3.7630567e-01
   3.7617164e-01
   3.7602854e-01
   3.7587603e-01
   3.7571377e-01
   3.7554142e-01
   3.7535863e-01
   3.7516508e-01
   3.7496043e-01
   3.7474436e-01
   3.7451654e-01
   3.7427667e-01
   3.7402443e-01
   3.7375951e-01
   3.7348164e-01
   3.7319053e-01
   3.7288590e-01
   3.7256749e-01
   3.7223504e-01
   3.7188832e-01
   3.7152709e-01
   3.7115113e-01
   3.7076024e-01
   3.7035423e-01
   3.6993292e-01
   3.6949614e-01
   3.6904375e-01
   3.6857561e-01
   3.6809161e-01
   3.6759165e-01
   3.6707564e-01
   3.6654351e-01
   3.6599522e-01
   3.6543072e-01
   3.6485002e-01
   3.6425310e-01
   3.6364000e-01
   3.6301075e-01
   3.6236541e-01
   3.6170405e-01
   3.6102679e-01
   3.6033372e-01
   3.5962500e-01
   3.5890076e-01
   3.5816118e-01
   3.5740646e-01
   3.5663680e-01
   3.5585243e-01
   3.5505361e-01
   3.5424059e-01
   3.5341366e-01
   3.5257312e-01
   3.5171930e-01
   3.5085252e-01
   3.4997314e-01
   3.4908154e-01
   3.4817810e-01
   3.4726321e-01
   3.4633731e-01
   3.4540081e-01
   3.4445417e-01
   3.4349786e-01
   3.4253233e-01
   3.4155809e-01
   3.4057562e-01
   3.3958545e-01
   3.3858809e-01
   3.3758409e-01
   3.3657397e-01
   3.3555829e-01
   3.3453762e-01
   3.3351253e-01
   3.3248359e-01
   3.3145138e-01
   3.3041650e-01
   3.2937955e-01
   3.2834111e-01
   3.2730181e-01
   3.2626224e-01
   3.2522301e-01
   3.2418475e-01
   3.2314807e-01
   3.2211358e-01
   3.2108190e-01
   3.2005365e-01
   3.1902945e-01
   3.1800990e-01
   3.1699563e-01
   3.1598724e-01
   3.1498534e-01
   3.1399053e-01
   3.1300342e-01
   3.1202460e-01
   3.1105465e-01
   3.1009416e-01
   3.0914372e-01
   3.0820389e-01
   3.0727523e-01
   3.0635830e-01
   3.0545366e-01
   3.0456184e-01
   3.0368337e-01
   3.0281878e-01
   3.0196858e-01
   3.0113327e-01
   3.0031335e-01
   2.9950931e-01
   2.9872161e-01
   2.9795072e-01
   2.9719709e-01
   2.9646116e-01
   2.9574336e-01
   2.9504411e-01
   2.9436380e-01
   2.9370284e-01
   2.9306161e-01
   2.9244046e-01
   2.9183977e-01
   2.9125986e-01
   2.9070108e-01
   2.9016373e-01
   2.8964813e-01
   2.8915457e-01
   2.8868332e-01
   2.8823464e-01
   2.8780880e-01
   2.8740602e-01
   2.8702654e-01
   2.8667056e-01
   2.8633829e-01
   2.8602990e-01
   2.8574557e-01
   2.8548545e-01
   2.8524970e-01
   2.8503843e-01
   2.8485177e-01
   2.8468981e-01
   2.8455266e-01
   2.8444037e-01
   2.8435302e-01
   2.8429066e-01
   2.8425331e-01
   2.8424099e-01
   2.8425372e-01
   2.8429149e-01
   2.8435427e-01
   2.8444203e-01
   2.8455473e-01
   2.8469230e-01
   2.8485467e-01
   2.8504174e-01
   2.8525342e-01
   2.8548959e-01
   2.8575011e-01
   2.8603485e-01
   2.8634364e-01
   2.8667632e-01
   2.8703270e-01
   2.8741259e-01
   2.8781576e-01
   2.8824200e-01
   2.8869107e-01
   2.8916271e-01
   2.8965667e-01
   2.9017266e-01
   2.9071038e-01
   2.9126955e-01
   2.9184983e-01
   2.9245090e-01
   2.9307242e-01
   2.9371402e-01
   2.9437535e-01
   2.9505601e-01
   2.9575563e-01
   2.9647378e-01
   2.9721006e-01
   2.9796403e-01
   2.9873526e-01
   2.9952329e-01
   3.0032766e-01
   3.0114791e-01
   3.0198353e-01
   3.0283405e-01
   3.0369895e-01
   3.0457772e-01
   3.0546984e-01
   3.0637478e-01
   3.0729199e-01
   3.0822093e-01
   3.0916103e-01
   3.1011174e-01
   3.1107249e-01
   3.1204269e-01
   3.1302176e-01
   3.1400912e-01
   3.1500416e-01
   3.1600628e-01
   3.1701489e-01
   3.1802938e-01
   3.1904913e-01
   3.2007353e-01
   3.2110196e-01
   3.2213382e-01
   3.2316848e-01
   3.2420533e-01
   3.2524375e-01
   3.2628312e-01
   3.2732283e-01
   3.2836227e-01
   3.2940082e-01
   3.3043790e-01
   3.3147288e-01
   3.3250518e-01
   3.3353421e-01
   3.3455939e-01
   3.3558013e-01
   3.3659586e-01
   3.3760604e-01
   3.3861009e-01
   3.3960748e-01
   3.4059768e-01
   3.4158017e-01
   3.4255442e-01
   3.4351995e-01
   3.4447626e-01
   3.4542288e-01
   3.4635935e-01
   3.4728522e-01
   3.4820007e-01
   3.4910346e-01
   3.4999501e-01
   3.5087432e-01
   3.5174102e-01
   3.5259477e-01
   3.5343522e-01
   3.5426205e-01
   3.5507496e-01
   3.5587368e-01
   3.5665792e-01
   3.5742746e-01
   3.5818205e-01
   3.5892148e-01
   3.5964557e-01
   3.6035415e-01
   3.6104705e-01
   3.6172415e-01
   3.6238533e-01
   3.6303049e-01
   3.6365956e-01
   3.6427247e-01
   3.6486919e-01
   3.6544970e-01
   3.6601398e-01
   3.6656207e-01
   3.6709398e-01
   3.6760977e-01
   3.6810951e-01
   3.6859328e-01
   3.6906118e-01
   3.6951333e-01
   3.6994987e-01
   3.7037094e-01
   3.7077670e-01
   3.7116734e-01
   3.7154305e-01
   3.7190402e-01
   3.7225049e-01
   3.7258267e-01
   3.7290082e-01
   3.7320518e-01
   3.7349603e-01
   3.7377363e-01
   3.7403827e-01
   3.7429024e-01
   3.7452984e-01
   3.7475738e-01
   3.7497318e-01
   3.7517755e-01
   3.7537082e-01
   3.7555332e-01
   3.7572539e-01
   3.7588737e-01
   3.7603960e-01
   3.7618242e-01
   3.7631617e-01
   3.7644121e-01
   3.7655787e-01
   3.7666651e-01
   3.7676746e-01
   3.7686108e-01
   3.7694770e-01
   3.7702765e-01
   3.7710128e-01
   3.7716890e-01
   3.7723085e-01
   3.7728744e-01
   3.7733899e-01
   3.7738581e-01
   3.7742818e-01
   3.7746641e-01
   3.7750078e-01
   3.7753157e-01
   3.7755903e-01
   3.7758343e-01
   3.7760502e-01
   3.7762404e-01
   3.7764070e-01
   3.7765523e-01
   3.7766783e-01
   3.7767869e-01
   3.7768800e-01
   3.7769592e-01
   3.7770260e-01
   3.7770820e-01
   3.7771284e-01
   3.7771665e-01
   3.7771971e-01
   3.7772213e-01
   3.7772398e-01
   3.7772532e-01
   3.7772621e-01
   3.7772667e-01
   3.7772674e-01
