   1.0884925e-10
   9.1742380e-09
   3.4634895e-08
   7.6711988e-08
   1.3535806e-07
   2.1050263e-07
   3.0205490e-07
   4.0990416e-07
   5.3391998e-07
   6.7395232e-07
   8.2983178e-07
   1.0013698e-06
   1.1883587e-06
   1.3905724e-06
   1.6077660e-06
   1.8396767e-06
   2.0860238e-06
   2.3465091e-06
   2.6208170e-06
   2.9086155e-06
   3.2095560e-06
   3.5232739e-06
   3.8493892e-06
   4.1875067e-06
   4.5372165e-06
   4.8980949e-06
   5.2697041e-06
   5.6515936e-06
   6.0433002e-06
   6.4443487e-06
   6.8542524e-06
   7.2725139e-06
   7.6986253e-06
   8.1320692e-06
   8.5723193e-06
   9.0188406e-06
   9.4710907e-06
   9.9285199e-06
   1.0390572e-05
   1.0856685e-05
   1.1326292e-05
   1.1798823e-05
   1.2273700e-05
   1.2750348e-05
   1.3228185e-05
   1.3706629e-05
   1.4185098e-05
   1.4663009e-05
   1.5139779e-05
   1.5614826e-05
   1.6087572e-05
   1.6557440e-05
   1.7023857e-05
   1.7486252e-05
   1.7944063e-05
   1.8396730e-05
   1.8843701e-05
   1.9284428e-05
   1.9718374e-05
   2.0145008e-05
   2.0563809e-05
   2.0974265e-05
   2.1375873e-05
   2.1768143e-05
   2.2150594e-05
   2.2522759e-05
   2.2884181e-05
   2.3234419e-05
   2.3573044e-05
   2.3899640e-05
   2.4213809e-05
   2.4515164e-05
   2.4803336e-05
   2.5077974e-05
   2.5338738e-05
   2.5585312e-05
   2.5817390e-05
   2.6034691e-05
   2.6236946e-05
   2.6423907e-05
   2.6595346e-05
   2.6751052e-05
   2.6890834e-05
   2.7014521e-05
   2.7121960e-05
   2.7213020e-05
   2.7287589e-05
   2.7345576e-05
   2.7386910e-05
   2.7411539e-05
   2.7419434e-05
   2.7410584e-05
   2.7385001e-05
   2.7342717e-05
   2.7283782e-05
   2.7208270e-05
   2.7116273e-05
   2.7007904e-05
   2.6883295e-05
   2.6742601e-05
   2.6585993e-05
   2.6413663e-05
   2.6225824e-05
   2.6022705e-05
   2.5804555e-05
   2.5571643e-05
   2.5324253e-05
   2.5062690e-05
   2.4787272e-05
   2.4498340e-05
   2.4196245e-05
   2.3881359e-05
   2.3554068e-05
   2.3214771e-05
   2.2863886e-05
   2.2501840e-05
   2.2129079e-05
   2.1746057e-05
   2.1353244e-05
   2.0951120e-05
   2.0540177e-05
   2.0120918e-05
   1.9693855e-05
   1.9259511e-05
   1.8818416e-05
   1.8371109e-05
   1.7918136e-05
   1.7460052e-05
   1.6997414e-05
   1.6530788e-05
   1.6060743e-05
   1.5587853e-05
   1.5112695e-05
   1.4635847e-05
   1.4157892e-05
   1.3679411e-05
   1.3200988e-05
   1.2723206e-05
   1.2246646e-05
   1.1771889e-05
   1.1299512e-05
   1.0830091e-05
   1.0364196e-05
   9.9023947e-06
   9.4452477e-06
   8.9933112e-06
   8.5471343e-06
   8.1072594e-06
   7.6742206e-06
   7.2485440e-06
   6.8307463e-06
   6.4213349e-06
   6.0208066e-06
   5.6296473e-06
   5.2483317e-06
   4.8773223e-06
   4.5170689e-06
   4.1680083e-06
   3.8305636e-06
   3.5051439e-06
   3.1921435e-06
   2.8919415e-06
   2.6049016e-06
   2.3313716e-06
   2.0716825e-06
   1.8261489e-06
   1.5950680e-06
   1.3787195e-06
   1.1773653e-06
   9.9124904e-07
   8.2059602e-07
   6.6561269e-07
   5.2648657e-07
   4.0338599e-07
   2.9645985e-07
   2.0583750e-07
   1.3162853e-07
   7.3922622e-08
   3.2789126e-08
   8.2741661e-09
   2.4028167e-10
   9.2212693e-09
   3.4682481e-08
   7.6760287e-08
   1.3540721e-07
   2.1055281e-07
   3.0210636e-07
   4.0995719e-07
   5.3397491e-07
   6.7400954e-07
   8.2989172e-07
   1.0014329e-06
   1.1884255e-06
   1.3906434e-06
   1.6078418e-06
   1.8397580e-06
   2.0861111e-06
   2.3466030e-06
   2.6209184e-06
   2.9087251e-06
   3.2096745e-06
   3.5234021e-06
   3.8495278e-06
   4.1876565e-06
   4.5373785e-06
   4.8982697e-06
   5.2698927e-06
   5.6517968e-06
   6.0435188e-06
   6.4445836e-06
   6.8545044e-06
   7.2727838e-06
   7.6989140e-06
   8.1323775e-06
   8.5726480e-06
   9.0191906e-06
   9.4714626e-06
   9.9289145e-06
   1.0390990e-05
   1.0857127e-05
   1.1326759e-05
   1.1799315e-05
   1.2274219e-05
   1.2750893e-05
   1.3228757e-05
   1.3707229e-05
   1.4185726e-05
   1.4663665e-05
   1.5140464e-05
   1.5615540e-05
   1.6088315e-05
   1.6558213e-05
   1.7024659e-05
   1.7487085e-05
   1.7944926e-05
   1.8397623e-05
   1.8844622e-05
   1.9285379e-05
   1.9719355e-05
   2.0146018e-05
   2.0564848e-05
   2.0975332e-05
   2.1376969e-05
   2.1769267e-05
   2.2151745e-05
   2.2523936e-05
   2.2885385e-05
   2.3235648e-05
   2.3574297e-05
   2.3900918e-05
   2.4215109e-05
   2.4516486e-05
   2.4804680e-05
   2.5079337e-05
   2.5340121e-05
   2.5586713e-05
   2.5818808e-05
   2.6036125e-05
   2.6238394e-05
   2.6425369e-05
   2.6596820e-05
   2.6752537e-05
   2.6892329e-05
   2.7016024e-05
   2.7123470e-05
   2.7214536e-05
   2.7289110e-05
   2.7347100e-05
   2.7388435e-05
   2.7413065e-05
   2.7420958e-05
   2.7412106e-05
   2.7386520e-05
   2.7344230e-05
   2.7285289e-05
   2.7209769e-05
   2.7117762e-05
   2.7009383e-05
   2.6884762e-05
   2.6744055e-05
   2.6587432e-05
   2.6415087e-05
   2.6227231e-05
   2.6024094e-05
   2.5805926e-05
   2.5572993e-05
   2.5325582e-05
   2.5063996e-05
   2.4788556e-05
   2.4499600e-05
   2.4197480e-05
   2.3882569e-05
   2.3555251e-05
   2.3215927e-05
   2.2865014e-05
   2.2502940e-05
   2.2130150e-05
   2.1747099e-05
   2.1354256e-05
   2.0952102e-05
   2.0541128e-05
   2.0121839e-05
   1.9694745e-05
   1.9260370e-05
   1.8819243e-05
   1.8371905e-05
   1.7918901e-05
   1.7460786e-05
   1.6998117e-05
   1.6531460e-05
   1.6061385e-05
   1.5588465e-05
   1.5113277e-05
   1.4636400e-05
   1.4158415e-05
   1.3679906e-05
   1.3201455e-05
   1.2723645e-05
   1.2247059e-05
   1.1772275e-05
   1.1299873e-05
   1.0830427e-05
   1.0364508e-05
   9.9026830e-06
   9.4455134e-06
   8.9935551e-06
   8.5473572e-06
   8.1074621e-06
   7.6744040e-06
   7.2487089e-06
   6.8308937e-06
   6.4214655e-06
   6.0209213e-06
   5.6297470e-06
   5.2484173e-06
   4.8773946e-06
   4.5171287e-06
   4.1680566e-06
   3.8306012e-06
   3.5051715e-06
   3.1921619e-06
   2.8919515e-06
   2.6049040e-06
   2.3313670e-06
   2.0716717e-06
   1.8261324e-06
   1.5950466e-06
   1.3786937e-06
   1.1773357e-06
   9.9121616e-07
   8.2056031e-07
   6.6557460e-07
   5.2644648e-07
   4.0334424e-07
   2.9641676e-07
   2.0579331e-07
   1.3158345e-07
   7.3876766e-08
   3.2742494e-08
   8.2261806e-09
   1.0884925e-10
