   3.1255850e+01
   3.1255772e+01
   3.1255563e+01
   3.1255216e+01
   3.1254718e+01
   3.1254053e+01
   3.1253201e+01
   3.1252134e+01
   3.1250823e+01
   3.1249232e+01
   3.1247323e+01
   3.1245051e+01
   3.1242367e+01
   3.1239220e+01
   3.1235551e+01
   3.1231302e+01
   3.1226406e+01
   3.1220795e+01
   3.1214396e+01
   3.1207134e+01
   3.1198928e+01
   3.1189696e+01
   3.1179352e+01
   3.1167806e+01
   3.1154967e+01
   3.1140739e+01
   3.1125026e+01
   3.1107728e+01
   3.1088744e+01
   3.1067970e+01
   3.1045302e+01
   3.1020633e+01
   3.0993855e+01
   3.0964861e+01
   3.0933540e+01
   3.0899783e+01
   3.0863481e+01
   3.0824523e+01
   3.0782802e+01
   3.0738207e+01
   3.0690631e+01
   3.0639969e+01
   3.0586114e+01
   3.0528965e+01
   3.0468419e+01
   3.0404379e+01
   3.0336748e+01
   3.0265433e+01
   3.0190346e+01
   3.0111399e+01
   3.0028510e+01
   2.9941602e+01
   2.9850600e+01
   2.9755435e+01
   2.9656043e+01
   2.9552364e+01
   2.9444346e+01
   2.9331939e+01
   2.9215102e+01
   2.9093798e+01
   2.8967998e+01
   2.8837677e+01
   2.8702819e+01
   2.8563412e+01
   2.8419455e+01
   2.8270950e+01
   2.8117907e+01
   2.7960344e+01
   2.7798287e+01
   2.7631767e+01
   2.7460823e+01
   2.7285502e+01
   2.7105857e+01
   2.6921951e+01
   2.6733849e+01
   2.6541629e+01
   2.6345371e+01
   2.6145164e+01
   2.5941105e+01
   2.5733294e+01
   2.5521841e+01
   2.5306859e+01
   2.5088469e+01
   2.4866797e+01
   2.4641975e+01
   2.4414139e+01
   2.4183431e+01
   2.3949996e+01
   2.3713986e+01
   2.3475554e+01
   2.3234859e+01
   2.2992063e+01
   2.2747329e+01
   2.2500825e+01
   2.2252719e+01
   2.2003185e+01
   2.1752393e+01
   2.1500520e+01
   2.1247739e+01
   2.0994227e+01
   2.0740158e+01
   2.0485710e+01
   2.0231057e+01
   1.9976373e+01
   1.9721832e+01
   1.9467605e+01
   1.9213863e+01
   1.8960774e+01
   1.8708502e+01
   1.8457212e+01
   1.8207063e+01
   1.7958212e+01
   1.7710813e+01
   1.7465016e+01
   1.7220967e+01
   1.6978810e+01
   1.6738681e+01
   1.6500716e+01
   1.6265044e+01
   1.6031791e+01
   1.5801076e+01
   1.5573016e+01
   1.5347722e+01
   1.5125301e+01
   1.4905854e+01
   1.4689478e+01
   1.4476264e+01
   1.4266299e+01
   1.4059667e+01
   1.3856443e+01
   1.3656701e+01
   1.3460509e+01
   1.3267930e+01
   1.3079022e+01
   1.2893840e+01
   1.2712435e+01
   1.2534851e+01
   1.2361130e+01
   1.2191311e+01
   1.2025427e+01
   1.1863508e+01
   1.1705581e+01
   1.1551669e+01
   1.1401792e+01
   1.1255968e+01
   1.1114209e+01
   1.0976528e+01
   1.0842933e+01
   1.0713430e+01
   1.0588023e+01
   1.0466714e+01
   1.0349502e+01
   1.0236387e+01
   1.0127365e+01
   1.0022430e+01
   9.9215770e+00
   9.8247979e+00
   9.7320845e+00
   9.6434278e+00
   9.5588177e+00
   9.4782439e+00
   9.4016955e+00
   9.3291612e+00
   9.2606297e+00
   9.1960894e+00
   9.1355290e+00
   9.0789373e+00
   9.0263031e+00
   8.9776159e+00
   8.9328654e+00
   8.8920418e+00
   8.8551361e+00
   8.8221398e+00
   8.7930450e+00
   8.7678449e+00
   8.7465333e+00
   8.7291050e+00
   8.7155555e+00
   8.7058814e+00
   8.7000803e+00
   8.6981508e+00
   8.7000922e+00
   8.7059052e+00
   8.7155912e+00
   8.7291526e+00
   8.7465930e+00
   8.7679166e+00
   8.7931289e+00
   8.8222358e+00
   8.8552444e+00
   8.8921625e+00
   8.9329986e+00
   8.9777617e+00
   9.0264616e+00
   9.0791086e+00
   9.1357134e+00
   9.1962869e+00
   9.2608404e+00
   9.3293855e+00
   9.4019334e+00
   9.4784957e+00
   9.5590835e+00
   9.6437078e+00
   9.7323790e+00
   9.8251070e+00
   9.9219010e+00
   1.0022769e+01
   1.0127719e+01
   1.0236758e+01
   1.0349888e+01
   1.0467115e+01
   1.0588441e+01
   1.0713864e+01
   1.0843384e+01
   1.0976997e+01
   1.1114695e+01
   1.1256471e+01
   1.1402314e+01
   1.1552208e+01
   1.1706138e+01
   1.1864084e+01
   1.2026022e+01
   1.2191925e+01
   1.2361763e+01
   1.2535503e+01
   1.2713106e+01
   1.2894532e+01
   1.3079734e+01
   1.3268661e+01
   1.3461261e+01
   1.3657474e+01
   1.3857236e+01
   1.4060480e+01
   1.4267134e+01
   1.4477119e+01
   1.4690354e+01
   1.4906751e+01
   1.5126220e+01
   1.5348662e+01
   1.5573977e+01
   1.5802058e+01
   1.6032793e+01
   1.6266068e+01
   1.6501761e+01
   1.6739746e+01
   1.6979895e+01
   1.7222073e+01
   1.7466142e+01
   1.7711959e+01
   1.7959378e+01
   1.8208248e+01
   1.8458417e+01
   1.8709726e+01
   1.8962016e+01
   1.9215124e+01
   1.9468884e+01
   1.9723128e+01
   1.9977686e+01
   2.0232386e+01
   2.0487055e+01
   2.0741519e+01
   2.0995602e+01
   2.1249129e+01
   2.1501924e+01
   2.1753811e+01
   2.2004615e+01
   2.2254161e+01
   2.2502278e+01
   2.2748793e+01
   2.2993537e+01
   2.3236343e+01
   2.3477046e+01
   2.3715485e+01
   2.3951503e+01
   2.4184943e+01
   2.4415657e+01
   2.4643498e+01
   2.4868324e+01
   2.5089999e+01
   2.5308391e+01
   2.5523374e+01
   2.5734828e+01
   2.5942639e+01
   2.6146698e+01
   2.6346902e+01
   2.6543158e+01
   2.6735375e+01
   2.6923472e+01
   2.7107374e+01
   2.7287013e+01
   2.7462328e+01
   2.7633264e+01
   2.7799777e+01
   2.7961825e+01
   2.8119378e+01
   2.8272411e+01
   2.8420905e+01
   2.8564851e+01
   2.8704245e+01
   2.8839091e+01
   2.8969398e+01
   2.9095184e+01
   2.9216473e+01
   2.9333295e+01
   2.9445685e+01
   2.9553687e+01
   2.9657348e+01
   2.9756723e+01
   2.9851870e+01
   2.9942853e+01
   3.0029743e+01
   3.0112612e+01
   3.0191539e+01
   3.0266606e+01
   3.0337900e+01
   3.0405509e+01
   3.0469528e+01
   3.0530052e+01
   3.0587179e+01
   3.0641011e+01
   3.0691651e+01
   3.0739204e+01
   3.0783775e+01
   3.0825473e+01
   3.0864407e+01
   3.0900685e+01
   3.0934418e+01
   3.0965714e+01
   3.0994684e+01
   3.1021437e+01
   3.1046081e+01
   3.1068725e+01
   3.1089473e+01
   3.1108432e+01
   3.1125704e+01
   3.1141392e+01
   3.1155594e+01
   3.1168408e+01
   3.1179928e+01
   3.1190246e+01
   3.1199453e+01
   3.1207632e+01
   3.1214869e+01
   3.1221241e+01
   3.1226826e+01
   3.1231696e+01
   3.1235919e+01
   3.1239561e+01
   3.1242682e+01
   3.1245340e+01
   3.1247586e+01
   3.1249469e+01
   3.1251033e+01
   3.1252318e+01
   3.1253359e+01
   3.1254185e+01
   3.1254823e+01
   3.1255295e+01
   3.1255616e+01
   3.1255799e+01
   3.1255850e+01
