   5.4946876e+01
   5.4946658e+01
   5.4946037e+01
   5.4945002e+01
   5.4943528e+01
   5.4941585e+01
   5.4939133e+01
   5.4936121e+01
   5.4932493e+01
   5.4928182e+01
   5.4923113e+01
   5.4917202e+01
   5.4910357e+01
   5.4902480e+01
   5.4893461e+01
   5.4883186e+01
   5.4871531e+01
   5.4858367e+01
   5.4843556e+01
   5.4826953e+01
   5.4808408e+01
   5.4787764e+01
   5.4764857e+01
   5.4739520e+01
   5.4711578e+01
   5.4680853e+01
   5.4647161e+01
   5.4610314e+01
   5.4570122e+01
   5.4526389e+01
   5.4478918e+01
   5.4427509e+01
   5.4371960e+01
   5.4312068e+01
   5.4247627e+01
   5.4178432e+01
   5.4104279e+01
   5.4024963e+01
   5.3940279e+01
   5.3850028e+01
   5.3754007e+01
   5.3652021e+01
   5.3543876e+01
   5.3429381e+01
   5.3308351e+01
   5.3180606e+01
   5.3045970e+01
   5.2904275e+01
   5.2755357e+01
   5.2599063e+01
   5.2435245e+01
   5.2263763e+01
   5.2084489e+01
   5.1897300e+01
   5.1702086e+01
   5.1498746e+01
   5.1287190e+01
   5.1067339e+01
   5.0839127e+01
   5.0602496e+01
   5.0357406e+01
   5.0103824e+01
   4.9841734e+01
   4.9571131e+01
   4.9292025e+01
   4.9004437e+01
   4.8708405e+01
   4.8403978e+01
   4.8091221e+01
   4.7770211e+01
   4.7441041e+01
   4.7103816e+01
   4.6758656e+01
   4.6405696e+01
   4.6045081e+01
   4.5676971e+01
   4.5301542e+01
   4.4918977e+01
   4.4529477e+01
   4.4133252e+01
   4.3730524e+01
   4.3321527e+01
   4.2906505e+01
   4.2485714e+01
   4.2059418e+01
   4.1627891e+01
   4.1191415e+01
   4.0750282e+01
   4.0304788e+01
   3.9855239e+01
   3.9401945e+01
   3.8945224e+01
   3.8485395e+01
   3.8022784e+01
   3.7557719e+01
   3.7090532e+01
   3.6621556e+01
   3.6151124e+01
   3.5679571e+01
   3.5207233e+01
   3.4734443e+01
   3.4261533e+01
   3.3788834e+01
   3.3316672e+01
   3.2845373e+01
   3.2375255e+01
   3.1906634e+01
   3.1439821e+01
   3.0975120e+01
   3.0512829e+01
   3.0053241e+01
   2.9596640e+01
   2.9143304e+01
   2.8693501e+01
   2.8247494e+01
   2.7805536e+01
   2.7367870e+01
   2.6934732e+01
   2.6506347e+01
   2.6082933e+01
   2.5664696e+01
   2.5251834e+01
   2.4844535e+01
   2.4442977e+01
   2.4047329e+01
   2.3657748e+01
   2.3274384e+01
   2.2897376e+01
   2.2526854e+01
   2.2162939e+01
   2.1805742e+01
   2.1455365e+01
   2.1111901e+01
   2.0775435e+01
   2.0446044e+01
   2.0123795e+01
   1.9808748e+01
   1.9500957e+01
   1.9200466e+01
   1.8907314e+01
   1.8621531e+01
   1.8343144e+01
   1.8072171e+01
   1.7808624e+01
   1.7552513e+01
   1.7303840e+01
   1.7062602e+01
   1.6828793e+01
   1.6602403e+01
   1.6383417e+01
   1.6171818e+01
   1.5967585e+01
   1.5770695e+01
   1.5581121e+01
   1.5398836e+01
   1.5223810e+01
   1.5056012e+01
   1.4895409e+01
   1.4741967e+01
   1.4595654e+01
   1.4456433e+01
   1.4324271e+01
   1.4199133e+01
   1.4080985e+01
   1.3969794e+01
   1.3865526e+01
   1.3768150e+01
   1.3677635e+01
   1.3593953e+01
   1.3517074e+01
   1.3446973e+01
   1.3383626e+01
   1.3327010e+01
   1.3277105e+01
   1.3233892e+01
   1.3197357e+01
   1.3167484e+01
   1.3144263e+01
   1.3127685e+01
   1.3117744e+01
   1.3114435e+01
   1.3117758e+01
   1.3127714e+01
   1.3144307e+01
   1.3167543e+01
   1.3197430e+01
   1.3233981e+01
   1.3277209e+01
   1.3327129e+01
   1.3383760e+01
   1.3447123e+01
   1.3517239e+01
   1.3594134e+01
   1.3677833e+01
   1.3768364e+01
   1.3865756e+01
   1.3970040e+01
   1.4081249e+01
   1.4199414e+01
   1.4324569e+01
   1.4456749e+01
   1.4595988e+01
   1.4742320e+01
   1.4895780e+01
   1.5056402e+01
   1.5224220e+01
   1.5399266e+01
   1.5581571e+01
   1.5771165e+01
   1.5968077e+01
   1.6172331e+01
   1.6383952e+01
   1.6602959e+01
   1.6829372e+01
   1.7063204e+01
   1.7304465e+01
   1.7553162e+01
   1.7809298e+01
   1.8072869e+01
   1.8343867e+01
   1.8622280e+01
   1.8908088e+01
   1.9201267e+01
   1.9501784e+01
   1.9809603e+01
   2.0124677e+01
   2.0446953e+01
   2.0776373e+01
   2.1112867e+01
   2.1456360e+01
   2.1806766e+01
   2.2163992e+01
   2.2527937e+01
   2.2898488e+01
   2.3275526e+01
   2.3658920e+01
   2.4048532e+01
   2.4444211e+01
   2.4845800e+01
   2.5253129e+01
   2.5666022e+01
   2.6084289e+01
   2.6507734e+01
   2.6936149e+01
   2.7369318e+01
   2.7807015e+01
   2.8249004e+01
   2.8695041e+01
   2.9144873e+01
   2.9598239e+01
   3.0054869e+01
   3.0514487e+01
   3.0976806e+01
   3.1441535e+01
   3.1908376e+01
   3.2377024e+01
   3.2847168e+01
   3.3318494e+01
   3.3790681e+01
   3.4263405e+01
   3.4736339e+01
   3.5209153e+01
   3.5681514e+01
   3.6153088e+01
   3.6623541e+01
   3.7092537e+01
   3.7559744e+01
   3.8024827e+01
   3.8487455e+01
   3.8947300e+01
   3.9404037e+01
   3.9857345e+01
   4.0306907e+01
   4.0752413e+01
   4.1193558e+01
   4.1630044e+01
   4.2061579e+01
   4.2487883e+01
   4.2908681e+01
   4.3323708e+01
   4.3732709e+01
   4.4135440e+01
   4.4531667e+01
   4.4921168e+01
   4.5303732e+01
   4.5679160e+01
   4.6047266e+01
   4.6407877e+01
   4.6760833e+01
   4.7105986e+01
   4.7443203e+01
   4.7772364e+01
   4.8093364e+01
   4.8406111e+01
   4.8710526e+01
   4.9006545e+01
   4.9294118e+01
   4.9573210e+01
   4.9843796e+01
   5.0105869e+01
   5.0359432e+01
   5.0604504e+01
   5.0841114e+01
   5.1069306e+01
   5.1289134e+01
   5.1500667e+01
   5.1703984e+01
   5.1899173e+01
   5.2086337e+01
   5.2265586e+01
   5.2437040e+01
   5.2600831e+01
   5.2757097e+01
   5.2905986e+01
   5.3047652e+01
   5.3182258e+01
   5.3309973e+01
   5.3430971e+01
   5.3545435e+01
   5.3653548e+01
   5.3755501e+01
   5.3851488e+01
   5.3941707e+01
   5.4026356e+01
   5.4105638e+01
   5.4179757e+01
   5.4248916e+01
   5.4313322e+01
   5.4373179e+01
   5.4428692e+01
   5.4480065e+01
   5.4527499e+01
   5.4571196e+01
   5.4611351e+01
   5.4648161e+01
   5.4681815e+01
   5.4712503e+01
   5.4740408e+01
   5.4765707e+01
   5.4788575e+01
   5.4809182e+01
   5.4827689e+01
   5.4844253e+01
   5.4859026e+01
   5.4872152e+01
   5.4883768e+01
   5.4894005e+01
   5.4902985e+01
   5.4910824e+01
   5.4917630e+01
   5.4923502e+01
   5.4928532e+01
   5.4932805e+01
   5.4936394e+01
   5.4939366e+01
   5.4941780e+01
   5.4943684e+01
   5.4945119e+01
   5.4946115e+01
   5.4946697e+01
   5.4946876e+01
