   2.0847878e+02
   2.0847753e+02
   2.0847402e+02
   2.0846817e+02
   2.0845981e+02
   2.0844872e+02
   2.0843463e+02
   2.0841719e+02
   2.0839599e+02
   2.0837059e+02
   2.0834044e+02
   2.0830498e+02
   2.0826355e+02
   2.0821548e+02
   2.0816000e+02
   2.0809631e+02
   2.0802357e+02
   2.0794085e+02
   2.0784722e+02
   2.0774166e+02
   2.0762314e+02
   2.0749056e+02
   2.0734281e+02
   2.0717870e+02
   2.0699706e+02
   2.0679664e+02
   2.0657619e+02
   2.0633443e+02
   2.0607005e+02
   2.0578172e+02
   2.0546810e+02
   2.0512785e+02
   2.0475961e+02
   2.0436201e+02
   2.0393370e+02
   2.0347332e+02
   2.0297952e+02
   2.0245098e+02
   2.0188638e+02
   2.0128444e+02
   2.0064389e+02
   1.9996351e+02
   1.9924211e+02
   1.9847854e+02
   1.9767170e+02
   1.9682054e+02
   1.9592408e+02
   1.9498138e+02
   1.9399159e+02
   1.9295392e+02
   1.9186764e+02
   1.9073213e+02
   1.8954683e+02
   1.8831127e+02
   1.8702509e+02
   1.8568801e+02
   1.8429984e+02
   1.8286050e+02
   1.8137002e+02
   1.7982853e+02
   1.7823626e+02
   1.7659356e+02
   1.7490088e+02
   1.7315879e+02
   1.7136796e+02
   1.6952919e+02
   1.6764337e+02
   1.6571152e+02
   1.6373474e+02
   1.6171427e+02
   1.5965142e+02
   1.5754764e+02
   1.5540446e+02
   1.5322348e+02
   1.5100645e+02
   1.4875515e+02
   1.4647147e+02
   1.4415738e+02
   1.4181492e+02
   1.3944619e+02
   1.3705336e+02
   1.3463864e+02
   1.3220431e+02
   1.2975267e+02
   1.2728608e+02
   1.2480690e+02
   1.2231755e+02
   1.1982042e+02
   1.1731793e+02
   1.1481252e+02
   1.1230658e+02
   1.0980253e+02
   1.0730273e+02
   1.0480956e+02
   1.0232532e+02
   9.9852295e+01
   9.7392726e+01
   9.4948796e+01
   9.2522632e+01
   9.0116300e+01
   8.7731800e+01
   8.5371058e+01
   8.3035926e+01
   8.0728179e+01
   7.8449504e+01
   7.6201507e+01
   7.3985703e+01
   7.1803516e+01
   6.9656280e+01
   6.7545232e+01
   6.5471516e+01
   6.3436180e+01
   6.1440175e+01
   5.9484360e+01
   5.7569493e+01
   5.5696243e+01
   5.3865183e+01
   5.2076794e+01
   5.0331469e+01
   4.8629511e+01
   4.6971139e+01
   4.5356489e+01
   4.3785616e+01
   4.2258498e+01
   4.0775039e+01
   3.9335072e+01
   3.7938363e+01
   3.6584614e+01
   3.5273466e+01
   3.4004506e+01
   3.2777265e+01
   3.1591228e+01
   3.0445831e+01
   2.9340473e+01
   2.8274511e+01
   2.7247272e+01
   2.6258049e+01
   2.5306111e+01
   2.4390702e+01
   2.3511047e+01
   2.2666354e+01
   2.1855817e+01
   2.1078622e+01
   2.0333945e+01
   1.9620959e+01
   1.8938837e+01
   1.8286749e+01
   1.7663871e+01
   1.7069385e+01
   1.6502480e+01
   1.5962354e+01
   1.5448220e+01
   1.4959301e+01
   1.4494839e+01
   1.4054089e+01
   1.3636327e+01
   1.3240850e+01
   1.2866972e+01
   1.2514032e+01
   1.2181392e+01
   1.1868435e+01
   1.1574573e+01
   1.1299239e+01
   1.1041897e+01
   1.0802033e+01
   1.0579164e+01
   1.0372833e+01
   1.0182610e+01
   1.0008095e+01
   9.8489167e+00
   9.7047327e+00
   9.5752292e+00
   9.4601224e+00
   9.3591576e+00
   9.2721101e+00
   9.1987849e+00
   9.1390169e+00
   9.0926709e+00
   9.0596417e+00
   9.0398542e+00
   9.0332632e+00
   9.0398538e+00
   9.0596411e+00
   9.0926702e+00
   9.1390165e+00
   9.1987850e+00
   9.2721112e+00
   9.3591602e+00
   9.4601272e+00
   9.5752370e+00
   9.7047441e+00
   9.8489329e+00
   1.0008117e+01
   1.0182638e+01
   1.0372869e+01
   1.0579210e+01
   1.0802090e+01
   1.1041966e+01
   1.1299322e+01
   1.1574671e+01
   1.1868551e+01
   1.2181527e+01
   1.2514189e+01
   1.2867153e+01
   1.3241057e+01
   1.3636563e+01
   1.4054355e+01
   1.4495138e+01
   1.4959637e+01
   1.5448595e+01
   1.5962772e+01
   1.6502943e+01
   1.7069896e+01
   1.7664434e+01
   1.8287367e+01
   1.8939514e+01
   1.9621699e+01
   2.0334751e+01
   2.1079498e+01
   2.1856767e+01
   2.2667382e+01
   2.3512158e+01
   2.4391900e+01
   2.5307400e+01
   2.6259433e+01
   2.7248755e+01
   2.8276099e+01
   2.9342169e+01
   3.0447641e+01
   3.1593156e+01
   3.2779316e+01
   3.4006684e+01
   3.5275777e+01
   3.6587061e+01
   3.7940952e+01
   3.9337807e+01
   4.0777925e+01
   4.2261540e+01
   4.3788818e+01
   4.5359855e+01
   4.6974674e+01
   4.8633218e+01
   5.0335352e+01
   5.2080858e+01
   5.3869432e+01
   5.5700681e+01
   5.7574122e+01
   5.9489184e+01
   6.1445198e+01
   6.3441402e+01
   6.5476942e+01
   6.7550864e+01
   6.9662120e+01
   7.1809566e+01
   7.3991964e+01
   7.6207981e+01
   7.8456192e+01
   8.0735080e+01
   8.3043043e+01
   8.5378389e+01
   8.7739345e+01
   9.0124059e+01
   9.2530604e+01
   9.4956979e+01
   9.7401119e+01
   9.9860895e+01
   1.0233412e+02
   1.0481857e+02
   1.0731194e+02
   1.0981193e+02
   1.1231618e+02
   1.1482230e+02
   1.1732790e+02
   1.1983056e+02
   1.2232787e+02
   1.2481739e+02
   1.2729673e+02
   1.2976348e+02
   1.3221527e+02
   1.3464974e+02
   1.3706460e+02
   1.3945756e+02
   1.4182642e+02
   1.4416899e+02
   1.4648319e+02
   1.4876696e+02
   1.5101835e+02
   1.5323547e+02
   1.5541652e+02
   1.5755977e+02
   1.5966361e+02
   1.6172650e+02
   1.6374702e+02
   1.6572382e+02
   1.6765570e+02
   1.6954153e+02
   1.7138031e+02
   1.7317113e+02
   1.7491321e+02
   1.7660586e+02
   1.7824853e+02
   1.7984076e+02
   1.8138220e+02
   1.8287262e+02
   1.8431189e+02
   1.8569999e+02
   1.8703699e+02
   1.8832308e+02
   1.8955854e+02
   1.9074373e+02
   1.9187913e+02
   1.9296528e+02
   1.9400283e+02
   1.9499248e+02
   1.9593503e+02
   1.9683134e+02
   1.9768234e+02
   1.9848902e+02
   1.9925242e+02
   1.9997365e+02
   2.0065385e+02
   2.0129421e+02
   2.0189596e+02
   2.0246036e+02
   2.0298869e+02
   2.0348228e+02
   2.0394245e+02
   2.0437055e+02
   2.0476792e+02
   2.0513594e+02
   2.0547596e+02
   2.0578935e+02
   2.0607744e+02
   2.0634159e+02
   2.0658311e+02
   2.0680331e+02
   2.0700348e+02
   2.0718487e+02
   2.0734872e+02
   2.0749623e+02
   2.0762854e+02
   2.0774681e+02
   2.0785210e+02
   2.0794548e+02
   2.0802792e+02
   2.0810040e+02
   2.0816382e+02
   2.0821903e+02
   2.0826684e+02
   2.0830799e+02
   2.0834319e+02
   2.0837306e+02
   2.0839819e+02
   2.0841911e+02
   2.0843628e+02
   2.0845010e+02
   2.0846091e+02
   2.0846900e+02
   2.0847458e+02
   2.0847781e+02
   2.0847878e+02
