   1.3591946e+03
   1.3591597e+03
   1.3590550e+03
   1.3588803e+03
   1.3586351e+03
   1.3583187e+03
   1.3579304e+03
   1.3574689e+03
   1.3569333e+03
   1.3563219e+03
   1.3556334e+03
   1.3548659e+03
   1.3540175e+03
   1.3530862e+03
   1.3520698e+03
   1.3509658e+03
   1.3497719e+03
   1.3484853e+03
   1.3471033e+03
   1.3456230e+03
   1.3440415e+03
   1.3423556e+03
   1.3405621e+03
   1.3386579e+03
   1.3366395e+03
   1.3345036e+03
   1.3322468e+03
   1.3298655e+03
   1.3273563e+03
   1.3247156e+03
   1.3219400e+03
   1.3190259e+03
   1.3159699e+03
   1.3127685e+03
   1.3094184e+03
   1.3059161e+03
   1.3022584e+03
   1.2984423e+03
   1.2944645e+03
   1.2903222e+03
   1.2860124e+03
   1.2815326e+03
   1.2768803e+03
   1.2720529e+03
   1.2670483e+03
   1.2618646e+03
   1.2564999e+03
   1.2509527e+03
   1.2452214e+03
   1.2393051e+03
   1.2332027e+03
   1.2269136e+03
   1.2204374e+03
   1.2137740e+03
   1.2069234e+03
   1.1998861e+03
   1.1926628e+03
   1.1852543e+03
   1.1776619e+03
   1.1698872e+03
   1.1619319e+03
   1.1537982e+03
   1.1454885e+03
   1.1370055e+03
   1.1283520e+03
   1.1195314e+03
   1.1105472e+03
   1.1014032e+03
   1.0921035e+03
   1.0826523e+03
   1.0730543e+03
   1.0633143e+03
   1.0534373e+03
   1.0434287e+03
   1.0332939e+03
   1.0230387e+03
   1.0126689e+03
   1.0021905e+03
   9.9160994e+02
   9.8093347e+02
   9.7016765e+02
   9.5931913e+02
   9.4839468e+02
   9.3740115e+02
   9.2634548e+02
   9.1523468e+02
   9.0407580e+02
   8.9287593e+02
   8.8164218e+02
   8.7038168e+02
   8.5910154e+02
   8.4780885e+02
   8.3651066e+02
   8.2521399e+02
   8.1392578e+02
   8.0265291e+02
   7.9140215e+02
   7.8018020e+02
   7.6899363e+02
   7.5784891e+02
   7.4675237e+02
   7.3571020e+02
   7.2472844e+02
   7.1381300e+02
   7.0296959e+02
   6.9220379e+02
   6.8152098e+02
   6.7092637e+02
   6.6042498e+02
   6.5002166e+02
   6.3972106e+02
   6.2952762e+02
   6.1944561e+02
   6.0947909e+02
   5.9963193e+02
   5.8990781e+02
   5.8031019e+02
   5.7084236e+02
   5.6150740e+02
   5.5230822e+02
   5.4324751e+02
   5.3432780e+02
   5.2555142e+02
   5.1692053e+02
   5.0843711e+02
   5.0010298e+02
   4.9191978e+02
   4.8388899e+02
   4.7601195e+02
   4.6828982e+02
   4.6072364e+02
   4.5331431e+02
   4.4606256e+02
   4.3896904e+02
   4.3203424e+02
   4.2525855e+02
   4.1864224e+02
   4.1218550e+02
   4.0588838e+02
   3.9975087e+02
   3.9377286e+02
   3.8795415e+02
   3.8229449e+02
   3.7679353e+02
   3.7145088e+02
   3.6626607e+02
   3.6123861e+02
   3.5636791e+02
   3.5165340e+02
   3.4709442e+02
   3.4269031e+02
   3.3844036e+02
   3.3434385e+02
   3.3040005e+02
   3.2660821e+02
   3.2296754e+02
   3.1947730e+02
   3.1613671e+02
   3.1294499e+02
   3.0990140e+02
   3.0700517e+02
   3.0425557e+02
   3.0165187e+02
   2.9919337e+02
   2.9687939e+02
   2.9470927e+02
   2.9268237e+02
   2.9079810e+02
   2.8905589e+02
   2.8745519e+02
   2.8599552e+02
   2.8467641e+02
   2.8349743e+02
   2.8245820e+02
   2.8155839e+02
   2.8079769e+02
   2.8017584e+02
   2.7969265e+02
   2.7934794e+02
   2.7914159e+02
   2.7907355e+02
   2.7914377e+02
   2.7935228e+02
   2.7969916e+02
   2.8018451e+02
   2.8080850e+02
   2.8157133e+02
   2.8247326e+02
   2.8351457e+02
   2.8469561e+02
   2.8601676e+02
   2.8747844e+02
   2.8908110e+02
   2.9082524e+02
   2.9271140e+02
   2.9474015e+02
   2.9691208e+02
   2.9922782e+02
   3.0168802e+02
   3.0429337e+02
   3.0704457e+02
   3.0994233e+02
   3.1298740e+02
   3.1618053e+02
   3.1952248e+02
   3.2301400e+02
   3.2665588e+02
   3.3044887e+02
   3.3439374e+02
   3.3849124e+02
   3.4274212e+02
   3.4714708e+02
   3.5170683e+02
   3.5642204e+02
   3.6129335e+02
   3.6632135e+02
   3.7150662e+02
   3.7684965e+02
   3.8235090e+02
   3.8801079e+02
   3.9382964e+02
   3.9980771e+02
   4.0594521e+02
   4.1224224e+02
   4.1869882e+02
   4.2531489e+02
   4.3209027e+02
   4.3902469e+02
   4.4611777e+02
   4.5336901e+02
   4.6077777e+02
   4.6834331e+02
   4.7606474e+02
   4.8394104e+02
   4.9197102e+02
   5.0015337e+02
   5.0848660e+02
   5.1696908e+02
   5.2559899e+02
   5.3437436e+02
   5.4329302e+02
   5.5235266e+02
   5.6155074e+02
   5.7088458e+02
   5.8035127e+02
   5.8994774e+02
   5.9967070e+02
   6.0951669e+02
   6.1948204e+02
   6.2956289e+02
   6.3975516e+02
   6.5005462e+02
   6.6045680e+02
   6.7095706e+02
   6.8155057e+02
   6.9223229e+02
   7.0299704e+02
   7.1383941e+02
   7.2475385e+02
   7.3573463e+02
   7.4677586e+02
   7.5787150e+02
   7.6901536e+02
   7.8020110e+02
   7.9142226e+02
   8.0267227e+02
   8.1394445e+02
   8.2523199e+02
   8.3652804e+02
   8.4782565e+02
   8.5911781e+02
   8.7039745e+02
   8.8165750e+02
   8.9289083e+02
   9.0409033e+02
   9.1524888e+02
   9.2635939e+02
   9.3741480e+02
   9.4840810e+02
   9.5933236e+02
   9.7018071e+02
   9.8094640e+02
   9.9162276e+02
   1.0022033e+03
   1.0126815e+03
   1.0230513e+03
   1.0333066e+03
   1.0434413e+03
   1.0534500e+03
   1.0633269e+03
   1.0730670e+03
   1.0826650e+03
   1.0921162e+03
   1.1014160e+03
   1.1105601e+03
   1.1195443e+03
   1.1283650e+03
   1.1370185e+03
   1.1455016e+03
   1.1538113e+03
   1.1619450e+03
   1.1699003e+03
   1.1776750e+03
   1.1852674e+03
   1.1926758e+03
   1.1998992e+03
   1.2069364e+03
   1.2137869e+03
   1.2204503e+03
   1.2269264e+03
   1.2332153e+03
   1.2393176e+03
   1.2452338e+03
   1.2509649e+03
   1.2565120e+03
   1.2618766e+03
   1.2670601e+03
   1.2720644e+03
   1.2768916e+03
   1.2815437e+03
   1.2860233e+03
   1.2903328e+03
   1.2944748e+03
   1.2984524e+03
   1.3022683e+03
   1.3059256e+03
   1.3094276e+03
   1.3127775e+03
   1.3159786e+03
   1.3190343e+03
   1.3219481e+03
   1.3247234e+03
   1.3273637e+03
   1.3298727e+03
   1.3322536e+03
   1.3345102e+03
   1.3366458e+03
   1.3386639e+03
   1.3405678e+03
   1.3423610e+03
   1.3440466e+03
   1.3456278e+03
   1.3471078e+03
   1.3484895e+03
   1.3497758e+03
   1.3509695e+03
   1.3520732e+03
   1.3530893e+03
   1.3540204e+03
   1.3548685e+03
   1.3556358e+03
   1.3563241e+03
   1.3569352e+03
   1.3574706e+03
   1.3579318e+03
   1.3583199e+03
   1.3586360e+03
   1.3588810e+03
   1.3590554e+03
   1.3591599e+03
   1.3591946e+03
