   2.7233582e+02
   2.7256535e+02
   2.7325059e+02
   2.7439018e+02
   2.7598183e+02
   2.7802230e+02
   2.8050742e+02
   2.8343203e+02
   2.8678995e+02
   2.9057398e+02
   2.9477584e+02
   2.9938613e+02
   3.0439430e+02
   3.0978862e+02
   3.1555611e+02
   3.2168252e+02
   3.2815230e+02
   3.3494854e+02
   3.4205297e+02
   3.4944593e+02
   3.5710633e+02
   3.6501168e+02
   3.7313806e+02
   3.8146015e+02
   3.8995125e+02
   3.9858332e+02
   4.0732701e+02
   4.1615179e+02
   4.2502595e+02
   4.3391675e+02
   4.4279053e+02
   4.5161285e+02
   4.6034861e+02
   4.6896225e+02
   4.7741792e+02
   4.8567969e+02
   4.9371176e+02
   5.0147868e+02
   5.0894563e+02
   5.1607865e+02
   5.2284487e+02
   5.2921287e+02
   5.3515284e+02
   5.4063698e+02
   5.4563966e+02
   5.5013776e+02
   5.5411095e+02
   5.5754185e+02
   5.6041638e+02
   5.6272392e+02
   5.6445752e+02
   5.6561407e+02
   5.6619450e+02
   5.6620384e+02
   5.6565136e+02
   5.6455062e+02
   5.6291945e+02
   5.6078001e+02
   5.5815868e+02
   5.5508600e+02
   5.5159655e+02
   5.4772875e+02
   5.4352469e+02
   5.3902990e+02
   5.3429303e+02
   5.2936562e+02
   5.2430171e+02
   5.1915752e+02
   5.1399106e+02
   5.0886173e+02
   5.0382990e+02
   4.9895653e+02
   4.9430269e+02
   4.8992917e+02
   4.8589600e+02
   4.8226209e+02
   4.7908476e+02
   4.7641936e+02
   4.7431890e+02
   4.7283364e+02
   4.7201078e+02
   4.7189411e+02
   4.7252374e+02
   4.7393582e+02
   4.7616232e+02
   4.7923078e+02
   4.8316416e+02
   4.8798073e+02
   4.9369388e+02
   5.0031210e+02
   5.0783892e+02
   5.1627286e+02
   5.2560749e+02
   5.3583143e+02
   5.4692843e+02
   5.5887747e+02
   5.7165290e+02
   5.8522456e+02
   5.9955796e+02
   6.1461450e+02
   6.3035166e+02
   6.4672324e+02
   6.6367967e+02
   6.8116819e+02
   6.9913324e+02
   7.1751673e+02
   7.3625834e+02
   7.5529590e+02
   7.7456572e+02
   7.9400293e+02
   8.1354186e+02
   8.3311641e+02
   8.5266042e+02
   8.7210800e+02
   8.9139396e+02
   9.1045416e+02
   9.2922582e+02
   9.4764792e+02
   9.6566151e+02
   9.8321005e+02
   1.0002397e+03
   1.0166996e+03
   1.0325421e+03
   1.0477231e+03
   1.0622022e+03
   1.0759429e+03
   1.0889126e+03
   1.1010832e+03
   1.1124305e+03
   1.1229350e+03
   1.1325813e+03
   1.1413587e+03
   1.1492605e+03
   1.1562847e+03
   1.1624332e+03
   1.1677124e+03
   1.1721325e+03
   1.1757075e+03
   1.1784553e+03
   1.1803971e+03
   1.1815575e+03
   1.1819640e+03
   1.1816472e+03
   1.1806400e+03
   1.1789777e+03
   1.1766977e+03
   1.1738392e+03
   1.1704429e+03
   1.1665507e+03
   1.1622058e+03
   1.1574518e+03
   1.1523330e+03
   1.1468941e+03
   1.1411798e+03
   1.1352345e+03
   1.1291024e+03
   1.1228271e+03
   1.1164516e+03
   1.1100179e+03
   1.1035671e+03
   1.0971388e+03
   1.0907717e+03
   1.0845029e+03
   1.0783681e+03
   1.0724011e+03
   1.0666345e+03
   1.0610987e+03
   1.0558226e+03
   1.0508331e+03
   1.0461553e+03
   1.0418123e+03
   1.0378253e+03
   1.0342134e+03
   1.0309939e+03
   1.0281819e+03
   1.0257906e+03
   1.0238311e+03
   1.0223126e+03
   1.0212419e+03
   1.0206243e+03
   1.0204626e+03
   1.0207577e+03
   1.0215086e+03
   1.0227120e+03
   1.0243628e+03
   1.0264536e+03
   1.0289752e+03
   1.0319162e+03
   1.0352632e+03
   1.0390009e+03
   1.0431119e+03
   1.0475767e+03
   1.0523739e+03
   1.0574803e+03
   1.0628705e+03
   1.0685174e+03
   1.0743919e+03
   1.0804633e+03
   1.0866989e+03
   1.0930646e+03
   1.0995245e+03
   1.1060412e+03
   1.1125761e+03
   1.1190891e+03
   1.1255389e+03
   1.1318835e+03
   1.1380796e+03
   1.1440835e+03
   1.1498508e+03
   1.1553369e+03
   1.1604970e+03
   1.1652864e+03
   1.1696607e+03
   1.1735759e+03
   1.1769891e+03
   1.1798582e+03
   1.1821425e+03
   1.1838027e+03
   1.1848016e+03
   1.1851039e+03
   1.1846765e+03
   1.1834893e+03
   1.1815148e+03
   1.1787284e+03
   1.1751091e+03
   1.1706394e+03
   1.1653053e+03
   1.1590969e+03
   1.1520081e+03
   1.1440373e+03
   1.1351869e+03
   1.1254637e+03
   1.1148789e+03
   1.1034482e+03
   1.0911916e+03
   1.0781335e+03
   1.0643026e+03
   1.0497317e+03
   1.0344579e+03
   1.0185219e+03
   1.0019682e+03
   9.8484494e+02
   9.6720326e+02
   9.4909742e+02
   9.3058434e+02
   9.1172331e+02
   8.9257569e+02
   8.7320457e+02
   8.5367438e+02
   8.3405059e+02
   8.1439930e+02
   7.9478689e+02
   7.7527966e+02
   7.5594342e+02
   7.3684316e+02
   7.1804267e+02
   6.9960420e+02
   6.8158807e+02
   6.6405240e+02
   6.4705273e+02
   6.3064174e+02
   6.1486895e+02
   5.9978047e+02
   5.8541868e+02
   5.7182205e+02
   5.5902491e+02
   5.4705724e+02
   5.3594452e+02
   5.2570757e+02
   5.1636242e+02
   5.0792025e+02
   5.0038729e+02
   4.9376478e+02
   4.8804898e+02
   4.8323121e+02
   4.7929784e+02
   4.7623042e+02
   4.7400579e+02
   4.7259622e+02
   4.7196957e+02
   4.7208954e+02
   4.7291586e+02
   4.7440461e+02
   4.7650845e+02
   4.7917701e+02
   4.8235721e+02
   4.8599361e+02
   4.9002881e+02
   4.9440385e+02
   4.9905866e+02
   5.0393241e+02
   5.0896402e+02
   5.1409252e+02
   5.1925755e+02
   5.2439970e+02
   5.2946099e+02
   5.3438523e+02
   5.3911839e+02
   5.4360901e+02
   5.4780843e+02
   5.5167120e+02
   5.5515526e+02
   5.5822224e+02
   5.6083761e+02
   5.6297090e+02
   5.6459575e+02
   5.6569008e+02
   5.6623609e+02
   5.6622026e+02
   5.6563339e+02
   5.6447047e+02
   5.6273062e+02
   5.6041699e+02
   5.5753655e+02
   5.5409996e+02
   5.5012134e+02
   5.4561806e+02
   5.4061051e+02
   5.3512180e+02
   5.2917757e+02
   5.2280566e+02
   5.1603586e+02
   5.0889962e+02
   5.0142978e+02
   4.9366032e+02
   4.8562607e+02
   4.7736245e+02
   4.6890527e+02
   4.6029045e+02
   4.5155381e+02
   4.4273093e+02
   4.3385687e+02
   4.2496608e+02
   4.1609219e+02
   4.0726794e+02
   3.9852501e+02
   3.8989392e+02
   3.8140401e+02
   3.7308331e+02
   3.6495848e+02
   3.5705485e+02
   3.4939631e+02
   3.4200536e+02
   3.3490305e+02
   3.2810904e+02
   3.2164159e+02
   3.1551760e+02
   3.0975260e+02
   3.0436085e+02
   2.9935529e+02
   2.9474767e+02
   2.9054852e+02
   2.8676724e+02
   2.8341209e+02
   2.8049029e+02
   2.7800800e+02
   2.7597036e+02
   2.7438157e+02
   2.7324485e+02
   2.7256247e+02
   2.7233582e+02
