   3.4460161e+02
   3.4471614e+02
   3.4505623e+02
   3.4562036e+02
   3.4640597e+02
   3.4740949e+02
   3.4862636e+02
   3.5005101e+02
   3.5167690e+02
   3.5349654e+02
   3.5550148e+02
   3.5768237e+02
   3.6002899e+02
   3.6253023e+02
   3.6517423e+02
   3.6794831e+02
   3.7083913e+02
   3.7383268e+02
   3.7691436e+02
   3.8006909e+02
   3.8328132e+02
   3.8653522e+02
   3.8981469e+02
   3.9310349e+02
   3.9638538e+02
   3.9964423e+02
   4.0286412e+02
   4.0602951e+02
   4.0912538e+02
   4.1213733e+02
   4.1505179e+02
   4.1785613e+02
   4.2053885e+02
   4.2308967e+02
   4.2549976e+02
   4.2776182e+02
   4.2987024e+02
   4.3182127e+02
   4.3361305e+02
   4.3524583e+02
   4.3672196e+02
   4.3804605e+02
   4.3922494e+02
   4.4026782e+02
   4.4118619e+02
   4.4199385e+02
   4.4270687e+02
   4.4334352e+02
   4.4392416e+02
   4.4447116e+02
   4.4500866e+02
   4.4556249e+02
   4.4615989e+02
   4.4682927e+02
   4.4760001e+02
   4.4850212e+02
   4.4956597e+02
   4.5082194e+02
   4.5230014e+02
   4.5403002e+02
   4.5604004e+02
   4.5835738e+02
   4.6100751e+02
   4.6401395e+02
   4.6739791e+02
   4.7117800e+02
   4.7536998e+02
   4.7998653e+02
   4.8503699e+02
   4.9052727e+02
   4.9645966e+02
   5.0283274e+02
   5.0964139e+02
   5.1687675e+02
   5.2452625e+02
   5.3257375e+02
   5.4099966e+02
   5.4978109e+02
   5.5889210e+02
   5.6830395e+02
   5.7798538e+02
   5.8790292e+02
   5.9802126e+02
   6.0830358e+02
   6.1871190e+02
   6.2920753e+02
   6.3975137e+02
   6.5030431e+02
   6.6082762e+02
   6.7128326e+02
   6.8163419e+02
   6.9184475e+02
   7.0188083e+02
   7.1171019e+02
   7.2130261e+02
   7.3063009e+02
   7.3966694e+02
   7.4838994e+02
   7.5677831e+02
   7.6481378e+02
   7.7248056e+02
   7.7976527e+02
   7.8665690e+02
   7.9314664e+02
   7.9922781e+02
   8.0489566e+02
   8.1014725e+02
   8.1498124e+02
   8.1939773e+02
   8.2339808e+02
   8.2698471e+02
   8.3016091e+02
   8.3293075e+02
   8.3529882e+02
   8.3727018e+02
   8.3885017e+02
   8.4004433e+02
   8.4085834e+02
   8.4129788e+02
   8.4136865e+02
   8.4107631e+02
   8.4042646e+02
   8.3942466e+02
   8.3807644e+02
   8.3638735e+02
   8.3436299e+02
   8.3200907e+02
   8.2933147e+02
   8.2633634e+02
   8.2303012e+02
   8.1941966e+02
   8.1551226e+02
   8.1131577e+02
   8.0683862e+02
   8.0208992e+02
   7.9707946e+02
   7.9181779e+02
   7.8631624e+02
   7.8058696e+02
   7.7464288e+02
   7.6849779e+02
   7.6216623e+02
   7.5566358e+02
   7.4900593e+02
   7.4221011e+02
   7.3529359e+02
   7.2827449e+02
   7.2117143e+02
   7.1400354e+02
   7.0679032e+02
   6.9955162e+02
   6.9230752e+02
   6.8507828e+02
   6.7788420e+02
   6.7074561e+02
   6.6368273e+02
   6.5671562e+02
   6.4986409e+02
   6.4314764e+02
   6.3658535e+02
   6.3019587e+02
   6.2399729e+02
   6.1800714e+02
   6.1224230e+02
   6.0671897e+02
   6.0145259e+02
   5.9645785e+02
   5.9174861e+02
   5.8733788e+02
   5.8323781e+02
   5.7945964e+02
   5.7601369e+02
   5.7290933e+02
   5.7015499e+02
   5.6775811e+02
   5.6572517e+02
   5.6406165e+02
   5.6277203e+02
   5.6185980e+02
   5.6132743e+02
   5.6117638e+02
   5.6140713e+02
   5.6201911e+02
   5.6301075e+02
   5.6437950e+02
   5.6612175e+02
   5.6823294e+02
   5.7070747e+02
   5.7353879e+02
   5.7671933e+02
   5.8024057e+02
   5.8409303e+02
   5.8826628e+02
   5.9274898e+02
   5.9752888e+02
   6.0259284e+02
   6.0792690e+02
   6.1351626e+02
   6.1934536e+02
   6.2539788e+02
   6.3165683e+02
   6.3810458e+02
   6.4472290e+02
   6.5149305e+02
   6.5839582e+02
   6.6541161e+02
   6.7252050e+02
   6.7970232e+02
   6.8693675e+02
   6.9420337e+02
   7.0148177e+02
   7.0875162e+02
   7.1599274e+02
   7.2318523e+02
   7.3030950e+02
   7.3734638e+02
   7.4427717e+02
   7.5108375e+02
   7.5774860e+02
   7.6425487e+02
   7.7058645e+02
   7.7672799e+02
   7.8266494e+02
   7.8838357e+02
   7.9387095e+02
   7.9911502e+02
   8.0410451e+02
   8.0882895e+02
   8.1327862e+02
   8.1744454e+02
   8.2131839e+02
   8.2489246e+02
   8.2815958e+02
   8.3111306e+02
   8.3374661e+02
   8.3605427e+02
   8.3803034e+02
   8.3966929e+02
   8.4096570e+02
   8.4191425e+02
   8.4250960e+02
   8.4274640e+02
   8.4261925e+02
   8.4212270e+02
   8.4125128e+02
   8.3999948e+02
   8.3836186e+02
   8.3633306e+02
   8.3390793e+02
   8.3108160e+02
   8.2784965e+02
   8.2420821e+02
   8.2015412e+02
   8.1568510e+02
   8.1079996e+02
   8.0549870e+02
   7.9978279e+02
   7.9365527e+02
   7.8712097e+02
   7.8018665e+02
   7.7286116e+02
   7.6515560e+02
   7.5708336e+02
   7.4866025e+02
   7.3990457e+02
   7.3083708e+02
   7.2148101e+02
   7.1186201e+02
   7.0200805e+02
   6.9194931e+02
   6.8171798e+02
   6.7134811e+02
   6.6087532e+02
   6.5033654e+02
   6.3976975e+02
   6.2921362e+02
   6.1870715e+02
   6.0828935e+02
   5.9799886e+02
   5.8787353e+02
   5.7795010e+02
   5.6826380e+02
   5.5884801e+02
   5.4973390e+02
   5.4095011e+02
   5.3252252e+02
   5.2447392e+02
   5.1682383e+02
   5.0958833e+02
   5.0277989e+02
   4.9640733e+02
   4.9047570e+02
   4.8498636e+02
   4.7993696e+02
   4.7532157e+02
   4.7113077e+02
   4.6735188e+02
   4.6396908e+02
   4.6096374e+02
   4.5831462e+02
   4.5599819e+02
   4.5398894e+02
   4.5225971e+02
   4.5078202e+02
   4.4952639e+02
   4.4846274e+02
   4.4756067e+02
   4.4678982e+02
   4.4612018e+02
   4.4552241e+02
   4.4496806e+02
   4.4442993e+02
   4.4388220e+02
   4.4330074e+02
   4.4266319e+02
   4.4194922e+02
   4.4114057e+02
   4.4022118e+02
   4.3917726e+02
   4.3799734e+02
   4.3667225e+02
   4.3519514e+02
   4.3356144e+02
   4.3176879e+02
   4.2981699e+02
   4.2770786e+02
   4.2544521e+02
   4.2303464e+02
   4.2048345e+02
   4.1780049e+02
   4.1499604e+02
   4.1208161e+02
   4.0906983e+02
   4.0597429e+02
   4.0280937e+02
   3.9959010e+02
   3.9633203e+02
   3.9305106e+02
   3.8976333e+02
   3.8648509e+02
   3.8323255e+02
   3.8002182e+02
   3.7686874e+02
   3.7378883e+02
   3.7079718e+02
   3.6790838e+02
   3.6513642e+02
   3.6249467e+02
   3.5999576e+02
   3.5765159e+02
   3.5547321e+02
   3.5347087e+02
   3.5165390e+02
   3.5003074e+02
   3.4860888e+02
   3.4739486e+02
   3.4639421e+02
   3.4561151e+02
   3.4505032e+02
   3.4471318e+02
   3.4460161e+02
