   9.9331955e+02
   9.9395528e+02
   9.9579346e+02
   9.9883655e+02
   1.0030886e+03
   1.0085554e+03
   1.0152441e+03
   1.0231635e+03
   1.0323236e+03
   1.0427360e+03
   1.0544131e+03
   1.0673688e+03
   1.0816176e+03
   1.0971750e+03
   1.1140568e+03
   1.1322794e+03
   1.1518591e+03
   1.1728124e+03
   1.1951551e+03
   1.2189023e+03
   1.2440684e+03
   1.2706659e+03
   1.2987060e+03
   1.3281974e+03
   1.3591463e+03
   1.3915557e+03
   1.4254251e+03
   1.4607499e+03
   1.4975206e+03
   1.5357226e+03
   1.5753356e+03
   1.6163327e+03
   1.6586798e+03
   1.7023354e+03
   1.7472494e+03
   1.7933628e+03
   1.8406071e+03
   1.8889034e+03
   1.9381622e+03
   1.9882825e+03
   2.0391516e+03
   2.0906444e+03
   2.1426234e+03
   2.1949379e+03
   2.2474243e+03
   2.2999054e+03
   2.3521913e+03
   2.4040787e+03
   2.4553518e+03
   2.5057823e+03
   2.5551303e+03
   2.6031452e+03
   2.6495664e+03
   2.6941246e+03
   2.7365431e+03
   2.7765396e+03
   2.8138275e+03
   2.8481182e+03
   2.8791232e+03
   2.9065561e+03
   2.9301354e+03
   2.9495869e+03
   2.9646462e+03
   2.9750620e+03
   2.9805985e+03
   2.9810383e+03
   2.9761857e+03
   2.9658691e+03
   2.9499438e+03
   2.9282951e+03
   2.9008402e+03
   2.8675308e+03
   2.8283551e+03
   2.7833396e+03
   2.7325505e+03
   2.6760947e+03
   2.6141207e+03
   2.5468188e+03
   2.4744209e+03
   2.3971997e+03
   2.3154683e+03
   2.2295779e+03
   2.1399162e+03
   2.0469049e+03
   1.9509967e+03
   1.8526721e+03
   1.7524355e+03
   1.6508115e+03
   1.5483401e+03
   1.4455726e+03
   1.3430662e+03
   1.2413798e+03
   1.1410682e+03
   1.0426778e+03
   9.4674092e+02
   8.5377165e+02
   7.6426066e+02
   6.7867097e+02
   5.9743382e+02
   5.2094487e+02
   4.4956080e+02
   3.8359647e+02
   3.2332237e+02
   2.6896274e+02
   2.2069418e+02
   1.7864472e+02
   1.4289353e+02
   1.1347115e+02
   9.0360215e+01
   7.3496724e+01
   6.2771760e+01
   5.8033607e+01
   5.9090233e+01
   6.5712237e+01
   7.7636234e+01
   9.4568455e+01
   1.1618845e+02
   1.4215293e+02
   1.7209972e+02
   2.0565183e+02
   2.4242142e+02
   2.8201383e+02
   3.2403147e+02
   3.6807748e+02
   4.1375935e+02
   4.6069221e+02
   5.0850191e+02
   5.5682785e+02
   6.0532544e+02
   6.5366839e+02
   7.0155052e+02
   7.4868739e+02
   7.9481754e+02
   8.3970341e+02
   8.8313204e+02
   9.2491536e+02
   9.6489028e+02
   1.0029186e+03
   1.0388863e+03
   1.0727034e+03
   1.1043026e+03
   1.1336388e+03
   1.1606874e+03
   1.1854437e+03
   1.2079210e+03
   1.2281494e+03
   1.2461745e+03
   1.2620556e+03
   1.2758644e+03
   1.2876835e+03
   1.2976047e+03
   1.3057279e+03
   1.3121594e+03
   1.3170109e+03
   1.3203980e+03
   1.3224389e+03
   1.3232536e+03
   1.3229627e+03
   1.3216865e+03
   1.3195441e+03
   1.3166526e+03
   1.3131266e+03
   1.3090773e+03
   1.3046121e+03
   1.2998341e+03
   1.2948418e+03
   1.2897287e+03
   1.2845828e+03
   1.2794869e+03
   1.2745176e+03
   1.2697461e+03
   1.2652372e+03
   1.2610500e+03
   1.2572371e+03
   1.2538451e+03
   1.2509144e+03
   1.2484791e+03
   1.2465672e+03
   1.2452002e+03
   1.2443937e+03
   1.2441569e+03
   1.2444926e+03
   1.2453977e+03
   1.2468627e+03
   1.2488719e+03
   1.2514033e+03
   1.2544288e+03
   1.2579139e+03
   1.2618180e+03
   1.2660943e+03
   1.2706897e+03
   1.2755450e+03
   1.2805951e+03
   1.2857686e+03
   1.2909884e+03
   1.2961716e+03
   1.3012300e+03
   1.3060698e+03
   1.3105922e+03
   1.3146939e+03
   1.3182674e+03
   1.3212010e+03
   1.3233802e+03
   1.3246876e+03
   1.3250040e+03
   1.3242089e+03
   1.3221817e+03
   1.3188022e+03
   1.3139522e+03
   1.3075160e+03
   1.2993821e+03
   1.2894441e+03
   1.2776022e+03
   1.2637646e+03
   1.2478491e+03
   1.2297840e+03
   1.2095103e+03
   1.1869828e+03
   1.1621715e+03
   1.1350635e+03
   1.1056640e+03
   1.0739979e+03
   1.0401108e+03
   1.0040705e+03
   9.6596751e+02
   9.2591629e+02
   8.8405564e+02
   8.4054920e+02
   7.9558560e+02
   7.4937838e+02
   7.0216564e+02
   6.5420940e+02
   6.0579462e+02
   5.5722799e+02
   5.0883629e+02
   4.6096451e+02
   4.1397367e+02
   3.6823825e+02
   3.2414341e+02
   2.8208188e+02
   2.4245067e+02
   2.0564748e+02
   1.7206699e+02
   1.4209697e+02
   1.1611430e+02
   9.4480961e+01
   7.7539956e+01
   6.5611397e+01
   5.8988647e+01
   5.7934620e+01
   6.2678193e+01
   7.3410819e+01
   9.0283594e+01
   1.1340477e+02
   1.4283766e+02
   1.7859893e+02
   2.2065732e+02
   2.6893296e+02
   3.2329710e+02
   3.8357248e+02
   4.4953421e+02
   5.2091117e+02
   5.9738798e+02
   6.7860743e+02
   7.6417343e+02
   8.5365438e+02
   9.4658697e+02
   1.0424803e+03
   1.1408203e+03
   1.2410743e+03
   1.3426963e+03
   1.4451313e+03
   1.5478210e+03
   1.6502082e+03
   1.7517421e+03
   1.8518831e+03
   1.9501071e+03
   2.0459104e+03
   2.1388130e+03
   2.2283629e+03
   2.3141392e+03
   2.3957547e+03
   2.4728591e+03
   2.5451401e+03
   2.6123257e+03
   2.6741845e+03
   2.7305272e+03
   2.7812060e+03
   2.8261145e+03
   2.8651871e+03
   2.8983980e+03
   2.9257594e+03
   2.9473201e+03
   2.9631632e+03
   2.9734039e+03
   2.9781871e+03
   2.9776845e+03
   2.9720922e+03
   2.9616276e+03
   2.9465264e+03
   2.9270402e+03
   2.9034329e+03
   2.8759790e+03
   2.8449596e+03
   2.8106610e+03
   2.7733714e+03
   2.7333793e+03
   2.6909708e+03
   2.6464281e+03
   2.6000275e+03
   2.5520379e+03
   2.5027197e+03
   2.4523232e+03
   2.4010879e+03
   2.3492417e+03
   2.2970002e+03
   2.2445662e+03
   2.1921297e+03
   2.1398673e+03
   2.0879424e+03
   2.0365054e+03
   1.9856937e+03
   1.9356322e+03
   1.8864334e+03
   1.8381981e+03
   1.7910157e+03
   1.7449648e+03
   1.7001140e+03
   1.6565221e+03
   1.6142390e+03
   1.5733065e+03
   1.5337582e+03
   1.4956212e+03
   1.4589158e+03
   1.4236566e+03
   1.3898529e+03
   1.3575093e+03
   1.3266265e+03
   1.2972013e+03
   1.2692276e+03
   1.2426966e+03
   1.2175974e+03
   1.1939171e+03
   1.1716416e+03
   1.1507557e+03
   1.1312435e+03
   1.1130888e+03
   1.0962750e+03
   1.0807859e+03
   1.0666055e+03
   1.0537185e+03
   1.0421101e+03
   1.0317668e+03
   1.0226759e+03
   1.0148259e+03
   1.0082067e+03
   1.0028095e+03
   9.9862711e+02
   9.9565379e+02
   9.9388544e+02
   9.9331955e+02
