   1.0446616e-10
   8.8564292e-09
   3.3429513e-08
   7.4036869e-08
   1.3063268e-07
   2.0314891e-07
   2.9149794e-07
   3.9557293e-07
   5.1524800e-07
   6.5037837e-07
   8.0080055e-07
   9.6633254e-07
   1.1467740e-06
   1.3419067e-06
   1.5514943e-06
   1.7752833e-06
   2.0130026e-06
   2.2643646e-06
   2.5290647e-06
   2.8067825e-06
   3.0971817e-06
   3.3999103e-06
   3.7146016e-06
   4.0408744e-06
   4.3783330e-06
   4.7265685e-06
   5.0851586e-06
   5.4536684e-06
   5.8316510e-06
   6.2186478e-06
   6.6141892e-06
   7.0177951e-06
   7.4289755e-06
   7.8472311e-06
   8.2720540e-06
   8.7029280e-06
   9.1393295e-06
   9.5807282e-06
   1.0026587e-05
   1.0476365e-05
   1.0929514e-05
   1.1385483e-05
   1.1843717e-05
   1.2303658e-05
   1.2764746e-05
   1.3226420e-05
   1.3688118e-05
   1.4149276e-05
   1.4609333e-05
   1.5067728e-05
   1.5523901e-05
   1.5977297e-05
   1.6427362e-05
   1.6873547e-05
   1.7315308e-05
   1.7752104e-05
   1.8183403e-05
   1.8608678e-05
   1.9027409e-05
   1.9439084e-05
   1.9843200e-05
   2.0239263e-05
   2.0626789e-05
   2.1005303e-05
   2.1374343e-05
   2.1733456e-05
   2.2082204e-05
   2.2420159e-05
   2.2746908e-05
   2.3062050e-05
   2.3365200e-05
   2.3655985e-05
   2.3934051e-05
   2.4199055e-05
   2.4450673e-05
   2.4688597e-05
   2.4912535e-05
   2.5122212e-05
   2.5317372e-05
   2.5497774e-05
   2.5663198e-05
   2.5813441e-05
   2.5948318e-05
   2.6067664e-05
   2.6171333e-05
   2.6259197e-05
   2.6331148e-05
   2.6387098e-05
   2.6426979e-05
   2.6450742e-05
   2.6458357e-05
   2.6449814e-05
   2.6425126e-05
   2.6384321e-05
   2.6327450e-05
   2.6254583e-05
   2.6165809e-05
   2.6061237e-05
   2.5940996e-05
   2.5805232e-05
   2.5654113e-05
   2.5487824e-05
   2.5306569e-05
   2.5110569e-05
   2.4900067e-05
   2.4675319e-05
   2.4436602e-05
   2.4184207e-05
   2.3918445e-05
   2.3639641e-05
   2.3348137e-05
   2.3044290e-05
   2.2728472e-05
   2.2401070e-05
   2.2062485e-05
   2.1713132e-05
   2.1353438e-05
   2.0983844e-05
   2.0604801e-05
   2.0216774e-05
   1.9820237e-05
   1.9415675e-05
   1.9003583e-05
   1.8584464e-05
   1.8158831e-05
   1.7727204e-05
   1.7290110e-05
   1.6848082e-05
   1.6401661e-05
   1.5951392e-05
   1.5497823e-05
   1.5041509e-05
   1.4583005e-05
   1.4122871e-05
   1.3661669e-05
   1.3199959e-05
   1.2738305e-05
   1.2277268e-05
   1.1817411e-05
   1.1359294e-05
   1.0903473e-05
   1.0450504e-05
   1.0000938e-05
   9.5553208e-06
   9.1141953e-06
   8.6780976e-06
   8.2475576e-06
   7.8230985e-06
   7.4052359e-06
   6.9944773e-06
   6.5913215e-06
   6.1962580e-06
   5.8097662e-06
   5.4323151e-06
   5.0643627e-06
   4.7063552e-06
   4.3587268e-06
   4.0218990e-06
   3.6962802e-06
   3.3822649e-06
   3.0802337e-06
   2.7905526e-06
   2.5135725e-06
   2.2496288e-06
   1.9990412e-06
   1.7621131e-06
   1.5391314e-06
   1.3303661e-06
   1.1360698e-06
   9.5647759e-07
   7.9180694e-07
   6.4225707e-07
   5.0800894e-07
   3.8922497e-07
   2.8604888e-07
   1.9860546e-07
   1.2700049e-07
   7.1320473e-08
   3.1632361e-08
   7.9806481e-09
   2.3316732e-10
   8.9035530e-09
   3.3477360e-08
   7.4085671e-08
   1.3068266e-07
   2.0320036e-07
   2.9155120e-07
   3.9562838e-07
   5.1530606e-07
   6.5043950e-07
   8.0086527e-07
   9.6640138e-07
   1.1468476e-06
   1.3419856e-06
   1.5515791e-06
   1.7753747e-06
   2.0131014e-06
   2.2644713e-06
   2.5291803e-06
   2.8069077e-06
   3.0973171e-06
   3.4000569e-06
   3.7147602e-06
   4.0410457e-06
   4.3785179e-06
   4.7267678e-06
   5.0853732e-06
   5.4538991e-06
   5.8318987e-06
   6.2189132e-06
   6.6144732e-06
   7.0180984e-06
   7.4292990e-06
   7.8475756e-06
   8.2724201e-06
   8.7033165e-06
   9.1397412e-06
   9.5811638e-06
   1.0027047e-05
   1.0476850e-05
   1.0930025e-05
   1.1386020e-05
   1.1844280e-05
   1.2304249e-05
   1.2765365e-05
   1.3227067e-05
   1.3688793e-05
   1.4149980e-05
   1.4610066e-05
   1.5068489e-05
   1.5524692e-05
   1.5978117e-05
   1.6428212e-05
   1.6874426e-05
   1.7316216e-05
   1.7753042e-05
   1.8184370e-05
   1.8609673e-05
   1.9028432e-05
   1.9440135e-05
   1.9844279e-05
   2.0240369e-05
   2.0627921e-05
   2.1006462e-05
   2.1375527e-05
   2.1734665e-05
   2.2083437e-05
   2.2421416e-05
   2.2748187e-05
   2.3063351e-05
   2.3366521e-05
   2.3657326e-05
   2.3935410e-05
   2.4200432e-05
   2.4452066e-05
   2.4690006e-05
   2.4913958e-05
   2.5123648e-05
   2.5318820e-05
   2.5499233e-05
   2.5664666e-05
   2.5814917e-05
   2.5949801e-05
   2.6069152e-05
   2.6172825e-05
   2.6260691e-05
   2.6332644e-05
   2.6388594e-05
   2.6428474e-05
   2.6452234e-05
   2.6459844e-05
   2.6451297e-05
   2.6426601e-05
   2.6385789e-05
   2.6328908e-05
   2.6256031e-05
   2.6167245e-05
   2.6062660e-05
   2.5942404e-05
   2.5806624e-05
   2.5655489e-05
   2.5489181e-05
   2.5307907e-05
   2.5111888e-05
   2.4901365e-05
   2.4676595e-05
   2.4437854e-05
   2.4185436e-05
   2.3919650e-05
   2.3640820e-05
   2.3349290e-05
   2.3045416e-05
   2.2729571e-05
   2.2402141e-05
   2.2063527e-05
   2.1714145e-05
   2.1354422e-05
   2.0984797e-05
   2.0605725e-05
   2.0217667e-05
   1.9821100e-05
   1.9416507e-05
   1.9004384e-05
   1.8585235e-05
   1.8159572e-05
   1.7727914e-05
   1.7290789e-05
   1.6848732e-05
   1.6402281e-05
   1.5951982e-05
   1.5498384e-05
   1.5042041e-05
   1.4583509e-05
   1.4123347e-05
   1.3662117e-05
   1.3200380e-05
   1.2738699e-05
   1.2277638e-05
   1.1817756e-05
   1.1359614e-05
   1.0903770e-05
   1.0450778e-05
   1.0001189e-05
   9.5555513e-06
   9.1144055e-06
   8.6782882e-06
   8.2477295e-06
   7.8232524e-06
   7.4053728e-06
   6.9945980e-06
   6.5914269e-06
   6.1963489e-06
   5.8098435e-06
   5.4323797e-06
   5.0644153e-06
   4.7063967e-06
   4.3587580e-06
   4.0219208e-06
   3.6962932e-06
   3.3822700e-06
   3.0802316e-06
   2.7905439e-06
   2.5135579e-06
   2.2496090e-06
   1.9990168e-06
   1.7620847e-06
   1.5390995e-06
   1.3303312e-06
   1.1360323e-06
   9.5643809e-07
   7.9176572e-07
   6.4221447e-07
   5.0796525e-07
   3.8918044e-07
   2.8600370e-07
   1.9855978e-07
   1.2695440e-07
   7.1274006e-08
   3.1585406e-08
   7.9325615e-09
   1.0446616e-10
