   1.6612144e-07
   5.9229247e-07
   1.8363667e-06
   3.8987914e-06
   6.7776163e-06
   1.0469388e-05
   1.4969566e-05
   2.0272593e-05
   2.6371909e-05
   3.3259966e-05
   4.0928240e-05
   4.9367240e-05
   5.8566522e-05
   6.8514699e-05
   7.9199457e-05
   9.0607572e-05
   1.0272492e-04
   1.1553651e-04
   1.2902649e-04
   1.4317814e-04
   1.5797397e-04
   1.7339566e-04
   1.8942411e-04
   2.0603950e-04
   2.2322127e-04
   2.4094814e-04
   2.5919818e-04
   2.7794881e-04
   2.9717683e-04
   3.1685844e-04
   3.3696930e-04
   3.5748451e-04
   3.7837871e-04
   3.9962605e-04
   4.2120024e-04
   4.4307460e-04
   4.6522208e-04
   4.8761529e-04
   5.1022654e-04
   5.3302788e-04
   5.5599113e-04
   5.7908789e-04
   6.0228964e-04
   6.2556769e-04
   6.4889331e-04
   6.7223766e-04
   6.9557194e-04
   7.1886732e-04
   7.4209506e-04
   7.6522650e-04
   7.8823309e-04
   8.1108646e-04
   8.3375843e-04
   8.5622106e-04
   8.7844668e-04
   9.0040791e-04
   9.2207771e-04
   9.4342941e-04
   9.6443675e-04
   9.8507390e-04
   1.0053155e-03
   1.0251367e-03
   1.0445131e-03
   1.0634211e-03
   1.0818373e-03
   1.0997393e-03
   1.1171051e-03
   1.1339135e-03
   1.1501440e-03
   1.1657767e-03
   1.1807926e-03
   1.1951734e-03
   1.2089016e-03
   1.2219604e-03
   1.2343342e-03
   1.2460078e-03
   1.2569672e-03
   1.2671991e-03
   1.2766913e-03
   1.2854323e-03
   1.2934117e-03
   1.3006199e-03
   1.3070485e-03
   1.3126898e-03
   1.3175372e-03
   1.3215851e-03
   1.3248288e-03
   1.3272648e-03
   1.3288904e-03
   1.3297039e-03
   1.3297046e-03
   1.3288930e-03
   1.3272704e-03
   1.3248392e-03
   1.3216026e-03
   1.3175650e-03
   1.3127318e-03
   1.3071092e-03
   1.3007044e-03
   1.2935256e-03
   1.2855821e-03
   1.2768837e-03
   1.2674416e-03
   1.2572676e-03
   1.2463745e-03
   1.2347759e-03
   1.2224862e-03
   1.2095208e-03
   1.1958958e-03
   1.1816282e-03
   1.1667355e-03
   1.1512362e-03
   1.1351495e-03
   1.1184952e-03
   1.1012937e-03
   1.0835663e-03
   1.0653347e-03
   1.0466213e-03
   1.0274489e-03
   1.0078411e-03
   9.8782186e-04
   9.6741553e-04
   9.4664701e-04
   9.2554162e-04
   9.0412501e-04
   8.8242323e-04
   8.6046260e-04
   8.3826976e-04
   8.1587160e-04
   7.9329523e-04
   7.7056793e-04
   7.4771717e-04
   7.2477051e-04
   7.0175562e-04
   6.7870022e-04
   6.5563205e-04
   6.3257885e-04
   6.0956830e-04
   5.8662803e-04
   5.6378554e-04
   5.4106821e-04
   5.1850322e-04
   4.9611756e-04
   4.7393800e-04
   4.5199101e-04
   4.3030280e-04
   4.0889921e-04
   3.8780576e-04
   3.6704756e-04
   3.4664931e-04
   3.2663527e-04
   3.0702921e-04
   2.8785442e-04
   2.6913365e-04
   2.5088910e-04
   2.3314240e-04
   2.1591458e-04
   1.9922603e-04
   1.8309649e-04
   1.6754504e-04
   1.5259007e-04
   1.3824925e-04
   1.2453950e-04
   1.1147702e-04
   9.9077222e-05
   8.7354724e-05
   7.6323350e-05
   6.5996105e-05
   5.6385154e-05
   4.7501819e-05
   3.9356561e-05
   3.1958968e-05
   2.5317748e-05
   1.9440715e-05
   1.4334784e-05
   1.0005961e-05
   6.4593400e-06
   3.6990960e-06
   1.7284939e-06
   5.4995909e-07
   1.6519769e-07
   5.7293542e-07
   1.7744162e-06
   3.7679044e-06
   6.5509517e-06
   1.0120266e-05
   1.4471644e-05
   1.9599965e-05
   2.5499196e-05
   3.2162395e-05
   3.9581721e-05
   4.7748440e-05
   5.6652937e-05
   6.6284727e-05
   7.6632464e-05
   8.7683954e-05
   9.9426170e-05
   1.1184527e-04
   1.2492660e-04
   1.3865473e-04
   1.5301344e-04
   1.6798579e-04
   1.8355409e-04
   1.9969992e-04
   2.1640419e-04
   2.3364714e-04
   2.5140834e-04
   2.6966677e-04
   2.8840078e-04
   3.0758815e-04
   3.2720610e-04
   3.4723135e-04
   3.6764010e-04
   3.8840808e-04
   4.0951057e-04
   4.3092246e-04
   4.5261822e-04
   4.7457199e-04
   4.9675757e-04
   5.1914846e-04
   5.4171790e-04
   5.6443890e-04
   5.8728425e-04
   6.1022658e-04
   6.3323838e-04
   6.5629204e-04
   6.7935986e-04
   7.0241410e-04
   7.2542703e-04
   7.4837092e-04
   7.7121812e-04
   7.9394105e-04
   8.1651227e-04
   8.3890449e-04
   8.6109061e-04
   8.8304375e-04
   9.0473729e-04
   9.2614490e-04
   9.4724055e-04
   9.6799859e-04
   9.8839373e-04
   1.0084011e-03
   1.0279963e-03
   1.0471554e-03
   1.0658549e-03
   1.0840719e-03
   1.1017841e-03
   1.1189698e-03
   1.1356077e-03
   1.1516775e-03
   1.1671593e-03
   1.1820339e-03
   1.1962830e-03
   1.2098890e-03
   1.2228349e-03
   1.2351046e-03
   1.2466829e-03
   1.2575553e-03
   1.2677083e-03
   1.2771289e-03
   1.2858055e-03
   1.2937271e-03
   1.3008835e-03
   1.3072658e-03
   1.3128657e-03
   1.3176761e-03
   1.3216906e-03
   1.3249040e-03
   1.3273120e-03
   1.3289113e-03
   1.3296995e-03
   1.3296754e-03
   1.3288386e-03
   1.3271897e-03
   1.3247305e-03
   1.3214637e-03
   1.3173928e-03
   1.3125226e-03
   1.3068587e-03
   1.3004077e-03
   1.2931773e-03
   1.2851761e-03
   1.2764135e-03
   1.2669001e-03
   1.2566473e-03
   1.2456674e-03
   1.2339737e-03
   1.2215803e-03
   1.2085022e-03
   1.1947553e-03
   1.1803562e-03
   1.1653226e-03
   1.1496727e-03
   1.1334256e-03
   1.1166012e-03
   1.0992200e-03
   1.0813032e-03
   1.0628728e-03
   1.0439514e-03
   1.0245621e-03
   1.0047288e-03
   9.8447584e-04
   9.6382802e-04
   9.4281074e-04
   9.2144984e-04
   8.9977161e-04
   8.7780273e-04
   8.5557023e-04
   8.3310151e-04
   8.1042424e-04
   7.8756638e-04
   7.6455611e-04
   7.4142182e-04
   7.1819203e-04
   6.9489542e-04
   6.7156074e-04
   6.4821680e-04
   6.2489243e-04
   6.0161643e-04
   5.7841757e-04
   5.5532450e-04
   5.3236576e-04
   5.0956974e-04
   4.8696460e-04
   4.6457829e-04
   4.4243850e-04
   4.2057261e-04
   3.9900765e-04
   3.7777029e-04
   3.5688682e-04
   3.3638305e-04
   3.1628436e-04
   2.9661561e-04
   2.7740114e-04
   2.5866473e-04
   2.4042955e-04
   2.2271818e-04
   2.0555253e-04
   1.8895384e-04
   1.7294266e-04
   1.5753881e-04
   1.4276134e-04
   1.2862855e-04
   1.1515794e-04
   1.0236616e-04
   9.0269064e-05
   7.8881615e-05
   6.8217911e-05
   5.8291150e-05
   4.9113621e-05
   4.0696682e-05
   3.3050751e-05
   2.6185293e-05
   2.0108804e-05
   1.4828804e-05
   1.0351824e-05
   6.6833939e-06
   3.8280248e-06
   1.7891377e-06
   5.6862101e-07
   1.6612144e-07
