   5.4927181e-01
   5.4927123e-01
   5.4926983e-01
   5.4926759e-01
   5.4926444e-01
   5.4926031e-01
   5.4925511e-01
   5.4924870e-01
   5.4924096e-01
   5.4923173e-01
   5.4922081e-01
   5.4920801e-01
   5.4919312e-01
   5.4917587e-01
   5.4915602e-01
   5.4913328e-01
   5.4910736e-01
   5.4907794e-01
   5.4904469e-01
   5.4900725e-01
   5.4896525e-01
   5.4891832e-01
   5.4886605e-01
   5.4880804e-01
   5.4874386e-01
   5.4867306e-01
   5.4859519e-01
   5.4850980e-01
   5.4841641e-01
   5.4831453e-01
   5.4820368e-01
   5.4808334e-01
   5.4795301e-01
   5.4781218e-01
   5.4766033e-01
   5.4749692e-01
   5.4732144e-01
   5.4713335e-01
   5.4693212e-01
   5.4671721e-01
   5.4648809e-01
   5.4624423e-01
   5.4598511e-01
   5.4571018e-01
   5.4541894e-01
   5.4511087e-01
   5.4478546e-01
   5.4444221e-01
   5.4408062e-01
   5.4370022e-01
   5.4330052e-01
   5.4288108e-01
   5.4244144e-01
   5.4198117e-01
   5.4149985e-01
   5.4099708e-01
   5.4047247e-01
   5.3992565e-01
   5.3935628e-01
   5.3876401e-01
   5.3814855e-01
   5.3750961e-01
   5.3684691e-01
   5.3616021e-01
   5.3544929e-01
   5.3471396e-01
   5.3395403e-01
   5.3316938e-01
   5.3235986e-01
   5.3152540e-01
   5.3066592e-01
   5.2978138e-01
   5.2887177e-01
   5.2793711e-01
   5.2697745e-01
   5.2599285e-01
   5.2498343e-01
   5.2394930e-01
   5.2289064e-01
   5.2180764e-01
   5.2070052e-01
   5.1956952e-01
   5.1841493e-01
   5.1723705e-01
   5.1603623e-01
   5.1481283e-01
   5.1356725e-01
   5.1229990e-01
   5.1101125e-01
   5.0970177e-01
   5.0837196e-01
   5.0702237e-01
   5.0565354e-01
   5.0426607e-01
   5.0286056e-01
   5.0143764e-01
   4.9999798e-01
   4.9854225e-01
   4.9707115e-01
   4.9558540e-01
   4.9408576e-01
   4.9257297e-01
   4.9104782e-01
   4.8951112e-01
   4.8796366e-01
   4.8640629e-01
   4.8483986e-01
   4.8326521e-01
   4.8168323e-01
   4.8009480e-01
   4.7850081e-01
   4.7690217e-01
   4.7529980e-01
   4.7369461e-01
   4.7208754e-01
   4.7047952e-01
   4.6887148e-01
   4.6726438e-01
   4.6565917e-01
   4.6405678e-01
   4.6245816e-01
   4.6086428e-01
   4.5927607e-01
   4.5769448e-01
   4.5612045e-01
   4.5455493e-01
   4.5299885e-01
   4.5145313e-01
   4.4991871e-01
   4.4839650e-01
   4.4688740e-01
   4.4539232e-01
   4.4391214e-01
   4.4244776e-01
   4.4100003e-01
   4.3956981e-01
   4.3815795e-01
   4.3676529e-01
   4.3539265e-01
   4.3404082e-01
   4.3271061e-01
   4.3140278e-01
   4.3011812e-01
   4.2885735e-01
   4.2762121e-01
   4.2641042e-01
   4.2522567e-01
   4.2406764e-01
   4.2293699e-01
   4.2183438e-01
   4.2076042e-01
   4.1971573e-01
   4.1870089e-01
   4.1771648e-01
   4.1676305e-01
   4.1584113e-01
   4.1495124e-01
   4.1409386e-01
   4.1326948e-01
   4.1247855e-01
   4.1172150e-01
   4.1099876e-01
   4.1031071e-01
   4.0965773e-01
   4.0904018e-01
   4.0845839e-01
   4.0791268e-01
   4.0740334e-01
   4.0693064e-01
   4.0649485e-01
   4.0609619e-01
   4.0573488e-01
   4.0541111e-01
   4.0512505e-01
   4.0487686e-01
   4.0466668e-01
   4.0449460e-01
   4.0436072e-01
   4.0426512e-01
   4.0420785e-01
   4.0418893e-01
   4.0420837e-01
   4.0426617e-01
   4.0436230e-01
   4.0449670e-01
   4.0466930e-01
   4.0488001e-01
   4.0512872e-01
   4.0541529e-01
   4.0573958e-01
   4.0610141e-01
   4.0650059e-01
   4.0693690e-01
   4.0741010e-01
   4.0791996e-01
   4.0846618e-01
   4.0904847e-01
   4.0966653e-01
   4.1032001e-01
   4.1100856e-01
   4.1173180e-01
   4.1248934e-01
   4.1328076e-01
   4.1410563e-01
   4.1496349e-01
   4.1585386e-01
   4.1677626e-01
   4.1773016e-01
   4.1871504e-01
   4.1973034e-01
   4.2077549e-01
   4.2184990e-01
   4.2295296e-01
   4.2408405e-01
   4.2524251e-01
   4.2642770e-01
   4.2763892e-01
   4.2887547e-01
   4.3013666e-01
   4.3142173e-01
   4.3272996e-01
   4.3406056e-01
   4.3541278e-01
   4.3678581e-01
   4.3817884e-01
   4.3959106e-01
   4.4102164e-01
   4.4246972e-01
   4.4393445e-01
   4.4541496e-01
   4.4691037e-01
   4.4841978e-01
   4.4994230e-01
   4.5147703e-01
   4.5302303e-01
   4.5457939e-01
   4.5614519e-01
   4.5771948e-01
   4.5930132e-01
   4.6088978e-01
   4.6248390e-01
   4.6408273e-01
   4.6568534e-01
   4.6729076e-01
   4.6889805e-01
   4.7050627e-01
   4.7211446e-01
   4.7372170e-01
   4.7532704e-01
   4.7692955e-01
   4.7852832e-01
   4.8012242e-01
   4.8171096e-01
   4.8329304e-01
   4.8486777e-01
   4.8643428e-01
   4.8799171e-01
   4.8953921e-01
   4.9107596e-01
   4.9260114e-01
   4.9411394e-01
   4.9561360e-01
   4.9709934e-01
   4.9857042e-01
   5.0002613e-01
   5.0146576e-01
   5.0288863e-01
   5.0429408e-01
   5.0568148e-01
   5.0705023e-01
   5.0839974e-01
   5.0972944e-01
   5.1103881e-01
   5.1232735e-01
   5.1359456e-01
   5.1484001e-01
   5.1606326e-01
   5.1726392e-01
   5.1844163e-01
   5.1959605e-01
   5.2072686e-01
   5.2183379e-01
   5.2291660e-01
   5.2397504e-01
   5.2500895e-01
   5.2601815e-01
   5.2700252e-01
   5.2796194e-01
   5.2889635e-01
   5.2980570e-01
   5.3068998e-01
   5.3154920e-01
   5.3238339e-01
   5.3319262e-01
   5.3397699e-01
   5.3473663e-01
   5.3547167e-01
   5.3618228e-01
   5.3686868e-01
   5.3753106e-01
   5.3816970e-01
   5.3878484e-01
   5.3937678e-01
   5.3994582e-01
   5.4049231e-01
   5.4101659e-01
   5.4151902e-01
   5.4200000e-01
   5.4245993e-01
   5.4289923e-01
   5.4331832e-01
   5.4371767e-01
   5.4409772e-01
   5.4445896e-01
   5.4480186e-01
   5.4512691e-01
   5.4543463e-01
   5.4572551e-01
   5.4600007e-01
   5.4625884e-01
   5.4650233e-01
   5.4673109e-01
   5.4694564e-01
   5.4714651e-01
   5.4733424e-01
   5.4750936e-01
   5.4767240e-01
   5.4782389e-01
   5.4796436e-01
   5.4809432e-01
   5.4821430e-01
   5.4832479e-01
   5.4842631e-01
   5.4851934e-01
   5.4860437e-01
   5.4868188e-01
   5.4875232e-01
   5.4881614e-01
   5.4887380e-01
   5.4892571e-01
   5.4897228e-01
   5.4901392e-01
   5.4905101e-01
   5.4908391e-01
   5.4911297e-01
   5.4913854e-01
   5.4916092e-01
   5.4918042e-01
   5.4919731e-01
   5.4921186e-01
   5.4922431e-01
   5.4923487e-01
   5.4924376e-01
   5.4925115e-01
   5.4925720e-01
   5.4926206e-01
   5.4926584e-01
   5.4926864e-01
   5.4927053e-01
   5.4927158e-01
   5.4927181e-01
