   3.0980786e+03
   3.0976817e+03
   3.0966433e+03
   3.0949686e+03
   3.0926664e+03
   3.0897480e+03
   3.0862279e+03
   3.0821234e+03
   3.0774545e+03
   3.0722436e+03
   3.0665155e+03
   3.0602974e+03
   3.0536180e+03
   3.0465079e+03
   3.0389989e+03
   3.0311241e+03
   3.0229170e+03
   3.0144116e+03
   3.0056417e+03
   2.9966407e+03
   2.9874410e+03
   2.9780736e+03
   2.9685677e+03
   2.9589502e+03
   2.9492451e+03
   2.9394734e+03
   2.9296521e+03
   2.9197944e+03
   2.9099086e+03
   2.8999985e+03
   2.8900625e+03
   2.8800936e+03
   2.8700792e+03
   2.8600008e+03
   2.8498342e+03
   2.8395492e+03
   2.8291101e+03
   2.8184753e+03
   2.8075983e+03
   2.7964273e+03
   2.7849063e+03
   2.7729751e+03
   2.7605703e+03
   2.7476255e+03
   2.7340723e+03
   2.7198410e+03
   2.7048613e+03
   2.6890631e+03
   2.6723771e+03
   2.6547361e+03
   2.6360750e+03
   2.6163321e+03
   2.5954497e+03
   2.5733744e+03
   2.5500578e+03
   2.5254573e+03
   2.4995361e+03
   2.4722639e+03
   2.4436172e+03
   2.4135795e+03
   2.3821417e+03
   2.3493022e+03
   2.3150676e+03
   2.2794528e+03
   2.2424812e+03
   2.2041856e+03
   2.1646082e+03
   2.1238020e+03
   2.0818307e+03
   2.0387705e+03
   1.9947101e+03
   1.9497527e+03
   1.9040166e+03
   1.8576368e+03
   1.8107661e+03
   1.7635763e+03
   1.7162596e+03
   1.6690297e+03
   1.6221226e+03
   1.5757973e+03
   1.5303363e+03
   1.4860454e+03
   1.4432536e+03
   1.4023122e+03
   1.3635929e+03
   1.3274865e+03
   1.2943998e+03
   1.2647524e+03
   1.2389734e+03
   1.2174962e+03
   1.2007543e+03
   1.1891752e+03
   1.1831750e+03
   1.1831518e+03
   1.1894792e+03
   1.2025001e+03
   1.2225198e+03
   1.2497995e+03
   1.2845503e+03
   1.3269275e+03
   1.3770251e+03
   1.4348717e+03
   1.5004267e+03
   1.5735773e+03
   1.6541371e+03
   1.7418452e+03
   1.8363667e+03
   1.9372941e+03
   2.0441506e+03
   2.1563933e+03
   2.2734183e+03
   2.3945671e+03
   2.5191327e+03
   2.6463677e+03
   2.7754924e+03
   2.9057037e+03
   3.0361841e+03
   3.1661111e+03
   3.2946668e+03
   3.4210468e+03
   3.5444696e+03
   3.6641848e+03
   3.7794815e+03
   3.8896954e+03
   3.9942152e+03
   4.0924888e+03
   4.1840274e+03
   4.2684100e+03
   4.3452853e+03
   4.4143742e+03
   4.4754699e+03
   4.5284380e+03
   4.5732155e+03
   4.6098081e+03
   4.6382878e+03
   4.6587895e+03
   4.6715062e+03
   4.6766850e+03
   4.6746215e+03
   4.6656547e+03
   4.6501609e+03
   4.6285485e+03
   4.6012519e+03
   4.5687257e+03
   4.5314395e+03
   4.4898720e+03
   4.4445065e+03
   4.3958256e+03
   4.3443072e+03
   4.2904205e+03
   4.2346220e+03
   4.1773533e+03
   4.1190375e+03
   4.0600775e+03
   4.0008542e+03
   3.9417253e+03
   3.8830239e+03
   3.8250586e+03
   3.7681129e+03
   3.7124453e+03
   3.6582900e+03
   3.6058577e+03
   3.5553359e+03
   3.5068907e+03
   3.4606676e+03
   3.4167930e+03
   3.3753758e+03
   3.3365087e+03
   3.3002697e+03
   3.2667241e+03
   3.2359254e+03
   3.2079172e+03
   3.1827345e+03
   3.1604049e+03
   3.1409499e+03
   3.1243862e+03
   3.1107264e+03
   3.0999799e+03
   3.0921538e+03
   3.0872531e+03
   3.0852817e+03
   3.0862419e+03
   3.0901350e+03
   3.0969610e+03
   3.1067184e+03
   3.1194037e+03
   3.1350112e+03
   3.1535316e+03
   3.1749519e+03
   3.1992539e+03
   3.2264133e+03
   3.2563982e+03
   3.2891681e+03
   3.3246724e+03
   3.3628487e+03
   3.4036215e+03
   3.4469005e+03
   3.4925790e+03
   3.5405327e+03
   3.5906177e+03
   3.6426696e+03
   3.6965019e+03
   3.7519051e+03
   3.8086456e+03
   3.8664651e+03
   3.9250803e+03
   3.9841822e+03
   4.0434370e+03
   4.1024862e+03
   4.1609474e+03
   4.2184161e+03
   4.2744671e+03
   4.3286565e+03
   4.3805251e+03
   4.4296006e+03
   4.4754020e+03
   4.5174430e+03
   4.5552366e+03
   4.5883000e+03
   4.6161594e+03
   4.6383559e+03
   4.6544507e+03
   4.6640309e+03
   4.6667155e+03
   4.6621610e+03
   4.6500675e+03
   4.6301835e+03
   4.6023118e+03
   4.5663135e+03
   4.5221129e+03
   4.4697008e+03
   4.4091373e+03
   4.3405538e+03
   4.2641549e+03
   4.1802176e+03
   4.0890916e+03
   3.9911970e+03
   3.8870219e+03
   3.7771182e+03
   3.6620974e+03
   3.5426245e+03
   3.4194115e+03
   3.2932102e+03
   3.1648040e+03
   3.0349992e+03
   2.9046164e+03
   2.7744804e+03
   2.6454114e+03
   2.5182156e+03
   2.3936754e+03
   2.2725412e+03
   2.1555226e+03
   2.0432811e+03
   1.9364228e+03
   1.8354930e+03
   1.7409705e+03
   1.6532645e+03
   1.5727110e+03
   1.4995720e+03
   1.4340345e+03
   1.3762113e+03
   1.3261427e+03
   1.2837995e+03
   1.2490864e+03
   1.2218469e+03
   1.2018679e+03
   1.1888861e+03
   1.1825939e+03
   1.1826459e+03
   1.1886656e+03
   1.2002523e+03
   1.2169870e+03
   1.2384395e+03
   1.2641737e+03
   1.2937537e+03
   1.3267483e+03
   1.3627358e+03
   1.4013079e+03
   1.4420728e+03
   1.4846579e+03
   1.5287118e+03
   1.5739058e+03
   1.6199346e+03
   1.6665172e+03
   1.7133961e+03
   1.7603378e+03
   1.8071311e+03
   1.8535871e+03
   1.8995374e+03
   1.9448330e+03
   1.9893430e+03
   2.0329535e+03
   2.0755657e+03
   2.1170954e+03
   2.1574712e+03
   2.1966336e+03
   2.2345342e+03
   2.2711349e+03
   2.3064071e+03
   2.3403307e+03
   2.3728944e+03
   2.4040945e+03
   2.4339351e+03
   2.4624272e+03
   2.4895889e+03
   2.5154450e+03
   2.5400261e+03
   2.5633693e+03
   2.5855166e+03
   2.6065157e+03
   2.6264185e+03
   2.6452810e+03
   2.6631629e+03
   2.6801266e+03
   2.6962368e+03
   2.7115595e+03
   2.7261616e+03
   2.7401101e+03
   2.7534710e+03
   2.7663090e+03
   2.7786870e+03
   2.7906646e+03
   2.8022984e+03
   2.8136410e+03
   2.8247405e+03
   2.8356404e+03
   2.8463790e+03
   2.8569892e+03
   2.8674985e+03
   2.8779286e+03
   2.8882958e+03
   2.8986108e+03
   2.9088789e+03
   2.9191001e+03
   2.9292696e+03
   2.9393779e+03
   2.9494112e+03
   2.9593520e+03
   2.9691791e+03
   2.9788683e+03
   2.9883930e+03
   2.9977243e+03
   3.0068316e+03
   3.0156832e+03
   3.0242464e+03
   3.0324884e+03
   3.0403762e+03
   3.0478773e+03
   3.0549600e+03
   3.0615937e+03
   3.0677492e+03
   3.0733990e+03
   3.0785175e+03
   3.0830815e+03
   3.0870699e+03
   3.0904643e+03
   3.0932491e+03
   3.0954113e+03
   3.0969411e+03
   3.0978314e+03
   3.0980786e+03
