   2.3841177e-01
   2.3841159e-01
   2.3841127e-01
   2.3841077e-01
   2.3841009e-01
   2.3840920e-01
   2.3840806e-01
   2.3840662e-01
   2.3840483e-01
   2.3840263e-01
   2.3839997e-01
   2.3839675e-01
   2.3839290e-01
   2.3838833e-01
   2.3838294e-01
   2.3837662e-01
   2.3836928e-01
   2.3836078e-01
   2.3835101e-01
   2.3833983e-01
   2.3832711e-01
   2.3831270e-01
   2.3829646e-01
   2.3827823e-01
   2.3825786e-01
   2.3823518e-01
   2.3821002e-01
   2.3818221e-01
   2.3815158e-01
   2.3811793e-01
   2.3808110e-01
   2.3804089e-01
   2.3799711e-01
   2.3794958e-01
   2.3789809e-01
   2.3784244e-01
   2.3778246e-01
   2.3771792e-01
   2.3764864e-01
   2.3757441e-01
   2.3749504e-01
   2.3741032e-01
   2.3732005e-01
   2.3722405e-01
   2.3712211e-01
   2.3701403e-01
   2.3689964e-01
   2.3677873e-01
   2.3665112e-01
   2.3651663e-01
   2.3637507e-01
   2.3622629e-01
   2.3607009e-01
   2.3590632e-01
   2.3573483e-01
   2.3555544e-01
   2.3536802e-01
   2.3517242e-01
   2.3496851e-01
   2.3475616e-01
   2.3453524e-01
   2.3430565e-01
   2.3406727e-01
   2.3382001e-01
   2.3356378e-01
   2.3329850e-01
   2.3302410e-01
   2.3274051e-01
   2.3244769e-01
   2.3214558e-01
   2.3183416e-01
   2.3151340e-01
   2.3118329e-01
   2.3084382e-01
   2.3049500e-01
   2.3013685e-01
   2.2976941e-01
   2.2939270e-01
   2.2900678e-01
   2.2861170e-01
   2.2820755e-01
   2.2779440e-01
   2.2737235e-01
   2.2694150e-01
   2.2650197e-01
   2.2605388e-01
   2.2559737e-01
   2.2513259e-01
   2.2465969e-01
   2.2417885e-01
   2.2369024e-01
   2.2319405e-01
   2.2269047e-01
   2.2217972e-01
   2.2166202e-01
   2.2113759e-01
   2.2060666e-01
   2.2006948e-01
   2.1952631e-01
   2.1897740e-01
   2.1842303e-01
   2.1786347e-01
   2.1729900e-01
   2.1672992e-01
   2.1615653e-01
   2.1557912e-01
   2.1499801e-01
   2.1441352e-01
   2.1382597e-01
   2.1323568e-01
   2.1264299e-01
   2.1204822e-01
   2.1145173e-01
   2.1085385e-01
   2.1025494e-01
   2.0965533e-01
   2.0905538e-01
   2.0845545e-01
   2.0785588e-01
   2.0725705e-01
   2.0665930e-01
   2.0606299e-01
   2.0546848e-01
   2.0487613e-01
   2.0428631e-01
   2.0369935e-01
   2.0311563e-01
   2.0253550e-01
   2.0195931e-01
   2.0138741e-01
   2.0082015e-01
   2.0025788e-01
   1.9970094e-01
   1.9914967e-01
   1.9860440e-01
   1.9806547e-01
   1.9753321e-01
   1.9700794e-01
   1.9648998e-01
   1.9597965e-01
   1.9547725e-01
   1.9498310e-01
   1.9449748e-01
   1.9402070e-01
   1.9355303e-01
   1.9309477e-01
   1.9264619e-01
   1.9220756e-01
   1.9177913e-01
   1.9136117e-01
   1.9095393e-01
   1.9055765e-01
   1.9017256e-01
   1.8979889e-01
   1.8943686e-01
   1.8908669e-01
   1.8874859e-01
   1.8842274e-01
   1.8810935e-01
   1.8780860e-01
   1.8752065e-01
   1.8724569e-01
   1.8698387e-01
   1.8673534e-01
   1.8650025e-01
   1.8627872e-01
   1.8607090e-01
   1.8587690e-01
   1.8569683e-01
   1.8553080e-01
   1.8537890e-01
   1.8524122e-01
   1.8511783e-01
   1.8500881e-01
   1.8491422e-01
   1.8483412e-01
   1.8476854e-01
   1.8471754e-01
   1.8468113e-01
   1.8465933e-01
   1.8465217e-01
   1.8465964e-01
   1.8468174e-01
   1.8471846e-01
   1.8476978e-01
   1.8483566e-01
   1.8491607e-01
   1.8501097e-01
   1.8512029e-01
   1.8524398e-01
   1.8538197e-01
   1.8553418e-01
   1.8570051e-01
   1.8588088e-01
   1.8607518e-01
   1.8628330e-01
   1.8650512e-01
   1.8674051e-01
   1.8698933e-01
   1.8725145e-01
   1.8752670e-01
   1.8781493e-01
   1.8811597e-01
   1.8842965e-01
   1.8875577e-01
   1.8909416e-01
   1.8944460e-01
   1.8980690e-01
   1.9018084e-01
   1.9056620e-01
   1.9096275e-01
   1.9137026e-01
   1.9178847e-01
   1.9221715e-01
   1.9265604e-01
   1.9310487e-01
   1.9356338e-01
   1.9403128e-01
   1.9450830e-01
   1.9499416e-01
   1.9548854e-01
   1.9599117e-01
   1.9650172e-01
   1.9701990e-01
   1.9754538e-01
   1.9807785e-01
   1.9861698e-01
   1.9916244e-01
   1.9971391e-01
   2.0027104e-01
   2.0083350e-01
   2.0140094e-01
   2.0197301e-01
   2.0254937e-01
   2.0312966e-01
   2.0371354e-01
   2.0430064e-01
   2.0489062e-01
   2.0548311e-01
   2.0607775e-01
   2.0667419e-01
   2.0727206e-01
   2.0787101e-01
   2.0847069e-01
   2.0907072e-01
   2.0967077e-01
   2.1027047e-01
   2.1086948e-01
   2.1146743e-01
   2.1206400e-01
   2.1265883e-01
   2.1325158e-01
   2.1384193e-01
   2.1442953e-01
   2.1501406e-01
   2.1559520e-01
   2.1617264e-01
   2.1674606e-01
   2.1731515e-01
   2.1787963e-01
   2.1843920e-01
   2.1899357e-01
   2.1954246e-01
   2.2008562e-01
   2.2062278e-01
   2.2115368e-01
   2.2167808e-01
   2.2219574e-01
   2.2270644e-01
   2.2320996e-01
   2.2370610e-01
   2.2419465e-01
   2.2467542e-01
   2.2514825e-01
   2.2561295e-01
   2.2606937e-01
   2.2651737e-01
   2.2695681e-01
   2.2738756e-01
   2.2780950e-01
   2.2822254e-01
   2.2862658e-01
   2.2902153e-01
   2.2940733e-01
   2.2978391e-01
   2.3015123e-01
   2.3050923e-01
   2.3085791e-01
   2.3119723e-01
   2.3152720e-01
   2.3184781e-01
   2.3215907e-01
   2.3246102e-01
   2.3275368e-01
   2.3303711e-01
   2.3331134e-01
   2.3357645e-01
   2.3383250e-01
   2.3407958e-01
   2.3431778e-01
   2.3454719e-01
   2.3476793e-01
   2.3498009e-01
   2.3518382e-01
   2.3537923e-01
   2.3556645e-01
   2.3574565e-01
   2.3591695e-01
   2.3608052e-01
   2.3623652e-01
   2.3638511e-01
   2.3652646e-01
   2.3666076e-01
   2.3678816e-01
   2.3690887e-01
   2.3702307e-01
   2.3713094e-01
   2.3723268e-01
   2.3732848e-01
   2.3741853e-01
   2.3750305e-01
   2.3758222e-01
   2.3765624e-01
   2.3772532e-01
   2.3778965e-01
   2.3784943e-01
   2.3790487e-01
   2.3795616e-01
   2.3800349e-01
   2.3804706e-01
   2.3808707e-01
   2.3812370e-01
   2.3815713e-01
   2.3818757e-01
   2.3821517e-01
   2.3824013e-01
   2.3826261e-01
   2.3828278e-01
   2.3830080e-01
   2.3831684e-01
   2.3833105e-01
   2.3834357e-01
   2.3835455e-01
   2.3836412e-01
   2.3837242e-01
   2.3837957e-01
   2.3838568e-01
   2.3839088e-01
   2.3839525e-01
   2.3839890e-01
   2.3840192e-01
   2.3840439e-01
   2.3840639e-01
   2.3840798e-01
   2.3840923e-01
   2.3841018e-01
   2.3841088e-01
   2.3841136e-01
   2.3841166e-01
   2.3841179e-01
   2.3841177e-01
