1.6670207907864232
1.6668509751763783
1.6666650347059055
1.6664629824629498
1.6662448326657509
1.6660106006608981
1.6657603029212291
1.6654939570435732
1.6652115817463404
1.6649131968669553
1.6645988233591353
1.6642684832900152
1.6639221998371168
1.663559997285164
1.6631819010227442
1.6627879375388144
1.662378134419056
1.6619525203420729
1.6615111250754386
1.6610539794715897
1.660581115463566
1.6600925660605974
1.6595883653435421
1.6590685484601684
1.6585331516202875
1.6579822120907348
1.6574157681902015
1.6568338592839131
1.6562365257781606
1.655623809114682
1.6549957517648939
1.6543523972239753
1.653693790004804
1.6530199756317459
1.6523310006342964
1.6516269125405783
1.6509077598706918
1.6501735921299228
1.6494244598018053
1.648660414341042
1.647881508166282
1.6470877946527596
1.6462793281247887
1.6454561638481222
1.6446183580221707
1.643765967772083
1.6428990511406938
1.6420176670803321
1.6411218754444985
1.640211736979409
1.6392873133154062
1.6383486669582419
1.637395861280229
1.636428960511268
1.6354480297297442
1.634453134853304
1.6334443426295044
1.6324217206263438
1.6313853372226708
1.6303352615984759
1.6292715637250652
1.6281943143551212
1.6271035850126483
1.625999447982808
1.6248819763016455
1.6237512437457073
1.622607324821555
1.6214502947551732
1.6202802294812795
1.6190972056325323
1.617901300528643
1.6166925921653925
1.6154711592035569
1.6142370809577409
1.6129904373851234
1.6117313090741203
1.61045977723296
1.609175923678183
1.6078798308230584
1.6065715816659298
1.6052512597784847
1.6039189492939556
1.6025747348952533
1.601218701803034
1.5998509357637063
1.598471523037378
1.5970805503857455
1.5956781050599318
1.5942642747882716
1.5928391477640498
1.5914028126331952
1.5899553584819313
1.5884968748243897
1.5870274515901863
1.585547179111966
1.5840561481129158
1.5825544496942534
1.581042175322691
1.579519416817879
1.577986266339832
1.5764428163763415
1.5748891597303774
1.5733253895074804
1.571751599103152
1.5701678821902418
1.5685743327063368
1.5669710448411545
1.565358113023947
1.563735631910913
1.5621036963726282
1.560462401481489
1.5588118424991808
1.557152114864169
1.5554833141792164
1.5538055361989334
1.5521188768173582
1.5504234320555779
1.548719298049385
1.5470065710369807
1.5452853473467216
1.543555723384916
1.5418177956236727
1.540071660588804
1.538317414847788
1.5365551549977892
1.5347849776537463
1.5330069794365242
1.5312212569611359
1.5294279068250378
1.527627025596499
1.525818709803049
1.5240030559200048
1.5221801603590843
1.5203501194571003
1.518513029464748
1.5166689865354803
1.514818086714477
1.51296042592771
1.5110960999711072
1.5092252044998153
1.5073478350175666
1.5054640868661502
1.5035740552149899
1.5016778350508326
1.4997755211675463
1.4978672081560322
1.4959529903942528
1.4940329620373742
1.4921072170080312
1.4901758489867099
1.4882389514022543
1.4862966174224956
1.4843489399450098
1.4823960115879986
1.4804379246813013
1.478474771257537
1.4765066430433764
1.4745336314509474
1.4725558275693744
1.4705733221564519
1.468586205630455
1.4665945680620864
1.464598499166562
1.4625980882958334
1.4605934244309546
1.4585845961745836
1.45657169174363
1.4545547989620413
1.4525340052537339
1.4505093976356658
1.4484810627110523
1.4464490866627278
1.4444135552466497
1.4423745537855475
1.4403321671627158
1.4382864798159554
1.4362375757316541
1.4341855384390172
1.4321304510044406
1.4300723960260302
1.4280114556282641
1.4259477114568022
1.423881244673438
1.4218121359511955
1.4197404654695702
1.417666312909913
1.4155897574509564
1.413510877764485
1.4114297520111465
1.4093464578364048
1.4072610723666332
1.4051736722053487
1.4030843334295842
1.4009931315864004
1.3989001416895361
1.3968054382161927
1.3947090951039585
1.392611185747864
1.390511782997576
1.3884109591547198
1.3863087859703382
1.3842053346424774
1.3821006758139063
1.3799948795699624
1.3778880154365252
1.3757801523781177
1.373671358796132
1.3715617025271774
1.3694512508415542
1.3673400704418461
1.3652282274616336
1.363115787464326
1.36100281544211
1.3588893758150158
1.3567755324300936
1.3546613485607089
1.3525468869059434
1.3504322095901091
1.3483173781623707
1.3462024535964734
1.344087496290578
1.3419725660671973
1.3398577221732377
1.33774302328014
1.3356285274841175
1.3335142923064969
1.3314003746941487
1.3292868310200172
1.3271737170837397
1.325061088112359
1.3229489987611243
1.3208375031143809
1.3187266546865448
1.3166165064231632
1.3145071107020574
1.312398519334547
1.3102907835667545
1.3081839540809868
1.3060780809971948
1.3039732138745064
1.301869401712834
1.2997666929545522
1.2976651354862467
1.295564776640532
1.2934656631979338
1.2913678413888394
1.2892713568955096
1.2871762548541539
1.2850825798570655
1.2829903759548158
1.280899686658506
1.278810554942075
1.2767230232446605
1.2746371334730144
1.2725529270039693
1.2704704446869532
1.2683897268465543
1.266310813285133
1.2642337432854776
1.2621585556135042
1.2600852885210019
1.2580139797484156
1.2559446665276703
1.253877385585034
1.2518121731440173
1.2497490649283076
1.2476880961647399
1.2456293015862983
1.243572715435151
1.2415183714657145
1.239466302947747
1.2374165426694712
1.2353691229407218
1.2333240755961195
1.2312814319982688
1.2292412230409802
1.2272034791525115
1.2251682302988331
1.2231355059869098
1.2211053352680041
1.2190777467409948
1.217052768555712
1.2150304284162885
1.213010753584525
1.2109937708832674
1.2089795066997981
1.206967986989237
1.2049592372779527
1.2029532826669853
1.2009501478354736
1.1989498570440935