3.399999999999999911e+00
3.399999999999999911e+00
3.396669999999999856e+00
3.393330000000000179e+00
3.390000000000000124e+00
3.386670000000000069e+00
3.379999999999999893e+00
3.373330000000000162e+00
3.366670000000000051e+00
3.359999999999999876e+00
3.350000000000000089e+00
3.339999999999999858e+00
3.330000000000000071e+00
3.319999999999999840e+00
3.310000000000000053e+00
3.296670000000000211e+00
3.283329999999999860e+00
3.270000000000000018e+00
3.253330000000000055e+00
3.236670000000000158e+00
3.223329999999999806e+00
3.203329999999999789e+00
3.186669999999999892e+00
3.169999999999999929e+00
3.149999999999999911e+00
3.129999999999999893e+00
3.109999999999999876e+00
3.086669999999999803e+00
3.066669999999999785e+00
3.043330000000000091e+00
3.020000000000000018e+00
2.996669999999999945e+00
2.970000000000000195e+00
2.946670000000000122e+00
2.919999999999999929e+00
2.893330000000000179e+00
2.866670000000000051e+00
2.839999999999999858e+00
2.813330000000000108e+00
2.783329999999999860e+00
