 Energy(eV)     left     top    bottom
 2.5 8.58984e-06 5.84997e-06 2.33532e-06
 2.50333 8.65618e-06 5.88672e-06 2.34214e-06
 2.50667 8.72325e-06 5.92383e-06 2.34904e-06
 2.51 8.79106e-06 5.9613e-06 2.35602e-06
 2.51333 8.85963e-06 5.99913e-06 2.36309e-06
 2.51667 8.92896e-06 6.03733e-06 2.37023e-06
 2.52 8.99907e-06 6.07591e-06 2.37746e-06
 2.52333 9.06997e-06 6.11487e-06 2.38478e-06
 2.52667 9.14167e-06 6.1542e-06 2.39218e-06
 2.53 9.21418e-06 6.19393e-06 2.39966e-06
 2.53333 9.28751e-06 6.23405e-06 2.40723e-06
 2.53667 9.36168e-06 6.27457e-06 2.41489e-06
 2.54 9.4367e-06 6.31549e-06 2.42263e-06
 2.54333 9.51257e-06 6.35682e-06 2.43047e-06
 2.54667 9.58932e-06 6.39856e-06 2.43839e-06
 2.55 9.66696e-06 6.44072e-06 2.44639e-06
 2.55333 9.7455e-06 6.4833e-06 2.45449e-06
 2.55667 9.82496e-06 6.52632e-06 2.46268e-06
 2.56 9.90534e-06 6.56977e-06 2.47096e-06
 2.56333 9.98666e-06 6.61366e-06 2.47933e-06
 2.56667 1.00689e-05 6.65799e-06 2.4878e-06
 2.57 1.01522e-05 6.70278e-06 2.49636e-06
 2.57333 1.02364e-05 6.74803e-06 2.50501e-06
 2.57667 1.03217e-05 6.79374e-06 2.51376e-06
 2.58 1.04079e-05 6.83993e-06 2.5226e-06
 2.58333 1.04952e-05 6.88659e-06 2.53154e-06
 2.58667 1.05836e-05 6.93373e-06 2.54057e-06
 2.59 1.0673e-05 6.98137e-06 2.54971e-06
 2.59333 1.07635e-05 7.0295e-06 2.55894e-06
 2.59667 1.08551e-05 7.07814e-06 2.56827e-06
 2.6 1.09479e-05 7.12728e-06 2.5777e-06
 2.60333 1.10417e-05 7.17695e-06 2.58724e-06
 2.60667 1.11368e-05 7.22714e-06 2.59687e-06
 2.61 1.1233e-05 7.27787e-06 2.60661e-06
 2.61333 1.13304e-05 7.32913e-06 2.61645e-06
 2.61667 1.1429e-05 7.38095e-06 2.6264e-06
 2.62 1.15288e-05 7.43332e-06 2.63645e-06
 2.62333 1.16299e-05 7.48625e-06 2.64661e-06
 2.62667 1.17323e-05 7.53976e-06 2.65688e-06
 2.63 1.1836e-05 7.59384e-06 2.66725e-06
 2.63333 1.1941e-05 7.64852e-06 2.67774e-06
 2.63667 1.20474e-05 7.70379e-06 2.68833e-06
 2.64 1.21551e-05 7.75968e-06 2.69904e-06
 2.64333 1.22643e-05 7.81617e-06 2.70985e-06
 2.64667 1.23748e-05 7.8733e-06 2.72078e-06
 2.65 1.24868e-05 7.93105e-06 2.73183e-06
 2.65333 1.26002e-05 7.98945e-06 2.74299e-06
 2.65667 1.27152e-05 8.04851e-06 2.75427e-06
 2.66 1.28316e-05 8.10823e-06 2.76566e-06
 2.66333 1.29496e-05 8.16862e-06 2.77717e-06
 2.66667 1.30692e-05 8.2297e-06 2.78881e-06
 2.67 1.31904e-05 8.29148e-06 2.80056e-06
 2.67333 1.33132e-05 8.35396e-06 2.81244e-06
 2.67667 1.34377e-05 8.41716e-06 2.82443e-06
 2.68 1.35639e-05 8.48108e-06 2.83656e-06
 2.68333 1.36918e-05 8.54575e-06 2.8488e-06
 2.68667 1.38215e-05 8.61117e-06 2.86118e-06
 2.69 1.39529e-05 8.67736e-06 2.87368e-06
 2.69333 1.40862e-05 8.74432e-06 2.88631e-06
 2.69667 1.42213e-05 8.81208e-06 2.89907e-06
 2.7 1.43583e-05 8.88063e-06 2.91197e-06
 2.70333 1.44973e-05 8.95e-06 2.92499e-06
 2.70667 1.46382e-05 9.02021e-06 2.93815e-06
 2.71 1.47811e-05 9.09125e-06 2.95145e-06
 2.71333 1.4926e-05 9.16316e-06 2.96488e-06
 2.71667 1.50731e-05 9.23594e-06 2.97845e-06
 2.72 1.52222e-05 9.3096e-06 2.99216e-06
 2.72333 1.53735e-05 9.38417e-06 3.00601e-06
 2.72667 1.55271e-05 9.45966e-06 3.02e-06
 2.73 1.56828e-05 9.53608e-06 3.03414e-06
 2.73333 1.58409e-05 9.61346e-06 3.04842e-06
 2.73667 1.60013e-05 9.6918e-06 3.06285e-06
 2.74 1.61641e-05 9.77112e-06 3.07743e-06
 2.74333 1.63294e-05 9.85145e-06 3.09215e-06
 2.74667 1.64971e-05 9.9328e-06 3.10703e-06
 2.75 1.66674e-05 1.00152e-05 3.12206e-06
 2.75333 1.68403e-05 1.00986e-05 3.13725e-06
 2.75667 1.70158e-05 1.01832e-05 3.15259e-06
 2.76 1.7194e-05 1.02688e-05 3.16809e-06
 2.76333 1.7375e-05 1.03555e-05 3.18374e-06
 2.76667 1.75588e-05 1.04434e-05 3.19956e-06
 2.77 1.77454e-05 1.05324e-05 3.21555e-06
 2.77333 1.79351e-05 1.06227e-05 3.23169e-06
 2.77667 1.81277e-05 1.07141e-05 3.24801e-06
 2.78 1.83234e-05 1.08067e-05 3.26449e-06
 2.78333 1.85222e-05 1.09006e-05 3.28114e-06
 2.78667 1.87242e-05 1.09958e-05 3.29797e-06
 2.79 1.89295e-05 1.10923e-05 3.31496e-06
 2.79333 1.91382e-05 1.11901e-05 3.33214e-06
 2.79667 1.93503e-05 1.12893e-05 3.34949e-06
 2.8 1.95658e-05 1.13898e-05 3.36702e-06
 2.80333 1.9785e-05 1.14918e-05 3.38473e-06
 2.80667 2.00078e-05 1.15952e-05 3.40263e-06
 2.81 2.02344e-05 1.17e-05 3.42071e-06
 2.81333 2.04649e-05 1.18064e-05 3.43898e-06
 2.81667 2.06992e-05 1.19143e-05 3.45744e-06
 2.82 2.09376e-05 1.20237e-05 3.47609e-06
 2.82333 2.118e-05 1.21347e-05 3.49494e-06
 2.82667 2.14267e-05 1.22474e-05 3.51398e-06
 2.83 2.16777e-05 1.23617e-05 3.53322e-06
 2.83333 2.19331e-05 1.24778e-05 3.55267e-06
 2.83667 2.21931e-05 1.25955e-05 3.57232e-06
 2.84 2.24577e-05 1.2715e-05 3.59217e-06
 2.84333 2.2727e-05 1.28364e-05 3.61223e-06
 2.84667 2.30012e-05 1.29596e-05 3.6325e-06
 2.85 2.32803e-05 1.30847e-05 3.65299e-06
 2.85333 2.35646e-05 1.32117e-05 3.67369e-06
 2.85667 2.38542e-05 1.33407e-05 3.69461e-06
 2.86 2.41491e-05 1.34717e-05 3.71576e-06
 2.86333 2.44495e-05 1.36048e-05 3.73712e-06
 2.86667 2.47556e-05 1.37401e-05 3.75871e-06
 2.87 2.50675e-05 1.38775e-05 3.78054e-06
 2.87333 2.53853e-05 1.40171e-05 3.80259e-06
 2.87667 2.57093e-05 1.4159e-05 3.82488e-06
 2.88 2.60395e-05 1.43032e-05 3.84741e-06
 2.88333 2.63762e-05 1.44498e-05 3.87018e-06
 2.88667 2.67195e-05 1.45989e-05 3.89319e-06
 2.89 2.70697e-05 1.47505e-05 3.91645e-06
 2.89333 2.74268e-05 1.49046e-05 3.93996e-06
 2.89667 2.7791e-05 1.50614e-05 3.96372e-06
 2.9 2.81627e-05 1.52209e-05 3.98774e-06
 2.90333 2.8542e-05 1.53831e-05 4.01202e-06
 2.90667 2.8929e-05 1.55482e-05 4.03657e-06
 2.91 2.93241e-05 1.57162e-05 4.06138e-06
 2.91333 2.97275e-05 1.58872e-05 4.08646e-06
 2.91667 3.01393e-05 1.60613e-05 4.11181e-06
 2.92 3.05599e-05 1.62385e-05 4.13744e-06
 2.92333 3.09895e-05 1.6419e-05 4.16335e-06
 2.92667 3.14284e-05 1.66028e-05 4.18955e-06
 2.93 3.18768e-05 1.679e-05 4.21603e-06
 2.93333 3.23351e-05 1.69808e-05 4.24281e-06
 2.93667 3.28035e-05 1.71751e-05 4.26988e-06
 2.94 3.32823e-05 1.73732e-05 4.29725e-06
 2.94333 3.37719e-05 1.75751e-05 4.32493e-06
 2.94667 3.42727e-05 1.7781e-05 4.35291e-06
 2.95 3.47849e-05 1.79908e-05 4.38121e-06
 2.95333 3.53089e-05 1.82049e-05 4.40982e-06
 2.95667 3.58451e-05 1.84233e-05 4.43875e-06
 2.96 3.63939e-05 1.8646e-05 4.46801e-06
 2.96333 3.69558e-05 1.88734e-05 4.4976e-06
 2.96667 3.75311e-05 1.91054e-05 4.52752e-06
 2.97 3.81202e-05 1.93423e-05 4.55778e-06
 2.97333 3.87237e-05 1.95841e-05 4.58839e-06
 2.97667 3.93421e-05 1.98311e-05 4.61934e-06
 2.98 3.99758e-05 2.00835e-05 4.65065e-06
 2.98333 4.06254e-05 2.03413e-05 4.68232e-06
 2.98667 4.12914e-05 2.06048e-05 4.71435e-06
 2.99 4.19744e-05 2.08742e-05 4.74675e-06
 2.99333 4.2675e-05 2.11496e-05 4.77952e-06
 2.99667 4.33939e-05 2.14312e-05 4.81267e-06
 3 4.41316e-05 2.17193e-05 4.84621e-06
 3.00333 4.4889e-05 2.20142e-05 4.88014e-06
 3.00667 4.56667e-05 2.23159e-05 4.91446e-06
 3.01 4.64654e-05 2.26248e-05 4.94919e-06
 3.01333 4.72861e-05 2.29412e-05 4.98432e-06
 3.01667 4.81294e-05 2.32652e-05 5.01987e-06
 3.02 4.89963e-05 2.35973e-05 5.05584e-06
 3.02333 4.98877e-05 2.39376e-05 5.09224e-06
 3.02667 5.08046e-05 2.42864e-05 5.12907e-06
 3.03 5.17479e-05 2.46442e-05 5.16634e-06
 3.03333 5.27187e-05 2.50113e-05 5.20405e-06
 3.03667 5.37183e-05 2.53879e-05 5.24222e-06
 3.04 5.47476e-05 2.57746e-05 5.28085e-06
 3.04333 5.5808e-05 2.61716e-05 5.31995e-06
 3.04667 5.69007e-05 2.65794e-05 5.35952e-06
 3.05 5.80272e-05 2.69984e-05 5.39957e-06
 3.05333 5.91889e-05 2.74292e-05 5.44011e-06
 3.05667 6.03874e-05 2.78722e-05 5.48115e-06
 3.06 6.16241e-05 2.83278e-05 5.5227e-06
 3.06333 6.29009e-05 2.87968e-05 5.56475e-06
 3.06667 6.42196e-05 2.92796e-05 5.60733e-06
 3.07 6.5582e-05 2.97768e-05 5.65044e-06
 3.07333 6.69902e-05 3.02891e-05 5.69409e-06
 3.07667 6.84462e-05 3.08172e-05 5.73828e-06
 3.08 6.99525e-05 3.13618e-05 5.78303e-06
 3.08333 7.15114e-05 3.19237e-05 5.82834e-06
 3.08667 7.31254e-05 3.25037e-05 5.87423e-06
 3.09 7.47973e-05 3.31026e-05 5.9207e-06
 3.09333 7.65299e-05 3.37215e-05 5.96776e-06
 3.09667 7.83264e-05 3.43612e-05 6.01543e-06
 3.1 8.01899e-05 3.50228e-05 6.06371e-06
 3.10333 8.2124e-05 3.57074e-05 6.11261e-06
 3.10667 8.41324e-05 3.64163e-05 6.16215e-06
 3.11 8.62191e-05 3.71506e-05 6.21233e-06
 3.11333 8.83883e-05 3.79118e-05 6.26317e-06
 3.11667 9.06445e-05 3.87013e-05 6.31467e-06
 3.12 9.29926e-05 3.95207e-05 6.36686e-06
 3.12333 9.54379e-05 4.03716e-05 6.41973e-06
 3.12667 9.79858e-05 4.12558e-05 6.4733e-06
 3.13 0.000100642 4.21753e-05 6.52759e-06
 3.13333 0.000103414 4.31321e-05 6.58261e-06
 3.13667 0.000106308 4.41284e-05 6.63837e-06
 3.14 0.000109332 4.51667e-05 6.69488e-06
 3.14333 0.000112493 4.62495e-05 6.75215e-06
 3.14667 0.0001158 4.73796e-05 6.81021e-06
 3.15 0.000119263 4.85601e-05 6.86906e-06
 3.15333 0.000122892 4.97943e-05 6.92872e-06
 3.15667 0.000126699 5.10857e-05 6.9892e-06
 3.16 0.000130694 5.24382e-05 7.05052e-06
 3.16333 0.000134892 5.3856e-05 7.1127e-06
 3.16667 0.000139305 5.53437e-05 7.17574e-06
 3.17 0.000143951 5.69063e-05 7.23968e-06
 3.17333 0.000148846 5.85493e-05 7.30451e-06
 3.17667 0.000154007 6.02787e-05 7.37027e-06
 3.18 0.000159457 6.21011e-05 7.43696e-06
 3.18333 0.000165216 6.40236e-05 7.50461e-06
 3.18667 0.00017131 6.60543e-05 7.57323e-06
 3.19 0.000177766 6.82019e-05 7.64284e-06
 3.19333 0.000184613 7.04761e-05 7.71347e-06
 3.19667 0.000191884 7.28877e-05 7.78512e-06
 3.2 0.000199616 7.54485e-05 7.85783e-06
 3.20333 0.000207849 7.81719e-05 7.93161e-06
 3.20667 0.00021663 8.10725e-05 8.00649e-06
 3.21 0.000226008 8.4167e-05 8.08247e-06
 3.21333 0.000236039 8.74738e-05 8.1596e-06
 3.21667 0.000246788 9.10138e-05 8.23789e-06
 3.22 0.000258326 9.48103e-05 8.31736e-06
 3.22333 0.000270734 9.88897e-05 8.39804e-06
 3.22667 0.000284102 0.000103282 8.47996e-06
 3.23 0.000298535 0.000108022 8.56313e-06
 3.23333 0.000314149 0.000113147 8.64759e-06
 3.23667 0.000331081 0.000118704 8.73336e-06
 3.24 0.000349485 0.000124742 8.82048e-06
 3.24333 0.00036954 0.00013132 8.90896e-06
 3.24667 0.000391451 0.000138508 8.99883e-06
 3.25 0.00041546 0.000146385 9.09014e-06
 3.25333 0.000441845 0.000155044 9.18291e-06
 3.25667 0.000470936 0.000164594 9.27716e-06
 3.26 0.00050312 0.000175165 9.37294e-06
 3.26333 0.000538857 0.00018691 9.47028e-06
 3.26667 0.000578694 0.000200012 9.56921e-06
 3.27 0.00062329 0.000214692 9.66978e-06
 3.27333 0.000673441 0.000231217 9.772e-06
 3.27667 0.000730117 0.000249912 9.87594e-06
 3.28 0.000794507 0.000271179 9.98161e-06
 3.28333 0.000868084 0.000295514 1.00891e-05
 3.28667 0.00095269 0.000323539 1.01984e-05
 3.29 0.00105065 0.00035604 1.03095e-05
 3.29333 0.00116492 0.000394023 1.04226e-05
 3.29667 0.00129934 0.000438786 1.05377e-05
 3.3 0.00145891 0.000492033 1.06548e-05
 3.30333 0.00165027 0.000556027 1.0774e-05
 3.30667 0.00188236 0.000633824 1.08953e-05
 3.31 0.00216745 0.000729618 1.10188e-05
 3.31333 0.00252261 0.000849272 1.11446e-05
 3.31667 0.0029722 0.00100115 1.12728e-05
 3.32 0.00355159 0.00119745 1.14034e-05
 3.32333 0.00431335 0.00145633 1.15367e-05
 3.32667 0.00533726 0.00180543 1.16727e-05
 3.33 0.00674647 0.00228759 1.18118e-05
 3.33333 0.00873188 0.00296946 1.19542e-05
 3.33667 0.0115805 0.00395194 1.21004e-05
 3.34 0.0156707 0.00536956 1.22511e-05
 3.34333 0.0212712 0.00732276 1.24066e-05
 3.34667 0.0277345 0.00959874 1.25661e-05
 3.35 0.032197 0.0112102 1.27257e-05
 3.35333 0.031118 0.0109074 1.28804e-05
 3.35667 0.0253758 0.00896093 1.30316e-05
 3.36 0.0188682 0.00671768 1.31848e-05
 3.36333 0.0136912 0.00491846 1.3343e-05
 3.36667 0.0100339 0.00364006 1.35067e-05
 3.37 0.00751845 0.00275671 1.36754e-05
 3.37333 0.00577322 0.00214132 1.38486e-05
 3.37667 0.00453654 0.00170365 1.40261e-05
 3.38 0.0036388 0.00138488 1.42077e-05
 3.38333 0.00297158 0.00114724 1.43934e-05
 3.38667 0.00246479 0.00096624 1.45832e-05
 3.39 0.00207229 0.000825714 1.47772e-05
 3.39333 0.00176295 0.00071473 1.49753e-05
 3.39667 0.00151536 0.000625742 1.51778e-05
 3.4 0.00131444 0.000553432 1.53847e-05
 3.40333 0.00114938 0.000493974 1.55961e-05
 3.40667 0.00101229 0.000444571 1.58121e-05
 3.41 0.000897289 0.000403138 1.60329e-05
 3.41333 0.000799963 0.000368102 1.62586e-05
 3.41667 0.000716928 0.000338258 1.64894e-05
 3.42 0.000645564 0.000312672 1.67253e-05
 3.42333 0.00058382 0.000290611 1.69667e-05
 3.42667 0.000530071 0.000271494 1.72135e-05
 3.43 0.000483021 0.000254856 1.74661e-05
 3.43333 0.00044162 0.000240322 1.77245e-05
 3.43667 0.000405018 0.000227588 1.7989e-05
 3.44 0.000372515 0.000216402 1.82598e-05
 3.44333 0.000343535 0.000206559 1.85371e-05
 3.44667 0.000317597 0.000197888 1.8821e-05
 3.45 0.000294301 0.000190246 1.91119e-05
 3.45333 0.000273309 0.000183514 1.94099e-05
 3.45667 0.000254335 0.000177592 1.97153e-05
 3.46 0.000237136 0.000172395 2.00283e-05
 3.46333 0.000221505 0.000167853 2.03493e-05
 3.46667 0.000207263 0.000163906 2.06784e-05
 3.47 0.000194256 0.000160504 2.1016e-05
 3.47333 0.000182353 0.000157604 2.13624e-05
 3.47667 0.000171436 0.000155172 2.17179e-05
 3.48 0.000161406 0.000153181 2.20829e-05
 3.48333 0.000152174 0.000151608 2.24576e-05
 3.48667 0.000143662 0.000150436 2.28425e-05
 3.49 0.000135804 0.000149654 2.32379e-05
 3.49333 0.000128539 0.000149256 2.36442e-05
 3.49667 0.000121813 0.00014924 2.40619e-05
 3.5 0.000115581 0.000149612 2.44914e-05
 3.50333 0.0001098 0.000150381 2.49331e-05
 3.50667 0.000104432 0.000151564 2.53877e-05
 3.51 9.94464e-05 0.000153186 2.58555e-05
 3.51333 9.48124e-05 0.000155281 2.63371e-05
 3.51667 9.05044e-05 0.000157894 2.68331e-05
 3.52 8.64994e-05 0.000161082 2.7344e-05
 3.52333 8.27772e-05 0.000164921 2.78706e-05
 3.52667 7.93202e-05 0.00016951 2.84135e-05
 3.53 7.61132e-05 0.000174974 2.89734e-05
 3.53333 7.31436e-05 0.000181479 2.9551e-05
 3.53667 7.04013e-05 0.000189246 3.01472e-05
 3.54 6.78792e-05 0.000198565 3.07627e-05
 3.54333 6.55734e-05 0.000209834 3.13984e-05
 3.54667 6.34844e-05 0.000223604 3.20554e-05
 3.55 6.1618e-05 0.000240649 3.27344e-05
 3.55333 5.99881e-05 0.000262093 3.34368e-05
 3.55667 5.86205e-05 0.000289612 3.41634e-05
 3.56 5.75602e-05 0.000325795 3.49155e-05
 3.56333 5.68843e-05 0.000374811 3.56945e-05
 3.56667 5.6728e-05 0.000443723 3.65015e-05
 3.57 5.73397e-05 0.000545283 3.7338e-05
 3.57333 5.92074e-05 0.000704446 3.82057e-05
 3.57667 6.33897e-05 0.000975568 3.9106e-05
 3.58 7.25316e-05 0.00149605 4.00407e-05
 3.58333 9.48038e-05 0.00269955 4.10117e-05
 3.58667 0.000166029 0.00656214 4.2021e-05
 3.59 0.000575678 0.0299763 4.30716e-05
 3.59333 0.00108087 0.0420674 4.41772e-05
 3.59667 0.00023154 0.00813333 4.53033e-05
 3.6 0.000108175 0.0030811 4.64863e-05
 3.60333 7.43272e-05 0.00164883 4.77212e-05
 3.60667 6.05564e-05 0.00106217 4.90099e-05
 3.61 5.36422e-05 0.000768734 5.03556e-05
 3.61333 4.97182e-05 0.00060282 5.17616e-05
 3.61667 4.73314e-05 0.000501128 5.32319e-05
 3.62 4.58386e-05 0.000435308 5.47704e-05
 3.62333 4.49212e-05 0.000391146 5.63817e-05
 3.62667 4.44076e-05 0.000360888 5.80706e-05
 3.63 4.41997e-05 0.000340021 5.98425e-05
 3.63333 4.42394e-05 0.000325778 6.1703e-05
 3.63667 4.44915e-05 0.000316394 6.36584e-05
 3.64 4.49348e-05 0.000310703 6.57157e-05
 3.64333 4.55574e-05 0.000307918 6.78821e-05
 3.64667 4.63534e-05 0.000307495 7.01661e-05
 3.65 4.73217e-05 0.000309057 7.25766e-05
 3.65333 4.84644e-05 0.000312339 7.51235e-05
 3.65667 4.97868e-05 0.00031716 7.78177e-05
 3.66 5.12967e-05 0.000323397 8.06714e-05
 3.66333 5.30044e-05 0.000330974 8.36979e-05
 3.66667 5.49223e-05 0.000339851 8.69121e-05
 3.67 5.70658e-05 0.00035002 9.03304e-05
 3.67333 5.94525e-05 0.000361495 9.39713e-05
 3.67667 6.21033e-05 0.000374316 9.78553e-05
 3.68 6.50421e-05 0.000388543 0.000102006
 3.68333 6.82968e-05 0.000404261 0.000106448
 3.68667 7.18992e-05 0.000421572 0.000111212
 3.69 7.58865e-05 0.000440604 0.00011633
 3.69333 8.03013e-05 0.000461512 0.00012184
 3.69667 8.51931e-05 0.000484478 0.000127786
 3.7 9.06196e-05 0.000509715 0.000134215
 3.70333 9.66478e-05 0.000537475 0.000141183
 3.70667 0.000103356 0.000568054 0.000148756
 3.71 0.000110837 0.0006018 0.000157009
 3.71333 0.0001192 0.00063912 0.000166028
 3.71667 0.000128573 0.000680497 0.000175915
 3.72 0.000139113 0.000726502 0.00018679
 3.72333 0.000151003 0.000777817 0.000198794
 3.72667 0.000164469 0.000835256 0.000212094
 3.73 0.000179785 0.000899799 0.000226892
 3.73333 0.000197285 0.000972636 0.00024343
 3.73667 0.000217385 0.00105522 0.000262
 3.74 0.000240604 0.00114932 0.000282961
 3.74333 0.000267596 0.00125717 0.000306756
 3.74667 0.000299198 0.00138151 0.000333936
 3.75 0.000336489 0.00152585 0.000365192
 3.75333 0.000380881 0.00169463 0.000401403
 3.75667 0.000434255 0.00189361 0.0004437
 3.76 0.000499149 0.00213031 0.000493553
 3.76333 0.000579063 0.00241468 0.000552901
 3.76667 0.000678922 0.00276009 0.000624341
 3.77 0.000805835 0.00318478 0.000711399
 3.77333 0.000970354 0.00371403 0.000818948
 3.77667 0.00118869 0.00438347 0.00095383
 3.78 0.00148674 0.00524413 0.00112582
 3.78333 0.00190794 0.00637015 0.00134906
 3.78667 0.00252958 0.00787011 0.00164422
 3.79 0.00349963 0.0099023 0.00204133
 3.79333 0.00512828 0.012689 0.00258241
 3.79667 0.00813541 0.0165056 0.00331925
 3.8 0.0142775 0.0215638 0.004291
 3.80333 0.0260665 0.0275993 0.00544627
 3.80667 0.0324234 0.0330942 0.00649668
 3.81 0.0216861 0.0352563 0.00691307
 3.81333 0.0130499 0.0325766 0.00641418
 3.81667 0.00849257 0.026891 0.00535301
 3.82 0.00590261 0.0209782 0.00425561
 3.82333 0.00432141 0.0162275 0.0033794
 3.82667 0.00332401 0.0128943 0.00275873
 3.83 0.00270672 0.0109889 0.00235256
 3.83333 0.00242496 0.0112588 0.00211629
 3.83667 0.00295895 0.0209109 0.00202241
 3.84 0.00600128 0.0555653 0.00206505
 3.84333 0.00227694 0.013122 0.00226777
 3.84667 0.00174157 0.00650999 0.00269459
 3.85 0.00175512 0.00462942 0.00350125
 3.85333 0.00209248 0.00387099 0.00507066
 3.85667 0.00302026 0.00372953 0.00850709
 3.86 0.00576959 0.00456999 0.018039
 3.86333 0.0183125 0.00986487 0.0606632
 3.86667 0.0836998 0.0386755 0.28184
 3.87 0.0172776 0.00896682 0.0572622
 3.87333 0.0054247 0.00356204 0.0173109
 3.87667 0.00267579 0.00222309 0.00811426
 3.88 0.00164557 0.00166575 0.0047111
 3.88333 0.00114784 0.0013601 0.00309564
 3.88667 0.000867261 0.00116368 0.0022043
 3.89 0.000692013 0.00102509 0.00166063
 3.89333 0.000574464 0.000922077 0.00130449
 3.89667 0.000491616 0.000843995 0.00105849
 3.9 0.000431399 0.000786008 0.000881556
 3.90333 0.00038727 0.000747393 0.000750229
 3.90667 0.000356069 0.000732603 0.000650349
 3.91 0.000337869 0.000757529 0.000572964
 3.91333 0.000339475 0.000876276 0.000512212
 3.91667 0.00039802 0.00133931 0.000464147
 3.92 0.000853076 0.00441114 0.000426077
 3.92333 0.00121461 0.00663061 0.000396131
 3.92667 0.000422015 0.00154059 0.000373065
 3.93 0.000327585 0.00086713 0.000356138
 3.93333 0.000322307 0.000694151 0.000345003
 3.93667 0.000357904 0.000656527 0.000339761
 3.94 0.000446106 0.000701166 0.000341069
 3.94333 0.00064661 0.000860234 0.000350419
 3.94667 0.0011808 0.00131128 0.000370748
 3.95 0.0032755 0.00304761 0.00040788
 3.95333 0.0186255 0.0151771 0.000474522
 3.95667 0.0077047 0.00605 0.000596578
 3.96 0.00259837 0.00210274 0.000855764
 3.96333 0.00372268 0.00198322 0.0015519
 3.96667 0.00226684 0.00390622 0.00457601
 3.97 0.0059555 0.0189932 0.0246546
 3.97333 0.00151274 0.00414343 0.0051495
 3.97667 0.000703253 0.00160998 0.00176502
 3.98 0.000572245 0.00129678 0.00110548
 3.98333 0.000844768 0.00214695 0.000977016
 3.98667 0.00310238 0.00819762 0.00112069
 3.99 0.000807077 0.00347427 0.00173539
 3.99333 0.000496699 0.0085703 0.00473495
 3.99667 0.000501216 0.0215319 0.0110017
 4 0.000435366 0.00500828 0.0041418
