 Energy(eV)     left     top    bottom
 2.5 1.29678e-06 9.99228e-07 7.17206e-07
 2.50333 1.30632e-06 1.00541e-06 7.20157e-07
 2.50667 1.31596e-06 1.01165e-06 7.2313e-07
 2.51 1.3257e-06 1.01794e-06 7.26124e-07
 2.51333 1.33555e-06 1.02429e-06 7.29141e-07
 2.51667 1.3455e-06 1.03071e-06 7.32181e-07
 2.52 1.35556e-06 1.03718e-06 7.35243e-07
 2.52333 1.36572e-06 1.04371e-06 7.38329e-07
 2.52667 1.376e-06 1.0503e-06 7.41437e-07
 2.53 1.38638e-06 1.05695e-06 7.44568e-07
 2.53333 1.39688e-06 1.06366e-06 7.47724e-07
 2.53667 1.4075e-06 1.07044e-06 7.50902e-07
 2.54 1.41822e-06 1.07728e-06 7.54105e-07
 2.54333 1.42907e-06 1.08419e-06 7.57332e-07
 2.54667 1.44004e-06 1.09116e-06 7.60583e-07
 2.55 1.45112e-06 1.0982e-06 7.63858e-07
 2.55333 1.46233e-06 1.10531e-06 7.67159e-07
 2.55667 1.47367e-06 1.11248e-06 7.70484e-07
 2.56 1.48513e-06 1.11972e-06 7.73834e-07
 2.56333 1.49672e-06 1.12703e-06 7.7721e-07
 2.56667 1.50844e-06 1.13441e-06 7.80611e-07
 2.57 1.52029e-06 1.14187e-06 7.84038e-07
 2.57333 1.53228e-06 1.14939e-06 7.87492e-07
 2.57667 1.5444e-06 1.15699e-06 7.90971e-07
 2.58 1.55667e-06 1.16467e-06 7.94477e-07
 2.58333 1.56907e-06 1.17242e-06 7.9801e-07
 2.58667 1.58161e-06 1.18024e-06 8.0157e-07
 2.59 1.5943e-06 1.18815e-06 8.05157e-07
 2.59333 1.60714e-06 1.19613e-06 8.08771e-07
 2.59667 1.62013e-06 1.20419e-06 8.12414e-07
 2.6 1.63327e-06 1.21233e-06 8.16084e-07
 2.60333 1.64656e-06 1.22056e-06 8.19782e-07
 2.60667 1.66001e-06 1.22886e-06 8.23509e-07
 2.61 1.67362e-06 1.23726e-06 8.27265e-07
 2.61333 1.6874e-06 1.24573e-06 8.3105e-07
 2.61667 1.70133e-06 1.25429e-06 8.34864e-07
 2.62 1.71543e-06 1.26294e-06 8.38708e-07
 2.62333 1.72971e-06 1.27168e-06 8.42582e-07
 2.62667 1.74415e-06 1.28051e-06 8.46486e-07
 2.63 1.75877e-06 1.28943e-06 8.5042e-07
 2.63333 1.77357e-06 1.29844e-06 8.54385e-07
 2.63667 1.78855e-06 1.30755e-06 8.58381e-07
 2.64 1.80372e-06 1.31675e-06 8.62408e-07
 2.64333 1.81907e-06 1.32605e-06 8.66467e-07
 2.64667 1.83461e-06 1.33545e-06 8.70557e-07
 2.65 1.85035e-06 1.34494e-06 8.7468e-07
 2.65333 1.86628e-06 1.35454e-06 8.78836e-07
 2.65667 1.88241e-06 1.36424e-06 8.83024e-07
 2.66 1.89875e-06 1.37405e-06 8.87245e-07
 2.66333 1.91529e-06 1.38396e-06 8.915e-07
 2.66667 1.93204e-06 1.39397e-06 8.95789e-07
 2.67 1.94901e-06 1.4041e-06 9.00112e-07
 2.67333 1.9662e-06 1.41433e-06 9.04469e-07
 2.67667 1.98361e-06 1.42468e-06 9.08861e-07
 2.68 2.00124e-06 1.43514e-06 9.13288e-07
 2.68333 2.0191e-06 1.44572e-06 9.17751e-07
 2.68667 2.0372e-06 1.45641e-06 9.22249e-07
 2.69 2.05554e-06 1.46723e-06 9.26784e-07
 2.69333 2.07411e-06 1.47816e-06 9.31356e-07
 2.69667 2.09294e-06 1.48922e-06 9.35964e-07
 2.7 2.11201e-06 1.5004e-06 9.40609e-07
 2.70333 2.13134e-06 1.51171e-06 9.45293e-07
 2.70667 2.15094e-06 1.52315e-06 9.50014e-07
 2.71 2.17079e-06 1.53472e-06 9.54774e-07
 2.71333 2.19092e-06 1.54643e-06 9.59573e-07
 2.71667 2.21132e-06 1.55826e-06 9.64411e-07
 2.72 2.232e-06 1.57024e-06 9.69288e-07
 2.72333 2.25297e-06 1.58235e-06 9.74206e-07
 2.72667 2.27423e-06 1.59461e-06 9.79164e-07
 2.73 2.29579e-06 1.60701e-06 9.84163e-07
 2.73333 2.31764e-06 1.61956e-06 9.89203e-07
 2.73667 2.33981e-06 1.63226e-06 9.94285e-07
 2.74 2.36229e-06 1.64511e-06 9.9941e-07
 2.74333 2.38509e-06 1.65811e-06 1.00458e-06
 2.74667 2.40821e-06 1.67127e-06 1.00979e-06
 2.75 2.43167e-06 1.68459e-06 1.01504e-06
 2.75333 2.45547e-06 1.69808e-06 1.02034e-06
 2.75667 2.47961e-06 1.71173e-06 1.02568e-06
 2.76 2.50411e-06 1.72554e-06 1.03107e-06
 2.76333 2.52896e-06 1.73953e-06 1.0365e-06
 2.76667 2.55418e-06 1.75369e-06 1.04198e-06
 2.77 2.57978e-06 1.76803e-06 1.0475e-06
 2.77333 2.60576e-06 1.78255e-06 1.05307e-06
 2.77667 2.63213e-06 1.79726e-06 1.05869e-06
 2.78 2.6589e-06 1.81215e-06 1.06436e-06
 2.78333 2.68607e-06 1.82723e-06 1.07008e-06
 2.78667 2.71366e-06 1.84251e-06 1.07584e-06
 2.79 2.74168e-06 1.85798e-06 1.08166e-06
 2.79333 2.77012e-06 1.87365e-06 1.08752e-06
 2.79667 2.79901e-06 1.88953e-06 1.09344e-06
 2.8 2.82835e-06 1.90562e-06 1.0994e-06
 2.80333 2.85815e-06 1.92192e-06 1.10542e-06
 2.80667 2.88842e-06 1.93844e-06 1.11149e-06
 2.81 2.91917e-06 1.95518e-06 1.11761e-06
 2.81333 2.95041e-06 1.97215e-06 1.12379e-06
 2.81667 2.98216e-06 1.98934e-06 1.13002e-06
 2.82 3.01442e-06 2.00677e-06 1.13631e-06
 2.82333 3.04721e-06 2.02444e-06 1.14265e-06
 2.82667 3.08053e-06 2.04235e-06 1.14905e-06
 2.83 3.1144e-06 2.06051e-06 1.1555e-06
 2.83333 3.14884e-06 2.07892e-06 1.16201e-06
 2.83667 3.18384e-06 2.09759e-06 1.16858e-06
 2.84 3.21944e-06 2.11653e-06 1.17521e-06
 2.84333 3.25564e-06 2.13574e-06 1.1819e-06
 2.84667 3.29245e-06 2.15522e-06 1.18865e-06
 2.85 3.32989e-06 2.17498e-06 1.19546e-06
 2.85333 3.36798e-06 2.19503e-06 1.20233e-06
 2.85667 3.40673e-06 2.21537e-06 1.20926e-06
 2.86 3.44615e-06 2.23601e-06 1.21625e-06
 2.86333 3.48627e-06 2.25695e-06 1.22331e-06
 2.86667 3.52709e-06 2.27821e-06 1.23044e-06
 2.87 3.56865e-06 2.29978e-06 1.23763e-06
 2.87333 3.61094e-06 2.32169e-06 1.24488e-06
 2.87667 3.654e-06 2.34392e-06 1.2522e-06
 2.88 3.69784e-06 2.36649e-06 1.25959e-06
 2.88333 3.74248e-06 2.38942e-06 1.26705e-06
 2.88667 3.78795e-06 2.41269e-06 1.27458e-06
 2.89 3.83426e-06 2.43634e-06 1.28217e-06
 2.89333 3.88143e-06 2.46035e-06 1.28984e-06
 2.89667 3.92948e-06 2.48475e-06 1.29758e-06
 2.9 3.97845e-06 2.50953e-06 1.30539e-06
 2.90333 4.02835e-06 2.53471e-06 1.31328e-06
 2.90667 4.07921e-06 2.56031e-06 1.32124e-06
 2.91 4.13106e-06 2.58632e-06 1.32928e-06
 2.91333 4.18391e-06 2.61275e-06 1.33739e-06
 2.91667 4.2378e-06 2.63963e-06 1.34558e-06
 2.92 4.29276e-06 2.66696e-06 1.35385e-06
 2.92333 4.34881e-06 2.69474e-06 1.3622e-06
 2.92667 4.40599e-06 2.723e-06 1.37063e-06
 2.93 4.46432e-06 2.75174e-06 1.37914e-06
 2.93333 4.52385e-06 2.78098e-06 1.38773e-06
 2.93667 4.58459e-06 2.81073e-06 1.39641e-06
 2.94 4.64659e-06 2.84099e-06 1.40517e-06
 2.94333 4.70989e-06 2.8718e-06 1.41401e-06
 2.94667 4.77452e-06 2.90315e-06 1.42295e-06
 2.95 4.84051e-06 2.93507e-06 1.43197e-06
 2.95333 4.90792e-06 2.96756e-06 1.44108e-06
 2.95667 4.97678e-06 3.00065e-06 1.45028e-06
 2.96 5.04713e-06 3.03435e-06 1.45957e-06
 2.96333 5.11902e-06 3.06867e-06 1.46896e-06
 2.96667 5.1925e-06 3.10364e-06 1.47844e-06
 2.97 5.26762e-06 3.13928e-06 1.48801e-06
 2.97333 5.34442e-06 3.17559e-06 1.49768e-06
 2.97667 5.42296e-06 3.2126e-06 1.50745e-06
 2.98 5.5033e-06 3.25034e-06 1.51732e-06
 2.98333 5.58548e-06 3.28882e-06 1.52728e-06
 2.98667 5.66958e-06 3.32805e-06 1.53735e-06
 2.99 5.75564e-06 3.36808e-06 1.54753e-06
 2.99333 5.84374e-06 3.40891e-06 1.5578e-06
 2.99667 5.93394e-06 3.45058e-06 1.56819e-06
 3 6.02631e-06 3.4931e-06 1.57868e-06
 3.00333 6.12093e-06 3.53652e-06 1.58928e-06
 3.00667 6.21787e-06 3.58084e-06 1.59999e-06
 3.01 6.3172e-06 3.6261e-06 1.61081e-06
 3.01333 6.41902e-06 3.67234e-06 1.62175e-06
 3.01667 6.52341e-06 3.71957e-06 1.6328e-06
 3.02 6.63045e-06 3.76785e-06 1.64397e-06
 3.02333 6.74024e-06 3.81718e-06 1.65525e-06
 3.02667 6.85288e-06 3.86763e-06 1.66666e-06
 3.03 6.96848e-06 3.91921e-06 1.67819e-06
 3.03333 7.08713e-06 3.97197e-06 1.68984e-06
 3.03667 7.20896e-06 4.02596e-06 1.70162e-06
 3.04 7.33407e-06 4.0812e-06 1.71353e-06
 3.04333 7.4626e-06 4.13775e-06 1.72556e-06
 3.04667 7.59467e-06 4.19565e-06 1.73773e-06
 3.05 7.73042e-06 4.25495e-06 1.75003e-06
 3.05333 7.86999e-06 4.31569e-06 1.76246e-06
 3.05667 8.01353e-06 4.37795e-06 1.77503e-06
 3.06 8.1612e-06 4.44176e-06 1.78774e-06
 3.06333 8.31316e-06 4.50719e-06 1.8006e-06
 3.06667 8.46958e-06 4.57429e-06 1.81359e-06
 3.07 8.63065e-06 4.64314e-06 1.82673e-06
 3.07333 8.79656e-06 4.7138e-06 1.84002e-06
 3.07667 8.96751e-06 4.78634e-06 1.85345e-06
 3.08 9.14372e-06 4.86084e-06 1.86704e-06
 3.08333 9.3254e-06 4.93737e-06 1.88079e-06
 3.08667 9.5128e-06 5.01602e-06 1.89469e-06
 3.09 9.70616e-06 5.09688e-06 1.90875e-06
 3.09333 9.90575e-06 5.18004e-06 1.92297e-06
 3.09667 1.01118e-05 5.26559e-06 1.93735e-06
 3.1 1.03247e-05 5.35363e-06 1.9519e-06
 3.10333 1.05447e-05 5.44429e-06 1.96663e-06
 3.10667 1.07722e-05 5.53767e-06 1.98152e-06
 3.11 1.10074e-05 5.63389e-06 1.99659e-06
 3.11333 1.12508e-05 5.73309e-06 2.01183e-06
 3.11667 1.15028e-05 5.83539e-06 2.02726e-06
 3.12 1.17637e-05 5.94096e-06 2.04287e-06
 3.12333 1.20341e-05 6.04993e-06 2.05867e-06
 3.12667 1.23143e-05 6.16247e-06 2.07465e-06
 3.13 1.2605e-05 6.27877e-06 2.09083e-06
 3.13333 1.29065e-05 6.39899e-06 2.1072e-06
 3.13667 1.32196e-05 6.52335e-06 2.12378e-06
 3.14 1.35448e-05 6.65205e-06 2.14055e-06
 3.14333 1.38827e-05 6.78531e-06 2.15753e-06
 3.14667 1.42341e-05 6.92338e-06 2.17472e-06
 3.15 1.45996e-05 7.06652e-06 2.19212e-06
 3.15333 1.49802e-05 7.21499e-06 2.20974e-06
 3.15667 1.53766e-05 7.36909e-06 2.22757e-06
 3.16 1.57898e-05 7.52915e-06 2.24563e-06
 3.16333 1.62207e-05 7.69549e-06 2.26392e-06
 3.16667 1.66704e-05 7.86848e-06 2.28244e-06
 3.17 1.714e-05 8.04851e-06 2.30119e-06
 3.17333 1.76309e-05 8.23602e-06 2.32018e-06
 3.17667 1.81442e-05 8.43144e-06 2.33942e-06
 3.18 1.86814e-05 8.63528e-06 2.3589e-06
 3.18333 1.92441e-05 8.84807e-06 2.37864e-06
 3.18667 1.98339e-05 9.07038e-06 2.39863e-06
 3.19 2.04527e-05 9.30284e-06 2.41888e-06
 3.19333 2.11024e-05 9.54613e-06 2.4394e-06
 3.19667 2.17852e-05 9.80098e-06 2.46019e-06
 3.2 2.25034e-05 1.00682e-05 2.48125e-06
 3.20333 2.32596e-05 1.03487e-05 2.5026e-06
 3.20667 2.40565e-05 1.06433e-05 2.52423e-06
 3.21 2.48973e-05 1.09532e-05 2.54614e-06
 3.21333 2.57851e-05 1.12796e-05 2.56836e-06
 3.21667 2.67238e-05 1.16235e-05 2.59088e-06
 3.22 2.77173e-05 1.19866e-05 2.6137e-06
 3.22333 2.87701e-05 1.23702e-05 2.63684e-06
 3.22667 2.98872e-05 1.2776e-05 2.66029e-06
 3.23 3.10738e-05 1.3206e-05 2.68407e-06
 3.23333 3.23361e-05 1.36622e-05 2.70819e-06
 3.23667 3.36808e-05 1.4147e-05 2.73263e-06
 3.24 3.51153e-05 1.46628e-05 2.75743e-06
 3.24333 3.6648e-05 1.52126e-05 2.78257e-06
 3.24667 3.82881e-05 1.57995e-05 2.80807e-06
 3.25 4.00463e-05 1.64273e-05 2.83393e-06
 3.25333 4.19342e-05 1.70999e-05 2.86017e-06
 3.25667 4.39652e-05 1.78219e-05 2.88678e-06
 3.26 4.61544e-05 1.85986e-05 2.91378e-06
 3.26333 4.85189e-05 1.94359e-05 2.94118e-06
 3.26667 5.10783e-05 2.03404e-05 2.96897e-06
 3.27 5.38548e-05 2.13201e-05 2.99718e-06
 3.27333 5.68742e-05 2.23836e-05 3.0258e-06
 3.27667 6.01661e-05 2.35413e-05 3.05485e-06
 3.28 6.37648e-05 2.48051e-05 3.08434e-06
 3.28333 6.771e-05 2.61887e-05 3.11427e-06
 3.28667 7.20485e-05 2.77083e-05 3.14466e-06
 3.29 7.6835e-05 2.9383e-05 3.17551e-06
 3.29333 8.21342e-05 3.12351e-05 3.20683e-06
 3.29667 8.80229e-05 3.32914e-05 3.23864e-06
 3.3 9.4593e-05 3.55838e-05 3.27094e-06
 3.30333 0.000101955 3.81508e-05 3.30375e-06
 3.30667 0.000110243 4.1039e-05 3.33707e-06
 3.31 0.00011962 4.43056e-05 3.37092e-06
 3.31333 0.000130289 4.8021e-05 3.4053e-06
 3.31667 0.0001425 5.22726e-05 3.44024e-06
 3.32 0.000156569 5.71706e-05 3.47575e-06
 3.32333 0.000172894 6.28549e-05 3.51183e-06
 3.32667 0.000191991 6.95056e-05 3.5485e-06
 3.33 0.000214529 7.73572e-05 3.58577e-06
 3.33333 0.000241393 8.67203e-05 3.62367e-06
 3.33667 0.000273773 9.80127e-05 3.6622e-06
 3.34 0.0003133 0.000111807 3.70138e-06
 3.34333 0.000362254 0.000128906 3.74123e-06
 3.34667 0.000423904 0.000150461 3.78177e-06
 3.35 0.00050307 0.00017817 3.82302e-06
 3.35333 0.000607095 0.000214624 3.865e-06
 3.35667 0.000747611 0.000263931 3.90776e-06
 3.36 0.000943923 0.000332916 3.95133e-06
 3.36333 0.00122995 0.000433586 3.99577e-06
 3.36667 0.00166974 0.000588628 4.04119e-06
 3.37 0.00239579 0.000845041 4.08778e-06
 3.37333 0.00371785 0.00131281 4.13595e-06
 3.37667 0.00649136 0.0022961 4.18682e-06
 3.38 0.0136857 0.00485224 4.2442e-06
 3.38333 0.0377799 0.0134354 4.32381e-06
 3.38667 0.0680422 0.0242881 4.41096e-06
 3.39 0.026177 0.00938611 4.40837e-06
 3.39333 0.0102632 0.00369952 4.4402e-06
 3.39667 0.00518532 0.00188059 4.48664e-06
 3.4 0.00307782 0.00112408 4.53777e-06
 3.40333 0.00202408 0.000745104 4.59123e-06
 3.40667 0.00142707 0.000530007 4.64629e-06
 3.41 0.00105773 0.000396731 4.7027e-06
 3.41333 0.000813981 0.000308651 4.76037e-06
 3.41667 0.000644948 0.000247503 4.81926e-06
 3.42 0.00052307 0.000203378 4.87937e-06
 3.42333 0.00043238 0.000170531 4.94071e-06
 3.42667 0.000363123 0.000145447 5.0033e-06
 3.43 0.000309072 0.000125881 5.06717e-06
 3.43333 0.000266102 0.000110345 5.13235e-06
 3.43667 0.000231394 9.78205e-05 5.19888e-06
 3.44 0.00020297 8.75923e-05 5.26679e-06
 3.44333 0.00017941 7.91466e-05 5.33611e-06
 3.44667 0.00015967 7.21065e-05 5.4069e-06
 3.45 0.000142975 6.61906e-05 5.47918e-06
 3.45333 0.000128733 6.11856e-05 5.553e-06
 3.45667 0.000116491 5.69275e-05 5.62842e-06
 3.46 0.000105896 5.32885e-05 5.70546e-06
 3.46333 9.66669e-05 5.01682e-05 5.7842e-06
 3.46667 8.85826e-05 4.7487e-05 5.86467e-06
 3.47 8.14639e-05 4.51808e-05 5.94693e-06
 3.47333 7.51653e-05 4.31985e-05 6.03104e-06
 3.47667 6.95677e-05 4.14983e-05 6.11704e-06
 3.48 6.45729e-05 4.00466e-05 6.20502e-06
 3.48333 6.00993e-05 3.88158e-05 6.29502e-06
 3.48667 5.60787e-05 3.77839e-05 6.38711e-06
 3.49 5.24536e-05 3.69329e-05 6.48136e-06
 3.49333 4.91755e-05 3.62488e-05 6.57784e-06
 3.49667 4.62032e-05 3.57206e-05 6.67663e-06
 3.5 4.35012e-05 3.53401e-05 6.7778e-06
 3.50333 4.10393e-05 3.5102e-05 6.88143e-06
 3.50667 3.87914e-05 3.50032e-05 6.98761e-06
 3.51 3.67348e-05 3.50431e-05 7.09643e-06
 3.51333 3.485e-05 3.52237e-05 7.20797e-06
 3.51667 3.31199e-05 3.55494e-05 7.32234e-06
 3.52 3.15295e-05 3.60277e-05 7.43964e-06
 3.52333 3.00656e-05 3.66691e-05 7.55996e-06
 3.52667 2.87169e-05 3.74882e-05 7.68343e-06
 3.53 2.74732e-05 3.85038e-05 7.81015e-06
 3.53333 2.63255e-05 3.97409e-05 7.94025e-06
 3.53667 2.52661e-05 4.1231e-05 8.07386e-06
 3.54 2.4288e-05 4.30151e-05 8.2111e-06
 3.54333 2.33854e-05 4.51459e-05 8.35212e-06
 3.54667 2.25528e-05 4.76918e-05 8.49706e-06
 3.55 2.17859e-05 5.07423e-05 8.64608e-06
 3.55333 2.10809e-05 5.44162e-05 8.79935e-06
 3.55667 2.04348e-05 5.88731e-05 8.95702e-06
 3.56 1.98454e-05 6.43311e-05 9.11929e-06
 3.56333 1.93114e-05 7.10945e-05 9.28634e-06
 3.56667 1.8833e-05 7.95971e-05 9.45836e-06
 3.57 1.84118e-05 9.04746e-05 9.63558e-06
 3.57333 1.8052e-05 0.000104688 9.8182e-06
 3.57667 1.77616e-05 0.000123745 1.00065e-05
 3.58 1.75558e-05 0.000150123 1.02006e-05
 3.58333 1.74619e-05 0.000188115 1.0401e-05
 3.58667 1.75326e-05 0.00024571 1.06077e-05
 3.59 1.78761e-05 0.000339157 1.08212e-05
 3.59333 1.87406e-05 0.000505783 1.10418e-05
 3.59667 2.07964e-05 0.000847559 1.12698e-05
 3.6 2.63832e-05 0.00172929 1.15057e-05
 3.60333 4.83461e-05 0.00525588 1.17508e-05
 3.60667 0.000217919 0.0323602 1.20148e-05
 3.61 0.000108281 0.0106193 1.22718e-05
 3.61333 3.57944e-05 0.00257768 1.25346e-05
 3.61667 2.3336e-05 0.00111061 1.28135e-05
 3.62 1.92629e-05 0.000620444 1.31035e-05
 3.62333 1.7454e-05 0.000400666 1.34047e-05
 3.62667 1.65098e-05 0.000284025 1.37174e-05
 3.63 1.5975e-05 0.000215016 1.40422e-05
 3.63333 1.5666e-05 0.000170993 1.43797e-05
 3.63667 1.54976e-05 0.00014133 1.47307e-05
 3.64 1.54263e-05 0.000120511 1.50958e-05
 3.64333 1.54279e-05 0.000105442 1.5476e-05
 3.64667 1.54886e-05 9.42794e-05 1.58721e-05
 3.65 1.56004e-05 8.58708e-05 1.6285e-05
 3.65333 1.57584e-05 7.94663e-05 1.67158e-05
 3.65667 1.596e-05 7.45617e-05 1.71655e-05
 3.66 1.62041e-05 7.08082e-05 1.76354e-05
 3.66333 1.64907e-05 6.79593e-05 1.81267e-05
 3.66667 1.68204e-05 6.58372e-05 1.86409e-05
 3.67 1.71946e-05 6.43118e-05 1.91795e-05
 3.67333 1.76153e-05 6.32871e-05 1.97441e-05
 3.67667 1.80851e-05 6.26914e-05 2.03365e-05
 3.68 1.86071e-05 6.24713e-05 2.09587e-05
 3.68333 1.91851e-05 6.25874e-05 2.16128e-05
 3.68667 1.98233e-05 6.30106e-05 2.23012e-05
 3.69 2.05269e-05 6.37208e-05 2.30265e-05
 3.69333 2.13017e-05 6.47045e-05 2.37915e-05
 3.69667 2.21544e-05 6.59542e-05 2.45993e-05
 3.7 2.30928e-05 6.74674e-05 2.54534e-05
 3.70333 2.41258e-05 6.92464e-05 2.63577e-05
 3.70667 2.5264e-05 7.12975e-05 2.73162e-05
 3.71 2.65192e-05 7.36316e-05 2.83339e-05
 3.71333 2.79054e-05 7.62634e-05 2.94159e-05
 3.71667 2.94391e-05 7.92124e-05 3.0568e-05
 3.72 3.11392e-05 8.25028e-05 3.1797e-05
 3.72333 3.30284e-05 8.61639e-05 3.31103e-05
 3.72667 3.51333e-05 9.02311e-05 3.45161e-05
 3.73 3.74857e-05 9.47466e-05 3.60241e-05
 3.73333 4.01236e-05 9.97605e-05 3.76451e-05
 3.73667 4.3093e-05 0.000105332 3.93913e-05
 3.74 4.64498e-05 0.000111532 4.12771e-05
 3.74333 5.02622e-05 0.000118445 4.33187e-05
 3.74667 5.46147e-05 0.000126171 4.5535e-05
 3.75 5.9613e-05 0.00013483 4.79482e-05
 3.75333 6.53899e-05 0.000144568 5.05841e-05
 3.75667 7.21153e-05 0.000155561 5.34732e-05
 3.76 8.00088e-05 0.000168024 5.66517e-05
 3.76333 8.9358e-05 0.000182223 6.01631e-05
 3.76667 0.000100547 0.000198487 6.40598e-05
 3.77 0.000114096 0.00021723 6.84055e-05
 3.77333 0.000130727 0.000238975 7.32789e-05
 3.77667 0.000151464 0.000264396 7.87779e-05
 3.78 0.000177798 0.000294366 8.50262e-05
 3.78333 0.000211977 0.000330038 9.2182e-05
 3.78667 0.000257509 0.000372959 0.000100452
 3.79 0.000320134 0.00042524 0.000110108
 3.79333 0.000409764 0.000489828 0.000121522
 3.79667 0.000544758 0.000570942 0.00013521
 3.8 0.000762281 0.000674787 0.000151907
 3.80333 0.0011471 0.000810827 0.000172704
 3.80667 0.00192774 0.000994142 0.000199283
 3.81 0.00389558 0.0012504 0.000234367
 3.81333 0.0110998 0.00162979 0.000282645
 3.81667 0.0430946 0.00225542 0.00035282
 3.82 0.0174592 0.00312059 0.000461653
 3.82333 0.00554694 0.00472923 0.000649416
 3.82667 0.002962 0.00807579 0.00102208
 3.83 0.00254236 0.0164176 0.00192806
 3.83333 0.00389193 0.0418395 0.00465428
 3.83667 0.00583516 0.0724697 0.00793681
 3.84 0.00283778 0.0332606 0.0036979
 3.84333 0.00151354 0.0183565 0.00176188
 3.84667 0.00177037 0.0395879 0.00116955
 3.85 0.000878936 0.0117129 0.000997435
 3.85333 0.00061 0.0047494 0.00101321
 3.85667 0.000554263 0.00288358 0.00116768
 3.86 0.000582423 0.00206894 0.00148954
 3.86333 0.000700603 0.00166917 0.00209499
 3.86667 0.000983287 0.00153727 0.00330743
 3.87 0.00169354 0.00174847 0.00617385
 3.87333 0.00406917 0.00298228 0.0155601
 3.87667 0.0195889 0.0118635 0.076508
 3.88 0.0258983 0.0154188 0.101233
 3.88333 0.0047308 0.00310823 0.0182348
 3.88667 0.00180524 0.001368 0.00679034
 3.89 0.000959911 0.000840827 0.00349815
 3.89333 0.00060726 0.000606244 0.0021331
 3.89667 0.000427448 0.000477875 0.00144153
 3.9 0.000323732 0.000398938 0.00104426
 3.90333 0.000259036 0.000347724 0.00079564
 3.90667 0.000216903 0.000315211 0.000630135
 3.91 0.000189535 0.000298851 0.000514783
 3.91333 0.000173855 0.000302515 0.000431551
 3.91667 0.000171708 0.000345139 0.000369915
 3.92 0.000200191 0.00051294 0.000323421
 3.92333 0.00040364 0.00149094 0.000287962
 3.92667 0.000962208 0.00407444 0.000260847
 3.93 0.000259411 0.000795107 0.000240276
 3.93333 0.000180065 0.000389423 0.00022513
 3.93667 0.000174905 0.000295764 0.000214716
 3.94 0.00019814 0.000277843 0.00020875
 3.94333 0.000254651 0.000303417 0.000207359
 3.94667 0.000380249 0.000389083 0.000211207
 3.95 0.000709942 0.000631179 0.000221789
 3.95333 0.0020073 0.00158966 0.000242162
 3.95667 0.012212 0.00903943 0.000278983
 3.96 0.0041799 0.00311288 0.000344823
 3.96333 0.00123783 0.000985591 0.000477879
 3.96667 0.00120863 0.000836438 0.000801233
 3.97 0.000851536 0.0010296 0.00193396
 3.97333 0.0027496 0.00423271 0.0103343
 3.97667 0.00183844 0.00287016 0.00686787
 3.98 0.000528912 0.00086836 0.00160296
 3.98333 0.000385005 0.000724491 0.000798403
 3.98667 0.00078865 0.00157798 0.000588372
 3.99 0.00144584 0.00295303 0.000560221
 3.99333 0.00034035 0.00144788 0.00066955
 3.99667 0.000201773 0.00338113 0.00114822
 4 0.000183931 0.0178584 0.00388628
