 Energy(eV)     left     top    bottom
 2.5 0.00116776 0.00258996 0.0012656
 2.50333 0.00116816 0.00261168 0.00127022
 2.50667 0.00116861 0.00263356 0.00127487
 2.51 0.00116912 0.00265556 0.00127954
 2.51333 0.00116968 0.00267769 0.00128424
 2.51667 0.00117028 0.00269993 0.00128897
 2.52 0.00117094 0.00272226 0.00129373
 2.52333 0.00117163 0.00274467 0.00129852
 2.52667 0.00117237 0.00276714 0.00130334
 2.53 0.00117314 0.00278965 0.00130819
 2.53333 0.00117395 0.00281219 0.00131307
 2.53667 0.00117479 0.00283474 0.00131799
 2.54 0.00117565 0.00285727 0.00132293
 2.54333 0.00117655 0.00287977 0.00132791
 2.54667 0.00117746 0.00290221 0.00133293
 2.55 0.00117839 0.00292457 0.00133798
 2.55333 0.00117933 0.00294683 0.00134306
 2.55667 0.00118028 0.00296896 0.00134818
 2.56 0.00118124 0.00299093 0.00135334
 2.56333 0.0011822 0.00301272 0.00135854
 2.56667 0.00118315 0.0030343 0.00136377
 2.57 0.0011841 0.00305565 0.00136905
 2.57333 0.00118504 0.00307672 0.00137436
 2.57667 0.00118596 0.0030975 0.00137972
 2.58 0.00118685 0.00311796 0.00138512
 2.58333 0.00118773 0.00313805 0.00139055
 2.58667 0.00118857 0.00315776 0.00139604
 2.59 0.00118938 0.00317705 0.00140156
 2.59333 0.00119015 0.00319589 0.00140714
 2.59667 0.00119087 0.00321424 0.00141275
 2.6 0.00119155 0.00323208 0.00141842
 2.60333 0.00119217 0.00324938 0.00142413
 2.60667 0.00119274 0.0032661 0.00142989
 2.61 0.00119326 0.00328221 0.0014357
 2.61333 0.0011937 0.00329768 0.00144156
 2.61667 0.00119408 0.00331249 0.00144748
 2.62 0.00119439 0.0033266 0.00145344
 2.62333 0.00119462 0.00333999 0.00145946
 2.62667 0.00119478 0.00335263 0.00146553
 2.63 0.00119486 0.00336449 0.00147166
 2.63333 0.00119485 0.00337555 0.00147784
 2.63667 0.00119477 0.00338579 0.00148409
 2.64 0.00119459 0.00339519 0.00149038
 2.64333 0.00119433 0.00340373 0.00149674
 2.64667 0.00119398 0.00341138 0.00150316
 2.65 0.00119355 0.00341814 0.00150964
 2.65333 0.00119302 0.00342398 0.00151619
 2.65667 0.00119241 0.00342891 0.00152279
 2.66 0.0011917 0.0034329 0.00152947
 2.66333 0.00119091 0.00343596 0.0015362
 2.66667 0.00119003 0.00343807 0.00154301
 2.67 0.00118907 0.00343923 0.00154988
 2.67333 0.00118802 0.00343944 0.00155682
 2.67667 0.00118689 0.0034387 0.00156383
 2.68 0.00118569 0.00343703 0.00157092
 2.68333 0.00118441 0.00343441 0.00157807
 2.68667 0.00118305 0.00343086 0.0015853
 2.69 0.00118163 0.0034264 0.00159261
 2.69333 0.00118015 0.00342102 0.00159999
 2.69667 0.00117861 0.00341476 0.00160744
 2.7 0.00117701 0.00340761 0.00161498
 2.70333 0.00117536 0.00339961 0.0016226
 2.70667 0.00117367 0.00339076 0.00163029
 2.71 0.00117193 0.0033811 0.00163807
 2.71333 0.00117016 0.00337064 0.00164593
 2.71667 0.00116837 0.0033594 0.00165387
 2.72 0.00116655 0.00334742 0.0016619
 2.72333 0.00116471 0.00333472 0.00167002
 2.72667 0.00116286 0.00332132 0.00167822
 2.73 0.00116101 0.00330726 0.00168651
 2.73333 0.00115915 0.00329256 0.00169489
 2.73667 0.00115731 0.00327725 0.00170336
 2.74 0.00115548 0.00326137 0.00171192
 2.74333 0.00115366 0.00324493 0.00172058
 2.74667 0.00115187 0.00322798 0.00172933
 2.75 0.00115011 0.00321054 0.00173818
 2.75333 0.00114839 0.00319265 0.00174712
 2.75667 0.00114671 0.00317433 0.00175615
 2.76 0.00114508 0.00315562 0.00176529
 2.76333 0.0011435 0.00313653 0.00177452
 2.76667 0.00114198 0.00311712 0.00178385
 2.77 0.00114053 0.00309739 0.00179329
 2.77333 0.00113914 0.00307739 0.00180282
 2.77667 0.00113783 0.00305714 0.00181246
 2.78 0.0011366 0.00303666 0.0018222
 2.78333 0.00113545 0.00301598 0.00183204
 2.78667 0.00113439 0.00299514 0.00184199
 2.79 0.00113342 0.00297414 0.00185204
 2.79333 0.00113254 0.00295303 0.00186219
 2.79667 0.00113176 0.00293182 0.00187246
 2.8 0.00113109 0.00291053 0.00188282
 2.80333 0.00113052 0.00288918 0.0018933
 2.80667 0.00113006 0.0028678 0.00190388
 2.81 0.00112971 0.00284641 0.00191456
 2.81333 0.00112947 0.00282502 0.00192535
 2.81667 0.00112935 0.00280365 0.00193625
 2.82 0.00112935 0.00278232 0.00194726
 2.82333 0.00112947 0.00276105 0.00195837
 2.82667 0.00112971 0.00273984 0.00196959
 2.83 0.00113008 0.00271872 0.00198091
 2.83333 0.00113057 0.0026977 0.00199234
 2.83667 0.00113119 0.00267679 0.00200387
 2.84 0.00113193 0.002656 0.00201551
 2.84333 0.0011328 0.00263535 0.00202724
 2.84667 0.00113379 0.00261483 0.00203908
 2.85 0.00113492 0.00259448 0.00205102
 2.85333 0.00113617 0.00257428 0.00206306
 2.85667 0.00113756 0.00255426 0.0020752
 2.86 0.00113906 0.00253441 0.00208743
 2.86333 0.0011407 0.00251474 0.00209975
 2.86667 0.00114246 0.00249527 0.00211217
 2.87 0.00114435 0.002476 0.00212467
 2.87333 0.00114636 0.00245692 0.00213727
 2.87667 0.0011485 0.00243805 0.00214994
 2.88 0.00115075 0.00241939 0.0021627
 2.88333 0.00115313 0.00240095 0.00217554
 2.88667 0.00115562 0.00238272 0.00218845
 2.89 0.00115823 0.00236471 0.00220144
 2.89333 0.00116096 0.00234692 0.00221449
 2.89667 0.00116379 0.00232935 0.0022276
 2.9 0.00116674 0.00231201 0.00224078
 2.90333 0.00116979 0.0022949 0.00225401
 2.90667 0.00117294 0.00227801 0.00226729
 2.91 0.0011762 0.00226135 0.00228062
 2.91333 0.00117955 0.00224492 0.00229399
 2.91667 0.00118299 0.00222871 0.0023074
 2.92 0.00118653 0.00221273 0.00232083
 2.92333 0.00119015 0.00219698 0.00233428
 2.92667 0.00119385 0.00218146 0.00234776
 2.93 0.00119763 0.00216616 0.00236124
 2.93333 0.00120148 0.00215108 0.00237473
 2.93667 0.0012054 0.00213622 0.00238821
 2.94 0.00120939 0.00212159 0.00240168
 2.94333 0.00121344 0.00210718 0.00241513
 2.94667 0.00121754 0.00209298 0.00242855
 2.95 0.00122169 0.002079 0.00244193
 2.95333 0.00122589 0.00206524 0.00245528
 2.95667 0.00123012 0.00205168 0.00246856
 2.96 0.00123439 0.00203834 0.00248179
 2.96333 0.00123868 0.00202521 0.00249494
 2.96667 0.001243 0.00201228 0.002508
 2.97 0.00124733 0.00199955 0.00252098
 2.97333 0.00125167 0.00198702 0.00253385
 2.97667 0.00125602 0.0019747 0.0025466
 2.98 0.00126036 0.00196257 0.00255923
 2.98333 0.00126469 0.00195063 0.00257173
 2.98667 0.001269 0.00193888 0.00258407
 2.99 0.00127329 0.00192732 0.00259626
 2.99333 0.00127755 0.00191595 0.00260827
 2.99667 0.00128177 0.00190476 0.0026201
 3 0.00128595 0.00189375 0.00263174
 3.00333 0.00129008 0.00188292 0.00264317
 3.00667 0.00129415 0.00187226 0.00265437
 3.01 0.00129815 0.00186178 0.00266535
 3.01333 0.00130208 0.00185147 0.00267608
 3.01667 0.00130593 0.00184133 0.00268655
 3.02 0.0013097 0.00183135 0.00269675
 3.02333 0.00131337 0.00182153 0.00270666
 3.02667 0.00131695 0.00181188 0.00271628
 3.03 0.00132041 0.00180239 0.0027256
 3.03333 0.00132376 0.00179305 0.00273459
 3.03667 0.00132699 0.00178386 0.00274324
 3.04 0.0013301 0.00177483 0.00275155
 3.04333 0.00133306 0.00176594 0.00275951
 3.04667 0.00133589 0.00175721 0.00276709
 3.05 0.00133858 0.00174862 0.00277429
 3.05333 0.00134111 0.00174017 0.0027811
 3.05667 0.00134348 0.00173186 0.00278751
 3.06 0.00134569 0.0017237 0.00279351
 3.06333 0.00134774 0.00171567 0.00279908
 3.06667 0.00134961 0.00170778 0.00280421
 3.07 0.0013513 0.00170002 0.0028089
 3.07333 0.00135281 0.00169239 0.00281315
 3.07667 0.00135413 0.0016849 0.00281693
 3.08 0.00135527 0.00167754 0.00282024
 3.08333 0.00135621 0.00167031 0.00282308
 3.08667 0.00135696 0.0016632 0.00282543
 3.09 0.00135751 0.00165623 0.0028273
 3.09333 0.00135786 0.00164938 0.00282867
 3.09667 0.001358 0.00164265 0.00282955
 3.1 0.00135795 0.00163605 0.00282992
 3.10333 0.00135769 0.00162957 0.00282979
 3.10667 0.00135722 0.00162321 0.00282915
 3.11 0.00135656 0.00161698 0.002828
 3.11333 0.00135569 0.00161087 0.00282634
 3.11667 0.00135461 0.00160488 0.00282417
 3.12 0.00135334 0.00159902 0.00282148
 3.12333 0.00135187 0.00159327 0.00281828
 3.12667 0.0013502 0.00158765 0.00281457
 3.13 0.00134835 0.00158215 0.00281036
 3.13333 0.0013463 0.00157678 0.00280564
 3.13667 0.00134407 0.00157152 0.00280042
 3.14 0.00134165 0.00156639 0.00279471
 3.14333 0.00133907 0.00156138 0.0027885
 3.14667 0.00133631 0.0015565 0.00278181
 3.15 0.00133339 0.00155175 0.00277464
 3.15333 0.00133031 0.00154712 0.002767
 3.15667 0.00132708 0.00154262 0.00275889
 3.16 0.00132371 0.00153825 0.00275033
 3.16333 0.00132021 0.00153401 0.00274133
 3.16667 0.00131658 0.0015299 0.00273188
 3.17 0.00131283 0.00152592 0.00272201
 3.17333 0.00130898 0.00152209 0.00271172
 3.17667 0.00130502 0.00151839 0.00270103
 3.18 0.00130098 0.00151483 0.00268994
 3.18333 0.00129687 0.00151141 0.00267847
 3.18667 0.00129268 0.00150814 0.00266662
 3.19 0.00128844 0.00150502 0.00265442
 3.19333 0.00128416 0.00150204 0.00264187
 3.19667 0.00127985 0.00149922 0.00262898
 3.2 0.00127552 0.00149655 0.00261578
 3.20333 0.00127119 0.00149405 0.00260226
 3.20667 0.00126687 0.00149171 0.00258845
 3.21 0.00126257 0.00148953 0.00257436
 3.21333 0.0012583 0.00148752 0.00256
 3.21667 0.00125409 0.00148569 0.00254539
 3.22 0.00124995 0.00148404 0.00253054
 3.22333 0.0012459 0.00148257 0.00251546
 3.22667 0.00124194 0.00148128 0.00250016
 3.23 0.0012381 0.00148019 0.00248467
 3.23333 0.0012344 0.0014793 0.00246899
 3.23667 0.00123085 0.00147861 0.00245313
 3.24 0.00122747 0.00147812 0.00243712
 3.24333 0.00122428 0.00147786 0.00242096
 3.24667 0.0012213 0.00147781 0.00240467
 3.25 0.00121855 0.00147798 0.00238825
 3.25333 0.00121606 0.00147839 0.00237173
 3.25667 0.00121384 0.00147905 0.00235511
 3.26 0.00121191 0.00147994 0.00233841
 3.26333 0.0012103 0.0014811 0.00232163
 3.26667 0.00120904 0.00148251 0.0023048
 3.27 0.00120815 0.0014842 0.00228792
 3.27333 0.00120766 0.00148617 0.002271
 3.27667 0.00120758 0.00148843 0.00225406
 3.28 0.00120797 0.00149098 0.0022371
 3.28333 0.00120883 0.00149385 0.00222013
 3.28667 0.00121021 0.00149703 0.00220318
 3.29 0.00121213 0.00150054 0.00218624
 3.29333 0.00121463 0.00150439 0.00216932
 3.29667 0.00121775 0.0015086 0.00215244
 3.3 0.00122153 0.00151317 0.00213561
 3.30333 0.00122599 0.00151812 0.00211883
 3.30667 0.00123119 0.00152345 0.00210211
 3.31 0.00123717 0.00152919 0.00208546
 3.31333 0.00124396 0.00153534 0.00206889
 3.31667 0.00125162 0.00154192 0.00205241
 3.32 0.0012602 0.00154895 0.00203603
 3.32333 0.00126974 0.00155644 0.00201975
 3.32667 0.0012803 0.0015644 0.00200358
 3.33 0.00129194 0.00157285 0.00198752
 3.33333 0.0013047 0.0015818 0.0019716
 3.33667 0.00131865 0.00159127 0.0019558
 3.34 0.00133385 0.00160127 0.00194014
 3.34333 0.00135035 0.00161183 0.00192463
 3.34667 0.00136823 0.00162294 0.00190927
 3.35 0.00138754 0.00163463 0.00189407
 3.35333 0.00140836 0.0016469 0.00187903
 3.35667 0.00143073 0.00165978 0.00186416
 3.36 0.00145474 0.00167326 0.00184947
 3.36333 0.00148042 0.00168736 0.00183496
 3.36667 0.00150786 0.00170208 0.00182064
 3.37 0.00153709 0.00171743 0.00180652
 3.37333 0.00156817 0.00173341 0.00179259
 3.37667 0.00160113 0.00175001 0.00177887
 3.38 0.00163602 0.00176723 0.00176536
 3.38333 0.00167285 0.00178506 0.00175208
 3.38667 0.00171162 0.00180348 0.00173901
 3.39 0.00175234 0.00182247 0.00172617
 3.39333 0.00179497 0.00184201 0.00171357
 3.39667 0.00183947 0.00186206 0.00170122
 3.4 0.00188577 0.0018826 0.00168911
 3.40333 0.00193377 0.00190357 0.00167725
 3.40667 0.00198333 0.00192493 0.00166566
 3.41 0.00203431 0.00194663 0.00165434
 3.41333 0.00208652 0.00196862 0.00164329
 3.41667 0.00213973 0.00199084 0.00163253
 3.42 0.00219369 0.00201322 0.00162205
 3.42333 0.00224811 0.00203573 0.00161188
 3.42667 0.00230268 0.00205829 0.00160201
 3.43 0.00235705 0.00208087 0.00159246
 3.43333 0.00241086 0.00210343 0.00158324
 3.43667 0.00246375 0.00212594 0.00157434
 3.44 0.00251532 0.0021484 0.0015658
 3.44333 0.0025652 0.0021708 0.00155761
 3.44667 0.00261302 0.00219318 0.00154978
 3.45 0.00265843 0.00221557 0.00154234
 3.45333 0.00270109 0.00223804 0.00153528
 3.45667 0.00274071 0.00226068 0.00152863
 3.46 0.00277705 0.00228358 0.0015224
 3.46333 0.00280988 0.00230687 0.0015166
 3.46667 0.00283903 0.00233069 0.00151125
 3.47 0.00286437 0.00235517 0.00150637
 3.47333 0.00288583 0.00238046 0.00150197
 3.47667 0.00290335 0.00240674 0.00149807
 3.48 0.00291691 0.00243414 0.0014947
 3.48333 0.00292655 0.00246281 0.00149187
 3.48667 0.00293229 0.00249291 0.00148961
 3.49 0.00293422 0.00252456 0.00148795
 3.49333 0.0029324 0.0025579 0.0014869
 3.49667 0.00292696 0.00259303 0.00148651
 3.5 0.00291799 0.00263008 0.00148679
 3.50333 0.00290565 0.00266915 0.00148778
 3.50667 0.00289007 0.00271034 0.00148952
 3.51 0.00287142 0.00275377 0.00149205
 3.51333 0.00284989 0.00279957 0.0014954
 3.51667 0.00282567 0.00284787 0.00149962
 3.52 0.00279898 0.00289884 0.00150475
 3.52333 0.00277006 0.00295265 0.00151084
 3.52667 0.00273915 0.00300952 0.00151795
 3.53 0.00270652 0.00306971 0.00152614
 3.53333 0.00267244 0.00313352 0.00153547
 3.53667 0.00263718 0.00320129 0.001546
 3.54 0.00260104 0.00327341 0.00155781
 3.54333 0.00256429 0.00335034 0.00157098
 3.54667 0.0025272 0.00343256 0.00158559
 3.55 0.00249004 0.00352067 0.00160173
 3.55333 0.00245308 0.00361529 0.0016195
 3.55667 0.00241655 0.00371713 0.00163901
 3.56 0.00238068 0.003827 0.00166037
 3.56333 0.00234568 0.00394576 0.00168371
 3.56667 0.00231175 0.0040744 0.00170917
 3.57 0.00227906 0.00421397 0.00173689
 3.57333 0.00224779 0.00436567 0.00176704
 3.57667 0.00221808 0.00453077 0.00179977
 3.58 0.00219007 0.00471066 0.00183529
 3.58333 0.00216387 0.00490685 0.0018738
 3.58667 0.00213961 0.00512091 0.00191552
 3.59 0.00211739 0.00535446 0.00196068
 3.59333 0.0020973 0.00560914 0.00200955
 3.59667 0.00207943 0.00588648 0.0020624
 3.6 0.00206388 0.00618779 0.00211955
 3.60333 0.00205073 0.00651397 0.00218133
 3.60667 0.00204005 0.00686525 0.00224809
 3.61 0.00203192 0.00724087 0.00232021
 3.61333 0.00202643 0.0076386 0.00239812
 3.61667 0.00202363 0.00805431 0.00248225
 3.62 0.0020236 0.00848143 0.00257308
 3.62333 0.00202641 0.00891056 0.00267113
 3.62667 0.00203211 0.0093293 0.00277693
 3.63 0.00204076 0.00972254 0.00289105
 3.63333 0.00205241 0.0100734 0.00301408
 3.63667 0.0020671 0.0103646 0.00314664
 3.64 0.00208489 0.0105812 0.00328936
 3.64333 0.00210583 0.0107121 0.00344287
 3.64667 0.00212998 0.0107527 0.00360778
 3.65 0.00215738 0.010705 0.00378467
 3.65333 0.00218809 0.0105778 0.00397408
 3.65667 0.00222213 0.0103846 0.00417643
 3.66 0.00225951 0.0101416 0.00439202
 3.66333 0.00230014 0.00986558 0.00462097
 3.66667 0.0023439 0.0095716 0.00486313
 3.67 0.00239056 0.00927237 0.00511806
 3.67333 0.0024398 0.00897753 0.00538494
 3.67667 0.00249116 0.00869381 0.00566244
 3.68 0.00254405 0.00842536 0.00594871
 3.68333 0.00259775 0.00817425 0.00624127
 3.68667 0.00265139 0.00794101 0.00653693
 3.69 0.00270396 0.00772509 0.00683184
 3.69333 0.00275436 0.00752522 0.00712145
 3.69667 0.00280137 0.00733972 0.00740058
 3.7 0.0028438 0.00716674 0.00766364
 3.70333 0.00288045 0.0070044 0.00790478
 3.70667 0.0029103 0.00685089 0.00811821
 3.71 0.00293249 0.00670455 0.00829855
 3.71333 0.00294649 0.00656392 0.00844114
 3.71667 0.00295212 0.00642777 0.00854237
 3.72 0.00294963 0.00629508 0.00860001
 3.72333 0.00293972 0.00616506 0.00861327
 3.72667 0.00292351 0.00603715 0.00858292
 3.73 0.00290256 0.00591102 0.00851115
 3.73333 0.00287879 0.0057865 0.00840141
 3.73667 0.00285442 0.00566365 0.00825811
 3.74 0.00283196 0.00554269 0.00808633
 3.74333 0.00281412 0.005424 0.00789144
 3.74667 0.00280385 0.00530811 0.00767891
 3.75 0.00280432 0.00519572 0.00745397
 3.75333 0.00281894 0.00508766 0.0072215
 3.75667 0.00285144 0.00498493 0.00698591
 3.76 0.00290589 0.0048887 0.00675108
 3.76333 0.00298665 0.00480032 0.00652037
 3.76667 0.00309821 0.00472129 0.00629663
 3.77 0.0032447 0.00465324 0.0060823
 3.77333 0.00342886 0.0045978 0.00587948
 3.77667 0.00365024 0.00455627 0.00569
 3.78 0.00390231 0.00452912 0.00551559
 3.78333 0.00416912 0.00451534 0.00535795
 3.78667 0.00442317 0.00451173 0.00521891
 3.79 0.00462828 0.00451312 0.00510062
 3.79333 0.00475077 0.00451416 0.00500577
 3.79667 0.00477642 0.00451264 0.00493789
 3.8 0.00472335 0.00451295 0.00490183
 3.80333 0.00464103 0.00452717 0.00490434
 3.80667 0.00459844 0.00457389 0.00495518
 3.81 0.00467313 0.0046758 0.0050687
 3.81333 0.00494737 0.00485615 0.00526661
 3.81667 0.0055018 0.0051276 0.00558273
 3.82 0.00637407 0.00546015 0.00607149
 3.82333 0.00744747 0.00572918 0.00682372
 3.82667 0.00839288 0.00574196 0.0079961
 3.83 0.00901968 0.00546036 0.00986404
 3.83333 0.00973841 0.00511678 0.0128928
 3.83667 0.0113126 0.00497978 0.0176685
 3.84 0.0139896 0.00512196 0.0238087
 3.84333 0.015825 0.00520144 0.0270007
 3.84667 0.0141034 0.00475915 0.0228392
 3.85 0.0106359 0.00408845 0.0159863
 3.85333 0.00780164 0.00356636 0.0108778
 3.85667 0.00591568 0.0032361 0.00772819
 3.86 0.00468476 0.00305266 0.0058099
 3.86333 0.00385657 0.00299207 0.00459655
 3.86667 0.00327878 0.00307167 0.00379181
 3.87 0.00286534 0.00336734 0.00323353
 3.87333 0.00256737 0.00400795 0.00283071
 3.87667 0.00234559 0.00490164 0.00253028
 3.88 0.00214872 0.00529813 0.00230014
 3.88333 0.00196081 0.00497988 0.00212051
 3.88667 0.00180186 0.00459214 0.00197892
 3.89 0.00167462 0.00442188 0.00186755
 3.89333 0.00157262 0.00449196 0.00178181
 3.89667 0.00149045 0.00481771 0.0017198
 3.9 0.00142493 0.00548518 0.0016823
 3.90333 0.00137492 0.00672835 0.00167347
 3.90667 0.00134194 0.00916601 0.00170287
 3.91 0.00133363 0.0147062 0.00178986
 3.91333 0.00137726 0.0296175 0.00197289
 3.91667 0.00147606 0.0474553 0.00232354
 3.92 0.0014265 0.0349832 0.00293087
 3.92333 0.00142828 0.0301733 0.00363949
 3.92667 0.00147707 0.0255198 0.00367583
 3.93 0.00156352 0.0178336 0.0030386
 3.93333 0.00175615 0.0121983 0.00256494
 3.93667 0.00215574 0.00932133 0.00246282
 3.94 0.00300019 0.00809769 0.00257092
 3.94333 0.00520499 0.00731712 0.00274455
 3.94667 0.0119453 0.00735854 0.00320078
 3.95 0.0154519 0.00910562 0.00420009
 3.95333 0.0141266 0.0132352 0.00626536
 3.95667 0.00854914 0.0102607 0.0109096
 3.96 0.00681024 0.00964374 0.0227275
 3.96333 0.00952488 0.0119379 0.0484369
 3.96667 0.00880916 0.00948187 0.048132
 3.97 0.00486512 0.00772884 0.0245807
 3.97333 0.00303176 0.012699 0.0134437
 3.97667 0.00222105 0.0048906 0.00881121
 3.98 0.00188403 0.00298458 0.00684452
 3.98333 0.00184999 0.00253811 0.00643459
 3.98667 0.00226403 0.00256861 0.00805129
 3.99 0.00441365 0.00334889 0.0170046
 3.99333 0.0167042 0.00768162 0.0671853
 3.99667 0.00612757 0.00542986 0.0214988
 4 0.0026588 0.00531979 0.00723124
