 Energy(eV)     left     top    bottom
 2.5 0.00117736 0.00231574 0.00118381
 2.50333 0.00117678 0.00233548 0.00118825
 2.50667 0.00117628 0.00235551 0.00119272
 2.51 0.00117585 0.0023758 0.0011972
 2.51333 0.0011755 0.00239637 0.00120171
 2.51667 0.00117523 0.00241721 0.00120624
 2.52 0.00117503 0.00243832 0.00121079
 2.52333 0.0011749 0.00245969 0.00121537
 2.52667 0.00117485 0.00248133 0.00121997
 2.53 0.00117487 0.00250322 0.0012246
 2.53333 0.00117496 0.00252536 0.00122925
 2.53667 0.00117512 0.00254775 0.00123393
 2.54 0.00117536 0.00257038 0.00123863
 2.54333 0.00117566 0.00259325 0.00124337
 2.54667 0.00117604 0.00261633 0.00124813
 2.55 0.00117647 0.00263964 0.00125291
 2.55333 0.00117698 0.00266314 0.00125773
 2.55667 0.00117755 0.00268684 0.00126258
 2.56 0.00117817 0.00271073 0.00126745
 2.56333 0.00117886 0.00273478 0.00127236
 2.56667 0.0011796 0.00275899 0.00127729
 2.57 0.0011804 0.00278334 0.00128226
 2.57333 0.00118125 0.00280781 0.00128727
 2.57667 0.00118215 0.00283239 0.0012923
 2.58 0.00118309 0.00285705 0.00129737
 2.58333 0.00118407 0.00288179 0.00130247
 2.58667 0.00118509 0.00290657 0.00130761
 2.59 0.00118615 0.00293138 0.00131279
 2.59333 0.00118724 0.00295619 0.001318
 2.59667 0.00118835 0.00298097 0.00132325
 2.6 0.00118949 0.00300571 0.00132853
 2.60333 0.00119065 0.00303037 0.00133386
 2.60667 0.00119182 0.00305493 0.00133922
 2.61 0.001193 0.00307935 0.00134463
 2.61333 0.00119418 0.00310361 0.00135008
 2.61667 0.00119537 0.00312768 0.00135557
 2.62 0.00119655 0.00315151 0.0013611
 2.62333 0.00119771 0.00317508 0.00136668
 2.62667 0.00119887 0.00319836 0.0013723
 2.63 0.0012 0.0032213 0.00137797
 2.63333 0.00120111 0.00324388 0.00138369
 2.63667 0.00120218 0.00326605 0.00138945
 2.64 0.00120322 0.00328778 0.00139526
 2.64333 0.00120422 0.00330903 0.00140112
 2.64667 0.00120517 0.00332976 0.00140704
 2.65 0.00120606 0.00334994 0.001413
 2.65333 0.0012069 0.00336953 0.00141902
 2.65667 0.00120768 0.00338848 0.00142509
 2.66 0.00120839 0.00340677 0.00143121
 2.66333 0.00120902 0.00342436 0.0014374
 2.66667 0.00120958 0.0034412 0.00144363
 2.67 0.00121006 0.00345727 0.00144993
 2.67333 0.00121046 0.00347252 0.00145629
 2.67667 0.00121076 0.00348694 0.0014627
 2.68 0.00121098 0.00350048 0.00146918
 2.68333 0.0012111 0.00351312 0.00147572
 2.68667 0.00121112 0.00352482 0.00148233
 2.69 0.00121104 0.00353557 0.001489
 2.69333 0.00121086 0.00354534 0.00149574
 2.69667 0.00121058 0.0035541 0.00150254
 2.7 0.0012102 0.00356184 0.00150942
 2.70333 0.00120971 0.00356853 0.00151636
 2.70667 0.00120912 0.00357417 0.00152338
 2.71 0.00120842 0.00357874 0.00153047
 2.71333 0.00120762 0.00358224 0.00153763
 2.71667 0.00120672 0.00358465 0.00154487
 2.72 0.00120571 0.00358597 0.00155219
 2.72333 0.00120461 0.00358621 0.00155958
 2.72667 0.00120342 0.00358536 0.00156706
 2.73 0.00120213 0.00358342 0.00157461
 2.73333 0.00120076 0.00358041 0.00158225
 2.73667 0.0011993 0.00357634 0.00158997
 2.74 0.00119776 0.00357121 0.00159778
 2.74333 0.00119615 0.00356505 0.00160568
 2.74667 0.00119447 0.00355787 0.00161366
 2.75 0.00119273 0.0035497 0.00162174
 2.75333 0.00119093 0.00354054 0.0016299
 2.75667 0.00118907 0.00353044 0.00163816
 2.76 0.00118717 0.00351941 0.00164652
 2.76333 0.00118524 0.00350748 0.00165497
 2.76667 0.00118327 0.00349469 0.00166352
 2.77 0.00118127 0.00348106 0.00167217
 2.77333 0.00117926 0.00346663 0.00168091
 2.77667 0.00117724 0.00345142 0.00168977
 2.78 0.00117522 0.00343549 0.00169872
 2.78333 0.0011732 0.00341885 0.00170778
 2.78667 0.00117119 0.00340155 0.00171695
 2.79 0.0011692 0.00338362 0.00172623
 2.79333 0.00116723 0.0033651 0.00173561
 2.79667 0.0011653 0.00334602 0.00174511
 2.8 0.00116341 0.00332643 0.00175472
 2.80333 0.00116157 0.00330636 0.00176445
 2.80667 0.00115978 0.00328585 0.00177429
 2.81 0.00115805 0.00326492 0.00178425
 2.81333 0.00115639 0.00324362 0.00179433
 2.81667 0.0011548 0.00322199 0.00180453
 2.82 0.00115329 0.00320005 0.00181486
 2.82333 0.00115187 0.00317784 0.0018253
 2.82667 0.00115054 0.00315539 0.00183587
 2.83 0.00114931 0.00313273 0.00184657
 2.83333 0.00114818 0.00310989 0.0018574
 2.83667 0.00114715 0.00308691 0.00186835
 2.84 0.00114624 0.00306381 0.00187943
 2.84333 0.00114545 0.00304062 0.00189065
 2.84667 0.00114477 0.00301736 0.00190199
 2.85 0.00114422 0.00299406 0.00191347
 2.85333 0.0011438 0.00297075 0.00192508
 2.85667 0.00114352 0.00294744 0.00193683
 2.86 0.00114336 0.00292416 0.00194872
 2.86333 0.00114335 0.00290092 0.00196074
 2.86667 0.00114348 0.00287775 0.00197289
 2.87 0.00114375 0.00285467 0.00198519
 2.87333 0.00114417 0.00283169 0.00199762
 2.87667 0.00114473 0.00280883 0.00201019
 2.88 0.00114545 0.0027861 0.0020229
 2.88333 0.00114631 0.00276352 0.00203575
 2.88667 0.00114733 0.0027411 0.00204874
 2.89 0.00114851 0.00271885 0.00206187
 2.89333 0.00114984 0.00269679 0.00207513
 2.89667 0.00115132 0.00267491 0.00208853
 2.9 0.00115296 0.00265324 0.00210207
 2.90333 0.00115476 0.00263178 0.00211575
 2.90667 0.00115671 0.00261054 0.00212956
 2.91 0.00115882 0.00258953 0.0021435
 2.91333 0.00116109 0.00256874 0.00215758
 2.91667 0.00116351 0.0025482 0.00217179
 2.92 0.00116608 0.00252789 0.00218613
 2.92333 0.00116881 0.00250784 0.00220059
 2.92667 0.00117169 0.00248803 0.00221518
 2.93 0.00117472 0.00246848 0.0022299
 2.93333 0.0011779 0.00244918 0.00224473
 2.93667 0.00118122 0.00243014 0.00225968
 2.94 0.00118469 0.00241136 0.00227475
 2.94333 0.00118831 0.00239285 0.00228992
 2.94667 0.00119206 0.00237459 0.0023052
 2.95 0.00119595 0.0023566 0.00232058
 2.95333 0.00119997 0.00233887 0.00233606
 2.95667 0.00120413 0.0023214 0.00235163
 2.96 0.00120841 0.00230419 0.00236729
 2.96333 0.00121282 0.00228725 0.00238303
 2.96667 0.00121735 0.00227057 0.00239885
 2.97 0.00122199 0.00225414 0.00241473
 2.97333 0.00122675 0.00223798 0.00243068
 2.97667 0.00123161 0.00222207 0.00244668
 2.98 0.00123658 0.00220641 0.00246273
 2.98333 0.00124165 0.002191 0.00247882
 2.98667 0.0012468 0.00217585 0.00249494
 2.99 0.00125205 0.00216094 0.00251109
 2.99333 0.00125738 0.00214627 0.00252724
 2.99667 0.00126278 0.00213185 0.00254341
 3 0.00126825 0.00211767 0.00255956
 3.00333 0.00127379 0.00210372 0.0025757
 3.00667 0.00127939 0.00209001 0.00259181
 3.01 0.00128503 0.00207653 0.00260788
 3.01333 0.00129072 0.00206328 0.0026239
 3.01667 0.00129644 0.00205025 0.00263986
 3.02 0.0013022 0.00203744 0.00265574
 3.02333 0.00130797 0.00202485 0.00267153
 3.02667 0.00131376 0.00201248 0.00268721
 3.03 0.00131955 0.00200032 0.00270279
 3.03333 0.00132534 0.00198836 0.00271822
 3.03667 0.00133112 0.00197662 0.00273352
 3.04 0.00133688 0.00196507 0.00274865
 3.04333 0.00134261 0.00195372 0.00276361
 3.04667 0.0013483 0.00194257 0.00277837
 3.05 0.00135395 0.00193161 0.00279292
 3.05333 0.00135954 0.00192084 0.00280725
 3.05667 0.00136507 0.00191026 0.00282134
 3.06 0.00137052 0.00189986 0.00283517
 3.06333 0.00137589 0.00188964 0.00284872
 3.06667 0.00138117 0.0018796 0.00286198
 3.07 0.00138634 0.00186973 0.00287493
 3.07333 0.00139141 0.00186003 0.00288755
 3.07667 0.00139635 0.0018505 0.00289983
 3.08 0.00140116 0.00184113 0.00291175
 3.08333 0.00140584 0.00183193 0.00292328
 3.08667 0.00141036 0.00182288 0.00293442
 3.09 0.00141473 0.001814 0.00294515
 3.09333 0.00141893 0.00180526 0.00295544
 3.09667 0.00142296 0.00179668 0.00296529
 3.1 0.0014268 0.00178825 0.00297467
 3.10333 0.00143045 0.00177997 0.00298358
 3.10667 0.00143391 0.00177183 0.00299198
 3.11 0.00143715 0.00176383 0.00299988
 3.11333 0.00144018 0.00175598 0.00300725
 3.11667 0.00144299 0.00174826 0.00301408
 3.12 0.00144558 0.00174068 0.00302036
 3.12333 0.00144793 0.00173324 0.00302608
 3.12667 0.00145004 0.00172593 0.00303121
 3.13 0.00145191 0.00171875 0.00303576
 3.13333 0.00145352 0.0017117 0.00303971
 3.13667 0.00145489 0.00170479 0.00304304
 3.14 0.001456 0.001698 0.00304576
 3.14333 0.00145685 0.00169134 0.00304786
 3.14667 0.00145744 0.00168481 0.00304932
 3.15 0.00145776 0.0016784 0.00305014
 3.15333 0.00145782 0.00167212 0.00305031
 3.15667 0.00145762 0.00166596 0.00304984
 3.16 0.00145715 0.00165993 0.00304872
 3.16333 0.00145642 0.00165403 0.00304695
 3.16667 0.00145543 0.00164824 0.00304452
 3.17 0.00145418 0.00164259 0.00304144
 3.17333 0.00145267 0.00163706 0.00303771
 3.17667 0.00145091 0.00163165 0.00303332
 3.18 0.0014489 0.00162637 0.00302829
 3.18333 0.00144665 0.00162122 0.00302263
 3.18667 0.00144417 0.0016162 0.00301632
 3.19 0.00144145 0.00161131 0.00300938
 3.19333 0.00143852 0.00160654 0.00300183
 3.19667 0.00143537 0.00160191 0.00299366
 3.2 0.00143201 0.00159742 0.00298489
 3.20333 0.00142846 0.00159306 0.00297552
 3.20667 0.00142472 0.00158883 0.00296557
 3.21 0.00142081 0.00158475 0.00295505
 3.21333 0.00141674 0.00158081 0.00294398
 3.21667 0.00141252 0.00157701 0.00293236
 3.22 0.00140816 0.00157336 0.00292021
 3.22333 0.00140367 0.00156986 0.00290754
 3.22667 0.00139908 0.00156652 0.00289438
 3.23 0.00139439 0.00156333 0.00288074
 3.23333 0.00138962 0.0015603 0.00286662
 3.23667 0.00138479 0.00155744 0.00285206
 3.24 0.00137991 0.00155474 0.00283706
 3.24333 0.001375 0.00155222 0.00282165
 3.24667 0.00137008 0.00154987 0.00280585
 3.25 0.00136517 0.0015477 0.00278966
 3.25333 0.00136029 0.00154572 0.00277311
 3.25667 0.00135545 0.00154394 0.00275622
 3.26 0.00135068 0.00154234 0.002739
 3.26333 0.00134599 0.00154096 0.00272148
 3.26667 0.00134142 0.00153978 0.00270367
 3.27 0.00133698 0.00153881 0.0026856
 3.27333 0.0013327 0.00153807 0.00266727
 3.27667 0.00132859 0.00153755 0.00264871
 3.28 0.0013247 0.00153727 0.00262993
 3.28333 0.00132103 0.00153724 0.00261096
 3.28667 0.00131762 0.00153746 0.0025918
 3.29 0.0013145 0.00153793 0.00257249
 3.29333 0.00131169 0.00153868 0.00255303
 3.29667 0.00130923 0.0015397 0.00253344
 3.3 0.00130714 0.00154101 0.00251374
 3.30333 0.00130546 0.00154262 0.00249395
 3.30667 0.00130422 0.00154454 0.00247407
 3.31 0.00130346 0.00154677 0.00245413
 3.31333 0.00130321 0.00154934 0.00243414
 3.31667 0.00130352 0.00155225 0.00241412
 3.32 0.00130442 0.00155552 0.00239407
 3.32333 0.00130595 0.00155915 0.00237402
 3.32667 0.00130816 0.00156317 0.00235397
 3.33 0.0013111 0.00156758 0.00233395
 3.33333 0.00131481 0.00157241 0.00231395
 3.33667 0.00131934 0.00157766 0.002294
 3.34 0.00132475 0.00158335 0.00227411
 3.34333 0.00133109 0.00158951 0.00225428
 3.34667 0.00133842 0.00159614 0.00223453
 3.35 0.00134681 0.00160326 0.00221487
 3.35333 0.00135631 0.00161089 0.00219531
 3.35667 0.00136699 0.00161905 0.00217586
 3.36 0.00137892 0.00162775 0.00215653
 3.36333 0.00139218 0.00163702 0.00213732
 3.36667 0.00140683 0.00164688 0.00211825
 3.37 0.00142296 0.00165733 0.00209933
 3.37333 0.00144065 0.0016684 0.00208057
 3.37667 0.00145998 0.00168011 0.00206196
 3.38 0.00148103 0.00169247 0.00204353
 3.38333 0.00150388 0.0017055 0.00202527
 3.38667 0.00152862 0.0017192 0.0020072
 3.39 0.00155532 0.00173359 0.00198933
 3.39333 0.00158408 0.00174869 0.00197165
 3.39667 0.00161497 0.00176449 0.00195418
 3.4 0.00164805 0.00178099 0.00193692
 3.40333 0.00168339 0.0017982 0.00191988
 3.40667 0.00172104 0.00181611 0.00190306
 3.41 0.00176104 0.0018347 0.00188648
 3.41333 0.00180341 0.00185397 0.00187014
 3.41667 0.00184816 0.00187387 0.00185405
 3.42 0.00189527 0.00189439 0.0018382
 3.42333 0.00194468 0.00191548 0.00182262
 3.42667 0.00199633 0.00193709 0.0018073
 3.43 0.00205009 0.00195918 0.00179225
 3.43333 0.00210582 0.00198168 0.00177747
 3.43667 0.00216332 0.00200453 0.00176298
 3.44 0.00222235 0.00202764 0.00174879
 3.44333 0.00228264 0.00205096 0.00173489
 3.44667 0.00234386 0.00207441 0.00172129
 3.45 0.00240563 0.00209791 0.00170801
 3.45333 0.00246756 0.0021214 0.00169505
 3.45667 0.00252919 0.00214482 0.00168242
 3.46 0.00259007 0.00216812 0.00167012
 3.46333 0.0026497 0.0021913 0.00165818
 3.46667 0.00270761 0.00221432 0.00164658
 3.47 0.00276332 0.00223722 0.00163535
 3.47333 0.00281635 0.00226004 0.0016245
 3.47667 0.00286628 0.00228284 0.00161404
 3.48 0.00291271 0.00230573 0.00160397
 3.48333 0.0029553 0.0023288 0.00159431
 3.48667 0.00299376 0.00235222 0.00158508
 3.49 0.00302784 0.00237612 0.00157628
 3.49333 0.00305737 0.00240066 0.00156794
 3.49667 0.00308221 0.00242603 0.00156007
 3.5 0.00310228 0.00245238 0.00155268
 3.50333 0.00311755 0.00247986 0.00154579
 3.50667 0.003128 0.00250863 0.00153943
 3.51 0.00313367 0.0025388 0.00153361
 3.51333 0.00313462 0.0025705 0.00152836
 3.51667 0.00313092 0.0026038 0.0015237
 3.52 0.00312268 0.0026388 0.00151966
 3.52333 0.00311003 0.00267555 0.00151626
 3.52667 0.00309313 0.00271412 0.00151353
 3.53 0.00307216 0.00275457 0.00151151
 3.53333 0.00304732 0.00279696 0.00151023
 3.53667 0.00301887 0.00284139 0.00150973
 3.54 0.00298707 0.00288798 0.00151005
 3.54333 0.00295224 0.00293686 0.00151123
 3.54667 0.00291472 0.00298825 0.00151331
 3.55 0.00287485 0.00304236 0.00151636
 3.55333 0.002833 0.0030995 0.00152043
 3.55667 0.00278958 0.00316001 0.00152557
 3.56 0.00274495 0.0032243 0.00153185
 3.56333 0.00269951 0.00329284 0.00153934
 3.56667 0.00265362 0.00336618 0.00154812
 3.57 0.00260765 0.00344494 0.00155827
 3.57333 0.00256193 0.00352979 0.00156988
 3.57667 0.00251676 0.00362154 0.00158305
 3.58 0.00247244 0.00372104 0.00159789
 3.58333 0.00242922 0.00382928 0.00161451
 3.58667 0.00238733 0.00394736 0.00163304
 3.59 0.00234699 0.00407649 0.00165362
 3.59333 0.00230837 0.00421808 0.0016764
 3.59667 0.00227162 0.00437366 0.00170156
 3.6 0.00223691 0.00454498 0.00172926
 3.60333 0.00220434 0.00473399 0.00175972
 3.60667 0.00217403 0.00494286 0.00179314
 3.61 0.00214607 0.005174 0.00182978
 3.61333 0.00212057 0.00543004 0.00186989
 3.61667 0.00209761 0.00571382 0.00191376
 3.62 0.00207726 0.00602829 0.00196171
 3.62333 0.00205962 0.00637637 0.0020141
 3.62667 0.00204477 0.00676072 0.0020713
 3.63 0.00203279 0.00718339 0.00213373
 3.63333 0.00202377 0.0076452 0.00220186
 3.63667 0.0020178 0.00814497 0.00227619
 3.64 0.00201497 0.00867848 0.00235728
 3.64333 0.00201538 0.00923721 0.00244574
 3.64667 0.00201912 0.00980713 0.00254223
 3.65 0.00202628 0.0103679 0.00264747
 3.65333 0.00203696 0.0108929 0.00276225
 3.65667 0.00205125 0.0113514 0.00288741
 3.66 0.00206925 0.011712 0.00302386
 3.66333 0.00209109 0.0119486 0.00317257
 3.66667 0.00211689 0.0120455 0.00333457
 3.67 0.00214683 0.0120015 0.0035109
 3.67333 0.00218111 0.01183 0.00370265
 3.67667 0.00221991 0.0115557 0.0039109
 3.68 0.00226343 0.0112089 0.00413668
 3.68333 0.00231179 0.0108198 0.0043809
 3.68667 0.00236507 0.0104148 0.00464433
 3.69 0.00242323 0.0100142 0.00492745
 3.69333 0.00248614 0.00963152 0.00523037
 3.69667 0.00255347 0.00927494 0.00555266
 3.7 0.00262473 0.00894799 0.00589321
 3.70333 0.00269919 0.0086511 0.00625002
 3.70667 0.00277585 0.00838261 0.00662005
 3.71 0.00285347 0.0081397 0.006999
 3.71333 0.0029305 0.00791895 0.00738121
 3.71667 0.00300515 0.00771681 0.00775965
 3.72 0.00307541 0.00752986 0.00812594
 3.72333 0.00313919 0.00735496 0.00847067
 3.72667 0.00319444 0.00718936 0.0087838
 3.73 0.00323934 0.00703073 0.00905533
 3.73333 0.00327252 0.00687717 0.00927603
 3.73667 0.00329322 0.00672721 0.00943825
 3.74 0.00330148 0.00657978 0.00953666
 3.74333 0.00329824 0.00643417 0.00956874
 3.74667 0.00328537 0.00629004 0.00953503
 3.75 0.0032656 0.00614734 0.00943899
 3.75333 0.00324245 0.00600634 0.00928657
 3.75667 0.0032201 0.00586757 0.00908562
 3.76 0.00320329 0.00573184 0.00884507
 3.76333 0.00319722 0.00560019 0.0085743
 3.76667 0.00320762 0.00547392 0.00828244
 3.77 0.00324071 0.00535461 0.00797797
 3.77333 0.00330334 0.00524414 0.00766839
 3.77667 0.00340293 0.00514468 0.00736012
 3.78 0.00354715 0.00505872 0.00705847
 3.78333 0.00374297 0.00498893 0.00676773
 3.78667 0.00399435 0.00493777 0.00649134
 3.79 0.00429781 0.00490671 0.006232
 3.79333 0.0046356 0.00489476 0.00599195
 3.79667 0.00496856 0.00489673 0.00577311
 3.8 0.00523617 0.00490246 0.0055773
 3.80333 0.00537436 0.00489956 0.00540652
 3.80667 0.00535037 0.0048806 0.00526318
 3.81 0.00519041 0.0048504 0.00515046
 3.81333 0.00497347 0.00482722 0.00507284
 3.81667 0.00480052 0.00483796 0.00503674
 3.82 0.00477098 0.00491266 0.00505162
 3.82333 0.00497906 0.00507962 0.00513179
 3.82667 0.00550899 0.00535137 0.00529943
 3.83 0.00637473 0.00567986 0.00558999
 3.83333 0.0073551 0.00588808 0.00606241
 3.83667 0.00795895 0.00574243 0.006819
 3.84 0.00798848 0.00526819 0.0080463
 3.84333 0.00795377 0.00477028 0.0100999
 3.84667 0.00863237 0.00450461 0.0136637
 3.85 0.0108224 0.00460916 0.0198449
 3.85333 0.0148345 0.00509635 0.0286052
 3.85667 0.017316 0.00536268 0.0323656
 3.86 0.0142394 0.0047359 0.024631
 3.86333 0.00988554 0.00394993 0.0156039
 3.86667 0.00695829 0.00345174 0.0100778
 3.87 0.00520127 0.00320473 0.00700773
 3.87333 0.00411431 0.00315997 0.00523415
 3.87667 0.00340646 0.00335693 0.00414239
 3.88 0.0029279 0.003952 0.00342844
 3.88333 0.00259588 0.00503239 0.00293668
 3.88667 0.00233599 0.00573195 0.00258307
 3.89 0.00210241 0.00529401 0.0023201
 3.89333 0.00190947 0.00465531 0.00211983
 3.89667 0.00175845 0.00429977 0.00196525
 3.9 0.00163936 0.00421905 0.00184609
 3.90333 0.00154447 0.0043804 0.00175665
 3.90667 0.00146922 0.00481975 0.00169492
 3.91 0.00141149 0.00568508 0.00166264
 3.91333 0.00137173 0.00738134 0.00166681
 3.91667 0.00135548 0.0111447 0.00172369
 3.92 0.00138578 0.0217189 0.00186848
 3.92333 0.00152232 0.0468819 0.00217718
 3.92667 0.00151155 0.0382666 0.00279483
 3.93 0.00149585 0.0313548 0.00377296
 3.93333 0.00156755 0.0284465 0.00416307
 3.93667 0.00167317 0.0194182 0.0033131
 3.94 0.00192213 0.0124949 0.00255987
 3.94333 0.00249522 0.00920163 0.00228673
 3.94667 0.00390591 0.00821426 0.00233587
 3.95 0.00819897 0.00776039 0.00251108
 3.95333 0.0158633 0.00839646 0.00295473
 3.95667 0.0143673 0.0127645 0.00391756
 3.96 0.0106113 0.0121374 0.00594993
 3.96333 0.00562662 0.00845766 0.0106604
 3.96667 0.00579264 0.00929075 0.0232474
 3.97 0.00925186 0.0123359 0.0509733
 3.97333 0.00794184 0.0100776 0.045436
 3.97667 0.00424095 0.0132496 0.0220716
 3.98 0.00267266 0.00582102 0.0122133
 3.98333 0.00204255 0.00314961 0.00827472
 3.98667 0.00183316 0.00253326 0.00682861
 3.99 0.00198439 0.00244634 0.00724375
 3.99333 0.00303013 0.00286061 0.0117427
 3.99667 0.00987705 0.00555667 0.0416804
 4 0.0103461 0.0068017 0.0413559
