 Energy(eV)     left     top    bottom
 2.5 2.94214e-06 2.10861e-06 1.12995e-06
 2.50333 2.96434e-06 2.12179e-06 1.13405e-06
 2.50667 2.98677e-06 2.1351e-06 1.13818e-06
 2.51 3.00945e-06 2.14852e-06 1.14235e-06
 2.51333 3.03237e-06 2.16208e-06 1.14655e-06
 2.51667 3.05554e-06 2.17576e-06 1.15079e-06
 2.52 3.07897e-06 2.18957e-06 1.15507e-06
 2.52333 3.10264e-06 2.20351e-06 1.15939e-06
 2.52667 3.12658e-06 2.21759e-06 1.16374e-06
 2.53 3.15078e-06 2.2318e-06 1.16813e-06
 2.53333 3.17525e-06 2.24615e-06 1.17256e-06
 2.53667 3.19999e-06 2.26063e-06 1.17702e-06
 2.54 3.225e-06 2.27525e-06 1.18153e-06
 2.54333 3.25029e-06 2.29001e-06 1.18607e-06
 2.54667 3.27586e-06 2.30492e-06 1.19065e-06
 2.55 3.30172e-06 2.31997e-06 1.19528e-06
 2.55333 3.32788e-06 2.33517e-06 1.19994e-06
 2.55667 3.35432e-06 2.35052e-06 1.20464e-06
 2.56 3.38107e-06 2.36601e-06 1.20938e-06
 2.56333 3.40812e-06 2.38166e-06 1.21417e-06
 2.56667 3.43548e-06 2.39746e-06 1.219e-06
 2.57 3.46316e-06 2.41342e-06 1.22386e-06
 2.57333 3.49115e-06 2.42954e-06 1.22877e-06
 2.57667 3.51947e-06 2.44582e-06 1.23372e-06
 2.58 3.54811e-06 2.46226e-06 1.23872e-06
 2.58333 3.57709e-06 2.47886e-06 1.24376e-06
 2.58667 3.60641e-06 2.49564e-06 1.24884e-06
 2.59 3.63607e-06 2.51258e-06 1.25396e-06
 2.59333 3.66608e-06 2.52969e-06 1.25913e-06
 2.59667 3.69645e-06 2.54698e-06 1.26434e-06
 2.6 3.72717e-06 2.56444e-06 1.2696e-06
 2.60333 3.75826e-06 2.58208e-06 1.27491e-06
 2.60667 3.78973e-06 2.5999e-06 1.28026e-06
 2.61 3.82157e-06 2.6179e-06 1.28565e-06
 2.61333 3.8538e-06 2.6361e-06 1.29109e-06
 2.61667 3.88641e-06 2.65448e-06 1.29658e-06
 2.62 3.91943e-06 2.67305e-06 1.30212e-06
 2.62333 3.95284e-06 2.69181e-06 1.30771e-06
 2.62667 3.98667e-06 2.71077e-06 1.31334e-06
 2.63 4.02091e-06 2.72994e-06 1.31902e-06
 2.63333 4.05558e-06 2.7493e-06 1.32475e-06
 2.63667 4.09067e-06 2.76887e-06 1.33053e-06
 2.64 4.12621e-06 2.78864e-06 1.33636e-06
 2.64333 4.16219e-06 2.80863e-06 1.34224e-06
 2.64667 4.19862e-06 2.82884e-06 1.34818e-06
 2.65 4.23551e-06 2.84926e-06 1.35416e-06
 2.65333 4.27287e-06 2.8699e-06 1.3602e-06
 2.65667 4.3107e-06 2.89076e-06 1.36628e-06
 2.66 4.34902e-06 2.91186e-06 1.37243e-06
 2.66333 4.38784e-06 2.93318e-06 1.37862e-06
 2.66667 4.42715e-06 2.95474e-06 1.38487e-06
 2.67 4.46698e-06 2.97654e-06 1.39117e-06
 2.67333 4.50732e-06 2.99857e-06 1.39753e-06
 2.67667 4.54819e-06 3.02086e-06 1.40395e-06
 2.68 4.5896e-06 3.04339e-06 1.41042e-06
 2.68333 4.63156e-06 3.06617e-06 1.41694e-06
 2.68667 4.67407e-06 3.08922e-06 1.42353e-06
 2.69 4.71715e-06 3.11252e-06 1.43017e-06
 2.69333 4.76081e-06 3.13609e-06 1.43687e-06
 2.69667 4.80506e-06 3.15992e-06 1.44363e-06
 2.7 4.8499e-06 3.18403e-06 1.45045e-06
 2.70333 4.89536e-06 3.20842e-06 1.45733e-06
 2.70667 4.94143e-06 3.23309e-06 1.46427e-06
 2.71 4.98814e-06 3.25805e-06 1.47127e-06
 2.71333 5.0355e-06 3.2833e-06 1.47833e-06
 2.71667 5.08351e-06 3.30885e-06 1.48545e-06
 2.72 5.13219e-06 3.3347e-06 1.49264e-06
 2.72333 5.18155e-06 3.36085e-06 1.49989e-06
 2.72667 5.2316e-06 3.38732e-06 1.50721e-06
 2.73 5.28236e-06 3.4141e-06 1.51459e-06
 2.73333 5.33385e-06 3.44121e-06 1.52204e-06
 2.73667 5.38607e-06 3.46864e-06 1.52956e-06
 2.74 5.43904e-06 3.49641e-06 1.53714e-06
 2.74333 5.49278e-06 3.52451e-06 1.54479e-06
 2.74667 5.5473e-06 3.55296e-06 1.5525e-06
 2.75 5.60261e-06 3.58176e-06 1.56029e-06
 2.75333 5.65874e-06 3.61092e-06 1.56815e-06
 2.75667 5.71569e-06 3.64044e-06 1.57608e-06
 2.76 5.77349e-06 3.67034e-06 1.58408e-06
 2.76333 5.83214e-06 3.7006e-06 1.59215e-06
 2.76667 5.89168e-06 3.73126e-06 1.60029e-06
 2.77 5.95212e-06 3.7623e-06 1.60851e-06
 2.77333 6.01347e-06 3.79374e-06 1.61681e-06
 2.77667 6.07576e-06 3.82558e-06 1.62517e-06
 2.78 6.139e-06 3.85784e-06 1.63362e-06
 2.78333 6.20322e-06 3.89051e-06 1.64214e-06
 2.78667 6.26844e-06 3.92362e-06 1.65074e-06
 2.79 6.33467e-06 3.95716e-06 1.65942e-06
 2.79333 6.40194e-06 3.99114e-06 1.66818e-06
 2.79667 6.47027e-06 4.02558e-06 1.67702e-06
 2.8 6.53968e-06 4.06047e-06 1.68594e-06
 2.80333 6.61021e-06 4.09584e-06 1.69494e-06
 2.80667 6.68186e-06 4.13169e-06 1.70403e-06
 2.81 6.75467e-06 4.16802e-06 1.7132e-06
 2.81333 6.82867e-06 4.20485e-06 1.72246e-06
 2.81667 6.90388e-06 4.24219e-06 1.7318e-06
 2.82 6.98032e-06 4.28005e-06 1.74123e-06
 2.82333 7.05802e-06 4.31844e-06 1.75075e-06
 2.82667 7.13703e-06 4.35737e-06 1.76035e-06
 2.83 7.21735e-06 4.39685e-06 1.77005e-06
 2.83333 7.29903e-06 4.43689e-06 1.77984e-06
 2.83667 7.38209e-06 4.4775e-06 1.78972e-06
 2.84 7.46658e-06 4.5187e-06 1.79969e-06
 2.84333 7.55251e-06 4.5605e-06 1.80976e-06
 2.84667 7.63993e-06 4.60291e-06 1.81992e-06
 2.85 7.72887e-06 4.64594e-06 1.83018e-06
 2.85333 7.81937e-06 4.6896e-06 1.84054e-06
 2.85667 7.91147e-06 4.73392e-06 1.851e-06
 2.86 8.0052e-06 4.77891e-06 1.86156e-06
 2.86333 8.1006e-06 4.82457e-06 1.87221e-06
 2.86667 8.19772e-06 4.87093e-06 1.88298e-06
 2.87 8.2966e-06 4.91799e-06 1.89384e-06
 2.87333 8.39729e-06 4.96579e-06 1.90481e-06
 2.87667 8.49982e-06 5.01432e-06 1.91589e-06
 2.88 8.60425e-06 5.06362e-06 1.92707e-06
 2.88333 8.71062e-06 5.11369e-06 1.93836e-06
 2.88667 8.81898e-06 5.16456e-06 1.94976e-06
 2.89 8.9294e-06 5.21624e-06 1.96128e-06
 2.89333 9.04191e-06 5.26875e-06 1.97291e-06
 2.89667 9.15657e-06 5.32212e-06 1.98465e-06
 2.9 9.27345e-06 5.37635e-06 1.9965e-06
 2.90333 9.3926e-06 5.43149e-06 2.00848e-06
 2.90667 9.51408e-06 5.48754e-06 2.02057e-06
 2.91 9.63796e-06 5.54452e-06 2.03279e-06
 2.91333 9.76429e-06 5.60247e-06 2.04512e-06
 2.91667 9.89316e-06 5.66141e-06 2.05758e-06
 2.92 1.00246e-05 5.72135e-06 2.07016e-06
 2.92333 1.01588e-05 5.78233e-06 2.08287e-06
 2.92667 1.02956e-05 5.84438e-06 2.09571e-06
 2.93 1.04354e-05 5.90751e-06 2.10868e-06
 2.93333 1.0578e-05 5.97176e-06 2.12178e-06
 2.93667 1.07236e-05 6.03716e-06 2.13501e-06
 2.94 1.08723e-05 6.10374e-06 2.14838e-06
 2.94333 1.10241e-05 6.17153e-06 2.16188e-06
 2.94667 1.11792e-05 6.24056e-06 2.17552e-06
 2.95 1.13377e-05 6.31087e-06 2.18931e-06
 2.95333 1.14996e-05 6.38249e-06 2.20323e-06
 2.95667 1.16651e-05 6.45547e-06 2.2173e-06
 2.96 1.18343e-05 6.52982e-06 2.23151e-06
 2.96333 1.20072e-05 6.6056e-06 2.24588e-06
 2.96667 1.21841e-05 6.68285e-06 2.26039e-06
 2.97 1.23649e-05 6.76161e-06 2.27505e-06
 2.97333 1.255e-05 6.84192e-06 2.28987e-06
 2.97667 1.27393e-05 6.92383e-06 2.30484e-06
 2.98 1.2933e-05 7.00739e-06 2.31998e-06
 2.98333 1.31313e-05 7.09264e-06 2.33527e-06
 2.98667 1.33344e-05 7.17963e-06 2.35072e-06
 2.99 1.35423e-05 7.26843e-06 2.36634e-06
 2.99333 1.37552e-05 7.35909e-06 2.38213e-06
 2.99667 1.39733e-05 7.45166e-06 2.39809e-06
 3 1.41969e-05 7.5462e-06 2.41421e-06
 3.00333 1.4426e-05 7.64278e-06 2.43052e-06
 3.00667 1.46608e-05 7.74147e-06 2.447e-06
 3.01 1.49016e-05 7.84232e-06 2.46365e-06
 3.01333 1.51486e-05 7.94543e-06 2.48049e-06
 3.01667 1.5402e-05 8.05085e-06 2.49752e-06
 3.02 1.56619e-05 8.15866e-06 2.51473e-06
 3.02333 1.59288e-05 8.26896e-06 2.53213e-06
 3.02667 1.62028e-05 8.38182e-06 2.54973e-06
 3.03 1.64841e-05 8.49733e-06 2.56752e-06
 3.03333 1.67731e-05 8.61559e-06 2.5855e-06
 3.03667 1.707e-05 8.7367e-06 2.60369e-06
 3.04 1.73752e-05 8.86075e-06 2.62208e-06
 3.04333 1.7689e-05 8.98785e-06 2.64068e-06
 3.04667 1.80116e-05 9.11813e-06 2.65949e-06
 3.05 1.83435e-05 9.25168e-06 2.67851e-06
 3.05333 1.8685e-05 9.38865e-06 2.69775e-06
 3.05667 1.90366e-05 9.52916e-06 2.71721e-06
 3.06 1.93985e-05 9.67335e-06 2.7369e-06
 3.06333 1.97713e-05 9.82135e-06 2.7568e-06
 3.06667 2.01554e-05 9.97333e-06 2.77694e-06
 3.07 2.05512e-05 1.01294e-05 2.79731e-06
 3.07333 2.09593e-05 1.02899e-05 2.81792e-06
 3.07667 2.13803e-05 1.04547e-05 2.83877e-06
 3.08 2.18146e-05 1.06243e-05 2.85987e-06
 3.08333 2.22628e-05 1.07987e-05 2.88121e-06
 3.08667 2.27256e-05 1.09782e-05 2.9028e-06
 3.09 2.32037e-05 1.1163e-05 2.92465e-06
 3.09333 2.36977e-05 1.13533e-05 2.94677e-06
 3.09667 2.42084e-05 1.15494e-05 2.96914e-06
 3.1 2.47365e-05 1.17515e-05 2.99179e-06
 3.10333 2.52829e-05 1.19599e-05 3.0147e-06
 3.10667 2.58485e-05 1.21749e-05 3.0379e-06
 3.11 2.64341e-05 1.23968e-05 3.06137e-06
 3.11333 2.70409e-05 1.2626e-05 3.08513e-06
 3.11667 2.76698e-05 1.28627e-05 3.10919e-06
 3.12 2.8322e-05 1.31075e-05 3.13354e-06
 3.12333 2.89987e-05 1.33606e-05 3.15819e-06
 3.12667 2.97011e-05 1.36225e-05 3.18314e-06
 3.13 3.04307e-05 1.38936e-05 3.20841e-06
 3.13333 3.11888e-05 1.41745e-05 3.23399e-06
 3.13667 3.19771e-05 1.44656e-05 3.2599e-06
 3.14 3.27971e-05 1.47676e-05 3.28613e-06
 3.14333 3.36507e-05 1.50809e-05 3.31269e-06
 3.14667 3.45398e-05 1.54063e-05 3.33959e-06
 3.15 3.54665e-05 1.57443e-05 3.36684e-06
 3.15333 3.64329e-05 1.60959e-05 3.39443e-06
 3.15667 3.74415e-05 1.64616e-05 3.42238e-06
 3.16 3.84947e-05 1.68425e-05 3.45069e-06
 3.16333 3.95953e-05 1.72393e-05 3.47937e-06
 3.16667 4.07464e-05 1.76531e-05 3.50843e-06
 3.17 4.1951e-05 1.8085e-05 3.53787e-06
 3.17333 4.32128e-05 1.85362e-05 3.56769e-06
 3.17667 4.45354e-05 1.90077e-05 3.59791e-06
 3.18 4.59229e-05 1.95011e-05 3.62854e-06
 3.18333 4.73797e-05 2.00178e-05 3.65957e-06
 3.18667 4.89108e-05 2.05595e-05 3.69102e-06
 3.19 5.05213e-05 2.11277e-05 3.72289e-06
 3.19333 5.22169e-05 2.17246e-05 3.7552e-06
 3.19667 5.4004e-05 2.23521e-05 3.78795e-06
 3.2 5.58894e-05 2.30126e-05 3.82114e-06
 3.20333 5.78806e-05 2.37085e-05 3.85479e-06
 3.20667 5.99858e-05 2.44427e-05 3.88891e-06
 3.21 6.22143e-05 2.52181e-05 3.9235e-06
 3.21333 6.45759e-05 2.60381e-05 3.95858e-06
 3.21667 6.70818e-05 2.69065e-05 3.99415e-06
 3.22 6.97442e-05 2.78273e-05 4.03022e-06
 3.22333 7.25768e-05 2.88052e-05 4.0668e-06
 3.22667 7.55947e-05 2.98451e-05 4.1039e-06
 3.23 7.88147e-05 3.09528e-05 4.14153e-06
 3.23333 8.22558e-05 3.21345e-05 4.17971e-06
 3.23667 8.5939e-05 3.33975e-05 4.21844e-06
 3.24 8.98881e-05 3.47496e-05 4.25773e-06
 3.24333 9.41298e-05 3.61999e-05 4.2976e-06
 3.24667 9.86943e-05 3.77587e-05 4.33805e-06
 3.25 0.000103616 3.94373e-05 4.3791e-06
 3.25333 0.000108934 4.12491e-05 4.42077e-06
 3.25667 0.000114692 4.3209e-05 4.46305e-06
 3.26 0.000120941 4.53344e-05 4.50597e-06
 3.26333 0.000127741 4.76449e-05 4.54954e-06
 3.26667 0.000135158 5.01636e-05 4.59377e-06
 3.27 0.000143271 5.29171e-05 4.63868e-06
 3.27333 0.000152172 5.59364e-05 4.68428e-06
 3.27667 0.000161966 5.9258e-05 4.73058e-06
 3.28 0.000172781 6.29246e-05 4.77761e-06
 3.28333 0.000184764 6.6987e-05 4.82537e-06
 3.28667 0.000198092 7.15057e-05 4.87388e-06
 3.29 0.000212979 7.65533e-05 4.92316e-06
 3.29333 0.000229679 8.22173e-05 4.97322e-06
 3.29667 0.000248504 8.86044e-05 5.02409e-06
 3.3 0.000269835 9.58452e-05 5.07578e-06
 3.30333 0.00029414 0.000104101 5.12831e-06
 3.30667 0.000322008 0.000113574 5.1817e-06
 3.31 0.000354176 0.000124519 5.23596e-06
 3.31333 0.000391586 0.000137261 5.29113e-06
 3.31667 0.000435452 0.000152218 5.34722e-06
 3.32 0.000487361 0.000169941 5.40426e-06
 3.32333 0.000549422 0.000191159 5.46226e-06
 3.32667 0.000624481 0.00021686 5.52126e-06
 3.33 0.000716456 0.000248406 5.58129e-06
 3.33333 0.000830862 0.000287715 5.64237e-06
 3.33667 0.000975646 0.000337557 5.70454e-06
 3.34 0.0011626 0.000402047 5.76785e-06
 3.34333 0.00140982 0.000487506 5.83233e-06
 3.34667 0.00174613 0.000604026 5.89806e-06
 3.35 0.00221969 0.000768488 5.96514e-06
 3.35333 0.00291545 0.00101073 6.03369e-06
 3.35667 0.00399379 0.00138715 6.10398e-06
 3.36 0.00578282 0.0020134 6.17647e-06
 3.36333 0.0090201 0.00315 6.25218e-06
 3.36667 0.0155134 0.00543729 6.33355e-06
 3.37 0.0294261 0.0103578 6.42614e-06
 3.37333 0.0507425 0.0179498 6.52967e-06
 3.37667 0.0456328 0.0162342 6.59898e-06
 3.38 0.0244539 0.00875578 6.64872e-06
 3.38333 0.0129967 0.00468721 6.71315e-06
 3.38667 0.00767066 0.00278871 6.78729e-06
 3.39 0.0049633 0.00182055 6.86647e-06
 3.39333 0.00344117 0.00127463 6.94882e-06
 3.39667 0.00251222 0.000940553 7.03359e-06
 3.4 0.00190774 0.000722618 7.12047e-06
 3.40333 0.00149405 0.000573127 7.20934e-06
 3.40667 0.0011993 0.000466392 7.30014e-06
 3.41 0.00098228 0.000387667 7.39288e-06
 3.41333 0.000818106 0.000328023 7.48757e-06
 3.41667 0.000691049 0.000281813 7.58424e-06
 3.42 0.000590797 0.000245328 7.68293e-06
 3.42333 0.000510367 0.000216052 7.7837e-06
 3.42667 0.000444901 0.000192233 7.8866e-06
 3.43 0.000390938 0.000172621 7.99168e-06
 3.43333 0.000345956 0.000156304 8.099e-06
 3.43667 0.000308086 0.000142607 8.20862e-06
 3.44 0.00027592 0.000131018 8.32063e-06
 3.44333 0.00024838 0.000121147 8.43507e-06
 3.44667 0.000224629 0.00011269 8.55204e-06
 3.45 0.000204012 0.000105411 8.67159e-06
 3.45333 0.000186009 9.91199e-05 8.79382e-06
 3.45667 0.000170201 9.36667e-05 8.91881e-06
 3.46 0.000156252 8.89294e-05 9.04664e-06
 3.46333 0.000143887 8.48092e-05 9.1774e-06
 3.46667 0.000132879 8.12254e-05 9.31119e-06
 3.47 0.00012304 7.81117e-05 9.4481e-06
 3.47333 0.000114215 7.54135e-05 9.58824e-06
 3.47667 0.000106272 7.30857e-05 9.73171e-06
 3.48 9.91012e-05 7.10914e-05 9.87862e-06
 3.48333 9.26085e-05 6.94e-05 1.00291e-05
 3.48667 8.6714e-05 6.79869e-05 1.01832e-05
 3.49 8.13493e-05 6.68322e-05 1.03412e-05
 3.49333 7.64555e-05 6.59205e-05 1.05031e-05
 3.49667 7.19816e-05 6.524e-05 1.06691e-05
 3.5 6.78836e-05 6.47831e-05 1.08393e-05
 3.50333 6.41231e-05 6.45452e-05 1.10138e-05
 3.50667 6.06666e-05 6.45255e-05 1.11929e-05
 3.51 5.74847e-05 6.47269e-05 1.13767e-05
 3.51333 5.45517e-05 6.51559e-05 1.15653e-05
 3.51667 5.18449e-05 6.58234e-05 1.1759e-05
 3.52 4.93444e-05 6.67454e-05 1.1958e-05
 3.52333 4.70325e-05 6.79436e-05 1.21623e-05
 3.52667 4.48937e-05 6.94466e-05 1.23724e-05
 3.53 4.29144e-05 7.12918e-05 1.25882e-05
 3.53333 4.10824e-05 7.35277e-05 1.28102e-05
 3.53667 3.93871e-05 7.62169e-05 1.30385e-05
 3.54 3.78194e-05 7.94405e-05 1.32735e-05
 3.54333 3.63715e-05 8.33046e-05 1.35153e-05
 3.54667 3.50367e-05 8.79488e-05 1.37642e-05
 3.55 3.381e-05 9.356e-05 1.40206e-05
 3.55333 3.26877e-05 0.000100391 1.42847e-05
 3.55667 3.16679e-05 0.000108791 1.45569e-05
 3.56 3.07508e-05 0.000119253 1.48376e-05
 3.56333 2.994e-05 0.000132487 1.51271e-05
 3.56667 2.92433e-05 0.000149551 1.54258e-05
 3.57 2.86756e-05 0.00017207 1.57341e-05
 3.57333 2.82635e-05 0.000202651 1.60525e-05
 3.57667 2.80543e-05 0.000245683 1.63814e-05
 3.58 2.81354e-05 0.000309026 1.67213e-05
 3.58333 2.86778e-05 0.000407906 1.70728e-05
 3.58667 3.00495e-05 0.000575039 1.74364e-05
 3.59 3.31545e-05 0.000891532 1.78126e-05
 3.59333 4.07126e-05 0.00160603 1.82023e-05
 3.59667 6.41345e-05 0.00379957 1.86064e-05
 3.6 0.000192011 0.0164362 1.90273e-05
 3.60333 0.000565621 0.0382471 1.948e-05
 3.60667 0.000112598 0.00647526 1.99118e-05
 3.61 5.12694e-05 0.0022367 2.03761e-05
 3.61333 3.58691e-05 0.00113053 2.08605e-05
 3.61667 2.98437e-05 0.000693537 2.13644e-05
 3.62 2.68839e-05 0.000478749 2.18885e-05
 3.62333 2.523e-05 0.00035813 2.2434e-05
 3.62667 2.42387e-05 0.000284104 2.30019e-05
 3.63 2.36305e-05 0.000235752 2.35937e-05
 3.63333 2.32684e-05 0.000202715 2.42107e-05
 3.63667 2.30793e-05 0.000179397 2.48545e-05
 3.64 2.30218e-05 0.000162559 2.55267e-05
 3.64333 2.30715e-05 0.000150225 2.62291e-05
 3.64667 2.32135e-05 0.000141134 2.69637e-05
 3.65 2.34392e-05 0.000134455 2.77325e-05
 3.65333 2.37436e-05 0.00012962 2.85379e-05
 3.65667 2.41244e-05 0.000126236 2.93822e-05
 3.66 2.45812e-05 0.000124022 3.02683e-05
 3.66333 2.51153e-05 0.000122778 3.1199e-05
 3.66667 2.57288e-05 0.000122355 3.21776e-05
 3.67 2.64253e-05 0.00012265 3.32076e-05
 3.67333 2.72094e-05 0.000123584 3.42929e-05
 3.67667 2.80867e-05 0.000125104 3.54378e-05
 3.68 2.90637e-05 0.000127172 3.66469e-05
 3.68333 3.01483e-05 0.000129767 3.79255e-05
 3.68667 3.13497e-05 0.000132877 3.92792e-05
 3.69 3.26785e-05 0.000136501 4.07144e-05
 3.69333 3.41468e-05 0.000140647 4.22383e-05
 3.69667 3.57689e-05 0.000145334 4.38586e-05
 3.7 3.75609e-05 0.000150585 4.55843e-05
 3.70333 3.95419e-05 0.000156434 4.74252e-05
 3.70667 4.17338e-05 0.000162924 4.93924e-05
 3.71 4.41621e-05 0.000170107 5.14985e-05
 3.71333 4.68567e-05 0.000178046 5.37577e-05
 3.71667 4.98527e-05 0.000186815 5.61862e-05
 3.72 5.31913e-05 0.000196502 5.88025e-05
 3.72333 5.69215e-05 0.000207213 6.16276e-05
 3.72667 6.11016e-05 0.000219071 6.46859e-05
 3.73 6.58017e-05 0.000232221 6.80054e-05
 3.73333 7.11063e-05 0.000246837 7.1619e-05
 3.73667 7.71182e-05 0.000263125 7.55647e-05
 3.74 8.39632e-05 0.00028133 7.98875e-05
 3.74333 9.17974e-05 0.000301749 8.46402e-05
 3.74667 0.000100815 0.00032474 8.98862e-05
 3.75 0.000111262 0.000350737 9.57011e-05
 3.75333 0.000123452 0.000380276 0.000102176
 3.75667 0.000137789 0.000414017 0.000109424
 3.76 0.000154806 0.000452784 0.000117581
 3.76333 0.000175212 0.00049762 0.000126818
 3.76667 0.000199967 0.000549849 0.00013735
 3.77 0.000230405 0.000611184 0.000149451
 3.77333 0.000268416 0.000683866 0.000163474
 3.77667 0.000316754 0.000770873 0.000179882
 3.78 0.000379565 0.000876228 0.000199297
 3.78333 0.000463323 0.00100548 0.000222559
 3.78667 0.000578614 0.00116642 0.000250844
 3.79 0.000743726 0.00137033 0.000285828
 3.79333 0.000992529 0.00163392 0.000329977
 3.79667 0.00139358 0.00198286 0.000387041
 3.8 0.00210295 0.00245805 0.000462953
 3.80333 0.00353803 0.00312782 0.000567548
 3.80667 0.00709311 0.00411269 0.000718036
 3.81 0.0186606 0.00564065 0.000946544
 3.81333 0.041631 0.00817274 0.00131744
 3.81667 0.0194182 0.0126535 0.00196957
 3.82 0.00890547 0.0212936 0.00321313
 3.82333 0.00688913 0.0377263 0.00556059
 3.82667 0.00709772 0.0556848 0.00812095
 3.83 0.00559949 0.0466313 0.00684506
 3.83333 0.0034858 0.0274539 0.00411952
 3.83667 0.00227886 0.0169271 0.0025645
 3.84 0.0017689 0.0143222 0.0018281
 3.84333 0.00245267 0.0351102 0.00149856
 3.84667 0.00183227 0.0209781 0.00139471
 3.85 0.00103781 0.00694415 0.00145266
 3.85333 0.000906698 0.00412328 0.00167369
 3.85667 0.000933013 0.00300755 0.00212298
 3.86 0.00110345 0.00247021 0.00298202
 3.86333 0.00153672 0.0022953 0.0047498
 3.86667 0.00268111 0.00261451 0.00910714
 3.87 0.00682515 0.00457495 0.0245212
 3.87333 0.0372863 0.0203133 0.137102
 3.87667 0.0252889 0.0139079 0.0927541
 3.88 0.00543279 0.00346212 0.0195134
 3.88333 0.00225147 0.00172883 0.0078225
 3.88667 0.0012537 0.00114737 0.00418141
 3.89 0.000818257 0.00087001 0.00260814
 3.89333 0.000589268 0.000709382 0.00179051
 3.89667 0.00045382 0.000605372 0.00131243
 3.9 0.000367245 0.000534075 0.00100919
 3.90333 0.000309179 0.000485037 0.000805122
 3.90667 0.00026957 0.000454492 0.000661572
 3.91 0.000243667 0.000444328 0.000557123
 3.91333 0.000230854 0.00046673 0.000479154
 3.91667 0.000238292 0.000568477 0.000419857
 3.92 0.000311194 0.000994156 0.000374214
 3.92333 0.000931834 0.00431224 0.000338925
 3.92667 0.000661728 0.00282651 0.00031174
 3.93 0.00027884 0.000812706 0.000291216
 3.93333 0.000230624 0.000498908 0.000276436
 3.93667 0.000237553 0.000417142 0.000266928
 3.94 0.000278299 0.000411931 0.000262662
 3.94333 0.000370544 0.000466854 0.000264128
 3.94667 0.000584167 0.000627049 0.000272573
 3.95 0.00120617 0.00111079 0.000290548
 3.95333 0.00425476 0.00345536 0.00032324
 3.95667 0.0178386 0.0135622 0.000381837
 3.96 0.00332815 0.00257938 0.000489964
 3.96333 0.00153096 0.00118488 0.000723869
 3.96667 0.00187781 0.00126107 0.00137026
 3.97 0.00150406 0.00252144 0.00436635
 3.97333 0.00529758 0.0110609 0.0213349
 3.97667 0.00111191 0.00219437 0.00384527
 3.98 0.000518649 0.00101828 0.00136838
 3.98333 0.000498912 0.0010707 0.000853043
 3.98667 0.00142765 0.00314753 0.000734285
 3.99 0.00119701 0.00297929 0.000806688
 3.99333 0.000375593 0.00240409 0.00117777
 3.99667 0.000263067 0.00879337 0.00316482
 4 0.00025638 0.0142855 0.00506261
