 Energy(eV)     left     top    bottom
 2.5 0.00138362 0.00078703 0.000328207
 2.50333 0.00139512 0.000792979 0.000330145
 2.50667 0.00140667 0.000798976 0.000332097
 2.51 0.00141826 0.00080502 0.000334066
 2.51333 0.00142989 0.000811112 0.00033605
 2.51667 0.00144156 0.000817251 0.000338051
 2.52 0.00145328 0.000823437 0.000340068
 2.52333 0.00146502 0.000829671 0.0003421
 2.52667 0.0014768 0.000835952 0.00034415
 2.53 0.0014886 0.00084228 0.000346216
 2.53333 0.00150043 0.000848654 0.000348298
 2.53667 0.00151228 0.000855075 0.000350398
 2.54 0.00152414 0.000861542 0.000352514
 2.54333 0.00153602 0.000868055 0.000354647
 2.54667 0.00154791 0.000874614 0.000356798
 2.55 0.0015598 0.000881218 0.000358966
 2.55333 0.00157169 0.000887867 0.000361151
 2.55667 0.00158358 0.000894561 0.000363354
 2.56 0.00159545 0.000901298 0.000365575
 2.56333 0.00160732 0.00090808 0.000367814
 2.56667 0.00161917 0.000914904 0.00037007
 2.57 0.00163099 0.000921771 0.000372345
 2.57333 0.00164278 0.00092868 0.000374638
 2.57667 0.00165454 0.000935631 0.00037695
 2.58 0.00166626 0.000942623 0.00037928
 2.58333 0.00167793 0.000949655 0.000381629
 2.58667 0.00168956 0.000956727 0.000383997
 2.59 0.00170112 0.000963837 0.000386384
 2.59333 0.00171262 0.000970986 0.00038879
 2.59667 0.00172405 0.000978172 0.000391216
 2.6 0.00173541 0.000985395 0.000393661
 2.60333 0.00174668 0.000992653 0.000396126
 2.60667 0.00175786 0.000999947 0.000398611
 2.61 0.00176895 0.00100727 0.000401116
 2.61333 0.00177993 0.00101464 0.000403641
 2.61667 0.00179081 0.00102203 0.000406186
 2.62 0.00180156 0.00102945 0.000408752
 2.62333 0.00181219 0.00103691 0.000411338
 2.62667 0.00182269 0.00104439 0.000413946
 2.63 0.00183305 0.0010519 0.000416574
 2.63333 0.00184326 0.00105944 0.000419224
 2.63667 0.00185332 0.00106701 0.000421895
 2.64 0.00186322 0.0010746 0.000424588
 2.64333 0.00187294 0.00108221 0.000427302
 2.64667 0.00188249 0.00108985 0.000430039
 2.65 0.00189185 0.00109751 0.000432797
 2.65333 0.00190103 0.00110519 0.000435578
 2.65667 0.00191 0.00111289 0.000438381
 2.66 0.00191876 0.00112061 0.000441207
 2.66333 0.0019273 0.00112834 0.000444056
 2.66667 0.00193562 0.00113609 0.000446928
 2.67 0.00194372 0.00114386 0.000449824
 2.67333 0.00195157 0.00115164 0.000452742
 2.67667 0.00195917 0.00115944 0.000455685
 2.68 0.00196653 0.00116724 0.000458651
 2.68333 0.00197362 0.00117506 0.000461642
 2.68667 0.00198044 0.00118288 0.000464657
 2.69 0.00198699 0.00119072 0.000467696
 2.69333 0.00199326 0.00119856 0.00047076
 2.69667 0.00199924 0.00120641 0.000473849
 2.7 0.00200493 0.00121427 0.000476963
 2.70333 0.00201031 0.00122213 0.000480102
 2.70667 0.00201539 0.00123 0.000483267
 2.71 0.00202016 0.00123787 0.000486458
 2.71333 0.0020246 0.00124575 0.000489675
 2.71667 0.00202873 0.00125363 0.000492918
 2.72 0.00203253 0.00126151 0.000496188
 2.72333 0.00203599 0.00126939 0.000499484
 2.72667 0.00203912 0.00127727 0.000502808
 2.73 0.00204191 0.00128516 0.000506158
 2.73333 0.00204435 0.00129305 0.000509536
 2.73667 0.00204645 0.00130093 0.000512942
 2.74 0.00204819 0.00130882 0.000516376
 2.74333 0.00204959 0.00131672 0.000519837
 2.74667 0.00205062 0.00132461 0.000523327
 2.75 0.0020513 0.00133251 0.000526846
 2.75333 0.00205162 0.00134041 0.000530394
 2.75667 0.00205159 0.00134831 0.000533971
 2.76 0.00205119 0.00135621 0.000537578
 2.76333 0.00205043 0.00136413 0.000541214
 2.76667 0.00204931 0.00137204 0.00054488
 2.77 0.00204783 0.00137997 0.000548576
 2.77333 0.002046 0.0013879 0.000552303
 2.77667 0.00204381 0.00139584 0.000556061
 2.78 0.00204126 0.0014038 0.000559849
 2.78333 0.00203836 0.00141177 0.000563669
 2.78667 0.00203511 0.00141975 0.000567521
 2.79 0.00203152 0.00142775 0.000571404
 2.79333 0.00202758 0.00143577 0.00057532
 2.79667 0.0020233 0.00144381 0.000579268
 2.8 0.00201869 0.00145188 0.000583249
 2.80333 0.00201375 0.00145997 0.000587263
 2.80667 0.00200849 0.00146809 0.00059131
 2.81 0.0020029 0.00147625 0.000595391
 2.81333 0.001997 0.00148444 0.000599506
 2.81667 0.0019908 0.00149267 0.000603656
 2.82 0.00198429 0.00150094 0.000607839
 2.82333 0.00197749 0.00150926 0.000612058
 2.82667 0.00197041 0.00151763 0.000616312
 2.83 0.00196304 0.00152605 0.000620601
 2.83333 0.0019554 0.00153454 0.000624927
 2.83667 0.0019475 0.00154308 0.000629288
 2.84 0.00193935 0.0015517 0.000633686
 2.84333 0.00193094 0.00156038 0.000638121
 2.84667 0.0019223 0.00156915 0.000642593
 2.85 0.00191343 0.001578 0.000647103
 2.85333 0.00190433 0.00158693 0.00065165
 2.85667 0.00189503 0.00159596 0.000656235
 2.86 0.00188552 0.00160509 0.00066086
 2.86333 0.00187582 0.00161432 0.000665523
 2.86667 0.00186593 0.00162367 0.000670225
 2.87 0.00185587 0.00163314 0.000674967
 2.87333 0.00184565 0.00164273 0.000679749
 2.87667 0.00183527 0.00165245 0.000684571
 2.88 0.00182475 0.00166231 0.000689434
 2.88333 0.00181409 0.00167232 0.000694338
 2.88667 0.0018033 0.00168248 0.000699283
 2.89 0.0017924 0.00169281 0.00070427
 2.89333 0.0017814 0.0017033 0.0007093
 2.89667 0.0017703 0.00171398 0.000714372
 2.9 0.00175911 0.00172484 0.000719487
 2.90333 0.00174785 0.0017359 0.000724646
 2.90667 0.00173651 0.00174717 0.000729848
 2.91 0.00172513 0.00175865 0.000735095
 2.91333 0.00171369 0.00177037 0.000740386
 2.91667 0.00170222 0.00178231 0.000745722
 2.92 0.00169072 0.00179451 0.000751104
 2.92333 0.0016792 0.00180696 0.000756532
 2.92667 0.00166767 0.00181969 0.000762006
 2.93 0.00165614 0.0018327 0.000767526
 2.93333 0.00164462 0.00184601 0.000773094
 2.93667 0.00163311 0.00185962 0.000778709
 2.94 0.00162164 0.00187356 0.000784373
 2.94333 0.00161019 0.00188784 0.000790085
 2.94667 0.00159879 0.00190247 0.000795846
 2.95 0.00158745 0.00191747 0.000801656
 2.95333 0.00157617 0.00193285 0.000807517
 2.95667 0.00156495 0.00194864 0.000813427
 2.96 0.00155381 0.00196484 0.000819389
 2.96333 0.00154276 0.00198148 0.000825401
 2.96667 0.00153181 0.00199859 0.000831466
 2.97 0.00152096 0.00201617 0.000837583
 2.97333 0.00151021 0.00203425 0.000843752
 2.97667 0.00149959 0.00205285 0.000849975
 2.98 0.00148909 0.002072 0.000856252
 2.98333 0.00147873 0.00209172 0.000862583
 2.98667 0.00146851 0.00211204 0.000868969
 2.99 0.00145844 0.00213298 0.00087541
 2.99333 0.00144853 0.00215458 0.000881908
 2.99667 0.00143879 0.00217686 0.000888461
 3 0.00142922 0.00219986 0.000895072
 3.00333 0.00141983 0.00222361 0.00090174
 3.00667 0.00141063 0.00224814 0.000908467
 3.01 0.00140163 0.00227351 0.000915252
 3.01333 0.00139284 0.00229973 0.000922096
 3.01667 0.00138426 0.00232686 0.000929
 3.02 0.00137591 0.00235495 0.000935965
 3.02333 0.00136778 0.00238403 0.000942991
 3.02667 0.0013599 0.00241417 0.000950079
 3.03 0.00135227 0.0024454 0.000957229
 3.03333 0.0013449 0.0024778 0.000964441
 3.03667 0.00133779 0.00251141 0.000971718
 3.04 0.00133097 0.00254631 0.000979059
 3.04333 0.00132443 0.00258256 0.000986465
 3.04667 0.0013182 0.00262023 0.000993936
 3.05 0.00131227 0.00265939 0.00100147
 3.05333 0.00130666 0.00270014 0.00100908
 3.05667 0.00130139 0.00274254 0.00101675
 3.06 0.00129646 0.0027867 0.00102449
 3.06333 0.00129189 0.0028327 0.0010323
 3.06667 0.00128769 0.00288066 0.00104019
 3.07 0.00128388 0.00293067 0.00104814
 3.07333 0.00128047 0.00298286 0.00105616
 3.07667 0.00127747 0.00303733 0.00106426
 3.08 0.0012749 0.00309423 0.00107243
 3.08333 0.00127277 0.00315368 0.00108067
 3.08667 0.00127111 0.00321582 0.00108899
 3.09 0.00126993 0.00328081 0.00109738
 3.09333 0.00126926 0.0033488 0.00110586
 3.09667 0.00126909 0.00341995 0.0011144
 3.1 0.00126947 0.00349443 0.00112303
 3.10333 0.00127041 0.00357243 0.00113174
 3.10667 0.00127192 0.00365412 0.00114053
 3.11 0.00127403 0.0037397 0.0011494
 3.11333 0.00127676 0.00382935 0.00115836
 3.11667 0.00128013 0.00392327 0.0011674
 3.12 0.00128416 0.00402166 0.00117652
 3.12333 0.00128887 0.0041247 0.00118573
 3.12667 0.00129427 0.00423259 0.00119503
 3.13 0.00130039 0.0043455 0.00120442
 3.13333 0.00130724 0.00446358 0.0012139
 3.13667 0.00131482 0.00458699 0.00122347
 3.14 0.00132315 0.00471582 0.00123314
 3.14333 0.00133221 0.00485016 0.0012429
 3.14667 0.00134202 0.00499002 0.00125275
 3.15 0.00135255 0.00513537 0.00126271
 3.15333 0.00136377 0.00528609 0.00127276
 3.15667 0.00137566 0.00544198 0.00128292
 3.16 0.00138817 0.00560274 0.00129318
 3.16333 0.00140122 0.00576792 0.00130354
 3.16667 0.00141474 0.00593697 0.00131401
 3.17 0.00142862 0.00610912 0.00132459
 3.17333 0.00144274 0.00628348 0.00133528
 3.17667 0.00145696 0.00645893 0.00134609
 3.18 0.00147111 0.00663416 0.00135701
 3.18333 0.00148499 0.00680766 0.00136805
 3.18667 0.00149838 0.0069777 0.00137921
 3.19 0.00151106 0.00714238 0.00139049
 3.19333 0.00152278 0.00729964 0.0014019
 3.19667 0.00153328 0.00744732 0.00141344
 3.2 0.00154229 0.00758317 0.00142511
 3.20333 0.00154957 0.00770498 0.00143691
 3.20667 0.00155487 0.00781063 0.00144886
 3.21 0.00155798 0.00789817 0.00146094
 3.21333 0.00155874 0.00796593 0.00147317
 3.21667 0.00155701 0.00801256 0.00148555
 3.22 0.00155272 0.00803717 0.00149808
 3.22333 0.00154586 0.0080393 0.00151077
 3.22667 0.00153647 0.00801901 0.00152363
 3.23 0.00152466 0.00797683 0.00153664
 3.23333 0.00151059 0.00791376 0.00154983
 3.23667 0.00149446 0.00783124 0.0015632
 3.24 0.00147652 0.007731 0.00157675
 3.24333 0.00145704 0.00761507 0.00159048
 3.24667 0.00143631 0.00748563 0.00160441
 3.25 0.00141461 0.00734494 0.00161854
 3.25333 0.00139223 0.00719528 0.00163288
 3.25667 0.00136945 0.00703885 0.00164743
 3.26 0.00134652 0.0068777 0.0016622
 3.26333 0.00132367 0.00671375 0.00167719
 3.26667 0.00130111 0.0065487 0.00169243
 3.27 0.00127901 0.00638406 0.00170791
 3.27333 0.00125751 0.00622112 0.00172365
 3.27667 0.00123676 0.00606094 0.00173965
 3.28 0.00121683 0.00590442 0.00175592
 3.28333 0.00119781 0.00575224 0.00177248
 3.28667 0.00117976 0.00560496 0.00178933
 3.29 0.00116272 0.00546295 0.0018065
 3.29333 0.00114671 0.00532649 0.00182399
 3.29667 0.00113175 0.00519574 0.00184181
 3.3 0.00111784 0.00507076 0.00185998
 3.30333 0.00110497 0.00495157 0.00187851
 3.30667 0.00109315 0.00483809 0.00189743
 3.31 0.00108236 0.00473022 0.00191674
 3.31333 0.00107258 0.00462783 0.00193646
 3.31667 0.00106379 0.00453073 0.00195663
 3.32 0.00105597 0.00443875 0.00197724
 3.32333 0.00104911 0.00435168 0.00199833
 3.32667 0.00104318 0.00426931 0.00201992
 3.33 0.00103817 0.00419143 0.00204203
 3.33333 0.00103406 0.00411782 0.00206469
 3.33667 0.00103084 0.00404827 0.00208793
 3.34 0.00102848 0.00398258 0.00211176
 3.34333 0.00102698 0.00392053 0.00213623
 3.34667 0.00102632 0.00386194 0.00216137
 3.35 0.00102651 0.00380661 0.00218721
 3.35333 0.00102752 0.00375437 0.00221379
 3.35667 0.00102937 0.00370504 0.00224114
 3.36 0.00103205 0.00365846 0.00226931
 3.36333 0.00103555 0.00361447 0.00229834
 3.36667 0.00103989 0.00357292 0.00232827
 3.37 0.00104507 0.00353368 0.00235917
 3.37333 0.00105111 0.00349662 0.00239108
 3.37667 0.001058 0.0034616 0.00242405
 3.38 0.00106578 0.00342852 0.00245815
 3.38333 0.00107444 0.00339727 0.00249344
 3.38667 0.00108403 0.00336774 0.00253
 3.39 0.00109455 0.00333984 0.00256788
 3.39333 0.00110605 0.00331348 0.00260717
 3.39667 0.00111854 0.00328857 0.00264796
 3.4 0.00113205 0.00326504 0.00269033
 3.40333 0.00114664 0.00324282 0.00273437
 3.40667 0.00116234 0.00322183 0.00278019
 3.41 0.00117919 0.00320202 0.00282789
 3.41333 0.00119724 0.00318332 0.00287759
 3.41667 0.00121654 0.00316568 0.0029294
 3.42 0.00123716 0.00314906 0.00298347
 3.42333 0.00125915 0.00313341 0.00303993
 3.42667 0.00128259 0.00311869 0.00309892
 3.43 0.00130754 0.00310485 0.00316061
 3.43333 0.00133408 0.00309188 0.00322516
 3.43667 0.00136231 0.00307972 0.00329276
 3.44 0.0013923 0.00306837 0.00336359
 3.44333 0.00142415 0.00305779 0.00343787
 3.44667 0.00145798 0.00304796 0.00351581
 3.45 0.00149389 0.00303887 0.00359764
 3.45333 0.001532 0.0030305 0.00368361
 3.45667 0.00157243 0.00302284 0.00377397
 3.46 0.00161533 0.00301588 0.00386902
 3.46333 0.00166083 0.00300962 0.00396904
 3.46667 0.00170909 0.00300406 0.00407433
 3.47 0.00176027 0.00299919 0.00418523
 3.47333 0.00181452 0.00299501 0.00430208
 3.47667 0.00187204 0.00299154 0.00442522
 3.48 0.00193301 0.00298877 0.00455504
 3.48333 0.00199761 0.00298673 0.0046919
 3.48667 0.00206605 0.00298541 0.00483621
 3.49 0.00213851 0.00298484 0.00498835
 3.49333 0.00221522 0.00298504 0.00514872
 3.49667 0.00229637 0.00298601 0.00531773
 3.5 0.00238215 0.00298778 0.00549574
 3.50333 0.00247277 0.00299036 0.00568311
 3.50667 0.00256839 0.00299377 0.00588018
 3.51 0.00266917 0.00299803 0.0060872
 3.51333 0.00277524 0.00300314 0.0063044
 3.51667 0.0028867 0.00300913 0.00653188
 3.52 0.00300357 0.00301599 0.00676966
 3.52333 0.00312585 0.00302373 0.0070176
 3.52667 0.00325342 0.00303232 0.00727539
 3.53 0.0033861 0.00304176 0.00754251
 3.53333 0.00352359 0.003052 0.00781819
 3.53667 0.00366544 0.00306299 0.00810137
 3.54 0.00381107 0.00307468 0.00839065
 3.54333 0.00395973 0.00308697 0.00868426
 3.54667 0.0041105 0.00309975 0.00898005
 3.55 0.00426225 0.00311289 0.00927541
 3.55333 0.00441367 0.00312625 0.00956731
 3.55667 0.00456327 0.00313965 0.00985228
 3.56 0.00470938 0.00315289 0.0101265
 3.56333 0.00485021 0.00316578 0.0103858
 3.56667 0.0049839 0.00317809 0.0106258
 3.57 0.00510855 0.00318963 0.010842
 3.57333 0.00522235 0.00320018 0.0110301
 3.57667 0.00532364 0.00320958 0.011186
 3.58 0.005411 0.00321768 0.0113059
 3.58333 0.00548336 0.00322439 0.0113869
 3.58667 0.00554009 0.00322968 0.0114267
 3.59 0.00558105 0.00323356 0.0114242
 3.59333 0.00560661 0.00323615 0.0113791
 3.59667 0.00561771 0.00323759 0.0112921
 3.6 0.00561581 0.00323812 0.0111651
 3.60333 0.00560284 0.00323802 0.0110008
 3.60667 0.00558115 0.00323762 0.0108026
 3.61 0.00555338 0.00323727 0.0105744
 3.61333 0.0055224 0.00323733 0.0103206
 3.61667 0.00549118 0.00323817 0.0100457
 3.62 0.0054627 0.00324013 0.00975421
 3.62333 0.00543981 0.0032435 0.00945037
 3.62667 0.00542512 0.00324853 0.00913827
 3.63 0.00542091 0.0032554 0.00882159
 3.63333 0.00542901 0.00326422 0.0085036
 3.63667 0.00545066 0.00327501 0.00818711
 3.64 0.00548638 0.00328775 0.00787452
 3.64333 0.0055359 0.00330238 0.00756778
 3.64667 0.00559806 0.0033189 0.00726845
 3.65 0.00567083 0.00333739 0.00697776
 3.65333 0.00575138 0.00335822 0.00669658
 3.65667 0.00583633 0.00338214 0.00642555
 3.66 0.00592211 0.0034105 0.00616504
 3.66333 0.00600546 0.00344546 0.00591527
 3.66667 0.00608399 0.00349012 0.00567625
 3.67 0.00615666 0.00354874 0.00544791
 3.67333 0.00622418 0.0036267 0.00523007
 3.67667 0.00628903 0.00373047 0.00502245
 3.68 0.00635515 0.0038672 0.00482474
 3.68333 0.00642701 0.00404389 0.00463658
 3.68667 0.00650809 0.00426584 0.00445758
 3.69 0.00659863 0.00453396 0.00428735
 3.69333 0.0066927 0.00484093 0.00412547
 3.69667 0.00677573 0.00516711 0.00397155
 3.7 0.00682415 0.00547869 0.00382517
 3.70333 0.00680972 0.00573193 0.00368595
 3.70667 0.00670897 0.00588519 0.00355349
 3.71 0.00651368 0.0059143 0.00342745
 3.71333 0.00623513 0.00582142 0.00330745
 3.71667 0.00589922 0.00563147 0.00319318
 3.72 0.00553608 0.00537982 0.00308431
 3.72333 0.00517143 0.00510023 0.00298055
 3.72667 0.00482275 0.00481823 0.00288161
 3.73 0.0044996 0.00455001 0.00278723
 3.73333 0.00420564 0.00430413 0.00269716
 3.73667 0.00394095 0.00408396 0.00261117
 3.74 0.00370371 0.0038898 0.00252904
 3.74333 0.00349125 0.00372034 0.00245057
 3.74667 0.00330075 0.00357359 0.00237557
 3.75 0.0031295 0.00344738 0.00230387
 3.75333 0.00297506 0.00333969 0.00223532
 3.75667 0.00283529 0.00324872 0.00216976
 3.76 0.00270835 0.00317302 0.00210707
 3.76333 0.00259267 0.00311143 0.00204713
 3.76667 0.00248694 0.00306316 0.00198982
 3.77 0.00239002 0.00302772 0.00193505
 3.77333 0.00230095 0.00300501 0.00188275
 3.77667 0.00221893 0.00299528 0.00183285
 3.78 0.00214328 0.00299922 0.00178529
 3.78333 0.0020734 0.00301805 0.00174003
 3.78667 0.00200882 0.00305366 0.00169704
 3.79 0.0019491 0.00310884 0.00165633
 3.79333 0.00189392 0.00318769 0.00161789
 3.79667 0.00184298 0.00329621 0.00158177
 3.8 0.00179607 0.00344344 0.00154803
 3.80333 0.00175302 0.00364328 0.00151673
 3.80667 0.00171372 0.00391821 0.00148801
 3.81 0.00167818 0.00430638 0.00146203
 3.81333 0.00164648 0.00487725 0.00143898
 3.81667 0.00161892 0.00576832 0.00141914
 3.82 0.00159624 0.00728225 0.00140285
 3.82333 0.0015802 0.0101761 0.00139054
 3.82667 0.00157567 0.0165836 0.00138278
 3.83 0.00159361 0.0314161 0.00138027
 3.83333 0.00160806 0.0424759 0.0013839
 3.83667 0.00156365 0.025825 0.00139469
 3.84 0.00153832 0.0151453 0.00141423
 3.84333 0.00153503 0.0112032 0.00144439
 3.84667 0.00154528 0.00991946 0.00148749
 3.85 0.00156732 0.00984256 0.00154644
 3.85333 0.00160228 0.0104726 0.00162467
 3.85667 0.001653 0.0116108 0.00172587
 3.86 0.00172409 0.0131249 0.0018534
 3.86333 0.00182266 0.0148203 0.0020093
 3.86667 0.00195991 0.0163591 0.00219405
 3.87 0.00215443 0.0172918 0.00240984
 3.87333 0.00243925 0.0172739 0.00266925
 3.87667 0.00287819 0.0163286 0.00300589
 3.88 0.00360874 0.0148647 0.00348031
 3.88333 0.00497509 0.0134813 0.00418514
 3.88667 0.0080233 0.0129845 0.00526253
 3.89 0.0163044 0.0151918 0.00694443
 3.89333 0.028671 0.019407 0.00961561
 3.89667 0.0190104 0.013282 0.0138597
 3.9 0.0136799 0.00964373 0.0201707
 3.90333 0.0136558 0.00898023 0.0273731
 3.90667 0.0152329 0.00949761 0.0306979
 3.91 0.0157403 0.00941419 0.027184
 3.91333 0.0116496 0.0076746 0.0208665
 3.91667 0.00749399 0.00613341 0.0154989
 3.92 0.00509445 0.0051745 0.0117769
 3.92333 0.00374162 0.00454978 0.00932854
 3.92667 0.00293645 0.00412672 0.00774393
 3.93 0.00243891 0.00385549 0.00675833
 3.93333 0.00213685 0.00374428 0.00623989
 3.93667 0.00198727 0.0039042 0.00617708
 3.94 0.00200766 0.00485099 0.00672811
 3.94333 0.00234178 0.00974737 0.00846233
 3.94667 0.00348403 0.0169233 0.0134891
 3.95 0.00811437 0.00808646 0.0331611
 3.95333 0.0352258 0.0117909 0.132977
 3.95667 0.0137572 0.00606939 0.0437154
 3.96 0.00499839 0.00378334 0.0129487
 3.96333 0.0029544 0.00319383 0.00630461
 3.96667 0.002205 0.00301006 0.00396472
 3.97 0.00187116 0.00304473 0.00288671
 3.97333 0.00173333 0.00334463 0.00231076
 3.97667 0.00174047 0.00427652 0.00198778
 3.98 0.0019576 0.00810177 0.00183652
 3.98333 0.00292212 0.032123 0.00188438
 3.98667 0.00382291 0.0130881 0.00243761
 3.99 0.00943879 0.0222188 0.00594296
 3.99333 0.0137645 0.025686 0.00785904
 3.99667 0.01113 0.0306946 0.00283385
 4 0.0042514 0.0117567 0.00254367
