 1 255.155 97.8453
 1.02 264.549 106.593
 1.04 274.921 115.921
 1.06 286.306 125.864
 1.08 298.747 136.46
 1.1 312.292 147.749
 1.12 326.993 159.776
 1.14 342.913 172.593
 1.16 360.121 186.254
 1.18 378.695 200.82
 1.2 398.721 216.359
 1.22 420.3 232.947
 1.24 443.539 250.667
 1.26 468.563 269.614
 1.28 495.509 289.891
 1.3 524.533 311.616
 1.32 555.809 334.921
 1.34 589.53 359.952
 1.36 625.917 386.875
 1.38 665.217 415.876
 1.4 707.706 447.165
 1.42 753.699 480.98
 1.44 803.55 517.588
 1.46 857.659 557.293
 1.48 916.482 600.441
 1.5 980.534 647.424
 1.52 1050.4 698.69
 1.54 1126.76 754.75
 1.56 1210.38 816.193
 1.58 1302.14 883.691
 1.6 1403.06 958.023
 1.62 1514.3 1040.09
 1.64 1637.24 1130.92
 1.66 1773.44 1231.74
 1.68 1924.76 1343.97
 1.7 2093.35 1469.27
 1.72 2281.78 1609.59
 1.74 2493.05 1767.27
 1.76 2730.75 1945.06
 1.78 2999.18 2146.29
 1.8 3303.49 2374.92
 1.82 3649.94 2635.79
 1.84 4046.14 2934.78
 1.86 4501.44 3279.12
 1.88 5027.42 3677.77
 1.9 5638.52 4141.89
 1.92 6352.91 4685.54
 1.94 7193.69 5326.61
 1.96 8190.52 6088.08
 1.98 9381.9 6999.76
 2 10818.4 8100.83
 2.02 12567.2 9443.37
 2.04 14718.8 11097.5
 2.06 17396.6 13158.7
 2.08 20770.4 15758.9
 2.1 25077.3 19081.4
 2.12 30648.9 23383.2
 2.14 37947.7 29022.3
 2.16 47603.1 36485.4
 2.18 60413 46388.8
 2.2 77205.4 59369.3
 2.22 98301.3 75666.4
 2.24 122200 94102
 2.26 143767 110677
 2.28 154727 118971
 2.3 149779 114893
 2.32 132238 101040
 2.34 110196 83696.1
 2.36 89643.6 67491.9
 2.38 72764.4 54100.1
 2.4 59455.1 43425.5
 2.42 48901.6 34830.7
 2.44 40527.4 27851.4
 2.46 34210.2 22334.7
 2.48 29989.1 18200.9
 2.5 27966.4 15355.3
 2.52 28572.5 13832
 2.54 33093.9 14048.9
 2.56 44776.1 17309.9
 2.58 71088.4 26846.9
 2.6 123878 47749.9
 2.62 184243 72216.4
 2.64 157903 65132.4
 2.66 97971.8 44185.1
 2.68 62553.3 30639.9
 2.7 43549.6 22746
 2.72 32530 17831.3
 2.74 25574.3 14536.6
 2.76 20866.8 12189.4
 2.78 17501 10435.4
 2.8 14988.2 9074.74
 2.82 13046.9 7987.71
 2.84 11505.2 7098.61
 2.86 10253.3 6357.56
 2.88 9218.33 5730.39
 2.9 8349.86 5193
 2.92 7612.34 4727.89
 2.94 6979.95 4322.14
 2.96 6433.57 3965.96
 2.98 5958.8 3651.87
 3 5544.66 3374.08
