 1 910.845 558.757
 1.02 964.425 614.607
 1.04 1023.07 674.641
 1.06 1087.04 739.103
 1.08 1156.57 808.252
 1.1 1231.96 882.362
 1.12 1313.52 961.727
 1.14 1401.57 1046.66
 1.16 1496.48 1137.49
 1.18 1598.64 1234.58
 1.2 1708.47 1338.32
 1.22 1826.43 1449.12
 1.24 1953.02 1567.42
 1.26 2088.78 1693.71
 1.28 2234.31 1828.51
 1.3 2390.25 1972.41
 1.32 2557.33 2126.01
 1.34 2736.31 2289.99
 1.36 2928.05 2465.12
 1.38 3133.51 2652.2
 1.4 3353.72 2852.14
 1.42 3589.86 3065.94
 1.44 3843.21 3294.7
 1.46 4115.2 3539.67
 1.48 4407.44 3802.22
 1.5 4721.74 4083.89
 1.52 5060.13 4386.4
 1.54 5424.88 4711.71
 1.56 5818.58 5062.01
 1.58 6244.17 5439.79
 1.6 6705 5847.9
 1.62 7204.89 6289.59
 1.64 7748.25 6768.56
 1.66 8340.14 7289.11
 1.68 8986.43 7856.18
 1.7 9693.95 8475.53
 1.72 10470.7 9153.88
 1.74 11325.9 9899.1
 1.76 12270.8 10720.5
 1.78 13318.4 11629
 1.8 14484.4 12637.8
 1.82 15787.5 13762.5
 1.84 17250.4 15022.3
 1.86 18900.9 16440.1
 1.88 20772.8 18044.2
 1.9 22907.9 19869.6
 1.92 25358.5 21959.5
 1.94 28190.1 24368.4
 1.96 31485.9 27165.3
 1.98 35352.4 30438.4
 2 39927.3 34301.5
 2.02 45390.8 38903.1
 2.04 51980.3 44438.7
 2.06 60012.1 51168.1
 2.08 69910.3 59438.8
 2.1 82245.9 69716.9
 2.12 97784 82625.2
 2.14 117531 98978.9
 2.16 142749 119791
 2.18 174832 146168
 2.2 214817 178893
 2.22 262088 217354
 2.24 311907 257538
 2.26 353003 290119
 2.28 370000 302591
 2.3 354166 288117
 2.32 312094 252449
 2.34 259439 208556
 2.36 208973 166830
 2.38 166449 131836
 2.4 132785 104192
 2.42 106939 82951.5
 2.44 87570.4 66960.4
 2.46 73730.5 55473.4
 2.48 64589.9 48066
 2.5 57921 43243.4
 2.52 51136.2 38593.6
 2.54 44346.2 33724.8
 2.56 38400.3 29284.3
 2.58 33487.4 25530.2
 2.6 29475.9 22429.3
 2.62 26187.7 19874.7
 2.64 23471.4 17761.5
 2.66 21209.5 16003.6
 2.68 19312.8 14533.3
 2.7 17713.2 13298
 2.72 16358.1 12256.5
 2.74 15206.5 11376.5
 2.76 14225.8 10632.3
 2.78 13390.5 10003.5
 2.8 12679.7 9473.54
 2.82 12076.7 9029.18
 2.84 11567.9 8659.56
 2.86 11142.2 8355.89
 2.88 10790.5 8110.97
 2.9 10505.5 7918.97
 2.92 10281.2 7775.2
 2.94 10112.9 7675.88
 2.96 9996.69 7618.09
 2.98 9929.79 7599.6
 3 9910.11 7618.85
