 1 2234.39 1272.87
 1.02 2391.97 1423.21
 1.04 2570.76 1591.48
 1.06 2773.29 1780.07
 1.08 3002.42 1991.73
 1.1 3261.42 2229.54
 1.12 3553.99 2497
 1.14 3884.34 2798.09
 1.16 4257.24 3137.3
 1.18 4678.1 3519.7
 1.2 5153.05 3951.06
 1.22 5689.03 4437.88
 1.24 6293.93 4987.54
 1.26 6976.67 5608.41
 1.28 7747.41 6309.98
 1.3 8617.66 7103.04
 1.32 9600.54 7999.83
 1.34 10711 9014.29
 1.36 11965.9 10162.3
 1.38 13384.7 11461.9
 1.4 14989.6 12933.8
 1.42 16805.6 14601.5
 1.44 18861.4 16491.7
 1.46 21189.9 18635.1
 1.48 23828.2 21066.2
 1.5 26818.4 23824.5
 1.52 30208.1 26954.3
 1.54 34050.5 30505.1
 1.56 38404.4 34532
 1.58 43334.3 39095
 1.6 48908.7 44257.9
 1.62 55198.3 50086.7
 1.64 62272.1 56645.7
 1.66 70191.5 63991.8
 1.68 79000.9 72166.3
 1.7 88715.1 81182.5
 1.72 99301.9 91009.7
 1.74 110662 101554
 1.76 122606 112638
 1.78 134837 123982
 1.8 146948 135203
 1.82 158433 145826
 1.84 168742 155332
 1.86 177365 163239
 1.88 183935 169197
 1.9 188337 173092
 1.92 190778 175103
 1.94 191798 175726
 1.96 192218 175712
 1.98 193022 175967
 2 195141 177352
 2.02 199112 180369
 2.04 204596 184729
 2.06 209984 188983
 2.08 212738 190824
 2.1 210831 188381
 2.12 204306 181637
 2.14 195329 172484
 2.16 186917 163580
 2.18 181886 157384
 2.2 182661 155980
 2.22 191559 161331
 2.24 210896 175422
 2.26 242120 199612
 2.28 282904 232301
 2.3 322800 265282
 2.32 344420 284378
 2.34 337016 280261
 2.36 306782 257231
 2.38 267833 226444
 2.4 230263 196190
 2.42 198064 169926
 2.44 171745 148241
 2.46 150539 130620
 2.48 133434 116300
 2.5 119524 104580
 2.52 108089 94889
 2.54 98581.6 86788.6
 2.56 90586.8 79944.5
 2.58 83793.6 74103.3
 2.6 77965.7 69071.6
 2.62 72922.4 64700.7
 2.64 68524 60874.7
 2.66 64660.8 57502.5
 2.68 61246.5 54511.9
 2.7 58212 51844.8
 2.72 55501.4 49454.3
 2.74 53069.7 47302.1
 2.76 50879.7 45356.6
 2.78 48901.1 43592.1
 2.8 47108.8 41986.8
 2.82 45482.2 40523.1
 2.84 44004 39186.2
 2.86 42660.5 37963.9
 2.88 41440.3 36846.3
 2.9 40334.6 35825.6
 2.92 39336.5 34895.6
 2.94 38441.2 34051.7
 2.96 37645.9 33291.2
 2.98 36949.4 32612.5
 3 36352.7 32015.8
