 1 591.875 332.371
 1.02 624.164 365.516
 1.04 659.599 401.167
 1.06 698.326 439.473
 1.08 740.507 480.591
 1.1 786.314 524.691
 1.12 835.935 571.95
 1.14 889.574 622.559
 1.16 947.452 676.72
 1.18 1009.81 734.652
 1.2 1076.9 796.587
 1.22 1149 862.773
 1.24 1226.42 933.481
 1.26 1309.49 1009
 1.28 1398.57 1089.64
 1.3 1494.04 1175.74
 1.32 1596.32 1267.66
 1.34 1705.89 1365.81
 1.36 1823.25 1470.62
 1.38 1948.95 1582.56
 1.4 2083.61 1702.15
 1.42 2227.89 1829.96
 1.44 2382.54 1966.61
 1.46 2548.38 2112.81
 1.48 2726.32 2269.3
 1.5 2917.36 2436.94
 1.52 3122.64 2616.67
 1.54 3343.41 2809.54
 1.56 3581.09 3016.74
 1.58 3837.26 3239.57
 1.6 4113.72 3479.52
 1.62 4412.49 3738.29
 1.64 4735.87 4017.76
 1.66 5086.48 4320.11
 1.68 5467.33 4647.81
 1.7 5881.84 5003.7
 1.72 6334 5391.04
 1.74 6828.4 5813.6
 1.76 7370.37 6275.78
 1.78 7966.17 6782.68
 1.8 8623.12 7340.31
 1.82 9349.88 7955.74
 1.84 10156.7 8637.34
 1.86 11055.9 9395.12
 1.88 12062.2 10241.1
 1.9 13193.5 11189.7
 1.92 14471.4 12258.6
 1.94 15922.8 13469.4
 1.96 17580.5 14848.8
 1.98 19485.9 16430.2
 2 21691 18255.4
 2.02 24261.9 20377.5
 2.04 27283.7 22864.8
 2.06 30866.6 25805.9
 2.08 35156 29316.6
 2.1 40344.6 33550.7
 2.12 46691.1 38714
 2.14 54546.6 45084.9
 2.16 64389.7 53041.6
 2.18 76873.8 63098.5
 2.2 92880.5 75945.8
 2.22 113555 92472.9
 2.24 140244 113712
 2.26 174126 140532
 2.28 215073 172724
 2.3 259243 207100
 2.32 296296 235363
 2.34 311266 245748
 2.36 295656 231883
 2.38 256589 199788
 2.4 209544 161845
 2.42 166054 127081
 2.44 130572 98851.8
 2.46 103306 77172.7
 2.48 83068 60976.9
 2.5 68747 49265
 2.52 59835.8 41592.9
 2.54 55075.9 37475.1
 2.56 49376 33864
 2.58 41243.9 28791
 2.6 33971.1 23934
 2.62 28405.8 20038.7
 2.64 24173.7 16997.6
 2.66 20879.4 14597.9
 2.68 18255.6 12674.5
 2.7 16127.6 11111.8
 2.72 14377.9 9828.33
 2.74 12924.2 8765.32
 2.76 11707 7879.46
 2.78 10682 7138.09
 2.8 9815.53 6516.12
 2.82 9081.41 5994.02
 2.84 8459.16 5556.39
 2.86 7932.51 5190.96
 2.88 7488.41 4887.93
 2.9 7116.36 4639.37
 2.92 6807.88 4438.89
 2.94 6556.08 4281.33
 2.96 6355.43 4162.56
 2.98 6201.47 4079.24
 3 6090.7 4028.8
