 3.1 5.12402e-07 5.04924e-07
 3.1005 5.13153e-07 5.05654e-07
 3.101 5.13905e-07 5.06385e-07
 3.1015 5.14659e-07 5.07118e-07
 3.102 5.15415e-07 5.07853e-07
 3.1025 5.16173e-07 5.0859e-07
 3.103 5.16932e-07 5.09328e-07
 3.1035 5.17693e-07 5.10067e-07
 3.104 5.18455e-07 5.10809e-07
 3.1045 5.1922e-07 5.11552e-07
 3.105 5.19986e-07 5.12296e-07
 3.1055 5.20754e-07 5.13043e-07
 3.106 5.21523e-07 5.13791e-07
 3.1065 5.22294e-07 5.1454e-07
 3.107 5.23067e-07 5.15291e-07
 3.1075 5.23842e-07 5.16044e-07
 3.108 5.24618e-07 5.16799e-07
 3.1085 5.25397e-07 5.17556e-07
 3.109 5.26177e-07 5.18314e-07
 3.1095 5.26958e-07 5.19073e-07
 3.11 5.27742e-07 5.19835e-07
 3.1105 5.28527e-07 5.20598e-07
 3.111 5.29314e-07 5.21363e-07
 3.1115 5.30103e-07 5.2213e-07
 3.112 5.30894e-07 5.22898e-07
 3.1125 5.31686e-07 5.23668e-07
 3.113 5.3248e-07 5.2444e-07
 3.1135 5.33276e-07 5.25214e-07
 3.114 5.34074e-07 5.25989e-07
 3.1145 5.34874e-07 5.26766e-07
 3.115 5.35675e-07 5.27545e-07
 3.1155 5.36479e-07 5.28326e-07
 3.116 5.37284e-07 5.29108e-07
 3.1165 5.38091e-07 5.29893e-07
 3.117 5.389e-07 5.30679e-07
 3.1175 5.3971e-07 5.31466e-07
 3.118 5.40523e-07 5.32256e-07
 3.1185 5.41337e-07 5.33047e-07
 3.119 5.42154e-07 5.33841e-07
 3.1195 5.42972e-07 5.34636e-07
 3.12 5.43792e-07 5.35432e-07
 3.1205 5.44614e-07 5.36231e-07
 3.121 5.45438e-07 5.37032e-07
 3.1215 5.46263e-07 5.37834e-07
 3.122 5.47091e-07 5.38638e-07
 3.1225 5.47921e-07 5.39444e-07
 3.123 5.48752e-07 5.40252e-07
 3.1235 5.49586e-07 5.41062e-07
 3.124 5.50421e-07 5.41874e-07
 3.1245 5.51258e-07 5.42687e-07
 3.125 5.52097e-07 5.43502e-07
 3.1255 5.52939e-07 5.4432e-07
 3.126 5.53782e-07 5.45139e-07
 3.1265 5.54627e-07 5.4596e-07
 3.127 5.55474e-07 5.46783e-07
 3.1275 5.56323e-07 5.47608e-07
 3.128 5.57174e-07 5.48434e-07
 3.1285 5.58027e-07 5.49263e-07
 3.129 5.58882e-07 5.50094e-07
 3.1295 5.59739e-07 5.50926e-07
 3.13 5.60598e-07 5.51761e-07
 3.1305 5.61459e-07 5.52597e-07
 3.131 5.62322e-07 5.53436e-07
 3.1315 5.63187e-07 5.54276e-07
 3.132 5.64054e-07 5.55118e-07
 3.1325 5.64923e-07 5.55963e-07
 3.133 5.65795e-07 5.56809e-07
 3.1335 5.66668e-07 5.57657e-07
 3.134 5.67543e-07 5.58507e-07
 3.1345 5.68421e-07 5.59359e-07
 3.135 5.693e-07 5.60214e-07
 3.1355 5.70182e-07 5.6107e-07
 3.136 5.71065e-07 5.61928e-07
 3.1365 5.71951e-07 5.62788e-07
 3.137 5.72839e-07 5.63651e-07
 3.1375 5.73729e-07 5.64515e-07
 3.138 5.74621e-07 5.65381e-07
 3.1385 5.75515e-07 5.6625e-07
 3.139 5.76411e-07 5.6712e-07
 3.1395 5.77309e-07 5.67993e-07
 3.14 5.7821e-07 5.68868e-07
 3.1405 5.79113e-07 5.69744e-07
 3.141 5.80018e-07 5.70623e-07
 3.1415 5.80925e-07 5.71504e-07
 3.142 5.81834e-07 5.72387e-07
 3.1425 5.82745e-07 5.73272e-07
 3.143 5.83659e-07 5.74159e-07
 3.1435 5.84574e-07 5.75048e-07
 3.144 5.85492e-07 5.7594e-07
 3.1445 5.86412e-07 5.76833e-07
 3.145 5.87335e-07 5.77729e-07
 3.1455 5.88259e-07 5.78627e-07
 3.146 5.89186e-07 5.79527e-07
 3.1465 5.90115e-07 5.80429e-07
 3.147 5.91047e-07 5.81333e-07
 3.1475 5.9198e-07 5.8224e-07
 3.148 5.92916e-07 5.83148e-07
 3.1485 5.93854e-07 5.84059e-07
 3.149 5.94794e-07 5.84972e-07
 3.1495 5.95737e-07 5.85887e-07
 3.15 5.96682e-07 5.86805e-07
 3.1505 5.97629e-07 5.87725e-07
 3.151 5.98578e-07 5.88646e-07
 3.1515 5.9953e-07 5.89571e-07
 3.152 6.00484e-07 5.90497e-07
 3.1525 6.01441e-07 5.91426e-07
 3.153 6.024e-07 5.92356e-07
 3.1535 6.03361e-07 5.9329e-07
 3.154 6.04324e-07 5.94225e-07
 3.1545 6.0529e-07 5.95163e-07
 3.155 6.06258e-07 5.96103e-07
 3.1555 6.07229e-07 5.97045e-07
 3.156 6.08202e-07 5.97989e-07
 3.1565 6.09177e-07 5.98936e-07
 3.157 6.10155e-07 5.99885e-07
 3.1575 6.11135e-07 6.00837e-07
 3.158 6.12118e-07 6.01791e-07
 3.1585 6.13103e-07 6.02747e-07
 3.159 6.1409e-07 6.03705e-07
 3.1595 6.1508e-07 6.04666e-07
 3.16 6.16072e-07 6.05629e-07
 3.1605 6.17067e-07 6.06595e-07
 3.161 6.18064e-07 6.07563e-07
 3.1615 6.19064e-07 6.08533e-07
 3.162 6.20066e-07 6.09506e-07
 3.1625 6.21071e-07 6.10481e-07
 3.163 6.22078e-07 6.11459e-07
 3.1635 6.23088e-07 6.12439e-07
 3.164 6.241e-07 6.13421e-07
 3.1645 6.25114e-07 6.14406e-07
 3.165 6.26132e-07 6.15394e-07
 3.1655 6.27152e-07 6.16383e-07
 3.166 6.28174e-07 6.17376e-07
 3.1665 6.29199e-07 6.1837e-07
 3.167 6.30226e-07 6.19368e-07
 3.1675 6.31256e-07 6.20367e-07
 3.168 6.32289e-07 6.21369e-07
 3.1685 6.33324e-07 6.22374e-07
 3.169 6.34362e-07 6.23381e-07
 3.1695 6.35402e-07 6.24391e-07
 3.17 6.36446e-07 6.25403e-07
 3.1705 6.37491e-07 6.26418e-07
 3.171 6.3854e-07 6.27435e-07
 3.1715 6.39591e-07 6.28455e-07
 3.172 6.40644e-07 6.29478e-07
 3.1725 6.41701e-07 6.30503e-07
 3.173 6.4276e-07 6.3153e-07
 3.1735 6.43821e-07 6.3256e-07
 3.174 6.44886e-07 6.33593e-07
 3.1745 6.45953e-07 6.34629e-07
 3.175 6.47023e-07 6.35667e-07
 3.1755 6.48095e-07 6.36707e-07
 3.176 6.4917e-07 6.37751e-07
 3.1765 6.50248e-07 6.38797e-07
 3.177 6.51329e-07 6.39845e-07
 3.1775 6.52413e-07 6.40896e-07
 3.178 6.53499e-07 6.4195e-07
 3.1785 6.54588e-07 6.43007e-07
 3.179 6.5568e-07 6.44066e-07
 3.1795 6.56774e-07 6.45128e-07
 3.18 6.57872e-07 6.46193e-07
 3.1805 6.58972e-07 6.47261e-07
 3.181 6.60075e-07 6.48331e-07
 3.1815 6.61181e-07 6.49404e-07
 3.182 6.6229e-07 6.50479e-07
 3.1825 6.63402e-07 6.51558e-07
 3.183 6.64516e-07 6.52639e-07
 3.1835 6.65634e-07 6.53723e-07
 3.184 6.66754e-07 6.5481e-07
 3.1845 6.67877e-07 6.559e-07
 3.185 6.69004e-07 6.56992e-07
 3.1855 6.70133e-07 6.58087e-07
 3.186 6.71265e-07 6.59185e-07
 3.1865 6.724e-07 6.60286e-07
 3.187 6.73538e-07 6.6139e-07
 3.1875 6.74679e-07 6.62497e-07
 3.188 6.75822e-07 6.63606e-07
 3.1885 6.76969e-07 6.64718e-07
 3.189 6.78119e-07 6.65834e-07
 3.1895 6.79272e-07 6.66952e-07
 3.19 6.80428e-07 6.68073e-07
 3.1905 6.81587e-07 6.69197e-07
 3.191 6.82749e-07 6.70324e-07
 3.1915 6.83914e-07 6.71454e-07
 3.192 6.85082e-07 6.72587e-07
 3.1925 6.86253e-07 6.73723e-07
 3.193 6.87427e-07 6.74861e-07
 3.1935 6.88605e-07 6.76003e-07
 3.194 6.89785e-07 6.77148e-07
 3.1945 6.90969e-07 6.78296e-07
 3.195 6.92155e-07 6.79447e-07
 3.1955 6.93345e-07 6.806e-07
 3.196 6.94538e-07 6.81757e-07
 3.1965 6.95734e-07 6.82917e-07
 3.197 6.96934e-07 6.8408e-07
 3.1975 6.98136e-07 6.85246e-07
 3.198 6.99342e-07 6.86416e-07
 3.1985 7.00551e-07 6.87588e-07
 3.199 7.01763e-07 6.88763e-07
 3.1995 7.02978e-07 6.89942e-07
 3.2 7.04197e-07 6.91124e-07
 3.2005 7.05419e-07 6.92308e-07
 3.201 7.06644e-07 6.93496e-07
 3.2015 7.07873e-07 6.94687e-07
 3.202 7.09105e-07 6.95882e-07
 3.2025 7.1034e-07 6.97079e-07
 3.203 7.11578e-07 6.9828e-07
 3.2035 7.1282e-07 6.99484e-07
 3.204 7.14065e-07 7.00691e-07
 3.2045 7.15314e-07 7.01901e-07
 3.205 7.16565e-07 7.03115e-07
 3.2055 7.17821e-07 7.04332e-07
 3.206 7.19079e-07 7.05552e-07
 3.2065 7.20341e-07 7.06776e-07
 3.207 7.21607e-07 7.08002e-07
 3.2075 7.22876e-07 7.09233e-07
 3.208 7.24148e-07 7.10466e-07
 3.2085 7.25424e-07 7.11703e-07
 3.209 7.26703e-07 7.12943e-07
 3.2095 7.27986e-07 7.14186e-07
 3.21 7.29272e-07 7.15433e-07
 3.2105 7.30562e-07 7.16684e-07
 3.211 7.31855e-07 7.17937e-07
 3.2115 7.33152e-07 7.19194e-07
 3.212 7.34453e-07 7.20455e-07
 3.2125 7.35757e-07 7.21719e-07
 3.213 7.37064e-07 7.22986e-07
 3.2135 7.38376e-07 7.24257e-07
 3.214 7.3969e-07 7.25531e-07
 3.2145 7.41009e-07 7.26809e-07
 3.215 7.42331e-07 7.2809e-07
 3.2155 7.43657e-07 7.29375e-07
 3.216 7.44986e-07 7.30664e-07
 3.2165 7.46319e-07 7.31956e-07
 3.217 7.47656e-07 7.33251e-07
 3.2175 7.48996e-07 7.3455e-07
 3.218 7.5034e-07 7.35853e-07
 3.2185 7.51688e-07 7.37159e-07
 3.219 7.5304e-07 7.38469e-07
 3.2195 7.54395e-07 7.39783e-07
 3.22 7.55755e-07 7.411e-07
 3.2205 7.57118e-07 7.42421e-07
 3.221 7.58485e-07 7.43745e-07
 3.2215 7.59855e-07 7.45073e-07
 3.222 7.6123e-07 7.46405e-07
 3.2225 7.62608e-07 7.47741e-07
 3.223 7.6399e-07 7.4908e-07
 3.2235 7.65376e-07 7.50423e-07
 3.224 7.66766e-07 7.5177e-07
 3.2245 7.6816e-07 7.53121e-07
 3.225 7.69558e-07 7.54475e-07
 3.2255 7.7096e-07 7.55833e-07
 3.226 7.72366e-07 7.57195e-07
 3.2265 7.73776e-07 7.58561e-07
 3.227 7.75189e-07 7.59931e-07
 3.2275 7.76607e-07 7.61304e-07
 3.228 7.78029e-07 7.62682e-07
 3.2285 7.79455e-07 7.64063e-07
 3.229 7.80884e-07 7.65448e-07
 3.2295 7.82318e-07 7.66837e-07
 3.23 7.83756e-07 7.68231e-07
 3.2305 7.85199e-07 7.69628e-07
 3.231 7.86645e-07 7.71029e-07
 3.2315 7.88095e-07 7.72434e-07
 3.232 7.8955e-07 7.73843e-07
 3.2325 7.91009e-07 7.75256e-07
 3.233 7.92471e-07 7.76673e-07
 3.2335 7.93939e-07 7.78094e-07
 3.234 7.9541e-07 7.79519e-07
 3.2345 7.96885e-07 7.80948e-07
 3.235 7.98365e-07 7.82382e-07
 3.2355 7.99849e-07 7.83819e-07
 3.236 8.01338e-07 7.85261e-07
 3.2365 8.0283e-07 7.86706e-07
 3.237 8.04327e-07 7.88156e-07
 3.2375 8.05829e-07 7.8961e-07
 3.238 8.07335e-07 7.91069e-07
 3.2385 8.08845e-07 7.92531e-07
 3.239 8.10359e-07 7.93998e-07
 3.2395 8.11878e-07 7.95469e-07
 3.24 8.13401e-07 7.96944e-07
 3.2405 8.14929e-07 7.98424e-07
 3.241 8.16461e-07 7.99908e-07
 3.2415 8.17998e-07 8.01396e-07
 3.242 8.19539e-07 8.02888e-07
 3.2425 8.21085e-07 8.04385e-07
 3.243 8.22635e-07 8.05886e-07
 3.2435 8.2419e-07 8.07392e-07
 3.244 8.2575e-07 8.08902e-07
 3.2445 8.27314e-07 8.10416e-07
 3.245 8.28882e-07 8.11935e-07
 3.2455 8.30455e-07 8.13458e-07
 3.246 8.32033e-07 8.14986e-07
 3.2465 8.33616e-07 8.16519e-07
 3.247 8.35203e-07 8.18055e-07
 3.2475 8.36795e-07 8.19597e-07
 3.248 8.38392e-07 8.21143e-07
 3.2485 8.39993e-07 8.22693e-07
 3.249 8.416e-07 8.24248e-07
 3.2495 8.43211e-07 8.25808e-07
 3.25 8.44826e-07 8.27372e-07
 3.2505 8.46447e-07 8.28941e-07
 3.251 8.48073e-07 8.30515e-07
 3.2515 8.49703e-07 8.32093e-07
 3.252 8.51338e-07 8.33676e-07
 3.2525 8.52978e-07 8.35264e-07
 3.253 8.54624e-07 8.36856e-07
 3.2535 8.56274e-07 8.38454e-07
 3.254 8.57929e-07 8.40056e-07
 3.2545 8.59589e-07 8.41663e-07
 3.255 8.61254e-07 8.43274e-07
 3.2555 8.62924e-07 8.44891e-07
 3.256 8.64599e-07 8.46512e-07
 3.2565 8.66279e-07 8.48138e-07
 3.257 8.67964e-07 8.4977e-07
 3.2575 8.69655e-07 8.51406e-07
 3.258 8.7135e-07 8.53047e-07
 3.2585 8.73051e-07 8.54693e-07
 3.259 8.74757e-07 8.56344e-07
 3.2595 8.76468e-07 8.58e-07
 3.26 8.78185e-07 8.59661e-07
 3.2605 8.79906e-07 8.61327e-07
 3.261 8.81633e-07 8.62998e-07
 3.2615 8.83365e-07 8.64675e-07
 3.262 8.85103e-07 8.66356e-07
 3.2625 8.86846e-07 8.68043e-07
 3.263 8.88594e-07 8.69734e-07
 3.2635 8.90347e-07 8.71431e-07
 3.264 8.92107e-07 8.73133e-07
 3.2645 8.93871e-07 8.74841e-07
 3.265 8.95641e-07 8.76553e-07
 3.2655 8.97416e-07 8.78271e-07
 3.266 8.99197e-07 8.79994e-07
 3.2665 9.00984e-07 8.81723e-07
 3.267 9.02776e-07 8.83457e-07
 3.2675 9.04573e-07 8.85196e-07
 3.268 9.06377e-07 8.8694e-07
 3.2685 9.08185e-07 8.8869e-07
 3.269 9.1e-07 8.90446e-07
 3.2695 9.1182e-07 8.92207e-07
 3.27 9.13646e-07 8.93973e-07
 3.2705 9.15477e-07 8.95745e-07
 3.271 9.17315e-07 8.97523e-07
 3.2715 9.19158e-07 8.99306e-07
 3.272 9.21007e-07 9.01094e-07
 3.2725 9.22862e-07 9.02888e-07
 3.273 9.24722e-07 9.04688e-07
 3.2735 9.26589e-07 9.06494e-07
 3.274 9.28461e-07 9.08305e-07
 3.2745 9.30339e-07 9.10122e-07
 3.275 9.32224e-07 9.11944e-07
 3.2755 9.34114e-07 9.13772e-07
 3.276 9.3601e-07 9.15607e-07
 3.2765 9.37913e-07 9.17447e-07
 3.277 9.39821e-07 9.19292e-07
 3.2775 9.41736e-07 9.21144e-07
 3.278 9.43656e-07 9.23001e-07
 3.2785 9.45583e-07 9.24865e-07
 3.279 9.47516e-07 9.26734e-07
 3.2795 9.49455e-07 9.28609e-07
 3.28 9.514e-07 9.30491e-07
 3.2805 9.53352e-07 9.32378e-07
 3.281 9.5531e-07 9.34271e-07
 3.2815 9.57274e-07 9.36171e-07
 3.282 9.59245e-07 9.38076e-07
 3.2825 9.61222e-07 9.39988e-07
 3.283 9.63205e-07 9.41906e-07
 3.2835 9.65195e-07 9.4383e-07
 3.284 9.67191e-07 9.4576e-07
 3.2845 9.69194e-07 9.47696e-07
 3.285 9.71203e-07 9.49639e-07
 3.2855 9.73219e-07 9.51588e-07
 3.286 9.75242e-07 9.53543e-07
 3.2865 9.77271e-07 9.55505e-07
 3.287 9.79306e-07 9.57473e-07
 3.2875 9.81349e-07 9.59447e-07
 3.288 9.83398e-07 9.61428e-07
 3.2885 9.85453e-07 9.63416e-07
 3.289 9.87516e-07 9.65409e-07
 3.2895 9.89585e-07 9.6741e-07
 3.29 9.91662e-07 9.69417e-07
 3.2905 9.93745e-07 9.7143e-07
 3.291 9.95834e-07 9.7345e-07
 3.2915 9.97931e-07 9.75477e-07
 3.292 1.00004e-06 9.77511e-07
 3.2925 1.00215e-06 9.79551e-07
 3.293 1.00426e-06 9.81598e-07
 3.2935 1.00639e-06 9.83652e-07
 3.294 1.00852e-06 9.85712e-07
 3.2945 1.01066e-06 9.87779e-07
 3.295 1.01281e-06 9.89854e-07
 3.2955 1.01496e-06 9.91935e-07
 3.296 1.01712e-06 9.94023e-07
 3.2965 1.01929e-06 9.96118e-07
 3.297 1.02146e-06 9.9822e-07
 3.2975 1.02365e-06 1.00033e-06
 3.298 1.02584e-06 1.00244e-06
 3.2985 1.02803e-06 1.00457e-06
 3.299 1.03024e-06 1.0067e-06
 3.2995 1.03245e-06 1.00884e-06
 3.3 1.03467e-06 1.01098e-06
 3.3005 1.0369e-06 1.01313e-06
 3.301 1.03913e-06 1.01529e-06
 3.3015 1.04137e-06 1.01746e-06
 3.302 1.04362e-06 1.01963e-06
 3.3025 1.04588e-06 1.02181e-06
 3.303 1.04815e-06 1.024e-06
 3.3035 1.05042e-06 1.0262e-06
 3.304 1.0527e-06 1.0284e-06
 3.3045 1.05499e-06 1.03061e-06
 3.305 1.05729e-06 1.03283e-06
 3.3055 1.05959e-06 1.03506e-06
 3.306 1.0619e-06 1.03729e-06
 3.3065 1.06422e-06 1.03953e-06
 3.307 1.06655e-06 1.04178e-06
 3.3075 1.06889e-06 1.04404e-06
 3.308 1.07123e-06 1.0463e-06
 3.3085 1.07359e-06 1.04858e-06
 3.309 1.07595e-06 1.05086e-06
 3.3095 1.07832e-06 1.05314e-06
 3.31 1.08069e-06 1.05544e-06
 3.3105 1.08308e-06 1.05774e-06
 3.311 1.08547e-06 1.06006e-06
 3.3115 1.08788e-06 1.06238e-06
 3.312 1.09029e-06 1.0647e-06
 3.3125 1.09271e-06 1.06704e-06
 3.313 1.09514e-06 1.06939e-06
 3.3135 1.09757e-06 1.07174e-06
 3.314 1.10002e-06 1.0741e-06
 3.3145 1.10247e-06 1.07647e-06
 3.315 1.10493e-06 1.07885e-06
 3.3155 1.10741e-06 1.08123e-06
 3.316 1.10989e-06 1.08363e-06
 3.3165 1.11237e-06 1.08603e-06
 3.317 1.11487e-06 1.08844e-06
 3.3175 1.11738e-06 1.09086e-06
 3.318 1.11989e-06 1.09329e-06
 3.3185 1.12242e-06 1.09573e-06
 3.319 1.12495e-06 1.09817e-06
 3.3195 1.12749e-06 1.10063e-06
 3.32 1.13005e-06 1.10309e-06
 3.3205 1.13261e-06 1.10556e-06
 3.321 1.13518e-06 1.10804e-06
 3.3215 1.13776e-06 1.11053e-06
 3.322 1.14035e-06 1.11303e-06
 3.3225 1.14294e-06 1.11554e-06
 3.323 1.14555e-06 1.11805e-06
 3.3235 1.14817e-06 1.12058e-06
 3.324 1.15079e-06 1.12311e-06
 3.3245 1.15343e-06 1.12566e-06
 3.325 1.15608e-06 1.12821e-06
 3.3255 1.15873e-06 1.13077e-06
 3.326 1.1614e-06 1.13334e-06
 3.3265 1.16407e-06 1.13592e-06
 3.327 1.16676e-06 1.13851e-06
 3.3275 1.16945e-06 1.14111e-06
 3.328 1.17216e-06 1.14372e-06
 3.3285 1.17487e-06 1.14634e-06
 3.329 1.17759e-06 1.14897e-06
 3.3295 1.18033e-06 1.15161e-06
 3.33 1.18307e-06 1.15426e-06
 3.3305 1.18583e-06 1.15691e-06
 3.331 1.18859e-06 1.15958e-06
 3.3315 1.19137e-06 1.16226e-06
 3.332 1.19415e-06 1.16495e-06
 3.3325 1.19695e-06 1.16764e-06
 3.333 1.19976e-06 1.17035e-06
 3.3335 1.20257e-06 1.17307e-06
 3.334 1.2054e-06 1.17579e-06
 3.3345 1.20824e-06 1.17853e-06
 3.335 1.21109e-06 1.18128e-06
 3.3355 1.21395e-06 1.18403e-06
 3.336 1.21682e-06 1.1868e-06
 3.3365 1.2197e-06 1.18958e-06
 3.337 1.22259e-06 1.19237e-06
 3.3375 1.22549e-06 1.19517e-06
 3.338 1.22841e-06 1.19798e-06
 3.3385 1.23133e-06 1.2008e-06
 3.339 1.23427e-06 1.20363e-06
 3.3395 1.23722e-06 1.20647e-06
 3.34 1.24018e-06 1.20932e-06
 3.3405 1.24315e-06 1.21219e-06
 3.341 1.24613e-06 1.21506e-06
 3.3415 1.24912e-06 1.21795e-06
 3.342 1.25213e-06 1.22084e-06
 3.3425 1.25514e-06 1.22375e-06
 3.343 1.25817e-06 1.22667e-06
 3.3435 1.26121e-06 1.2296e-06
 3.344 1.26426e-06 1.23254e-06
 3.3445 1.26732e-06 1.23549e-06
 3.345 1.2704e-06 1.23845e-06
 3.3455 1.27349e-06 1.24143e-06
 3.346 1.27658e-06 1.24441e-06
 3.3465 1.2797e-06 1.24741e-06
 3.347 1.28282e-06 1.25042e-06
 3.3475 1.28595e-06 1.25344e-06
 3.348 1.2891e-06 1.25648e-06
 3.3485 1.29226e-06 1.25952e-06
 3.349 1.29543e-06 1.26258e-06
 3.3495 1.29862e-06 1.26565e-06
 3.35 1.30182e-06 1.26873e-06
 3.3505 1.30503e-06 1.27182e-06
 3.351 1.30825e-06 1.27492e-06
 3.3515 1.31149e-06 1.27804e-06
 3.352 1.31474e-06 1.28117e-06
 3.3525 1.318e-06 1.28431e-06
 3.353 1.32127e-06 1.28746e-06
 3.3535 1.32456e-06 1.29063e-06
 3.354 1.32786e-06 1.29381e-06
 3.3545 1.33118e-06 1.297e-06
 3.355 1.3345e-06 1.30021e-06
 3.3555 1.33784e-06 1.30342e-06
 3.356 1.3412e-06 1.30665e-06
 3.3565 1.34457e-06 1.30989e-06
 3.357 1.34795e-06 1.31315e-06
 3.3575 1.35134e-06 1.31642e-06
 3.358 1.35475e-06 1.3197e-06
 3.3585 1.35818e-06 1.323e-06
 3.359 1.36161e-06 1.3263e-06
 3.3595 1.36506e-06 1.32963e-06
 3.36 1.36853e-06 1.33296e-06
 3.3605 1.37201e-06 1.33631e-06
 3.361 1.3755e-06 1.33967e-06
 3.3615 1.37901e-06 1.34305e-06
 3.362 1.38253e-06 1.34644e-06
 3.3625 1.38607e-06 1.34984e-06
 3.363 1.38962e-06 1.35326e-06
 3.3635 1.39319e-06 1.35669e-06
 3.364 1.39677e-06 1.36014e-06
 3.3645 1.40036e-06 1.3636e-06
 3.365 1.40398e-06 1.36707e-06
 3.3655 1.4076e-06 1.37056e-06
 3.366 1.41124e-06 1.37406e-06
 3.3665 1.4149e-06 1.37758e-06
 3.367 1.41857e-06 1.38111e-06
 3.3675 1.42226e-06 1.38466e-06
 3.368 1.42596e-06 1.38822e-06
 3.3685 1.42968e-06 1.39179e-06
 3.369 1.43341e-06 1.39538e-06
 3.3695 1.43716e-06 1.39899e-06
 3.37 1.44093e-06 1.40261e-06
 3.3705 1.44471e-06 1.40625e-06
 3.371 1.44851e-06 1.4099e-06
 3.3715 1.45232e-06 1.41357e-06
 3.372 1.45615e-06 1.41725e-06
 3.3725 1.46e-06 1.42095e-06
 3.373 1.46386e-06 1.42466e-06
 3.3735 1.46774e-06 1.42839e-06
 3.374 1.47164e-06 1.43213e-06
 3.3745 1.47555e-06 1.4359e-06
 3.375 1.47949e-06 1.43967e-06
 3.3755 1.48343e-06 1.44347e-06
 3.376 1.4874e-06 1.44728e-06
 3.3765 1.49138e-06 1.4511e-06
 3.377 1.49538e-06 1.45494e-06
 3.3775 1.4994e-06 1.4588e-06
 3.378 1.50343e-06 1.46268e-06
 3.3785 1.50748e-06 1.46657e-06
 3.379 1.51155e-06 1.47048e-06
 3.3795 1.51564e-06 1.47441e-06
 3.38 1.51974e-06 1.47835e-06
 3.3805 1.52387e-06 1.48231e-06
 3.381 1.52801e-06 1.48629e-06
 3.3815 1.53217e-06 1.49028e-06
 3.382 1.53635e-06 1.4943e-06
 3.3825 1.54055e-06 1.49833e-06
 3.383 1.54476e-06 1.50237e-06
 3.3835 1.549e-06 1.50644e-06
 3.384 1.55325e-06 1.51052e-06
 3.3845 1.55753e-06 1.51462e-06
 3.385 1.56182e-06 1.51874e-06
 3.3855 1.56613e-06 1.52288e-06
 3.386 1.57046e-06 1.52704e-06
 3.3865 1.57481e-06 1.53121e-06
 3.387 1.57918e-06 1.53541e-06
 3.3875 1.58357e-06 1.53962e-06
 3.388 1.58798e-06 1.54385e-06
 3.3885 1.59241e-06 1.5481e-06
 3.389 1.59687e-06 1.55237e-06
 3.3895 1.60134e-06 1.55666e-06
 3.39 1.60583e-06 1.56097e-06
 3.3905 1.61034e-06 1.5653e-06
 3.391 1.61487e-06 1.56964e-06
 3.3915 1.61943e-06 1.57401e-06
 3.392 1.624e-06 1.5784e-06
 3.3925 1.6286e-06 1.5828e-06
 3.393 1.63322e-06 1.58723e-06
 3.3935 1.63786e-06 1.59168e-06
 3.394 1.64252e-06 1.59615e-06
 3.3945 1.6472e-06 1.60063e-06
 3.395 1.65191e-06 1.60514e-06
 3.3955 1.65663e-06 1.60967e-06
 3.396 1.66138e-06 1.61422e-06
 3.3965 1.66615e-06 1.6188e-06
 3.397 1.67095e-06 1.62339e-06
 3.3975 1.67576e-06 1.628e-06
 3.398 1.6806e-06 1.63264e-06
 3.3985 1.68547e-06 1.6373e-06
 3.399 1.69035e-06 1.64198e-06
 3.3995 1.69526e-06 1.64668e-06
 3.4 1.7002e-06 1.6514e-06
 3.4005 1.70515e-06 1.65615e-06
 3.401 1.71013e-06 1.66092e-06
 3.4015 1.71514e-06 1.66571e-06
 3.402 1.72017e-06 1.67052e-06
 3.4025 1.72522e-06 1.67536e-06
 3.403 1.7303e-06 1.68021e-06
 3.4035 1.7354e-06 1.6851e-06
 3.404 1.74053e-06 1.69e-06
 3.4045 1.74568e-06 1.69493e-06
 3.405 1.75086e-06 1.69989e-06
 3.4055 1.75606e-06 1.70486e-06
 3.406 1.76129e-06 1.70986e-06
 3.4065 1.76654e-06 1.71489e-06
 3.407 1.77182e-06 1.71994e-06
 3.4075 1.77713e-06 1.72501e-06
 3.408 1.78246e-06 1.73011e-06
 3.4085 1.78782e-06 1.73523e-06
 3.409 1.79321e-06 1.74038e-06
 3.4095 1.79862e-06 1.74556e-06
 3.41 1.80406e-06 1.75076e-06
 3.4105 1.80953e-06 1.75598e-06
 3.411 1.81502e-06 1.76123e-06
 3.4115 1.82055e-06 1.76651e-06
 3.412 1.8261e-06 1.77181e-06
 3.4125 1.83168e-06 1.77714e-06
 3.413 1.83728e-06 1.78249e-06
 3.4135 1.84292e-06 1.78788e-06
 3.414 1.84858e-06 1.79329e-06
 3.4145 1.85428e-06 1.79872e-06
 3.415 1.86e-06 1.80419e-06
 3.4155 1.86575e-06 1.80968e-06
 3.416 1.87154e-06 1.81519e-06
 3.4165 1.87735e-06 1.82074e-06
 3.417 1.88319e-06 1.82632e-06
 3.4175 1.88906e-06 1.83192e-06
 3.418 1.89497e-06 1.83755e-06
 3.4185 1.9009e-06 1.84321e-06
 3.419 1.90687e-06 1.8489e-06
 3.4195 1.91286e-06 1.85462e-06
 3.42 1.91889e-06 1.86036e-06
 3.4205 1.92495e-06 1.86614e-06
 3.421 1.93105e-06 1.87195e-06
 3.4215 1.93717e-06 1.87778e-06
 3.422 1.94333e-06 1.88365e-06
 3.4225 1.94952e-06 1.88955e-06
 3.423 1.95574e-06 1.89548e-06
 3.4235 1.962e-06 1.90144e-06
 3.424 1.96829e-06 1.90743e-06
 3.4245 1.97461e-06 1.91345e-06
 3.425 1.98097e-06 1.9195e-06
 3.4255 1.98736e-06 1.92559e-06
 3.426 1.99379e-06 1.9317e-06
 3.4265 2.00025e-06 1.93785e-06
 3.427 2.00675e-06 1.94404e-06
 3.4275 2.01328e-06 1.95025e-06
 3.428 2.01985e-06 1.9565e-06
 3.4285 2.02646e-06 1.96278e-06
 3.429 2.0331e-06 1.9691e-06
 3.4295 2.03978e-06 1.97545e-06
 3.43 2.04649e-06 1.98183e-06
 3.4305 2.05324e-06 1.98825e-06
 3.431 2.06003e-06 1.9947e-06
 3.4315 2.06686e-06 2.00119e-06
 3.432 2.07373e-06 2.00771e-06
 3.4325 2.08063e-06 2.01427e-06
 3.433 2.08758e-06 2.02087e-06
 3.4335 2.09456e-06 2.0275e-06
 3.434 2.10159e-06 2.03416e-06
 3.4345 2.10865e-06 2.04087e-06
 3.435 2.11575e-06 2.04761e-06
 3.4355 2.1229e-06 2.05439e-06
 3.436 2.13008e-06 2.0612e-06
 3.4365 2.13731e-06 2.06806e-06
 3.437 2.14458e-06 2.07495e-06
 3.4375 2.15189e-06 2.08188e-06
 3.438 2.15924e-06 2.08885e-06
 3.4385 2.16663e-06 2.09586e-06
 3.439 2.17407e-06 2.10291e-06
 3.4395 2.18155e-06 2.10999e-06
 3.44 2.18908e-06 2.11712e-06
 3.4405 2.19665e-06 2.12429e-06
 3.441 2.20426e-06 2.1315e-06
 3.4415 2.21192e-06 2.13875e-06
 3.442 2.21963e-06 2.14604e-06
 3.4425 2.22738e-06 2.15338e-06
 3.443 2.23518e-06 2.16075e-06
 3.4435 2.24302e-06 2.16817e-06
 3.444 2.25091e-06 2.17563e-06
 3.4445 2.25885e-06 2.18314e-06
 3.445 2.26684e-06 2.19069e-06
 3.4455 2.27487e-06 2.19828e-06
 3.446 2.28296e-06 2.20592e-06
 3.4465 2.29109e-06 2.2136e-06
 3.447 2.29928e-06 2.22133e-06
 3.4475 2.30751e-06 2.2291e-06
 3.448 2.31579e-06 2.23692e-06
 3.4485 2.32413e-06 2.24478e-06
 3.449 2.33252e-06 2.2527e-06
 3.4495 2.34095e-06 2.26066e-06
 3.45 2.34945e-06 2.26866e-06
 3.4505 2.35799e-06 2.27672e-06
 3.451 2.36659e-06 2.28482e-06
 3.4515 2.37524e-06 2.29297e-06
 3.452 2.38395e-06 2.30118e-06
 3.4525 2.39271e-06 2.30943e-06
 3.453 2.40153e-06 2.31773e-06
 3.4535 2.41041e-06 2.32608e-06
 3.454 2.41934e-06 2.33449e-06
 3.4545 2.42833e-06 2.34294e-06
 3.455 2.43737e-06 2.35145e-06
 3.4555 2.44648e-06 2.36001e-06
 3.456 2.45564e-06 2.36862e-06
 3.4565 2.46487e-06 2.37729e-06
 3.457 2.47415e-06 2.38601e-06
 3.4575 2.48349e-06 2.39478e-06
 3.458 2.4929e-06 2.40361e-06
 3.4585 2.50237e-06 2.4125e-06
 3.459 2.5119e-06 2.42144e-06
 3.4595 2.52149e-06 2.43044e-06
 3.46 2.53115e-06 2.43949e-06
 3.4605 2.54087e-06 2.44861e-06
 3.461 2.55066e-06 2.45778e-06
 3.4615 2.56052e-06 2.46701e-06
 3.462 2.57044e-06 2.4763e-06
 3.4625 2.58042e-06 2.48564e-06
 3.463 2.59048e-06 2.49505e-06
 3.4635 2.6006e-06 2.50452e-06
 3.464 2.6108e-06 2.51406e-06
 3.4645 2.62106e-06 2.52365e-06
 3.465 2.6314e-06 2.53331e-06
 3.4655 2.6418e-06 2.54303e-06
 3.466 2.65228e-06 2.55281e-06
 3.4665 2.66283e-06 2.56266e-06
 3.467 2.67346e-06 2.57258e-06
 3.4675 2.68416e-06 2.58256e-06
 3.468 2.69494e-06 2.5926e-06
 3.4685 2.70579e-06 2.60272e-06
 3.469 2.71672e-06 2.6129e-06
 3.4695 2.72773e-06 2.62315e-06
 3.47 2.73881e-06 2.63347e-06
 3.4705 2.74998e-06 2.64386e-06
 3.471 2.76122e-06 2.65432e-06
 3.4715 2.77255e-06 2.66485e-06
 3.472 2.78396e-06 2.67546e-06
 3.4725 2.79546e-06 2.68613e-06
 3.473 2.80704e-06 2.69689e-06
 3.4735 2.8187e-06 2.70771e-06
 3.474 2.83045e-06 2.71861e-06
 3.4745 2.84229e-06 2.72959e-06
 3.475 2.85421e-06 2.74064e-06
 3.4755 2.86623e-06 2.75177e-06
 3.476 2.87833e-06 2.76298e-06
 3.4765 2.89053e-06 2.77427e-06
 3.477 2.90282e-06 2.78564e-06
 3.4775 2.9152e-06 2.79709e-06
 3.478 2.92768e-06 2.80862e-06
 3.4785 2.94025e-06 2.82023e-06
 3.479 2.95292e-06 2.83193e-06
 3.4795 2.96568e-06 2.84371e-06
 3.48 2.97855e-06 2.85558e-06
 3.4805 2.99152e-06 2.86753e-06
 3.481 3.00458e-06 2.87957e-06
 3.4815 3.01776e-06 2.8917e-06
 3.482 3.03103e-06 2.90392e-06
 3.4825 3.04441e-06 2.91623e-06
 3.483 3.0579e-06 2.92863e-06
 3.4835 3.07149e-06 2.94112e-06
 3.484 3.0852e-06 2.95371e-06
 3.4845 3.09901e-06 2.96639e-06
 3.485 3.11294e-06 2.97916e-06
 3.4855 3.12698e-06 2.99203e-06
 3.486 3.14113e-06 3.005e-06
 3.4865 3.1554e-06 3.01807e-06
 3.487 3.16979e-06 3.03123e-06
 3.4875 3.1843e-06 3.0445e-06
 3.488 3.19893e-06 3.05787e-06
 3.4885 3.21368e-06 3.07135e-06
 3.489 3.22856e-06 3.08492e-06
 3.4895 3.24356e-06 3.09861e-06
 3.49 3.25869e-06 3.1124e-06
 3.4905 3.27395e-06 3.1263e-06
 3.491 3.28933e-06 3.1403e-06
 3.4915 3.30486e-06 3.15442e-06
 3.492 3.32051e-06 3.16865e-06
 3.4925 3.3363e-06 3.183e-06
 3.493 3.35223e-06 3.19746e-06
 3.4935 3.3683e-06 3.21204e-06
 3.494 3.38451e-06 3.22673e-06
 3.4945 3.40087e-06 3.24154e-06
 3.495 3.41737e-06 3.25648e-06
 3.4955 3.43402e-06 3.27153e-06
 3.496 3.45082e-06 3.28671e-06
 3.4965 3.46777e-06 3.30202e-06
 3.497 3.48487e-06 3.31745e-06
 3.4975 3.50213e-06 3.33301e-06
 3.498 3.51955e-06 3.3487e-06
 3.4985 3.53713e-06 3.36452e-06
 3.499 3.55488e-06 3.38047e-06
 3.4995 3.57278e-06 3.39656e-06
 3.5 3.59086e-06 3.41279e-06
 3.5005 3.60911e-06 3.42916e-06
 3.501 3.62753e-06 3.44566e-06
 3.5015 3.64613e-06 3.46231e-06
 3.502 3.6649e-06 3.47911e-06
 3.5025 3.68386e-06 3.49604e-06
 3.503 3.703e-06 3.51313e-06
 3.5035 3.72232e-06 3.53037e-06
 3.504 3.74184e-06 3.54776e-06
 3.5045 3.76155e-06 3.5653e-06
 3.505 3.78145e-06 3.583e-06
 3.5055 3.80155e-06 3.60086e-06
 3.506 3.82186e-06 3.61888e-06
 3.5065 3.84236e-06 3.63706e-06
 3.507 3.86308e-06 3.6554e-06
 3.5075 3.88401e-06 3.67392e-06
 3.508 3.90515e-06 3.6926e-06
 3.5085 3.92651e-06 3.71145e-06
 3.509 3.94809e-06 3.73048e-06
 3.5095 3.9699e-06 3.74969e-06
 3.51 3.99193e-06 3.76908e-06
 3.5105 4.0142e-06 3.78865e-06
 3.511 4.03671e-06 3.8084e-06
 3.5115 4.05945e-06 3.82834e-06
 3.512 4.08244e-06 3.84847e-06
 3.5125 4.10568e-06 3.8688e-06
 3.513 4.12918e-06 3.88932e-06
 3.5135 4.15293e-06 3.91004e-06
 3.514 4.17694e-06 3.93096e-06
 3.5145 4.20122e-06 3.95208e-06
 3.515 4.22578e-06 3.97342e-06
 3.5155 4.2506e-06 3.99496e-06
 3.516 4.27571e-06 4.01672e-06
 3.5165 4.30111e-06 4.0387e-06
 3.517 4.3268e-06 4.0609e-06
 3.5175 4.35278e-06 4.08333e-06
 3.518 4.37907e-06 4.10598e-06
 3.5185 4.40566e-06 4.12886e-06
 3.519 4.43257e-06 4.15198e-06
 3.5195 4.45979e-06 4.17534e-06
 3.52 4.48734e-06 4.19894e-06
 3.5205 4.51523e-06 4.22279e-06
 3.521 4.54345e-06 4.24689e-06
 3.5215 4.57201e-06 4.27125e-06
 3.522 4.60093e-06 4.29587e-06
 3.5225 4.6302e-06 4.32075e-06
 3.523 4.65984e-06 4.34589e-06
 3.5235 4.68985e-06 4.37131e-06
 3.524 4.72024e-06 4.39701e-06
 3.5245 4.75102e-06 4.42299e-06
 3.525 4.78219e-06 4.44926e-06
 3.5255 4.81377e-06 4.47582e-06
 3.526 4.84576e-06 4.50268e-06
 3.5265 4.87816e-06 4.52984e-06
 3.527 4.911e-06 4.55731e-06
 3.5275 4.94427e-06 4.58509e-06
 3.528 4.97799e-06 4.61319e-06
 3.5285 5.01216e-06 4.64162e-06
 3.529 5.0468e-06 4.67037e-06
 3.5295 5.08192e-06 4.69947e-06
 3.53 5.11752e-06 4.7289e-06
 3.5305 5.15362e-06 4.75869e-06
 3.531 5.19023e-06 4.78883e-06
 3.5315 5.22736e-06 4.81933e-06
 3.532 5.26502e-06 4.85021e-06
 3.5325 5.30322e-06 4.88146e-06
 3.533 5.34198e-06 4.91309e-06
 3.5335 5.3813e-06 4.94512e-06
 3.534 5.42121e-06 4.97754e-06
 3.5345 5.46171e-06 5.01038e-06
 3.535 5.50282e-06 5.04363e-06
 3.5355 5.54456e-06 5.0773e-06
 3.536 5.58693e-06 5.1114e-06
 3.5365 5.62996e-06 5.14594e-06
 3.537 5.67366e-06 5.18094e-06
 3.5375 5.71804e-06 5.21639e-06
 3.538 5.76312e-06 5.25231e-06
 3.5385 5.80893e-06 5.28872e-06
 3.539 5.85548e-06 5.32561e-06
 3.5395 5.90278e-06 5.363e-06
 3.54 5.95086e-06 5.4009e-06
 3.5405 5.99974e-06 5.43932e-06
 3.541 6.04943e-06 5.47827e-06
 3.5415 6.09997e-06 5.51777e-06
 3.542 6.15137e-06 5.55782e-06
 3.5425 6.20365e-06 5.59845e-06
 3.543 6.25684e-06 5.63966e-06
 3.5435 6.31096e-06 5.68146e-06
 3.544 6.36604e-06 5.72387e-06
 3.5445 6.42211e-06 5.76691e-06
 3.545 6.47919e-06 5.81058e-06
 3.5455 6.53732e-06 5.85491e-06
 3.546 6.59651e-06 5.8999e-06
 3.5465 6.65681e-06 5.94558e-06
 3.547 6.71824e-06 5.99197e-06
 3.5475 6.78085e-06 6.03907e-06
 3.548 6.84465e-06 6.08691e-06
 3.5485 6.90969e-06 6.13551e-06
 3.549 6.97601e-06 6.18488e-06
 3.5495 7.04364e-06 6.23505e-06
 3.55 7.11263e-06 6.28603e-06
 3.5505 7.18301e-06 6.33785e-06
 3.551 7.25483e-06 6.39052e-06
 3.5515 7.32815e-06 6.44408e-06
 3.552 7.40299e-06 6.49855e-06
 3.5525 7.47942e-06 6.55394e-06
 3.553 7.55749e-06 6.61029e-06
 3.5535 7.63725e-06 6.66762e-06
 3.554 7.71875e-06 6.72596e-06
 3.5545 7.80206e-06 6.78534e-06
 3.555 7.88723e-06 6.84579e-06
 3.5555 7.97433e-06 6.90734e-06
 3.556 8.06344e-06 6.97002e-06
 3.5565 8.15461e-06 7.03386e-06
 3.557 8.24792e-06 7.0989e-06
 3.5575 8.34345e-06 7.16518e-06
 3.558 8.44128e-06 7.23273e-06
 3.5585 8.54149e-06 7.3016e-06
 3.559 8.64417e-06 7.37181e-06
 3.5595 8.74942e-06 7.44343e-06
 3.56 8.85733e-06 7.51648e-06
 3.5605 8.96801e-06 7.59103e-06
 3.561 9.08156e-06 7.66711e-06
 3.5615 9.19809e-06 7.74478e-06
 3.562 9.31772e-06 7.82409e-06
 3.5625 9.44058e-06 7.90509e-06
 3.563 9.56681e-06 7.98785e-06
 3.5635 9.69653e-06 8.07243e-06
 3.564 9.82989e-06 8.15889e-06
 3.5645 9.96705e-06 8.24729e-06
 3.565 1.01082e-05 8.33771e-06
 3.5655 1.02534e-05 8.43022e-06
 3.566 1.0403e-05 8.5249e-06
 3.5665 1.0557e-05 8.62183e-06
 3.567 1.07158e-05 8.72109e-06
 3.5675 1.08795e-05 8.82278e-06
 3.568 1.10483e-05 8.92699e-06
 3.5685 1.12226e-05 9.03382e-06
 3.569 1.14024e-05 9.14337e-06
 3.5695 1.15882e-05 9.25576e-06
 3.57 1.17802e-05 9.3711e-06
 3.5705 1.19786e-05 9.48951e-06
 3.571 1.21839e-05 9.61113e-06
 3.5715 1.23964e-05 9.73609e-06
 3.572 1.26165e-05 9.86454e-06
 3.5725 1.28444e-05 9.99663e-06
 3.573 1.30807e-05 1.01325e-05
 3.5735 1.33258e-05 1.02724e-05
 3.574 1.35802e-05 1.04164e-05
 3.5745 1.38444e-05 1.05648e-05
 3.575 1.4119e-05 1.07178e-05
 3.5755 1.44045e-05 1.08756e-05
 3.576 1.47015e-05 1.10383e-05
 3.5765 1.50108e-05 1.12064e-05
 3.577 1.53331e-05 1.138e-05
 3.5775 1.56691e-05 1.15594e-05
 3.578 1.60198e-05 1.17449e-05
 3.5785 1.6386e-05 1.19369e-05
 3.579 1.67687e-05 1.21357e-05
 3.5795 1.7169e-05 1.23417e-05
 3.58 1.75881e-05 1.25553e-05
 3.5805 1.80271e-05 1.27769e-05
 3.581 1.84876e-05 1.30069e-05
 3.5815 1.89709e-05 1.3246e-05
 3.582 1.94787e-05 1.34945e-05
 3.5825 2.00127e-05 1.37532e-05
 3.583 2.0575e-05 1.40226e-05
 3.5835 2.11676e-05 1.43034e-05
 3.584 2.17927e-05 1.45963e-05
 3.5845 2.24531e-05 1.49022e-05
 3.585 2.31514e-05 1.52219e-05
 3.5855 2.38908e-05 1.55564e-05
 3.586 2.46746e-05 1.59066e-05
 3.5865 2.55067e-05 1.62738e-05
 3.587 2.63912e-05 1.66591e-05
 3.5875 2.73328e-05 1.70639e-05
 3.588 2.83366e-05 1.74897e-05
 3.5885 2.94085e-05 1.79381e-05
 3.589 3.05549e-05 1.84108e-05
 3.5895 3.1783e-05 1.891e-05
 3.59 3.31011e-05 1.94377e-05
 3.5905 3.45183e-05 1.99963e-05
 3.591 3.60452e-05 2.05886e-05
 3.5915 3.76934e-05 2.12175e-05
 3.592 3.94766e-05 2.18864e-05
 3.5925 4.14101e-05 2.2599e-05
 3.593 4.35116e-05 2.33595e-05
 3.5935 4.58016e-05 2.41726e-05
 3.594 4.83034e-05 2.50436e-05
 3.5945 5.10444e-05 2.59784e-05
 3.595 5.40566e-05 2.69839e-05
 3.5955 5.73771e-05 2.80679e-05
 3.596 6.10501e-05 2.92391e-05
 3.5965 6.51276e-05 3.05077e-05
 3.597 6.96715e-05 3.18854e-05
 3.5975 7.47563e-05 3.33855e-05
 3.598 8.04715e-05 3.50239e-05
 3.5985 8.69262e-05 3.68185e-05
 3.599 9.42536e-05 3.87909e-05
 3.5995 0.000102618 4.0966e-05
 3.6 0.000112226 4.33736e-05
 3.6005 0.000123333 4.60489e-05
 3.601 0.000136267 4.90344e-05
 3.6015 0.00015145 5.23811e-05
 3.602 0.000169429 5.61508e-05
 3.6025 0.000190925 6.04194e-05
 3.603 0.000216905 6.52803e-05
 3.6035 0.000248682 7.08497e-05
 3.604 0.000288076 7.72736e-05
 3.6045 0.000337657 8.47375e-05
 3.605 0.000401125 9.34794e-05
 3.6055 0.00048394 0.000103809
 3.606 0.000594332 0.000116133
 3.6065 0.00074498 0.000130996
 3.607 0.000955719 0.00014914
 3.6075 0.00125751 0.000171589
 3.608 0.0016963 0.000199786
 3.6085 0.00232733 0.000235802
 3.609 0.00316405 0.000282668
 3.6095 0.00401771 0.000344881
 3.61 0.00437883 0.000429301
 3.6105 0.00392906 0.00054677
 3.611 0.00305573 0.000714484
 3.6115 0.00224013 0.000958187
 3.612 0.00163493 0.00131001
 3.6125 0.00121573 0.00178368
 3.613 0.000927175 0.00228925
 3.6135 0.000725194 0.00254647
 3.614 0.000580412 0.00233353
 3.6145 0.000474044 0.00183801
 3.615 0.000394066 0.00135416
 3.6155 0.000332655 0.000989756
 3.616 0.000284609 0.000736518
 3.6165 0.000246389 0.000562406
 3.617 0.000215534 0.000440873
 3.6175 0.000190296 0.000354046
 3.618 0.00016941 0.000290473
 3.6185 0.000151944 0.000242835
 3.619 0.000137201 0.000206381
 3.6195 0.00012465 0.000177959
 3.62 0.000113883 0.000155429
 3.6205 0.000104583 0.000137308
 3.621 9.64996e-05 0.000122545
 3.6215 8.94323e-05 0.000110381
 3.622 8.32212e-05 0.000100257
 3.6225 7.77363e-05 9.17569e-05
 3.623 7.28711e-05 8.45636e-05
 3.6235 6.85382e-05 7.84345e-05
 3.624 6.46648e-05 7.31804e-05
 3.6245 6.11903e-05 6.86525e-05
 3.625 5.80637e-05 6.47326e-05
 3.6255 5.52419e-05 6.13259e-05
 3.626 5.26885e-05 5.83554e-05
 3.6265 5.03721e-05 5.57587e-05
 3.627 4.82659e-05 5.3484e-05
 3.6275 4.6347e-05 5.1489e-05
 3.628 4.45953e-05 4.9738e-05
 3.6285 4.29935e-05 4.82015e-05
 3.629 4.15265e-05 4.68545e-05
 3.6295 4.01811e-05 4.56758e-05
 3.63 3.89457e-05 4.46476e-05
 3.6305 3.78099e-05 4.37546e-05
 3.631 3.67649e-05 4.29838e-05
 3.6315 3.58026e-05 4.23241e-05
 3.632 3.4916e-05 4.17659e-05
 3.6325 3.40987e-05 4.1301e-05
 3.633 3.3345e-05 4.09224e-05
 3.6335 3.26499e-05 4.06241e-05
 3.634 3.2009e-05 4.04009e-05
 3.6345 3.14181e-05 4.02484e-05
 3.635 3.08736e-05 4.01629e-05
 3.6355 3.03723e-05 4.01412e-05
 3.636 2.9911e-05 4.01808e-05
 3.6365 2.94872e-05 4.02795e-05
 3.637 2.90984e-05 4.04357e-05
 3.6375 2.87425e-05 4.06481e-05
 3.638 2.84173e-05 4.09157e-05
 3.6385 2.81211e-05 4.12381e-05
 3.639 2.78523e-05 4.1615e-05
 3.6395 2.76093e-05 4.20466e-05
 3.64 2.73907e-05 4.25332e-05
 3.6405 2.71954e-05 4.30757e-05
 3.641 2.70221e-05 4.36751e-05
 3.6415 2.68699e-05 4.43328e-05
 3.642 2.67378e-05 4.50505e-05
 3.6425 2.66249e-05 4.58303e-05
 3.643 2.65304e-05 4.66746e-05
 3.6435 2.64537e-05 4.75863e-05
 3.644 2.63941e-05 4.85685e-05
 3.6445 2.6351e-05 4.9625e-05
 3.645 2.63239e-05 5.07599e-05
 3.6455 2.63123e-05 5.19778e-05
 3.646 2.63157e-05 5.32841e-05
 3.6465 2.63339e-05 5.46847e-05
 3.647 2.63664e-05 5.61862e-05
 3.6475 2.6413e-05 5.77961e-05
 3.648 2.64733e-05 5.95227e-05
 3.6485 2.65472e-05 6.13753e-05
 3.649 2.66345e-05 6.33646e-05
 3.6495 2.6735e-05 6.55024e-05
 3.65 2.68486e-05 6.7802e-05
