 3.1 0.000374092 0.000291055
 3.1005 0.000374768 0.000291601
 3.101 0.000375446 0.000292148
 3.1015 0.000376126 0.000292698
 3.102 0.000376808 0.000293248
 3.1025 0.000377493 0.000293801
 3.103 0.000378179 0.000294355
 3.1035 0.000378868 0.000294911
 3.104 0.000379559 0.000295468
 3.1045 0.000380251 0.000296028
 3.105 0.000380946 0.000296589
 3.1055 0.000381643 0.000297151
 3.106 0.000382343 0.000297716
 3.1065 0.000383044 0.000298282
 3.107 0.000383747 0.00029885
 3.1075 0.000384453 0.00029942
 3.108 0.000385161 0.000299992
 3.1085 0.000385871 0.000300565
 3.109 0.000386583 0.00030114
 3.1095 0.000387298 0.000301717
 3.11 0.000388015 0.000302296
 3.1105 0.000388734 0.000302876
 3.111 0.000389455 0.000303459
 3.1115 0.000390178 0.000304043
 3.112 0.000390904 0.000304629
 3.1125 0.000391632 0.000305217
 3.113 0.000392362 0.000305807
 3.1135 0.000393095 0.000306399
 3.114 0.00039383 0.000306992
 3.1145 0.000394567 0.000307588
 3.115 0.000395306 0.000308185
 3.1155 0.000396048 0.000308784
 3.116 0.000396793 0.000309386
 3.1165 0.000397539 0.000309989
 3.117 0.000398288 0.000310594
 3.1175 0.000399039 0.000311201
 3.118 0.000399793 0.00031181
 3.1185 0.000400549 0.00031242
 3.119 0.000401308 0.000313033
 3.1195 0.000402069 0.000313648
 3.12 0.000402832 0.000314265
 3.1205 0.000403598 0.000314884
 3.121 0.000404366 0.000315504
 3.1215 0.000405137 0.000316127
 3.122 0.000405911 0.000316752
 3.1225 0.000406686 0.000317379
 3.123 0.000407465 0.000318008
 3.1235 0.000408245 0.000318639
 3.124 0.000409029 0.000319272
 3.1245 0.000409815 0.000319907
 3.125 0.000410603 0.000320544
 3.1255 0.000411394 0.000321183
 3.126 0.000412188 0.000321825
 3.1265 0.000412984 0.000322468
 3.127 0.000413783 0.000323114
 3.1275 0.000414584 0.000323762
 3.128 0.000415388 0.000324411
 3.1285 0.000416195 0.000325063
 3.129 0.000417005 0.000325718
 3.1295 0.000417817 0.000326374
 3.13 0.000418631 0.000327033
 3.1305 0.000419449 0.000327693
 3.131 0.000420269 0.000328356
 3.1315 0.000421092 0.000329021
 3.132 0.000421917 0.000329689
 3.1325 0.000422746 0.000330358
 3.133 0.000423577 0.00033103
 3.1335 0.000424411 0.000331704
 3.134 0.000425247 0.000332381
 3.1345 0.000426087 0.000333059
 3.135 0.000426929 0.00033374
 3.1355 0.000427774 0.000334424
 3.136 0.000428622 0.000335109
 3.1365 0.000429473 0.000335797
 3.137 0.000430327 0.000336487
 3.1375 0.000431184 0.00033718
 3.138 0.000432043 0.000337875
 3.1385 0.000432906 0.000338572
 3.139 0.000433771 0.000339272
 3.1395 0.000434639 0.000339974
 3.14 0.000435511 0.000340678
 3.1405 0.000436385 0.000341385
 3.141 0.000437262 0.000342095
 3.1415 0.000438142 0.000342806
 3.142 0.000439026 0.000343521
 3.1425 0.000439912 0.000344237
 3.143 0.000440801 0.000344956
 3.1435 0.000441694 0.000345678
 3.144 0.000442589 0.000346402
 3.1445 0.000443488 0.000347129
 3.145 0.00044439 0.000347858
 3.1455 0.000445295 0.00034859
 3.146 0.000446203 0.000349324
 3.1465 0.000447114 0.000350061
 3.147 0.000448029 0.000350801
 3.1475 0.000448946 0.000351543
 3.148 0.000449867 0.000352287
 3.1485 0.000450791 0.000353035
 3.149 0.000451718 0.000353785
 3.1495 0.000452649 0.000354537
 3.15 0.000453583 0.000355293
 3.1505 0.00045452 0.000356051
 3.151 0.000455461 0.000356811
 3.1515 0.000456404 0.000357575
 3.152 0.000457352 0.000358341
 3.1525 0.000458302 0.000359109
 3.153 0.000459256 0.000359881
 3.1535 0.000460213 0.000360655
 3.154 0.000461174 0.000361432
 3.1545 0.000462139 0.000362212
 3.155 0.000463106 0.000362995
 3.1555 0.000464077 0.00036378
 3.156 0.000465052 0.000364569
 3.1565 0.00046603 0.00036536
 3.157 0.000467012 0.000366154
 3.1575 0.000467997 0.000366951
 3.158 0.000468986 0.000367751
 3.1585 0.000469979 0.000368553
 3.159 0.000470975 0.000369359
 3.1595 0.000471975 0.000370168
 3.16 0.000472978 0.000370979
 3.1605 0.000473985 0.000371794
 3.161 0.000474996 0.000372611
 3.1615 0.00047601 0.000373432
 3.162 0.000477029 0.000374255
 3.1625 0.000478051 0.000375082
 3.163 0.000479076 0.000375912
 3.1635 0.000480106 0.000376744
 3.164 0.000481139 0.00037758
 3.1645 0.000482177 0.000378419
 3.165 0.000483218 0.000379261
 3.1655 0.000484263 0.000380107
 3.166 0.000485312 0.000380955
 3.1665 0.000486364 0.000381806
 3.167 0.000487421 0.000382661
 3.1675 0.000488482 0.000383519
 3.168 0.000489547 0.00038438
 3.1685 0.000490616 0.000385245
 3.169 0.000491688 0.000386112
 3.1695 0.000492765 0.000386983
 3.17 0.000493846 0.000387858
 3.1705 0.000494931 0.000388735
 3.171 0.00049602 0.000389616
 3.1715 0.000497114 0.0003905
 3.172 0.000498211 0.000391388
 3.1725 0.000499313 0.000392279
 3.173 0.000500419 0.000393174
 3.1735 0.000501529 0.000394071
 3.174 0.000502644 0.000394973
 3.1745 0.000503763 0.000395878
 3.175 0.000504886 0.000396786
 3.1755 0.000506013 0.000397698
 3.176 0.000507145 0.000398613
 3.1765 0.000508282 0.000399532
 3.177 0.000509422 0.000400455
 3.1775 0.000510568 0.000401381
 3.178 0.000511717 0.00040231
 3.1785 0.000512872 0.000403244
 3.179 0.00051403 0.000404181
 3.1795 0.000515194 0.000405121
 3.18 0.000516362 0.000406066
 3.1805 0.000517534 0.000407014
 3.181 0.000518711 0.000407966
 3.1815 0.000519893 0.000408921
 3.182 0.00052108 0.000409881
 3.1825 0.000522271 0.000410844
 3.183 0.000523467 0.000411811
 3.1835 0.000524668 0.000412782
 3.184 0.000525873 0.000413756
 3.1845 0.000527084 0.000414735
 3.185 0.000528299 0.000415718
 3.1855 0.00052952 0.000416704
 3.186 0.000530745 0.000417695
 3.1865 0.000531975 0.000418689
 3.187 0.00053321 0.000419688
 3.1875 0.000534451 0.00042069
 3.188 0.000535696 0.000421697
 3.1885 0.000536946 0.000422707
 3.189 0.000538202 0.000423722
 3.1895 0.000539462 0.000424741
 3.19 0.000540728 0.000425764
 3.1905 0.000541999 0.000426791
 3.191 0.000543276 0.000427823
 3.1915 0.000544557 0.000428859
 3.192 0.000545844 0.000429899
 3.1925 0.000547137 0.000430943
 3.193 0.000548434 0.000431991
 3.1935 0.000549737 0.000433044
 3.194 0.000551046 0.000434102
 3.1945 0.00055236 0.000435163
 3.195 0.000553679 0.000436229
 3.1955 0.000555005 0.0004373
 3.196 0.000556335 0.000438375
 3.1965 0.000557672 0.000439455
 3.197 0.000559014 0.000440539
 3.1975 0.000560362 0.000441627
 3.198 0.000561715 0.000442721
 3.1985 0.000563074 0.000443819
 3.199 0.000564439 0.000444921
 3.1995 0.00056581 0.000446028
 3.2 0.000567187 0.00044714
 3.2005 0.00056857 0.000448257
 3.201 0.000569959 0.000449378
 3.2015 0.000571354 0.000450504
 3.202 0.000572754 0.000451635
 3.2025 0.000574161 0.000452771
 3.203 0.000575574 0.000453912
 3.2035 0.000576994 0.000455058
 3.204 0.000578419 0.000456208
 3.2045 0.000579851 0.000457364
 3.205 0.000581289 0.000458525
 3.2055 0.000582733 0.00045969
 3.206 0.000584184 0.000460861
 3.2065 0.000585641 0.000462037
 3.207 0.000587105 0.000463218
 3.2075 0.000588575 0.000464404
 3.208 0.000590052 0.000465596
 3.2085 0.000591535 0.000466792
 3.209 0.000593025 0.000467994
 3.2095 0.000594522 0.000469202
 3.21 0.000596025 0.000470414
 3.2105 0.000597536 0.000471632
 3.211 0.000599053 0.000472856
 3.2115 0.000600577 0.000474085
 3.212 0.000602107 0.000475319
 3.2125 0.000603645 0.000476559
 3.213 0.00060519 0.000477804
 3.2135 0.000606742 0.000479055
 3.214 0.000608301 0.000480312
 3.2145 0.000609868 0.000481575
 3.215 0.000611441 0.000482843
 3.2155 0.000613022 0.000484117
 3.216 0.00061461 0.000485396
 3.2165 0.000616206 0.000486682
 3.217 0.000617809 0.000487973
 3.2175 0.000619419 0.00048927
 3.218 0.000621038 0.000490574
 3.2185 0.000622663 0.000491883
 3.219 0.000624297 0.000493198
 3.2195 0.000625938 0.000494519
 3.22 0.000627586 0.000495847
 3.2205 0.000629243 0.00049718
 3.221 0.000630908 0.00049852
 3.2215 0.00063258 0.000499866
 3.222 0.000634261 0.000501218
 3.2225 0.000635949 0.000502577
 3.223 0.000637646 0.000503942
 3.2235 0.000639351 0.000505313
 3.224 0.000641064 0.000506691
 3.2245 0.000642785 0.000508076
 3.225 0.000644515 0.000509466
 3.2255 0.000646254 0.000510864
 3.226 0.000648 0.000512268
 3.2265 0.000649756 0.000513679
 3.227 0.00065152 0.000515096
 3.2275 0.000653292 0.000516521
 3.228 0.000655074 0.000517952
 3.2285 0.000656864 0.00051939
 3.229 0.000658663 0.000520835
 3.2295 0.000660471 0.000522287
 3.23 0.000662288 0.000523746
 3.2305 0.000664114 0.000525212
 3.231 0.00066595 0.000526685
 3.2315 0.000667795 0.000528165
 3.232 0.000669648 0.000529653
 3.2325 0.000671512 0.000531147
 3.233 0.000673385 0.000532649
 3.2335 0.000675267 0.000534159
 3.234 0.000677159 0.000535676
 3.2345 0.000679061 0.0005372
 3.235 0.000680972 0.000538732
 3.2355 0.000682894 0.000540272
 3.236 0.000684825 0.000541819
 3.2365 0.000686766 0.000543374
 3.237 0.000688718 0.000544936
 3.2375 0.000690679 0.000546507
 3.238 0.000692651 0.000548085
 3.2385 0.000694633 0.000549671
 3.239 0.000696626 0.000551266
 3.2395 0.000698629 0.000552868
 3.24 0.000700642 0.000554478
 3.2405 0.000702667 0.000556097
 3.241 0.000704702 0.000557724
 3.2415 0.000706748 0.000559359
 3.242 0.000708805 0.000561002
 3.2425 0.000710873 0.000562654
 3.243 0.000712952 0.000564314
 3.2435 0.000715042 0.000565983
 3.244 0.000717144 0.00056766
 3.2445 0.000719257 0.000569346
 3.245 0.000721382 0.000571041
 3.2455 0.000723518 0.000572745
 3.246 0.000725666 0.000574457
 3.2465 0.000727826 0.000576178
 3.247 0.000729998 0.000577909
 3.2475 0.000732181 0.000579648
 3.248 0.000734377 0.000581397
 3.2485 0.000736585 0.000583154
 3.249 0.000738806 0.000584921
 3.2495 0.000741039 0.000586697
 3.25 0.000743284 0.000588483
 3.2505 0.000745542 0.000590278
 3.251 0.000747813 0.000592083
 3.2515 0.000750097 0.000593897
 3.252 0.000752394 0.000595721
 3.2525 0.000754704 0.000597555
 3.253 0.000757027 0.000599398
 3.2535 0.000759364 0.000601252
 3.254 0.000761714 0.000603115
 3.2545 0.000764078 0.000604989
 3.255 0.000766455 0.000606872
 3.2555 0.000768847 0.000608766
 3.256 0.000771252 0.00061067
 3.2565 0.000773671 0.000612585
 3.257 0.000776105 0.00061451
 3.2575 0.000778553 0.000616445
 3.258 0.000781016 0.000618391
 3.2585 0.000783493 0.000620348
 3.259 0.000785985 0.000622316
 3.2595 0.000788492 0.000624294
 3.26 0.000791014 0.000626283
 3.2605 0.000793551 0.000628284
 3.261 0.000796104 0.000630295
 3.2615 0.000798672 0.000632318
 3.262 0.000801256 0.000634352
 3.2625 0.000803855 0.000636397
 3.263 0.000806471 0.000638454
 3.2635 0.000809103 0.000640523
 3.264 0.00081175 0.000642603
 3.2645 0.000814415 0.000644694
 3.265 0.000817096 0.000646798
 3.2655 0.000819793 0.000648913
 3.266 0.000822508 0.000651041
 3.2665 0.00082524 0.00065318
 3.267 0.000827989 0.000655332
 3.2675 0.000830755 0.000657496
 3.268 0.000833539 0.000659673
 3.2685 0.000836341 0.000661862
 3.269 0.00083916 0.000664063
 3.2695 0.000841998 0.000666278
 3.27 0.000844854 0.000668505
 3.2705 0.000847729 0.000670744
 3.271 0.000850622 0.000672997
 3.2715 0.000853535 0.000675263
 3.272 0.000856466 0.000677542
 3.2725 0.000859417 0.000679835
 3.273 0.000862387 0.000682141
 3.2735 0.000865377 0.00068446
 3.274 0.000868386 0.000686793
 3.2745 0.000871416 0.000689139
 3.275 0.000874466 0.0006915
 3.2755 0.000877537 0.000693874
 3.276 0.000880628 0.000696263
 3.2765 0.000883741 0.000698665
 3.277 0.000886874 0.000701082
 3.2775 0.000890029 0.000703513
 3.278 0.000893206 0.000705959
 3.2785 0.000896405 0.000708419
 3.279 0.000899625 0.000710894
 3.2795 0.000902869 0.000713384
 3.28 0.000906134 0.000715888
 3.2805 0.000909423 0.000718408
 3.281 0.000912735 0.000720943
 3.2815 0.00091607 0.000723493
 3.282 0.000919429 0.000726059
 3.2825 0.000922811 0.00072864
 3.283 0.000926218 0.000731237
 3.2835 0.00092965 0.00073385
 3.284 0.000933106 0.000736478
 3.2845 0.000936587 0.000739123
 3.285 0.000940093 0.000741784
 3.2855 0.000943625 0.000744461
 3.286 0.000947183 0.000747154
 3.2865 0.000950767 0.000749864
 3.287 0.000954378 0.00075259
 3.2875 0.000958015 0.000755334
 3.288 0.000961679 0.000758094
 3.2885 0.000965371 0.000760871
 3.289 0.000969091 0.000763666
 3.2895 0.000972839 0.000766478
 3.29 0.000976615 0.000769307
 3.2905 0.00098042 0.000772154
 3.291 0.000984254 0.000775018
 3.2915 0.000988118 0.000777901
 3.292 0.000992012 0.000780801
 3.2925 0.000995935 0.000783719
 3.293 0.000999889 0.000786656
 3.2935 0.00100387 0.000789611
 3.294 0.00100789 0.000792585
 3.2945 0.00101194 0.000795577
 3.295 0.00101602 0.000798588
 3.2955 0.00102013 0.000801618
 3.296 0.00102428 0.000804668
 3.2965 0.00102846 0.000807736
 3.297 0.00103267 0.000810824
 3.2975 0.00103692 0.000813931
 3.298 0.0010412 0.000817058
 3.2985 0.00104552 0.000820205
 3.299 0.00104987 0.000823372
 3.2995 0.00105426 0.000826558
 3.3 0.00105868 0.000829766
 3.3005 0.00106314 0.000832993
 3.301 0.00106764 0.000836241
 3.3015 0.00107218 0.00083951
 3.302 0.00107676 0.000842799
 3.3025 0.00108137 0.00084611
 3.303 0.00108602 0.000849442
 3.3035 0.00109072 0.000852795
 3.304 0.00109545 0.000856169
 3.3045 0.00110023 0.000859565
 3.305 0.00110505 0.000862983
 3.3055 0.00110991 0.000866423
 3.306 0.00111481 0.000869884
 3.3065 0.00111975 0.000873368
 3.307 0.00112474 0.000876874
 3.3075 0.00112978 0.000880403
 3.308 0.00113486 0.000883954
 3.3085 0.00113998 0.000887529
 3.309 0.00114516 0.000891126
 3.3095 0.00115038 0.000894746
 3.31 0.00115564 0.000898389
 3.3105 0.00116096 0.000902056
 3.311 0.00116632 0.000905747
 3.3115 0.00117174 0.000909461
 3.312 0.0011772 0.000913199
 3.3125 0.00118272 0.000916961
 3.313 0.00118829 0.000920747
 3.3135 0.00119391 0.000924557
 3.314 0.00119959 0.000928392
 3.3145 0.00120532 0.000932252
 3.315 0.00121111 0.000936136
 3.3155 0.00121695 0.000940045
 3.316 0.00122285 0.000943979
 3.3165 0.00122881 0.000947939
 3.317 0.00123482 0.000951924
 3.3175 0.0012409 0.000955934
 3.318 0.00124704 0.00095997
 3.3185 0.00125323 0.000964031
 3.319 0.00125949 0.000968119
 3.3195 0.00126582 0.000972233
 3.32 0.00127221 0.000976372
 3.3205 0.00127866 0.000980538
 3.321 0.00128518 0.000984731
 3.3215 0.00129177 0.00098895
 3.322 0.00129843 0.000993196
 3.3225 0.00130516 0.000997469
 3.323 0.00131196 0.00100177
 3.3235 0.00131883 0.0010061
 3.324 0.00132577 0.00101045
 3.3245 0.00133279 0.00101483
 3.325 0.00133989 0.00101924
 3.3255 0.00134706 0.00102368
 3.326 0.00135431 0.00102814
 3.3265 0.00136164 0.00103264
 3.327 0.00136905 0.00103716
 3.3275 0.00137655 0.0010417
 3.328 0.00138412 0.00104628
 3.3285 0.00139179 0.00105089
 3.329 0.00139954 0.00105552
 3.3295 0.00140737 0.00106018
 3.33 0.0014153 0.00106487
 3.3305 0.00142332 0.00106959
 3.331 0.00143143 0.00107434
 3.3315 0.00143964 0.00107912
 3.332 0.00144794 0.00108392
 3.3325 0.00145634 0.00108876
 3.333 0.00146484 0.00109362
 3.3335 0.00147345 0.00109852
 3.334 0.00148215 0.00110344
 3.3345 0.00149096 0.00110839
 3.335 0.00149988 0.00111337
 3.3355 0.00150891 0.00111839
 3.336 0.00151805 0.00112343
 3.3365 0.0015273 0.0011285
 3.337 0.00153667 0.0011336
 3.3375 0.00154616 0.00113873
 3.338 0.00155576 0.00114389
 3.3385 0.00156549 0.00114908
 3.339 0.00157534 0.0011543
 3.3395 0.00158532 0.00115955
 3.34 0.00159543 0.00116483
 3.3405 0.00160567 0.00117014
 3.341 0.00161605 0.00117548
 3.3415 0.00162656 0.00118084
 3.342 0.00163721 0.00118624
 3.3425 0.00164801 0.00119167
 3.343 0.00165895 0.00119713
 3.3435 0.00167003 0.00120262
 3.344 0.00168127 0.00120814
 3.3445 0.00169267 0.00121369
 3.345 0.00170422 0.00121927
 3.3455 0.00171593 0.00122487
 3.346 0.00172781 0.00123051
 3.3465 0.00173985 0.00123618
 3.347 0.00175207 0.00124188
 3.3475 0.00176446 0.0012476
 3.348 0.00177703 0.00125336
 3.3485 0.00178978 0.00125915
 3.349 0.00180271 0.00126496
 3.3495 0.00181584 0.00127081
 3.35 0.00182915 0.00127668
 3.3505 0.00184267 0.00128258
 3.351 0.00185639 0.00128851
 3.3515 0.00187031 0.00129447
 3.352 0.00188445 0.00130046
 3.3525 0.0018988 0.00130648
 3.353 0.00191337 0.00131252
 3.3535 0.00192817 0.0013186
 3.354 0.0019432 0.0013247
 3.3545 0.00195846 0.00133083
 3.355 0.00197397 0.00133699
 3.3555 0.00198972 0.00134317
 3.356 0.00200572 0.00134938
 3.3565 0.00202198 0.00135562
 3.357 0.0020385 0.00136189
 3.3575 0.00205529 0.00136818
 3.358 0.00207236 0.0013745
 3.3585 0.00208971 0.00138085
 3.359 0.00210734 0.00138722
 3.3595 0.00212528 0.00139362
 3.36 0.00214351 0.00140004
 3.3605 0.00216205 0.00140649
 3.361 0.00218091 0.00141296
 3.3615 0.00220009 0.00141946
 3.362 0.00221961 0.00142598
 3.3625 0.00223946 0.00143253
 3.363 0.00225966 0.0014391
 3.3635 0.00228021 0.00144569
 3.364 0.00230113 0.00145231
 3.3645 0.00232242 0.00145895
 3.365 0.00234409 0.00146561
 3.3655 0.00236616 0.0014723
 3.366 0.00238862 0.001479
 3.3665 0.00241149 0.00148573
 3.367 0.00243479 0.00149248
 3.3675 0.00245851 0.00149925
 3.368 0.00248267 0.00150604
 3.3685 0.00250729 0.00151285
 3.369 0.00253236 0.00151968
 3.3695 0.00255791 0.00152653
 3.37 0.00258395 0.0015334
 3.3705 0.00261048 0.00154028
 3.371 0.00263751 0.00154719
 3.3715 0.00266507 0.00155411
 3.372 0.00269316 0.00156105
 3.3725 0.0027218 0.001568
 3.373 0.002751 0.00157497
 3.3735 0.00278077 0.00158196
 3.374 0.00281112 0.00158896
 3.3745 0.00284208 0.00159598
 3.375 0.00287365 0.00160302
 3.3755 0.00290585 0.00161006
 3.376 0.00293869 0.00161712
 3.3765 0.00297219 0.0016242
 3.377 0.00300636 0.00163128
 3.3775 0.00304122 0.00163838
 3.378 0.00307678 0.00164549
 3.3785 0.00311307 0.00165261
 3.379 0.00315008 0.00165974
 3.3795 0.00318785 0.00166688
 3.38 0.00322638 0.00167403
 3.3805 0.0032657 0.0016812
 3.381 0.00330581 0.00168837
 3.3815 0.00334674 0.00169554
 3.382 0.00338849 0.00170273
 3.3825 0.00343109 0.00170992
 3.383 0.00347455 0.00171712
 3.3835 0.00351888 0.00172433
 3.384 0.00356409 0.00173154
 3.3845 0.00361021 0.00173876
 3.385 0.00365724 0.00174598
 3.3855 0.0037052 0.00175321
 3.386 0.00375409 0.00176044
 3.3865 0.00380393 0.00176768
 3.387 0.00385473 0.00177491
 3.3875 0.00390648 0.00178216
 3.388 0.00395921 0.0017894
 3.3885 0.0040129 0.00179664
 3.389 0.00406758 0.00180389
 3.3895 0.00412322 0.00181114
 3.39 0.00417983 0.00181838
 3.3905 0.00423741 0.00182563
 3.391 0.00429595 0.00183288
 3.3915 0.00435542 0.00184012
 3.392 0.00441582 0.00184737
 3.3925 0.00447713 0.00185461
 3.393 0.00453931 0.00186186
 3.3935 0.00460235 0.0018691
 3.394 0.00466619 0.00187633
 3.3945 0.00473081 0.00188357
 3.395 0.00479614 0.0018908
 3.3955 0.00486215 0.00189803
 3.396 0.00492875 0.00190525
 3.3965 0.00499589 0.00191247
 3.397 0.00506348 0.00191969
 3.3975 0.00513142 0.0019269
 3.398 0.00519964 0.00193411
 3.3985 0.005268 0.00194131
 3.399 0.0053364 0.00194851
 3.3995 0.0054047 0.0019557
 3.4 0.00547277 0.00196289
 3.4005 0.00554044 0.00197007
 3.401 0.00560755 0.00197725
 3.4015 0.00567392 0.00198442
 3.402 0.00573936 0.00199159
 3.4025 0.00580368 0.00199875
 3.403 0.00586664 0.00200591
 3.4035 0.00592803 0.00201306
 3.404 0.00598762 0.00202021
 3.4045 0.00604514 0.00202735
 3.405 0.00610036 0.00203449
 3.4055 0.00615299 0.00204163
 3.406 0.00620279 0.00204876
 3.4065 0.00624946 0.00205589
 3.407 0.00629274 0.00206302
 3.4075 0.00633235 0.00207015
 3.408 0.00636801 0.00207727
 3.4085 0.00639947 0.0020844
 3.409 0.00642646 0.00209152
 3.4095 0.00644873 0.00209865
 3.41 0.00646606 0.00210577
 3.4105 0.00647822 0.0021129
 3.411 0.00648503 0.00212003
 3.4115 0.00648632 0.00212716
 3.412 0.00648193 0.00213429
 3.4125 0.00647177 0.00214143
 3.413 0.00645575 0.00214858
 3.4135 0.00643382 0.00215573
 3.414 0.00640598 0.00216289
 3.4145 0.00637225 0.00217005
 3.415 0.00633268 0.00217722
 3.4155 0.00628739 0.0021844
 3.416 0.0062365 0.00219159
 3.4165 0.00618019 0.00219878
 3.417 0.00611866 0.00220599
 3.4175 0.00605213 0.00221321
 3.418 0.00598089 0.00222043
 3.4185 0.0059052 0.00222767
 3.419 0.00582539 0.00223492
 3.4195 0.00574177 0.00224218
 3.42 0.00565469 0.00224945
 3.4205 0.00556449 0.00225674
 3.421 0.00547155 0.00226404
 3.4215 0.0053762 0.00227134
 3.422 0.00527882 0.00227867
 3.4225 0.00517976 0.002286
 3.423 0.00507936 0.00229335
 3.4235 0.00497796 0.00230071
 3.424 0.0048759 0.00230809
 3.4245 0.00477347 0.00231548
 3.425 0.00467097 0.00232288
 3.4255 0.00456869 0.0023303
 3.426 0.00446687 0.00233773
 3.4265 0.00436576 0.00234518
 3.427 0.00426558 0.00235264
 3.4275 0.00416652 0.00236012
 3.428 0.00406878 0.00236762
 3.4285 0.0039725 0.00237513
 3.429 0.00387783 0.00238265
 3.4295 0.00378491 0.0023902
 3.43 0.00369382 0.00239776
 3.4305 0.00360468 0.00240534
 3.431 0.00351755 0.00241294
 3.4315 0.00343249 0.00242055
 3.432 0.00334955 0.00242819
 3.4325 0.00326878 0.00243585
 3.433 0.00319019 0.00244352
 3.4335 0.0031138 0.00245122
 3.434 0.00303962 0.00245894
 3.4345 0.00296764 0.00246668
 3.435 0.00289785 0.00247445
 3.4355 0.00283024 0.00248224
 3.436 0.00276479 0.00249005
 3.4365 0.00270146 0.00249789
 3.437 0.00264023 0.00250576
 3.4375 0.00258105 0.00251365
 3.438 0.0025239 0.00252157
 3.4385 0.00246874 0.00252952
 3.439 0.0024155 0.0025375
 3.4395 0.00236416 0.0025455
 3.44 0.00231467 0.00255354
 3.4405 0.00226697 0.00256161
 3.441 0.00222103 0.00256971
 3.4415 0.00217678 0.00257785
 3.442 0.00213419 0.00258601
 3.4425 0.00209321 0.00259422
 3.443 0.00205378 0.00260246
 3.4435 0.00201586 0.00261073
 3.444 0.00197941 0.00261905
 3.4445 0.00194437 0.0026274
 3.445 0.0019107 0.00263579
 3.4455 0.00187836 0.00264422
 3.446 0.0018473 0.00265269
 3.4465 0.00181748 0.0026612
 3.447 0.00178886 0.00266976
 3.4475 0.00176139 0.00267836
 3.448 0.00173505 0.002687
 3.4485 0.00170978 0.00269569
 3.449 0.00168555 0.00270442
 3.4495 0.00166234 0.0027132
 3.45 0.00164009 0.00272203
 3.4505 0.00161878 0.00273091
 3.451 0.00159837 0.00273983
 3.4515 0.00157884 0.00274881
 3.452 0.00156015 0.00275784
 3.4525 0.00154227 0.00276692
 3.453 0.00152518 0.00277605
 3.4535 0.00150884 0.00278524
 3.454 0.00149323 0.00279448
 3.4545 0.00147833 0.00280377
 3.455 0.00146411 0.00281312
 3.4555 0.00145054 0.00282253
 3.456 0.0014376 0.00283199
 3.4565 0.00142528 0.00284152
 3.457 0.00141355 0.0028511
 3.4575 0.00140238 0.00286075
 3.458 0.00139177 0.00287045
 3.4585 0.00138169 0.00288021
 3.459 0.00137212 0.00289004
 3.4595 0.00136304 0.00289993
 3.46 0.00135445 0.00290989
 3.4605 0.00134631 0.00291991
 3.461 0.00133862 0.00292999
 3.4615 0.00133137 0.00294014
 3.462 0.00132453 0.00295036
 3.4625 0.00131809 0.00296065
 3.463 0.00131205 0.002971
 3.4635 0.00130638 0.00298142
 3.464 0.00130107 0.00299192
 3.4645 0.00129612 0.00300248
 3.465 0.00129151 0.00301311
 3.4655 0.00128723 0.00302382
 3.466 0.00128327 0.0030346
 3.4665 0.00127962 0.00304545
 3.467 0.00127627 0.00305637
 3.4675 0.00127321 0.00306737
 3.468 0.00127044 0.00307844
 3.4685 0.00126793 0.00308959
 3.469 0.00126569 0.00310082
 3.4695 0.00126371 0.00311212
 3.47 0.00126197 0.0031235
 3.4705 0.00126048 0.00313495
 3.471 0.00125922 0.00314649
 3.4715 0.00125819 0.0031581
 3.472 0.00125738 0.0031698
 3.4725 0.00125678 0.00318157
 3.473 0.00125639 0.00319342
 3.4735 0.0012562 0.00320535
 3.474 0.0012562 0.00321737
 3.4745 0.0012564 0.00322947
 3.475 0.00125679 0.00324165
 3.4755 0.00125735 0.00325391
 3.476 0.00125809 0.00326625
 3.4765 0.00125899 0.00327868
 3.477 0.00126007 0.00329119
 3.4775 0.0012613 0.00330379
 3.478 0.0012627 0.00331647
 3.4785 0.00126424 0.00332923
 3.479 0.00126594 0.00334208
 3.4795 0.00126777 0.00335502
 3.48 0.00126975 0.00336804
 3.4805 0.00127187 0.00338115
 3.481 0.00127413 0.00339434
 3.4815 0.00127651 0.00340762
 3.482 0.00127902 0.00342099
 3.4825 0.00128166 0.00343444
 3.483 0.00128442 0.00344798
 3.4835 0.00128729 0.00346161
 3.484 0.00129029 0.00347532
 3.4845 0.00129339 0.00348913
 3.485 0.00129661 0.00350302
 3.4855 0.00129993 0.00351699
 3.486 0.00130336 0.00353106
 3.4865 0.0013069 0.00354521
 3.487 0.00131053 0.00355946
 3.4875 0.00131427 0.00357379
 3.488 0.0013181 0.00358821
 3.4885 0.00132202 0.00360271
 3.489 0.00132604 0.00361731
 3.4895 0.00133015 0.00363199
 3.49 0.00133435 0.00364677
 3.4905 0.00133864 0.00366163
 3.491 0.00134301 0.00367658
 3.4915 0.00134746 0.00369161
 3.492 0.001352 0.00370674
 3.4925 0.00135662 0.00372195
 3.493 0.00136131 0.00373725
 3.4935 0.00136609 0.00375264
 3.494 0.00137094 0.00376812
 3.4945 0.00137586 0.00378369
 3.495 0.00138086 0.00379935
 3.4955 0.00138593 0.00381509
 3.496 0.00139107 0.00383092
 3.4965 0.00139628 0.00384684
 3.497 0.00140155 0.00386285
 3.4975 0.0014069 0.00387894
 3.498 0.00141231 0.00389512
 3.4985 0.00141779 0.00391139
 3.499 0.00142332 0.00392775
 3.4995 0.00142893 0.0039442
 3.5 0.00143459 0.00396074
 3.5005 0.00144031 0.00397736
 3.501 0.0014461 0.00399407
 3.5015 0.00145194 0.00401087
 3.502 0.00145784 0.00402776
 3.5025 0.0014638 0.00404473
 3.503 0.00146981 0.0040618
 3.5035 0.00147588 0.00407895
 3.504 0.001482 0.0040962
 3.5045 0.00148818 0.00411353
 3.505 0.00149441 0.00413095
 3.5055 0.00150069 0.00414846
 3.506 0.00150702 0.00416607
 3.5065 0.00151341 0.00418376
 3.507 0.00151984 0.00420155
 3.5075 0.00152632 0.00421943
 3.508 0.00153286 0.0042374
 3.5085 0.00153943 0.00425547
 3.509 0.00154606 0.00427363
 3.5095 0.00155273 0.00429189
 3.51 0.00155945 0.00431024
 3.5105 0.00156622 0.0043287
 3.511 0.00157303 0.00434725
 3.5115 0.00157988 0.0043659
 3.512 0.00158678 0.00438465
 3.5125 0.00159372 0.00440351
 3.513 0.0016007 0.00442247
 3.5135 0.00160773 0.00444154
 3.514 0.00161479 0.00446072
 3.5145 0.0016219 0.00448001
 3.515 0.00162905 0.00449941
 3.5155 0.00163624 0.00451892
 3.516 0.00164346 0.00453856
 3.5165 0.00165073 0.00455831
 3.517 0.00165804 0.00457819
 3.5175 0.00166538 0.00459819
 3.518 0.00167276 0.00461832
 3.5185 0.00168018 0.00463859
 3.519 0.00168763 0.00465899
 3.5195 0.00169512 0.00467953
 3.52 0.00170265 0.00470021
 3.5205 0.00171022 0.00472104
 3.521 0.00171781 0.00474202
 3.5215 0.00172545 0.00476316
 3.522 0.00173311 0.00478446
 3.5225 0.00174082 0.00480593
 3.523 0.00174855 0.00482757
 3.5235 0.00175632 0.00484939
 3.524 0.00176412 0.00487139
 3.5245 0.00177196 0.00489358
 3.525 0.00177982 0.00491597
 3.5255 0.00178772 0.00493856
 3.526 0.00179565 0.00496136
 3.5265 0.00180362 0.00498438
 3.527 0.00181161 0.00500763
 3.5275 0.00181963 0.00503111
 3.528 0.00182769 0.00505483
 3.5285 0.00183577 0.00507881
 3.529 0.00184389 0.00510304
 3.5295 0.00185204 0.00512755
 3.53 0.00186021 0.00515233
 3.5305 0.00186842 0.00517741
 3.531 0.00187665 0.00520279
 3.5315 0.00188491 0.00522848
 3.532 0.0018932 0.0052545
 3.5325 0.00190152 0.00528086
 3.533 0.00190987 0.00530757
 3.5335 0.00191825 0.00533464
 3.534 0.00192666 0.00536209
 3.5345 0.00193509 0.00538993
 3.535 0.00194356 0.00541818
 3.5355 0.00195205 0.00544686
 3.536 0.00196057 0.00547597
 3.5365 0.00196911 0.00550554
 3.537 0.00197769 0.00553558
 3.5375 0.00198629 0.00556611
 3.538 0.00199492 0.00559715
 3.5385 0.00200358 0.00562871
 3.539 0.00201227 0.00566082
 3.5395 0.00202099 0.0056935
 3.54 0.00202973 0.00572677
 3.5405 0.0020385 0.00576065
 3.541 0.00204731 0.00579515
 3.5415 0.00205614 0.00583031
 3.542 0.002065 0.00586615
 3.5425 0.00207389 0.00590268
 3.543 0.0020828 0.00593994
 3.5435 0.00209175 0.00597794
 3.544 0.00210073 0.00601672
 3.5445 0.00210974 0.0060563
 3.545 0.00211878 0.0060967
 3.5455 0.00212785 0.00613794
 3.546 0.00213696 0.00618007
 3.5465 0.00214609 0.00622309
 3.547 0.00215526 0.00626704
 3.5475 0.00216447 0.00631194
 3.548 0.0021737 0.00635783
 3.5485 0.00218298 0.00640471
 3.549 0.00219228 0.00645263
 3.5495 0.00220163 0.0065016
 3.55 0.00221101 0.00655164
 3.5505 0.00222043 0.00660278
 3.551 0.00222988 0.00665504
 3.5515 0.00223938 0.00670843
 3.552 0.00224892 0.00676297
 3.5525 0.00225849 0.00681867
 3.553 0.00226812 0.00687553
 3.5535 0.00227778 0.00693358
 3.554 0.00228749 0.0069928
 3.5545 0.00229725 0.00705319
 3.555 0.00230705 0.00711474
 3.5555 0.0023169 0.00717743
 3.556 0.0023268 0.00724124
 3.5565 0.00233676 0.00730614
 3.557 0.00234676 0.00737208
 3.5575 0.00235682 0.00743901
 3.558 0.00236694 0.00750687
 3.5585 0.00237712 0.00757557
 3.559 0.00238735 0.00764503
 3.5595 0.00239765 0.00771514
 3.56 0.00240802 0.00778578
 3.5605 0.00241845 0.0078568
 3.561 0.00242894 0.00792805
 3.5615 0.00243951 0.00799935
 3.562 0.00245015 0.0080705
 3.5625 0.00246087 0.00814127
 3.563 0.00247166 0.00821143
 3.5635 0.00248254 0.00828071
 3.564 0.0024935 0.00834882
 3.5645 0.00250454 0.00841545
 3.565 0.00251568 0.00848028
 3.5655 0.00252691 0.00854296
 3.566 0.00253824 0.00860313
 3.5665 0.00254966 0.00866042
 3.567 0.00256119 0.00871445
 3.5675 0.00257283 0.00876484
 3.568 0.00258458 0.00881119
 3.5685 0.00259645 0.00885315
 3.569 0.00260844 0.00889036
 3.5695 0.00262055 0.00892249
 3.57 0.0026328 0.00894923
 3.5705 0.00264518 0.00897034
 3.571 0.0026577 0.00898559
 3.5715 0.00267037 0.00899483
 3.572 0.0026832 0.00899797
 3.5725 0.00269618 0.00899497
 3.573 0.00270934 0.00898588
 3.5735 0.00272267 0.00897082
 3.574 0.00273618 0.00894997
 3.5745 0.00274989 0.0089236
 3.575 0.00276379 0.00889204
 3.5755 0.0027779 0.0088557
 3.576 0.00279224 0.00881502
 3.5765 0.0028068 0.00877052
 3.577 0.0028216 0.00872275
 3.5775 0.00283666 0.00867229
 3.578 0.00285198 0.00861973
 3.5785 0.00286758 0.00856567
 3.579 0.00288347 0.00851073
 3.5795 0.00289967 0.00845546
 3.58 0.00291619 0.00840043
 3.5805 0.00293304 0.00834615
 3.581 0.00295025 0.00829306
 3.5815 0.00296783 0.00824155
 3.582 0.00298579 0.00819193
 3.5825 0.00300415 0.00814442
 3.583 0.00302294 0.00809913
 3.5835 0.00304215 0.00805606
 3.584 0.00306182 0.00801505
 3.5845 0.00308195 0.00797582
 3.585 0.00310256 0.00793789
 3.5855 0.00312365 0.00790062
 3.586 0.00314522 0.00786312
 3.5865 0.00316728 0.00782431
 3.587 0.00318982 0.00778285
 3.5875 0.00321282 0.00773716
 3.588 0.00323625 0.00768543
 3.5885 0.00326009 0.00762563
 3.589 0.00328428 0.00755558
 3.5895 0.00330876 0.00747304
 3.59 0.00333346 0.00737579
 3.5905 0.00335828 0.00726185
 3.591 0.00338313 0.00712958
 3.5915 0.0034079 0.00697796
 3.592 0.00343245 0.00680671
 3.5925 0.00345666 0.00661648
 3.593 0.00348041 0.00640889
 3.5935 0.00350358 0.00618655
 3.594 0.00352606 0.00595287
 3.5945 0.00354776 0.0057119
 3.595 0.00356863 0.00546799
 3.5955 0.00358862 0.0052255
 3.596 0.00360773 0.00498851
 3.5965 0.00362599 0.00476057
 3.597 0.00364345 0.00454452
 3.5975 0.0036602 0.00434249
 3.598 0.00367633 0.00415584
 3.5985 0.00369195 0.00398529
 3.599 0.00370719 0.00383095
 3.5995 0.00372218 0.0036925
 3.6 0.00373703 0.00356928
 3.6005 0.00375186 0.00346041
 3.601 0.00376678 0.00336486
 3.6015 0.0037819 0.00328153
 3.602 0.0037973 0.00320933
 3.6025 0.00381305 0.00314719
 3.603 0.00382922 0.00309409
 3.6035 0.00384587 0.00304909
 3.604 0.00386305 0.00301131
 3.6045 0.00388079 0.00297997
 3.605 0.00389914 0.00295436
 3.6055 0.00391811 0.00293387
 3.606 0.00393774 0.00291793
 3.6065 0.00395805 0.00290607
 3.607 0.00397906 0.00289785
 3.6075 0.00400079 0.0028929
 3.608 0.00402327 0.00289092
 3.6085 0.00404652 0.00289162
 3.609 0.00407057 0.00289477
 3.6095 0.00409545 0.00290019
 3.61 0.00412121 0.00290772
 3.6105 0.00414789 0.00291724
 3.611 0.00417556 0.00292864
 3.6115 0.00420428 0.00294189
 3.612 0.00423415 0.00295695
 3.6125 0.00426528 0.00297383
 3.613 0.00429779 0.00299258
 3.6135 0.00433188 0.0030133
 3.614 0.00436774 0.00303613
 3.6145 0.00440567 0.00306128
 3.615 0.00444602 0.00308905
 3.6155 0.00448925 0.00311984
 3.616 0.00453597 0.00315419
 3.6165 0.00458698 0.00319285
 3.617 0.00464338 0.00323681
 3.6175 0.00470666 0.00328747
 3.618 0.00477887 0.00334674
 3.6185 0.00486293 0.00341736
 3.619 0.00496304 0.00350322
 3.6195 0.00508532 0.00361004
 3.62 0.00523889 0.00374628
 3.6205 0.00543754 0.00392469
 3.621 0.00570226 0.00416462
 3.6215 0.00606471 0.00449505
 3.622 0.00657018 0.00495715
 3.6225 0.00727346 0.00559993
 3.623 0.00820625 0.00644956
 3.6235 0.0092805 0.00742024
 3.624 0.0101702 0.00820873
 3.6245 0.0104583 0.0084361
 3.625 0.0100923 0.00806533
 3.6255 0.00940982 0.00741361
 3.626 0.00872627 0.00677018
 3.6265 0.00817053 0.00625031
 3.627 0.00775698 0.00586466
 3.6275 0.00746247 0.0055905
 3.628 0.00725965 0.00540203
 3.6285 0.00712623 0.00527854
 3.629 0.00704605 0.00520521
 3.6295 0.00700793 0.00517198
 3.63 0.00700441 0.00517234
 3.6305 0.00703078 0.00520244
 3.631 0.00708436 0.00526046
 3.6315 0.00716409 0.00534631
 3.632 0.00727022 0.00546138
 3.6325 0.00740416 0.00560848
 3.633 0.00756839 0.0057915
 3.6335 0.00776637 0.00601441
 3.634 0.00800239 0.00627917
 3.6345 0.00828138 0.00658387
 3.635 0.00860855 0.00692542
 3.6355 0.00898896 0.00730522
 3.636 0.0094271 0.00772857
 3.6365 0.00992679 0.00819924
 3.637 0.010492 0.00871768
 3.6375 0.0111282 0.00928347
 3.638 0.0118441 0.00989874
 3.6385 0.0126492 0.0105683
 3.639 0.0135417 0.0112907
 3.6395 0.0144794 0.0120353
 3.64 0.0153395 0.012708
 3.6405 0.0159076 0.0131418
 3.641 0.0159729 0.0131715
 3.6415 0.0154982 0.0127699
 3.642 0.0146657 0.0120856
 3.6425 0.0137285 0.0113234
 3.643 0.012863 0.010627
 3.6435 0.012142 0.010056
 3.644 0.0115728 0.00961699
 3.6445 0.011136 0.00929339
 3.645 0.0108063 0.00906184
 3.6455 0.0105605 0.00889804
 3.646 0.0103799 0.00877931
 3.6465 0.0102499 0.00868739
 3.647 0.0101597 0.00861185
 3.6475 0.010101 0.00855093
 3.648 0.0100676 0.00850815
 3.6485 0.0100548 0.00848763
 3.649 0.0100589 0.00849155
 3.6495 0.010077 0.00851998
 3.65 0.0101071 0.00857174
