 3.1 0.00044311 0.000347394
 3.1005 0.000443939 0.000348061
 3.101 0.00044477 0.00034873
 3.1015 0.000445605 0.000349402
 3.102 0.000446441 0.000350075
 3.1025 0.000447281 0.000350751
 3.103 0.000448123 0.000351429
 3.1035 0.000448968 0.000352109
 3.104 0.000449815 0.000352792
 3.1045 0.000450666 0.000353476
 3.105 0.000451519 0.000354163
 3.1055 0.000452375 0.000354852
 3.106 0.000453234 0.000355543
 3.1065 0.000454095 0.000356237
 3.107 0.00045496 0.000356933
 3.1075 0.000455827 0.000357631
 3.108 0.000456697 0.000358331
 3.1085 0.00045757 0.000359033
 3.109 0.000458446 0.000359738
 3.1095 0.000459324 0.000360446
 3.11 0.000460206 0.000361155
 3.1105 0.00046109 0.000361867
 3.111 0.000461978 0.000362581
 3.1115 0.000462868 0.000363298
 3.112 0.000463761 0.000364016
 3.1125 0.000464658 0.000364738
 3.113 0.000465557 0.000365461
 3.1135 0.000466459 0.000366187
 3.114 0.000467365 0.000366916
 3.1145 0.000468273 0.000367647
 3.115 0.000469185 0.00036838
 3.1155 0.000470099 0.000369116
 3.116 0.000471017 0.000369854
 3.1165 0.000471937 0.000370595
 3.117 0.000472861 0.000371338
 3.1175 0.000473788 0.000372083
 3.118 0.000474718 0.000372832
 3.1185 0.000475651 0.000373582
 3.119 0.000476588 0.000374336
 3.1195 0.000477527 0.000375091
 3.12 0.00047847 0.00037585
 3.1205 0.000479416 0.00037661
 3.121 0.000480366 0.000377374
 3.1215 0.000481318 0.00037814
 3.122 0.000482274 0.000378909
 3.1225 0.000483233 0.00037968
 3.123 0.000484196 0.000380454
 3.1235 0.000485162 0.00038123
 3.124 0.000486131 0.00038201
 3.1245 0.000487103 0.000382792
 3.125 0.000488079 0.000383576
 3.1255 0.000489058 0.000384363
 3.126 0.000490041 0.000385153
 3.1265 0.000491027 0.000385946
 3.127 0.000492017 0.000386742
 3.1275 0.00049301 0.00038754
 3.128 0.000494007 0.000388341
 3.1285 0.000495007 0.000389144
 3.129 0.00049601 0.000389951
 3.1295 0.000497017 0.00039076
 3.13 0.000498028 0.000391573
 3.1305 0.000499042 0.000392388
 3.131 0.00050006 0.000393206
 3.1315 0.000501082 0.000394026
 3.132 0.000502107 0.00039485
 3.1325 0.000503136 0.000395676
 3.133 0.000504168 0.000396506
 3.1335 0.000505205 0.000397338
 3.134 0.000506245 0.000398174
 3.1345 0.000507288 0.000399012
 3.135 0.000508336 0.000399853
 3.1355 0.000509387 0.000400697
 3.136 0.000510442 0.000401545
 3.1365 0.000511501 0.000402395
 3.137 0.000512564 0.000403248
 3.1375 0.00051363 0.000404104
 3.138 0.000514701 0.000404964
 3.1385 0.000515775 0.000405826
 3.139 0.000516853 0.000406692
 3.1395 0.000517936 0.000407561
 3.14 0.000519022 0.000408433
 3.1405 0.000520112 0.000409307
 3.141 0.000521207 0.000410186
 3.1415 0.000522305 0.000411067
 3.142 0.000523407 0.000411952
 3.1425 0.000524514 0.000412839
 3.143 0.000525624 0.00041373
 3.1435 0.000526739 0.000414625
 3.144 0.000527858 0.000415522
 3.1445 0.000528981 0.000416423
 3.145 0.000530108 0.000417327
 3.1455 0.00053124 0.000418234
 3.146 0.000532376 0.000419145
 3.1465 0.000533516 0.000420059
 3.147 0.00053466 0.000420977
 3.1475 0.000535809 0.000421898
 3.148 0.000536962 0.000422822
 3.1485 0.000538119 0.00042375
 3.149 0.000539281 0.000424681
 3.1495 0.000540447 0.000425615
 3.15 0.000541618 0.000426554
 3.1505 0.000542793 0.000427495
 3.151 0.000543973 0.00042844
 3.1515 0.000545157 0.000429389
 3.152 0.000546346 0.000430341
 3.1525 0.000547539 0.000431297
 3.153 0.000548737 0.000432257
 3.1535 0.00054994 0.00043322
 3.154 0.000551147 0.000434186
 3.1545 0.000552359 0.000435157
 3.155 0.000553576 0.000436131
 3.1555 0.000554797 0.000437109
 3.156 0.000556023 0.00043809
 3.1565 0.000557254 0.000439075
 3.157 0.00055849 0.000440064
 3.1575 0.000559731 0.000441057
 3.158 0.000560977 0.000442054
 3.1585 0.000562227 0.000443054
 3.159 0.000563483 0.000444058
 3.1595 0.000564743 0.000445067
 3.16 0.000566009 0.000446079
 3.1605 0.00056728 0.000447095
 3.161 0.000568555 0.000448115
 3.1615 0.000569836 0.000449138
 3.162 0.000571122 0.000450166
 3.1625 0.000572413 0.000451198
 3.163 0.000573709 0.000452234
 3.1635 0.000575011 0.000453274
 3.164 0.000576318 0.000454318
 3.1645 0.00057763 0.000455366
 3.165 0.000578947 0.000456418
 3.1655 0.00058027 0.000457475
 3.166 0.000581598 0.000458535
 3.1665 0.000582932 0.0004596
 3.167 0.000584271 0.000460669
 3.1675 0.000585616 0.000461742
 3.168 0.000586966 0.00046282
 3.1685 0.000588322 0.000463901
 3.169 0.000589683 0.000464988
 3.1695 0.00059105 0.000466078
 3.17 0.000592423 0.000467173
 3.1705 0.000593801 0.000468272
 3.171 0.000595186 0.000469376
 3.1715 0.000596576 0.000470484
 3.172 0.000597971 0.000471596
 3.1725 0.000599373 0.000472713
 3.173 0.000600781 0.000473835
 3.1735 0.000602194 0.000474961
 3.174 0.000603614 0.000476091
 3.1745 0.000605039 0.000477227
 3.175 0.000606471 0.000478367
 3.1755 0.000607908 0.000479511
 3.176 0.000609352 0.00048066
 3.1765 0.000610802 0.000481814
 3.177 0.000612259 0.000482973
 3.1775 0.000613721 0.000484136
 3.178 0.00061519 0.000485305
 3.1785 0.000616665 0.000486478
 3.179 0.000618147 0.000487656
 3.1795 0.000619635 0.000488839
 3.18 0.000621129 0.000490026
 3.1805 0.00062263 0.000491219
 3.181 0.000624138 0.000492417
 3.1815 0.000625652 0.000493619
 3.182 0.000627173 0.000494827
 3.1825 0.0006287 0.00049604
 3.183 0.000630234 0.000497258
 3.1835 0.000631775 0.000498481
 3.184 0.000633323 0.000499709
 3.1845 0.000634878 0.000500942
 3.185 0.00063644 0.000502181
 3.1855 0.000638009 0.000503425
 3.186 0.000639584 0.000504674
 3.1865 0.000641167 0.000505928
 3.187 0.000642757 0.000507188
 3.1875 0.000644354 0.000508453
 3.188 0.000645958 0.000509724
 3.1885 0.00064757 0.000511
 3.189 0.000649189 0.000512281
 3.1895 0.000650815 0.000513568
 3.19 0.000652449 0.000514861
 3.1905 0.00065409 0.000516159
 3.191 0.000655739 0.000517463
 3.1915 0.000657395 0.000518772
 3.192 0.000659059 0.000520087
 3.1925 0.000660731 0.000521408
 3.193 0.000662411 0.000522735
 3.1935 0.000664098 0.000524067
 3.194 0.000665793 0.000525405
 3.1945 0.000667496 0.00052675
 3.195 0.000669207 0.0005281
 3.1955 0.000670927 0.000529456
 3.196 0.000672654 0.000530818
 3.1965 0.000674389 0.000532186
 3.197 0.000676133 0.00053356
 3.1975 0.000677885 0.00053494
 3.198 0.000679645 0.000536326
 3.1985 0.000681414 0.000537719
 3.199 0.000683191 0.000539117
 3.1995 0.000684977 0.000540522
 3.2 0.000686771 0.000541933
 3.2005 0.000688574 0.000543351
 3.201 0.000690385 0.000544775
 3.2015 0.000692206 0.000546205
 3.202 0.000694035 0.000547642
 3.2025 0.000695873 0.000549085
 3.203 0.000697721 0.000550535
 3.2035 0.000699577 0.000551992
 3.204 0.000701443 0.000553455
 3.2045 0.000703317 0.000554924
 3.205 0.000705201 0.000556401
 3.2055 0.000707094 0.000557884
 3.206 0.000708997 0.000559374
 3.2065 0.000710909 0.000560871
 3.207 0.000712831 0.000562375
 3.2075 0.000714762 0.000563885
 3.208 0.000716704 0.000565403
 3.2085 0.000718655 0.000566928
 3.209 0.000720615 0.000568459
 3.2095 0.000722586 0.000569998
 3.21 0.000724567 0.000571544
 3.2105 0.000726558 0.000573097
 3.211 0.000728559 0.000574658
 3.2115 0.00073057 0.000576226
 3.212 0.000732592 0.000577801
 3.2125 0.000734624 0.000579383
 3.213 0.000736667 0.000580973
 3.2135 0.00073872 0.000582571
 3.214 0.000740784 0.000584176
 3.2145 0.000742859 0.000585788
 3.215 0.000744945 0.000587408
 3.2155 0.000747041 0.000589036
 3.216 0.000749149 0.000590672
 3.2165 0.000751268 0.000592315
 3.217 0.000753398 0.000593967
 3.2175 0.000755539 0.000595626
 3.218 0.000757692 0.000597293
 3.2185 0.000759856 0.000598968
 3.219 0.000762032 0.000600651
 3.2195 0.00076422 0.000602343
 3.22 0.000766419 0.000604042
 3.2205 0.000768631 0.00060575
 3.221 0.000770854 0.000607466
 3.2215 0.00077309 0.00060919
 3.222 0.000775338 0.000610923
 3.2225 0.000777598 0.000612664
 3.223 0.00077987 0.000614414
 3.2235 0.000782155 0.000616172
 3.224 0.000784453 0.000617939
 3.2245 0.000786763 0.000619715
 3.225 0.000789087 0.000621499
 3.2255 0.000791423 0.000623292
 3.226 0.000793773 0.000625094
 3.2265 0.000796135 0.000626904
 3.227 0.000798511 0.000628724
 3.2275 0.000800901 0.000630553
 3.228 0.000803304 0.000632391
 3.2285 0.00080572 0.000634238
 3.229 0.000808151 0.000636094
 3.2295 0.000810595 0.00063796
 3.23 0.000813054 0.000639834
 3.2305 0.000815527 0.000641719
 3.231 0.000818014 0.000643612
 3.2315 0.000820515 0.000645516
 3.232 0.000823031 0.000647428
 3.2325 0.000825562 0.000649351
 3.233 0.000828108 0.000651283
 3.2335 0.000830669 0.000653225
 3.234 0.000833244 0.000655177
 3.2345 0.000835835 0.000657139
 3.235 0.000838442 0.00065911
 3.2355 0.000841064 0.000661092
 3.236 0.000843702 0.000663084
 3.2365 0.000846355 0.000665086
 3.237 0.000849025 0.000667098
 3.2375 0.000851711 0.000669121
 3.238 0.000854413 0.000671154
 3.2385 0.000857131 0.000673198
 3.239 0.000859867 0.000675252
 3.2395 0.000862619 0.000677316
 3.24 0.000865387 0.000679392
 3.2405 0.000868174 0.000681478
 3.241 0.000870977 0.000683575
 3.2415 0.000873798 0.000685682
 3.242 0.000876636 0.000687801
 3.2425 0.000879492 0.000689931
 3.243 0.000882366 0.000692072
 3.2435 0.000885259 0.000694224
 3.244 0.000888169 0.000696388
 3.2445 0.000891098 0.000698562
 3.245 0.000894046 0.000700749
 3.2455 0.000897013 0.000702946
 3.246 0.000899999 0.000705156
 3.2465 0.000903004 0.000707376
 3.247 0.000906028 0.000709609
 3.2475 0.000909073 0.000711854
 3.248 0.000912137 0.00071411
 3.2485 0.000915221 0.000716378
 3.249 0.000918325 0.000718659
 3.2495 0.00092145 0.000720951
 3.25 0.000924596 0.000723256
 3.2505 0.000927762 0.000725573
 3.251 0.00093095 0.000727902
 3.2515 0.000934159 0.000730244
 3.252 0.00093739 0.000732599
 3.2525 0.000940642 0.000734966
 3.253 0.000943917 0.000737345
 3.2535 0.000947213 0.000739738
 3.254 0.000950533 0.000742143
 3.2545 0.000953875 0.000744562
 3.255 0.00095724 0.000746993
 3.2555 0.000960628 0.000749438
 3.256 0.00096404 0.000751896
 3.2565 0.000967475 0.000754367
 3.257 0.000970935 0.000756851
 3.2575 0.000974419 0.000759349
 3.258 0.000977927 0.000761861
 3.2585 0.00098146 0.000764386
 3.259 0.000985019 0.000766925
 3.2595 0.000988603 0.000769478
 3.26 0.000992212 0.000772045
 3.2605 0.000995847 0.000774625
 3.261 0.000999509 0.00077722
 3.2615 0.0010032 0.000779829
 3.262 0.00100691 0.000782453
 3.2625 0.00101065 0.000785091
 3.263 0.00101442 0.000787743
 3.2635 0.00101822 0.00079041
 3.264 0.00102205 0.000793091
 3.2645 0.0010259 0.000795787
 3.265 0.00102978 0.000798498
 3.2655 0.0010337 0.000801225
 3.266 0.00103764 0.000803966
 3.2665 0.00104161 0.000806722
 3.267 0.00104561 0.000809493
 3.2675 0.00104964 0.00081228
 3.268 0.0010537 0.000815082
 3.2685 0.0010578 0.0008179
 3.269 0.00106192 0.000820733
 3.2695 0.00106608 0.000823582
 3.27 0.00107027 0.000826447
 3.2705 0.00107449 0.000829328
 3.271 0.00107875 0.000832225
 3.2715 0.00108304 0.000835138
 3.272 0.00108736 0.000838067
 3.2725 0.00109172 0.000841012
 3.273 0.00109611 0.000843974
 3.2735 0.00110054 0.000846952
 3.274 0.001105 0.000849947
 3.2745 0.0011095 0.000852958
 3.275 0.00111404 0.000855986
 3.2755 0.00111861 0.000859032
 3.276 0.00112323 0.000862094
 3.2765 0.00112787 0.000865173
 3.277 0.00113256 0.000868269
 3.2775 0.00113729 0.000871383
 3.278 0.00114205 0.000874514
 3.2785 0.00114686 0.000877662
 3.279 0.00115171 0.000880828
 3.2795 0.0011566 0.000884012
 3.28 0.00116153 0.000887214
 3.2805 0.0011665 0.000890433
 3.281 0.00117151 0.00089367
 3.2815 0.00117657 0.000896926
 3.282 0.00118167 0.000900199
 3.2825 0.00118682 0.000903491
 3.283 0.00119201 0.000906801
 3.2835 0.00119725 0.00091013
 3.284 0.00120253 0.000913477
 3.2845 0.00120786 0.000916843
 3.285 0.00121324 0.000920227
 3.2855 0.00121866 0.000923631
 3.286 0.00122414 0.000927053
 3.2865 0.00122966 0.000930495
 3.287 0.00123524 0.000933955
 3.2875 0.00124086 0.000937435
 3.288 0.00124654 0.000940934
 3.2885 0.00125227 0.000944452
 3.289 0.00125805 0.00094799
 3.2895 0.00126389 0.000951548
 3.29 0.00126978 0.000955125
 3.2905 0.00127573 0.000958722
 3.291 0.00128173 0.000962339
 3.2915 0.0012878 0.000965976
 3.292 0.00129391 0.000969633
 3.2925 0.00130009 0.00097331
 3.293 0.00130633 0.000977008
 3.2935 0.00131263 0.000980726
 3.294 0.00131898 0.000984464
 3.2945 0.00132541 0.000988222
 3.295 0.00133189 0.000992002
 3.2955 0.00133844 0.000995801
 3.296 0.00134505 0.000999622
 3.2965 0.00135173 0.00100346
 3.297 0.00135848 0.00100733
 3.2975 0.0013653 0.00101121
 3.298 0.00137218 0.00101511
 3.2985 0.00137914 0.00101904
 3.299 0.00138616 0.00102299
 3.2995 0.00139326 0.00102695
 3.3 0.00140043 0.00103094
 3.3005 0.00140768 0.00103496
 3.301 0.001415 0.00103899
 3.3015 0.0014224 0.00104304
 3.302 0.00142988 0.00104712
 3.3025 0.00143744 0.00105122
 3.303 0.00144508 0.00105534
 3.3035 0.0014528 0.00105948
 3.304 0.0014606 0.00106364
 3.3045 0.00146849 0.00106783
 3.305 0.00147647 0.00107203
 3.3055 0.00148453 0.00107626
 3.306 0.00149268 0.00108051
 3.3065 0.00150093 0.00108479
 3.307 0.00150926 0.00108908
 3.3075 0.00151769 0.0010934
 3.308 0.00152621 0.00109774
 3.3085 0.00153483 0.00110211
 3.309 0.00154355 0.00110649
 3.3095 0.00155236 0.0011109
 3.31 0.00156128 0.00111533
 3.3105 0.00157031 0.00111979
 3.311 0.00157943 0.00112426
 3.3115 0.00158867 0.00112876
 3.312 0.00159801 0.00113328
 3.3125 0.00160746 0.00113783
 3.313 0.00161703 0.00114239
 3.3135 0.00162671 0.00114698
 3.314 0.00163651 0.0011516
 3.3145 0.00164642 0.00115623
 3.315 0.00165646 0.00116089
 3.3155 0.00166662 0.00116557
 3.316 0.0016769 0.00117028
 3.3165 0.00168731 0.001175
 3.317 0.00169785 0.00117975
 3.3175 0.00170852 0.00118453
 3.318 0.00171933 0.00118932
 3.3185 0.00173027 0.00119414
 3.319 0.00174135 0.00119898
 3.3195 0.00175257 0.00120385
 3.32 0.00176393 0.00120874
 3.3205 0.00177544 0.00121365
 3.321 0.00178711 0.00121858
 3.3215 0.00179892 0.00122354
 3.322 0.00181089 0.00122852
 3.3225 0.00182301 0.00123352
 3.323 0.0018353 0.00123854
 3.3235 0.00184774 0.00124359
 3.324 0.00186036 0.00124866
 3.3245 0.00187315 0.00125375
 3.325 0.0018861 0.00125887
 3.3255 0.00189924 0.001264
 3.326 0.00191255 0.00126916
 3.3265 0.00192605 0.00127435
 3.327 0.00193973 0.00127955
 3.3275 0.0019536 0.00128478
 3.328 0.00196767 0.00129003
 3.3285 0.00198193 0.0012953
 3.329 0.00199639 0.0013006
 3.3295 0.00201106 0.00130591
 3.33 0.00202594 0.00131125
 3.3305 0.00204102 0.00131661
 3.331 0.00205633 0.00132199
 3.3315 0.00207186 0.0013274
 3.332 0.00208761 0.00133282
 3.3325 0.00210359 0.00133827
 3.333 0.0021198 0.00134374
 3.3335 0.00213626 0.00134923
 3.334 0.00215295 0.00135474
 3.3345 0.0021699 0.00136027
 3.335 0.00218709 0.00136583
 3.3355 0.00220454 0.0013714
 3.336 0.00222226 0.001377
 3.3365 0.00224024 0.00138261
 3.337 0.0022585 0.00138825
 3.3375 0.00227703 0.0013939
 3.338 0.00229585 0.00139958
 3.3385 0.00231495 0.00140528
 3.339 0.00233435 0.001411
 3.3395 0.00235404 0.00141673
 3.34 0.00237405 0.00142249
 3.3405 0.00239436 0.00142827
 3.341 0.00241499 0.00143406
 3.3415 0.00243595 0.00143988
 3.342 0.00245723 0.00144571
 3.3425 0.00247885 0.00145156
 3.343 0.00250081 0.00145743
 3.3435 0.00252311 0.00146332
 3.344 0.00254577 0.00146923
 3.3445 0.00256879 0.00147516
 3.345 0.00259218 0.0014811
 3.3455 0.00261594 0.00148707
 3.346 0.00264008 0.00149305
 3.3465 0.00266461 0.00149904
 3.347 0.00268953 0.00150506
 3.3475 0.00271485 0.00151109
 3.348 0.00274057 0.00151714
 3.3485 0.00276671 0.0015232
 3.349 0.00279327 0.00152929
 3.3495 0.00282026 0.00153538
 3.35 0.00284767 0.0015415
 3.3505 0.00287553 0.00154763
 3.351 0.00290383 0.00155377
 3.3515 0.00293259 0.00155993
 3.352 0.0029618 0.00156611
 3.3525 0.00299148 0.0015723
 3.353 0.00302163 0.00157851
 3.3535 0.00305225 0.00158473
 3.354 0.00308335 0.00159096
 3.3545 0.00311494 0.00159721
 3.355 0.00314703 0.00160347
 3.3555 0.0031796 0.00160975
 3.356 0.00321268 0.00161604
 3.3565 0.00324626 0.00162234
 3.357 0.00328035 0.00162865
 3.3575 0.00331495 0.00163498
 3.358 0.00335006 0.00164132
 3.3585 0.00338569 0.00164767
 3.359 0.00342183 0.00165404
 3.3595 0.00345848 0.00166041
 3.36 0.00349565 0.0016668
 3.3605 0.00353332 0.0016732
 3.361 0.00357151 0.00167961
 3.3615 0.00361021 0.00168603
 3.362 0.0036494 0.00169246
 3.3625 0.00368909 0.0016989
 3.363 0.00372926 0.00170536
 3.3635 0.00376991 0.00171182
 3.364 0.00381103 0.00171829
 3.3645 0.0038526 0.00172477
 3.365 0.00389461 0.00173126
 3.3655 0.00393705 0.00173776
 3.366 0.00397989 0.00174427
 3.3665 0.00402311 0.00175079
 3.367 0.0040667 0.00175731
 3.3675 0.00411062 0.00176384
 3.368 0.00415485 0.00177039
 3.3685 0.00419936 0.00177694
 3.369 0.00424411 0.00178349
 3.3695 0.00428906 0.00179006
 3.37 0.00433419 0.00179663
 3.3705 0.00437943 0.00180321
 3.371 0.00442475 0.0018098
 3.3715 0.00447009 0.00181639
 3.372 0.00451541 0.00182299
 3.3725 0.00456063 0.0018296
 3.373 0.0046057 0.00183622
 3.3735 0.00465056 0.00184284
 3.374 0.00469512 0.00184947
 3.3745 0.00473932 0.0018561
 3.375 0.00478308 0.00186274
 3.3755 0.00482631 0.00186939
 3.376 0.00486893 0.00187604
 3.3765 0.00491085 0.0018827
 3.377 0.00495196 0.00188936
 3.3775 0.00499217 0.00189603
 3.378 0.00503138 0.00190271
 3.3785 0.00506948 0.00190939
 3.379 0.00510636 0.00191608
 3.3795 0.00514192 0.00192278
 3.38 0.00517603 0.00192948
 3.3805 0.00520858 0.00193619
 3.381 0.00523946 0.0019429
 3.3815 0.00526854 0.00194963
 3.382 0.00529571 0.00195635
 3.3825 0.00532086 0.00196309
 3.383 0.00534386 0.00196983
 3.3835 0.00536461 0.00197658
 3.384 0.005383 0.00198333
 3.3845 0.00539891 0.0019901
 3.385 0.00541226 0.00199687
 3.3855 0.00542294 0.00200364
 3.386 0.00543086 0.00201043
 3.3865 0.00543595 0.00201722
 3.387 0.00543813 0.00202402
 3.3875 0.00543734 0.00203083
 3.388 0.00543352 0.00203765
 3.3885 0.00542664 0.00204448
 3.389 0.00541665 0.00205131
 3.3895 0.00540354 0.00205815
 3.39 0.00538731 0.00206501
 3.3905 0.00536795 0.00207187
 3.391 0.00534548 0.00207874
 3.3915 0.00531993 0.00208563
 3.392 0.00529134 0.00209252
 3.3925 0.00525977 0.00209942
 3.393 0.00522529 0.00210633
 3.3935 0.00518797 0.00211325
 3.394 0.0051479 0.00212019
 3.3945 0.00510519 0.00212713
 3.395 0.00505993 0.00213408
 3.3955 0.00501226 0.00214105
 3.396 0.0049623 0.00214802
 3.3965 0.00491018 0.00215501
 3.397 0.00485604 0.00216201
 3.3975 0.00480003 0.00216902
 3.398 0.0047423 0.00217604
 3.3985 0.00468299 0.00218307
 3.399 0.00462226 0.00219011
 3.3995 0.00456027 0.00219717
 3.4 0.00449716 0.00220423
 3.4005 0.00443309 0.00221131
 3.401 0.00436821 0.0022184
 3.4015 0.00430267 0.0022255
 3.402 0.00423661 0.00223262
 3.4025 0.00417017 0.00223974
 3.403 0.00410349 0.00224688
 3.4035 0.00403669 0.00225403
 3.404 0.00396991 0.0022612
 3.4045 0.00390324 0.00226837
 3.405 0.00383682 0.00227556
 3.4055 0.00377073 0.00228276
 3.406 0.00370509 0.00228998
 3.4065 0.00363998 0.00229721
 3.407 0.00357548 0.00230445
 3.4075 0.00351167 0.0023117
 3.408 0.00344863 0.00231897
 3.4085 0.00338642 0.00232626
 3.409 0.00332509 0.00233355
 3.4095 0.0032647 0.00234087
 3.41 0.00320529 0.00234819
 3.4105 0.00314691 0.00235554
 3.411 0.00308958 0.00236289
 3.4115 0.00303335 0.00237027
 3.412 0.00297823 0.00237766
 3.4125 0.00292425 0.00238506
 3.413 0.00287142 0.00239249
 3.4135 0.00281975 0.00239993
 3.414 0.00276925 0.00240738
 3.4145 0.00271994 0.00241486
 3.415 0.0026718 0.00242235
 3.4155 0.00262484 0.00242986
 3.416 0.00257906 0.00243739
 3.4165 0.00253445 0.00244494
 3.417 0.00249101 0.00245251
 3.4175 0.00244871 0.0024601
 3.418 0.00240756 0.00246771
 3.4185 0.00236753 0.00247534
 3.419 0.00232862 0.00248299
 3.4195 0.00229081 0.00249066
 3.42 0.00225407 0.00249836
 3.4205 0.00221841 0.00250607
 3.421 0.00218378 0.00251381
 3.4215 0.00215018 0.00252158
 3.422 0.00211759 0.00252937
 3.4225 0.00208599 0.00253718
 3.423 0.00205535 0.00254501
 3.4235 0.00202565 0.00255288
 3.424 0.00199689 0.00256076
 3.4245 0.00196902 0.00256868
 3.425 0.00194204 0.00257662
 3.4255 0.00191592 0.00258458
 3.426 0.00189064 0.00259258
 3.4265 0.00186619 0.0026006
 3.427 0.00184253 0.00260865
 3.4275 0.00181966 0.00261673
 3.428 0.00179755 0.00262484
 3.4285 0.00177618 0.00263298
 3.429 0.00175553 0.00264115
 3.4295 0.00173558 0.00264935
 3.43 0.00171632 0.00265758
 3.4305 0.00169772 0.00266584
 3.431 0.00167978 0.00267414
 3.4315 0.00166246 0.00268246
 3.432 0.00164576 0.00269083
 3.4325 0.00162965 0.00269922
 3.433 0.00161412 0.00270765
 3.4335 0.00159916 0.00271612
 3.434 0.00158475 0.00272461
 3.4345 0.00157087 0.00273315
 3.435 0.0015575 0.00274172
 3.4355 0.00154465 0.00275033
 3.436 0.00153228 0.00275897
 3.4365 0.00152038 0.00276766
 3.437 0.00150896 0.00277638
 3.4375 0.00149798 0.00278514
 3.438 0.00148743 0.00279393
 3.4385 0.00147732 0.00280277
 3.439 0.00146761 0.00281165
 3.4395 0.00145831 0.00282057
 3.44 0.0014494 0.00282953
 3.4405 0.00144087 0.00283853
 3.441 0.0014327 0.00284757
 3.4415 0.0014249 0.00285665
 3.442 0.00141744 0.00286578
 3.4425 0.00141032 0.00287495
 3.443 0.00140354 0.00288417
 3.4435 0.00139707 0.00289342
 3.444 0.00139092 0.00290273
 3.4445 0.00138506 0.00291208
 3.445 0.00137951 0.00292147
 3.4455 0.00137424 0.00293091
 3.446 0.00136925 0.00294039
 3.4465 0.00136453 0.00294993
 3.447 0.00136008 0.00295951
 3.4475 0.00135588 0.00296914
 3.448 0.00135194 0.00297881
 3.4485 0.00134824 0.00298854
 3.449 0.00134477 0.00299831
 3.4495 0.00134154 0.00300813
 3.45 0.00133853 0.00301801
 3.4505 0.00133574 0.00302793
 3.451 0.00133317 0.0030379
 3.4515 0.0013308 0.00304793
 3.452 0.00132864 0.00305801
 3.4525 0.00132668 0.00306814
 3.453 0.00132491 0.00307832
 3.4535 0.00132332 0.00308855
 3.454 0.00132192 0.00309884
 3.4545 0.0013207 0.00310918
 3.455 0.00131965 0.00311958
 3.4555 0.00131877 0.00313003
 3.456 0.00131806 0.00314053
 3.4565 0.00131751 0.00315109
 3.457 0.00131712 0.00316171
 3.4575 0.00131688 0.00317238
 3.458 0.00131679 0.00318311
 3.4585 0.00131685 0.0031939
 3.459 0.00131706 0.00320474
 3.4595 0.0013174 0.00321564
 3.46 0.00131788 0.0032266
 3.4605 0.0013185 0.00323762
 3.461 0.00131924 0.00324869
 3.4615 0.00132012 0.00325983
 3.462 0.00132112 0.00327103
 3.4625 0.00132224 0.00328228
 3.463 0.00132348 0.0032936
 3.4635 0.00132484 0.00330498
 3.464 0.00132631 0.00331642
 3.4645 0.0013279 0.00332792
 3.465 0.00132959 0.00333948
 3.4655 0.0013314 0.00335111
 3.466 0.0013333 0.0033628
 3.4665 0.00133532 0.00337455
 3.467 0.00133743 0.00338637
 3.4675 0.00133964 0.00339826
 3.468 0.00134195 0.0034102
 3.4685 0.00134435 0.00342222
 3.469 0.00134684 0.0034343
 3.4695 0.00134943 0.00344644
 3.47 0.00135211 0.00345865
 3.4705 0.00135487 0.00347093
 3.471 0.00135772 0.00348328
 3.4715 0.00136066 0.0034957
 3.472 0.00136368 0.00350819
 3.4725 0.00136678 0.00352074
 3.473 0.00136996 0.00353337
 3.4735 0.00137322 0.00354606
 3.474 0.00137655 0.00355883
 3.4745 0.00137997 0.00357167
 3.475 0.00138345 0.00358458
 3.4755 0.00138701 0.00359757
 3.476 0.00139064 0.00361063
 3.4765 0.00139435 0.00362377
 3.477 0.00139812 0.00363698
 3.4775 0.00140196 0.00365026
 3.478 0.00140587 0.00366363
 3.4785 0.00140984 0.00367707
 3.479 0.00141388 0.00369059
 3.4795 0.00141799 0.00370418
 3.48 0.00142215 0.00371786
 3.4805 0.00142638 0.00373162
 3.481 0.00143068 0.00374547
 3.4815 0.00143503 0.00375939
 3.482 0.00143944 0.0037734
 3.4825 0.00144391 0.00378749
 3.483 0.00144844 0.00380167
 3.4835 0.00145302 0.00381594
 3.484 0.00145766 0.0038303
 3.4845 0.00146236 0.00384474
 3.485 0.00146711 0.00385928
 3.4855 0.00147192 0.00387391
 3.486 0.00147678 0.00388863
 3.4865 0.00148169 0.00390345
 3.487 0.00148665 0.00391836
 3.4875 0.00149167 0.00393337
 3.488 0.00149673 0.00394849
 3.4885 0.00150185 0.0039637
 3.489 0.00150702 0.00397901
 3.4895 0.00151223 0.00399443
 3.49 0.00151749 0.00400996
 3.4905 0.0015228 0.00402559
 3.491 0.00152816 0.00404134
 3.4915 0.00153357 0.00405719
 3.492 0.00153902 0.00407317
 3.4925 0.00154451 0.00408925
 3.493 0.00155006 0.00410546
 3.4935 0.00155564 0.00412179
 3.494 0.00156127 0.00413824
 3.4945 0.00156695 0.00415482
 3.495 0.00157267 0.00417153
 3.4955 0.00157843 0.00418837
 3.496 0.00158424 0.00420534
 3.4965 0.00159008 0.00422245
 3.497 0.00159597 0.0042397
 3.4975 0.0016019 0.0042571
 3.498 0.00160787 0.00427464
 3.4985 0.00161389 0.00429234
 3.499 0.00161994 0.00431018
 3.4995 0.00162604 0.00432819
 3.5 0.00163217 0.00434636
 3.5005 0.00163834 0.00436469
 3.501 0.00164456 0.0043832
 3.5015 0.00165081 0.00440187
 3.502 0.0016571 0.00442073
 3.5025 0.00166343 0.00443977
 3.503 0.0016698 0.00445899
 3.5035 0.00167621 0.00447841
 3.504 0.00168266 0.00449803
 3.5045 0.00168914 0.00451785
 3.505 0.00169566 0.00453788
 3.5055 0.00170222 0.00455812
 3.506 0.00170881 0.00457858
 3.5065 0.00171545 0.00459927
 3.507 0.00172212 0.00462019
 3.5075 0.00172883 0.00464135
 3.508 0.00173557 0.00466275
 3.5085 0.00174235 0.00468441
 3.509 0.00174917 0.00470632
 3.5095 0.00175602 0.0047285
 3.51 0.00176291 0.00475095
 3.5105 0.00176984 0.00477368
 3.511 0.00177681 0.0047967
 3.5115 0.00178381 0.00482002
 3.512 0.00179084 0.00484365
 3.5125 0.00179792 0.00486759
 3.513 0.00180503 0.00489185
 3.5135 0.00181217 0.00491644
 3.514 0.00181935 0.00494138
 3.5145 0.00182657 0.00496666
 3.515 0.00183383 0.00499231
 3.5155 0.00184112 0.00501833
 3.516 0.00184845 0.00504473
 3.5165 0.00185582 0.00507153
 3.517 0.00186322 0.00509873
 3.5175 0.00187066 0.00512634
 3.518 0.00187814 0.00515438
 3.5185 0.00188565 0.00518286
 3.519 0.0018932 0.00521179
 3.5195 0.00190079 0.00524118
 3.52 0.00190842 0.00527105
 3.5205 0.00191609 0.0053014
 3.521 0.00192379 0.00533226
 3.5215 0.00193154 0.00536363
 3.522 0.00193932 0.00539552
 3.5225 0.00194714 0.00542796
 3.523 0.00195501 0.00546095
 3.5235 0.00196291 0.00549451
 3.524 0.00197085 0.00552865
 3.5245 0.00197884 0.00556339
 3.525 0.00198686 0.00559874
 3.5255 0.00199493 0.00563471
 3.526 0.00200304 0.00567131
 3.5265 0.0020112 0.00570857
 3.527 0.00201939 0.00574648
 3.5275 0.00202763 0.00578508
 3.528 0.00203592 0.00582436
 3.5285 0.00204425 0.00586434
 3.529 0.00205262 0.00590503
 3.5295 0.00206105 0.00594645
 3.53 0.00206952 0.00598859
 3.5305 0.00207803 0.00603148
 3.531 0.0020866 0.00607511
 3.5315 0.00209522 0.0061195
 3.532 0.00210388 0.00616464
 3.5325 0.0021126 0.00621054
 3.533 0.00212137 0.00625721
 3.5335 0.00213019 0.00630464
 3.534 0.00213906 0.00635282
 3.5345 0.00214799 0.00640175
 3.535 0.00215698 0.00645142
 3.5355 0.00216602 0.00650182
 3.536 0.00217512 0.00655292
 3.5365 0.00218428 0.00660472
 3.537 0.0021935 0.00665718
 3.5375 0.00220278 0.00671028
 3.538 0.00221213 0.00676397
 3.5385 0.00222154 0.00681822
 3.539 0.00223102 0.00687298
 3.5395 0.00224056 0.0069282
 3.54 0.00225017 0.00698381
 3.5405 0.00225985 0.00703974
 3.541 0.0022696 0.00709592
 3.5415 0.00227943 0.00715227
 3.542 0.00228934 0.00720869
 3.5425 0.00229932 0.00726507
 3.543 0.00230938 0.00732131
 3.5435 0.00231952 0.00737728
 3.544 0.00232974 0.00743285
 3.5445 0.00234005 0.00748788
 3.545 0.00235045 0.00754222
 3.5455 0.00236093 0.00759571
 3.546 0.00237151 0.00764819
 3.5465 0.00238218 0.00769947
 3.547 0.00239295 0.00774937
 3.5475 0.00240383 0.00779771
 3.548 0.0024148 0.00784429
 3.5485 0.00242588 0.00788891
 3.549 0.00243707 0.00793138
 3.5495 0.00244837 0.0079715
 3.55 0.00245978 0.00800907
 3.5505 0.00247131 0.00804391
 3.551 0.00248297 0.00807584
 3.5515 0.00249475 0.00810469
 3.552 0.00250666 0.00813031
 3.5525 0.0025187 0.00815257
 3.553 0.00253088 0.00817134
 3.5535 0.00254321 0.00818653
 3.554 0.00255568 0.00819808
 3.5545 0.0025683 0.00820594
 3.555 0.00258107 0.00821012
 3.5555 0.00259401 0.00821063
 3.556 0.00260711 0.00820753
 3.5565 0.00262039 0.0082009
 3.557 0.00263384 0.00819088
 3.5575 0.00264748 0.00817761
 3.558 0.0026613 0.00816129
 3.5585 0.00267532 0.00814212
 3.559 0.00268954 0.00812036
 3.5595 0.00270398 0.00809628
 3.56 0.00271862 0.00807017
 3.5605 0.00273349 0.00804233
 3.561 0.0027486 0.0080131
 3.5615 0.00276394 0.0079828
 3.562 0.00277952 0.00795178
 3.5625 0.00279536 0.00792038
 3.563 0.00281146 0.00788894
 3.5635 0.00282783 0.00785779
 3.564 0.00284448 0.00782726
 3.5645 0.00286141 0.00779764
 3.565 0.00287864 0.00776923
 3.5655 0.00289616 0.00774229
 3.566 0.00291399 0.00771705
 3.5665 0.00293214 0.00769371
 3.567 0.00295059 0.00767243
 3.5675 0.00296938 0.00765332
 3.568 0.00298848 0.00763645
 3.5685 0.00300791 0.00762182
 3.569 0.00302767 0.00760936
 3.5695 0.00304774 0.00759895
 3.57 0.00306814 0.00759034
 3.5705 0.00308884 0.00758322
 3.571 0.00310983 0.00757714
 3.5715 0.00313111 0.00757154
 3.572 0.00315265 0.00756571
 3.5725 0.00317443 0.00755877
 3.573 0.00319641 0.00754972
 3.5735 0.00321856 0.00753734
 3.574 0.00324085 0.00752025
 3.5745 0.00326323 0.00749691
 3.575 0.00328566 0.00746563
 3.5755 0.00330807 0.00742463
 3.576 0.00333041 0.00737206
 3.5765 0.00335262 0.00730614
 3.577 0.00337465 0.0072252
 3.5775 0.00339644 0.00712787
 3.578 0.00341792 0.00701316
 3.5785 0.00343904 0.00688061
 3.579 0.00345976 0.00673041
 3.5795 0.00348004 0.00656345
 3.58 0.00349984 0.00638136
 3.5805 0.00351915 0.00618643
 3.581 0.00353796 0.00598153
 3.5815 0.00355627 0.00576995
 3.582 0.00357411 0.00555513
 3.5825 0.00359149 0.00534056
 3.583 0.00360846 0.00512949
 3.5835 0.00362506 0.0049248
 3.584 0.00364136 0.00472891
 3.5845 0.00365741 0.00454372
 3.585 0.00367329 0.00437057
 3.5855 0.00368905 0.00421032
 3.586 0.00370478 0.00406334
 3.5865 0.00372053 0.00392968
 3.587 0.00373638 0.00380904
 3.5875 0.00375239 0.00370092
 3.588 0.00376862 0.00360468
 3.5885 0.00378512 0.00351954
 3.589 0.00380194 0.00344472
 3.5895 0.00381914 0.00337937
 3.59 0.00383674 0.00332271
 3.5905 0.00385479 0.00327394
 3.591 0.00387332 0.00323234
 3.5915 0.00389236 0.00319722
 3.592 0.00391194 0.00316796
 3.5925 0.00393207 0.00314398
 3.593 0.00395277 0.00312476
 3.5935 0.00397408 0.00310984
 3.594 0.003996 0.0030988
 3.5945 0.00401855 0.00309127
 3.595 0.00404176 0.00308693
 3.5955 0.00406563 0.00308549
 3.596 0.00409019 0.0030867
 3.5965 0.00411545 0.00309033
 3.597 0.00414144 0.00309619
 3.5975 0.00416818 0.00310413
 3.598 0.0041957 0.003114
 3.5985 0.00422402 0.00312569
 3.599 0.0042532 0.00313911
 3.5995 0.00428326 0.00315419
 3.6 0.00431427 0.00317087
 3.6005 0.00434627 0.00318913
 3.601 0.00437933 0.00320896
 3.6015 0.00441355 0.00323037
 3.602 0.00444903 0.00325341
 3.6025 0.00448588 0.00327813
 3.603 0.00452426 0.00330464
 3.6035 0.00456435 0.00333309
 3.604 0.00460639 0.00336364
 3.6045 0.00465066 0.00339656
 3.605 0.00469753 0.00343217
 3.6055 0.00474746 0.00347089
 3.606 0.00480108 0.00351328
 3.6065 0.00485917 0.00356007
 3.607 0.00492279 0.00361227
 3.6075 0.00499337 0.00367119
 3.608 0.00507288 0.00373867
 3.6085 0.00516403 0.00381725
 3.609 0.0052707 0.00391053
 3.6095 0.00539846 0.00402369
 3.61 0.00555552 0.00416434
 3.6105 0.00575417 0.00434379
 3.611 0.00601301 0.00457915
 3.6115 0.00636033 0.00489631
 3.612 0.00683824 0.00533358
 3.6125 0.00750459 0.00594316
 3.613 0.00842044 0.00677902
 3.6135 0.00959041 0.00784165
 3.614 0.0108256 0.00895333
 3.6145 0.0116692 0.0096951
 3.615 0.0117383 0.00972453
 3.6155 0.0111684 0.00917659
 3.616 0.0103831 0.00844248
 3.6165 0.00966861 0.00778184
 3.617 0.00911593 0.00727475
 3.6175 0.00872153 0.00691591
 3.618 0.00845647 0.00667785
 3.6185 0.00829223 0.00653411
 3.619 0.00820696 0.00646474
 3.6195 0.0081855 0.00645617
 3.62 0.008218 0.00649991
 3.6205 0.00829872 0.0065914
 3.621 0.00842494 0.00672914
 3.6215 0.00859641 0.00691421
 3.622 0.00881485 0.00714986
 3.6225 0.00908365 0.00744106
 3.623 0.0094076 0.00779325
 3.6235 0.00979253 0.00820945
 3.624 0.0102448 0.00868672
 3.6245 0.0107706 0.00921776
 3.625 0.0113748 0.00979932
 3.6255 0.0120592 0.010434
 3.626 0.0128204 0.0111213
 3.6265 0.0136452 0.0118492
 3.627 0.0145036 0.0125894
 3.6275 0.0153368 0.0132907
 3.628 0.0160468 0.0138726
 3.6285 0.0165017 0.0142304
 3.629 0.0165811 0.0142707
 3.6295 0.0162476 0.0139686
 3.63 0.0155829 0.0133948
 3.6305 0.0147418 0.0126788
 3.631 0.0138727 0.0119435
 3.6315 0.0130711 0.0112678
 3.632 0.012379 0.0106857
 3.6325 0.0118035 0.0102013
 3.633 0.011335 0.00980373
 3.6335 0.0109582 0.0094775
 3.634 0.0106575 0.00920784
 3.6345 0.010419 0.00898379
 3.635 0.0102312 0.00879863
 3.6355 0.0100848 0.00864867
 3.636 0.00997257 0.00853171
 3.6365 0.00988859 0.0084458
 3.637 0.00982826 0.00838885
 3.6375 0.00978792 0.00835863
 3.638 0.00976468 0.00835293
 3.6385 0.00975619 0.00836977
 3.639 0.00976059 0.00840742
 3.6395 0.00977637 0.00846451
 3.64 0.00980231 0.00853995
 3.6405 0.00983744 0.00863294
 3.641 0.00988096 0.00874291
 3.6415 0.00993224 0.00886949
 3.642 0.00999075 0.00901244
 3.6425 0.0100561 0.00917164
 3.643 0.010128 0.00934704
 3.6435 0.0102061 0.00953857
 3.644 0.0102903 0.00974615
 3.6445 0.0103804 0.0099696
 3.645 0.0104764 0.0102086
 3.6455 0.0105781 0.0104625
 3.646 0.0106857 0.0107304
 3.6465 0.010799 0.011011
 3.647 0.010918 0.0113025
 3.6475 0.0110429 0.0116024
 3.648 0.0111737 0.0119076
 3.6485 0.0113104 0.012214
 3.649 0.0114532 0.0125169
 3.6495 0.011602 0.0128105
 3.65 0.0117569 0.0130885
