 3.1 0.000523791 0.00041265
 3.1005 0.000524818 0.000413468
 3.101 0.000525848 0.000414289
 3.1015 0.000526882 0.000415113
 3.102 0.00052792 0.000415939
 3.1025 0.000528961 0.000416768
 3.103 0.000530006 0.0004176
 3.1035 0.000531055 0.000418435
 3.104 0.000532107 0.000419272
 3.1045 0.000533163 0.000420112
 3.105 0.000534223 0.000420956
 3.1055 0.000535286 0.000421802
 3.106 0.000536353 0.00042265
 3.1065 0.000537424 0.000423502
 3.107 0.000538499 0.000424357
 3.1075 0.000539577 0.000425215
 3.108 0.000540659 0.000426075
 3.1085 0.000541746 0.000426939
 3.109 0.000542836 0.000427805
 3.1095 0.00054393 0.000428674
 3.11 0.000545028 0.000429547
 3.1105 0.000546129 0.000430422
 3.111 0.000547235 0.0004313
 3.1115 0.000548345 0.000432182
 3.112 0.000549459 0.000433066
 3.1125 0.000550577 0.000433954
 3.113 0.000551698 0.000434845
 3.1135 0.000552824 0.000435738
 3.114 0.000553954 0.000436635
 3.1145 0.000555089 0.000437535
 3.115 0.000556227 0.000438438
 3.1155 0.000557369 0.000439344
 3.116 0.000558516 0.000440254
 3.1165 0.000559667 0.000441166
 3.117 0.000560822 0.000442082
 3.1175 0.000561981 0.000443001
 3.118 0.000563145 0.000443924
 3.1185 0.000564313 0.000444849
 3.119 0.000565485 0.000445778
 3.1195 0.000566662 0.00044671
 3.12 0.000567843 0.000447645
 3.1205 0.000569028 0.000448584
 3.121 0.000570218 0.000449526
 3.1215 0.000571412 0.000450471
 3.122 0.000572611 0.00045142
 3.1225 0.000573814 0.000452372
 3.123 0.000575022 0.000453328
 3.1235 0.000576235 0.000454287
 3.124 0.000577452 0.000455249
 3.1245 0.000578673 0.000456215
 3.125 0.0005799 0.000457185
 3.1255 0.00058113 0.000458157
 3.126 0.000582366 0.000459134
 3.1265 0.000583606 0.000460114
 3.127 0.000584852 0.000461097
 3.1275 0.000586101 0.000462084
 3.128 0.000587356 0.000463075
 3.1285 0.000588616 0.000464069
 3.129 0.00058988 0.000465067
 3.1295 0.000591149 0.000466068
 3.13 0.000592423 0.000467073
 3.1305 0.000593703 0.000468082
 3.131 0.000594987 0.000469095
 3.1315 0.000596276 0.000470111
 3.132 0.00059757 0.000471131
 3.1325 0.000598869 0.000472155
 3.133 0.000600174 0.000473182
 3.1335 0.000601483 0.000474214
 3.134 0.000602798 0.000475249
 3.1345 0.000604118 0.000476288
 3.135 0.000605443 0.000477331
 3.1355 0.000606773 0.000478377
 3.136 0.000608109 0.000479428
 3.1365 0.00060945 0.000480483
 3.137 0.000610796 0.000481541
 3.1375 0.000612148 0.000482603
 3.138 0.000613505 0.00048367
 3.1385 0.000614868 0.00048474
 3.139 0.000616236 0.000485815
 3.1395 0.000617609 0.000486893
 3.14 0.000618989 0.000487976
 3.1405 0.000620373 0.000489063
 3.141 0.000621764 0.000490154
 3.1415 0.00062316 0.000491248
 3.142 0.000624562 0.000492348
 3.1425 0.000625969 0.000493451
 3.143 0.000627383 0.000494558
 3.1435 0.000628802 0.00049567
 3.144 0.000630227 0.000496786
 3.1445 0.000631658 0.000497906
 3.145 0.000633094 0.000499031
 3.1455 0.000634537 0.00050016
 3.146 0.000635986 0.000501293
 3.1465 0.000637441 0.000502431
 3.147 0.000638902 0.000503573
 3.1475 0.000640369 0.000504719
 3.148 0.000641842 0.00050587
 3.1485 0.000643321 0.000507025
 3.149 0.000644807 0.000508185
 3.1495 0.000646299 0.000509349
 3.15 0.000647797 0.000510518
 3.1505 0.000649301 0.000511692
 3.151 0.000650812 0.00051287
 3.1515 0.00065233 0.000514052
 3.152 0.000653854 0.00051524
 3.1525 0.000655384 0.000516432
 3.153 0.000656921 0.000517628
 3.1535 0.000658465 0.00051883
 3.154 0.000660015 0.000520036
 3.1545 0.000661572 0.000521246
 3.155 0.000663136 0.000522462
 3.1555 0.000664706 0.000523683
 3.156 0.000666284 0.000524908
 3.1565 0.000667868 0.000526138
 3.157 0.000669459 0.000527373
 3.1575 0.000671057 0.000528613
 3.158 0.000672663 0.000529859
 3.1585 0.000674275 0.000531109
 3.159 0.000675895 0.000532364
 3.1595 0.000677521 0.000533624
 3.16 0.000679155 0.000534889
 3.1605 0.000680796 0.000536159
 3.161 0.000682445 0.000537435
 3.1615 0.000684101 0.000538715
 3.162 0.000685764 0.000540001
 3.1625 0.000687435 0.000541292
 3.163 0.000689113 0.000542588
 3.1635 0.000690799 0.00054389
 3.164 0.000692493 0.000545196
 3.1645 0.000694194 0.000546509
 3.165 0.000695903 0.000547826
 3.1655 0.00069762 0.000549149
 3.166 0.000699345 0.000550477
 3.1665 0.000701078 0.000551811
 3.167 0.000702818 0.000553151
 3.1675 0.000704567 0.000554495
 3.168 0.000706324 0.000555846
 3.1685 0.000708089 0.000557202
 3.169 0.000709862 0.000558563
 3.1695 0.000711643 0.000559931
 3.17 0.000713433 0.000561304
 3.1705 0.000715231 0.000562682
 3.171 0.000717038 0.000564067
 3.1715 0.000718853 0.000565457
 3.172 0.000720677 0.000566853
 3.1725 0.000722509 0.000568255
 3.173 0.00072435 0.000569663
 3.1735 0.0007262 0.000571076
 3.174 0.000728058 0.000572496
 3.1745 0.000729926 0.000573922
 3.175 0.000731803 0.000575353
 3.1755 0.000733688 0.000576791
 3.176 0.000735583 0.000578235
 3.1765 0.000737487 0.000579685
 3.177 0.0007394 0.000581141
 3.1775 0.000741322 0.000582603
 3.178 0.000743254 0.000584072
 3.1785 0.000745195 0.000585547
 3.179 0.000747146 0.000587028
 3.1795 0.000749107 0.000588515
 3.18 0.000751077 0.000590009
 3.1805 0.000753056 0.000591509
 3.181 0.000755046 0.000593016
 3.1815 0.000757046 0.000594529
 3.182 0.000759055 0.000596049
 3.1825 0.000761075 0.000597575
 3.183 0.000763105 0.000599108
 3.1835 0.000765144 0.000600648
 3.184 0.000767195 0.000602194
 3.1845 0.000769255 0.000603747
 3.185 0.000771326 0.000605307
 3.1855 0.000773408 0.000606873
 3.186 0.0007755 0.000608447
 3.1865 0.000777603 0.000610027
 3.187 0.000779717 0.000611614
 3.1875 0.000781842 0.000613209
 3.188 0.000783978 0.00061481
 3.1885 0.000786124 0.000616418
 3.189 0.000788282 0.000618033
 3.1895 0.000790451 0.000619656
 3.19 0.000792632 0.000621286
 3.1905 0.000794824 0.000622922
 3.191 0.000797027 0.000624567
 3.1915 0.000799242 0.000626218
 3.192 0.000801469 0.000627877
 3.1925 0.000803707 0.000629543
 3.193 0.000805958 0.000631217
 3.1935 0.00080822 0.000632898
 3.194 0.000810495 0.000634586
 3.1945 0.000812782 0.000636282
 3.195 0.000815081 0.000637986
 3.1955 0.000817393 0.000639698
 3.196 0.000819717 0.000641417
 3.1965 0.000822053 0.000643144
 3.197 0.000824403 0.000644878
 3.1975 0.000826765 0.000646621
 3.198 0.00082914 0.000648371
 3.1985 0.000831529 0.00065013
 3.199 0.00083393 0.000651896
 3.1995 0.000836345 0.00065367
 3.2 0.000838773 0.000655453
 3.2005 0.000841215 0.000657243
 3.201 0.000843671 0.000659042
 3.2015 0.00084614 0.000660849
 3.202 0.000848623 0.000662664
 3.2025 0.00085112 0.000664488
 3.203 0.000853631 0.000666319
 3.2035 0.000856157 0.00066816
 3.204 0.000858696 0.000670009
 3.2045 0.000861251 0.000671866
 3.205 0.00086382 0.000673732
 3.2055 0.000866404 0.000675606
 3.206 0.000869002 0.000677489
 3.2065 0.000871616 0.000679381
 3.207 0.000874245 0.000681282
 3.2075 0.000876889 0.000683191
 3.208 0.000879549 0.000685109
 3.2085 0.000882224 0.000687036
 3.209 0.000884915 0.000688973
 3.2095 0.000887622 0.000690918
 3.21 0.000890345 0.000692872
 3.2105 0.000893085 0.000694835
 3.211 0.00089584 0.000696808
 3.2115 0.000898612 0.00069879
 3.212 0.000901401 0.000700781
 3.2125 0.000904206 0.000702782
 3.213 0.000907029 0.000704791
 3.2135 0.000909868 0.000706811
 3.214 0.000912725 0.00070884
 3.2145 0.000915599 0.000710878
 3.215 0.000918491 0.000712926
 3.2155 0.000921401 0.000714984
 3.216 0.000924328 0.000717051
 3.2165 0.000927274 0.000719129
 3.217 0.000930238 0.000721216
 3.2175 0.000933221 0.000723313
 3.218 0.000936222 0.00072542
 3.2185 0.000939242 0.000727537
 3.219 0.000942281 0.000729664
 3.2195 0.000945339 0.000731801
 3.22 0.000948417 0.000733949
 3.2205 0.000951514 0.000736107
 3.221 0.000954631 0.000738275
 3.2215 0.000957768 0.000740453
 3.222 0.000960925 0.000742642
 3.2225 0.000964103 0.000744841
 3.223 0.000967301 0.000747051
 3.2235 0.00097052 0.000749272
 3.224 0.00097376 0.000751503
 3.2245 0.000977021 0.000753745
 3.225 0.000980304 0.000755998
 3.2255 0.000983608 0.000758262
 3.226 0.000986935 0.000760536
 3.2265 0.000990283 0.000762822
 3.227 0.000993654 0.000765118
 3.2275 0.000997047 0.000767426
 3.228 0.00100046 0.000769745
 3.2285 0.0010039 0.000772075
 3.229 0.00100736 0.000774416
 3.2295 0.00101085 0.000776769
 3.23 0.00101436 0.000779133
 3.2305 0.00101789 0.000781509
 3.231 0.00102145 0.000783896
 3.2315 0.00102503 0.000786295
 3.232 0.00102864 0.000788706
 3.2325 0.00103227 0.000791128
 3.233 0.00103593 0.000793562
 3.2335 0.00103962 0.000796008
 3.234 0.00104332 0.000798466
 3.2345 0.00104706 0.000800936
 3.235 0.00105082 0.000803418
 3.2355 0.00105461 0.000805912
 3.236 0.00105843 0.000808418
 3.2365 0.00106227 0.000810937
 3.237 0.00106614 0.000813468
 3.2375 0.00107004 0.000816011
 3.238 0.00107397 0.000818567
 3.2385 0.00107792 0.000821135
 3.239 0.00108191 0.000823716
 3.2395 0.00108592 0.00082631
 3.24 0.00108996 0.000828916
 3.2405 0.00109404 0.000831535
 3.241 0.00109814 0.000834167
 3.2415 0.00110227 0.000836812
 3.242 0.00110644 0.00083947
 3.2425 0.00111063 0.000842141
 3.243 0.00111486 0.000844825
 3.2435 0.00111912 0.000847522
 3.244 0.00112341 0.000850233
 3.2445 0.00112774 0.000852957
 3.245 0.0011321 0.000855694
 3.2455 0.00113649 0.000858445
 3.246 0.00114092 0.000861209
 3.2465 0.00114538 0.000863987
 3.247 0.00114987 0.000866779
 3.2475 0.0011544 0.000869584
 3.248 0.00115897 0.000872404
 3.2485 0.00116357 0.000875237
 3.249 0.0011682 0.000878084
 3.2495 0.00117288 0.000880945
 3.25 0.00117759 0.00088382
 3.2505 0.00118234 0.000886709
 3.251 0.00118713 0.000889613
 3.2515 0.00119196 0.000892531
 3.252 0.00119682 0.000895463
 3.2525 0.00120173 0.000898409
 3.253 0.00120667 0.00090137
 3.2535 0.00121166 0.000904346
 3.254 0.00121669 0.000907336
 3.2545 0.00122176 0.000910341
 3.255 0.00122687 0.000913361
 3.2555 0.00123202 0.000916395
 3.256 0.00123722 0.000919445
 3.2565 0.00124246 0.000922509
 3.257 0.00124775 0.000925589
 3.2575 0.00125308 0.000928683
 3.258 0.00125846 0.000931793
 3.2585 0.00126388 0.000934918
 3.259 0.00126935 0.000938058
 3.2595 0.00127486 0.000941213
 3.26 0.00128043 0.000944384
 3.2605 0.00128604 0.00094757
 3.261 0.0012917 0.000950772
 3.2615 0.00129741 0.00095399
 3.262 0.00130318 0.000957223
 3.2625 0.00130899 0.000960472
 3.263 0.00131485 0.000963737
 3.2635 0.00132077 0.000967017
 3.264 0.00132674 0.000970314
 3.2645 0.00133277 0.000973626
 3.265 0.00133885 0.000976955
 3.2655 0.00134498 0.0009803
 3.266 0.00135117 0.00098366
 3.2665 0.00135742 0.000987037
 3.267 0.00136373 0.000990431
 3.2675 0.00137009 0.00099384
 3.268 0.00137652 0.000997266
 3.2685 0.001383 0.00100071
 3.269 0.00138954 0.00100417
 3.2695 0.00139615 0.00100764
 3.27 0.00140282 0.00101114
 3.2705 0.00140955 0.00101464
 3.271 0.00141635 0.00101817
 3.2715 0.00142321 0.00102171
 3.272 0.00143014 0.00102527
 3.2725 0.00143713 0.00102885
 3.273 0.0014442 0.00103244
 3.2735 0.00145133 0.00103605
 3.274 0.00145853 0.00103968
 3.2745 0.0014658 0.00104332
 3.275 0.00147315 0.00104698
 3.2755 0.00148057 0.00105066
 3.276 0.00148806 0.00105436
 3.2765 0.00149563 0.00105807
 3.277 0.00150327 0.0010618
 3.2775 0.00151099 0.00106555
 3.278 0.00151879 0.00106932
 3.2785 0.00152667 0.0010731
 3.279 0.00153463 0.0010769
 3.2795 0.00154267 0.00108072
 3.28 0.0015508 0.00108455
 3.2805 0.00155901 0.0010884
 3.281 0.0015673 0.00109228
 3.2815 0.00157569 0.00109616
 3.282 0.00158416 0.00110007
 3.2825 0.00159272 0.00110399
 3.283 0.00160137 0.00110794
 3.2835 0.00161011 0.0011119
 3.284 0.00161895 0.00111587
 3.2845 0.00162788 0.00111987
 3.285 0.00163691 0.00112388
 3.2855 0.00164604 0.00112791
 3.286 0.00165526 0.00113196
 3.2865 0.00166459 0.00113603
 3.287 0.00167402 0.00114011
 3.2875 0.00168355 0.00114422
 3.288 0.00169319 0.00114834
 3.2885 0.00170294 0.00115248
 3.289 0.00171279 0.00115664
 3.2895 0.00172276 0.00116081
 3.29 0.00173284 0.00116501
 3.2905 0.00174303 0.00116922
 3.291 0.00175333 0.00117345
 3.2915 0.00176376 0.0011777
 3.292 0.0017743 0.00118196
 3.2925 0.00178497 0.00118625
 3.293 0.00179576 0.00119055
 3.2935 0.00180667 0.00119487
 3.294 0.00181771 0.00119921
 3.2945 0.00182888 0.00120357
 3.295 0.00184018 0.00120795
 3.2955 0.00185162 0.00121234
 3.296 0.00186319 0.00121675
 3.2965 0.00187489 0.00122118
 3.297 0.00188674 0.00122563
 3.2975 0.00189872 0.0012301
 3.298 0.00191085 0.00123459
 3.2985 0.00192313 0.00123909
 3.299 0.00193555 0.00124361
 3.2995 0.00194812 0.00124815
 3.3 0.00196085 0.00125271
 3.3005 0.00197373 0.00125729
 3.301 0.00198677 0.00126188
 3.3015 0.00199997 0.00126649
 3.302 0.00201333 0.00127113
 3.3025 0.00202686 0.00127577
 3.303 0.00204055 0.00128044
 3.3035 0.00205441 0.00128513
 3.304 0.00206845 0.00128983
 3.3045 0.00208266 0.00129455
 3.305 0.00209705 0.00129929
 3.3055 0.00211162 0.00130404
 3.306 0.00212637 0.00130882
 3.3065 0.00214131 0.00131361
 3.307 0.00215643 0.00131842
 3.3075 0.00217175 0.00132325
 3.308 0.00218726 0.00132809
 3.3085 0.00220297 0.00133296
 3.309 0.00221888 0.00133784
 3.3095 0.00223499 0.00134274
 3.31 0.00225131 0.00134765
 3.3105 0.00226784 0.00135259
 3.311 0.00228457 0.00135754
 3.3115 0.00230153 0.0013625
 3.312 0.0023187 0.00136749
 3.3125 0.00233608 0.00137249
 3.313 0.0023537 0.00137751
 3.3135 0.00237154 0.00138255
 3.314 0.0023896 0.0013876
 3.3145 0.0024079 0.00139267
 3.315 0.00242644 0.00139776
 3.3155 0.00244521 0.00140286
 3.316 0.00246423 0.00140798
 3.3165 0.00248348 0.00141312
 3.317 0.00250299 0.00141827
 3.3175 0.00252274 0.00142345
 3.318 0.00254274 0.00142863
 3.3185 0.002563 0.00143384
 3.319 0.00258352 0.00143906
 3.3195 0.00260429 0.00144429
 3.32 0.00262533 0.00144954
 3.3205 0.00264663 0.00145481
 3.321 0.0026682 0.0014601
 3.3215 0.00269003 0.0014654
 3.322 0.00271214 0.00147071
 3.3225 0.00273452 0.00147604
 3.323 0.00275717 0.00148139
 3.3235 0.0027801 0.00148675
 3.324 0.00280331 0.00149213
 3.3245 0.00282679 0.00149752
 3.325 0.00285056 0.00150293
 3.3255 0.0028746 0.00150835
 3.326 0.00289893 0.00151379
 3.3265 0.00292353 0.00151924
 3.327 0.00294842 0.00152471
 3.3275 0.00297359 0.00153019
 3.328 0.00299904 0.00153569
 3.3285 0.00302476 0.0015412
 3.329 0.00305077 0.00154673
 3.3295 0.00307705 0.00155227
 3.33 0.0031036 0.00155782
 3.3305 0.00313042 0.00156339
 3.331 0.00315752 0.00156897
 3.3315 0.00318487 0.00157457
 3.332 0.00321249 0.00158018
 3.3325 0.00324036 0.0015858
 3.333 0.00326848 0.00159144
 3.3335 0.00329684 0.00159709
 3.334 0.00332544 0.00160275
 3.3345 0.00335427 0.00160842
 3.335 0.00338333 0.00161411
 3.3355 0.00341259 0.00161982
 3.336 0.00344206 0.00162553
 3.3365 0.00347171 0.00163126
 3.337 0.00350155 0.001637
 3.3375 0.00353156 0.00164275
 3.338 0.00356171 0.00164852
 3.3385 0.00359201 0.0016543
 3.339 0.00362243 0.00166008
 3.3395 0.00365296 0.00166589
 3.34 0.00368357 0.0016717
 3.3405 0.00371425 0.00167753
 3.341 0.00374498 0.00168336
 3.3415 0.00377574 0.00168921
 3.342 0.0038065 0.00169507
 3.3425 0.00383724 0.00170095
 3.343 0.00386792 0.00170683
 3.3435 0.00389854 0.00171273
 3.344 0.00392905 0.00171863
 3.3445 0.00395942 0.00172455
 3.345 0.00398963 0.00173048
 3.3455 0.00401963 0.00173642
 3.346 0.0040494 0.00174237
 3.3465 0.0040789 0.00174833
 3.347 0.00410809 0.0017543
 3.3475 0.00413693 0.00176029
 3.348 0.00416538 0.00176628
 3.3485 0.0041934 0.00177229
 3.349 0.00422094 0.0017783
 3.3495 0.00424796 0.00178433
 3.35 0.00427441 0.00179036
 3.3505 0.00430025 0.00179641
 3.351 0.00432543 0.00180247
 3.3515 0.00434989 0.00180853
 3.352 0.0043736 0.00181461
 3.3525 0.00439649 0.0018207
 3.353 0.00441851 0.0018268
 3.3535 0.00443963 0.00183291
 3.354 0.00445977 0.00183902
 3.3545 0.00447889 0.00184515
 3.355 0.00449695 0.00185129
 3.3555 0.00451388 0.00185744
 3.356 0.00452963 0.0018636
 3.3565 0.00454417 0.00186977
 3.357 0.00455743 0.00187595
 3.3575 0.00456938 0.00188214
 3.358 0.00457996 0.00188834
 3.3585 0.00458913 0.00189455
 3.359 0.00459685 0.00190077
 3.3595 0.00460309 0.001907
 3.36 0.0046078 0.00191325
 3.3605 0.00461095 0.0019195
 3.361 0.0046125 0.00192576
 3.3615 0.00461245 0.00193203
 3.362 0.00461075 0.00193832
 3.3625 0.00460739 0.00194461
 3.363 0.00460235 0.00195091
 3.3635 0.00459562 0.00195723
 3.364 0.0045872 0.00196355
 3.3645 0.00457707 0.00196988
 3.365 0.00456525 0.00197623
 3.3655 0.00455174 0.00198259
 3.366 0.00453654 0.00198895
 3.3665 0.00451968 0.00199533
 3.367 0.00450117 0.00200172
 3.3675 0.00448103 0.00200811
 3.368 0.0044593 0.00201452
 3.3685 0.00443601 0.00202094
 3.369 0.00441118 0.00202737
 3.3695 0.00438488 0.00203381
 3.37 0.00435713 0.00204026
 3.3705 0.00432799 0.00204673
 3.371 0.00429751 0.0020532
 3.3715 0.00426574 0.00205968
 3.372 0.00423274 0.00206617
 3.3725 0.00419856 0.00207268
 3.373 0.00416328 0.00207919
 3.3735 0.00412696 0.00208572
 3.374 0.00408965 0.00209226
 3.3745 0.00405143 0.0020988
 3.375 0.00401236 0.00210536
 3.3755 0.00397251 0.00211193
 3.376 0.00393195 0.00211851
 3.3765 0.00389074 0.0021251
 3.377 0.00384896 0.0021317
 3.3775 0.00380668 0.00213832
 3.378 0.00376395 0.00214494
 3.3785 0.00372084 0.00215158
 3.379 0.00367743 0.00215822
 3.3795 0.00363376 0.00216488
 3.38 0.00358991 0.00217155
 3.3805 0.00354593 0.00217822
 3.381 0.00350188 0.00218491
 3.3815 0.00345782 0.00219162
 3.382 0.00341379 0.00219833
 3.3825 0.00336985 0.00220505
 3.383 0.00332606 0.00221179
 3.3835 0.00328244 0.00221854
 3.384 0.00323906 0.00222529
 3.3845 0.00319594 0.00223206
 3.385 0.00315314 0.00223885
 3.3855 0.00311068 0.00224564
 3.386 0.0030686 0.00225245
 3.3865 0.00302694 0.00225927
 3.387 0.00298571 0.0022661
 3.3875 0.00294496 0.00227294
 3.388 0.0029047 0.0022798
 3.3885 0.00286495 0.00228666
 3.389 0.00282574 0.00229355
 3.3895 0.00278709 0.00230044
 3.39 0.00274901 0.00230735
 3.3905 0.00271152 0.00231427
 3.391 0.00267463 0.0023212
 3.3915 0.00263835 0.00232815
 3.392 0.00260269 0.00233511
 3.3925 0.00256765 0.00234209
 3.393 0.00253326 0.00234907
 3.3935 0.0024995 0.00235608
 3.394 0.00246639 0.0023631
 3.3945 0.00243392 0.00237013
 3.395 0.00240211 0.00237718
 3.3955 0.00237094 0.00238424
 3.396 0.00234042 0.00239132
 3.3965 0.00231054 0.00239841
 3.397 0.00228131 0.00240552
 3.3975 0.00225272 0.00241265
 3.398 0.00222476 0.00241979
 3.3985 0.00219744 0.00242695
 3.399 0.00217074 0.00243412
 3.3995 0.00214466 0.00244131
 3.4 0.0021192 0.00244852
 3.4005 0.00209434 0.00245575
 3.401 0.00207009 0.00246299
 3.4015 0.00204642 0.00247025
 3.402 0.00202335 0.00247753
 3.4025 0.00200085 0.00248483
 3.403 0.00197891 0.00249215
 3.4035 0.00195754 0.00249949
 3.404 0.00193672 0.00250684
 3.4045 0.00191644 0.00251422
 3.405 0.00189669 0.00252161
 3.4055 0.00187747 0.00252903
 3.406 0.00185876 0.00253646
 3.4065 0.00184056 0.00254392
 3.407 0.00182285 0.00255139
 3.4075 0.00180563 0.00255889
 3.408 0.00178889 0.00256641
 3.4085 0.00177262 0.00257395
 3.409 0.00175681 0.00258151
 3.4095 0.00174145 0.0025891
 3.41 0.00172653 0.00259671
 3.4105 0.00171204 0.00260434
 3.411 0.00169798 0.00261199
 3.4115 0.00168433 0.00261967
 3.412 0.00167109 0.00262738
 3.4125 0.00165825 0.0026351
 3.413 0.00164579 0.00264285
 3.4135 0.00163372 0.00265063
 3.414 0.00162202 0.00265843
 3.4145 0.00161069 0.00266626
 3.415 0.00159971 0.00267411
 3.4155 0.00158909 0.00268199
 3.416 0.0015788 0.00268989
 3.4165 0.00156885 0.00269783
 3.417 0.00155923 0.00270578
 3.4175 0.00154992 0.00271377
 3.418 0.00154093 0.00272179
 3.4185 0.00153225 0.00272983
 3.419 0.00152386 0.0027379
 3.4195 0.00151577 0.002746
 3.42 0.00150796 0.00275413
 3.4205 0.00150043 0.00276229
 3.421 0.00149317 0.00277048
 3.4215 0.00148619 0.0027787
 3.422 0.00147946 0.00278695
 3.4225 0.00147299 0.00279523
 3.423 0.00146677 0.00280354
 3.4235 0.00146079 0.00281189
 3.424 0.00145505 0.00282027
 3.4245 0.00144954 0.00282867
 3.425 0.00144427 0.00283712
 3.4255 0.00143921 0.00284559
 3.426 0.00143438 0.0028541
 3.4265 0.00142975 0.00286264
 3.427 0.00142534 0.00287122
 3.4275 0.00142113 0.00287983
 3.428 0.00141712 0.00288848
 3.4285 0.00141331 0.00289716
 3.429 0.00140968 0.00290588
 3.4295 0.00140625 0.00291464
 3.43 0.00140299 0.00292343
 3.4305 0.00139992 0.00293226
 3.431 0.00139702 0.00294113
 3.4315 0.00139429 0.00295004
 3.432 0.00139173 0.00295898
 3.4325 0.00138934 0.00296796
 3.433 0.0013871 0.00297699
 3.4335 0.00138502 0.00298605
 3.434 0.0013831 0.00299515
 3.4345 0.00138133 0.00300429
 3.435 0.0013797 0.00301348
 3.4355 0.00137822 0.0030227
 3.436 0.00137688 0.00303197
 3.4365 0.00137568 0.00304128
 3.437 0.00137462 0.00305064
 3.4375 0.00137369 0.00306003
 3.438 0.00137289 0.00306948
 3.4385 0.00137222 0.00307896
 3.439 0.00137167 0.00308849
 3.4395 0.00137125 0.00309807
 3.44 0.00137095 0.00310769
 3.4405 0.00137076 0.00311736
 3.441 0.00137069 0.00312708
 3.4415 0.00137074 0.00313684
 3.442 0.00137089 0.00314666
 3.4425 0.00137116 0.00315652
 3.443 0.00137153 0.00316643
 3.4435 0.00137201 0.00317639
 3.444 0.00137259 0.0031864
 3.4445 0.00137328 0.00319646
 3.445 0.00137406 0.00320658
 3.4455 0.00137494 0.00321674
 3.446 0.00137592 0.00322696
 3.4465 0.00137699 0.00323724
 3.447 0.00137815 0.00324756
 3.4475 0.00137941 0.00325795
 3.448 0.00138075 0.00326839
 3.4485 0.00138218 0.00327888
 3.449 0.0013837 0.00328943
 3.4495 0.00138531 0.00330004
 3.45 0.00138699 0.00331071
 3.4505 0.00138876 0.00332144
 3.451 0.00139061 0.00333223
 3.4515 0.00139254 0.00334308
 3.452 0.00139455 0.00335399
 3.4525 0.00139664 0.00336496
 3.453 0.0013988 0.003376
 3.4535 0.00140103 0.0033871
 3.454 0.00140334 0.00339827
 3.4545 0.00140572 0.0034095
 3.455 0.00140817 0.0034208
 3.4555 0.0014107 0.00343217
 3.456 0.00141329 0.00344361
 3.4565 0.00141595 0.00345512
 3.457 0.00141867 0.0034667
 3.4575 0.00142147 0.00347835
 3.458 0.00142432 0.00349007
 3.4585 0.00142724 0.00350187
 3.459 0.00143023 0.00351375
 3.4595 0.00143328 0.0035257
 3.46 0.00143639 0.00353773
 3.4605 0.00143956 0.00354983
 3.461 0.00144279 0.00356202
 3.4615 0.00144608 0.00357429
 3.462 0.00144943 0.00358664
 3.4625 0.00145283 0.00359908
 3.463 0.0014563 0.0036116
 3.4635 0.00145982 0.00362421
 3.464 0.00146339 0.00363691
 3.4645 0.00146702 0.0036497
 3.465 0.00147071 0.00366258
 3.4655 0.00147445 0.00367555
 3.466 0.00147824 0.00368862
 3.4665 0.00148208 0.00370179
 3.467 0.00148598 0.00371505
 3.4675 0.00148993 0.00372841
 3.468 0.00149393 0.00374188
 3.4685 0.00149798 0.00375545
 3.469 0.00150208 0.00376912
 3.4695 0.00150623 0.00378291
 3.47 0.00151043 0.0037968
 3.4705 0.00151468 0.0038108
 3.471 0.00151897 0.00382492
 3.4715 0.00152332 0.00383915
 3.472 0.00152771 0.0038535
 3.4725 0.00153214 0.00386798
 3.473 0.00153663 0.00388257
 3.4735 0.00154116 0.00389729
 3.474 0.00154574 0.00391214
 3.4745 0.00155036 0.00392712
 3.475 0.00155502 0.00394223
 3.4755 0.00155973 0.00395748
 3.476 0.00156449 0.00397286
 3.4765 0.00156929 0.00398839
 3.477 0.00157414 0.00400406
 3.4775 0.00157902 0.00401988
 3.478 0.00158395 0.00403585
 3.4785 0.00158893 0.00405198
 3.479 0.00159395 0.00406826
 3.4795 0.00159901 0.0040847
 3.48 0.00160411 0.0041013
 3.4805 0.00160925 0.00411807
 3.481 0.00161444 0.00413501
 3.4815 0.00161967 0.00415213
 3.482 0.00162494 0.00416942
 3.4825 0.00163025 0.0041869
 3.483 0.00163561 0.00420456
 3.4835 0.001641 0.00422241
 3.484 0.00164644 0.00424046
 3.4845 0.00165191 0.0042587
 3.485 0.00165743 0.00427715
 3.4855 0.00166299 0.00429581
 3.486 0.00166859 0.00431468
 3.4865 0.00167423 0.00433376
 3.487 0.00167991 0.00435307
 3.4875 0.00168563 0.0043726
 3.488 0.0016914 0.00439236
 3.4885 0.0016972 0.00441236
 3.489 0.00170304 0.00443261
 3.4895 0.00170893 0.0044531
 3.49 0.00171485 0.00447384
 3.4905 0.00172082 0.00449484
 3.491 0.00172682 0.00451611
 3.4915 0.00173287 0.00453765
 3.492 0.00173896 0.00455946
 3.4925 0.00174509 0.00458155
 3.493 0.00175125 0.00460394
 3.4935 0.00175746 0.00462661
 3.494 0.00176372 0.00464959
 3.4945 0.00177001 0.00467288
 3.495 0.00177634 0.00469648
 3.4955 0.00178272 0.0047204
 3.496 0.00178914 0.00474465
 3.4965 0.00179559 0.00476924
 3.497 0.0018021 0.00479416
 3.4975 0.00180864 0.00481943
 3.498 0.00181523 0.00484506
 3.4985 0.00182185 0.00487106
 3.499 0.00182853 0.00489742
 3.4995 0.00183524 0.00492416
 3.5 0.001842 0.00495128
 3.5005 0.0018488 0.00497879
 3.501 0.00185565 0.0050067
 3.5015 0.00186254 0.00503502
 3.502 0.00186947 0.00506375
 3.5025 0.00187645 0.0050929
 3.503 0.00188348 0.00512248
 3.5035 0.00189055 0.00515249
 3.504 0.00189767 0.00518293
 3.5045 0.00190483 0.00521383
 3.505 0.00191204 0.00524518
 3.5055 0.0019193 0.00527698
 3.506 0.00192661 0.00530925
 3.5065 0.00193396 0.00534198
 3.507 0.00194137 0.00537519
 3.5075 0.00194882 0.00540888
 3.508 0.00195633 0.00544304
 3.5085 0.00196388 0.00547769
 3.509 0.00197149 0.00551283
 3.5095 0.00197914 0.00554845
 3.51 0.00198685 0.00558456
 3.5105 0.00199462 0.00562116
 3.511 0.00200243 0.00565824
 3.5115 0.00201031 0.00569581
 3.512 0.00201823 0.00573386
 3.5125 0.00202622 0.00577239
 3.513 0.00203426 0.00581138
 3.5135 0.00204235 0.00585084
 3.514 0.00205051 0.00589074
 3.5145 0.00205873 0.00593109
 3.515 0.002067 0.00597187
 3.5155 0.00207534 0.00601305
 3.516 0.00208374 0.00605463
 3.5165 0.0020922 0.00609658
 3.517 0.00210073 0.00613888
 3.5175 0.00210932 0.0061815
 3.518 0.00211798 0.00622441
 3.5185 0.00212671 0.00626759
 3.519 0.0021355 0.006311
 3.5195 0.00214436 0.0063546
 3.52 0.0021533 0.00639835
 3.5205 0.00216231 0.00644219
 3.521 0.00217139 0.00648609
 3.5215 0.00218055 0.00652999
 3.522 0.00218978 0.00657384
 3.5225 0.00219909 0.00661756
 3.523 0.00220848 0.00666109
 3.5235 0.00221795 0.00670438
 3.524 0.00222751 0.00674733
 3.5245 0.00223715 0.00678989
 3.525 0.00224687 0.00683195
 3.5255 0.00225668 0.00687344
 3.526 0.00226659 0.00691428
 3.5265 0.00227658 0.00695437
 3.527 0.00228667 0.00699361
 3.5275 0.00229685 0.00703191
 3.528 0.00230713 0.00706918
 3.5285 0.0023175 0.0071053
 3.529 0.00232798 0.0071402
 3.5295 0.00233857 0.00717376
 3.53 0.00234926 0.00720589
 3.5305 0.00236006 0.00723649
 3.531 0.00237097 0.00726547
 3.5315 0.00238199 0.00729275
 3.532 0.00239313 0.00731823
 3.5325 0.00240439 0.00734184
 3.533 0.00241577 0.00736352
 3.5335 0.00242728 0.00738319
 3.534 0.00243891 0.0074008
 3.5345 0.00245067 0.00741632
 3.535 0.00246257 0.00742971
 3.5355 0.0024746 0.00744095
 3.536 0.00248678 0.00745003
 3.5365 0.00249909 0.00745696
 3.537 0.00251156 0.00746176
 3.5375 0.00252417 0.00746447
 3.538 0.00253694 0.00746514
 3.5385 0.00254987 0.00746383
 3.539 0.00256296 0.00746061
 3.5395 0.00257621 0.00745558
 3.54 0.00258963 0.00744886
 3.5405 0.00260323 0.00744055
 3.541 0.002617 0.00743079
 3.5415 0.00263096 0.00741972
 3.542 0.0026451 0.0074075
 3.5425 0.00265943 0.00739428
 3.543 0.00267395 0.00738025
 3.5435 0.00268867 0.00736557
 3.544 0.00270359 0.00735042
 3.5445 0.00271872 0.00733501
 3.545 0.00273405 0.0073195
 3.5455 0.0027496 0.00730409
 3.546 0.00276537 0.00728897
 3.5465 0.00278135 0.00727432
 3.547 0.00279756 0.00726033
 3.5475 0.00281399 0.00724717
 3.548 0.00283064 0.007235
 3.5485 0.00284753 0.007224
 3.549 0.00286464 0.00721431
 3.5495 0.00288199 0.00720606
 3.55 0.00289956 0.00719938
 3.5505 0.00291737 0.00719439
 3.551 0.0029354 0.00719116
 3.5515 0.00295365 0.00718976
 3.552 0.00297212 0.00719024
 3.5525 0.0029908 0.00719261
 3.553 0.00300969 0.00719685
 3.5535 0.00302877 0.0072029
 3.554 0.00304805 0.00721065
 3.5545 0.00306749 0.00721997
 3.555 0.0030871 0.00723063
 3.5555 0.00310686 0.00724236
 3.556 0.00312674 0.00725483
 3.5565 0.00314673 0.00726759
 3.557 0.0031668 0.00728011
 3.5575 0.00318694 0.00729179
 3.558 0.00320712 0.00730187
 3.5585 0.00322731 0.0073095
 3.559 0.00324749 0.00731371
 3.5595 0.00326762 0.00731341
 3.56 0.00328769 0.0073074
 3.5605 0.00330765 0.00729437
 3.561 0.00332748 0.00727295
 3.5615 0.00334716 0.00724176
 3.562 0.00336665 0.00719943
 3.5625 0.00338594 0.00714467
 3.563 0.00340501 0.00707636
 3.5635 0.00342383 0.00699365
 3.564 0.00344239 0.00689598
 3.5645 0.00346069 0.00678323
 3.565 0.00347872 0.00665573
 3.5655 0.00349648 0.00651432
 3.566 0.00351397 0.00636031
 3.5665 0.00353121 0.00619549
 3.567 0.00354822 0.00602201
 3.5675 0.003565 0.0058423
 3.568 0.00358159 0.00565895
 3.5685 0.00359802 0.00547455
 3.569 0.00361431 0.0052916
 3.5695 0.00363051 0.00511238
 3.57 0.00364665 0.00493888
 3.5705 0.00366276 0.00477276
 3.571 0.00367889 0.0046153
 3.5715 0.00369509 0.00446745
 3.572 0.00371138 0.00432981
 3.5725 0.0037278 0.00420268
 3.573 0.00374441 0.00408612
 3.5735 0.00376122 0.00397997
 3.574 0.00377829 0.00388393
 3.5745 0.00379563 0.00379757
 3.575 0.00381329 0.00372039
 3.5755 0.0038313 0.00365183
 3.576 0.00384968 0.00359132
 3.5765 0.00386846 0.00353827
 3.577 0.00388765 0.00349211
 3.5775 0.0039073 0.00345229
 3.578 0.00392741 0.00341829
 3.5785 0.00394801 0.00338961
 3.579 0.00396911 0.0033658
 3.5795 0.00399074 0.00334644
 3.58 0.0040129 0.00333115
 3.5805 0.00403562 0.00331957
 3.581 0.00405892 0.0033114
 3.5815 0.0040828 0.00330635
 3.582 0.00410728 0.00330416
 3.5825 0.00413238 0.00330461
 3.583 0.00415812 0.00330749
 3.5835 0.00418452 0.00331262
 3.584 0.00421159 0.00331985
 3.5845 0.00423935 0.00332905
 3.585 0.00426783 0.00334008
 3.5855 0.00429705 0.00335285
 3.586 0.00432703 0.00336728
 3.5865 0.00435782 0.0033833
 3.587 0.00438944 0.00340084
 3.5875 0.00442193 0.00341987
 3.588 0.00445533 0.00344036
 3.5885 0.0044897 0.00346229
 3.589 0.00452509 0.00348567
 3.5895 0.00456157 0.0035105
 3.59 0.00459922 0.00353683
 3.5905 0.00463812 0.00356469
 3.591 0.00467837 0.00359417
 3.5915 0.00472012 0.00362534
 3.592 0.00476349 0.00365833
 3.5925 0.00480868 0.00369329
 3.593 0.0048559 0.0037304
 3.5935 0.00490541 0.00376991
 3.594 0.00495755 0.00381212
 3.5945 0.00501272 0.0038574
 3.595 0.00507144 0.00390624
 3.5955 0.00513437 0.00395926
 3.596 0.00520236 0.00401726
 3.5965 0.00527653 0.0040813
 3.597 0.00535838 0.00415277
 3.5975 0.00544993 0.00423358
 3.598 0.00555396 0.00432631
 3.5985 0.00567435 0.0044346
 3.599 0.00581666 0.00456359
 3.5995 0.00598895 0.00472075
 3.6 0.00620315 0.00491706
 3.6005 0.00647713 0.00516894
 3.601 0.00683786 0.00550102
 3.6015 0.0073255 0.00594984
 3.602 0.00799662 0.00656645
 3.6025 0.00891801 0.00741037
 3.603 0.0101263 0.00851205
 3.6035 0.0115159 0.00977044
 3.604 0.0127087 0.0108377
 3.6045 0.0132163 0.011273
 3.605 0.0129414 0.0109984
 3.6055 0.0122448 0.0103497
 3.606 0.0115056 0.00967282
 3.6065 0.0109033 0.00912858
 3.607 0.0104759 0.00874924
 3.6075 0.0102074 0.00851879
 3.608 0.0100709 0.00841226
 3.6085 0.0100431 0.00840864
 3.609 0.0101077 0.00849332
 3.6095 0.010254 0.0086575
 3.61 0.0104763 0.008897
 3.6105 0.0107722 0.00921117
 3.611 0.0111415 0.00960169
 3.6115 0.0115848 0.0100708
 3.612 0.0121021 0.0106173
 3.6125 0.0126908 0.0112303
 3.613 0.0133422 0.0118835
 3.6135 0.0140385 0.0125441
 3.614 0.0147471 0.0131835
 3.6145 0.0154175 0.0137679
 3.615 0.0159799 0.0142452
 3.6155 0.0163533 0.0145497
 3.616 0.0164654 0.0146223
 3.6165 0.0162805 0.0144352
 3.617 0.0158195 0.0140089
 3.6175 0.0151549 0.0134072
 3.618 0.0143828 0.0127126
 3.6185 0.013591 0.0120001
 3.619 0.0128412 0.0113224
 3.6195 0.0121676 0.0107082
 3.62 0.0115829 0.0101683
 3.6205 0.0110869 0.00970286
 3.621 0.0106727 0.00930686
 3.6215 0.0103306 0.00897359
 3.622 0.0100506 0.00869629
 3.6225 0.00982362 0.00846877
 3.623 0.00964149 0.00828548
 3.6235 0.00949732 0.00814149
 3.624 0.00938536 0.00803242
 3.6245 0.00930085 0.00795441
 3.625 0.00923986 0.00790413
 3.6255 0.00919916 0.00787868
 3.626 0.00917611 0.00787566
 3.6265 0.00916852 0.00789302
 3.627 0.00917462 0.00792907
 3.6275 0.00919291 0.00798242
 3.628 0.00922219 0.00805191
 3.6285 0.00926146 0.0081366
 3.629 0.00930989 0.00823571
 3.6295 0.00936681 0.00834856
 3.63 0.00943164 0.00847457
 3.6305 0.00950395 0.0086132
 3.631 0.00958335 0.00876391
 3.6315 0.00966954 0.00892615
 3.632 0.00976229 0.0090993
 3.6325 0.0098614 0.00928264
 3.633 0.00996672 0.00947529
 3.6335 0.0100781 0.00967622
 3.634 0.0101956 0.00988415
 3.6345 0.010319 0.0100975
 3.635 0.0104483 0.0103146
 3.6355 0.0105835 0.010533
 3.636 0.0107246 0.0107505
 3.6365 0.0108715 0.010964
 3.637 0.0110242 0.0111704
 3.6375 0.0111828 0.0113661
 3.638 0.0113473 0.0115476
 3.6385 0.0115176 0.0117109
 3.639 0.0116936 0.0118523
 3.6395 0.0118755 0.011968
 3.64 0.0120632 0.012055
 3.6405 0.0122566 0.0121104
 3.641 0.0124558 0.0121323
 3.6415 0.0126607 0.0121195
 3.642 0.0128714 0.0120717
 3.6425 0.0130879 0.0119898
 3.643 0.0133101 0.0118754
 3.6435 0.0135381 0.0117311
 3.644 0.0137719 0.0115602
 3.6445 0.0140115 0.0113663
 3.645 0.0142569 0.0111536
 3.6455 0.014508 0.0109264
 3.646 0.0147649 0.0106887
 3.6465 0.0150274 0.0104447
 3.647 0.0152954 0.0101979
 3.6475 0.0155687 0.00995159
 3.648 0.0158471 0.00970865
 3.6485 0.0161303 0.00947142
 3.649 0.0164179 0.0092418
 3.6495 0.0167094 0.0090213
 3.65 0.0170043 0.00881101
