 3.1 0.000620153 0.000488695
 3.1005 0.00062145 0.0004897
 3.101 0.000622751 0.000490708
 3.1015 0.000624057 0.00049172
 3.102 0.000625369 0.000492735
 3.1025 0.000626685 0.000493754
 3.103 0.000628007 0.000494776
 3.1035 0.000629333 0.000495802
 3.104 0.000630665 0.000496831
 3.1045 0.000632002 0.000497864
 3.105 0.000633344 0.000498901
 3.1055 0.000634692 0.000499941
 3.106 0.000636044 0.000500985
 3.1065 0.000637402 0.000502033
 3.107 0.000638765 0.000503084
 3.1075 0.000640134 0.000504139
 3.108 0.000641508 0.000505198
 3.1085 0.000642887 0.000506261
 3.109 0.000644272 0.000507327
 3.1095 0.000645662 0.000508397
 3.11 0.000647058 0.000509471
 3.1105 0.000648459 0.000510549
 3.111 0.000649866 0.000511631
 3.1115 0.000651279 0.000512716
 3.112 0.000652697 0.000513805
 3.1125 0.000654121 0.000514899
 3.113 0.000655551 0.000515996
 3.1135 0.000656986 0.000517097
 3.114 0.000658427 0.000518202
 3.1145 0.000659874 0.000519311
 3.115 0.000661327 0.000520424
 3.1155 0.000662786 0.000521542
 3.116 0.000664251 0.000522663
 3.1165 0.000665721 0.000523788
 3.117 0.000667198 0.000524917
 3.1175 0.000668681 0.000526051
 3.118 0.00067017 0.000527188
 3.1185 0.000671665 0.00052833
 3.119 0.000673166 0.000529476
 3.1195 0.000674674 0.000530626
 3.12 0.000676187 0.00053178
 3.1205 0.000677707 0.000532939
 3.121 0.000679234 0.000534102
 3.1215 0.000680766 0.000535269
 3.122 0.000682305 0.00053644
 3.1225 0.000683851 0.000537616
 3.123 0.000685403 0.000538796
 3.1235 0.000686962 0.00053998
 3.124 0.000688527 0.000541169
 3.1245 0.000690099 0.000542362
 3.125 0.000691677 0.000543559
 3.1255 0.000693263 0.000544761
 3.126 0.000694855 0.000545968
 3.1265 0.000696454 0.000547179
 3.127 0.000698059 0.000548395
 3.1275 0.000699672 0.000549615
 3.128 0.000701291 0.000550839
 3.1285 0.000702918 0.000552068
 3.129 0.000704552 0.000553302
 3.1295 0.000706192 0.000554541
 3.13 0.00070784 0.000555784
 3.1305 0.000709495 0.000557032
 3.131 0.000711157 0.000558284
 3.1315 0.000712827 0.000559541
 3.132 0.000714504 0.000560804
 3.1325 0.000716188 0.00056207
 3.133 0.000717879 0.000563342
 3.1335 0.000719579 0.000564618
 3.134 0.000721285 0.0005659
 3.1345 0.000723 0.000567186
 3.135 0.000724721 0.000568477
 3.1355 0.000726451 0.000569773
 3.136 0.000728188 0.000571074
 3.1365 0.000729934 0.00057238
 3.137 0.000731687 0.000573691
 3.1375 0.000733447 0.000575007
 3.138 0.000735216 0.000576328
 3.1385 0.000736993 0.000577654
 3.139 0.000738778 0.000578985
 3.1395 0.000740571 0.000580322
 3.14 0.000742373 0.000581663
 3.1405 0.000744182 0.00058301
 3.141 0.000746 0.000584362
 3.1415 0.000747826 0.000585719
 3.142 0.000749661 0.000587081
 3.1425 0.000751504 0.000588449
 3.143 0.000753356 0.000589822
 3.1435 0.000755216 0.000591201
 3.144 0.000757085 0.000592585
 3.1445 0.000758963 0.000593974
 3.145 0.000760849 0.000595369
 3.1455 0.000762745 0.000596769
 3.146 0.000764649 0.000598174
 3.1465 0.000766563 0.000599586
 3.147 0.000768485 0.000601002
 3.1475 0.000770417 0.000602425
 3.148 0.000772357 0.000603853
 3.1485 0.000774307 0.000605286
 3.149 0.000776267 0.000606726
 3.1495 0.000778236 0.000608171
 3.15 0.000780214 0.000609621
 3.1505 0.000782202 0.000611078
 3.151 0.000784199 0.00061254
 3.1515 0.000786206 0.000614008
 3.152 0.000788223 0.000615482
 3.1525 0.00079025 0.000616962
 3.153 0.000792286 0.000618447
 3.1535 0.000794333 0.000619939
 3.154 0.00079639 0.000621437
 3.1545 0.000798457 0.00062294
 3.155 0.000800534 0.00062445
 3.1555 0.000802621 0.000625966
 3.156 0.000804719 0.000627488
 3.1565 0.000806827 0.000629016
 3.157 0.000808946 0.00063055
 3.1575 0.000811075 0.00063209
 3.158 0.000813215 0.000633637
 3.1585 0.000815366 0.00063519
 3.159 0.000817528 0.000636749
 3.1595 0.000819701 0.000638314
 3.16 0.000821885 0.000639886
 3.1605 0.000824079 0.000641464
 3.161 0.000826286 0.000643049
 3.1615 0.000828503 0.00064464
 3.162 0.000830732 0.000646238
 3.1625 0.000832972 0.000647842
 3.163 0.000835224 0.000649452
 3.1635 0.000837488 0.00065107
 3.164 0.000839763 0.000652694
 3.1645 0.000842051 0.000654324
 3.165 0.00084435 0.000655962
 3.1655 0.000846661 0.000657606
 3.166 0.000848985 0.000659256
 3.1665 0.000851321 0.000660914
 3.167 0.000853669 0.000662579
 3.1675 0.000856029 0.00066425
 3.168 0.000858402 0.000665928
 3.1685 0.000860788 0.000667613
 3.169 0.000863187 0.000669306
 3.1695 0.000865598 0.000671005
 3.17 0.000868023 0.000672711
 3.1705 0.00087046 0.000674425
 3.171 0.000872911 0.000676145
 3.1715 0.000875375 0.000677873
 3.172 0.000877853 0.000679608
 3.1725 0.000880344 0.00068135
 3.173 0.000882849 0.000683099
 3.1735 0.000885367 0.000684856
 3.174 0.0008879 0.00068662
 3.1745 0.000890446 0.000688392
 3.175 0.000893007 0.000690171
 3.1755 0.000895582 0.000691957
 3.176 0.000898171 0.000693751
 3.1765 0.000900775 0.000695553
 3.177 0.000903393 0.000697362
 3.1775 0.000906027 0.000699179
 3.178 0.000908675 0.000701003
 3.1785 0.000911338 0.000702835
 3.179 0.000914016 0.000704675
 3.1795 0.000916709 0.000706523
 3.18 0.000919418 0.000708378
 3.1805 0.000922143 0.000710242
 3.181 0.000924883 0.000712113
 3.1815 0.000927639 0.000713992
 3.182 0.000930411 0.00071588
 3.1825 0.000933199 0.000717775
 3.183 0.000936003 0.000719678
 3.1835 0.000938824 0.00072159
 3.184 0.000941662 0.000723509
 3.1845 0.000944516 0.000725437
 3.185 0.000947386 0.000727373
 3.1855 0.000950274 0.000729317
 3.186 0.000953179 0.00073127
 3.1865 0.000956102 0.000733231
 3.187 0.000959042 0.000735201
 3.1875 0.000961999 0.000737179
 3.188 0.000964975 0.000739165
 3.1885 0.000967968 0.00074116
 3.189 0.00097098 0.000743164
 3.1895 0.000974009 0.000745176
 3.19 0.000977058 0.000747197
 3.1905 0.000980125 0.000749226
 3.191 0.00098321 0.000751264
 3.1915 0.000986315 0.000753311
 3.192 0.000989439 0.000755367
 3.1925 0.000992582 0.000757432
 3.193 0.000995745 0.000759506
 3.1935 0.000998928 0.000761589
 3.194 0.00100213 0.000763681
 3.1945 0.00100535 0.000765781
 3.195 0.0010086 0.000767891
 3.1955 0.00101186 0.000770011
 3.196 0.00101514 0.000772139
 3.1965 0.00101845 0.000774276
 3.197 0.00102178 0.000776423
 3.1975 0.00102512 0.000778579
 3.198 0.00102849 0.000780745
 3.1985 0.00103188 0.00078292
 3.199 0.0010353 0.000785105
 3.1995 0.00103873 0.000787299
 3.2 0.00104219 0.000789502
 3.2005 0.00104567 0.000791715
 3.201 0.00104917 0.000793938
 3.2015 0.0010527 0.000796171
 3.202 0.00105625 0.000798413
 3.2025 0.00105982 0.000800665
 3.203 0.00106342 0.000802927
 3.2035 0.00106704 0.000805199
 3.204 0.00107068 0.000807481
 3.2045 0.00107435 0.000809773
 3.205 0.00107805 0.000812075
 3.2055 0.00108176 0.000814387
 3.206 0.00108551 0.000816709
 3.2065 0.00108928 0.000819041
 3.207 0.00109307 0.000821383
 3.2075 0.0010969 0.000823736
 3.208 0.00110074 0.000826099
 3.2085 0.00110462 0.000828473
 3.209 0.00110852 0.000830856
 3.2095 0.00111245 0.000833251
 3.21 0.00111641 0.000835656
 3.2105 0.00112039 0.000838071
 3.211 0.0011244 0.000840497
 3.2115 0.00112844 0.000842934
 3.212 0.00113251 0.000845381
 3.2125 0.00113661 0.000847839
 3.213 0.00114074 0.000850308
 3.2135 0.00114489 0.000852788
 3.214 0.00114908 0.000855279
 3.2145 0.0011533 0.00085778
 3.215 0.00115754 0.000860293
 3.2155 0.00116182 0.000862817
 3.216 0.00116613 0.000865351
 3.2165 0.00117047 0.000867897
 3.217 0.00117484 0.000870454
 3.2175 0.00117925 0.000873023
 3.218 0.00118369 0.000875602
 3.2185 0.00118816 0.000878193
 3.219 0.00119266 0.000880796
 3.2195 0.0011972 0.00088341
 3.22 0.00120177 0.000886035
 3.2205 0.00120638 0.000888672
 3.221 0.00121102 0.00089132
 3.2215 0.00121569 0.00089398
 3.222 0.0012204 0.000896652
 3.2225 0.00122515 0.000899335
 3.223 0.00122993 0.00090203
 3.2235 0.00123475 0.000904737
 3.224 0.00123961 0.000907456
 3.2245 0.00124451 0.000910187
 3.225 0.00124944 0.00091293
 3.2255 0.00125441 0.000915685
 3.226 0.00125942 0.000918451
 3.2265 0.00126448 0.00092123
 3.227 0.00126957 0.000924021
 3.2275 0.0012747 0.000926825
 3.228 0.00127987 0.00092964
 3.2285 0.00128508 0.000932468
 3.229 0.00129033 0.000935308
 3.2295 0.00129563 0.000938161
 3.23 0.00130097 0.000941026
 3.2305 0.00130635 0.000943903
 3.231 0.00131178 0.000946793
 3.2315 0.00131725 0.000949696
 3.232 0.00132276 0.000952611
 3.2325 0.00132833 0.000955539
 3.233 0.00133393 0.000958479
 3.2335 0.00133958 0.000961433
 3.234 0.00134528 0.000964399
 3.2345 0.00135103 0.000967378
 3.235 0.00135683 0.00097037
 3.2355 0.00136267 0.000973374
 3.236 0.00136856 0.000976392
 3.2365 0.00137451 0.000979423
 3.237 0.0013805 0.000982467
 3.2375 0.00138654 0.000985524
 3.238 0.00139264 0.000988594
 3.2385 0.00139879 0.000991677
 3.239 0.00140499 0.000994774
 3.2395 0.00141124 0.000997884
 3.24 0.00141755 0.00100101
 3.2405 0.00142392 0.00100414
 3.241 0.00143034 0.00100729
 3.2415 0.00143681 0.00101046
 3.242 0.00144334 0.00101363
 3.2425 0.00144993 0.00101682
 3.243 0.00145658 0.00102003
 3.2435 0.00146329 0.00102325
 3.244 0.00147006 0.00102648
 3.2445 0.00147689 0.00102972
 3.245 0.00148377 0.00103298
 3.2455 0.00149073 0.00103625
 3.246 0.00149774 0.00103954
 3.2465 0.00150482 0.00104284
 3.247 0.00151196 0.00104615
 3.2475 0.00151917 0.00104948
 3.248 0.00152644 0.00105282
 3.2485 0.00153378 0.00105618
 3.249 0.00154119 0.00105955
 3.2495 0.00154866 0.00106293
 3.25 0.00155621 0.00106633
 3.2505 0.00156382 0.00106974
 3.251 0.00157151 0.00107317
 3.2515 0.00157927 0.00107661
 3.252 0.0015871 0.00108006
 3.2525 0.00159501 0.00108353
 3.253 0.00160299 0.00108701
 3.2535 0.00161105 0.00109051
 3.254 0.00161918 0.00109402
 3.2545 0.00162739 0.00109755
 3.255 0.00163568 0.00110109
 3.2555 0.00164405 0.00110464
 3.256 0.0016525 0.00110821
 3.2565 0.00166103 0.0011118
 3.257 0.00166964 0.00111539
 3.2575 0.00167834 0.00111901
 3.258 0.00168713 0.00112263
 3.2585 0.00169599 0.00112628
 3.259 0.00170495 0.00112993
 3.2595 0.00171399 0.0011336
 3.26 0.00172313 0.00113729
 3.2605 0.00173235 0.00114099
 3.261 0.00174167 0.0011447
 3.2615 0.00175107 0.00114843
 3.262 0.00176057 0.00115218
 3.2625 0.00177017 0.00115594
 3.263 0.00177986 0.00115971
 3.2635 0.00178965 0.0011635
 3.264 0.00179954 0.0011673
 3.2645 0.00180953 0.00117112
 3.265 0.00181962 0.00117495
 3.2655 0.00182981 0.0011788
 3.266 0.0018401 0.00118266
 3.2665 0.0018505 0.00118654
 3.267 0.001861 0.00119043
 3.2675 0.00187162 0.00119434
 3.268 0.00188234 0.00119826
 3.2685 0.00189317 0.0012022
 3.269 0.00190411 0.00120615
 3.2695 0.00191516 0.00121012
 3.27 0.00192633 0.0012141
 3.2705 0.00193761 0.0012181
 3.271 0.00194901 0.00122211
 3.2715 0.00196053 0.00122614
 3.272 0.00197216 0.00123018
 3.2725 0.00198392 0.00123423
 3.273 0.0019958 0.00123831
 3.2735 0.0020078 0.00124239
 3.274 0.00201992 0.00124649
 3.2745 0.00203218 0.00125061
 3.275 0.00204455 0.00125474
 3.2755 0.00205706 0.00125889
 3.276 0.0020697 0.00126305
 3.2765 0.00208247 0.00126722
 3.277 0.00209537 0.00127141
 3.2775 0.0021084 0.00127562
 3.278 0.00212158 0.00127984
 3.2785 0.00213488 0.00128407
 3.279 0.00214833 0.00128832
 3.2795 0.00216191 0.00129259
 3.28 0.00217564 0.00129687
 3.2805 0.0021895 0.00130116
 3.281 0.00220351 0.00130547
 3.2815 0.00221767 0.00130979
 3.282 0.00223197 0.00131413
 3.2825 0.00224641 0.00131849
 3.283 0.002261 0.00132286
 3.2835 0.00227575 0.00132724
 3.284 0.00229064 0.00133164
 3.2845 0.00230568 0.00133605
 3.285 0.00232088 0.00134048
 3.2855 0.00233622 0.00134492
 3.286 0.00235172 0.00134937
 3.2865 0.00236738 0.00135384
 3.287 0.00238319 0.00135833
 3.2875 0.00239916 0.00136283
 3.288 0.00241528 0.00136734
 3.2885 0.00243156 0.00137187
 3.289 0.002448 0.00137642
 3.2895 0.0024646 0.00138097
 3.29 0.00248135 0.00138555
 3.2905 0.00249827 0.00139013
 3.291 0.00251534 0.00139473
 3.2915 0.00253257 0.00139935
 3.292 0.00254996 0.00140398
 3.2925 0.00256751 0.00140862
 3.293 0.00258522 0.00141328
 3.2935 0.00260308 0.00141795
 3.294 0.00262111 0.00142264
 3.2945 0.00263928 0.00142734
 3.295 0.00265762 0.00143205
 3.2955 0.00267611 0.00143678
 3.296 0.00269475 0.00144152
 3.2965 0.00271354 0.00144627
 3.297 0.00273249 0.00145104
 3.2975 0.00275158 0.00145583
 3.298 0.00277082 0.00146062
 3.2985 0.0027902 0.00146544
 3.299 0.00280972 0.00147026
 3.2995 0.00282938 0.0014751
 3.3 0.00284918 0.00147995
 3.3005 0.00286911 0.00148481
 3.301 0.00288917 0.00148969
 3.3015 0.00290936 0.00149459
 3.302 0.00292967 0.00149949
 3.3025 0.00295009 0.00150441
 3.303 0.00297062 0.00150934
 3.3035 0.00299126 0.00151429
 3.304 0.00301201 0.00151925
 3.3045 0.00303284 0.00152422
 3.305 0.00305377 0.0015292
 3.3055 0.00307478 0.0015342
 3.306 0.00309586 0.00153921
 3.3065 0.00311702 0.00154423
 3.307 0.00313823 0.00154927
 3.3075 0.00315949 0.00155432
 3.308 0.0031808 0.00155938
 3.3085 0.00320214 0.00156446
 3.309 0.0032235 0.00156954
 3.3095 0.00324488 0.00157465
 3.31 0.00326626 0.00157976
 3.3105 0.00328763 0.00158488
 3.311 0.00330899 0.00159002
 3.3115 0.0033303 0.00159517
 3.312 0.00335158 0.00160033
 3.3125 0.00337279 0.00160551
 3.313 0.00339393 0.0016107
 3.3135 0.00341498 0.00161589
 3.314 0.00343593 0.00162111
 3.3145 0.00345676 0.00162633
 3.315 0.00347746 0.00163157
 3.3155 0.003498 0.00163681
 3.316 0.00351837 0.00164207
 3.3165 0.00353856 0.00164734
 3.317 0.00355854 0.00165263
 3.3175 0.0035783 0.00165792
 3.318 0.00359781 0.00166323
 3.3185 0.00361705 0.00166855
 3.319 0.00363602 0.00167388
 3.3195 0.00365467 0.00167922
 3.32 0.003673 0.00168458
 3.3205 0.00369097 0.00168994
 3.321 0.00370858 0.00169532
 3.3215 0.00372579 0.00170071
 3.322 0.00374258 0.00170611
 3.3225 0.00375893 0.00171152
 3.323 0.00377482 0.00171694
 3.3235 0.00379022 0.00172238
 3.324 0.00380511 0.00172782
 3.3245 0.00381946 0.00173328
 3.325 0.00383325 0.00173875
 3.3255 0.00384646 0.00174423
 3.326 0.00385906 0.00174972
 3.3265 0.00387103 0.00175522
 3.327 0.00388235 0.00176073
 3.3275 0.00389299 0.00176625
 3.328 0.00390293 0.00177179
 3.3285 0.00391215 0.00177733
 3.329 0.00392063 0.00178289
 3.3295 0.00392835 0.00178846
 3.33 0.00393528 0.00179404
 3.3305 0.0039414 0.00179963
 3.331 0.00394671 0.00180523
 3.3315 0.00395118 0.00181084
 3.332 0.00395479 0.00181646
 3.3325 0.00395753 0.0018221
 3.333 0.00395938 0.00182774
 3.3335 0.00396034 0.00183339
 3.334 0.00396039 0.00183906
 3.3345 0.00395951 0.00184474
 3.335 0.00395771 0.00185042
 3.3355 0.00395497 0.00185612
 3.336 0.00395129 0.00186183
 3.3365 0.00394666 0.00186755
 3.337 0.00394109 0.00187328
 3.3375 0.00393456 0.00187902
 3.338 0.00392709 0.00188477
 3.3385 0.00391867 0.00189053
 3.339 0.0039093 0.00189631
 3.3395 0.00389901 0.00190209
 3.34 0.00388778 0.00190788
 3.3405 0.00387563 0.00191369
 3.341 0.00386258 0.0019195
 3.3415 0.00384863 0.00192532
 3.342 0.00383381 0.00193116
 3.3425 0.00381811 0.00193701
 3.343 0.00380158 0.00194286
 3.3435 0.00378421 0.00194873
 3.344 0.00376603 0.00195461
 3.3445 0.00374707 0.00196049
 3.345 0.00372735 0.00196639
 3.3455 0.00370689 0.0019723
 3.346 0.00368572 0.00197822
 3.3465 0.00366385 0.00198415
 3.347 0.00364133 0.00199008
 3.3475 0.00361818 0.00199603
 3.348 0.00359443 0.00200199
 3.3485 0.0035701 0.00200796
 3.349 0.00354523 0.00201394
 3.3495 0.00351984 0.00201993
 3.35 0.00349398 0.00202593
 3.3505 0.00346766 0.00203194
 3.351 0.00344093 0.00203797
 3.3515 0.00341381 0.002044
 3.352 0.00338633 0.00205004
 3.3525 0.00335852 0.00205609
 3.353 0.00333043 0.00206215
 3.3535 0.00330206 0.00206822
 3.354 0.00327347 0.00207431
 3.3545 0.00324467 0.0020804
 3.355 0.0032157 0.0020865
 3.3555 0.00318659 0.00209262
 3.356 0.00315736 0.00209874
 3.3565 0.00312804 0.00210487
 3.357 0.00309866 0.00211102
 3.3575 0.00306925 0.00211717
 3.358 0.00303982 0.00212334
 3.3585 0.00301041 0.00212952
 3.359 0.00298105 0.0021357
 3.3595 0.00295174 0.0021419
 3.36 0.00292252 0.00214811
 3.3605 0.00289341 0.00215432
 3.361 0.00286442 0.00216055
 3.3615 0.00283558 0.00216679
 3.362 0.0028069 0.00217304
 3.3625 0.00277841 0.0021793
 3.363 0.00275011 0.00218558
 3.3635 0.00272203 0.00219186
 3.364 0.00269418 0.00219815
 3.3645 0.00266657 0.00220446
 3.365 0.00263922 0.00221077
 3.3655 0.00261214 0.0022171
 3.366 0.00258533 0.00222344
 3.3665 0.00255882 0.00222979
 3.367 0.00253261 0.00223615
 3.3675 0.0025067 0.00224253
 3.368 0.00248112 0.00224891
 3.3685 0.00245586 0.00225531
 3.369 0.00243093 0.00226172
 3.3695 0.00240634 0.00226814
 3.37 0.00238209 0.00227457
 3.3705 0.00235819 0.00228102
 3.371 0.00233464 0.00228748
 3.3715 0.00231145 0.00229395
 3.372 0.00228862 0.00230043
 3.3725 0.00226615 0.00230692
 3.373 0.00224404 0.00231343
 3.3735 0.0022223 0.00231995
 3.374 0.00220092 0.00232649
 3.3745 0.00217991 0.00233304
 3.375 0.00215926 0.0023396
 3.3755 0.00213898 0.00234617
 3.376 0.00211907 0.00235276
 3.3765 0.00209953 0.00235936
 3.377 0.00208034 0.00236598
 3.3775 0.00206152 0.00237261
 3.378 0.00204306 0.00237925
 3.3785 0.00202496 0.00238591
 3.379 0.00200722 0.00239258
 3.3795 0.00198982 0.00239927
 3.38 0.00197278 0.00240597
 3.3805 0.00195609 0.00241269
 3.381 0.00193975 0.00241943
 3.3815 0.00192374 0.00242618
 3.382 0.00190808 0.00243294
 3.3825 0.00189275 0.00243972
 3.383 0.00187775 0.00244652
 3.3835 0.00186308 0.00245333
 3.384 0.00184874 0.00246016
 3.3845 0.00183471 0.00246701
 3.385 0.001821 0.00247387
 3.3855 0.00180761 0.00248075
 3.386 0.00179452 0.00248765
 3.3865 0.00178173 0.00249456
 3.387 0.00176925 0.00250149
 3.3875 0.00175706 0.00250845
 3.388 0.00174517 0.00251541
 3.3885 0.00173356 0.0025224
 3.389 0.00172223 0.00252941
 3.3895 0.00171119 0.00253643
 3.39 0.00170042 0.00254348
 3.3905 0.00168992 0.00255054
 3.391 0.00167968 0.00255762
 3.3915 0.00166971 0.00256473
 3.392 0.00166 0.00257185
 3.3925 0.00165054 0.00257899
 3.393 0.00164133 0.00258616
 3.3935 0.00163237 0.00259334
 3.394 0.00162365 0.00260055
 3.3945 0.00161516 0.00260778
 3.395 0.00160691 0.00261502
 3.3955 0.00159889 0.0026223
 3.396 0.0015911 0.00262959
 3.3965 0.00158353 0.00263691
 3.397 0.00157618 0.00264425
 3.3975 0.00156904 0.00265161
 3.398 0.00156211 0.00265899
 3.3985 0.00155539 0.0026664
 3.399 0.00154888 0.00267384
 3.3995 0.00154256 0.0026813
 3.4 0.00153645 0.00268878
 3.4005 0.00153052 0.00269629
 3.401 0.00152479 0.00270382
 3.4015 0.00151924 0.00271138
 3.402 0.00151387 0.00271896
 3.4025 0.00150869 0.00272658
 3.403 0.00150368 0.00273422
 3.4035 0.00149885 0.00274188
 3.404 0.00149419 0.00274957
 3.4045 0.00148969 0.00275729
 3.405 0.00148536 0.00276504
 3.4055 0.0014812 0.00277282
 3.406 0.00147719 0.00278063
 3.4065 0.00147334 0.00278846
 3.407 0.00146964 0.00279633
 3.4075 0.00146609 0.00280423
 3.408 0.00146269 0.00281215
 3.4085 0.00145944 0.00282011
 3.409 0.00145633 0.0028281
 3.4095 0.00145336 0.00283612
 3.41 0.00145053 0.00284417
 3.4105 0.00144783 0.00285226
 3.411 0.00144527 0.00286038
 3.4115 0.00144284 0.00286853
 3.412 0.00144054 0.00287671
 3.4125 0.00143836 0.00288494
 3.413 0.00143631 0.00289319
 3.4135 0.00143438 0.00290148
 3.414 0.00143257 0.00290981
 3.4145 0.00143089 0.00291817
 3.415 0.00142931 0.00292657
 3.4155 0.00142785 0.00293501
 3.416 0.00142651 0.00294349
 3.4165 0.00142527 0.002952
 3.417 0.00142415 0.00296055
 3.4175 0.00142313 0.00296915
 3.418 0.00142221 0.00297778
 3.4185 0.0014214 0.00298645
 3.419 0.0014207 0.00299517
 3.4195 0.00142009 0.00300392
 3.42 0.00141958 0.00301272
 3.4205 0.00141917 0.00302156
 3.421 0.00141885 0.00303045
 3.4215 0.00141863 0.00303938
 3.422 0.0014185 0.00304835
 3.4225 0.00141846 0.00305737
 3.423 0.00141851 0.00306644
 3.4235 0.00141865 0.00307555
 3.424 0.00141887 0.00308471
 3.4245 0.00141919 0.00309392
 3.425 0.00141958 0.00310318
 3.4255 0.00142006 0.00311249
 3.426 0.00142062 0.00312184
 3.4265 0.00142127 0.00313125
 3.427 0.00142199 0.00314071
 3.4275 0.00142279 0.00315023
 3.428 0.00142367 0.0031598
 3.4285 0.00142462 0.00316942
 3.429 0.00142565 0.00317909
 3.4295 0.00142675 0.00318883
 3.43 0.00142793 0.00319862
 3.4305 0.00142918 0.00320846
 3.431 0.0014305 0.00321837
 3.4315 0.00143189 0.00322833
 3.432 0.00143335 0.00323836
 3.4325 0.00143488 0.00324845
 3.433 0.00143647 0.00325859
 3.4335 0.00143813 0.00326881
 3.434 0.00143986 0.00327908
 3.4345 0.00144165 0.00328943
 3.435 0.00144351 0.00329983
 3.4355 0.00144543 0.00331031
 3.436 0.00144741 0.00332085
 3.4365 0.00144946 0.00333147
 3.437 0.00145156 0.00334215
 3.4375 0.00145373 0.00335291
 3.438 0.00145595 0.00336374
 3.4385 0.00145824 0.00337464
 3.439 0.00146058 0.00338562
 3.4395 0.00146298 0.00339667
 3.44 0.00146544 0.00340781
 3.4405 0.00146795 0.00341902
 3.441 0.00147052 0.00343031
 3.4415 0.00147315 0.00344169
 3.442 0.00147583 0.00345315
 3.4425 0.00147856 0.00346469
 3.443 0.00148135 0.00347632
 3.4435 0.00148419 0.00348804
 3.444 0.00148709 0.00349984
 3.4445 0.00149003 0.00351174
 3.445 0.00149303 0.00352373
 3.4455 0.00149608 0.00353581
 3.446 0.00149918 0.00354799
 3.4465 0.00150233 0.00356026
 3.447 0.00150553 0.00357264
 3.4475 0.00150878 0.00358511
 3.448 0.00151208 0.00359769
 3.4485 0.00151543 0.00361037
 3.449 0.00151883 0.00362316
 3.4495 0.00152227 0.00363605
 3.45 0.00152576 0.00364905
 3.4505 0.0015293 0.00366217
 3.451 0.00153289 0.0036754
 3.4515 0.00153652 0.00368874
 3.452 0.0015402 0.0037022
 3.4525 0.00154393 0.00371579
 3.453 0.0015477 0.00372949
 3.4535 0.00155152 0.00374332
 3.454 0.00155538 0.00375727
 3.4545 0.00155929 0.00377135
 3.455 0.00156324 0.00378557
 3.4555 0.00156724 0.00379992
 3.456 0.00157128 0.0038144
 3.4565 0.00157537 0.00382902
 3.457 0.0015795 0.00384378
 3.4575 0.00158367 0.00385869
 3.458 0.00158789 0.00387374
 3.4585 0.00159215 0.00388894
 3.459 0.00159646 0.00390429
 3.4595 0.0016008 0.00391979
 3.46 0.0016052 0.00393546
 3.4605 0.00160963 0.00395128
 3.461 0.00161411 0.00396726
 3.4615 0.00161863 0.00398341
 3.462 0.00162319 0.00399973
 3.4625 0.00162779 0.00401622
 3.463 0.00163244 0.00403288
 3.4635 0.00163713 0.00404973
 3.464 0.00164186 0.00406675
 3.4645 0.00164664 0.00408396
 3.465 0.00165146 0.00410135
 3.4655 0.00165632 0.00411894
 3.466 0.00166122 0.00413672
 3.4665 0.00166616 0.00415469
 3.467 0.00167115 0.00417287
 3.4675 0.00167618 0.00419126
 3.468 0.00168125 0.00420985
 3.4685 0.00168636 0.00422865
 3.469 0.00169152 0.00424767
 3.4695 0.00169672 0.00426691
 3.47 0.00170196 0.00428637
 3.4705 0.00170725 0.00430606
 3.471 0.00171257 0.00432598
 3.4715 0.00171794 0.00434613
 3.472 0.00172336 0.00436652
 3.4725 0.00172881 0.00438715
 3.473 0.00173431 0.00440802
 3.4735 0.00173985 0.00442915
 3.474 0.00174544 0.00445052
 3.4745 0.00175107 0.00447216
 3.475 0.00175674 0.00449405
 3.4755 0.00176246 0.00451621
 3.476 0.00176822 0.00453864
 3.4765 0.00177403 0.00456133
 3.477 0.00177988 0.00458431
 3.4775 0.00178578 0.00460756
 3.478 0.00179172 0.00463109
 3.4785 0.0017977 0.00465491
 3.479 0.00180374 0.00467901
 3.4795 0.00180981 0.00470341
 3.48 0.00181594 0.0047281
 3.4805 0.00182211 0.00475309
 3.481 0.00182833 0.00477837
 3.4815 0.00183459 0.00480396
 3.482 0.0018409 0.00482986
 3.4825 0.00184726 0.00485606
 3.483 0.00185367 0.00488257
 3.4835 0.00186013 0.00490939
 3.484 0.00186664 0.00493652
 3.4845 0.00187319 0.00496396
 3.485 0.0018798 0.00499171
 3.4855 0.00188646 0.00501978
 3.486 0.00189316 0.00504816
 3.4865 0.00189992 0.00507684
 3.487 0.00190673 0.00510584
 3.4875 0.00191359 0.00513515
 3.488 0.00192051 0.00516476
 3.4885 0.00192748 0.00519467
 3.489 0.0019345 0.00522489
 3.4895 0.00194158 0.00525539
 3.49 0.00194871 0.00528619
 3.4905 0.0019559 0.00531727
 3.491 0.00196314 0.00534862
 3.4915 0.00197044 0.00538024
 3.492 0.0019778 0.00541212
 3.4925 0.00198522 0.00544426
 3.493 0.00199269 0.00547663
 3.4935 0.00200023 0.00550923
 3.494 0.00200783 0.00554204
 3.4945 0.00201548 0.00557505
 3.495 0.0020232 0.00560824
 3.4955 0.00203098 0.00564161
 3.496 0.00203883 0.00567512
 3.4965 0.00204674 0.00570876
 3.497 0.00205472 0.0057425
 3.4975 0.00206276 0.00577633
 3.498 0.00207087 0.00581022
 3.4985 0.00207905 0.00584415
 3.499 0.00208729 0.00587808
 3.4995 0.00209561 0.00591198
 3.5 0.002104 0.00594584
 3.5005 0.00211246 0.0059796
 3.501 0.00212099 0.00601324
 3.5015 0.0021296 0.00604672
 3.502 0.00213829 0.00608001
 3.5025 0.00214705 0.00611306
 3.503 0.00215589 0.00614584
 3.5035 0.00216481 0.0061783
 3.504 0.0021738 0.00621039
 3.5045 0.00218289 0.00624208
 3.505 0.00219205 0.00627331
 3.5055 0.0022013 0.00630404
 3.506 0.00221063 0.00633423
 3.5065 0.00222006 0.00636382
 3.507 0.00222957 0.00639276
 3.5075 0.00223917 0.00642101
 3.508 0.00224886 0.00644851
 3.5085 0.00225865 0.00647523
 3.509 0.00226853 0.0065011
 3.5095 0.00227851 0.0065261
 3.51 0.00228859 0.00655016
 3.5105 0.00229876 0.00657324
 3.511 0.00230904 0.00659532
 3.5115 0.00231943 0.00661634
 3.512 0.00232991 0.00663626
 3.5125 0.00234051 0.00665507
 3.513 0.00235122 0.00667273
 3.5135 0.00236203 0.00668921
 3.514 0.00237296 0.00670449
 3.5145 0.00238401 0.00671856
 3.515 0.00239517 0.00673141
 3.5155 0.00240645 0.00674303
 3.516 0.00241785 0.00675342
 3.5165 0.00242938 0.00676258
 3.517 0.00244103 0.00677053
 3.5175 0.00245282 0.00677729
 3.518 0.00246473 0.00678287
 3.5185 0.00247677 0.00678732
 3.519 0.00248895 0.00679066
 3.5195 0.00250126 0.00679294
 3.52 0.00251372 0.00679421
 3.5205 0.00252631 0.00679452
 3.521 0.00253905 0.00679393
 3.5215 0.00255193 0.00679252
 3.522 0.00256496 0.00679034
 3.5225 0.00257814 0.00678748
 3.523 0.00259148 0.00678403
 3.5235 0.00260496 0.00678005
 3.524 0.00261861 0.00677566
 3.5245 0.00263241 0.00677093
 3.525 0.00264637 0.00676596
 3.5255 0.00266049 0.00676086
 3.526 0.00267477 0.00675572
 3.5265 0.00268922 0.00675064
 3.527 0.00270383 0.00674573
 3.5275 0.00271861 0.00674109
 3.528 0.00273355 0.00673682
 3.5285 0.00274866 0.00673303
 3.529 0.00276394 0.00672981
 3.5295 0.00277938 0.00672727
 3.53 0.00279499 0.00672551
 3.5305 0.00281077 0.00672461
 3.531 0.00282671 0.00672466
 3.5315 0.00284281 0.00672577
 3.532 0.00285907 0.00672799
 3.5325 0.00287549 0.00673142
 3.533 0.00289206 0.00673611
 3.5335 0.00290878 0.00674213
 3.534 0.00292565 0.00674952
 3.5345 0.00294265 0.00675834
 3.535 0.00295979 0.00676859
 3.5355 0.00297706 0.0067803
 3.536 0.00299445 0.00679346
 3.5365 0.00301194 0.00680805
 3.537 0.00302954 0.00682402
 3.5375 0.00304724 0.0068413
 3.538 0.00306501 0.00685979
 3.5385 0.00308286 0.00687936
 3.539 0.00310077 0.00689984
 3.5395 0.00311872 0.006921
 3.54 0.00313671 0.0069426
 3.5405 0.00315472 0.00696431
 3.541 0.00317273 0.00698576
 3.5415 0.00319074 0.0070065
 3.542 0.00320873 0.00702603
 3.5425 0.00322669 0.00704376
 3.543 0.00324459 0.00705903
 3.5435 0.00326243 0.00707109
 3.544 0.0032802 0.00707912
 3.5445 0.00329787 0.00708226
 3.545 0.00331545 0.00707954
 3.5455 0.00333292 0.00707
 3.546 0.00335027 0.00705264
 3.5465 0.0033675 0.00702647
 3.547 0.00338459 0.00699057
 3.5475 0.00340155 0.00694411
 3.548 0.00341838 0.00688641
 3.5485 0.00343507 0.00681698
 3.549 0.00345162 0.00673557
 3.5495 0.00346804 0.00664222
 3.55 0.00348435 0.00653725
 3.5505 0.00350054 0.00642133
 3.551 0.00351663 0.00629544
 3.5515 0.00353263 0.00616082
 3.552 0.00354855 0.00601898
 3.5525 0.00356442 0.00587161
 3.553 0.00358025 0.0057205
 3.5535 0.00359607 0.00556748
 3.554 0.00361189 0.00541436
 3.5545 0.00362773 0.00526284
 3.555 0.00364362 0.00511445
 3.5555 0.00365959 0.00497055
 3.556 0.00367565 0.00483226
 3.5565 0.00369183 0.0047005
 3.557 0.00370815 0.00457595
 3.5575 0.00372465 0.00445907
 3.558 0.00374133 0.00435015
 3.5585 0.00375823 0.00424928
 3.559 0.00377537 0.00415646
 3.5595 0.00379277 0.00407153
 3.56 0.00381046 0.00399426
 3.5605 0.00382844 0.00392436
 3.561 0.00384676 0.00386149
 3.5615 0.00386541 0.00380526
 3.562 0.00388443 0.0037553
 3.5625 0.00390382 0.00371121
 3.563 0.00392362 0.00367259
 3.5635 0.00394383 0.00363908
 3.564 0.00396447 0.00361031
 3.5645 0.00398557 0.00358594
 3.565 0.00400712 0.00356564
 3.5655 0.00402916 0.00354911
 3.566 0.00405169 0.00353607
 3.5665 0.00407473 0.00352626
 3.567 0.0040983 0.00351945
 3.5675 0.00412241 0.00351542
 3.568 0.00414709 0.00351398
 3.5685 0.00417234 0.00351495
 3.569 0.00419818 0.00351817
 3.5695 0.00422463 0.0035235
 3.57 0.00425172 0.00353082
 3.5705 0.00427945 0.00354
 3.571 0.00430786 0.00355096
 3.5715 0.00433696 0.0035636
 3.572 0.00436679 0.00357786
 3.5725 0.00439736 0.00359367
 3.573 0.00442872 0.00361099
 3.5735 0.00446088 0.00362976
 3.574 0.00449388 0.00364996
 3.5745 0.00452777 0.00367158
 3.575 0.00456258 0.00369459
 3.5755 0.00459836 0.003719
 3.576 0.00463517 0.00374482
 3.5765 0.00467306 0.00377207
 3.577 0.0047121 0.00380078
 3.5775 0.00475237 0.00383098
 3.578 0.00479393 0.00386275
 3.5785 0.0048369 0.00389614
 3.579 0.00488137 0.00393124
 3.5795 0.00492747 0.00396815
 3.58 0.00497535 0.00400701
 3.5805 0.00502517 0.00404796
 3.581 0.00507712 0.00409117
 3.5815 0.00513145 0.00413688
 3.582 0.00518842 0.00418533
 3.5825 0.00524836 0.00423685
 3.583 0.00531168 0.00429182
 3.5835 0.00537887 0.00435072
 3.584 0.00545055 0.00441413
 3.5845 0.0055275 0.0044828
 3.585 0.0056107 0.00455767
 3.5855 0.00570143 0.00463997
 3.586 0.00580138 0.00473129
 3.5865 0.00591281 0.00483376
 3.587 0.00603878 0.00495025
 3.5875 0.00618354 0.00508475
 3.588 0.00635308 0.00524282
 3.5885 0.006556 0.00543241
 3.589 0.00680484 0.0056651
 3.5895 0.00711815 0.00595787
 3.59 0.0075234 0.00633578
 3.5905 0.0080607 0.00683518
 3.591 0.00878531 0.00750576
 3.5915 0.00976174 0.00840469
 3.592 0.0110297 0.00956501
 3.5925 0.0125142 0.010914
 3.593 0.0139158 0.0121758
 3.5935 0.0147938 0.0129529
 3.594 0.0149447 0.01307
 3.5945 0.0145792 0.0127278
 3.595 0.0140446 0.012244
 3.5955 0.0135684 0.0118236
 3.596 0.0132388 0.0115443
 3.5965 0.0130691 0.0114165
 3.597 0.0130454 0.0114268
 3.5975 0.0131476 0.011557
 3.598 0.0133561 0.01179
 3.5985 0.0136525 0.0121102
 3.599 0.0140174 0.0125017
 3.5995 0.0144283 0.0129445
 3.6 0.0148564 0.0134089
 3.6005 0.0152653 0.0138479
 3.601 0.0156111 0.0141997
 3.6015 0.0158457 0.0144118
 3.602 0.015925 0.0144579
 3.6025 0.0158197 0.0143294
 3.603 0.0155243 0.0140308
 3.6035 0.0150607 0.0135836
 3.604 0.0144724 0.0130253
 3.6045 0.0138126 0.0124021
 3.605 0.0131319 0.0117582
 3.6055 0.0124708 0.0111295
 3.606 0.0118561 0.0105407
 3.6065 0.0113027 0.010006
 3.607 0.0108165 0.00953175
 3.6075 0.0103968 0.00911874
 3.608 0.0100399 0.00876449
 3.6085 0.00973986 0.00846476
 3.609 0.00949054 0.00821458
 3.6095 0.00928573 0.00800884
 3.61 0.00911972 0.00784268
 3.6105 0.00898741 0.00771161
 3.611 0.00888435 0.00761164
 3.6115 0.00880671 0.00753925
 3.612 0.00875124 0.00749139
 3.6125 0.00871517 0.00746544
 3.613 0.00869619 0.00745918
 3.6135 0.00869234 0.00747068
 3.614 0.00870197 0.00749831
 3.6145 0.0087237 0.00754069
 3.615 0.00875639 0.00759662
 3.6155 0.00879905 0.00766506
 3.616 0.00885088 0.0077451
 3.6165 0.00891121 0.00783591
 3.617 0.00897946 0.00793675
 3.6175 0.00905516 0.0080469
 3.618 0.00913792 0.00816564
 3.6185 0.00922742 0.00829229
 3.619 0.00932339 0.00842608
 3.6195 0.0094256 0.00856623
 3.62 0.00953389 0.00871186
 3.6205 0.00964809 0.00886202
 3.621 0.00976809 0.00901561
 3.6215 0.0098938 0.00917146
 3.622 0.0100251 0.00932822
 3.6225 0.010162 0.00948442
 3.623 0.0103044 0.00963845
 3.6235 0.0104522 0.00978857
 3.624 0.0106055 0.00993291
 3.6245 0.0107641 0.0100695
 3.625 0.010928 0.0101964
 3.6255 0.0110972 0.0103116
 3.626 0.0112716 0.0104131
 3.6265 0.0114513 0.010499
 3.627 0.0116361 0.0105678
 3.6275 0.011826 0.0106179
 3.628 0.0120209 0.0106483
 3.6285 0.012221 0.0106583
 3.629 0.012426 0.0106475
 3.6295 0.012636 0.0106159
 3.63 0.012851 0.0105642
 3.6305 0.0130709 0.0104932
 3.631 0.0132958 0.0104043
 3.6315 0.0135257 0.010299
 3.632 0.0137604 0.0101792
 3.6325 0.014 0.010047
 3.633 0.0142445 0.0099045
 3.6335 0.0144938 0.00975396
 3.634 0.0147478 0.0095975
 3.6345 0.0150063 0.00943722
 3.635 0.0152693 0.00927503
 3.6355 0.0155365 0.00911271
 3.636 0.0158077 0.00895184
 3.6365 0.0160825 0.0087938
 3.637 0.0163605 0.00863976
 3.6375 0.0166413 0.0084907
 3.638 0.0169244 0.00834739
 3.6385 0.0172091 0.00821043
 3.639 0.0174948 0.00808028
 3.6395 0.0177806 0.00795723
 3.64 0.0180656 0.00784144
 3.6405 0.0183489 0.007733
 3.641 0.0186295 0.00763185
 3.6415 0.0189061 0.0075379
 3.642 0.0191774 0.00745097
 3.6425 0.0194422 0.00737083
 3.643 0.0196989 0.00729722
 3.6435 0.0199462 0.00722983
 3.644 0.0201823 0.00716834
 3.6445 0.0204058 0.00711241
 3.645 0.0206149 0.0070617
 3.6455 0.020808 0.00701585
 3.646 0.0209835 0.00697451
 3.6465 0.0211397 0.00693734
 3.647 0.0212751 0.00690401
 3.6475 0.0213882 0.00687422
 3.648 0.0214776 0.00684765
 3.6485 0.0215422 0.00682406
 3.649 0.0215809 0.00680319
 3.6495 0.0215928 0.00678483
 3.65 0.0215774 0.00676881
