4.124310804119065033e+00
4.108067650402925430e+00
4.034728569445937829e+00
4.027642978034767118e+00
4.002370776738309210e+00
3.974435689955583939e+00
3.950304618120309641e+00
3.924881042879206916e+00
3.913243807031378640e+00
3.851095390181371592e+00
3.801315016590387508e+00
3.679540964420177307e+00
3.676795510632179464e+00
3.672668040328638472e+00
3.666112016571694721e+00
3.648577353899798759e+00
3.611992869619406576e+00
3.534260784156229462e+00
3.442242955903719093e+00
3.420519879468321811e+00
