2.284386692955157985e-15
-4.577733333089021306e-01
2.734696109311749446e-01
2.555719213423604877e-02
1.371512519902203797e-01
2.257709537573674985e-01
-1.371512519902214344e-01
2.257709537573670822e-01
-2.734696109311755552e-01
2.555719213423679470e-02
-3.080868893334809400e-15
-4.577733333089001322e-01
2.734696109311707257e-01
2.555719213423764125e-02
1.371512519902191030e-01
2.257709537573643066e-01
-1.371512519902194915e-01
2.257709537573641678e-01
-2.734696109311710588e-01
2.555719213423740532e-02
