-3.284773749742536664e-01
-1.998401444325281773e-15
-3.068039807714758593e-01
2.947875446153147561e-02
-1.521014998671094687e-01
-2.791393222413504627e-01
1.521014998671088581e-01
-2.791393222413498520e-01
3.068039807714723066e-01
2.947875446152841555e-02
3.284773749742488369e-01
-2.307689940409666754e-15
3.068039807714751932e-01
-2.947875446152798187e-02
1.521014998671102736e-01
2.791393222413526276e-01
-1.521014998671106344e-01
2.791393222413534048e-01
-3.068039807714781908e-01
-2.947875446153073661e-02
