   4.2827874e+04   4.2827874e+04
   4.5465271e+04   4.5465271e+04
   4.8754668e+04   4.8754668e+04
   5.2932120e+04   5.2932120e+04
   5.8202227e+04   5.8202227e+04
   6.4609964e+04   6.4609964e+04
   7.1920939e+04   7.1920939e+04
   7.9649423e+04   7.9649423e+04
   8.7277572e+04   8.7277572e+04
   9.4493606e+04   9.4493606e+04
   1.0125897e+05   1.0125897e+05
   1.0771947e+05   1.0771947e+05
   1.1408610e+05   1.1408610e+05
   1.2056019e+05   1.2056019e+05
   1.2730510e+05   1.2730510e+05
   1.3444206e+05   1.3444206e+05
   1.4205211e+05   1.4205211e+05
   1.5017224e+05   1.5017224e+05
   1.5877893e+05   1.5877893e+05
   1.6776080e+05   1.6776080e+05
   1.7691729e+05   1.7691729e+05
   1.8605376e+05   1.8605376e+05
   1.9508694e+05   1.9508694e+05
   2.0383159e+05   2.0383159e+05
   2.1141508e+05   2.1141508e+05
   2.1511337e+05   2.1511337e+05
   2.0622442e+05   2.0622442e+05
   1.6296176e+05   1.6296176e+05
   1.3004260e+05   1.3004260e+05
   1.7728393e+05   1.7728393e+05
   2.1212844e+05   2.1212844e+05
   2.2589238e+05   2.2589238e+05
   2.1671808e+05   2.1671808e+05
   1.8801438e+05   1.8801438e+05
   1.8573499e+05   1.8573499e+05
   1.8831995e+05   1.8831995e+05
   1.8472288e+05   1.8472288e+05
   1.7650268e+05   1.7650268e+05
   1.6530370e+05   1.6530370e+05
   1.5211228e+05   1.5211228e+05
   1.3744540e+05   1.3744540e+05
