5.218996309933824351e-01 4.315988744287086320e-10
3.664338600187102557e-01 1.610961584540426275e-10
2.377110391545828039e-01 7.431815557978740938e-02
2.377110390316603261e-01 -7.431815504468947120e-02
3.664338600187152517e-01 1.610942233205413774e-10
2.377110391545863843e-01 7.431815557978500852e-02
2.377110390316649891e-01 -7.431815504469146960e-02
1.779182511015080792e-01 1.384511663719968089e-01
-6.188620351060731412e-02 2.132375854053077213e-10
1.779182508725166978e-01 -1.384511663421475192e-01
1.779182511015096890e-01 1.384511663719972530e-01
-6.188620351060691860e-02 2.132365709173338926e-10
1.779182508725185574e-01 -1.384511663421446326e-01
