 Energy(eV)     NN_101     NN_0-11     NN_-101     NN_011     NN_000
 2 5.39836e-08 3.61292e-08 4.83212e-08 4.12343e-08 3.66841e-08
 2.01 5.4913e-08 3.67117e-08 4.91666e-08 4.18974e-08 3.73678e-08
 2.02 5.58578e-08 3.73031e-08 5.00267e-08 4.25708e-08 3.80644e-08
 2.03 5.68184e-08 3.79036e-08 5.09018e-08 4.32544e-08 3.8774e-08
 2.04 5.7795e-08 3.85134e-08 5.17922e-08 4.39487e-08 3.9497e-08
 2.05 5.87881e-08 3.91327e-08 5.26984e-08 4.46538e-08 4.02338e-08
 2.06 5.9798e-08 3.97618e-08 5.36207e-08 4.53699e-08 4.09846e-08
 2.07 6.08252e-08 4.04008e-08 5.45595e-08 4.60974e-08 4.17499e-08
 2.08 6.18701e-08 4.105e-08 5.55152e-08 4.68366e-08 4.253e-08
 2.09 6.2933e-08 4.17097e-08 5.64884e-08 4.75876e-08 4.33252e-08
 2.1 6.40145e-08 4.238e-08 5.74793e-08 4.83508e-08 4.41361e-08
 2.11 6.51149e-08 4.30613e-08 5.84886e-08 4.91264e-08 4.49629e-08
 2.12 6.62347e-08 4.37539e-08 5.95165e-08 4.99149e-08 4.58061e-08
 2.13 6.73745e-08 4.44579e-08 6.05638e-08 5.07164e-08 4.66662e-08
 2.14 6.85347e-08 4.51738e-08 6.16308e-08 5.15313e-08 4.75436e-08
 2.15 6.97158e-08 4.59017e-08 6.2718e-08 5.23601e-08 4.84387e-08
 2.16 7.09185e-08 4.6642e-08 6.38262e-08 5.32029e-08 4.93521e-08
 2.17 7.21431e-08 4.7395e-08 6.49557e-08 5.40602e-08 5.02843e-08
 2.18 7.33903e-08 4.81611e-08 6.61072e-08 5.49324e-08 5.12357e-08
 2.19 7.46608e-08 4.89407e-08 6.72814e-08 5.58199e-08 5.22069e-08
 2.2 7.59551e-08 4.97339e-08 6.84788e-08 5.6723e-08 5.31985e-08
 2.21 7.72738e-08 5.05413e-08 6.97002e-08 5.76423e-08 5.42111e-08
 2.22 7.86177e-08 5.13632e-08 7.09461e-08 5.8578e-08 5.52452e-08
 2.23 7.99874e-08 5.22001e-08 7.22174e-08 5.95308e-08 5.63015e-08
 2.24 8.13836e-08 5.30522e-08 7.35148e-08 6.0501e-08 5.73806e-08
 2.25 8.28071e-08 5.39201e-08 7.4839e-08 6.14892e-08 5.84832e-08
 2.26 8.42587e-08 5.48043e-08 7.61908e-08 6.24958e-08 5.961e-08
 2.27 8.57391e-08 5.57051e-08 7.75711e-08 6.35215e-08 6.07618e-08
 2.28 8.72492e-08 5.66231e-08 7.89808e-08 6.45667e-08 6.19392e-08
 2.29 8.87898e-08 5.75587e-08 8.04207e-08 6.5632e-08 6.31431e-08
 2.3 9.03619e-08 5.85126e-08 8.18918e-08 6.67181e-08 6.43743e-08
 2.31 9.19664e-08 5.94851e-08 8.3395e-08 6.78255e-08 6.56337e-08
 2.32 9.36042e-08 6.0477e-08 8.49315e-08 6.89549e-08 6.6922e-08
 2.33 9.52763e-08 6.14887e-08 8.65021e-08 7.0107e-08 6.82403e-08
 2.34 9.69839e-08 6.2521e-08 8.81082e-08 7.12824e-08 6.95895e-08
 2.35 9.87279e-08 6.35744e-08 8.97508e-08 7.24819e-08 7.09706e-08
 2.36 1.0051e-07 6.46495e-08 9.1431e-08 7.37063e-08 7.23846e-08
 2.37 1.0233e-07 6.57472e-08 9.31503e-08 7.49564e-08 7.38327e-08
 2.38 1.04191e-07 6.68681e-08 9.49098e-08 7.62329e-08 7.53159e-08
 2.39 1.06093e-07 6.8013e-08 9.6711e-08 7.75368e-08 7.68354e-08
 2.4 1.08037e-07 6.91827e-08 9.85553e-08 7.8869e-08 7.83924e-08
 2.41 1.10026e-07 7.03779e-08 1.00444e-07 8.02303e-08 7.99883e-08
 2.42 1.1206e-07 7.15996e-08 1.02379e-07 8.16217e-08 8.16244e-08
 2.43 1.14141e-07 7.28485e-08 1.04362e-07 8.30444e-08 8.3302e-08
 2.44 1.16271e-07 7.41258e-08 1.06394e-07 8.44993e-08 8.50227e-08
 2.45 1.18452e-07 7.54323e-08 1.08478e-07 8.59876e-08 8.67879e-08
 2.46 1.20684e-07 7.67691e-08 1.10614e-07 8.75104e-08 8.85993e-08
 2.47 1.2297e-07 7.81372e-08 1.12806e-07 8.90689e-08 9.04584e-08
 2.48 1.25312e-07 7.95377e-08 1.15055e-07 9.06646e-08 9.23672e-08
 2.49 1.27712e-07 8.09719e-08 1.17363e-07 9.22986e-08 9.43273e-08
 2.5 1.30172e-07 8.24409e-08 1.19733e-07 9.39723e-08 9.63408e-08
 2.51 1.32693e-07 8.3946e-08 1.22167e-07 9.56874e-08 9.84095e-08
 2.52 1.35279e-07 8.54886e-08 1.24667e-07 9.74452e-08 1.00536e-07
 2.53 1.37932e-07 8.70701e-08 1.27236e-07 9.92474e-08 1.02722e-07
 2.54 1.40654e-07 8.8692e-08 1.29877e-07 1.01096e-07 1.04969e-07
 2.55 1.43448e-07 9.03557e-08 1.32593e-07 1.02992e-07 1.07281e-07
 2.56 1.46316e-07 9.2063e-08 1.35387e-07 1.04938e-07 1.0966e-07
 2.57 1.49262e-07 9.38156e-08 1.38261e-07 1.06936e-07 1.12109e-07
 2.58 1.52288e-07 9.56152e-08 1.4122e-07 1.08987e-07 1.1463e-07
 2.59 1.55398e-07 9.74637e-08 1.44266e-07 1.11094e-07 1.17226e-07
 2.6 1.58595e-07 9.93632e-08 1.47405e-07 1.1326e-07 1.19901e-07
 2.61 1.61883e-07 1.01316e-07 1.50638e-07 1.15486e-07 1.22658e-07
 2.62 1.65265e-07 1.03323e-07 1.53972e-07 1.17775e-07 1.255e-07
 2.63 1.68745e-07 1.05389e-07 1.57409e-07 1.20131e-07 1.28431e-07
 2.64 1.72328e-07 1.07514e-07 1.60955e-07 1.22554e-07 1.31454e-07
 2.65 1.76018e-07 1.09702e-07 1.64615e-07 1.2505e-07 1.34574e-07
 2.66 1.79818e-07 1.11955e-07 1.68394e-07 1.2762e-07 1.37796e-07
 2.67 1.83735e-07 1.14277e-07 1.72297e-07 1.30268e-07 1.41122e-07
 2.68 1.87774e-07 1.1667e-07 1.7633e-07 1.32997e-07 1.4456e-07
 2.69 1.91939e-07 1.19137e-07 1.80499e-07 1.35812e-07 1.48112e-07
 2.7 1.96236e-07 1.21682e-07 1.84812e-07 1.38716e-07 1.51785e-07
 2.71 2.00672e-07 1.24309e-07 1.89274e-07 1.41713e-07 1.55585e-07
 2.72 2.05253e-07 1.27021e-07 1.93893e-07 1.44808e-07 1.59517e-07
 2.73 2.09986e-07 1.29822e-07 1.98678e-07 1.48005e-07 1.63588e-07
 2.74 2.14878e-07 1.32717e-07 2.03635e-07 1.51309e-07 1.67804e-07
 2.75 2.19936e-07 1.3571e-07 2.08775e-07 1.54726e-07 1.72173e-07
 2.76 2.25169e-07 1.38807e-07 2.14107e-07 1.58261e-07 1.76702e-07
 2.77 2.30585e-07 1.42011e-07 2.19641e-07 1.61919e-07 1.81399e-07
 2.78 2.36193e-07 1.4533e-07 2.25387e-07 1.65708e-07 1.86274e-07
 2.79 2.42004e-07 1.48768e-07 2.31357e-07 1.69634e-07 1.91334e-07
 2.8 2.48028e-07 1.52332e-07 2.37563e-07 1.73703e-07 1.9659e-07
 2.81 2.54275e-07 1.56028e-07 2.44019e-07 1.77925e-07 2.02053e-07
 2.82 2.60757e-07 1.59864e-07 2.50738e-07 1.82305e-07 2.07733e-07
 2.83 2.67487e-07 1.63847e-07 2.57736e-07 1.86855e-07 2.13642e-07
 2.84 2.74479e-07 1.67985e-07 2.65028e-07 1.91582e-07 2.19792e-07
 2.85 2.81747e-07 1.72287e-07 2.72633e-07 1.96496e-07 2.26199e-07
 2.86 2.89306e-07 1.76763e-07 2.80568e-07 2.01609e-07 2.32875e-07
 2.87 2.97173e-07 1.81421e-07 2.88854e-07 2.06931e-07 2.39837e-07
 2.88 3.05366e-07 1.86274e-07 2.97512e-07 2.12474e-07 2.47101e-07
 2.89 3.13902e-07 1.91331e-07 3.06566e-07 2.18253e-07 2.54685e-07
 2.9 3.22804e-07 1.96607e-07 3.16041e-07 2.2428e-07 2.62609e-07
 2.91 3.32092e-07 2.02113e-07 3.25963e-07 2.30572e-07 2.70893e-07
 2.92 3.41791e-07 2.07864e-07 3.36363e-07 2.37143e-07 2.7956e-07
 2.93 3.51926e-07 2.13876e-07 3.47273e-07 2.44013e-07 2.88633e-07
 2.94 3.62524e-07 2.20165e-07 3.58725e-07 2.51199e-07 2.9814e-07
 2.95 3.73615e-07 2.2675e-07 3.70759e-07 2.58722e-07 3.08106e-07
 2.96 3.8523e-07 2.3365e-07 3.83415e-07 2.66605e-07 3.18565e-07
 2.97 3.97406e-07 2.40885e-07 3.96737e-07 2.74872e-07 3.29547e-07
 2.98 4.10179e-07 2.48479e-07 4.10774e-07 2.83548e-07 3.41089e-07
 2.99 4.2359e-07 2.56457e-07 4.25577e-07 2.92661e-07 3.5323e-07
 3 4.37684e-07 2.64846e-07 4.41206e-07 3.02243e-07 3.66011e-07
 3.01 4.52508e-07 2.73675e-07 4.57723e-07 3.12327e-07 3.7948e-07
 3.02 4.68117e-07 2.82976e-07 4.75198e-07 3.22949e-07 3.93684e-07
 3.03 4.84566e-07 2.92785e-07 4.93706e-07 3.34149e-07 4.0868e-07
 3.04 5.01919e-07 3.0314e-07 5.13332e-07 3.4597e-07 4.24527e-07
 3.05 5.20245e-07 3.14083e-07 5.34167e-07 3.5846e-07 4.4129e-07
 3.06 5.39619e-07 3.2566e-07 5.56313e-07 3.71671e-07 4.5904e-07
 3.07 5.60124e-07 3.37922e-07 5.79884e-07 3.85659e-07 4.77856e-07
 3.08 5.81851e-07 3.50924e-07 6.05004e-07 4.00488e-07 4.97824e-07
 3.09 6.04901e-07 3.64727e-07 6.31812e-07 4.16227e-07 5.19039e-07
 3.1 6.29384e-07 3.79401e-07 6.60462e-07 4.32953e-07 5.41606e-07
 3.11 6.55424e-07 3.95019e-07 6.91126e-07 4.50748e-07 5.65641e-07
 3.12 6.83156e-07 4.11665e-07 7.23996e-07 4.69708e-07 5.91271e-07
 3.13 7.12732e-07 4.2943e-07 7.59289e-07 4.89934e-07 6.18638e-07
 3.14 7.4432e-07 4.48417e-07 7.97245e-07 5.11543e-07 6.47899e-07
 3.15 7.78109e-07 4.6874e-07 8.38136e-07 5.34663e-07 6.79231e-07
 3.16 8.1431e-07 4.90526e-07 8.82269e-07 5.59436e-07 7.12827e-07
 3.17 8.53157e-07 5.13917e-07 9.29991e-07 5.86023e-07 7.48905e-07
 3.18 8.94919e-07 5.39071e-07 9.81694e-07 6.14604e-07 7.8771e-07
 3.19 9.39895e-07 5.66168e-07 1.03783e-06 6.4538e-07 8.29513e-07
 3.2 9.88426e-07 5.95406e-07 1.0989e-06 6.78579e-07 8.74621e-07
 3.21 1.0409e-06 6.27011e-07 1.16549e-06 7.14459e-07 9.23378e-07
 3.22 1.09776e-06 6.61237e-07 1.23827e-06 7.53314e-07 9.76173e-07
 3.23 1.15951e-06 6.98369e-07 1.318e-06 7.95477e-07 1.03344e-06
 3.24 1.22673e-06 7.38731e-07 1.40557e-06 8.41331e-07 1.09568e-06
 3.25 1.30012e-06 7.82689e-07 1.50201e-06 8.91315e-07 1.16345e-06
 3.26 1.38045e-06 8.30653e-07 1.6085e-06 9.45939e-07 1.23738e-06
 3.27 1.46866e-06 8.83092e-07 1.72642e-06 1.0058e-06 1.3182e-06
 3.28 1.56586e-06 9.40531e-07 1.85737e-06 1.07158e-06 1.40673e-06
 3.29 1.67338e-06 1.00356e-06 2.00323e-06 1.14413e-06 1.50389e-06
 3.3 1.79282e-06 1.07284e-06 2.1662e-06 1.22443e-06 1.61074e-06
 3.31 1.92617e-06 1.14911e-06 2.34882e-06 1.31369e-06 1.7285e-06
 3.32 2.07591e-06 1.23317e-06 2.55408e-06 1.41342e-06 1.85852e-06
 3.33 2.2452e-06 1.32587e-06 2.78541e-06 1.52551e-06 2.00234e-06
 3.34 2.43815e-06 1.42809e-06 3.04676e-06 1.65245e-06 2.1617e-06
 3.35 2.66022e-06 1.54065e-06 3.34252e-06 1.79754e-06 2.33855e-06
 3.36 2.91886e-06 1.6642e-06 3.67741e-06 1.96532e-06 2.535e-06
 3.37 3.22445e-06 1.79901e-06 4.05604e-06 2.16227e-06 2.75339e-06
 3.38 3.59167e-06 1.94451e-06 4.48207e-06 2.39784e-06 2.99612e-06
 3.39 4.04152e-06 2.09869e-06 4.95637e-06 2.68613e-06 3.2656e-06
 3.4 4.60369e-06 2.25701e-06 5.47373e-06 3.04823e-06 3.56397e-06
 3.41 5.3182e-06 2.41102e-06 6.0172e-06 3.51498e-06 3.89267e-06
 3.42 6.23237e-06 2.54706e-06 6.55055e-06 4.12792e-06 4.25165e-06
 3.43 7.38446e-06 2.6471e-06 7.01333e-06 4.93263e-06 4.63803e-06
 3.44 8.76249e-06 2.69535e-06 7.3325e-06 5.95387e-06 5.04403e-06
 3.45 1.02464e-05 2.69214e-06 7.46845e-06 7.1508e-06 5.45364e-06
 3.46 1.15939e-05 2.66368e-06 7.47704e-06 8.38771e-06 5.83762e-06
 3.47 1.25301e-05 2.64493e-06 7.50266e-06 9.47814e-06 6.14574e-06
 3.48 1.28623e-05 2.64205e-06 7.65819e-06 1.02752e-05 6.29669e-06
 3.49 1.24893e-05 2.61996e-06 7.89351e-06 1.07093e-05 6.17849e-06
 3.5 1.14035e-05 2.55173e-06 7.96423e-06 1.0791e-05 5.7077e-06
 3.51 9.9461e-06 2.5432e-06 7.57368e-06 1.06944e-05 5.0178e-06
 3.52 9.15124e-06 2.92588e-06 6.70519e-06 1.07645e-05 4.60448e-06
 3.53 1.01196e-05 3.9972e-06 5.58021e-06 1.09702e-05 4.89067e-06
 3.54 1.22884e-05 5.57299e-06 4.23547e-06 1.06388e-05 5.68422e-06
 3.55 1.30084e-05 7.21876e-06 3.42033e-06 9.50891e-06 6.50054e-06
 3.56 1.10365e-05 8.58258e-06 4.22722e-06 7.703e-06 6.96477e-06
 3.57 8.1719e-06 9.18633e-06 5.69349e-06 5.68781e-06 6.78541e-06
 3.58 5.81008e-06 8.94028e-06 6.14309e-06 3.92669e-06 5.85975e-06
 3.59 4.32005e-06 8.31086e-06 5.40671e-06 2.63855e-06 4.71128e-06
 3.6 4.06838e-06 7.87733e-06 4.16803e-06 1.74264e-06 3.92813e-06
 3.61 4.82892e-06 7.43835e-06 2.82599e-06 1.08496e-06 3.48799e-06
 3.62 5.80826e-06 6.61242e-06 1.572e-06 9.23287e-07 3.2596e-06
 3.63 6.26008e-06 5.52585e-06 7.33138e-07 1.32513e-06 3.21384e-06
 3.64 6.51195e-06 4.61283e-06 6.93417e-07 2.13482e-06 3.51173e-06
 3.65 7.53028e-06 4.59711e-06 1.48899e-06 3.12517e-06 4.47228e-06
 3.66 9.56216e-06 5.88845e-06 2.87057e-06 3.86738e-06 6.04283e-06
 3.67 1.17355e-05 7.64221e-06 4.16692e-06 4.01347e-06 7.25154e-06
 3.68 1.34204e-05 9.07062e-06 4.97336e-06 3.8974e-06 7.54721e-06
 3.69 1.50921e-05 1.05383e-05 5.69357e-06 4.13739e-06 7.36388e-06
 3.7 1.75832e-05 1.26972e-05 6.91356e-06 5.21787e-06 7.14072e-06
 3.71 2.18704e-05 1.61419e-05 9.25904e-06 7.72916e-06 7.08099e-06
 3.72 2.88424e-05 2.1397e-05 1.3618e-05 1.25997e-05 7.27374e-06
 3.73 3.8286e-05 2.8337e-05 2.08459e-05 2.07389e-05 7.72519e-06
 3.74 4.68425e-05 3.46761e-05 2.98144e-05 3.10085e-05 8.27128e-06
 3.75 4.89116e-05 3.62337e-05 3.6016e-05 3.84221e-05 8.60651e-06
 3.76 4.41703e-05 3.23833e-05 3.67079e-05 3.98192e-05 8.70059e-06
 3.77 3.7563e-05 2.67012e-05 3.40773e-05 3.7757e-05 8.81815e-06
 3.78 3.19497e-05 2.17083e-05 3.11545e-05 3.53756e-05 9.04393e-06
 3.79 2.84991e-05 1.80436e-05 2.89213e-05 3.35447e-05 9.07146e-06
 3.8 2.80506e-05 1.57817e-05 2.63007e-05 3.12908e-05 8.46918e-06
