 Energy(eV)     NN_101     NN_0-11     NN_-101     NN_011     NN_000
 2 1.81383e-06 4.79306e-07 1.81533e-06 5.26887e-07 1.02393e-06
 2.01 1.85561e-06 4.84294e-07 1.84988e-06 5.3376e-07 1.03727e-06
 2.02 1.89847e-06 4.89374e-07 1.88507e-06 5.40846e-07 1.05068e-06
 2.03 1.94243e-06 4.94549e-07 1.92091e-06 5.48153e-07 1.06418e-06
 2.04 1.98752e-06 4.99821e-07 1.95742e-06 5.55687e-07 1.07774e-06
 2.05 2.03374e-06 5.05195e-07 1.99459e-06 5.63454e-07 1.09138e-06
 2.06 2.08111e-06 5.10674e-07 2.03245e-06 5.71462e-07 1.10508e-06
 2.07 2.12964e-06 5.16262e-07 2.07101e-06 5.79717e-07 1.11885e-06
 2.08 2.17935e-06 5.21963e-07 2.11029e-06 5.88226e-07 1.13269e-06
 2.09 2.23025e-06 5.27782e-07 2.15029e-06 5.96997e-07 1.14658e-06
 2.1 2.28235e-06 5.33722e-07 2.19104e-06 6.06036e-07 1.16054e-06
 2.11 2.33567e-06 5.39788e-07 2.23255e-06 6.15351e-07 1.17454e-06
 2.12 2.3902e-06 5.45985e-07 2.27483e-06 6.24949e-07 1.1886e-06
 2.13 2.44597e-06 5.52318e-07 2.31791e-06 6.34839e-07 1.2027e-06
 2.14 2.50299e-06 5.58793e-07 2.36181e-06 6.45028e-07 1.21685e-06
 2.15 2.56124e-06 5.65414e-07 2.40654e-06 6.55525e-07 1.23103e-06
 2.16 2.62076e-06 5.72188e-07 2.45212e-06 6.66337e-07 1.24526e-06
 2.17 2.68153e-06 5.7912e-07 2.49859e-06 6.77474e-07 1.25951e-06
 2.18 2.74357e-06 5.86217e-07 2.54596e-06 6.88944e-07 1.27379e-06
 2.19 2.80688e-06 5.93486e-07 2.59425e-06 7.00755e-07 1.28809e-06
 2.2 2.87146e-06 6.00932e-07 2.6435e-06 7.12919e-07 1.30241e-06
 2.21 2.93731e-06 6.08564e-07 2.69372e-06 7.25444e-07 1.31674e-06
 2.22 3.00443e-06 6.16389e-07 2.74496e-06 7.38341e-07 1.33108e-06
 2.23 3.07282e-06 6.24415e-07 2.79724e-06 7.51619e-07 1.34542e-06
 2.24 3.14248e-06 6.32649e-07 2.85058e-06 7.65291e-07 1.35976e-06
 2.25 3.2134e-06 6.41102e-07 2.90504e-06 7.79366e-07 1.3741e-06
 2.26 3.28558e-06 6.49781e-07 2.96063e-06 7.93858e-07 1.38842e-06
 2.27 3.35902e-06 6.58696e-07 3.01741e-06 8.08779e-07 1.40273e-06
 2.28 3.43369e-06 6.67858e-07 3.0754e-06 8.24141e-07 1.41702e-06
 2.29 3.50961e-06 6.77277e-07 3.13464e-06 8.39958e-07 1.43128e-06
 2.3 3.58675e-06 6.86964e-07 3.19519e-06 8.56245e-07 1.44551e-06
 2.31 3.6651e-06 6.96931e-07 3.25708e-06 8.73017e-07 1.45971e-06
 2.32 3.74465e-06 7.07191e-07 3.32036e-06 8.9029e-07 1.47388e-06
 2.33 3.82539e-06 7.17757e-07 3.38508e-06 9.08079e-07 1.488e-06
 2.34 3.9073e-06 7.28643e-07 3.45129e-06 9.26405e-07 1.50209e-06
 2.35 3.99037e-06 7.39863e-07 3.51903e-06 9.45284e-07 1.51613e-06
 2.36 4.07457e-06 7.51435e-07 3.58837e-06 9.64737e-07 1.53013e-06
 2.37 4.15989e-06 7.63374e-07 3.65935e-06 9.84785e-07 1.54409e-06
 2.38 4.24631e-06 7.75699e-07 3.73204e-06 1.00545e-06 1.558e-06
 2.39 4.33381e-06 7.88428e-07 3.80648e-06 1.02676e-06 1.57188e-06
 2.4 4.42237e-06 8.01583e-07 3.88275e-06 1.04873e-06 1.58573e-06
 2.41 4.51197e-06 8.15185e-07 3.9609e-06 1.0714e-06 1.59955e-06
 2.42 4.60259e-06 8.29257e-07 4.04098e-06 1.09479e-06 1.61335e-06
 2.43 4.6942e-06 8.43825e-07 4.12308e-06 1.11893e-06 1.62715e-06
 2.44 4.78681e-06 8.58915e-07 4.20724e-06 1.14385e-06 1.64096e-06
 2.45 4.88038e-06 8.74556e-07 4.29353e-06 1.1696e-06 1.6548e-06
 2.46 4.9749e-06 8.90778e-07 4.38201e-06 1.1962e-06 1.66869e-06
 2.47 5.07038e-06 9.07614e-07 4.47275e-06 1.22369e-06 1.68266e-06
 2.48 5.16681e-06 9.251e-07 4.56581e-06 1.25211e-06 1.69673e-06
 2.49 5.26419e-06 9.43272e-07 4.66125e-06 1.28152e-06 1.71094e-06
 2.5 5.36253e-06 9.62172e-07 4.75912e-06 1.31194e-06 1.72533e-06
 2.51 5.46186e-06 9.81841e-07 4.85949e-06 1.34344e-06 1.73994e-06
 2.52 5.56221e-06 1.00233e-06 4.96241e-06 1.37606e-06 1.75483e-06
 2.53 5.66363e-06 1.02368e-06 5.06793e-06 1.40986e-06 1.77006e-06
 2.54 5.76619e-06 1.04594e-06 5.1761e-06 1.44488e-06 1.78569e-06
 2.55 5.86998e-06 1.06918e-06 5.28695e-06 1.4812e-06 1.8018e-06
 2.56 5.9751e-06 1.09345e-06 5.40053e-06 1.51886e-06 1.81846e-06
 2.57 6.08168e-06 1.1188e-06 5.51687e-06 1.55794e-06 1.83576e-06
 2.58 6.1899e-06 1.14532e-06 5.63599e-06 1.5985e-06 1.85381e-06
 2.59 6.29996e-06 1.17306e-06 5.75791e-06 1.64061e-06 1.87271e-06
 2.6 6.4121e-06 1.20209e-06 5.88265e-06 1.68432e-06 1.89257e-06
 2.61 6.52659e-06 1.23249e-06 6.01021e-06 1.72973e-06 1.91352e-06
 2.62 6.64379e-06 1.26435e-06 6.14059e-06 1.77688e-06 1.9357e-06
 2.63 6.76406e-06 1.29772e-06 6.27379e-06 1.82586e-06 1.95923e-06
 2.64 6.88786e-06 1.33271e-06 6.40979e-06 1.87674e-06 1.98427e-06
 2.65 7.01569e-06 1.36939e-06 6.54857e-06 1.92958e-06 2.01097e-06
 2.66 7.14814e-06 1.40784e-06 6.69012e-06 1.98445e-06 2.03949e-06
 2.67 7.28586e-06 1.44815e-06 6.83441e-06 2.04142e-06 2.07e-06
 2.68 7.42958e-06 1.49041e-06 6.98142e-06 2.10054e-06 2.10266e-06
 2.69 7.58012e-06 1.53469e-06 7.13114e-06 2.16187e-06 2.13764e-06
 2.7 7.73837e-06 1.58107e-06 7.28354e-06 2.22547e-06 2.17511e-06
 2.71 7.90534e-06 1.62964e-06 7.43864e-06 2.29137e-06 2.21523e-06
 2.72 8.08209e-06 1.68047e-06 7.59643e-06 2.35961e-06 2.25817e-06
 2.73 8.26981e-06 1.73362e-06 7.75694e-06 2.43022e-06 2.3041e-06
 2.74 8.46977e-06 1.78914e-06 7.92024e-06 2.50323e-06 2.35315e-06
 2.75 8.68332e-06 1.84711e-06 8.0864e-06 2.57863e-06 2.40548e-06
 2.76 8.91192e-06 1.90754e-06 8.25554e-06 2.65644e-06 2.46122e-06
 2.77 9.15711e-06 1.97049e-06 8.42781e-06 2.73664e-06 2.52049e-06
 2.78 9.42049e-06 2.03596e-06 8.60342e-06 2.81922e-06 2.58343e-06
 2.79 9.70378e-06 2.10396e-06 8.78263e-06 2.90416e-06 2.65012e-06
 2.8 1.00087e-05 2.17449e-06 8.96575e-06 2.99141e-06 2.72067e-06
 2.81 1.03371e-05 2.24752e-06 9.15319e-06 3.08095e-06 2.79517e-06
 2.82 1.06908e-05 2.32301e-06 9.34539e-06 3.17274e-06 2.8737e-06
 2.83 1.10716e-05 2.40091e-06 9.54292e-06 3.26674e-06 2.95635e-06
 2.84 1.14815e-05 2.48115e-06 9.74641e-06 3.36294e-06 3.0432e-06
 2.85 1.19221e-05 2.56365e-06 9.9566e-06 3.46133e-06 3.13433e-06
 2.86 1.23953e-05 2.64831e-06 1.01743e-05 3.56193e-06 3.22984e-06
 2.87 1.29025e-05 2.73504e-06 1.04006e-05 3.66482e-06 3.32985e-06
 2.88 1.34452e-05 2.82373e-06 1.06365e-05 3.77013e-06 3.43449e-06
 2.89 1.40245e-05 2.9143e-06 1.08832e-05 3.87807e-06 3.54392e-06
 2.9 1.4641e-05 3.00668e-06 1.11421e-05 3.98898e-06 3.65837e-06
 2.91 1.52948e-05 3.10085e-06 1.14147e-05 4.10335e-06 3.77808e-06
 2.92 1.59854e-05 3.19688e-06 1.17027e-05 4.22188e-06 3.90337e-06
 2.93 1.67112e-05 3.29496e-06 1.20079e-05 4.3455e-06 4.03462e-06
 2.94 1.74694e-05 3.39542e-06 1.23323e-05 4.47552e-06 4.17231e-06
 2.95 1.82557e-05 3.49888e-06 1.26779e-05 4.61361e-06 4.31701e-06
 2.96 1.90638e-05 3.60627e-06 1.30469e-05 4.76194e-06 4.46938e-06
 2.97 1.98848e-05 3.71898e-06 1.34416e-05 4.92326e-06 4.6302e-06
 2.98 2.07067e-05 3.83897e-06 1.38641e-05 5.10092e-06 4.80035e-06
 2.99 2.15138e-05 3.96892e-06 1.43164e-05 5.29892e-06 4.98081e-06
 3 2.22858e-05 4.11232e-06 1.48002e-05 5.52179e-06 5.1726e-06
 3.01 2.29969e-05 4.27357e-06 1.53161e-05 5.77444e-06 5.37672e-06
 3.02 2.36159e-05 4.45792e-06 1.58642e-05 6.06167e-06 5.59405e-06
 3.03 2.41057e-05 4.67126e-06 1.64424e-05 6.38759e-06 5.82519e-06
 3.04 2.44246e-05 4.91966e-06 1.70471e-05 6.75463e-06 6.07027e-06
 3.05 2.45288e-05 5.20857e-06 1.76721e-05 7.16239e-06 6.32868e-06
 3.06 2.43769e-05 5.5418e-06 1.83088e-05 7.60655e-06 6.59894e-06
 3.07 2.39369e-05 5.92029e-06 1.89473e-05 8.078e-06 6.87853e-06
 3.08 2.31942e-05 6.3411e-06 1.95776e-05 8.56296e-06 7.16403e-06
 3.09 2.21595e-05 6.79697e-06 2.01927e-05 9.04432e-06 7.45151e-06
 3.1 2.08737e-05 7.27687e-06 2.07915e-05 9.5044e-06 7.73709e-06
 3.11 1.94078e-05 7.76748e-06 2.13828e-05 9.92858e-06 8.01776e-06
 3.12 1.78559e-05 8.25539e-06 2.19865e-05 1.03087e-05 8.29197e-06
 3.13 1.63249e-05 8.72931e-06 2.26352e-05 1.06452e-05 8.5599e-06
 3.14 1.49225e-05 9.18179e-06 2.33723e-05 1.09463e-05 8.82326e-06
 3.15 1.37491e-05 9.61003e-06 2.42504e-05 1.12257e-05 9.08455e-06
 3.16 1.2894e-05 1.00157e-05 2.53302e-05 1.14987e-05 9.34598e-06
 3.17 1.24376e-05 1.04039e-05 2.66803e-05 1.17786e-05 9.60792e-06
 3.18 1.24567e-05 1.07804e-05 2.83785e-05 1.20748e-05 9.86693e-06
 3.19 1.30318e-05 1.11495e-05 3.05132e-05 1.23917e-05 1.01129e-05
 3.2 1.42506e-05 1.15108e-05 3.3181e-05 1.27294e-05 1.0325e-05
 3.21 1.62014e-05 1.18574e-05 3.64763e-05 1.30839e-05 1.04659e-05
 3.22 1.89434e-05 1.21749e-05 4.04639e-05 1.34477e-05 1.04762e-05
 3.23 2.24401e-05 1.24423e-05 4.51267e-05 1.38092e-05 1.02727e-05
 3.24 2.64541e-05 1.26332e-05 5.02921e-05 1.41493e-05 9.76262e-06
 3.25 3.04585e-05 1.27145e-05 5.55868e-05 1.44331e-05 8.88789e-06
 3.26 3.37099e-05 1.26374e-05 6.05187e-05 1.4601e-05 7.69546e-06
 3.27 3.56023e-05 1.23236e-05 6.47393e-05 1.45792e-05 6.37901e-06
 3.28 3.61019e-05 1.1676e-05 6.83056e-05 1.43332e-05 5.221e-06
 3.29 3.58086e-05 1.06597e-05 7.16641e-05 1.39705e-05 4.45987e-06
 3.3 3.55201e-05 9.44347e-06 7.54016e-05 1.38468e-05 4.19856e-06
 3.31 3.56595e-05 8.4873e-06 8.00344e-05 1.45706e-05 4.4018e-06
 3.32 3.59068e-05 8.42679e-06 8.58124e-05 1.67925e-05 4.93447e-06
 3.33 3.52205e-05 9.75899e-06 9.24334e-05 2.08063e-05 5.62495e-06
 3.34 3.24204e-05 1.25792e-05 9.90404e-05 2.62993e-05 6.35967e-06
 3.35 2.70123e-05 1.66107e-05 0.000104483 3.25579e-05 7.09549e-06
 3.36 1.96334e-05 2.14044e-05 0.000106959 3.87625e-05 7.71867e-06
 3.37 1.22451e-05 2.65409e-05 0.000103925 4.40971e-05 7.96511e-06
 3.38 7.67851e-06 3.1916e-05 9.48405e-05 4.79817e-05 7.59228e-06
 3.39 7.48518e-06 3.7662e-05 8.3433e-05 5.03465e-05 6.63665e-06
 3.4 1.0252e-05 4.35085e-05 7.37839e-05 5.15684e-05 5.49035e-06
 3.41 1.33094e-05 4.88135e-05 6.75566e-05 5.23652e-05 4.66979e-06
 3.42 1.50129e-05 5.35096e-05 6.5159e-05 5.35239e-05 4.6043e-06
 3.43 1.51684e-05 5.83986e-05 6.60325e-05 5.50714e-05 5.67256e-06
 3.44 1.41806e-05 6.36619e-05 6.89891e-05 5.63917e-05 8.49169e-06
 3.45 1.26161e-05 6.7661e-05 7.22757e-05 5.57808e-05 1.39004e-05
 3.46 1.1748e-05 6.65409e-05 7.31961e-05 5.08479e-05 2.16251e-05
 3.47 1.37314e-05 5.76743e-05 6.9388e-05 4.31801e-05 2.79217e-05
 3.48 1.89498e-05 4.57738e-05 6.1649e-05 3.97431e-05 2.87506e-05
 3.49 2.44592e-05 3.67109e-05 5.23695e-05 4.20854e-05 2.55233e-05
 3.5 2.69613e-05 3.0789e-05 4.46544e-05 4.57841e-05 2.13678e-05
 3.51 2.63698e-05 2.78311e-05 4.21126e-05 4.84431e-05 1.7773e-05
 3.52 2.55715e-05 2.78766e-05 4.2945e-05 5.08062e-05 1.50793e-05
 3.53 2.56184e-05 2.98557e-05 4.46886e-05 5.36804e-05 1.31849e-05
 3.54 2.61196e-05 3.28693e-05 4.6734e-05 5.71003e-05 1.19303e-05
 3.55 2.67297e-05 3.61816e-05 4.89432e-05 6.07806e-05 1.11896e-05
 3.56 2.72848e-05 3.88207e-05 5.10092e-05 6.41427e-05 1.0836e-05
 3.57 2.76368e-05 3.98779e-05 5.23594e-05 6.66168e-05 1.07083e-05
 3.58 2.76689e-05 3.95028e-05 5.27306e-05 6.84367e-05 1.06639e-05
 3.59 2.73891e-05 3.89048e-05 5.25114e-05 7.08001e-05 1.06583e-05
 3.6 2.68078e-05 3.92064e-05 5.21799e-05 7.51478e-05 1.07133e-05
 3.61 2.58704e-05 4.0972e-05 5.1949e-05 8.26659e-05 1.08423e-05
 3.62 2.451e-05 4.44509e-05 5.18406e-05 9.41477e-05 1.10194e-05
 3.63 2.27265e-05 4.97907e-05 5.1808e-05 0.000109647 1.11744e-05
 3.64 2.06824e-05 5.70292e-05 5.18199e-05 0.000127926 1.11883e-05
 3.65 1.87609e-05 6.59306e-05 5.19327e-05 0.000146492 1.08994e-05
 3.66 1.74953e-05 7.57659e-05 5.22808e-05 0.000162593 1.01796e-05
 3.67 1.73915e-05 8.4986e-05 5.28534e-05 0.000173835 9.14767e-06
 3.68 1.87401e-05 9.14321e-05 5.32177e-05 0.000178652 8.34004e-06
 3.69 2.1499e-05 9.43566e-05 5.28334e-05 0.000177922 8.34875e-06
 3.7 2.5315e-05 9.55401e-05 5.19387e-05 0.000174295 9.21117e-06
 3.71 2.94599e-05 9.68921e-05 5.12935e-05 0.000169402 1.06585e-05
 3.72 3.30343e-05 9.85276e-05 5.06997e-05 0.000162977 1.27514e-05
 3.73 3.58567e-05 9.84098e-05 4.93701e-05 0.000151927 1.56176e-05
 3.74 3.73644e-05 9.33702e-05 4.6187e-05 0.000132198 1.86475e-05
 3.75 3.56197e-05 8.25916e-05 3.92191e-05 0.000106361 1.99519e-05
 3.76 3.23846e-05 7.09347e-05 3.02702e-05 8.4988e-05 1.83308e-05
 3.77 3.16038e-05 6.39331e-05 2.32568e-05 7.26507e-05 1.5229e-05
 3.78 3.4003e-05 6.13779e-05 1.96515e-05 6.45205e-05 1.21692e-05
 3.79 3.77245e-05 6.00723e-05 2.01517e-05 5.50212e-05 9.4849e-06
 3.8 4.01605e-05 5.53337e-05 2.5326e-05 4.10478e-05 7.58909e-06
