 1 5.01121e-05
 1.02778 4.94628e-05
 1.05556 4.83409e-05
 1.08333 4.74986e-05
 1.11111 4.76364e-05
 1.13889 4.94205e-05
 1.16667 5.33615e-05
 1.19444 5.91901e-05
 1.22222 6.64334e-05
 1.25 7.46149e-05
 1.27778 8.32676e-05
 1.30556 9.24224e-05
 1.33333 0.000102534
 1.36111 0.000114182
 1.38889 0.00012811
 1.41667 0.000145103
 1.44444 0.000165182
 1.47222 0.000187961
 1.5 0.000212752
 1.52778 0.000238583
 1.55556 0.000265985
 1.58333 0.000296119
 1.61111 0.00033715
 1.63889 0.000388773
 1.66667 0.000458835
 1.69444 0.000552513
 1.72222 0.000675873
 1.75 0.00083749
 1.77778 0.00104995
 1.80556 0.00133605
 1.83333 0.00173524
 1.86111 0.00231288
 1.88889 0.00318041
 1.91667 0.00453206
 1.94444 0.00673424
 1.97222 0.0105377
 2 0.0174413
 2.02778 0.0290066
 2.05556 0.0373659
 2.08333 0.0282538
 2.11111 0.0164988
 2.13889 0.00996533
 2.16667 0.00662662
 2.19444 0.004748
 2.22222 0.00356575
 2.25 0.00274656
 2.27778 0.0021362
 2.30556 0.00167549
 2.33333 0.00133429
 2.36111 0.00108662
 2.38889 0.000912407
 2.41667 0.000794374
 2.44444 0.000717425
 2.47222 0.000673304
 2.5 0.000659355
 2.52778 0.000678406
 2.55556 0.000741983
 2.58333 0.000881616
 2.61111 0.00118335
 2.63889 0.00192521
 2.66667 0.00423033
 2.69444 0.010523
 2.72222 0.00691354
 2.75 0.00288079
 2.77778 0.00165466
 2.80556 0.00122952
 2.83333 0.00112851
 2.86111 0.00129823
 2.88889 0.00199748
 2.91667 0.00432135
 2.94444 0.00732288
 2.97222 0.00371535
 3 0.00176843
 3.02778 0.00108604
 3.05556 0.000823033
 3.08333 0.000755223
 3.11111 0.000866361
 3.13889 0.00133596
 3.16667 0.00265119
 3.19444 0.00264341
 3.22222 0.00132616
 3.25 0.000910737
 3.27778 0.000993635
 3.30556 0.00110763
 3.33333 0.00098359
 3.36111 0.000975935
 3.38889 0.000949339
 3.41667 0.00105381
 3.44444 0.00123659
 3.47222 0.00148561
 3.5 0.00211759
