 2.75 3.51686e-06 3.45934e-06 3.52695e-06 0.000151801 0.000270859 0.000102889
 2.751 3.5249e-06 3.46831e-06 3.53492e-06 0.000152481 0.000272063 0.000103305
 2.752 3.53298e-06 3.47732e-06 3.54292e-06 0.000153165 0.000273275 0.000103723
 2.753 3.54109e-06 3.48638e-06 3.55096e-06 0.000153855 0.000274496 0.000104145
 2.754 3.54924e-06 3.49548e-06 3.55902e-06 0.000154549 0.000275725 0.000104569
 2.755 3.55742e-06 3.50462e-06 3.56712e-06 0.000155248 0.000276963 0.000104996
 2.756 3.56564e-06 3.5138e-06 3.57524e-06 0.000155952 0.00027821 0.000105427
 2.757 3.57389e-06 3.52303e-06 3.5834e-06 0.000156662 0.000279466 0.000105861
 2.758 3.58219e-06 3.53231e-06 3.59159e-06 0.000157376 0.00028073 0.000106297
 2.759 3.59051e-06 3.54163e-06 3.59982e-06 0.000158096 0.000282004 0.000106737
 2.76 3.59888e-06 3.55099e-06 3.60807e-06 0.000158821 0.000283286 0.000107181
 2.761 3.60728e-06 3.5604e-06 3.61636e-06 0.000159552 0.000284578 0.000107627
 2.762 3.61572e-06 3.56986e-06 3.62468e-06 0.000160287 0.00028588 0.000108076
 2.763 3.6242e-06 3.57936e-06 3.63303e-06 0.000161028 0.00028719 0.000108529
 2.764 3.63272e-06 3.58891e-06 3.64141e-06 0.000161775 0.00028851 0.000108985
 2.765 3.64128e-06 3.59851e-06 3.64983e-06 0.000162527 0.00028984 0.000109445
 2.766 3.64987e-06 3.60815e-06 3.65828e-06 0.000163285 0.000291179 0.000109908
 2.767 3.6585e-06 3.61785e-06 3.66677e-06 0.000164048 0.000292528 0.000110374
 2.768 3.66717e-06 3.62759e-06 3.67529e-06 0.000164817 0.000293887 0.000110844
 2.769 3.67589e-06 3.63737e-06 3.68384e-06 0.000165592 0.000295256 0.000111317
 2.77 3.68464e-06 3.64721e-06 3.69243e-06 0.000166372 0.000296635 0.000111794
 2.771 3.69343e-06 3.6571e-06 3.70105e-06 0.000167158 0.000298024 0.000112274
 2.772 3.70226e-06 3.66704e-06 3.7097e-06 0.000167951 0.000299424 0.000112758
 2.773 3.71113e-06 3.67702e-06 3.71839e-06 0.000168749 0.000300834 0.000113246
 2.774 3.72005e-06 3.68706e-06 3.72712e-06 0.000169553 0.000302254 0.000113737
 2.775 3.729e-06 3.69715e-06 3.73588e-06 0.000170364 0.000303685 0.000114232
 2.776 3.73799e-06 3.70729e-06 3.74467e-06 0.00017118 0.000305126 0.000114731
 2.777 3.74703e-06 3.71748e-06 3.7535e-06 0.000172003 0.000306579 0.000115233
 2.778 3.75611e-06 3.72772e-06 3.76237e-06 0.000172832 0.000308042 0.000115739
 2.779 3.76523e-06 3.73801e-06 3.77127e-06 0.000173667 0.000309516 0.00011625
 2.78 3.7744e-06 3.74836e-06 3.78021e-06 0.000174509 0.000311001 0.000116764
 2.781 3.7836e-06 3.75876e-06 3.78919e-06 0.000175357 0.000312498 0.000117282
 2.782 3.79285e-06 3.76922e-06 3.7982e-06 0.000176212 0.000314006 0.000117804
 2.783 3.80215e-06 3.77973e-06 3.80725e-06 0.000177073 0.000315525 0.00011833
 2.784 3.81148e-06 3.79029e-06 3.81634e-06 0.000177942 0.000317057 0.00011886
 2.785 3.82086e-06 3.80091e-06 3.82546e-06 0.000178816 0.000318599 0.000119394
 2.786 3.83029e-06 3.81158e-06 3.83463e-06 0.000179698 0.000320154 0.000119932
 2.787 3.83976e-06 3.82231e-06 3.84383e-06 0.000180587 0.000321721 0.000120475
 2.788 3.84927e-06 3.8331e-06 3.85307e-06 0.000181482 0.000323299 0.000121022
 2.789 3.85883e-06 3.84394e-06 3.86234e-06 0.000182385 0.00032489 0.000121573
 2.79 3.86844e-06 3.85484e-06 3.87166e-06 0.000183294 0.000326494 0.000122128
 2.791 3.87809e-06 3.8658e-06 3.88101e-06 0.000184211 0.00032811 0.000122688
 2.792 3.88779e-06 3.87682e-06 3.89041e-06 0.000185135 0.000329738 0.000123253
 2.793 3.89754e-06 3.88789e-06 3.89984e-06 0.000186067 0.000331379 0.000123821
 2.794 3.90733e-06 3.89903e-06 3.90931e-06 0.000187005 0.000333033 0.000124395
 2.795 3.91717e-06 3.91022e-06 3.91883e-06 0.000187952 0.000334701 0.000124973
 2.796 3.92706e-06 3.92148e-06 3.92838e-06 0.000188906 0.000336381 0.000125555
 2.797 3.93699e-06 3.93279e-06 3.93797e-06 0.000189867 0.000338075 0.000126143
 2.798 3.94697e-06 3.94417e-06 3.94761e-06 0.000190836 0.000339782 0.000126735
 2.799 3.95701e-06 3.95561e-06 3.95728e-06 0.000191813 0.000341502 0.000127332
 2.8 3.96709e-06 3.96711e-06 3.967e-06 0.000192798 0.000343237 0.000127933
 2.801 3.97722e-06 3.97867e-06 3.97676e-06 0.000193791 0.000344985 0.00012854
 2.802 3.9874e-06 3.9903e-06 3.98656e-06 0.000194793 0.000346748 0.000129152
 2.803 3.99763e-06 4.00199e-06 3.9964e-06 0.000195802 0.000348525 0.000129768
 2.804 4.00791e-06 4.01374e-06 4.00629e-06 0.000196819 0.000350316 0.00013039
 2.805 4.01824e-06 4.02556e-06 4.01621e-06 0.000197845 0.000352122 0.000131017
 2.806 4.02863e-06 4.03745e-06 4.02618e-06 0.000198879 0.000353942 0.000131649
 2.807 4.03906e-06 4.0494e-06 4.0362e-06 0.000199922 0.000355777 0.000132286
 2.808 4.04955e-06 4.06142e-06 4.04626e-06 0.000200974 0.000357628 0.000132929
 2.809 4.06009e-06 4.0735e-06 4.05636e-06 0.000202034 0.000359493 0.000133577
 2.81 4.07068e-06 4.08566e-06 4.0665e-06 0.000203103 0.000361374 0.00013423
 2.811 4.08133e-06 4.09788e-06 4.07669e-06 0.000204181 0.000363271 0.000134889
 2.812 4.09203e-06 4.11017e-06 4.08693e-06 0.000205268 0.000365183 0.000135554
 2.813 4.10278e-06 4.12253e-06 4.09721e-06 0.000206364 0.000367111 0.000136224
 2.814 4.11359e-06 4.13496e-06 4.10754e-06 0.000207469 0.000369055 0.0001369
 2.815 4.12446e-06 4.14747e-06 4.11791e-06 0.000208584 0.000371016 0.000137582
 2.816 4.13538e-06 4.16004e-06 4.12833e-06 0.000209708 0.000372993 0.000138269
 2.817 4.14635e-06 4.17269e-06 4.13879e-06 0.000210842 0.000374987 0.000138963
 2.818 4.15738e-06 4.18541e-06 4.1493e-06 0.000211985 0.000376997 0.000139662
 2.819 4.16847e-06 4.1982e-06 4.15986e-06 0.000213138 0.000379025 0.000140368
 2.82 4.17961e-06 4.21107e-06 4.17047e-06 0.000214301 0.00038107 0.00014108
 2.821 4.19082e-06 4.22401e-06 4.18112e-06 0.000215474 0.000383132 0.000141797
 2.822 4.20208e-06 4.23703e-06 4.19182e-06 0.000216658 0.000385212 0.000142522
 2.823 4.2134e-06 4.25012e-06 4.20257e-06 0.000217851 0.00038731 0.000143252
 2.824 4.22477e-06 4.26329e-06 4.21337e-06 0.000219055 0.000389426 0.000143989
 2.825 4.23621e-06 4.27654e-06 4.22422e-06 0.000220269 0.000391561 0.000144733
 2.826 4.24771e-06 4.28987e-06 4.23512e-06 0.000221494 0.000393714 0.000145483
 2.827 4.25927e-06 4.30327e-06 4.24606e-06 0.00022273 0.000395886 0.00014624
 2.828 4.27088e-06 4.31676e-06 4.25706e-06 0.000223976 0.000398076 0.000147004
 2.829 4.28256e-06 4.33033e-06 4.26811e-06 0.000225234 0.000400286 0.000147774
 2.83 4.29431e-06 4.34398e-06 4.27921e-06 0.000226502 0.000402516 0.000148551
 2.831 4.30611e-06 4.35771e-06 4.29036e-06 0.000227782 0.000404765 0.000149336
 2.832 4.31798e-06 4.37152e-06 4.30156e-06 0.000229074 0.000407034 0.000150128
 2.833 4.32991e-06 4.38542e-06 4.31282e-06 0.000230377 0.000409323 0.000150927
 2.834 4.3419e-06 4.39941e-06 4.32413e-06 0.000231691 0.000411633 0.000151733
 2.835 4.35396e-06 4.41347e-06 4.33549e-06 0.000233018 0.000413963 0.000152546
 2.836 4.36608e-06 4.42763e-06 4.3469e-06 0.000234356 0.000416315 0.000153368
 2.837 4.37827e-06 4.44187e-06 4.35837e-06 0.000235707 0.000418687 0.000154196
 2.838 4.39053e-06 4.4562e-06 4.36989e-06 0.00023707 0.000421081 0.000155033
 2.839 4.40285e-06 4.47062e-06 4.38146e-06 0.000238445 0.000423497 0.000155877
 2.84 4.41524e-06 4.48513e-06 4.3931e-06 0.000239833 0.000425935 0.000156729
 2.841 4.42769e-06 4.49973e-06 4.40478e-06 0.000241234 0.000428396 0.00015759
 2.842 4.44022e-06 4.51442e-06 4.41652e-06 0.000242648 0.000430878 0.000158458
 2.843 4.45281e-06 4.52921e-06 4.42832e-06 0.000244075 0.000433384 0.000159335
 2.844 4.46547e-06 4.54409e-06 4.44018e-06 0.000245515 0.000435913 0.00016022
 2.845 4.47821e-06 4.55906e-06 4.45209e-06 0.000246969 0.000438466 0.000161113
 2.846 4.49101e-06 4.57413e-06 4.46406e-06 0.000248436 0.000441042 0.000162015
 2.847 4.50389e-06 4.58929e-06 4.47609e-06 0.000249917 0.000443643 0.000162926
 2.848 4.51683e-06 4.60455e-06 4.48818e-06 0.000251412 0.000446268 0.000163846
 2.849 4.52985e-06 4.61992e-06 4.50032e-06 0.000252922 0.000448917 0.000164774
 2.85 4.54294e-06 4.63538e-06 4.51253e-06 0.000254445 0.000451592 0.000165712
 2.851 4.55611e-06 4.65094e-06 4.52479e-06 0.000255984 0.000454293 0.000166659
 2.852 4.56935e-06 4.6666e-06 4.53712e-06 0.000257537 0.000457019 0.000167615
 2.853 4.58266e-06 4.68236e-06 4.5495e-06 0.000259105 0.000459771 0.000168581
 2.854 4.59605e-06 4.69823e-06 4.56195e-06 0.000260689 0.00046255 0.000169556
 2.855 4.60952e-06 4.71421e-06 4.57446e-06 0.000262288 0.000465355 0.000170542
 2.856 4.62306e-06 4.73028e-06 4.58703e-06 0.000263903 0.000468188 0.000171537
 2.857 4.63668e-06 4.74647e-06 4.59967e-06 0.000265533 0.000471049 0.000172542
 2.858 4.65038e-06 4.76277e-06 4.61236e-06 0.00026718 0.000473937 0.000173557
 2.859 4.66416e-06 4.77917e-06 4.62513e-06 0.000268843 0.000476854 0.000174583
 2.86 4.67802e-06 4.79569e-06 4.63795e-06 0.000270523 0.0004798 0.000175619
 2.861 4.69196e-06 4.81231e-06 4.65085e-06 0.000272219 0.000482775 0.000176666
 2.862 4.70598e-06 4.82905e-06 4.6638e-06 0.000273933 0.000485779 0.000177724
 2.863 4.72008e-06 4.84591e-06 4.67683e-06 0.000275664 0.000488814 0.000178792
 2.864 4.73426e-06 4.86288e-06 4.68992e-06 0.000277413 0.000491879 0.000179872
 2.865 4.74853e-06 4.87997e-06 4.70307e-06 0.000279179 0.000494975 0.000180963
 2.866 4.76288e-06 4.89717e-06 4.7163e-06 0.000280964 0.000498103 0.000182066
 2.867 4.77732e-06 4.9145e-06 4.72959e-06 0.000282768 0.000501262 0.000183181
 2.868 4.79184e-06 4.93194e-06 4.74295e-06 0.00028459 0.000504454 0.000184307
 2.869 4.80645e-06 4.94951e-06 4.75639e-06 0.000286431 0.000507678 0.000185445
 2.87 4.82115e-06 4.9672e-06 4.76989e-06 0.000288292 0.000510936 0.000186596
 2.871 4.83593e-06 4.98502e-06 4.78346e-06 0.000290173 0.000514227 0.000187759
 2.872 4.85081e-06 5.00297e-06 4.79711e-06 0.000292074 0.000517553 0.000188935
 2.873 4.86577e-06 5.02104e-06 4.81082e-06 0.000293995 0.000520914 0.000190123
 2.874 4.88082e-06 5.03924e-06 4.82461e-06 0.000295937 0.00052431 0.000191325
 2.875 4.89597e-06 5.05757e-06 4.83847e-06 0.0002979 0.000527742 0.00019254
 2.876 4.91121e-06 5.07604e-06 4.85241e-06 0.000299885 0.00053121 0.000193769
 2.877 4.92654e-06 5.09464e-06 4.86642e-06 0.000301891 0.000534715 0.000195011
 2.878 4.94196e-06 5.11338e-06 4.88051e-06 0.000303921 0.000538259 0.000196268
 2.879 4.95748e-06 5.13225e-06 4.89467e-06 0.000305973 0.00054184 0.000197538
 2.88 4.9731e-06 5.15126e-06 4.90891e-06 0.000308048 0.00054546 0.000198823
 2.881 4.98881e-06 5.17042e-06 4.92323e-06 0.000310147 0.00054912 0.000200123
 2.882 5.00462e-06 5.18972e-06 4.93762e-06 0.00031227 0.00055282 0.000201438
 2.883 5.02053e-06 5.20916e-06 4.9521e-06 0.000314417 0.00055656 0.000202768
 2.884 5.03654e-06 5.22875e-06 4.96665e-06 0.00031659 0.000560343 0.000204114
 2.885 5.05265e-06 5.24848e-06 4.98128e-06 0.000318788 0.000564167 0.000205476
 2.886 5.06886e-06 5.26837e-06 4.996e-06 0.000321013 0.000568034 0.000206853
 2.887 5.08518e-06 5.28841e-06 5.0108e-06 0.000323265 0.000571945 0.000208247
 2.888 5.10159e-06 5.3086e-06 5.02568e-06 0.000325543 0.0005759 0.000209658
 2.889 5.11812e-06 5.32895e-06 5.04064e-06 0.00032785 0.0005799 0.000211086
 2.89 5.13475e-06 5.34946e-06 5.05569e-06 0.000330186 0.000583946 0.000212531
 2.891 5.15148e-06 5.37012e-06 5.07082e-06 0.00033255 0.000588039 0.000213994
 2.892 5.16832e-06 5.39095e-06 5.08604e-06 0.000334945 0.00059218 0.000215475
 2.893 5.18528e-06 5.41194e-06 5.10135e-06 0.000337371 0.000596369 0.000216975
 2.894 5.20234e-06 5.4331e-06 5.11674e-06 0.000339828 0.000600607 0.000218493
 2.895 5.21952e-06 5.45443e-06 5.13222e-06 0.000342317 0.000604895 0.00022003
 2.896 5.2368e-06 5.47593e-06 5.14779e-06 0.000344839 0.000609235 0.000221587
 2.897 5.2542e-06 5.4976e-06 5.16345e-06 0.000347395 0.000613626 0.000223164
 2.898 5.27172e-06 5.51944e-06 5.17921e-06 0.000349987 0.000618071 0.000224762
 2.899 5.28935e-06 5.54147e-06 5.19505e-06 0.000352614 0.000622569 0.00022638
 2.9 5.3071e-06 5.56368e-06 5.21099e-06 0.000355278 0.000627123 0.000228019
 2.901 5.32497e-06 5.58606e-06 5.22702e-06 0.00035798 0.000631733 0.00022968
 2.902 5.34296e-06 5.60864e-06 5.24315e-06 0.00036072 0.0006364 0.000231363
 2.903 5.36107e-06 5.6314e-06 5.25937e-06 0.000363501 0.000641126 0.000233069
 2.904 5.3793e-06 5.65435e-06 5.27569e-06 0.000366324 0.000645911 0.000234798
 2.905 5.39765e-06 5.6775e-06 5.29211e-06 0.000369189 0.000650757 0.000236551
 2.906 5.41613e-06 5.70084e-06 5.30863e-06 0.000372098 0.000655665 0.000238328
 2.907 5.43474e-06 5.72438e-06 5.32525e-06 0.000375052 0.000660637 0.00024013
 2.908 5.45347e-06 5.74812e-06 5.34197e-06 0.000378053 0.000665673 0.000241957
 2.909 5.47234e-06 5.77207e-06 5.35879e-06 0.000381103 0.000670775 0.00024381
 2.91 5.49133e-06 5.79623e-06 5.37572e-06 0.000384202 0.000675945 0.00024569
 2.911 5.51046e-06 5.8206e-06 5.39275e-06 0.000387353 0.000681184 0.000247597
 2.912 5.52972e-06 5.84518e-06 5.40988e-06 0.000390557 0.000686494 0.000249533
 2.913 5.54912e-06 5.86998e-06 5.42713e-06 0.000393817 0.000691875 0.000251497
 2.914 5.56865e-06 5.895e-06 5.44448e-06 0.000397133 0.000697331 0.00025349
 2.915 5.58832e-06 5.92024e-06 5.46194e-06 0.000400508 0.000702862 0.000255513
 2.916 5.60813e-06 5.94572e-06 5.47952e-06 0.000403943 0.00070847 0.000257568
 2.917 5.62808e-06 5.97142e-06 5.4972e-06 0.000407442 0.000714158 0.000259654
 2.918 5.64818e-06 5.99736e-06 5.515e-06 0.000411004 0.000719926 0.000261774
 2.919 5.66842e-06 6.02353e-06 5.53291e-06 0.000414634 0.000725778 0.000263926
 2.92 5.68881e-06 6.04995e-06 5.55094e-06 0.000418331 0.000731715 0.000266114
 2.921 5.70934e-06 6.07662e-06 5.56909e-06 0.000422099 0.000737739 0.000268336
 2.922 5.73003e-06 6.10354e-06 5.58735e-06 0.000425938 0.000743852 0.000270596
 2.923 5.75087e-06 6.13071e-06 5.60574e-06 0.00042985 0.000750058 0.000272893
 2.924 5.77186e-06 6.15814e-06 5.62425e-06 0.000433837 0.000756358 0.000275229
 2.925 5.793e-06 6.18583e-06 5.64288e-06 0.000437899 0.000762755 0.000277604
 2.926 5.81431e-06 6.21379e-06 5.66164e-06 0.000442036 0.000769252 0.000280021
 2.927 5.83577e-06 6.24202e-06 5.68052e-06 0.000446249 0.000775851 0.00028248
 2.928 5.85739e-06 6.27053e-06 5.69953e-06 0.000450537 0.000782556 0.000284983
 2.929 5.87918e-06 6.29932e-06 5.71867e-06 0.000454897 0.000789369 0.000287531
 2.93 5.90114e-06 6.32839e-06 5.73795e-06 0.000459328 0.000796294 0.000290125
 2.931 5.92326e-06 6.35776e-06 5.75735e-06 0.000463826 0.000803335 0.000292768
 2.932 5.94555e-06 6.38742e-06 5.77689e-06 0.000468386 0.000810494 0.000295459
 2.933 5.96801e-06 6.41739e-06 5.79657e-06 0.000473001 0.000817775 0.000298203
 2.934 5.99064e-06 6.44766e-06 5.81639e-06 0.000477665 0.000825183 0.000300998
 2.935 6.01346e-06 6.47824e-06 5.83634e-06 0.000482366 0.000832722 0.000303849
 2.936 6.03645e-06 6.50915e-06 5.85644e-06 0.000487095 0.000840396 0.000306756
 2.937 6.05962e-06 6.54037e-06 5.87669e-06 0.000491839 0.000848209 0.000309721
 2.938 6.08297e-06 6.57193e-06 5.89708e-06 0.000496583 0.000856167 0.000312747
 2.939 6.10651e-06 6.60383e-06 5.91762e-06 0.000501312 0.000864275 0.000315835
 2.94 6.13024e-06 6.63606e-06 5.9383e-06 0.00050601 0.000872538 0.000318988
 2.941 6.15416e-06 6.66865e-06 5.95915e-06 0.000510659 0.000880963 0.000322208
 2.942 6.17827e-06 6.70159e-06 5.98014e-06 0.000515244 0.000889555 0.000325498
 2.943 6.20258e-06 6.7349e-06 6.0013e-06 0.000519749 0.000898321 0.000328861
 2.944 6.22709e-06 6.76857e-06 6.02261e-06 0.000524158 0.000907268 0.000332299
 2.945 6.25179e-06 6.80263e-06 6.04409e-06 0.000528461 0.000916403 0.000335816
 2.946 6.27671e-06 6.83706e-06 6.06573e-06 0.000532648 0.000925735 0.000339416
 2.947 6.30182e-06 6.8719e-06 6.08753e-06 0.000536713 0.000935273 0.000343102
 2.948 6.32715e-06 6.90713e-06 6.10951e-06 0.000540655 0.000945024 0.000346879
 2.949 6.3527e-06 6.94277e-06 6.13166e-06 0.000544476 0.000955 0.000350751
 2.95 6.37845e-06 6.97883e-06 6.15398e-06 0.000548182 0.000965211 0.000354724
 2.951 6.40443e-06 7.01532e-06 6.17648e-06 0.000551783 0.000975668 0.000358803
 2.952 6.43063e-06 7.05225e-06 6.19917e-06 0.000555292 0.000986383 0.000362994
 2.953 6.45706e-06 7.08962e-06 6.22203e-06 0.000558724 0.000997369 0.000367304
 2.954 6.48371e-06 7.12744e-06 6.24508e-06 0.000562096 0.00100864 0.00037174
 2.955 6.5106e-06 7.16573e-06 6.26833e-06 0.000565426 0.00102022 0.000376309
 2.956 6.53772e-06 7.2045e-06 6.29176e-06 0.000568733 0.00103211 0.000381021
 2.957 6.56509e-06 7.24375e-06 6.31539e-06 0.000572034 0.00104434 0.000385885
 2.958 6.5927e-06 7.28351e-06 6.33922e-06 0.000575348 0.00105692 0.00039091
 2.959 6.62055e-06 7.32377e-06 6.36326e-06 0.000578689 0.00106988 0.000396108
 2.96 6.64866e-06 7.36455e-06 6.3875e-06 0.000582072 0.00108325 0.000401491
 2.961 6.67702e-06 7.40586e-06 6.41195e-06 0.00058551 0.00109704 0.000407072
 2.962 6.70564e-06 7.44772e-06 6.43662e-06 0.000589013 0.00111128 0.000412865
 2.963 6.73452e-06 7.49014e-06 6.4615e-06 0.00059259 0.00112602 0.000418887
 2.964 6.76368e-06 7.53314e-06 6.48661e-06 0.000596249 0.00114127 0.000425156
 2.965 6.7931e-06 7.57672e-06 6.51194e-06 0.000599996 0.00115709 0.000431691
 2.966 6.8228e-06 7.6209e-06 6.53751e-06 0.000603833 0.0011735 0.000438514
 2.967 6.85279e-06 7.6657e-06 6.56331e-06 0.000607763 0.00119057 0.000445649
 2.968 6.88306e-06 7.71113e-06 6.58935e-06 0.000611789 0.00120834 0.000453125
 2.969 6.91362e-06 7.75721e-06 6.61564e-06 0.000615909 0.00122687 0.000460971
 2.97 6.94448e-06 7.80396e-06 6.64217e-06 0.000620122 0.00124622 0.000469223
 2.971 6.97564e-06 7.85139e-06 6.66896e-06 0.000624425 0.00126648 0.00047792
 2.972 7.00711e-06 7.89953e-06 6.69602e-06 0.000628815 0.00128771 0.000487107
 2.973 7.03889e-06 7.94839e-06 6.72334e-06 0.000633285 0.00131002 0.000496834
 2.974 7.07099e-06 7.99798e-06 6.75093e-06 0.000637829 0.00133352 0.000507159
 2.975 7.10342e-06 8.04835e-06 6.7788e-06 0.000642438 0.00135832 0.00051815
 2.976 7.13617e-06 8.09949e-06 6.80695e-06 0.0006471 0.00138455 0.000529884
 2.977 7.16927e-06 8.15144e-06 6.83539e-06 0.0006518 0.00141239 0.000542449
 2.978 7.2027e-06 8.20422e-06 6.86413e-06 0.000656521 0.00144201 0.000555948
 2.979 7.23649e-06 8.25786e-06 6.89318e-06 0.000661237 0.00147361 0.000570503
 2.98 7.27064e-06 8.31237e-06 6.92253e-06 0.00066592 0.00150743 0.000586255
 2.981 7.30515e-06 8.36779e-06 6.95221e-06 0.000670531 0.00154376 0.000603369
 2.982 7.34003e-06 8.42415e-06 6.98221e-06 0.000675019 0.0015829 0.000622039
 2.983 7.37529e-06 8.48147e-06 7.01255e-06 0.000679319 0.00162521 0.000642495
 2.984 7.41094e-06 8.53978e-06 7.04323e-06 0.000683342 0.00167111 0.000665008
 2.985 7.44698e-06 8.59912e-06 7.07426e-06 0.000686973 0.00172107 0.000689896
 2.986 7.48343e-06 8.65952e-06 7.10565e-06 0.000690054 0.00177559 0.000717528
 2.987 7.5203e-06 8.72101e-06 7.13742e-06 0.000692373 0.00183524 0.000748334
 2.988 7.55758e-06 8.78363e-06 7.16956e-06 0.000693635 0.00190055 0.000782793
 2.989 7.5953e-06 8.84742e-06 7.2021e-06 0.000693438 0.00197199 0.000821417
 2.99 7.63346e-06 8.91241e-06 7.23503e-06 0.000691223 0.00204977 0.000864698
 2.991 7.67208e-06 8.97866e-06 7.26838e-06 0.000686218 0.00213358 0.000912984
 2.992 7.71115e-06 9.0462e-06 7.30216e-06 0.000677363 0.00222198 0.000966233
 2.993 7.7507e-06 9.11508e-06 7.33637e-06 0.000663248 0.00231144 0.00102353
 2.994 7.79074e-06 9.18535e-06 7.37104e-06 0.000642105 0.00239466 0.0010822
 2.995 7.83127e-06 9.25707e-06 7.40617e-06 0.000612001 0.00245821 0.00113644
 2.996 7.87232e-06 9.33027e-06 7.44178e-06 0.00057152 0.00247998 0.00117552
 2.997 7.91388e-06 9.40503e-06 7.47788e-06 0.000521274 0.00242927 0.00118298
 2.998 7.95599e-06 9.4814e-06 7.51449e-06 0.000466143 0.00227534 0.00113987
 2.999 7.99864e-06 9.55945e-06 7.55163e-06 0.000416488 0.00200846 0.00103526
 3 8.04187e-06 9.63923e-06 7.58931e-06 0.000385039 0.00166183 0.000879172
 3.001 8.08567e-06 9.72083e-06 7.62755e-06 0.00037955 0.00130507 0.000702718
 3.002 8.13008e-06 9.80432e-06 7.66638e-06 0.000398173 0.00100497 0.000540396
 3.003 8.1751e-06 9.88977e-06 7.70581e-06 0.000432469 0.000793309 0.000412576
 3.004 8.22075e-06 9.97727e-06 7.74586e-06 0.000473472 0.000667906 0.00032306
 3.005 8.26705e-06 1.00669e-05 7.78656e-06 0.000515046 0.000610772 0.000266294
 3.006 8.31403e-06 1.01588e-05 7.82793e-06 0.000554071 0.000602551 0.000234292
 3.007 8.36171e-06 1.0253e-05 7.86999e-06 0.000589435 0.000628593 0.000220091
 3.008 8.41009e-06 1.03496e-05 7.91278e-06 0.000621092 0.000680094 0.000218748
 3.009 8.45922e-06 1.04488e-05 7.95632e-06 0.000649468 0.000753764 0.000227364
 3.01 8.50911e-06 1.05507e-05 8.00064e-06 0.000675179 0.000851938 0.000245009
 3.011 8.55978e-06 1.06553e-05 8.04578e-06 0.00069895 0.00098441 0.000273047
 3.012 8.61128e-06 1.07629e-05 8.09176e-06 0.000721685 0.0011742 0.00031653
 3.013 8.66361e-06 1.08736e-05 8.13863e-06 0.000744787 0.00147319 0.000388267
 3.014 8.71683e-06 1.09875e-05 8.18642e-06 0.000771079 0.00200398 0.000519972
 3.015 8.77095e-06 1.11048e-05 8.23518e-06 0.00080706 0.00304989 0.000783641
 3.016 8.82601e-06 1.12257e-05 8.28494e-06 0.000859934 0.00483425 0.00119553
 3.017 8.88205e-06 1.13504e-05 8.33576e-06 0.000895536 0.00530422 0.00118525
 3.018 8.9391e-06 1.1479e-05 8.38768e-06 0.00090478 0.00388782 0.000798554
 3.019 8.99721e-06 1.16118e-05 8.44076e-06 0.000933005 0.0033954 0.00057408
 3.02 9.05643e-06 1.17491e-05 8.49506e-06 0.000958745 0.00364366 0.000462458
 3.021 9.11679e-06 1.1891e-05 8.55064e-06 0.00093987 0.00293975 0.000404073
 3.022 9.17835e-06 1.20379e-05 8.60756e-06 0.000914894 0.00206545 0.000375288
 3.023 9.24116e-06 1.21901e-05 8.66589e-06 0.000906843 0.0016277 0.000361791
 3.024 9.30528e-06 1.23478e-05 8.72571e-06 0.000908005 0.00142037 0.00035637
 3.025 9.37077e-06 1.25114e-05 8.78711e-06 0.000913385 0.00131588 0.00035548
 3.026 9.43769e-06 1.26814e-05 8.85017e-06 0.000920841 0.00126131 0.000357276
 3.027 9.50612e-06 1.2858e-05 8.91498e-06 0.000929411 0.00123343 0.000360738
 3.028 9.57614e-06 1.30417e-05 8.98166e-06 0.000938626 0.00122099 0.000365266
 3.029 9.64781e-06 1.32331e-05 9.0503e-06 0.000948238 0.00121806 0.000370494
 3.03 9.72125e-06 1.34327e-05 9.12104e-06 0.000958108 0.00122124 0.00037619
 3.031 9.79653e-06 1.36409e-05 9.19401e-06 0.000968155 0.00122852 0.000382201
 3.032 9.87377e-06 1.38585e-05 9.26935e-06 0.00097833 0.00123862 0.000388424
 3.033 9.95308e-06 1.40861e-05 9.34722e-06 0.000988602 0.00125071 0.000394789
 3.034 1.00346e-05 1.43245e-05 9.42778e-06 0.000998951 0.00126423 0.000401249
 3.035 1.01184e-05 1.45745e-05 9.51123e-06 0.00100937 0.00127879 0.000407768
 3.036 1.02047e-05 1.4837e-05 9.59777e-06 0.00101984 0.00129411 0.000414323
 3.037 1.02937e-05 1.51131e-05 9.68763e-06 0.00103036 0.00131001 0.000420897
 3.038 1.03854e-05 1.54038e-05 9.78104e-06 0.00104093 0.00132633 0.000427478
 3.039 1.04802e-05 1.57103e-05 9.8783e-06 0.00105155 0.00134298 0.000434056
 3.04 1.05782e-05 1.60342e-05 9.97969e-06 0.00106221 0.00135987 0.000440627
 3.041 1.06796e-05 1.63768e-05 1.00855e-05 0.00107292 0.00137694 0.000447185
 3.042 1.07848e-05 1.67398e-05 1.01962e-05 0.00108367 0.00139415 0.000453728
 3.043 1.0894e-05 1.71253e-05 1.03122e-05 0.00109447 0.00141146 0.000460255
 3.044 1.10075e-05 1.75354e-05 1.04338e-05 0.00110531 0.00142886 0.000466763
 3.045 1.11257e-05 1.79724e-05 1.05617e-05 0.00111619 0.0014463 0.000473252
 3.046 1.1249e-05 1.84391e-05 1.06963e-05 0.00112711 0.00146378 0.000479723
 3.047 1.13778e-05 1.89386e-05 1.08384e-05 0.00113808 0.00148129 0.000486174
 3.048 1.15128e-05 1.94745e-05 1.09887e-05 0.00114908 0.00149882 0.000492606
 3.049 1.16543e-05 2.00507e-05 1.11479e-05 0.00116013 0.00151635 0.00049902
 3.05 1.18032e-05 2.06718e-05 1.1317e-05 0.00117121 0.00153388 0.000505415
 3.051 1.19601e-05 2.13432e-05 1.1497e-05 0.00118233 0.0015514 0.000511792
 3.052 1.21259e-05 2.2071e-05 1.16892e-05 0.00119349 0.00156891 0.00051815
 3.053 1.23015e-05 2.28623e-05 1.18949e-05 0.00120468 0.00158641 0.00052449
 3.054 1.24882e-05 2.37253e-05 1.21157e-05 0.00121591 0.00160388 0.000530813
 3.055 1.26871e-05 2.46697e-05 1.23534e-05 0.00122717 0.00162133 0.000537118
 3.056 1.28999e-05 2.5707e-05 1.26102e-05 0.00123845 0.00163875 0.000543404
 3.057 1.31282e-05 2.68507e-05 1.28885e-05 0.00124977 0.00165614 0.000549673
 3.058 1.33741e-05 2.81168e-05 1.31911e-05 0.00126111 0.0016735 0.000555923
 3.059 1.36402e-05 2.95248e-05 1.35216e-05 0.00127247 0.00169082 0.000562154
 3.06 1.39293e-05 3.10981e-05 1.38839e-05 0.00128385 0.0017081 0.000568366
 3.061 1.4245e-05 3.28652e-05 1.42829e-05 0.00129525 0.00172533 0.000574558
 3.062 1.45916e-05 3.48612e-05 1.47242e-05 0.00130666 0.00174251 0.00058073
 3.063 1.49742e-05 3.71296e-05 1.52148e-05 0.00131808 0.00175964 0.00058688
 3.064 1.53992e-05 3.97252e-05 1.57633e-05 0.00132951 0.00177672 0.000593008
 3.065 1.58746e-05 4.27172e-05 1.638e-05 0.00134095 0.00179373 0.000599112
 3.066 1.64105e-05 4.61947e-05 1.70779e-05 0.00135238 0.00181068 0.000605193
 3.067 1.70197e-05 5.02742e-05 1.78731e-05 0.00136381 0.00182755 0.000611247
 3.068 1.77186e-05 5.51096e-05 1.87861e-05 0.00137523 0.00184435 0.000617275
 3.069 1.85293e-05 6.09092e-05 1.98432e-05 0.00138664 0.00186107 0.000623274
 3.07 1.94808e-05 6.79598e-05 2.10788e-05 0.00139804 0.00187771 0.000629243
 3.071 2.06135e-05 7.6667e-05 2.25383e-05 0.00140941 0.00189425 0.000635181
 3.072 2.19837e-05 8.76202e-05 2.42829e-05 0.00142075 0.0019107 0.000641085
 3.073 2.36735e-05 0.000101705 2.63972e-05 0.00143207 0.00192704 0.000646954
 3.074 2.58062e-05 0.000120308 2.90005e-05 0.00144335 0.00194328 0.000652786
 3.075 2.85755e-05 0.000145702 3.22673e-05 0.00145459 0.0019594 0.000658579
 3.076 3.23029e-05 0.000181843 3.64614e-05 0.00146578 0.00197539 0.00066433
 3.077 3.75581e-05 0.00023612 4.20012e-05 0.00147693 0.00199126 0.000670038
 3.078 4.54356e-05 0.000323564 4.95898e-05 0.00148801 0.00200699 0.000675701
 3.079 5.82433e-05 0.000477719 6.05006e-05 0.00149904 0.00202258 0.000681316
 3.08 8.12237e-05 0.000777272 7.72547e-05 0.00150999 0.00203802 0.00068688
 3.081 0.000124658 0.00135227 0.000105216 0.00152088 0.0020533 0.000692391
 3.082 0.00018603 0.00187127 0.000153774 0.00153168 0.00206841 0.000697848
 3.083 0.000215382 0.00157122 0.000216417 0.00154239 0.00208335 0.000703246
 3.084 0.000197171 0.00139445 0.000280354 0.00155302 0.00209811 0.000708583
 3.085 0.000216853 0.00180811 0.000426916 0.00156354 0.00211268 0.000713857
 3.086 0.00029161 0.0027413 0.000659792 0.00157396 0.00212705 0.000719065
 3.087 0.000309297 0.00271963 0.000668018 0.00158427 0.00214121 0.000724203
 3.088 0.000306421 0.0018301 0.00059724 0.00159447 0.00215516 0.00072927
 3.089 0.000413277 0.0015183 0.000760406 0.00160453 0.00216889 0.000734262
 3.09 0.000540105 0.00162461 0.00101481 0.00161447 0.00218239 0.000739177
 3.091 0.000411753 0.00126789 0.000784629 0.00162427 0.00219564 0.000744011
 3.092 0.00025869 0.000751165 0.000440055 0.00163393 0.00220865 0.000748762
 3.093 0.000199131 0.000465311 0.000258411 0.00164344 0.0022214 0.000753426
 3.094 0.000211069 0.000317122 0.000170196 0.00165279 0.00223389 0.000758
 3.095 0.000292258 0.000232929 0.00012539 0.00166197 0.0022461 0.000762483
 3.096 0.000341284 0.000180584 9.89569e-05 0.00167099 0.00225804 0.00076687
 3.097 0.000231447 0.000145683 7.67481e-05 0.00167983 0.00226968 0.000771158
 3.098 0.000137128 0.000121145 6.09543e-05 0.00168849 0.00228102 0.000775346
 3.099 8.98017e-05 0.000103176 5.05254e-05 0.00169696 0.00229206 0.000779429
 3.1 6.54028e-05 8.95918e-05 4.32812e-05 0.00170523 0.00230279 0.000783405
 3.101 5.15064e-05 7.90565e-05 3.79949e-05 0.00171331 0.00231319 0.000787272
 3.102 4.28682e-05 7.07141e-05 3.39967e-05 0.00172117 0.00232327 0.000791026
 3.103 3.71238e-05 6.39933e-05 3.08915e-05 0.00172883 0.00233301 0.000794664
 3.104 3.31037e-05 5.85e-05 2.84299e-05 0.00173626 0.0023424 0.000798185
 3.105 3.01786e-05 5.39546e-05 2.64462e-05 0.00174347 0.00235145 0.000801585
 3.106 2.79855e-05 5.01538e-05 2.48258e-05 0.00175045 0.00236014 0.000804863
 3.107 2.63028e-05 4.69471e-05 2.34874e-05 0.0017572 0.00236846 0.000808015
 3.108 2.49881e-05 4.42205e-05 2.23714e-05 0.0017637 0.00237642 0.000811039
 3.109 2.39466e-05 4.18867e-05 2.14335e-05 0.00176997 0.002384 0.000813933
 3.11 2.31129e-05 3.98774e-05 2.06399e-05 0.00177598 0.0023912 0.000816695
 3.111 2.24407e-05 3.81391e-05 1.99648e-05 0.00178174 0.00239802 0.000819322
 3.112 2.1896e-05 3.66289e-05 1.93878e-05 0.00178724 0.00240445 0.000821814
 3.113 2.1454e-05 3.53124e-05 1.8893e-05 0.00179248 0.00241049 0.000824168
 3.114 2.10956e-05 3.41614e-05 1.84675e-05 0.00179746 0.00241613 0.000826382
 3.115 2.08063e-05 3.31531e-05 1.81009e-05 0.00180217 0.00242137 0.000828455
 3.116 2.05747e-05 3.22683e-05 1.77847e-05 0.00180661 0.0024262 0.000830386
 3.117 2.03919e-05 3.14912e-05 1.75122e-05 0.00181078 0.00243064 0.000832172
 3.118 2.02507e-05 3.08085e-05 1.72774e-05 0.00181468 0.00243466 0.000833814
 3.119 2.01454e-05 3.02092e-05 1.70757e-05 0.00181829 0.00243827 0.00083531
 3.12 2.00712e-05 2.96836e-05 1.69029e-05 0.00182163 0.00244148 0.00083666
 3.121 2.00243e-05 2.92237e-05 1.67558e-05 0.00182469 0.00244427 0.000837862
 3.122 2.00016e-05 2.88227e-05 1.66315e-05 0.00182748 0.00244666 0.000838916
 3.123 2.00003e-05 2.84745e-05 1.65274e-05 0.00182998 0.00244864 0.000839822
 3.124 2.00184e-05 2.81741e-05 1.64416e-05 0.0018322 0.0024502 0.000840579
 3.125 2.0054e-05 2.7917e-05 1.63722e-05 0.00183414 0.00245136 0.000841189
 3.126 2.01054e-05 2.76994e-05 1.63177e-05 0.00183581 0.00245212 0.00084165
 3.127 2.01715e-05 2.75179e-05 1.62766e-05 0.00183719 0.00245248 0.000841963
 3.128 2.0251e-05 2.73696e-05 1.6248e-05 0.00183831 0.00245244 0.000842128
 3.129 2.0343e-05 2.72518e-05 1.62306e-05 0.00183915 0.002452 0.000842147
 3.13 2.04468e-05 2.71625e-05 1.62238e-05 0.00183971 0.00245118 0.00084202
 3.131 2.05617e-05 2.70995e-05 1.62266e-05 0.00184002 0.00244996 0.000841747
 3.132 2.0687e-05 2.70612e-05 1.62384e-05 0.00184005 0.00244838 0.000841331
 3.133 2.08223e-05 2.70461e-05 1.62587e-05 0.00183983 0.00244641 0.000840772
 3.134 2.09672e-05 2.70527e-05 1.62868e-05 0.00183934 0.00244408 0.000840072
 3.135 2.11213e-05 2.70799e-05 1.63224e-05 0.00183861 0.0024414 0.000839233
 3.136 2.12844e-05 2.71266e-05 1.6365e-05 0.00183763 0.00243835 0.000838255
 3.137 2.14562e-05 2.71921e-05 1.64142e-05 0.00183641 0.00243497 0.000837142
 3.138 2.16365e-05 2.72753e-05 1.64699e-05 0.00183495 0.00243125 0.000835895
 3.139 2.18252e-05 2.73757e-05 1.65317e-05 0.00183326 0.00242721 0.000834517
 3.14 2.20222e-05 2.74927e-05 1.65993e-05 0.00183135 0.00242285 0.000833009
 3.141 2.22274e-05 2.76256e-05 1.66726e-05 0.00182922 0.00241818 0.000831374
 3.142 2.24408e-05 2.77741e-05 1.67514e-05 0.00182688 0.00241322 0.000829616
 3.143 2.26624e-05 2.79379e-05 1.68355e-05 0.00182434 0.00240797 0.000827735
 3.144 2.28921e-05 2.81164e-05 1.69249e-05 0.0018216 0.00240246 0.000825736
 3.145 2.313e-05 2.83096e-05 1.70194e-05 0.00181868 0.00239668 0.000823622
 3.146 2.33762e-05 2.85173e-05 1.71189e-05 0.00181558 0.00239065 0.000821394
 3.147 2.36308e-05 2.87391e-05 1.72234e-05 0.00181232 0.00238439 0.000819057
 3.148 2.38938e-05 2.89751e-05 1.73328e-05 0.0018089 0.0023779 0.000816614
 3.149 2.41654e-05 2.92252e-05 1.74471e-05 0.00180532 0.00237121 0.000814068
 3.15 2.44458e-05 2.94894e-05 1.75662e-05 0.00180162 0.00236433 0.000811423
 3.151 2.47351e-05 2.97676e-05 1.76902e-05 0.00179778 0.00235726 0.000808682
 3.152 2.50334e-05 3.006e-05 1.78191e-05 0.00179383 0.00235003 0.000805848
 3.153 2.53411e-05 3.03666e-05 1.79529e-05 0.00178977 0.00234265 0.000802925
 3.154 2.56583e-05 3.06875e-05 1.80916e-05 0.00178561 0.00233514 0.000799918
 3.155 2.59853e-05 3.10231e-05 1.82353e-05 0.00178138 0.00232751 0.000796829
 3.156 2.63223e-05 3.13733e-05 1.8384e-05 0.00177708 0.00231978 0.000793663
 3.157 2.66696e-05 3.17385e-05 1.85379e-05 0.00177272 0.00231197 0.000790424
 3.158 2.70276e-05 3.2119e-05 1.86969e-05 0.00176831 0.00230409 0.000787114
 3.159 2.73966e-05 3.25151e-05 1.88612e-05 0.00176388 0.00229617 0.00078374
 3.16 2.77769e-05 3.2927e-05 1.90309e-05 0.00175943 0.00228821 0.000780303
 3.161 2.81688e-05 3.33553e-05 1.92061e-05 0.00175497 0.00228024 0.000776809
 3.162 2.85729e-05 3.38002e-05 1.9387e-05 0.00175053 0.00227228 0.000773262
 3.163 2.89895e-05 3.42624e-05 1.95737e-05 0.00174612 0.00226435 0.000769665
 3.164 2.9419e-05 3.47421e-05 1.97663e-05 0.00174175 0.00225647 0.000766022
 3.165 2.98621e-05 3.52401e-05 1.9965e-05 0.00173744 0.00224866 0.000762339
 3.166 3.03191e-05 3.57569e-05 2.017e-05 0.00173321 0.00224094 0.000758619
 3.167 3.07905e-05 3.62931e-05 2.03815e-05 0.00172907 0.00223333 0.000754866
 3.168 3.12771e-05 3.68493e-05 2.05997e-05 0.00172504 0.00222586 0.000751084
 3.169 3.17794e-05 3.74264e-05 2.08249e-05 0.00172115 0.00221854 0.000747278
 3.17 3.2298e-05 3.8025e-05 2.10572e-05 0.0017174 0.00221141 0.000743452
 3.171 3.28337e-05 3.8646e-05 2.1297e-05 0.00171383 0.00220449 0.00073961
 3.172 3.33871e-05 3.92902e-05 2.15445e-05 0.00171044 0.00219781 0.000735756
 3.173 3.3959e-05 3.99587e-05 2.18001e-05 0.00170727 0.00219138 0.000731896
 3.174 3.45503e-05 4.06523e-05 2.2064e-05 0.00170434 0.00218525 0.000728033
 3.175 3.51618e-05 4.13723e-05 2.23365e-05 0.00170166 0.00217943 0.000724171
 3.176 3.57944e-05 4.21197e-05 2.26182e-05 0.00169928 0.00217396 0.000720316
 3.177 3.64492e-05 4.28957e-05 2.29093e-05 0.0016972 0.00216888 0.000716471
 3.178 3.71272e-05 4.37017e-05 2.32102e-05 0.00169546 0.00216421 0.000712642
 3.179 3.78295e-05 4.4539e-05 2.35215e-05 0.0016941 0.00216 0.000708832
 3.18 3.85573e-05 4.54092e-05 2.38435e-05 0.00169313 0.00215627 0.000705048
 3.181 3.93118e-05 4.63138e-05 2.41768e-05 0.0016926 0.00215307 0.000701292
 3.182 4.00945e-05 4.72545e-05 2.4522e-05 0.00169254 0.00215044 0.000697572
 3.183 4.09067e-05 4.82332e-05 2.48796e-05 0.00169299 0.00214842 0.000693891
 3.184 4.17501e-05 4.92519e-05 2.52503e-05 0.00169399 0.00214707 0.000690254
 3.185 4.26262e-05 5.03125e-05 2.56346e-05 0.00169557 0.00214643 0.000686668
 3.186 4.35368e-05 5.14174e-05 2.60334e-05 0.00169779 0.00214655 0.000683137
 3.187 4.44839e-05 5.2569e-05 2.64474e-05 0.0017007 0.00214749 0.000679668
 3.188 4.54694e-05 5.37698e-05 2.68775e-05 0.00170435 0.00214932 0.000676267
 3.189 4.64955e-05 5.50226e-05 2.73244e-05 0.00170879 0.0021521 0.000672939
 3.19 4.75646e-05 5.63304e-05 2.77893e-05 0.00171409 0.0021559 0.000669691
 3.191 4.86793e-05 5.76964e-05 2.8273e-05 0.00172031 0.0021608 0.000666531
 3.192 4.98421e-05 5.91242e-05 2.87768e-05 0.00172754 0.00216688 0.000663465
 3.193 5.1056e-05 6.06173e-05 2.93017e-05 0.00173584 0.00217423 0.000660501
 3.194 5.23242e-05 6.21799e-05 2.98492e-05 0.0017453 0.00218295 0.000657648
 3.195 5.36502e-05 6.38164e-05 3.04206e-05 0.00175602 0.00219316 0.000654914
 3.196 5.50374e-05 6.55314e-05 3.10174e-05 0.0017681 0.00220495 0.000652309
 3.197 5.64901e-05 6.733e-05 3.16413e-05 0.00178166 0.00221847 0.000649843
 3.198 5.80124e-05 6.92179e-05 3.2294e-05 0.00179681 0.00223384 0.000647526
 3.199 5.96092e-05 7.12011e-05 3.29774e-05 0.00181369 0.00225123 0.000645371
 3.2 6.12854e-05 7.32862e-05 3.36938e-05 0.00183245 0.00227081 0.00064339
 3.201 6.30468e-05 7.54802e-05 3.44454e-05 0.00185327 0.00229275 0.000641598
 3.202 6.48992e-05 7.77911e-05 3.52346e-05 0.00187631 0.00231726 0.000640008
 3.203 6.68495e-05 8.02273e-05 3.60643e-05 0.00190178 0.00234457 0.000638639
 3.204 6.89048e-05 8.27983e-05 3.69375e-05 0.00192991 0.00237493 0.000637508
 3.205 7.10731e-05 8.55143e-05 3.78573e-05 0.00196095 0.00240862 0.000636636
 3.206 7.33632e-05 8.83865e-05 3.88275e-05 0.00199517 0.00244594 0.000636044
 3.207 7.57846e-05 9.14274e-05 3.98521e-05 0.00203288 0.00248723 0.000635757
 3.208 7.8348e-05 9.46505e-05 4.09354e-05 0.00207442 0.00253288 0.000635802
 3.209 8.10651e-05 9.80712e-05 4.20823e-05 0.00212019 0.0025833 0.00063621
 3.21 8.39488e-05 0.000101706 4.32982e-05 0.0021706 0.00263898 0.000637013
 3.211 8.70135e-05 0.000105573 4.4589e-05 0.00222615 0.00270043 0.000638248
 3.212 9.02751e-05 0.000109694 4.59614e-05 0.00228736 0.00276825 0.000639956
 3.213 9.37516e-05 0.000114091 4.74228e-05 0.00235485 0.00284308 0.000642185
 3.214 9.74626e-05 0.00011879 4.89815e-05 0.00242927 0.00292567 0.000644983
 3.215 0.000101431 0.00012382 5.06467e-05 0.00251139 0.00301682 0.000648408
 3.216 0.00010568 0.000129213 5.24289e-05 0.00260203 0.00311743 0.000652522
 3.217 0.00011024 0.000135006 5.43398e-05 0.00270213 0.0032285 0.000657395
 3.218 0.000115142 0.000141238 5.63926e-05 0.00281272 0.00335115 0.000663101
 3.219 0.000120422 0.000147958 5.86024e-05 0.00293494 0.00348656 0.000669725
 3.22 0.00012612 0.000155217 6.09863e-05 0.00307001 0.00363605 0.000677355
 3.221 0.000132283 0.000163077 6.35638e-05 0.00321928 0.00380101 0.000686087
 3.222 0.000138965 0.000171606 6.63571e-05 0.00338416 0.00398292 0.000696022
 3.223 0.000146227 0.000180883 6.9392e-05 0.00356611 0.00418329 0.000707259
 3.224 0.000154139 0.000190999 7.2698e-05 0.0037666 0.00440357 0.0007199
 3.225 0.000162784 0.000202061 7.63096e-05 0.00398701 0.00464515 0.000734033
 3.226 0.000172256 0.000214192 8.02665e-05 0.00422853 0.00490911 0.00074973
 3.227 0.000182668 0.000227534 8.46155e-05 0.00449196 0.00519612 0.000767029
 3.228 0.000194148 0.000242258 8.94115e-05 0.00477751 0.00550611 0.000785918
 3.229 0.000206853 0.000258563 9.47195e-05 0.00508445 0.00583798 0.00080631
 3.23 0.000220965 0.000276686 0.000100617 0.00541076 0.00618915 0.000828016
 3.231 0.000236703 0.000296909 0.000107195 0.00575265 0.00655511 0.00085071
 3.232 0.000254332 0.000319574 0.000114566 0.00610415 0.00692891 0.000873898
 3.233 0.00027417 0.000345093 0.000122864 0.00645667 0.00730081 0.000896894
 3.234 0.000296609 0.000373971 0.000132254 0.00679886 0.0076581 0.000918809
 3.235 0.000322129 0.000406827 0.00014294 0.00711683 0.0079854 0.000938574
 3.236 0.000351326 0.000444432 0.000155173 0.00739487 0.00826554 0.000955006
 3.237 0.000384951 0.000487753 0.000169271 0.00761684 0.00848109 0.000966916
 3.238 0.000423954 0.000538014 0.000185636 0.0077681 0.00861651 0.000973257
 3.239 0.000469555 0.000596787 0.000204786 0.00783765 0.00866045 0.000973283
 3.24 0.000523339 0.000666113 0.000227396 0.00781988 0.00860767 0.000966677
 3.241 0.000587401 0.000748686 0.000254354 0.00771565 0.00846007 0.000953618
 3.242 0.000664545 0.000848112 0.000286857 0.00753206 0.0082264 0.000934749
 3.243 0.0007586 0.000969306 0.000326539 0.00728126 0.00792081 0.000911077
 3.244 0.000874901 0.00111911 0.000375681 0.00697848 0.00756063 0.000883816
 3.245 0.00102105 0.00130728 0.000437543 0.00663993 0.00716406 0.000854223
 3.246 0.00120818 0.00154804 0.000516909 0.00628097 0.00674814 0.000823467
 3.247 0.0014531 0.00186285 0.000621023 0.00591493 0.00632746 0.000792542
 3.248 0.00178209 0.00228522 0.000761256 0.00555245 0.00591355 0.000762224
 3.249 0.00223802 0.00286965 0.000956241 0.00520145 0.00551484 0.000733077
 3.25 0.00289444 0.00370936 0.00123811 0.00486733 0.00513692 0.000705469
