   5.4102957e+00   5.4102957e+00
   5.7924365e+00   5.7924365e+00
   6.2109193e+00   6.2109193e+00
   6.6704597e+00   6.6704597e+00
   7.1765684e+00   7.1765684e+00
   7.7357197e+00   7.7357197e+00
   8.3555602e+00   8.3555602e+00
   9.0451818e+00   9.0451818e+00
   9.8154491e+00   9.8154491e+00
   1.0679454e+01   1.0679454e+01
   1.1653068e+01   1.1653068e+01
   1.2755700e+01   1.2755700e+01
   1.4011292e+01   1.4011292e+01
   1.5449642e+01   1.5449642e+01
   1.7108252e+01   1.7108252e+01
   1.9034817e+01   1.9034817e+01
   2.1290817e+01   2.1290817e+01
   2.3956577e+01   2.3956577e+01
   2.7138717e+01   2.7138717e+01
   3.0981265e+01   3.0981265e+01
   3.5682763e+01   3.5682763e+01
   4.1523141e+01   4.1523141e+01
   4.8907839e+01   4.8907839e+01
   5.8442383e+01   5.8442383e+01
   7.1065273e+01   7.1065273e+01
   8.8297154e+01   8.8297154e+01
   1.1274084e+02   1.1274084e+02
   1.4917154e+02   1.4917154e+02
   2.0718468e+02   2.0718468e+02
   3.0862105e+02   3.0862105e+02
   5.1315802e+02   5.1315802e+02
   1.0420611e+03   1.0420611e+03
   3.3850788e+03   3.3850788e+03
   2.9943792e+04   2.9943792e+04
   4.3790877e+02   4.3790877e+02
   9.6728305e+03   9.6728305e+03
   1.1262661e+03   1.1262661e+03
   3.2647374e+02   3.2647374e+02
   3.0924957e+01   3.0924957e+01
   5.7035525e+02   5.7035525e+02
   1.3096920e+02   1.3096920e+02
