   3.4571456e-04   3.4571456e-04
   3.6947972e-04   3.6947972e-04
   3.9543576e-04   3.9543576e-04
   4.2385775e-04   4.2385775e-04
   4.5506561e-04   4.5506561e-04
   4.8943326e-04   4.8943326e-04
   5.2739995e-04   5.2739995e-04
   5.6948494e-04   5.6948494e-04
   6.1630485e-04   6.1630485e-04
   6.6859781e-04   6.6859781e-04
   7.2725211e-04   7.2725211e-04
   7.9334581e-04   7.9334581e-04
   8.6819735e-04   8.6819735e-04
   9.5343284e-04   9.5343284e-04
   1.0510782e-03   1.0510782e-03
   1.1636820e-03   1.1636820e-03
   1.2944896e-03   1.2944896e-03
   1.4476847e-03   1.4476847e-03
   1.6287380e-03   1.6287380e-03
   1.8449165e-03   1.8449165e-03
   2.1060498e-03   2.1060498e-03
   2.4257004e-03   2.4257004e-03
   2.8230300e-03   2.8230300e-03
   3.3258410e-03   3.3258410e-03
   3.9757826e-03   3.9757826e-03
   4.8376468e-03   4.8376468e-03
   6.0169702e-03   6.0169702e-03
   7.6957909e-03   7.6957909e-03
   1.0212282e-02   1.0212282e-02
   1.4262401e-02   1.4262401e-02
   2.1575389e-02   2.1575389e-02
   3.5603853e-02   3.5603853e-02
   7.6246193e-02   7.6246193e-02
   3.1322025e-01   3.1322025e-01
   9.3983219e-01   9.3983219e-01
   3.6421931e-01   3.6421931e-01
   1.5501313e-01   1.5501313e-01
   4.5406494e-02   4.5406494e-02
   7.9320590e-03   7.9320590e-03
   1.8767890e-01   1.8767890e-01
   1.6155751e-02   1.6155751e-02
