   1.3699900e+04   1.3699900e+04
   1.4936921e+04   1.4936921e+04
   1.6337847e+04   1.6337847e+04
   1.7931692e+04   1.7931692e+04
   1.9753617e+04   1.9753617e+04
   2.1846300e+04   2.1846300e+04
   2.4261486e+04   2.4261486e+04
   2.7061703e+04   2.7061703e+04
   3.0321789e+04   3.0321789e+04
   3.4129967e+04   3.4129967e+04
   3.8587273e+04   3.8587273e+04
   4.3804175e+04   4.3804175e+04
   4.9892108e+04   4.9892108e+04
   5.6948499e+04   5.6948499e+04
   6.5038151e+04   6.5038151e+04
   7.4187649e+04   7.4187649e+04
   8.4447087e+04   8.4447087e+04
   9.6156769e+04   9.6156769e+04
   1.1078375e+05   1.1078375e+05
   1.3345655e+05   1.3345655e+05
   1.7755225e+05   1.7755225e+05
   1.9333921e+05   1.9333921e+05
   1.2491546e+05   1.2491546e+05
   1.0644129e+05   1.0644129e+05
   1.0676294e+05   1.0676294e+05
   1.1166801e+05   1.1166801e+05
   1.1709446e+05   1.1709446e+05
   1.2490395e+05   1.2490395e+05
   1.4882144e+05   1.4882144e+05
   1.7599455e+05   1.7599455e+05
   1.1912205e+05   1.1912205e+05
   8.7044479e+04   8.7044479e+04
   6.5006945e+04   6.5006945e+04
   4.1563726e+04   4.1563726e+04
   6.1909735e+04   6.1909735e+04
   4.0290933e+04   4.0290933e+04
   4.7655515e+04   4.7655515e+04
   9.3326536e+04   9.3326536e+04
   9.0777577e+04   9.0777577e+04
   6.6790595e+04   6.6790595e+04
   4.5597538e+04   4.5597538e+04
