3.027026344298059612e+00
3.026941151599238822e+00
3.026847808540062523e+00
3.026746305168692253e+00
3.026636630699500952e+00
3.026518773520674443e+00
3.026392721202427971e+00
3.026258460505771630e+00
3.026115977391840239e+00
3.025965257031792532e+00
3.025806283817258802e+00
3.025639041371322335e+00
3.025463512560038204e+00
3.025279679504473407e+00
3.025087523593280814e+00
3.024887025495720749e+00
3.024678165175264333e+00
3.024460921903587618e+00
3.024235274275106633e+00
3.024001200221936081e+00
3.023758677029313446e+00
3.023507681351460086e+00
3.023248189227857097e+00
3.022980176099948402e+00
3.022703616828233741e+00
3.022418485709775560e+00
3.022124756496033626e+00
3.021822402411112662e+00
3.021511396170336816e+00
3.021191709999157204e+00
3.020863315673635974e+00
3.020526184459924046e+00
3.020180287247839601e+00
3.019825594498927401e+00
3.019462076284043839e+00
3.019089702304005307e+00
3.018708441910484375e+00
3.018318264127135109e+00
3.017919137670936891e+00
3.017511030973732744e+00
3.017093912203955064e+00
3.016667749288527212e+00
3.016232509934925865e+00
3.015788161653391697e+00
3.015334671779257292e+00
3.014872007495416284e+00
3.014400135854875984e+00
3.013919023803432573e+00
3.013428638202380938e+00
3.012928945851326645e+00
3.012419913511038772e+00
3.011901507926339150e+00
3.011373695849004051e+00
3.010836444060722705e+00
3.010289719396001651e+00
3.009733488765086840e+00
3.009167719176868872e+00
3.008592377761722503e+00
3.008007431794315067e+00
3.007412848716350062e+00
3.006808596159230795e+00
3.006194641966642322e+00
3.005570954217029467e+00
3.004937501245970921e+00
3.004294251668421900e+00
3.003641174400818237e+00
3.002978238683065904e+00
3.002305414100320924e+00
3.001622670604635168e+00
3.000929978536425402e+00
3.000227308645715851e+00
2.999514632020413352e+00
2.998791920464382699e+00
2.998059146001215147e+00
2.997316281227540458e+00
2.996563299252605894e+00
2.995800173718138559e+00
2.995026878817927063e+00
2.994243389317154502e+00
2.993449680571395710e+00
2.992645728545339168e+00
2.991831509831181179e+00
2.991007001666670995e+00
2.990172181952873487e+00
2.989327029271521941e+00
2.988471522902044430e+00
2.987605642838206510e+00
2.986729369804387080e+00
2.985842685271426156e+00
2.984945571472105819e+00
2.984038011416199954e+00
2.983119988905084341e+00
2.982191488545933300e+00
2.981252495765442490e+00
2.980302996823118722e+00
2.979342978824071064e+00
2.978372429731342752e+00
2.977391338377736840e+00
2.976399694477140923e+00
2.975397488635342036e+00
2.974384712360309990e+00
2.973361358071947791e+00
2.972327419111292723e+00
2.971282889749162770e+00
2.970227765194237701e+00
2.969162041600544644e+00
2.968085716074373881e+00
2.966998786680592026e+00
2.965901252448335246e+00
2.964793113376085643e+00
2.963674370436127248e+00
2.962545025808096089e+00
2.961405081978689235e+00
2.960254543062953658e+00
2.959093413971199737e+00
2.957921700588415970e+00
2.956739409786302897e+00
2.955546549423035074e+00
2.954343128614692837e+00
2.953129156716647330e+00
2.951904644748765350e+00
2.950669604500019805e+00
2.949424048734206938e+00
2.948167991185411285e+00
2.946901446552741444e+00
2.945624430494304669e+00
2.944336959620442062e+00
2.943039051486203039e+00
2.941730724583053735e+00
2.940411998329833132e+00
2.939082893062945345e+00
2.937743430025760105e+00
2.936393631357278267e+00
2.935033520079997515e+00
2.933663120087032006e+00
2.932282456128445070e+00
2.930891553796818982e+00
2.929490439512070221e+00
2.928079140505476019e+00
2.926657684802972170e+00
2.925226101207674567e+00
2.923784419281656000e+00
2.922332669326989318e+00
2.920870882366031651e+00
2.919399089667270353e+00
2.917917324483346064e+00
2.916425619468186348e+00
2.914924008313368731e+00
2.913412525321507296e+00
2.911891205382318049e+00
2.910360083948067000e+00
2.908819197008337909e+00
2.907268581064194279e+00
2.905708273101716976e+00
2.904138310564968073e+00
2.902558731328356068e+00
2.900969573668467305e+00
2.899370876235381367e+00
2.897762678023424243e+00
2.896145018341506727e+00
2.894517936782959211e+00
2.892881473194937492e+00
2.891235667647452878e+00
2.889580560401981302e+00
2.887916191879769556e+00
2.886242602629802700e+00
2.884559833296471254e+00
2.882867924587034558e+00
2.881166917238815017e+00
2.879456851986249788e+00
2.877737769527770606e+00
2.876009710492593019e+00
2.874272715407427459e+00
2.872526824663164113e+00
2.870772078481552025e+00
2.869008516881966120e+00
2.867236180269673085e+00
2.865455106976924959e+00
2.863665336784237958e+00
2.861866908571788937e+00
2.860059860853396696e+00
2.858244231744488495e+00
2.856420058930432937e+00
2.854587379635319166e+00
2.852746230591111765e+00
2.850896648007438472e+00
2.849038667541798020e+00
2.847172324270516253e+00
2.845297652660240484e+00
2.843414686540215452e+00
2.841523459075301350e+00
2.839624002739782327e+00
2.837716349292063178e+00
2.835800529750244880e+00
2.833876574368710433e+00
2.831944512615646392e+00
2.830004373151699504e+00
2.828056183809696922e+00
2.826099971575530390e+00
2.824135762570254116e+00
2.822163582033437201e+00
2.820183454307798598e+00
2.818195402825198759e+00
2.816199450094003076e+00
2.814195617687881512e+00
2.812183926236096365e+00
2.810164395415258198e+00
2.808137043942663169e+00
2.806101889571183339e+00
2.804058949085814323e+00
2.802008238301815446e+00
2.799949771165045398e+00
2.797883563276834185e+00
2.795809626718621210e+00
2.793727973441938683e+00
2.791638614445035138e+00
2.789541559781449465e+00
2.787436818570393271e+00
2.785324399008913154e+00
2.783204308385859971e+00
2.781076553097698856e+00
2.778941138666112032e+00
2.776798069757409948e+00
2.774647350203738316e+00
2.772488983026094811e+00
2.770322970459066614e+00
2.768149313977362080e+00
2.765968014324046376e+00
2.763779071540467758e+00
2.761582484997839426e+00
2.759378253430483152e+00
2.757166374970589917e+00
2.754946847184575720e+00
2.752719667110896218e+00
2.750484831299278898e+00
2.748242335851367457e+00
2.745992176462624279e+00
2.743734348465527439e+00
2.741468846873908571e+00
2.739195666428392961e+00
2.736914801642878814e+00
2.734626246851917131e+00
2.732329996258998417e+00
2.730026045139319457e+00
2.727714385372220551e+00
2.725395012128967398e+00
2.723067919586037444e+00
2.720733102039882390e+00
2.718390553958365707e+00
2.716040270032460846e+00
2.713682245227967638e+00
2.711316474837266455e+00
2.708942954530919600e+00
2.706561680409095505e+00
2.704172649052616340e+00
2.701775857573610384e+00
2.699371303665620836e+00
2.696958985653096885e+00
2.694538902540113412e+00
2.692111054058307307e+00
2.689675440713849675e+00
2.687232063833395301e+00
2.684780925608945434e+00
2.682322029141465780e+00
2.679855378483265049e+00
2.677380978678939538e+00
2.674898835804938368e+00
2.672408957007553987e+00
2.669911350539345918e+00
2.667406025793906288e+00
2.664892991873773820e+00
2.662372263347171586e+00
2.659843851879609478e+00
2.657307771740236024e+00
2.654764038486205902e+00
2.652212668986412059e+00
2.649653681443251418e+00
2.647087095412429480e+00
2.644512931820713231e+00
2.641931212981702526e+00
2.639341962609552006e+00
2.636745205830682615e+00
2.634140969193446313e+00
2.631529280675813265e+00
2.628910169691007326e+00
2.626283667091229734e+00
2.623649805169354199e+00
2.621008617658755924e+00
2.618360139731201297e+00
2.615704407992904379e+00
2.613041460478759070e+00
