3.029667925470237222e+00
3.029579151924981950e+00
3.029481898508127991e+00
3.029376158314264877e+00
3.029261923827696101e+00
3.029139186919844740e+00
3.029007938846497439e+00
3.028868170244889413e+00
3.028719871130626906e+00
3.028563030894442676e+00
3.028397638298848449e+00
3.028223681474597306e+00
3.028041147917096332e+00
3.027850024482640734e+00
3.027650297384591127e+00
3.027441952189449559e+00
3.027224973812860931e+00
3.026999346515545142e+00
3.026765053899196367e+00
3.026522078902341484e+00
3.026270403796167408e+00
3.026010010180357312e+00
3.025740878978941062e+00
3.025462990436149191e+00
3.025176324112345050e+00
3.024880858879992473e+00
3.024576572919715822e+00
3.024263443716448840e+00
3.023941448055715853e+00
3.023610562020027537e+00
3.023270760963094439e+00
3.022922019592367171e+00
3.022564311842218743e+00
3.022197610950571267e+00
3.021821889437115161e+00
3.021437119100970570e+00
3.021043271018618803e+00
3.020640315542138410e+00
3.020228222297792975e+00
3.019806960184936884e+00
3.019376497375326096e+00
3.018936801312794849e+00
3.018487838713391547e+00
3.018029575565916112e+00
3.017561977132981355e+00
3.017085007952505116e+00
3.016598631839759292e+00
3.016102811889949997e+00
3.015597510481343058e+00
3.015082689279021011e+00
3.014558309239171230e+00
3.014024330614090808e+00
3.013480712957795404e+00
3.012927415132303111e+00
3.012364395314639509e+00
3.011791611004541735e+00
3.011209019032904166e+00
3.010616575570993270e+00
3.010014236140415633e+00
3.009401955623894231e+00
3.008779688276861819e+00
3.008147387739861678e+00
3.007505007051806789e+00
3.006852498664073892e+00
3.006189814455490605e+00
3.005516905748188528e+00
3.004833723324329853e+00
3.004140217443754146e+00
3.003436337862507521e+00
3.002722033852310624e+00
3.001997254220895250e+00
3.001261947333291324e+00
3.000516061134020696e+00
2.999759543170182674e+00
2.998992340615468599e+00
2.998214400295079685e+00
2.997425668711541036e+00
2.996626092071368319e+00
2.995815616312671459e+00
2.994994187133555918e+00
2.994161750021413937e+00
2.993318250283017790e+00
2.992463633075429286e+00
2.991597843437693527e+00
2.990720826323287618e+00
2.989832526633302567e+00
2.988932889250342395e+00
2.988021859073078268e+00
2.987099381051455005e+00
2.986165400222493105e+00
2.985219861746675196e+00
2.984262710944842301e+00
2.983293893335593250e+00
2.982313354673119310e+00
2.981321040985450477e+00
2.980316898613040610e+00
2.979300874247690523e+00
2.978272914971682450e+00
2.977232968297174320e+00
2.976180982205706371e+00
2.975116905187845884e+00
2.974040686282863888e+00
2.972952275118406096e+00
2.971851621950115430e+00
2.970738677701135533e+00
2.969613394001446416e+00
2.968475723226963403e+00
2.967325618538370069e+00
2.966163033919601233e+00
2.964987924215928938e+00
2.963800245171625214e+00
2.962599953467071057e+00
2.961387006758285700e+00
2.960161363656351963e+00
2.958922983905434290e+00
2.957671828288519045e+00
2.956407858700856206e+00
2.955131038182965852e+00
2.953841330952809319e+00
2.952538702437022433e+00
2.951223119301249032e+00
2.949894549479472161e+00
2.948552962202320327e+00
2.947198328024334568e+00
2.945830618850141303e+00
2.944449807959499399e+00
2.943055870031222376e+00
2.941648781165908222e+00
2.940228518907484379e+00
2.938795062263544366e+00
2.937348391724447616e+00
2.935888489281170965e+00
2.934415338441914933e+00
2.932928924247439006e+00
2.931429233285135716e+00
2.929916253701801310e+00
2.928389975215170082e+00
2.926850389124157736e+00
2.925297487827803522e+00
2.923731266727080502e+00
2.922151721480910069e+00
2.920558849789161471e+00
2.918952650965182194e+00
2.917333125938585070e+00
2.915700277256847883e+00
2.914054109085752131e+00
2.912394627208676923e+00
2.910721839024759561e+00
2.909035753545987646e+00
2.907336381393191616e+00
2.905623734791041635e+00
2.903897827561994216e+00
2.902158675119287601e+00
2.900406294459011214e+00
2.898640704151222103e+00
2.896861924330218940e+00
2.895069976683963375e+00
2.893264884442716678e+00
2.891446672366853932e+00
2.889615366734014756e+00
2.887770995325507073e+00
2.885913587412050951e+00
2.884043173738924271e+00
2.882159786510487098e+00
2.880263460089607985e+00
2.878354228211648103e+00
2.876432127994391408e+00
2.874497197314587194e+00
2.872549475423247234e+00
2.870589002927362632e+00
2.868615821771291152e+00
2.866629975217800386e+00
2.864631507828821366e+00
2.862620465445937956e+00
2.860596895170662179e+00
2.858560845344446211e+00
2.856512365528566466e+00
2.854451506483830059e+00
2.852378320150129820e+00
2.850292859625895847e+00
2.848195179147490652e+00
2.846085334068474193e+00
2.843963380838866684e+00
2.841829376984346567e+00
2.839683381085480907e+00
2.837525452756881617e+00
2.835355652626464273e+00
2.833174042314674512e+00
2.830980683367533501e+00
2.828775641292807119e+00
2.826558979631788926e+00
2.824330763767049834e+00
2.822091059970659011e+00
2.819839935383855245e+00
2.817577457996823131e+00
2.815303696628537189e+00
2.813018720906794723e+00
2.810722601248284658e+00
2.808415408838841554e+00
2.806097215613809759e+00
2.803768094238550557e+00
2.801428118089038577e+00
2.799077361232707339e+00
2.796715898409294798e+00
2.794343805011945125e+00
2.791961157068401089e+00
2.789568031222354083e+00
2.787164504714936708e+00
2.784750655366371230e+00
2.782326562839142703e+00
2.779892303644377005e+00
2.777447958378586268e+00
2.774993606999318185e+00
2.772529329953760335e+00
2.770055208161291471e+00
2.767571322996119410e+00
2.765077756270121423e+00
2.762574590215807202e+00
2.760061907469411491e+00
2.757539791054143041e+00
2.755008324363579231e+00
2.752467591145182357e+00
2.749917675483966484e+00
2.747358661786311718e+00
2.744790634763891291e+00
2.742213679417755845e+00
2.739627881022564271e+00
2.737033325110922011e+00
2.734430097457867692e+00
2.731818282477676441e+00
2.729197969383528655e+00
2.726569243156607758e+00
2.723932190387674535e+00
2.721286897834291452e+00
2.718633452406130413e+00
2.715971941150391977e+00
2.713302451237431523e+00
2.710625069946428045e+00
2.707939884651263451e+00
2.705246982806526646e+00
2.702546451933647287e+00
2.699838379607177874e+00
2.697122853441245471e+00
2.694399961076094918e+00
2.691669790164841203e+00
2.688932428360334637e+00
2.686187963302180126e+00
2.683436482603919870e+00
2.680678075757058743e+00
2.677912826652723677e+00
2.675140824485914504e+00
2.672362156642467124e+00
2.669576910420512483e+00
2.666785173018612287e+00
2.663987031524068794e+00
2.661182572901394039e+00
2.658371883980944705e+00
2.655555051447731074e+00
2.652732161830407165e+00
2.649903301490433183e+00
2.647068556611400947e+00
2.644228013188549831e+00
2.641381757018463450e+00
2.638529873688947980e+00
2.635672448569079229e+00
2.632809566799458434e+00
2.629941311089992961e+00
2.627067770265468560e+00
2.624189026728124485e+00
2.621305164609296412e+00
2.618416267765774297e+00
2.615522419771180829e+00
2.612623703907536399e+00
2.609720203157006146e+00
2.606812000193876599e+00
2.603899177376692631e+00
2.600981816740619124e+00
2.598059999989965174e+00
2.595133808490937000e+00
2.592203323264572035e+00
2.589268624979872868e+00
2.586329793947137023e+00
2.583386910111495904e+00
2.580440053046625160e+00
2.577489304495638844e+00
2.574534738408958301e+00
2.571576435544411066e+00
2.568614473932372633e+00
2.565648931203412975e+00
2.562679884583195733e+00
2.559707410887559487e+00
