 Energy(eV)     NN_101     NN_0-11     NN_-101     NN_011     NN_000
 2.5 6.71149e-08 2.47182e-07 1.06991e-07 2.56351e-07 2.44624e-07
 2.50565 6.79596e-08 2.50429e-07 1.08285e-07 2.59894e-07 2.48082e-07
 2.5113 6.88195e-08 2.53734e-07 1.09602e-07 2.63504e-07 2.51605e-07
 2.51696 6.96952e-08 2.57097e-07 1.10941e-07 2.67182e-07 2.55194e-07
 2.52261 7.0587e-08 2.60519e-07 1.12303e-07 2.70931e-07 2.58852e-07
 2.52826 7.14953e-08 2.64002e-07 1.13688e-07 2.74751e-07 2.6258e-07
 2.53391 7.24206e-08 2.67548e-07 1.15098e-07 2.78644e-07 2.6638e-07
 2.53957 7.33633e-08 2.71158e-07 1.16532e-07 2.82614e-07 2.70253e-07
 2.54522 7.43239e-08 2.74834e-07 1.17992e-07 2.8666e-07 2.74202e-07
 2.55087 7.53028e-08 2.78577e-07 1.19477e-07 2.90787e-07 2.78229e-07
 2.55652 7.63006e-08 2.82389e-07 1.2099e-07 2.94996e-07 2.82336e-07
 2.56217 7.73178e-08 2.86271e-07 1.2253e-07 2.99289e-07 2.86525e-07
 2.56783 7.83548e-08 2.90226e-07 1.24097e-07 3.03668e-07 2.90798e-07
 2.57348 7.94124e-08 2.94256e-07 1.25694e-07 3.08136e-07 2.95157e-07
 2.57913 8.04909e-08 2.98361e-07 1.2732e-07 3.12695e-07 2.99605e-07
 2.58478 8.15911e-08 3.02546e-07 1.28976e-07 3.17349e-07 3.04144e-07
 2.59043 8.27134e-08 3.0681e-07 1.30664e-07 3.22099e-07 3.08777e-07
 2.59609 8.38586e-08 3.11157e-07 1.32383e-07 3.26948e-07 3.13506e-07
 2.60174 8.50273e-08 3.15588e-07 1.34135e-07 3.319e-07 3.18335e-07
 2.60739 8.62201e-08 3.20106e-07 1.35921e-07 3.36956e-07 3.23265e-07
 2.61304 8.74379e-08 3.24714e-07 1.37742e-07 3.42121e-07 3.28299e-07
 2.6187 8.86812e-08 3.29413e-07 1.39597e-07 3.47397e-07 3.33441e-07
 2.62435 8.99508e-08 3.34206e-07 1.4149e-07 3.52788e-07 3.38694e-07
 2.63 9.12476e-08 3.39096e-07 1.4342e-07 3.58297e-07 3.44061e-07
 2.63565 9.25723e-08 3.44085e-07 1.45388e-07 3.63927e-07 3.49545e-07
 2.6413 9.39257e-08 3.49176e-07 1.47396e-07 3.69683e-07 3.5515e-07
 2.64696 9.53088e-08 3.54372e-07 1.49445e-07 3.75568e-07 3.60879e-07
 2.65261 9.67224e-08 3.59676e-07 1.51536e-07 3.81586e-07 3.66737e-07
 2.65826 9.81675e-08 3.65091e-07 1.53669e-07 3.87741e-07 3.72725e-07
 2.66391 9.9645e-08 3.7062e-07 1.55847e-07 3.94037e-07 3.7885e-07
 2.66957 1.01156e-07 3.76266e-07 1.58071e-07 4.0048e-07 3.85114e-07
 2.67522 1.02701e-07 3.82033e-07 1.60342e-07 4.07073e-07 3.91523e-07
 2.68087 1.04282e-07 3.87924e-07 1.62661e-07 4.13821e-07 3.9808e-07
 2.68652 1.059e-07 3.93943e-07 1.6503e-07 4.2073e-07 4.04791e-07
 2.69217 1.07556e-07 4.00093e-07 1.6745e-07 4.27804e-07 4.11659e-07
 2.69783 1.0925e-07 4.06379e-07 1.69923e-07 4.35049e-07 4.1869e-07
 2.70348 1.10986e-07 4.12805e-07 1.7245e-07 4.4247e-07 4.2589e-07
 2.70913 1.12762e-07 4.19374e-07 1.75034e-07 4.50074e-07 4.33263e-07
 2.71478 1.14582e-07 4.26091e-07 1.77675e-07 4.57866e-07 4.40815e-07
 2.72043 1.16447e-07 4.32961e-07 1.80376e-07 4.65853e-07 4.48552e-07
 2.72609 1.18357e-07 4.39988e-07 1.83139e-07 4.74042e-07 4.5648e-07
 2.73174 1.20315e-07 4.47176e-07 1.85964e-07 4.82439e-07 4.64605e-07
 2.73739 1.22322e-07 4.54532e-07 1.88856e-07 4.91051e-07 4.72933e-07
 2.74304 1.2438e-07 4.62061e-07 1.91814e-07 4.99887e-07 4.81473e-07
 2.7487 1.2649e-07 4.69767e-07 1.94843e-07 5.08953e-07 4.9023e-07
 2.75435 1.28655e-07 4.77656e-07 1.97943e-07 5.18258e-07 4.99211e-07
 2.76 1.30876e-07 4.85735e-07 2.01118e-07 5.27811e-07 5.08426e-07
 2.76565 1.33156e-07 4.94009e-07 2.0437e-07 5.37621e-07 5.17881e-07
 2.7713 1.35495e-07 5.02484e-07 2.077e-07 5.47696e-07 5.27585e-07
 2.77696 1.37898e-07 5.11168e-07 2.11113e-07 5.58047e-07 5.37547e-07
 2.78261 1.40365e-07 5.20066e-07 2.14611e-07 5.68683e-07 5.47776e-07
 2.78826 1.429e-07 5.29187e-07 2.18196e-07 5.79616e-07 5.5828e-07
 2.79391 1.45504e-07 5.38537e-07 2.21871e-07 5.90856e-07 5.69071e-07
 2.79957 1.4818e-07 5.48124e-07 2.25641e-07 6.02416e-07 5.80159e-07
 2.80522 1.50932e-07 5.57956e-07 2.29507e-07 6.14307e-07 5.91553e-07
 2.81087 1.53761e-07 5.68042e-07 2.33474e-07 6.26542e-07 6.03266e-07
 2.81652 1.56671e-07 5.7839e-07 2.37544e-07 6.39135e-07 6.15309e-07
 2.82217 1.59665e-07 5.89009e-07 2.41722e-07 6.52099e-07 6.27695e-07
 2.82783 1.62745e-07 5.99908e-07 2.46012e-07 6.65449e-07 6.40435e-07
 2.83348 1.65917e-07 6.11098e-07 2.50417e-07 6.79202e-07 6.53545e-07
 2.83913 1.69182e-07 6.22588e-07 2.54942e-07 6.93372e-07 6.67037e-07
 2.84478 1.72545e-07 6.34389e-07 2.59591e-07 7.07978e-07 6.80926e-07
 2.85043 1.7601e-07 6.46512e-07 2.64368e-07 7.23036e-07 6.95228e-07
 2.85609 1.7958e-07 6.58968e-07 2.69279e-07 7.38566e-07 7.09959e-07
 2.86174 1.83261e-07 6.7177e-07 2.74328e-07 7.54588e-07 7.25136e-07
 2.86739 1.87056e-07 6.8493e-07 2.79521e-07 7.71122e-07 7.40775e-07
 2.87304 1.9097e-07 6.98461e-07 2.84863e-07 7.8819e-07 7.56897e-07
 2.8787 1.95008e-07 7.12377e-07 2.9036e-07 8.05815e-07 7.73519e-07
 2.88435 1.99176e-07 7.26691e-07 2.96017e-07 8.24021e-07 7.90663e-07
 2.89 2.03479e-07 7.41419e-07 3.01842e-07 8.42834e-07 8.08349e-07
 2.89565 2.07923e-07 7.56576e-07 3.0784e-07 8.62281e-07 8.26601e-07
 2.9013 2.12513e-07 7.72178e-07 3.14019e-07 8.82389e-07 8.4544e-07
 2.90696 2.17257e-07 7.88242e-07 3.20386e-07 9.0319e-07 8.64893e-07
 2.91261 2.22161e-07 8.04785e-07 3.26947e-07 9.24714e-07 8.84985e-07
 2.91826 2.27231e-07 8.21826e-07 3.33711e-07 9.46995e-07 9.05742e-07
 2.92391 2.32476e-07 8.39383e-07 3.40687e-07 9.70067e-07 9.27194e-07
 2.92957 2.37904e-07 8.57477e-07 3.47883e-07 9.93969e-07 9.4937e-07
 2.93522 2.43522e-07 8.76127e-07 3.55307e-07 1.01874e-06 9.72301e-07
 2.94087 2.49339e-07 8.95357e-07 3.6297e-07 1.04442e-06 9.96021e-07
 2.94652 2.55365e-07 9.15187e-07 3.70881e-07 1.07105e-06 1.02056e-06
 2.95217 2.61609e-07 9.35642e-07 3.79051e-07 1.09869e-06 1.04597e-06
 2.95783 2.68082e-07 9.56747e-07 3.87491e-07 1.12737e-06 1.07227e-06
 2.96348 2.74794e-07 9.78525e-07 3.96211e-07 1.15716e-06 1.09951e-06
 2.96913 2.81758e-07 1.00101e-06 4.05225e-07 1.1881e-06 1.12773e-06
 2.97478 2.88984e-07 1.02421e-06 4.14544e-07 1.22026e-06 1.15698e-06
 2.98043 2.96486e-07 1.04818e-06 4.24182e-07 1.2537e-06 1.1873e-06
 2.98609 3.04278e-07 1.07293e-06 4.34152e-07 1.28848e-06 1.21874e-06
 2.99174 3.12375e-07 1.09851e-06 4.4447e-07 1.32468e-06 1.25136e-06
 2.99739 3.2079e-07 1.12493e-06 4.55149e-07 1.36236e-06 1.28521e-06
 3.00304 3.29541e-07 1.15224e-06 4.66206e-07 1.40162e-06 1.32034e-06
 3.0087 3.38645e-07 1.18047e-06 4.77658e-07 1.44253e-06 1.35683e-06
 3.01435 3.48119e-07 1.20965e-06 4.89521e-07 1.48518e-06 1.39472e-06
 3.02 3.57984e-07 1.23983e-06 5.01814e-07 1.52968e-06 1.4341e-06
 3.02565 3.6826e-07 1.27104e-06 5.14556e-07 1.57611e-06 1.47502e-06
 3.0313 3.78969e-07 1.30332e-06 5.27767e-07 1.62459e-06 1.51757e-06
 3.03696 3.90134e-07 1.33672e-06 5.41466e-07 1.67524e-06 1.56182e-06
 3.04261 4.0178e-07 1.37127e-06 5.55676e-07 1.72818e-06 1.60786e-06
 3.04826 4.13934e-07 1.40702e-06 5.70419e-07 1.78354e-06 1.65577e-06
 3.05391 4.26624e-07 1.44402e-06 5.85718e-07 1.84146e-06 1.70564e-06
 3.05957 4.3988e-07 1.48232e-06 6.01596e-07 1.9021e-06 1.75757e-06
 3.06522 4.53734e-07 1.52195e-06 6.1808e-07 1.9656e-06 1.81165e-06
 3.07087 4.68223e-07 1.56297e-06 6.35194e-07 2.03215e-06 1.868e-06
 3.07652 4.83382e-07 1.60543e-06 6.52965e-07 2.10193e-06 1.92673e-06
 3.08217 4.99252e-07 1.64937e-06 6.71419e-07 2.17513e-06 1.98794e-06
 3.08783 5.15877e-07 1.69486e-06 6.90586e-07 2.25196e-06 2.05175e-06
 3.09348 5.33303e-07 1.74194e-06 7.10492e-07 2.33264e-06 2.1183e-06
 3.09913 5.51581e-07 1.79066e-06 7.31167e-07 2.41742e-06 2.1877e-06
 3.10478 5.70767e-07 1.84108e-06 7.5264e-07 2.50655e-06 2.26011e-06
 3.11043 5.90921e-07 1.89324e-06 7.74938e-07 2.6003e-06 2.33564e-06
 3.11609 6.1211e-07 1.94722e-06 7.98091e-07 2.69897e-06 2.41446e-06
 3.12174 6.34406e-07 2.00305e-06 8.22126e-07 2.80286e-06 2.4967e-06
 3.12739 6.57892e-07 2.06081e-06 8.4707e-07 2.9123e-06 2.58253e-06
 3.13304 6.82659e-07 2.12054e-06 8.72949e-07 3.02764e-06 2.67209e-06
 3.1387 7.08808e-07 2.18232e-06 8.99786e-07 3.14927e-06 2.76554e-06
 3.14435 7.36457e-07 2.24622e-06 9.27602e-07 3.27756e-06 2.86304e-06
 3.15 7.65737e-07 2.31231e-06 9.56414e-07 3.41295e-06 2.96476e-06
 3.15565 7.96804e-07 2.3807e-06 9.86237e-07 3.55585e-06 3.07085e-06
 3.1613 8.29838e-07 2.4515e-06 1.01708e-06 3.70671e-06 3.18147e-06
 3.16696 8.6505e-07 2.52486e-06 1.04895e-06 3.86601e-06 3.29677e-06
 3.17261 9.02695e-07 2.60099e-06 1.08183e-06 4.03419e-06 3.41691e-06
 3.17826 9.43078e-07 2.68013e-06 1.11573e-06 4.21171e-06 3.54203e-06
 3.18391 9.86575e-07 2.76264e-06 1.15063e-06 4.399e-06 3.67224e-06
 3.18957 1.03365e-06 2.84899e-06 1.1865e-06 4.59641e-06 3.80768e-06
 3.19522 1.08487e-06 2.93985e-06 1.22331e-06 4.8042e-06 3.94845e-06
 3.20087 1.14096e-06 3.03612e-06 1.26104e-06 5.02249e-06 4.09463e-06
 3.20652 1.20283e-06 3.13902e-06 1.29966e-06 5.25113e-06 4.24628e-06
 3.21217 1.27165e-06 3.25025e-06 1.33916e-06 5.48958e-06 4.40345e-06
 3.21783 1.34888e-06 3.37211e-06 1.37953e-06 5.73678e-06 4.56616e-06
 3.22348 1.43639e-06 3.50767e-06 1.42084e-06 5.99086e-06 4.73438e-06
 3.22913 1.53652e-06 3.66099e-06 1.4632e-06 6.24881e-06 4.90806e-06
 3.23478 1.65218e-06 3.83732e-06 1.50686e-06 6.50609e-06 5.08709e-06
 3.24043 1.78685e-06 4.04318e-06 1.55221e-06 6.75613e-06 5.27125e-06
 3.24609 1.94452e-06 4.28626e-06 1.59986e-06 6.98989e-06 5.4602e-06
 3.25174 2.12934e-06 4.57485e-06 1.65064e-06 7.19553e-06 5.65331e-06
 3.25739 2.34492e-06 4.91651e-06 1.70568e-06 7.35875e-06 5.8495e-06
 3.26304 2.59308e-06 5.31581e-06 1.76632e-06 7.46403e-06 6.04698e-06
 3.2687 2.87179e-06 5.7711e-06 1.83412e-06 7.49731e-06 6.2429e-06
 3.27435 3.17262e-06 6.27123e-06 1.91086e-06 7.45005e-06 6.43308e-06
 3.28 3.47816e-06 6.794e-06 1.99896e-06 7.32352e-06 6.61224e-06
 3.28565 3.76092e-06 7.30836e-06 2.10213e-06 7.13132e-06 6.77521e-06
 3.2913 3.98661e-06 7.78111e-06 2.2257e-06 6.89846e-06 6.91957e-06
 3.29696 4.12512e-06 8.18577e-06 2.37455e-06 6.6571e-06 7.049e-06
 3.30261 4.16744e-06 8.50886e-06 2.54819e-06 6.44007e-06 7.17365e-06
 3.30826 4.13459e-06 8.75052e-06 2.73722e-06 6.27309e-06 7.3048e-06
 3.31391 4.06575e-06 8.92028e-06 2.92693e-06 6.16793e-06 7.44764e-06
 3.31957 3.99637e-06 9.03032e-06 3.10531e-06 6.12188e-06 7.59945e-06
 3.32522 3.9466e-06 9.08893e-06 3.26739e-06 6.12567e-06 7.75333e-06
 3.33087 3.92287e-06 9.09996e-06 3.41381e-06 6.17129e-06 7.90248e-06
 3.33652 3.92405e-06 9.0678e-06 3.54774e-06 6.25212e-06 8.04221e-06
 3.34217 3.94653e-06 8.99944e-06 3.67297e-06 6.3607e-06 8.17001e-06
 3.34783 3.98694e-06 8.90251e-06 3.79317e-06 6.48914e-06 8.28494e-06
 3.35348 4.04296e-06 8.78361e-06 3.91169e-06 6.63042e-06 8.38703e-06
 3.35913 4.11336e-06 8.6478e-06 4.03159e-06 6.77907e-06 8.47688e-06
 3.36478 4.19775e-06 8.49894e-06 4.1557e-06 6.93122e-06 8.55546e-06
 3.37043 4.29644e-06 8.34004e-06 4.2868e-06 7.08438e-06 8.62403e-06
 3.37609 4.41026e-06 8.1736e-06 4.42769e-06 7.23713e-06 8.68405e-06
 3.38174 4.54047e-06 8.00184e-06 4.58128e-06 7.38892e-06 8.7372e-06
 3.38739 4.68864e-06 7.82685e-06 4.75068e-06 7.53989e-06 8.78528e-06
 3.39304 4.85665e-06 7.65072e-06 4.93926e-06 7.69065e-06 8.83023e-06
 3.3987 5.04653e-06 7.47561e-06 5.15058e-06 7.84221e-06 8.87413e-06
 3.40435 5.26036e-06 7.30385e-06 5.38845e-06 7.99579e-06 8.9191e-06
 3.41 5.50012e-06 7.13794e-06 5.65677e-06 8.15278e-06 8.96736e-06
 3.41565 5.76739e-06 6.98069e-06 5.95941e-06 8.31457e-06 9.02113e-06
 3.4213 6.06301e-06 6.83521e-06 6.29988e-06 8.4825e-06 9.0827e-06
 3.42696 6.38652e-06 6.70501e-06 6.68091e-06 8.65769e-06 9.15435e-06
 3.43261 6.73552e-06 6.594e-06 7.10388e-06 8.84107e-06 9.23838e-06
 3.43826 7.10472e-06 6.50649e-06 7.56803e-06 9.03325e-06 9.33717e-06
 3.44391 7.48509e-06 6.44707e-06 8.06953e-06 9.23467e-06 9.45325e-06
 3.44957 7.86302e-06 6.42043e-06 8.6005e-06 9.4458e-06 9.58952e-06
 3.45522 8.22009e-06 6.43107e-06 9.14807e-06 9.66761e-06 9.74967e-06
 3.46087 8.53381e-06 6.48298e-06 9.69377e-06 9.90237e-06 9.93895e-06
 3.46652 8.77952e-06 6.57931e-06 1.0214e-05 1.01548e-05 1.01653e-05
 3.47217 8.93299e-06 6.72214e-06 1.06824e-05 1.04338e-05 1.04408e-05
 3.47783 8.97237e-06 6.91246e-06 1.10756e-05 1.07542e-05 1.07833e-05
 3.48348 8.87777e-06 7.14997e-06 1.13834e-05 1.11376e-05 1.12164e-05
 3.48913 8.62755e-06 7.43153e-06 1.16219e-05 1.16111e-05 1.17653e-05
 3.49478 8.19457e-06 7.74594e-06 1.18467e-05 1.21975e-05 1.24413e-05
 3.50043 7.5541e-06 8.06329e-06 1.21495e-05 1.28916e-05 1.32088e-05
 3.50609 6.71899e-06 8.32673e-06 1.26118e-05 1.36335e-05 1.39514e-05
 3.51174 5.78265e-06 8.46955e-06 1.32223e-05 1.43205e-05 1.45035e-05
 3.51739 4.89238e-06 8.45818e-06 1.3862e-05 1.48855e-05 1.47707e-05
 3.52304 4.14999e-06 8.30467e-06 1.44155e-05 1.53476e-05 1.47944e-05
 3.5287 3.56606e-06 8.02718e-06 1.48624e-05 1.57566e-05 1.46658e-05
 3.53435 3.10084e-06 7.61607e-06 1.52496e-05 1.61098e-05 1.44198e-05
 3.54 2.71339e-06 7.03838e-06 1.56201e-05 1.63163e-05 1.40103e-05
 3.54565 2.38316e-06 6.27075e-06 1.59641e-05 1.62096e-05 1.3346e-05
 3.5513 2.11286e-06 5.34378e-06 1.62002e-05 1.56116e-05 1.23594e-05
 3.55696 1.91885e-06 4.3652e-06 1.6196e-05 1.44419e-05 1.10822e-05
 3.56261 1.81158e-06 3.48266e-06 1.58368e-05 1.2803e-05 9.66511e-06
 3.56826 1.78206e-06 2.80423e-06 1.51055e-05 1.09484e-05 8.3069e-06
 3.57391 1.81114e-06 2.3542e-06 1.40986e-05 9.15701e-06 7.15608e-06
 3.57957 1.88533e-06 2.09651e-06 1.29686e-05 7.62674e-06 6.26888e-06
 3.58522 1.99319e-06 1.98032e-06 1.18526e-05 6.43747e-06 5.62715e-06
 3.59087 2.11634e-06 1.96261e-06 1.08341e-05 5.56636e-06 5.17722e-06
 3.59652 2.23579e-06 2.01011e-06 9.94267e-06 4.93636e-06 4.86265e-06
 3.60217 2.34187e-06 2.10091e-06 9.17528e-06 4.46735e-06 4.64037e-06
 3.60783 2.43544e-06 2.22707e-06 8.51576e-06 4.10204e-06 4.48288e-06
 3.61348 2.52474e-06 2.39242e-06 7.94461e-06 3.80501e-06 4.37462e-06
 3.61913 2.62211e-06 2.60851e-06 7.44173e-06 3.55169e-06 4.30795e-06
 3.62478 2.74078e-06 2.89168e-06 6.98803e-06 3.31983e-06 4.28062e-06
 3.63043 2.89162e-06 3.25951e-06 6.57282e-06 3.08711e-06 4.29385e-06
 3.63609 3.08204e-06 3.7244e-06 6.20619e-06 2.83475e-06 4.34852e-06
 3.64174 3.31256e-06 4.27868e-06 5.92395e-06 2.55298e-06 4.43541e-06
 3.64739 3.56446e-06 4.87405e-06 5.77367e-06 2.24371e-06 4.52085e-06
 3.65304 3.79435e-06 5.43252e-06 5.77974e-06 1.91629e-06 4.54775e-06
 3.6587 3.96239e-06 5.9123e-06 5.92142e-06 1.57536e-06 4.46885e-06
 3.66435 4.07049e-06 6.34756e-06 6.16648e-06 1.21733e-06 4.27691e-06
 3.67 4.16401e-06 6.79544e-06 6.51395e-06 8.49867e-07 3.9945e-06
 3.67565 4.30865e-06 7.25112e-06 6.98114e-06 5.19522e-07 3.65224e-06
 3.6813 4.5637e-06 7.60668e-06 7.5538e-06 3.1352e-07 3.28265e-06
 3.68696 4.94728e-06 7.71321e-06 8.16457e-06 3.03146e-07 2.92089e-06
 3.69261 5.41984e-06 7.52813e-06 8.74238e-06 4.70389e-07 2.60153e-06
 3.69826 5.92081e-06 7.16896e-06 9.26612e-06 7.1983e-07 2.34988e-06
 3.70391 6.40815e-06 6.80499e-06 9.73909e-06 9.57672e-07 2.17362e-06
 3.70957 6.84812e-06 6.55155e-06 1.01252e-05 1.13513e-06 2.06164e-06
 3.71522 7.18896e-06 6.45336e-06 1.03181e-05 1.24314e-06 1.99041e-06
 3.72087 7.36597e-06 6.50392e-06 1.01848e-05 1.29754e-06 1.93362e-06
 3.72652 7.33307e-06 6.64893e-06 9.6819e-06 1.32976e-06 1.87062e-06
 3.73217 7.08411e-06 6.78053e-06 8.91443e-06 1.37461e-06 1.79109e-06
 3.73783 6.65063e-06 6.76222e-06 8.03072e-06 1.44967e-06 1.69749e-06
 3.74348 6.08146e-06 6.49269e-06 7.10507e-06 1.54093e-06 1.60302e-06
 3.74913 5.4227e-06 5.97047e-06 6.18844e-06 1.61372e-06 1.52206e-06
 3.75478 4.71817e-06 5.30093e-06 5.40614e-06 1.64137e-06 1.45561e-06
 3.76043 4.01221e-06 4.62175e-06 4.89924e-06 1.62113e-06 1.38283e-06
 3.76609 3.34073e-06 4.01903e-06 4.69698e-06 1.57346e-06 1.27846e-06
 3.77174 2.72748e-06 3.51929e-06 4.69383e-06 1.5405e-06 1.15273e-06
 3.77739 2.18857e-06 3.13436e-06 4.74039e-06 1.56778e-06 1.05758e-06
 3.78304 1.73426e-06 2.86694e-06 4.74746e-06 1.67465e-06 1.03446e-06
 3.7887 1.37027e-06 2.68172e-06 4.70537e-06 1.85203e-06 1.0798e-06
 3.79435 1.0969e-06 2.52066e-06 4.6375e-06 2.0756e-06 1.16597e-06
 3.8 9.04663e-07 2.34685e-06 4.56309e-06 2.31312e-06 1.27053e-06
