 Energy(eV)     NS_101     NS_0-11     NS_-101     NS_011     NS_000
 2.8 2.66209e-07 1.56506e-07 1.34083e-07 7.89883e-08 0
 2.805 2.69413e-07 1.58235e-07 1.357e-07 7.99175e-08 0
 2.81 2.7267e-07 1.5999e-07 1.37345e-07 8.08621e-08 0
 2.815 2.75983e-07 1.61771e-07 1.39018e-07 8.18224e-08 0
 2.82 2.79353e-07 1.6358e-07 1.4072e-07 8.27987e-08 0
 2.825 2.82782e-07 1.65418e-07 1.42451e-07 8.37915e-08 0
 2.83 2.8627e-07 1.67283e-07 1.44212e-07 8.48012e-08 0
 2.835 2.8982e-07 1.69179e-07 1.46005e-07 8.58281e-08 0
 2.84 2.93433e-07 1.71104e-07 1.47829e-07 8.68727e-08 0
 2.845 2.97109e-07 1.7306e-07 1.49685e-07 8.79354e-08 0
 2.85 3.00852e-07 1.75047e-07 1.51575e-07 8.90167e-08 0
 2.855 3.04663e-07 1.77066e-07 1.53499e-07 9.0117e-08 0
 2.86 3.08543e-07 1.79118e-07 1.55457e-07 9.12367e-08 0
 2.865 3.12494e-07 1.81203e-07 1.57452e-07 9.23765e-08 0
 2.87 3.16518e-07 1.83323e-07 1.59484e-07 9.35367e-08 0
 2.875 3.20616e-07 1.85478e-07 1.61553e-07 9.47179e-08 0
 2.88 3.24792e-07 1.87669e-07 1.63661e-07 9.59206e-08 0
 2.885 3.29046e-07 1.89896e-07 1.65808e-07 9.71455e-08 0
 2.89 3.33381e-07 1.92162e-07 1.67997e-07 9.8393e-08 0
 2.895 3.378e-07 1.94466e-07 1.70227e-07 9.96637e-08 0
 2.9 3.42303e-07 1.96809e-07 1.725e-07 1.00958e-07 0
 2.905 3.46895e-07 1.99193e-07 1.74818e-07 1.02277e-07 0
 2.91 3.51576e-07 2.01618e-07 1.77181e-07 1.03622e-07 0
 2.915 3.5635e-07 2.04086e-07 1.7959e-07 1.04992e-07 0
 2.92 3.61218e-07 2.06598e-07 1.82047e-07 1.06389e-07 0
 2.925 3.66185e-07 2.09154e-07 1.84554e-07 1.07812e-07 0
 2.93 3.71252e-07 2.11755e-07 1.87111e-07 1.09264e-07 0
 2.935 3.76422e-07 2.14404e-07 1.8972e-07 1.10745e-07 0
 2.94 3.81698e-07 2.17101e-07 1.92383e-07 1.12255e-07 0
 2.945 3.87084e-07 2.19848e-07 1.951e-07 1.13796e-07 0
 2.95 3.92582e-07 2.22645e-07 1.97875e-07 1.15368e-07 0
 2.955 3.98196e-07 2.25494e-07 2.00707e-07 1.16973e-07 0
 2.96 4.03929e-07 2.28396e-07 2.036e-07 1.1861e-07 0
 2.965 4.09785e-07 2.31353e-07 2.06554e-07 1.20281e-07 0
 2.97 4.15767e-07 2.34367e-07 2.09572e-07 1.21988e-07 0
 2.975 4.2188e-07 2.37438e-07 2.12655e-07 1.23731e-07 0
 2.98 4.28126e-07 2.40569e-07 2.15806e-07 1.25511e-07 0
 2.985 4.34511e-07 2.4376e-07 2.19027e-07 1.27329e-07 0
 2.99 4.41039e-07 2.47015e-07 2.22319e-07 1.29187e-07 0
 2.995 4.47714e-07 2.50334e-07 2.25685e-07 1.31085e-07 0
 3 4.5454e-07 2.53719e-07 2.29128e-07 1.33026e-07 0
 3.005 4.61523e-07 2.57172e-07 2.32649e-07 1.3501e-07 0
 3.01 4.68668e-07 2.60695e-07 2.36252e-07 1.37038e-07 0
 3.015 4.7598e-07 2.64291e-07 2.39938e-07 1.39112e-07 0
 3.02 4.83464e-07 2.6796e-07 2.43712e-07 1.41234e-07 0
 3.025 4.91125e-07 2.71706e-07 2.47574e-07 1.43405e-07 0
 3.03 4.98971e-07 2.75531e-07 2.51529e-07 1.45627e-07 0
 3.035 5.07007e-07 2.79436e-07 2.55579e-07 1.47901e-07 0
 3.04 5.1524e-07 2.83425e-07 2.59728e-07 1.50229e-07 0
 3.045 5.23675e-07 2.875e-07 2.6398e-07 1.52613e-07 0
 3.05 5.32322e-07 2.91664e-07 2.68336e-07 1.55055e-07 0
 3.055 5.41185e-07 2.95918e-07 2.72803e-07 1.57556e-07 0
 3.06 5.50275e-07 3.00267e-07 2.77382e-07 1.60119e-07 0
 3.065 5.59597e-07 3.04713e-07 2.82078e-07 1.62746e-07 0
 3.07 5.69162e-07 3.09259e-07 2.86896e-07 1.65439e-07 0
 3.075 5.78977e-07 3.13909e-07 2.91839e-07 1.68201e-07 0
 3.08 5.89051e-07 3.18665e-07 2.96912e-07 1.71034e-07 0
 3.085 5.99395e-07 3.23531e-07 3.02121e-07 1.7394e-07 0
 3.09 6.10019e-07 3.28511e-07 3.0747e-07 1.76922e-07 0
 3.095 6.20933e-07 3.33609e-07 3.12964e-07 1.79984e-07 0
 3.1 6.32148e-07 3.38828e-07 3.18609e-07 1.83127e-07 0
 3.105 6.43675e-07 3.44173e-07 3.2441e-07 1.86355e-07 0
 3.11 6.55528e-07 3.49647e-07 3.30375e-07 1.89672e-07 0
 3.115 6.67719e-07 3.55256e-07 3.36508e-07 1.9308e-07 0
 3.12 6.80261e-07 3.61004e-07 3.42818e-07 1.96583e-07 0
 3.125 6.93169e-07 3.66896e-07 3.4931e-07 2.00185e-07 0
 3.13 7.06457e-07 3.72936e-07 3.55993e-07 2.0389e-07 0
 3.135 7.20141e-07 3.79131e-07 3.62874e-07 2.07702e-07 0
 3.14 7.34239e-07 3.85486e-07 3.69961e-07 2.11625e-07 0
 3.145 7.48767e-07 3.92007e-07 3.77263e-07 2.15664e-07 0
 3.15 7.63743e-07 3.987e-07 3.8479e-07 2.19823e-07 0
 3.155 7.79188e-07 4.0557e-07 3.9255e-07 2.24108e-07 0
 3.16 7.95122e-07 4.12626e-07 4.00555e-07 2.28524e-07 0
 3.165 8.11566e-07 4.19874e-07 4.08814e-07 2.33077e-07 0
 3.17 8.28544e-07 4.27322e-07 4.17339e-07 2.37772e-07 0
 3.175 8.46079e-07 4.34977e-07 4.26143e-07 2.42616e-07 0
 3.18 8.64198e-07 4.42847e-07 4.35237e-07 2.47615e-07 0
 3.185 8.82928e-07 4.50941e-07 4.44636e-07 2.52776e-07 0
 3.19 9.02298e-07 4.59268e-07 4.54354e-07 2.58107e-07 0
 3.195 9.22339e-07 4.67838e-07 4.64405e-07 2.63615e-07 0
 3.2 9.43083e-07 4.7666e-07 4.74807e-07 2.6931e-07 0
 3.205 9.64565e-07 4.85745e-07 4.85575e-07 2.75198e-07 0
 3.21 9.86823e-07 4.95104e-07 4.96729e-07 2.81291e-07 0
 3.215 1.00989e-06 5.0475e-07 5.08288e-07 2.87597e-07 0
 3.22 1.03382e-06 5.14693e-07 5.20273e-07 2.94127e-07 0
 3.225 1.05865e-06 5.24948e-07 5.32705e-07 3.00892e-07 0
 3.23 1.08443e-06 5.35528e-07 5.45608e-07 3.07905e-07 0
 3.235 1.11122e-06 5.46447e-07 5.59007e-07 3.15177e-07 0
 3.24 1.13905e-06 5.57722e-07 5.7293e-07 3.22723e-07 0
 3.245 1.16801e-06 5.69368e-07 5.87405e-07 3.30556e-07 0
 3.25 1.19814e-06 5.81402e-07 6.02463e-07 3.38692e-07 0
 3.255 1.22952e-06 5.93844e-07 6.18138e-07 3.47147e-07 0
 3.26 1.26221e-06 6.06713e-07 6.34465e-07 3.55939e-07 0
 3.265 1.29631e-06 6.20029e-07 6.51482e-07 3.65088e-07 0
 3.27 1.33189e-06 6.33815e-07 6.69233e-07 3.74611e-07 0
 3.275 1.36905e-06 6.48094e-07 6.8776e-07 3.84533e-07 0
 3.28 1.40789e-06 6.6289e-07 7.07113e-07 3.94875e-07 0
 3.285 1.4485e-06 6.78231e-07 7.27344e-07 4.05663e-07 0
 3.29 1.49103e-06 6.94146e-07 7.48511e-07 4.16923e-07 0
 3.295 1.53558e-06 7.10664e-07 7.70674e-07 4.28686e-07 0
 3.3 1.5823e-06 7.27818e-07 7.93903e-07 4.40981e-07 0
 3.305 1.63134e-06 7.45643e-07 8.18269e-07 4.53844e-07 0
 3.31 1.68287e-06 7.64176e-07 8.43854e-07 4.67311e-07 0
 3.315 1.73707e-06 7.83458e-07 8.70746e-07 4.81423e-07 0
 3.32 1.79415e-06 8.03531e-07 8.99041e-07 4.96221e-07 0
 3.325 1.85432e-06 8.24443e-07 9.28846e-07 5.11755e-07 0
 3.33 1.91783e-06 8.46242e-07 9.60278e-07 5.28075e-07 0
 3.335 1.98495e-06 8.68983e-07 9.93467e-07 5.45238e-07 0
 3.34 2.05599e-06 8.92725e-07 1.02856e-06 5.63306e-07 0
 3.345 2.13128e-06 9.17531e-07 1.06571e-06 5.82347e-07 0
 3.35 2.21119e-06 9.43469e-07 1.1051e-06 6.02435e-07 0
 3.355 2.29615e-06 9.70615e-07 1.14693e-06 6.23653e-07 0
 3.36 2.38664e-06 9.99049e-07 1.19143e-06 6.46093e-07 0
 3.365 2.4832e-06 1.02886e-06 1.23886e-06 6.69855e-07 0
 3.37 2.58644e-06 1.06015e-06 1.28949e-06 6.95052e-07 0
 3.375 2.69706e-06 1.09302e-06 1.34366e-06 7.21811e-07 0
 3.38 2.81587e-06 1.12759e-06 1.40175e-06 7.50272e-07 0
 3.385 2.9438e-06 1.16399e-06 1.4642e-06 7.80596e-07 0
 3.39 3.08194e-06 1.20237e-06 1.5315e-06 8.12961e-07 0
 3.395 3.23154e-06 1.24288e-06 1.60426e-06 8.47575e-07 0
 3.4 3.39411e-06 1.28571e-06 1.68315e-06 8.8467e-07 0
 3.405 3.57141e-06 1.33107e-06 1.769e-06 9.24517e-07 0
 3.41 3.76559e-06 1.37918e-06 1.8628e-06 9.6743e-07 0
 3.415 3.97922e-06 1.43031e-06 1.96572e-06 1.01377e-06 0
 3.42 4.21546e-06 1.48476e-06 2.07923e-06 1.06398e-06 0
 3.425 4.47822e-06 1.54289e-06 2.20509e-06 1.11857e-06 0
 3.43 4.77244e-06 1.60511e-06 2.34556e-06 1.17815e-06 0
 3.435 5.10437e-06 1.67193e-06 2.50349e-06 1.2435e-06 0
 3.44 5.48217e-06 1.74393e-06 2.68254e-06 1.31553e-06 0
 3.445 5.9166e-06 1.82186e-06 2.88758e-06 1.39544e-06 0
 3.45 6.42221e-06 1.90664e-06 3.12514e-06 1.48476e-06 0
 3.455 7.01919e-06 1.99947e-06 3.40424e-06 1.58547e-06 0
 3.46 7.73633e-06 2.10193e-06 3.7377e-06 1.70028e-06 0
 3.465 8.61619e-06 2.21617e-06 4.14435e-06 1.83295e-06 0
 3.47 9.72424e-06 2.34527e-06 4.65296e-06 1.98888e-06 0
 3.475 1.11662e-05 2.49376e-06 5.30961e-06 2.17616e-06 0
 3.48 1.31227e-05 2.6687e-06 6.19236e-06 2.40749e-06 0
 3.485 1.59256e-05 2.88167e-06 7.44292e-06 2.70369e-06 0
 3.49 2.02361e-05 3.15255e-06 9.34049e-06 3.10039e-06 0
 3.495 2.74985e-05 3.51524e-06 1.24849e-05 3.65725e-06 0
 3.5 4.09935e-05 4.00836e-06 1.81972e-05 4.4353e-06 0
 3.505 6.46812e-05 4.43931e-06 2.78069e-05 5.04103e-06 0
 3.51 6.69417e-05 3.39703e-06 2.74192e-05 2.85362e-06 0
 3.515 2.54652e-05 2.04775e-06 9.63087e-06 2.45841e-07 0
 3.52 6.77791e-06 2.04338e-06 2.21204e-06 1.58663e-07 0
 3.525 1.70419e-06 2.33732e-06 4.22942e-07 5.87062e-07 0
 3.53 5.45371e-07 2.64504e-06 1.65967e-07 1.01657e-06 0
 3.535 5.91809e-07 2.93626e-06 3.5059e-07 1.39949e-06 0
 3.54 1.05567e-06 3.21581e-06 6.74458e-07 1.74852e-06 0
 3.545 1.67821e-06 3.49102e-06 1.04432e-06 2.07913e-06 0
 3.55 2.36719e-06 3.7676e-06 1.43009e-06 2.40315e-06 0
 3.555 3.08908e-06 4.04967e-06 1.82286e-06 2.72922e-06 0
 3.56 3.8328e-06 4.34009e-06 2.2212e-06 3.06373e-06 0
 3.565 4.59617e-06 4.6408e-06 2.62625e-06 3.4115e-06 0
 3.57 5.38041e-06 4.95304e-06 3.0398e-06 3.77624e-06 0
 3.575 6.18781e-06 5.27746e-06 3.46344e-06 4.16071e-06 0
 3.58 7.02074e-06 5.61428e-06 3.89821e-06 4.56675e-06 0
 3.585 7.88132e-06 5.96349e-06 4.34431e-06 4.99513e-06 0
 3.59 8.77132e-06 6.32518e-06 4.80102e-06 5.44533e-06 0
 3.595 9.69193e-06 6.70034e-06 5.26687e-06 5.91498e-06 0
 3.6 1.06424e-05 7.09208e-06 5.74049e-06 6.3989e-06 0
 3.605 1.16174e-05 7.50791e-06 6.2222e-06 6.8875e-06 0
 3.61 1.26049e-05 7.96326e-06 6.71422e-06 7.36396e-06 0
 3.615 1.35877e-05 8.48533e-06 7.21721e-06 7.80044e-06 0
 3.62 1.45381e-05 9.11248e-06 7.72325e-06 8.15557e-06 0
 3.625 1.53992e-05 9.87501e-06 8.20602e-06 8.38278e-06 0
 3.63 1.607e-05 1.07436e-05 8.61151e-06 8.46556e-06 0
 3.635 1.64352e-05 1.15853e-05 8.86919e-06 8.46449e-06 0
 3.64 1.64238e-05 1.22236e-05 8.92819e-06 8.49359e-06 0
 3.645 1.5989e-05 1.25149e-05 8.76437e-06 8.59754e-06 0
 3.65 1.60115e-05 1.17067e-05 8.69597e-06 8.34097e-06 0
 3.655 2.38404e-05 1.02051e-05 1.22478e-05 7.2493e-06 0
 3.66 2.18516e-05 1.25542e-05 1.15005e-05 8.77171e-06 0
 3.665 2.12201e-05 1.85435e-05 1.11414e-05 1.30827e-05 0
 3.67 2.05433e-05 1.36632e-05 1.09336e-05 1.04106e-05 0
 3.675 2.04239e-05 1.31754e-05 1.09464e-05 1.0578e-05 0
 3.68 2.04559e-05 1.2122e-05 1.10747e-05 1.1746e-05 0
 3.685 2.23133e-05 1.64053e-05 1.17637e-05 1.06595e-05 0
 3.69 2.283e-05 2.92012e-05 1.2182e-05 1.83063e-05 0
 3.695 2.41025e-05 2.31233e-05 1.29077e-05 1.42174e-05 0
 3.7 2.60812e-05 2.51123e-05 1.40414e-05 1.40308e-05 0
 3.705 2.89742e-05 3.1305e-05 1.57445e-05 1.38884e-05 0
 3.71 3.28866e-05 5.15276e-05 1.8315e-05 1.01387e-05 0
 3.715 4.22416e-05 5.0889e-05 2.28038e-05 1.77059e-05 0
 3.72 5.55202e-05 5.37013e-05 2.95797e-05 2.57605e-05 0
 3.725 7.56339e-05 7.65198e-05 3.96564e-05 3.00972e-05 0
 3.73 9.59741e-05 0.0001208 4.89077e-05 2.42606e-05 0
 3.735 7.61353e-05 0.000112399 3.99133e-05 1.9813e-05 0
 3.74 4.70804e-05 7.63595e-05 2.49244e-05 1.25739e-05 0
 3.745 2.99014e-05 4.87478e-05 1.57508e-05 6.55157e-06 0
 3.75 2.33822e-05 3.16304e-05 1.22296e-05 3.19843e-06 0
 3.755 2.44929e-05 2.13827e-05 1.28044e-05 1.5676e-06 0
 3.76 3.46346e-05 1.52478e-05 1.82407e-05 8.90534e-07 0
 3.765 6.46231e-05 1.19211e-05 3.43962e-05 8.37799e-07 0
 3.77 0.000151458 1.24144e-05 8.09085e-05 1.59832e-06 0
 3.775 0.000260927 1.88543e-05 0.000140083 2.98203e-06 0
 3.78 0.000155381 1.73602e-05 8.35953e-05 2.13942e-06 0
 3.785 7.77785e-05 1.36665e-05 4.17841e-05 1.27572e-06 0
 3.79 4.93354e-05 1.20117e-05 2.59407e-05 8.70804e-07 0
 3.795 4.41852e-05 1.22837e-05 2.20037e-05 6.62993e-07 0
 3.8 7.77228e-05 1.73133e-05 3.54356e-05 8.51525e-07 0
