 Energy(eV)     NN_101     NN_0-11     NN_-101     NN_011     NN_000
 2.5 1.43399e-12 2.06053e-12 7.63374e-13 1.04915e-12 0
 2.50565 1.45341e-12 2.0881e-12 7.7371e-13 1.0632e-12 0
 2.5113 1.47313e-12 2.1161e-12 7.84215e-13 1.07747e-12 0
 2.51696 1.49318e-12 2.14456e-12 7.9489e-13 1.09198e-12 0
 2.52261 1.51356e-12 2.17348e-12 8.0574e-13 1.10673e-12 0
 2.52826 1.53427e-12 2.20287e-12 8.16769e-13 1.12171e-12 0
 2.53391 1.55532e-12 2.23275e-12 8.27981e-13 1.13694e-12 0
 2.53957 1.57672e-12 2.26311e-12 8.39379e-13 1.15243e-12 0
 2.54522 1.59848e-12 2.29398e-12 8.50967e-13 1.16817e-12 0
 2.55087 1.6206e-12 2.32537e-12 8.62751e-13 1.18417e-12 0
 2.55652 1.6431e-12 2.35727e-12 8.74733e-13 1.20044e-12 0
 2.56217 1.66598e-12 2.38972e-12 8.86919e-13 1.21698e-12 0
 2.56783 1.68924e-12 2.42272e-12 8.99313e-13 1.23381e-12 0
 2.57348 1.71291e-12 2.45628e-12 9.11919e-13 1.25092e-12 0
 2.57913 1.73698e-12 2.49041e-12 9.24743e-13 1.26832e-12 0
 2.58478 1.76147e-12 2.52513e-12 9.3779e-13 1.28603e-12 0
 2.59043 1.78638e-12 2.56045e-12 9.51064e-13 1.30404e-12 0
 2.59609 1.81173e-12 2.59638e-12 9.64571e-13 1.32237e-12 0
 2.60174 1.83752e-12 2.63294e-12 9.78316e-13 1.34101e-12 0
 2.60739 1.86378e-12 2.67015e-12 9.92305e-13 1.35999e-12 0
 2.61304 1.89049e-12 2.70802e-12 1.00654e-12 1.3793e-12 0
 2.6187 1.91769e-12 2.74656e-12 1.02104e-12 1.39896e-12 0
 2.62435 1.94538e-12 2.78579e-12 1.03579e-12 1.41896e-12 0
 2.63 1.97356e-12 2.82572e-12 1.05082e-12 1.43933e-12 0
 2.63565 2.00226e-12 2.86638e-12 1.06611e-12 1.46007e-12 0
 2.6413 2.03148e-12 2.90778e-12 1.08169e-12 1.48119e-12 0
 2.64696 2.06125e-12 2.94994e-12 1.09756e-12 1.50269e-12 0
 2.65261 2.09156e-12 2.99288e-12 1.11372e-12 1.52459e-12 0
 2.65826 2.12244e-12 3.03662e-12 1.13018e-12 1.5469e-12 0
 2.66391 2.15389e-12 3.08117e-12 1.14695e-12 1.56963e-12 0
 2.66957 2.18594e-12 3.12656e-12 1.16404e-12 1.59278e-12 0
 2.67522 2.2186e-12 3.17281e-12 1.18146e-12 1.61638e-12 0
 2.68087 2.25188e-12 3.21994e-12 1.19921e-12 1.64042e-12 0
 2.68652 2.2858e-12 3.26797e-12 1.2173e-12 1.66492e-12 0
 2.69217 2.32037e-12 3.31692e-12 1.23574e-12 1.6899e-12 0
 2.69783 2.35562e-12 3.36683e-12 1.25454e-12 1.71536e-12 0
 2.70348 2.39156e-12 3.41771e-12 1.27371e-12 1.74132e-12 0
 2.70913 2.4282e-12 3.46959e-12 1.29327e-12 1.76779e-12 0
 2.71478 2.46557e-12 3.5225e-12 1.3132e-12 1.79478e-12 0
 2.72043 2.50369e-12 3.57646e-12 1.33354e-12 1.82231e-12 0
 2.72609 2.54257e-12 3.63151e-12 1.35429e-12 1.8504e-12 0
 2.73174 2.58224e-12 3.68767e-12 1.37547e-12 1.87905e-12 0
 2.73739 2.62272e-12 3.74497e-12 1.39707e-12 1.90829e-12 0
 2.74304 2.66402e-12 3.80344e-12 1.41912e-12 1.93813e-12 0
 2.7487 2.70618e-12 3.86312e-12 1.44162e-12 1.96858e-12 0
 2.75435 2.74921e-12 3.92403e-12 1.4646e-12 1.99966e-12 0
 2.76 2.79315e-12 3.98622e-12 1.48806e-12 2.0314e-12 0
 2.76565 2.83801e-12 4.04973e-12 1.51201e-12 2.06381e-12 0
 2.7713 2.88382e-12 4.11457e-12 1.53648e-12 2.0969e-12 0
 2.77696 2.93061e-12 4.18081e-12 1.56147e-12 2.1307e-12 0
 2.78261 2.9784e-12 4.24847e-12 1.587e-12 2.16523e-12 0
 2.78826 3.02724e-12 4.3176e-12 1.61308e-12 2.20051e-12 0
 2.79391 3.07713e-12 4.38824e-12 1.63974e-12 2.23657e-12 0
 2.79957 3.12813e-12 4.46043e-12 1.66699e-12 2.27341e-12 0
 2.80522 3.18025e-12 4.53423e-12 1.69484e-12 2.31108e-12 0
 2.81087 3.23354e-12 4.60968e-12 1.72332e-12 2.34959e-12 0
 2.81652 3.28803e-12 4.68682e-12 1.75245e-12 2.38897e-12 0
 2.82217 3.34375e-12 4.76572e-12 1.78223e-12 2.42924e-12 0
 2.82783 3.40074e-12 4.84643e-12 1.8127e-12 2.47043e-12 0
 2.83348 3.45905e-12 4.929e-12 1.84388e-12 2.51258e-12 0
 2.83913 3.5187e-12 5.01348e-12 1.87578e-12 2.55571e-12 0
 2.84478 3.57975e-12 5.09995e-12 1.90843e-12 2.59985e-12 0
 2.85043 3.64224e-12 5.18847e-12 1.94186e-12 2.64504e-12 0
 2.85609 3.70621e-12 5.27909e-12 1.97608e-12 2.6913e-12 0
 2.86174 3.77172e-12 5.37189e-12 2.01113e-12 2.73868e-12 0
 2.86739 3.8388e-12 5.46694e-12 2.04703e-12 2.7872e-12 0
 2.87304 3.90752e-12 5.56432e-12 2.0838e-12 2.83692e-12 0
 2.8787 3.97792e-12 5.66409e-12 2.12149e-12 2.88786e-12 0
 2.88435 4.05006e-12 5.76635e-12 2.16011e-12 2.94007e-12 0
 2.89 4.124e-12 5.87117e-12 2.1997e-12 2.99359e-12 0
 2.89565 4.19981e-12 5.97865e-12 2.2403e-12 3.04846e-12 0
 2.9013 4.27753e-12 6.08887e-12 2.28193e-12 3.10474e-12 0
 2.90696 4.35725e-12 6.20193e-12 2.32463e-12 3.16247e-12 0
 2.91261 4.43902e-12 6.31793e-12 2.36845e-12 3.2217e-12 0
 2.91826 4.52293e-12 6.43697e-12 2.41341e-12 3.28249e-12 0
 2.92391 4.60904e-12 6.55917e-12 2.45956e-12 3.34489e-12 0
 2.92957 4.69743e-12 6.68463e-12 2.50695e-12 3.40895e-12 0
 2.93522 4.78819e-12 6.81348e-12 2.55561e-12 3.47475e-12 0
 2.94087 4.8814e-12 6.94584e-12 2.60559e-12 3.54234e-12 0
 2.94652 4.97715e-12 7.08184e-12 2.65695e-12 3.61179e-12 0
 2.95217 5.07553e-12 7.22162e-12 2.70973e-12 3.68318e-12 0
 2.95783 5.17665e-12 7.36532e-12 2.76399e-12 3.75656e-12 0
 2.96348 5.2806e-12 7.51309e-12 2.81978e-12 3.83203e-12 0
 2.96913 5.3875e-12 7.66509e-12 2.87716e-12 3.90966e-12 0
 2.97478 5.49745e-12 7.82148e-12 2.9362e-12 3.98953e-12 0
 2.98043 5.61058e-12 7.98244e-12 2.99695e-12 4.07174e-12 0
 2.98609 5.727e-12 8.14815e-12 3.05949e-12 4.15637e-12 0
 2.99174 5.84686e-12 8.31881e-12 3.12388e-12 4.24353e-12 0
 2.99739 5.97027e-12 8.4946e-12 3.19021e-12 4.33331e-12 0
 3.00304 6.0974e-12 8.67575e-12 3.25854e-12 4.42583e-12 0
 3.0087 6.22839e-12 8.86248e-12 3.32897e-12 4.5212e-12 0
 3.01435 6.3634e-12 9.05502e-12 3.40158e-12 4.61954e-12 0
 3.02 6.5026e-12 9.25362e-12 3.47646e-12 4.72098e-12 0
 3.02565 6.64616e-12 9.45854e-12 3.55371e-12 4.82564e-12 0
 3.0313 6.79427e-12 9.67006e-12 3.63343e-12 4.93368e-12 0
 3.03696 6.94713e-12 9.88846e-12 3.71572e-12 5.04523e-12 0
 3.04261 7.10493e-12 1.01141e-11 3.80071e-12 5.16046e-12 0
 3.04826 7.26791e-12 1.03472e-11 3.8885e-12 5.27952e-12 0
 3.05391 7.43628e-12 1.05882e-11 3.97923e-12 5.40261e-12 0
 3.05957 7.6103e-12 1.08374e-11 4.07303e-12 5.52989e-12 0
 3.06522 7.79021e-12 1.10952e-11 4.17004e-12 5.66157e-12 0
 3.07087 7.9763e-12 1.1362e-11 4.27041e-12 5.79785e-12 0
 3.07652 8.16884e-12 1.16383e-11 4.3743e-12 5.93895e-12 0
 3.08217 8.36814e-12 1.19245e-11 4.48187e-12 6.08512e-12 0
 3.08783 8.57453e-12 1.22211e-11 4.59331e-12 6.23659e-12 0
 3.09348 8.78835e-12 1.25286e-11 4.7088e-12 6.39363e-12 0
 3.09913 9.00996e-12 1.28475e-11 4.82855e-12 6.55652e-12 0
 3.10478 9.23975e-12 1.31786e-11 4.95276e-12 6.72556e-12 0
 3.11043 9.47813e-12 1.35222e-11 5.08167e-12 6.90106e-12 0
 3.11609 9.72553e-12 1.38793e-11 5.21552e-12 7.08337e-12 0
 3.12174 9.98242e-12 1.42504e-11 5.35455e-12 7.27285e-12 0
 3.12739 1.02493e-11 1.46363e-11 5.49906e-12 7.46988e-12 0
 3.13304 1.05267e-11 1.50378e-11 5.64933e-12 7.67488e-12 0
 3.1387 1.08152e-11 1.54558e-11 5.80567e-12 7.88828e-12 0
 3.14435 1.11153e-11 1.58912e-11 5.96842e-12 8.11056e-12 0
 3.15 1.14278e-11 1.63451e-11 6.13794e-12 8.34222e-12 0
 3.15565 1.17533e-11 1.68184e-11 6.31462e-12 8.58381e-12 0
 3.1613 1.20925e-11 1.73124e-11 6.49885e-12 8.83592e-12 0
 3.16696 1.24463e-11 1.78283e-11 6.6911e-12 9.09916e-12 0
 3.17261 1.28154e-11 1.83674e-11 6.89183e-12 9.37422e-12 0
 3.17826 1.32009e-11 1.89311e-11 7.10155e-12 9.66181e-12 0
 3.18391 1.36037e-11 1.95211e-11 7.32081e-12 9.96273e-12 0
 3.18957 1.40248e-11 2.01389e-11 7.55022e-12 1.02778e-11 0
 3.19522 1.44654e-11 2.07864e-11 7.7904e-12 1.0608e-11 0
 3.20087 1.49267e-11 2.14655e-11 8.04206e-12 1.09542e-11 0
 3.20652 1.54101e-11 2.21785e-11 8.30594e-12 1.13176e-11 0
 3.21217 1.59169e-11 2.29275e-11 8.58285e-12 1.16994e-11 0
 3.21783 1.64488e-11 2.37152e-11 8.87369e-12 1.21007e-11 0
 3.22348 1.70074e-11 2.45442e-11 9.1794e-12 1.25229e-11 0
 3.22913 1.75946e-11 2.54176e-11 9.50103e-12 1.29676e-11 0
 3.23478 1.82123e-11 2.63387e-11 9.83973e-12 1.34364e-11 0
 3.24043 1.88627e-11 2.7311e-11 1.01967e-11 1.39311e-11 0
 3.24609 1.95483e-11 2.83384e-11 1.05734e-11 1.44537e-11 0
 3.25174 2.02715e-11 2.94254e-11 1.09712e-11 1.50063e-11 0
 3.25739 2.10353e-11 3.05766e-11 1.13918e-11 1.55912e-11 0
 3.26304 2.18426e-11 3.17973e-11 1.1837e-11 1.62111e-11 0
 3.2687 2.2697e-11 3.30934e-11 1.23087e-11 1.68688e-11 0
 3.27435 2.36022e-11 3.44713e-11 1.28092e-11 1.75675e-11 0
 3.28 2.45622e-11 3.59381e-11 1.33409e-11 1.83108e-11 0
 3.28565 2.55816e-11 3.75018e-11 1.39064e-11 1.91023e-11 0
 3.2913 2.66655e-11 3.91714e-11 1.45088e-11 1.99466e-11 0
 3.29696 2.78193e-11 4.09567e-11 1.51514e-11 2.08484e-11 0
 3.30261 2.90493e-11 4.2869e-11 1.58379e-11 2.1813e-11 0
 3.30826 3.03623e-11 4.4921e-11 1.65724e-11 2.28464e-11 0
 3.31391 3.1766e-11 4.71268e-11 1.73597e-11 2.39552e-11 0
 3.31957 3.32687e-11 4.95027e-11 1.82052e-11 2.51471e-11 0
 3.32522 3.488e-11 5.20671e-11 1.91147e-11 2.64303e-11 0
 3.33087 3.66105e-11 5.48411e-11 2.00952e-11 2.78144e-11 0
 3.33652 3.8472e-11 5.7849e-11 2.11545e-11 2.931e-11 0
 3.34217 4.04778e-11 6.11189e-11 2.23016e-11 3.09292e-11 0
 3.34783 4.26427e-11 6.46836e-11 2.35468e-11 3.26855e-11 0
 3.35348 4.49833e-11 6.85813e-11 2.49024e-11 3.45941e-11 0
 3.35913 4.75181e-11 7.28575e-11 2.63825e-11 3.66723e-11 0
 3.36478 5.02677e-11 7.75663e-11 2.80039e-11 3.89392e-11 0
 3.37043 5.32546e-11 8.2773e-11 2.97868e-11 4.1416e-11 0
 3.37609 5.65035e-11 8.85577e-11 3.17553e-11 4.4126e-11 0
 3.38174 6.00406e-11 9.50197e-11 3.39394e-11 4.70943e-11 0
 3.38739 6.38934e-11 1.02284e-10 3.63759e-11 5.03467e-11 0
 3.39304 6.80902e-11 1.10509e-10 3.91111e-11 5.39093e-11 0
 3.3987 7.26603e-11 1.199e-10 4.22031e-11 5.78077e-11 0
 3.40435 7.76402e-11 1.30708e-10 4.57226e-11 6.20701e-11 0
 3.41 8.30917e-11 1.43223e-10 4.97485e-11 6.67422e-11 0
 3.41565 8.91525e-11 1.577e-10 5.43483e-11 7.19317e-11 0
 3.4213 9.6118e-11 1.74211e-10 5.95399e-11 7.78939e-11 0
 3.42696 1.04482e-10 1.92541e-10 6.52709e-11 8.50938e-11 0
 3.43261 1.14778e-10 2.12457e-10 7.15011e-11 9.4085e-11 0
 3.43826 1.27314e-10 2.343e-10 7.8357e-11 1.05244e-10 0
 3.44391 1.42189e-10 2.59152e-10 8.6158e-11 1.18736e-10 0
 3.44957 1.59572e-10 2.88457e-10 9.531e-11 1.34764e-10 0
 3.45522 1.79887e-10 3.23778e-10 1.06246e-10 1.53768e-10 0
 3.46087 2.03854e-10 3.66882e-10 1.19456e-10 1.76488e-10 0
 3.46652 2.32506e-10 4.19978e-10 1.35556e-10 2.03994e-10 0
 3.47217 2.67247e-10 4.8601e-10 1.55367e-10 2.37766e-10 0
 3.47783 3.09988e-10 5.69002e-10 1.80006e-10 2.79828e-10 0
 3.48348 3.63327e-10 6.74508e-10 2.11009e-10 3.32959e-10 0
 3.48913 4.30806e-10 8.10174e-10 2.5048e-10 4.00962e-10 0
 3.49478 5.17163e-10 9.86317e-10 3.01253e-10 4.88943e-10 0
 3.50043 6.28421e-10 1.21611e-09 3.66936e-10 6.03393e-10 0
 3.50609 7.71221e-10 1.51411e-09 4.51518e-10 7.51423e-10 0
 3.51174 9.49997e-10 1.88985e-09 5.57662e-10 9.37573e-10 0
 3.51739 1.15953e-09 2.33099e-09 6.82195e-10 1.15543e-09 0
 3.52304 1.3722e-09 2.77427e-09 8.0839e-10 1.37335e-09 0
 3.5287 1.53175e-09 3.09076e-09 9.0211e-10 1.52737e-09 0
 3.53435 1.58106e-09 3.14778e-09 9.28503e-10 1.55235e-09 0
 3.54 1.51578e-09 2.93041e-09 8.84472e-10 1.44189e-09 0
 3.54565 1.39107e-09 2.55746e-09 8.02826e-10 1.25552e-09 0
 3.5513 1.27099e-09 2.16719e-09 7.21735e-10 1.06184e-09 0
 3.55696 1.1943e-09 1.83854e-09 6.63856e-10 8.99759e-10 0
 3.56261 1.1773e-09 1.596e-09 6.37851e-10 7.81242e-10 0
 3.56826 1.22714e-09 1.43854e-09 6.46295e-10 7.05832e-10 0
 3.57391 1.35013e-09 1.35862e-09 6.90729e-10 6.70052e-10 0
 3.57957 1.55274e-09 1.34901e-09 7.72991e-10 6.70784e-10 0
 3.58522 1.83402e-09 1.40134e-09 8.92899e-10 7.04479e-10 0
 3.59087 2.16727e-09 1.49745e-09 1.04055e-09 7.62624e-10 0
 3.59652 2.4772e-09 1.59663e-09 1.18365e-09 8.24706e-10 0
 3.60217 2.64578e-09 1.63643e-09 1.26592e-09 8.57624e-10 0
 3.60783 2.58727e-09 1.57003e-09 1.24182e-09 8.34638e-10 0
 3.61348 2.33086e-09 1.40919e-09 1.12062e-09 7.5918e-10 0
 3.61913 1.98726e-09 1.20764e-09 9.54222e-10 6.58066e-10 0
 3.62478 1.65161e-09 1.01127e-09 7.90089e-10 5.55543e-10 0
 3.63043 1.36553e-09 8.38393e-10 6.50418e-10 4.6225e-10 0
 3.63609 1.13366e-09 6.89288e-10 5.38407e-10 3.79848e-10 0
 3.64174 9.46902e-10 5.61118e-10 4.49413e-10 3.08245e-10 0
 3.64739 7.95356e-10 4.54709e-10 3.78134e-10 2.48664e-10 0
 3.65304 6.72445e-10 3.714e-10 3.20923e-10 2.02023e-10 0
 3.6587 5.73657e-10 3.0904e-10 2.75231e-10 1.67089e-10 0
 3.66435 4.94841e-10 2.62986e-10 2.38852e-10 1.41213e-10 0
 3.67 4.31992e-10 2.28622e-10 2.09813e-10 1.21766e-10 0
 3.67565 3.81625e-10 2.02478e-10 1.86479e-10 1.06755e-10 0
 3.6813 3.40958e-10 1.82216e-10 1.67577e-10 9.48274e-11 0
 3.68696 3.07856e-10 1.66307e-10 1.52151e-10 8.5096e-11 0
 3.69261 2.80706e-10 1.5374e-10 1.39488e-10 7.69795e-11 0
 3.69826 2.58285e-10 1.43809e-10 1.29047e-10 7.01006e-11 0
 3.70391 2.39651e-10 1.35934e-10 1.20409e-10 6.42438e-11 0
 3.70957 2.2405e-10 1.29504e-10 1.13234e-10 5.93325e-11 0
 3.71522 2.10824e-10 1.23854e-10 1.07217e-10 5.53439e-11 0
 3.72087 1.99275e-10 1.18477e-10 1.02043e-10 5.21196e-11 0
 3.72652 1.88471e-10 1.13169e-10 9.73021e-11 4.92382e-11 0
 3.73217 1.77038e-10 1.07722e-10 9.23709e-11 4.61092e-11 0
 3.73783 1.63064e-10 1.01468e-10 8.63341e-11 4.21298e-11 0
 3.74348 1.4453e-10 9.32724e-11 7.81463e-11 3.68617e-11 0
 3.74913 1.20881e-10 8.23381e-11 6.7383e-11 3.04334e-11 0
 3.75478 9.49985e-11 6.9579e-11 5.52934e-11 2.39435e-11 0
 3.76043 7.22536e-11 5.77869e-11 4.45222e-11 1.89986e-11 0
 3.76609 5.63415e-11 4.96476e-11 3.71199e-11 1.65618e-11 0
 3.77174 4.73676e-11 4.6153e-11 3.34235e-11 1.66098e-11 0
 3.77739 4.35736e-11 4.68234e-11 3.26732e-11 1.86297e-11 0
 3.78304 4.32297e-11 5.02107e-11 3.37211e-11 2.1877e-11 0
 3.7887 4.51744e-11 5.40784e-11 3.52729e-11 2.53185e-11 0
 3.79435 4.86162e-11 5.63008e-11 3.63606e-11 2.79729e-11 0
 3.8 5.30036e-11 5.633e-11 3.69653e-11 2.95725e-11 0
