 Energy(eV)     NN_101     NN_0-11     NN_-101     NN_011     NN_000
 2.8 1.7204e-07 4.02539e-07 9.35794e-08 2.48102e-07 0
 2.805 1.74115e-07 4.07517e-07 9.47539e-08 2.51736e-07 0
 2.81 1.76225e-07 4.12578e-07 9.59492e-08 2.55443e-07 0
 2.815 1.7837e-07 4.17722e-07 9.71659e-08 2.59226e-07 0
 2.82 1.80551e-07 4.22954e-07 9.84045e-08 2.63087e-07 0
 2.825 1.8277e-07 4.28273e-07 9.96655e-08 2.67028e-07 0
 2.83 1.85026e-07 4.33683e-07 1.0095e-07 2.71051e-07 0
 2.835 1.87321e-07 4.39185e-07 1.02257e-07 2.75159e-07 0
 2.84 1.89656e-07 4.44782e-07 1.03589e-07 2.79354e-07 0
 2.845 1.92031e-07 4.50475e-07 1.04945e-07 2.83638e-07 0
 2.85 1.94448e-07 4.56268e-07 1.06327e-07 2.88014e-07 0
 2.855 1.96907e-07 4.62162e-07 1.07735e-07 2.92484e-07 0
 2.86 1.99409e-07 4.68159e-07 1.09169e-07 2.97052e-07 0
 2.865 2.01956e-07 4.74264e-07 1.10631e-07 3.0172e-07 0
 2.87 2.04549e-07 4.80477e-07 1.12121e-07 3.06491e-07 0
 2.875 2.07187e-07 4.86801e-07 1.13639e-07 3.11368e-07 0
 2.88 2.09874e-07 4.9324e-07 1.15187e-07 3.16355e-07 0
 2.885 2.12609e-07 4.99796e-07 1.16766e-07 3.21454e-07 0
 2.89 2.15394e-07 5.06473e-07 1.18376e-07 3.26669e-07 0
 2.895 2.18231e-07 5.13272e-07 1.20018e-07 3.32003e-07 0
 2.9 2.21119e-07 5.20198e-07 1.21692e-07 3.37461e-07 0
 2.905 2.24062e-07 5.27253e-07 1.23401e-07 3.43046e-07 0
 2.91 2.27059e-07 5.34442e-07 1.25144e-07 3.48761e-07 0
 2.915 2.30113e-07 5.41767e-07 1.26923e-07 3.54611e-07 0
 2.92 2.33224e-07 5.49232e-07 1.28738e-07 3.60601e-07 0
 2.925 2.36394e-07 5.5684e-07 1.30592e-07 3.66734e-07 0
 2.93 2.39625e-07 5.64597e-07 1.32484e-07 3.73016e-07 0
 2.935 2.42918e-07 5.72505e-07 1.34416e-07 3.7945e-07 0
 2.94 2.46275e-07 5.80569e-07 1.36389e-07 3.86043e-07 0
 2.945 2.49697e-07 5.88793e-07 1.38404e-07 3.92799e-07 0
 2.95 2.53186e-07 5.97183e-07 1.40463e-07 3.99723e-07 0
 2.955 2.56743e-07 6.05741e-07 1.42567e-07 4.06821e-07 0
 2.96 2.60371e-07 6.14474e-07 1.44716e-07 4.141e-07 0
 2.965 2.64071e-07 6.23387e-07 1.46914e-07 4.21564e-07 0
 2.97 2.67845e-07 6.32484e-07 1.4916e-07 4.29221e-07 0
 2.975 2.71695e-07 6.41771e-07 1.51457e-07 4.37077e-07 0
 2.98 2.75623e-07 6.51254e-07 1.53806e-07 4.45139e-07 0
 2.985 2.79631e-07 6.60939e-07 1.56209e-07 4.53413e-07 0
 2.99 2.83721e-07 6.70833e-07 1.58668e-07 4.61908e-07 0
 2.995 2.87896e-07 6.80941e-07 1.61183e-07 4.70632e-07 0
 3 2.92157e-07 6.9127e-07 1.63758e-07 4.79591e-07 0
 3.005 2.96506e-07 7.01829e-07 1.66394e-07 4.88796e-07 0
 3.01 3.00947e-07 7.12624e-07 1.69093e-07 4.98254e-07 0
 3.015 3.05482e-07 7.23663e-07 1.71857e-07 5.07975e-07 0
 3.02 3.10112e-07 7.34954e-07 1.74689e-07 5.17969e-07 0
 3.025 3.14842e-07 7.46506e-07 1.7759e-07 5.28246e-07 0
 3.03 3.19673e-07 7.58329e-07 1.80564e-07 5.38816e-07 0
 3.035 3.24608e-07 7.70431e-07 1.83612e-07 5.4969e-07 0
 3.04 3.29651e-07 7.82824e-07 1.86738e-07 5.6088e-07 0
 3.045 3.34803e-07 7.95517e-07 1.89945e-07 5.72397e-07 0
 3.05 3.40069e-07 8.08522e-07 1.93235e-07 5.84256e-07 0
 3.055 3.45451e-07 8.21851e-07 1.96611e-07 5.96468e-07 0
 3.06 3.50953e-07 8.35517e-07 2.00076e-07 6.09047e-07 0
 3.065 3.56578e-07 8.49533e-07 2.03635e-07 6.22009e-07 0
 3.07 3.62329e-07 8.63914e-07 2.07291e-07 6.35368e-07 0
 3.075 3.6821e-07 8.78673e-07 2.11048e-07 6.4914e-07 0
 3.08 3.74225e-07 8.93829e-07 2.14909e-07 6.63341e-07 0
 3.085 3.80378e-07 9.09397e-07 2.18879e-07 6.7799e-07 0
 3.09 3.86673e-07 9.25396e-07 2.22963e-07 6.93104e-07 0
 3.095 3.93113e-07 9.41847e-07 2.27166e-07 7.08702e-07 0
 3.1 3.99704e-07 9.58769e-07 2.31492e-07 7.24805e-07 0
 3.105 4.06449e-07 9.76186e-07 2.35948e-07 7.41434e-07 0
 3.11 4.13353e-07 9.94121e-07 2.40538e-07 7.5861e-07 0
 3.115 4.20422e-07 1.0126e-06 2.4527e-07 7.76357e-07 0
 3.12 4.27659e-07 1.03165e-06 2.5015e-07 7.94698e-07 0
 3.125 4.35071e-07 1.05131e-06 2.55185e-07 8.1366e-07 0
 3.13 4.42662e-07 1.0716e-06 2.60383e-07 8.33269e-07 0
 3.135 4.50439e-07 1.09256e-06 2.65752e-07 8.53552e-07 0
 3.14 4.58407e-07 1.11424e-06 2.71301e-07 8.74539e-07 0
 3.145 4.66572e-07 1.13666e-06 2.77039e-07 8.9626e-07 0
 3.15 4.74942e-07 1.15988e-06 2.82977e-07 9.18747e-07 0
 3.155 4.83522e-07 1.18395e-06 2.89126e-07 9.42034e-07 0
 3.16 4.92319e-07 1.20891e-06 2.95498e-07 9.66156e-07 0
 3.165 5.01343e-07 1.23484e-06 3.02105e-07 9.91148e-07 0
 3.17 5.106e-07 1.26179e-06 3.08963e-07 1.01705e-06 0
 3.175 5.201e-07 1.28983e-06 3.16086e-07 1.0439e-06 0
 3.18 5.29851e-07 1.31904e-06 3.23491e-07 1.07174e-06 0
 3.185 5.39863e-07 1.34951e-06 3.31196e-07 1.10061e-06 0
 3.19 5.50148e-07 1.38133e-06 3.39222e-07 1.13055e-06 0
 3.195 5.60716e-07 1.4146e-06 3.47591e-07 1.16162e-06 0
 3.2 5.7158e-07 1.44943e-06 3.56326e-07 1.19386e-06 0
 3.205 5.82753e-07 1.48596e-06 3.65454e-07 1.22731e-06 0
 3.21 5.94252e-07 1.52431e-06 3.75005e-07 1.26203e-06 0
 3.215 6.06092e-07 1.56465e-06 3.85009e-07 1.29807e-06 0
 3.22 6.18291e-07 1.60713e-06 3.95503e-07 1.33547e-06 0
 3.225 6.30871e-07 1.65195e-06 4.06526e-07 1.37428e-06 0
 3.23 6.43855e-07 1.69931e-06 4.18121e-07 1.41456e-06 0
 3.235 6.57268e-07 1.74944e-06 4.30336e-07 1.45636e-06 0
 3.24 6.7114e-07 1.80258e-06 4.43223e-07 1.49972e-06 0
 3.245 6.85504e-07 1.85903e-06 4.56842e-07 1.54468e-06 0
 3.25 7.004e-07 1.91909e-06 4.71257e-07 1.59128e-06 0
 3.255 7.15871e-07 1.98308e-06 4.86541e-07 1.63956e-06 0
 3.26 7.31968e-07 2.0514e-06 5.02773e-07 1.68955e-06 0
 3.265 7.48749e-07 2.12444e-06 5.20041e-07 1.74126e-06 0
 3.27 7.66282e-07 2.20265e-06 5.38443e-07 1.7947e-06 0
 3.275 7.84646e-07 2.28652e-06 5.58086e-07 1.84987e-06 0
 3.28 8.0393e-07 2.37659e-06 5.79087e-07 1.90673e-06 0
 3.285 8.24242e-07 2.47342e-06 6.01576e-07 1.96525e-06 0
 3.29 8.45703e-07 2.57763e-06 6.25694e-07 2.02535e-06 0
 3.295 8.68455e-07 2.68988e-06 6.51593e-07 2.08696e-06 0
 3.3 8.92663e-07 2.81086e-06 6.7944e-07 2.14992e-06 0
 3.305 9.18516e-07 2.9413e-06 7.0941e-07 2.2141e-06 0
 3.31 9.46233e-07 3.08194e-06 7.41691e-07 2.27928e-06 0
 3.315 9.76065e-07 3.23354e-06 7.7648e-07 2.34522e-06 0
 3.32 1.0083e-06 3.39684e-06 8.13978e-07 2.41162e-06 0
 3.325 1.04326e-06 3.57257e-06 8.5439e-07 2.47815e-06 0
 3.33 1.08132e-06 3.76137e-06 8.97921e-07 2.54443e-06 0
 3.335 1.12289e-06 3.96384e-06 9.44765e-07 2.61001e-06 0
 3.34 1.16844e-06 4.18043e-06 9.95101e-07 2.67442e-06 0
 3.345 1.21847e-06 4.41144e-06 1.04908e-06 2.73716e-06 0
 3.35 1.27355e-06 4.65699e-06 1.10683e-06 2.7977e-06 0
 3.355 1.3343e-06 4.91697e-06 1.16841e-06 2.85552e-06 0
 3.36 1.40139e-06 5.19098e-06 1.23384e-06 2.91009e-06 0
 3.365 1.47555e-06 5.4784e-06 1.30305e-06 2.96095e-06 0
 3.37 1.55757e-06 5.77828e-06 1.3759e-06 3.0077e-06 0
 3.375 1.64829e-06 6.08941e-06 1.45216e-06 3.05001e-06 0
 3.38 1.74865e-06 6.41033e-06 1.53152e-06 3.08769e-06 0
 3.385 1.85962e-06 6.73938e-06 1.61358e-06 3.12068e-06 0
 3.39 1.98227e-06 7.07476e-06 1.69793e-06 3.14908e-06 0
 3.395 2.11764e-06 7.41457e-06 1.78418e-06 3.17316e-06 0
 3.4 2.26671e-06 7.75692e-06 1.87206e-06 3.19337e-06 0
 3.405 2.43025e-06 8.09998e-06 1.96154e-06 3.21035e-06 0
 3.41 2.60864e-06 8.44206e-06 2.0529e-06 3.22492e-06 0
 3.415 2.80185e-06 8.78169e-06 2.14667e-06 3.23801e-06 0
 3.42 3.0095e-06 9.11775e-06 2.24351e-06 3.25064e-06 0
 3.425 3.23107e-06 9.44953e-06 2.34398e-06 3.26378e-06 0
 3.43 3.46625e-06 9.77677e-06 2.44838e-06 3.27835e-06 0
 3.435 3.7151e-06 1.00997e-05 2.55665e-06 3.29508e-06 0
 3.44 3.97816e-06 1.04189e-05 2.66848e-06 3.31461e-06 0
 3.445 4.25629e-06 1.07352e-05 2.78339e-06 3.33739e-06 0
 3.45 4.55058e-06 1.10497e-05 2.90086e-06 3.36375e-06 0
 3.455 4.86215e-06 1.13634e-05 3.02039e-06 3.3939e-06 0
 3.46 5.19205e-06 1.16774e-05 3.14147e-06 3.42792e-06 0
 3.465 5.54117e-06 1.19923e-05 3.26362e-06 3.46578e-06 0
 3.47 5.91013e-06 1.23086e-05 3.38629e-06 3.50734e-06 0
 3.475 6.29925e-06 1.26261e-05 3.50888e-06 3.55241e-06 0
 3.48 6.70844e-06 1.2944e-05 3.63069e-06 3.6007e-06 0
 3.485 7.13716e-06 1.32606e-05 3.7509e-06 3.65194e-06 0
 3.49 7.58435e-06 1.35731e-05 3.86856e-06 3.70585e-06 0
 3.495 8.04843e-06 1.38775e-05 3.98262e-06 3.76225e-06 0
 3.5 8.52725e-06 1.41681e-05 4.09195e-06 3.82105e-06 0
 3.505 9.01819e-06 1.44377e-05 4.19534e-06 3.88232e-06 0
 3.51 9.51822e-06 1.46772e-05 4.29153e-06 3.94632e-06 0
 3.515 1.0024e-05 1.48749e-05 4.37923e-06 4.01344e-06 0
 3.52 1.05321e-05 1.50172e-05 4.45706e-06 4.08417e-06 0
 3.525 1.1039e-05 1.50875e-05 4.52346e-06 4.15885e-06 0
 3.53 1.15411e-05 1.50661e-05 4.5765e-06 4.23733e-06 0
 3.535 1.20344e-05 1.49311e-05 4.61358e-06 4.31836e-06 0
 3.54 1.25137e-05 1.46581e-05 4.63099e-06 4.39863e-06 0
 3.545 1.29719e-05 1.4223e-05 4.6235e-06 4.4715e-06 0
 3.55 1.33976e-05 1.36061e-05 4.58396e-06 4.52543e-06 0
 3.555 1.37731e-05 1.27994e-05 4.50339e-06 4.54258e-06 0
 3.56 1.40729e-05 1.18156e-05 4.372e-06 4.49875e-06 0
 3.565 1.42632e-05 1.0695e-05 4.18139e-06 4.36605e-06 0
 3.57 1.43051e-05 9.50322e-06 3.92801e-06 4.11972e-06 0
 3.575 1.41609e-05 8.31327e-06 3.61652e-06 3.74828e-06 0
 3.58 1.38035e-05 7.17933e-06 3.26186e-06 3.2633e-06 0
 3.585 1.32287e-05 6.12657e-06 2.8894e-06 2.70366e-06 0
 3.59 1.24697e-05 5.17427e-06 2.5331e-06 2.1306e-06 0
 3.595 1.16063e-05 4.37275e-06 2.22931e-06 1.61188e-06 0
 3.6 1.07505e-05 3.80527e-06 2.00534e-06 1.19866e-06 0
 3.605 1.00061e-05 3.54188e-06 1.86924e-06 9.08882e-07 0
 3.61 9.43228e-06 3.59638e-06 1.81034e-06 7.29559e-07 0
 3.615 9.03835e-06 3.92945e-06 1.8098e-06 6.32818e-07 0
 3.62 8.80217e-06 4.48323e-06 1.85131e-06 5.90674e-07 0
 3.625 8.68992e-06 5.21439e-06 1.92593e-06 5.81377e-07 0
 3.63 8.66715e-06 6.10823e-06 2.03155e-06 5.89943e-07 0
 3.635 8.70347e-06 7.16633e-06 2.16986e-06 6.0689e-07 0
 3.64 8.77795e-06 8.37315e-06 2.34431e-06 6.26577e-07 0
 3.645 8.88636e-06 9.67216e-06 2.562e-06 6.45846e-07 0
 3.65 9.0385e-06 1.09743e-05 2.83656e-06 6.63575e-07 0
 3.655 9.23918e-06 1.21769e-05 3.18435e-06 6.80571e-07 0
 3.66 9.46684e-06 1.31705e-05 3.61218e-06 6.98812e-07 0
 3.665 9.67256e-06 1.38574e-05 4.1052e-06 7.20154e-07 0
 3.67 9.80844e-06 1.4198e-05 4.62836e-06 7.4541e-07 0
 3.675 9.86725e-06 1.42407e-05 5.14318e-06 7.74382e-07 0
 3.68 9.90103e-06 1.40957e-05 5.62363e-06 8.06682e-07 0
 3.685 1.00069e-05 1.38793e-05 6.05812e-06 8.42699e-07 0
 3.69 1.02931e-05 1.3684e-05 6.44403e-06 8.83996e-07 0
 3.695 1.0842e-05 1.35841e-05 6.78415e-06 9.327e-07 0
 3.7 1.16785e-05 1.36538e-05 7.08358e-06 9.8996e-07 0
 3.705 1.27479e-05 1.39765e-05 7.34268e-06 1.05404e-06 0
 3.71 1.39062e-05 1.46382e-05 7.54818e-06 1.11909e-06 0
 3.715 1.49392e-05 1.57027e-05 7.67356e-06 1.17614e-06 0
 3.72 1.56451e-05 1.71656e-05 7.70133e-06 1.21808e-06 0
 3.725 1.5962e-05 1.88996e-05 7.65727e-06 1.24779e-06 0
 3.73 1.60111e-05 2.0642e-05 7.61172e-06 1.2831e-06 0
 3.735 1.59696e-05 2.20592e-05 7.62711e-06 1.35134e-06 0
 3.74 1.59012e-05 2.28482e-05 7.70385e-06 1.47378e-06 0
 3.745 1.57174e-05 2.28089e-05 7.77536e-06 1.64986e-06 0
 3.75 1.52759e-05 2.18907e-05 7.74553e-06 1.85264e-06 0
 3.755 1.45213e-05 2.02241e-05 7.53924e-06 2.04088e-06 0
 3.76 1.35481e-05 1.80976e-05 7.13894e-06 2.18137e-06 0
 3.765 1.25333e-05 1.58575e-05 6.58961e-06 2.26469e-06 0
 3.77 1.16073e-05 1.37912e-05 5.97746e-06 2.30337e-06 0
 3.775 1.07986e-05 1.20657e-05 5.39752e-06 2.31841e-06 0
 3.78 1.00834e-05 1.07277e-05 4.92116e-06 2.32695e-06 0
 3.785 9.45273e-06 9.7394e-06 4.57758e-06 2.33682e-06 0
 3.79 8.92803e-06 9.02279e-06 4.36e-06 2.34664e-06 0
 3.795 8.53985e-06 8.4964e-06 4.24773e-06 2.34875e-06 0
 3.8 8.30734e-06 8.09359e-06 4.22555e-06 2.33312e-06 0
