 Energy(eV)     x_101     x_0-11     x_-101     x_011     x_000
 2.8 2.48105e-07 6.30775e-07 2.49871e-07 2.96852e-07 0
 2.805 2.50467e-07 6.35699e-07 2.52795e-07 2.99073e-07 0
 2.81 2.52866e-07 6.40678e-07 2.55771e-07 3.01317e-07 0
 2.815 2.55304e-07 6.45711e-07 2.58799e-07 3.03586e-07 0
 2.82 2.5778e-07 6.50799e-07 2.61881e-07 3.05878e-07 0
 2.825 2.60295e-07 6.55944e-07 2.65018e-07 3.08195e-07 0
 2.83 2.62851e-07 6.61146e-07 2.68212e-07 3.10537e-07 0
 2.835 2.65448e-07 6.66406e-07 2.71463e-07 3.12903e-07 0
 2.84 2.68087e-07 6.71725e-07 2.74774e-07 3.15296e-07 0
 2.845 2.70769e-07 6.77104e-07 2.78146e-07 3.17714e-07 0
 2.85 2.73494e-07 6.82543e-07 2.8158e-07 3.20159e-07 0
 2.855 2.76264e-07 6.88045e-07 2.85078e-07 3.22631e-07 0
 2.86 2.79079e-07 6.93609e-07 2.88641e-07 3.2513e-07 0
 2.865 2.81941e-07 6.99236e-07 2.92272e-07 3.27656e-07 0
 2.87 2.84849e-07 7.04928e-07 2.95972e-07 3.3021e-07 0
 2.875 2.87807e-07 7.10686e-07 2.99742e-07 3.32793e-07 0
 2.88 2.90813e-07 7.16511e-07 3.03585e-07 3.35405e-07 0
 2.885 2.9387e-07 7.22403e-07 3.07503e-07 3.38046e-07 0
 2.89 2.96978e-07 7.28363e-07 3.11497e-07 3.40717e-07 0
 2.895 3.00138e-07 7.34394e-07 3.1557e-07 3.43418e-07 0
 2.9 3.03352e-07 7.40495e-07 3.19724e-07 3.4615e-07 0
 2.905 3.0662e-07 7.46668e-07 3.2396e-07 3.48913e-07 0
 2.91 3.09944e-07 7.52914e-07 3.28281e-07 3.51708e-07 0
 2.915 3.13325e-07 7.59234e-07 3.3269e-07 3.54535e-07 0
 2.92 3.16763e-07 7.65629e-07 3.37188e-07 3.57394e-07 0
 2.925 3.20261e-07 7.72101e-07 3.41779e-07 3.60287e-07 0
 2.93 3.2382e-07 7.78651e-07 3.46465e-07 3.63213e-07 0
 2.935 3.2744e-07 7.85279e-07 3.51248e-07 3.66174e-07 0
 2.94 3.31123e-07 7.91987e-07 3.56131e-07 3.69169e-07 0
 2.945 3.3487e-07 7.98777e-07 3.61117e-07 3.722e-07 0
 2.95 3.38683e-07 8.05649e-07 3.66209e-07 3.75267e-07 0
 2.955 3.42563e-07 8.12605e-07 3.7141e-07 3.7837e-07 0
 2.96 3.46512e-07 8.19646e-07 3.76723e-07 3.81511e-07 0
 2.965 3.5053e-07 8.26774e-07 3.82151e-07 3.84689e-07 0
 2.97 3.54619e-07 8.33989e-07 3.87698e-07 3.87905e-07 0
 2.975 3.58781e-07 8.41294e-07 3.93367e-07 3.9116e-07 0
 2.98 3.63018e-07 8.48689e-07 3.99162e-07 3.94455e-07 0
 2.985 3.6733e-07 8.56176e-07 4.05086e-07 3.9779e-07 0
 2.99 3.7172e-07 8.63757e-07 4.11144e-07 4.01166e-07 0
 2.995 3.76188e-07 8.71432e-07 4.17338e-07 4.04583e-07 0
 3 3.80738e-07 8.79204e-07 4.23674e-07 4.08043e-07 0
 3.005 3.85369e-07 8.87074e-07 4.30156e-07 4.11546e-07 0
 3.01 3.90085e-07 8.95043e-07 4.36788e-07 4.15093e-07 0
 3.015 3.94886e-07 9.03113e-07 4.43575e-07 4.18684e-07 0
 3.02 3.99775e-07 9.11286e-07 4.5052e-07 4.22321e-07 0
 3.025 4.04752e-07 9.19564e-07 4.57631e-07 4.26003e-07 0
 3.03 4.09821e-07 9.27947e-07 4.64911e-07 4.29733e-07 0
 3.035 4.14983e-07 9.36437e-07 4.72365e-07 4.33511e-07 0
 3.04 4.20239e-07 9.45038e-07 4.8e-07 4.37337e-07 0
 3.045 4.25592e-07 9.53749e-07 4.8782e-07 4.41213e-07 0
 3.05 4.31043e-07 9.62573e-07 4.95833e-07 4.45139e-07 0
 3.055 4.36594e-07 9.71513e-07 5.04044e-07 4.49118e-07 0
 3.06 4.42248e-07 9.80569e-07 5.12458e-07 4.53148e-07 0
 3.065 4.48006e-07 9.89743e-07 5.21084e-07 4.57233e-07 0
 3.07 4.5387e-07 9.99039e-07 5.29927e-07 4.61372e-07 0
 3.075 4.59842e-07 1.00846e-06 5.38996e-07 4.65568e-07 0
 3.08 4.65924e-07 1.018e-06 5.48296e-07 4.69821e-07 0
 3.085 4.72118e-07 1.02767e-06 5.57836e-07 4.74132e-07 0
 3.09 4.78425e-07 1.03747e-06 5.67624e-07 4.78503e-07 0
 3.095 4.84849e-07 1.0474e-06 5.77668e-07 4.82935e-07 0
 3.1 4.91391e-07 1.05747e-06 5.87976e-07 4.8743e-07 0
 3.105 4.98052e-07 1.06767e-06 5.98557e-07 4.91989e-07 0
 3.11 5.04835e-07 1.07801e-06 6.0942e-07 4.96614e-07 0
 3.115 5.11741e-07 1.08849e-06 6.20576e-07 5.01307e-07 0
 3.12 5.18772e-07 1.09912e-06 6.32033e-07 5.0607e-07 0
 3.125 5.25931e-07 1.1099e-06 6.43801e-07 5.10904e-07 0
 3.13 5.33218e-07 1.12082e-06 6.55892e-07 5.15812e-07 0
 3.135 5.40635e-07 1.1319e-06 6.68316e-07 5.20795e-07 0
 3.14 5.48184e-07 1.14314e-06 6.81085e-07 5.25857e-07 0
 3.145 5.55866e-07 1.15454e-06 6.9421e-07 5.31e-07 0
 3.15 5.63683e-07 1.16611e-06 7.07703e-07 5.36227e-07 0
 3.155 5.71635e-07 1.17784e-06 7.21577e-07 5.4154e-07 0
 3.16 5.79724e-07 1.18975e-06 7.35845e-07 5.46943e-07 0
 3.165 5.8795e-07 1.20184e-06 7.50521e-07 5.5244e-07 0
 3.17 5.96314e-07 1.21411e-06 7.65617e-07 5.58034e-07 0
 3.175 6.04818e-07 1.22657e-06 7.81149e-07 5.63728e-07 0
 3.18 6.1346e-07 1.23922e-06 7.97131e-07 5.69529e-07 0
 3.185 6.22241e-07 1.25208e-06 8.13578e-07 5.7544e-07 0
 3.19 6.3116e-07 1.26514e-06 8.30506e-07 5.81467e-07 0
 3.195 6.40218e-07 1.27842e-06 8.4793e-07 5.87615e-07 0
 3.2 6.49413e-07 1.29193e-06 8.65868e-07 5.9389e-07 0
 3.205 6.58743e-07 1.30567e-06 8.84336e-07 6.003e-07 0
 3.21 6.68209e-07 1.31965e-06 9.03352e-07 6.06852e-07 0
 3.215 6.77806e-07 1.33389e-06 9.22932e-07 6.13554e-07 0
 3.22 6.87534e-07 1.34839e-06 9.43094e-07 6.20414e-07 0
 3.225 6.97389e-07 1.36318e-06 9.63858e-07 6.27444e-07 0
 3.23 7.07367e-07 1.37826e-06 9.85241e-07 6.34653e-07 0
 3.235 7.17466e-07 1.39365e-06 1.00726e-06 6.42054e-07 0
 3.24 7.27681e-07 1.40938e-06 1.02994e-06 6.49659e-07 0
 3.245 7.38007e-07 1.42545e-06 1.05329e-06 6.57484e-07 0
 3.25 7.4844e-07 1.44191e-06 1.07733e-06 6.65545e-07 0
 3.255 7.58973e-07 1.45876e-06 1.10209e-06 6.73859e-07 0
 3.26 7.69601e-07 1.47605e-06 1.12757e-06 6.82447e-07 0
 3.265 7.80318e-07 1.4938e-06 1.1538e-06 6.91331e-07 0
 3.27 7.91116e-07 1.51206e-06 1.18079e-06 7.00536e-07 0
 3.275 8.01988e-07 1.53087e-06 1.20856e-06 7.10089e-07 0
 3.28 8.12929e-07 1.55027e-06 1.23711e-06 7.20021e-07 0
 3.285 8.23929e-07 1.57032e-06 1.26647e-06 7.30366e-07 0
 3.29 8.34983e-07 1.5911e-06 1.29663e-06 7.41164e-07 0
 3.295 8.46084e-07 1.61266e-06 1.32761e-06 7.52457e-07 0
 3.3 8.57227e-07 1.63509e-06 1.35941e-06 7.64293e-07 0
 3.305 8.68406e-07 1.65849e-06 1.39202e-06 7.76728e-07 0
 3.31 8.79619e-07 1.68296e-06 1.42545e-06 7.89822e-07 0
 3.315 8.90868e-07 1.70863e-06 1.45967e-06 8.03643e-07 0
 3.32 9.02154e-07 1.73565e-06 1.49468e-06 8.18271e-07 0
 3.325 9.13488e-07 1.76417e-06 1.53043e-06 8.33794e-07 0
 3.33 9.24883e-07 1.79438e-06 1.56689e-06 8.5031e-07 0
 3.335 9.3636e-07 1.8265e-06 1.60402e-06 8.67935e-07 0
 3.34 9.47952e-07 1.86078e-06 1.64174e-06 8.86797e-07 0
 3.345 9.597e-07 1.8975e-06 1.67998e-06 9.07044e-07 0
 3.35 9.71661e-07 1.93699e-06 1.71864e-06 9.28843e-07 0
 3.355 9.83909e-07 1.97964e-06 1.75759e-06 9.52387e-07 0
 3.36 9.96537e-07 2.02588e-06 1.79667e-06 9.77893e-07 0
 3.365 1.00966e-06 2.07621e-06 1.83571e-06 1.00561e-06 0
 3.37 1.02343e-06 2.13124e-06 1.87447e-06 1.03583e-06 0
 3.375 1.03803e-06 2.19161e-06 1.91269e-06 1.06886e-06 0
 3.38 1.05366e-06 2.25812e-06 1.95004e-06 1.10509e-06 0
 3.385 1.07059e-06 2.33163e-06 1.98612e-06 1.14491e-06 0
 3.39 1.08911e-06 2.41316e-06 2.02047e-06 1.18881e-06 0
 3.395 1.10957e-06 2.50383e-06 2.05254e-06 1.23728e-06 0
 3.4 1.13236e-06 2.6049e-06 2.08166e-06 1.29091e-06 0
 3.405 1.15789e-06 2.71774e-06 2.10707e-06 1.35028e-06 0
 3.41 1.18662e-06 2.84382e-06 2.12786e-06 1.41605e-06 0
 3.415 1.21897e-06 2.98466e-06 2.143e-06 1.48883e-06 0
 3.42 1.25533e-06 3.14172e-06 2.15132e-06 1.5692e-06 0
 3.425 1.29595e-06 3.31632e-06 2.15151e-06 1.65765e-06 0
 3.43 1.34089e-06 3.50938e-06 2.14219e-06 1.75442e-06 0
 3.435 1.38989e-06 3.72123e-06 2.12193e-06 1.85944e-06 0
 3.44 1.44221e-06 3.95124e-06 2.08939e-06 1.97216e-06 0
 3.445 1.4965e-06 4.19744e-06 2.04342e-06 2.09135e-06 0
 3.45 1.55067e-06 4.45614e-06 1.98332e-06 2.21498e-06 0
 3.455 1.60183e-06 4.7217e-06 1.90902e-06 2.3401e-06 0
 3.46 1.64634e-06 4.98639e-06 1.82128e-06 2.46285e-06 0
 3.465 1.68007e-06 5.24081e-06 1.7219e-06 2.57867e-06 0
 3.47 1.69879e-06 5.47452e-06 1.61366e-06 2.68267e-06 0
 3.475 1.69878e-06 5.67731e-06 1.50016e-06 2.77022e-06 0
 3.48 1.67742e-06 5.84047e-06 1.38548e-06 2.83758e-06 0
 3.485 1.6337e-06 5.95812e-06 1.27364e-06 2.88244e-06 0
 3.49 1.56841e-06 6.02786e-06 1.16811e-06 2.90423e-06 0
 3.495 1.48401e-06 6.05097e-06 1.07149e-06 2.90406e-06 0
 3.5 1.3843e-06 6.03181e-06 9.8535e-07 2.88446e-06 0
 3.505 1.2738e-06 5.97685e-06 9.10309e-07 2.84881e-06 0
 3.51 1.15721e-06 5.89355e-06 8.46304e-07 2.80091e-06 0
 3.515 1.03895e-06 5.78942e-06 7.92923e-07 2.74446e-06 0
 3.52 9.22786e-07 5.6713e-06 7.49742e-07 2.68281e-06 0
 3.525 8.11676e-07 5.54503e-06 7.16615e-07 2.61876e-06 0
 3.53 7.07635e-07 5.41534e-06 6.93906e-07 2.55452e-06 0
 3.535 6.11735e-07 5.28589e-06 6.82657e-07 2.49171e-06 0
 3.54 5.24134e-07 5.15942e-06 6.8471e-07 2.43152e-06 0
 3.545 4.44192e-07 5.0378e-06 7.02773e-07 2.37471e-06 0
 3.55 3.70739e-07 4.92223e-06 7.40339e-07 2.32176e-06 0
 3.555 3.02587e-07 4.81328e-06 8.01293e-07 2.27288e-06 0
 3.56 2.3935e-07 4.71103e-06 8.88857e-07 2.22806e-06 0
 3.565 1.82309e-07 4.61528e-06 1.00368e-06 2.18704e-06 0
 3.57 1.34503e-07 4.52584e-06 1.14161e-06 2.14934e-06 0
 3.575 9.91062e-08 4.44282e-06 1.29281e-06 2.11439e-06 0
 3.58 7.67479e-08 4.36622e-06 1.4436e-06 2.08145e-06 0
 3.585 6.44989e-08 4.29494e-06 1.57972e-06 2.04922e-06 0
 3.59 5.81223e-08 4.22573e-06 1.68805e-06 2.01549e-06 0
 3.595 5.56391e-08 4.15328e-06 1.75697e-06 1.97709e-06 0
 3.6 5.9268e-08 4.07149e-06 1.77781e-06 1.93068e-06 0
 3.605 7.46984e-08 3.97536e-06 1.74834e-06 1.87377e-06 0
 3.61 1.08639e-07 3.86233e-06 1.67585e-06 1.80552e-06 0
 3.615 1.66494e-07 3.73233e-06 1.57656e-06 1.72672e-06 0
 3.62 2.51645e-07 3.58645e-06 1.47155e-06 1.63895e-06 0
 3.625 3.6643e-07 3.42537e-06 1.38204e-06 1.54362e-06 0
 3.63 5.1385e-07 3.24853e-06 1.32679e-06 1.4415e-06 0
 3.635 6.98985e-07 3.05438e-06 1.32189e-06 1.33296e-06 0
 3.64 9.29527e-07 2.84189e-06 1.38165e-06 1.21876e-06 0
 3.645 1.21512e-06 2.6131e-06 1.5192e-06 1.10141e-06 0
 3.65 1.56507e-06 2.37667e-06 1.74577e-06 9.86817e-07 0
 3.655 1.98427e-06 2.15163e-06 2.06858e-06 8.85835e-07 0
 3.66 2.4678e-06 1.96965e-06 2.48843e-06 8.14893e-07 0
 3.665 2.99664e-06 1.87355e-06 2.99872e-06 7.94863e-07 0
 3.67 3.53808e-06 1.91133e-06 3.58751e-06 8.47981e-07 0
 3.675 4.053e-06 2.12734e-06 4.24138e-06 9.93995e-07 0
 3.68 4.50896e-06 2.55502e-06 4.9476e-06 1.24722e-06 0
 3.685 4.89428e-06 3.21338e-06 5.69233e-06 1.61526e-06 0
 3.69 5.2277e-06 4.10688e-06 6.45654e-06 2.09878e-06 0
 3.695 5.55984e-06 5.22701e-06 7.21425e-06 2.69191e-06 0
 3.7 5.96512e-06 6.55473e-06 7.93543e-06 3.38309e-06 0
 3.705 6.52644e-06 8.06274e-06 8.59149e-06 4.15621e-06 0
 3.71 7.31697e-06 9.71603e-06 9.15868e-06 4.99118e-06 0
 3.715 8.38199e-06 1.14691e-05 9.61663e-06 5.86282e-06 0
 3.72 9.72133e-06 1.32607e-05 9.94281e-06 6.73836e-06 0
 3.725 1.12728e-05 1.50078e-05 1.01064e-05 7.57496e-06 0
 3.73 1.2903e-05 1.66055e-05 1.00666e-05 8.31976e-06 0
 3.735 1.44183e-05 1.79361e-05 9.78086e-06 8.9153e-06 0
 3.74 1.56079e-05 1.88912e-05 9.22387e-06 9.31128e-06 0
 3.745 1.63111e-05 1.94015e-05 8.40953e-06 9.47921e-06 0
 3.75 1.64721e-05 1.94572e-05 7.39851e-06 9.4216e-06 0
 3.755 1.61472e-05 1.91049e-05 6.2831e-06 9.16854e-06 0
 3.76 1.54622e-05 1.84212e-05 5.15861e-06 8.76329e-06 0
 3.765 1.45545e-05 1.74805e-05 4.10035e-06 8.24615e-06 0
 3.77 1.35323e-05 1.63358e-05 3.15603e-06 7.64542e-06 0
 3.775 1.24623e-05 1.50189e-05 2.35011e-06 6.97827e-06 0
 3.78 1.13771e-05 1.35588e-05 1.69176e-06 6.25933e-06 0
 3.785 1.02952e-05 1.20039e-05 1.18026e-06 5.51124e-06 0
 3.79 9.24002e-06 1.04327e-05 8.06786e-07 4.76915e-06 0
 3.795 8.24903e-06 8.93917e-06 5.54802e-07 4.07418e-06 0
 3.8 7.36415e-06 7.60328e-06 4.01449e-07 3.4602e-06 0
