 Energy(eV)     x_101     x_0-11     x_-101     x_011     x_000
 3 1.9333e-07 4.18636e-07 4.23674e-07 4.08043e-07 0
 3.01 1.98055e-07 4.25917e-07 4.36788e-07 4.15093e-07 0
 3.02 2.0295e-07 4.33386e-07 4.5052e-07 4.22321e-07 0
 3.03 2.08022e-07 4.41049e-07 4.64911e-07 4.29733e-07 0
 3.04 2.13276e-07 4.48912e-07 4.8e-07 4.37337e-07 0
 3.05 2.18721e-07 4.56985e-07 4.95833e-07 4.45139e-07 0
 3.06 2.24364e-07 4.65275e-07 5.12458e-07 4.53148e-07 0
 3.07 2.3021e-07 4.73791e-07 5.29927e-07 4.61372e-07 0
 3.08 2.36269e-07 4.82544e-07 5.48296e-07 4.69821e-07 0
 3.09 2.42546e-07 4.91542e-07 5.67624e-07 4.78503e-07 0
 3.1 2.49049e-07 5.00799e-07 5.87976e-07 4.8743e-07 0
 3.11 2.55784e-07 5.10326e-07 6.0942e-07 4.96614e-07 0
 3.12 2.62759e-07 5.20137e-07 6.32033e-07 5.0607e-07 0
 3.13 2.69978e-07 5.30249e-07 6.55892e-07 5.15812e-07 0
 3.14 2.77447e-07 5.40679e-07 6.81085e-07 5.25857e-07 0
 3.15 2.85172e-07 5.51446e-07 7.07703e-07 5.36227e-07 0
 3.16 2.93154e-07 5.62575e-07 7.35845e-07 5.46943e-07 0
 3.17 3.01397e-07 5.7409e-07 7.65617e-07 5.58034e-07 0
 3.18 3.09901e-07 5.86022e-07 7.97131e-07 5.69529e-07 0
 3.19 3.18664e-07 5.98408e-07 8.30506e-07 5.81467e-07 0
 3.2 3.27684e-07 6.11289e-07 8.65868e-07 5.9389e-07 0
 3.21 3.36952e-07 6.24716e-07 9.03352e-07 6.06852e-07 0
 3.22 3.46461e-07 6.38749e-07 9.43094e-07 6.20414e-07 0
 3.23 3.56195e-07 6.53461e-07 9.85241e-07 6.34653e-07 0
 3.24 3.66138e-07 6.6894e-07 1.02994e-06 6.49659e-07 0
 3.25 3.76268e-07 6.85295e-07 1.07733e-06 6.65545e-07 0
 3.26 3.86558e-07 7.02657e-07 1.12757e-06 6.82447e-07 0
 3.27 3.96977e-07 7.21191e-07 1.18079e-06 7.00536e-07 0
 3.28 4.07492e-07 7.41101e-07 1.23711e-06 7.20021e-07 0
 3.29 4.18069e-07 7.62643e-07 1.29663e-06 7.41164e-07 0
 3.3 4.28676e-07 7.86141e-07 1.35941e-06 7.64293e-07 0
 3.31 4.39292e-07 8.12008e-07 1.42545e-06 7.89822e-07 0
 3.32 4.49913e-07 8.4077e-07 1.49468e-06 8.18271e-07 0
 3.33 4.60565e-07 8.73108e-07 1.56689e-06 8.5031e-07 0
 3.34 4.71322e-07 9.09897e-07 1.64174e-06 8.86797e-07 0
 3.35 4.82336e-07 9.52275e-07 1.71864e-06 9.28843e-07 0
 3.36 4.9387e-07 1.00172e-06 1.79667e-06 9.77893e-07 0
 3.37 5.06352e-07 1.06017e-06 1.87447e-06 1.03583e-06 0
 3.38 5.20432e-07 1.13013e-06 1.95004e-06 1.10509e-06 0
 3.39 5.37046e-07 1.21481e-06 2.02047e-06 1.18881e-06 0
 3.4 5.57454e-07 1.31826e-06 2.08166e-06 1.29091e-06 0
 3.41 5.83206e-07 1.44528e-06 2.12786e-06 1.41605e-06 0
 3.42 6.15909e-07 1.60103e-06 2.15132e-06 1.5692e-06 0
 3.43 6.5659e-07 1.78972e-06 2.14219e-06 1.75442e-06 0
 3.44 7.04429e-07 2.01197e-06 2.08939e-06 1.97216e-06 0
 3.45 7.54806e-07 2.26029e-06 1.98332e-06 2.21498e-06 0
 3.46 7.97519e-07 2.51434e-06 1.82128e-06 2.46285e-06 0
 3.47 8.17417e-07 2.7403e-06 1.61366e-06 2.68267e-06 0
 3.48 7.99797e-07 2.90041e-06 1.38548e-06 2.83758e-06 0
 3.49 7.3878e-07 2.97065e-06 1.16811e-06 2.90423e-06 0
 3.5 6.41739e-07 2.95284e-06 9.8535e-07 2.88446e-06 0
 3.51 5.25435e-07 2.87011e-06 8.46304e-07 2.80091e-06 0
 3.52 4.07843e-07 2.75195e-06 7.49742e-07 2.68281e-06 0
 3.53 3.01954e-07 2.62262e-06 6.93906e-07 2.55452e-06 0
 3.54 2.13358e-07 2.49784e-06 6.8471e-07 2.43152e-06 0
 3.55 1.40676e-07 2.38621e-06 7.40339e-07 2.32176e-06 0
 3.56 7.96965e-08 2.29109e-06 8.88857e-07 2.22806e-06 0
 3.57 3.305e-08 2.21136e-06 1.14161e-06 2.14934e-06 0
 3.58 1.02198e-08 2.14227e-06 1.4436e-06 2.08145e-06 0
 3.59 5.25847e-09 2.07454e-06 1.68805e-06 2.01549e-06 0
 3.6 9.92094e-09 1.9875e-06 1.77781e-06 1.93068e-06 0
 3.61 4.25575e-08 1.85962e-06 1.67585e-06 1.80552e-06 0
 3.62 1.27203e-07 1.68977e-06 1.47155e-06 1.63895e-06 0
 3.63 2.75103e-07 1.48833e-06 1.32679e-06 1.4415e-06 0
 3.64 5.02976e-07 1.26045e-06 1.38165e-06 1.21876e-06 0
 3.65 8.45915e-07 1.02182e-06 1.74577e-06 9.86817e-07 0
 3.66 1.32929e-06 8.4242e-07 2.48843e-06 8.14893e-07 0
 3.67 1.9004e-06 8.70022e-07 3.58751e-06 8.47981e-07 0
 3.68 2.41816e-06 1.26924e-06 4.9476e-06 1.24722e-06 0
 3.69 2.80271e-06 2.12824e-06 6.45654e-06 2.09878e-06 0
 3.7 3.19709e-06 3.429e-06 7.93543e-06 3.38309e-06 0
 3.71 3.91247e-06 5.06479e-06 9.15868e-06 4.99118e-06 0
 3.72 5.1734e-06 6.85058e-06 9.94281e-06 6.73836e-06 0
 3.73 6.82772e-06 8.4746e-06 1.00666e-05 8.31976e-06 0
 3.74 8.21318e-06 9.50031e-06 9.22387e-06 9.31128e-06 0
 3.75 8.62092e-06 9.62558e-06 7.39851e-06 9.4216e-06 0
 3.76 8.04751e-06 8.96187e-06 5.15861e-06 8.76329e-06 0
 3.77 7.00372e-06 7.82399e-06 3.15603e-06 7.64542e-06 0
 3.78 5.85955e-06 6.40816e-06 1.69176e-06 6.25933e-06 0
 3.79 4.74438e-06 4.88337e-06 8.06786e-07 4.76915e-06 0
 3.8 3.77897e-06 3.54278e-06 4.01449e-07 3.4602e-06 0
 3.81 3.08539e-06 2.58432e-06 2.88449e-07 2.52495e-06 0
 3.82 2.64184e-06 1.96951e-06 2.93916e-07 1.92535e-06 0
 3.83 2.34516e-06 1.57303e-06 3.25712e-07 1.53886e-06 0
 3.84 2.11509e-06 1.29902e-06 3.56107e-07 1.27191e-06 0
 3.85 1.9096e-06 1.09494e-06 3.84031e-07 1.07322e-06 0
 3.86 1.70981e-06 9.37212e-07 4.16137e-07 9.19663e-07 0
 3.87 1.51173e-06 8.21078e-07 4.62423e-07 8.0601e-07 0
 3.88 1.33185e-06 7.56397e-07 5.36289e-07 7.41026e-07 0
 3.89 1.22572e-06 7.59188e-07 6.44537e-07 7.40749e-07 0
 3.9 1.27264e-06 8.22773e-07 7.40431e-07 8.0007e-07 0
 3.91 1.43354e-06 9.17561e-07 7.1549e-07 8.90989e-07 0
 3.92 1.51248e-06 1.07002e-06 5.85361e-07 1.03884e-06 0
 3.93 1.37647e-06 1.28707e-06 4.61926e-07 1.25081e-06 0
 3.94 1.18422e-06 1.52956e-06 3.60771e-07 1.49021e-06 0
 3.95 1.18522e-06 1.82513e-06 3.08581e-07 1.78344e-06 0
 3.96 1.36161e-06 2.07302e-06 4.18085e-07 2.03031e-06 0
 3.97 1.46474e-06 2.02523e-06 6.29834e-07 1.98522e-06 0
 3.98 1.40245e-06 1.72556e-06 7.44279e-07 1.69086e-06 0
 3.99 1.24529e-06 1.40974e-06 7.28262e-07 1.38034e-06 0
 4 1.07125e-06 1.18548e-06 6.6459e-07 1.15984e-06 0
