 Energy(eV)     NS_101     NS_0-11     NS_-101     NS_011     NS_000
 2.8 1.56202e-06 6.25855e-07 2.51666e-06 9.86669e-07 1.8794e-06
 2.805 1.58318e-06 6.29283e-07 2.55049e-06 9.95542e-07 1.89608e-06
 2.81 1.60478e-06 6.32737e-07 2.5849e-06 1.00452e-06 1.91292e-06
 2.815 1.62683e-06 6.36218e-07 2.6199e-06 1.01362e-06 1.92992e-06
 2.82 1.64934e-06 6.39726e-07 2.6555e-06 1.02282e-06 1.9471e-06
 2.825 1.67232e-06 6.43262e-07 2.69172e-06 1.03214e-06 1.96444e-06
 2.83 1.69581e-06 6.46828e-07 2.72857e-06 1.04158e-06 1.98196e-06
 2.835 1.71979e-06 6.50423e-07 2.76606e-06 1.05113e-06 1.99965e-06
 2.84 1.7443e-06 6.5405e-07 2.8042e-06 1.06081e-06 2.01751e-06
 2.845 1.76935e-06 6.57709e-07 2.843e-06 1.07061e-06 2.03555e-06
 2.85 1.79496e-06 6.61401e-07 2.88249e-06 1.08054e-06 2.05377e-06
 2.855 1.82113e-06 6.65128e-07 2.92266e-06 1.09059e-06 2.07216e-06
 2.86 1.8479e-06 6.68892e-07 2.96354e-06 1.10078e-06 2.09073e-06
 2.865 1.87528e-06 6.72693e-07 3.00514e-06 1.1111e-06 2.10949e-06
 2.87 1.90329e-06 6.76533e-07 3.04747e-06 1.12156e-06 2.12843e-06
 2.875 1.93194e-06 6.80414e-07 3.09054e-06 1.13215e-06 2.14755e-06
 2.88 1.96127e-06 6.84337e-07 3.13438e-06 1.14289e-06 2.16686e-06
 2.885 1.99129e-06 6.88306e-07 3.17899e-06 1.15377e-06 2.18635e-06
 2.89 2.02202e-06 6.92321e-07 3.22439e-06 1.1648e-06 2.20603e-06
 2.895 2.05349e-06 6.96386e-07 3.2706e-06 1.17598e-06 2.2259e-06
 2.9 2.08572e-06 7.00502e-07 3.31762e-06 1.18732e-06 2.24596e-06
 2.905 2.11875e-06 7.04673e-07 3.36548e-06 1.19882e-06 2.26622e-06
 2.91 2.15259e-06 7.08901e-07 3.41419e-06 1.21048e-06 2.28667e-06
 2.915 2.18727e-06 7.13189e-07 3.46376e-06 1.22231e-06 2.30731e-06
 2.92 2.22282e-06 7.17541e-07 3.51421e-06 1.23431e-06 2.32815e-06
 2.925 2.25927e-06 7.2196e-07 3.56556e-06 1.24649e-06 2.34919e-06
 2.93 2.29665e-06 7.26451e-07 3.61782e-06 1.25885e-06 2.37043e-06
 2.935 2.335e-06 7.31017e-07 3.67101e-06 1.27139e-06 2.39188e-06
 2.94 2.37434e-06 7.35664e-07 3.72515e-06 1.28413e-06 2.41353e-06
 2.945 2.41472e-06 7.40396e-07 3.78025e-06 1.29707e-06 2.43538e-06
 2.95 2.45616e-06 7.45218e-07 3.83632e-06 1.31021e-06 2.45745e-06
 2.955 2.49871e-06 7.50137e-07 3.89339e-06 1.32357e-06 2.47973e-06
 2.96 2.5424e-06 7.55158e-07 3.95148e-06 1.33714e-06 2.50223e-06
 2.965 2.58727e-06 7.60289e-07 4.01059e-06 1.35095e-06 2.52494e-06
 2.97 2.63337e-06 7.65537e-07 4.07075e-06 1.36499e-06 2.54788e-06
 2.975 2.68073e-06 7.7091e-07 4.13198e-06 1.37927e-06 2.57104e-06
 2.98 2.72941e-06 7.76417e-07 4.19429e-06 1.39381e-06 2.59444e-06
 2.985 2.77945e-06 7.82066e-07 4.25771e-06 1.40862e-06 2.61807e-06
 2.99 2.8309e-06 7.87869e-07 4.32225e-06 1.42371e-06 2.64194e-06
 2.995 2.8838e-06 7.93836e-07 4.38794e-06 1.43909e-06 2.66607e-06
 3 2.93821e-06 7.99979e-07 4.45479e-06 1.45478e-06 2.69045e-06
 3.005 2.99418e-06 8.06312e-07 4.52283e-06 1.47079e-06 2.71509e-06
 3.01 3.05177e-06 8.12848e-07 4.59208e-06 1.48714e-06 2.74001e-06
 3.015 3.11103e-06 8.19602e-07 4.66256e-06 1.50385e-06 2.76521e-06
 3.02 3.17201e-06 8.26591e-07 4.73432e-06 1.52093e-06 2.79072e-06
 3.025 3.23478e-06 8.33833e-07 4.80737e-06 1.53841e-06 2.81653e-06
 3.03 3.29941e-06 8.41348e-07 4.88174e-06 1.55632e-06 2.84266e-06
 3.035 3.36594e-06 8.49156e-07 4.95748e-06 1.57469e-06 2.86914e-06
 3.04 3.43444e-06 8.57281e-07 5.03462e-06 1.59353e-06 2.89598e-06
 3.045 3.50498e-06 8.65747e-07 5.11321e-06 1.61288e-06 2.92319e-06
 3.05 3.57763e-06 8.7458e-07 5.19329e-06 1.63279e-06 2.95082e-06
 3.055 3.65245e-06 8.83812e-07 5.27493e-06 1.65329e-06 2.97888e-06
 3.06 3.7295e-06 8.93472e-07 5.35819e-06 1.67442e-06 3.0074e-06
 3.065 3.80886e-06 9.03595e-07 5.44314e-06 1.69623e-06 3.03641e-06
 3.07 3.89059e-06 9.1422e-07 5.52988e-06 1.71877e-06 3.06596e-06
 3.075 3.97476e-06 9.25385e-07 5.61849e-06 1.74211e-06 3.09608e-06
 3.08 4.06144e-06 9.37135e-07 5.70909e-06 1.7663e-06 3.12682e-06
 3.085 4.15069e-06 9.49518e-07 5.80181e-06 1.79142e-06 3.15823e-06
 3.09 4.24257e-06 9.62585e-07 5.89682e-06 1.81755e-06 3.19036e-06
 3.095 4.33714e-06 9.76393e-07 5.99428e-06 1.84478e-06 3.22329e-06
 3.1 4.43447e-06 9.91001e-07 6.0944e-06 1.87319e-06 3.25707e-06
 3.105 4.5346e-06 1.00648e-06 6.19742e-06 1.9029e-06 3.29179e-06
 3.11 4.63758e-06 1.02289e-06 6.30363e-06 1.93402e-06 3.32752e-06
 3.115 4.74346e-06 1.04033e-06 6.41335e-06 1.96668e-06 3.36436e-06
 3.12 4.85226e-06 1.05887e-06 6.52695e-06 2.00103e-06 3.4024e-06
 3.125 4.96402e-06 1.0786e-06 6.64486e-06 2.0372e-06 3.44176e-06
 3.13 5.07872e-06 1.09963e-06 6.7676e-06 2.07539e-06 3.48256e-06
 3.135 5.19639e-06 1.12207e-06 6.89575e-06 2.11577e-06 3.52491e-06
 3.14 5.31697e-06 1.14604e-06 7.02996e-06 2.15855e-06 3.56898e-06
 3.145 5.44044e-06 1.17167e-06 7.17103e-06 2.20395e-06 3.61489e-06
 3.15 5.56671e-06 1.19911e-06 7.31982e-06 2.25221e-06 3.66283e-06
 3.155 5.69568e-06 1.22851e-06 7.47734e-06 2.30361e-06 3.71297e-06
 3.16 5.82717e-06 1.26005e-06 7.64475e-06 2.35842e-06 3.76551e-06
 3.165 5.96099e-06 1.29393e-06 7.82334e-06 2.41696e-06 3.82066e-06
 3.17 6.09685e-06 1.33036e-06 8.01458e-06 2.47957e-06 3.87864e-06
 3.175 6.23438e-06 1.36957e-06 8.2201e-06 2.54659e-06 3.93973e-06
 3.18 6.37309e-06 1.41182e-06 8.44172e-06 2.6184e-06 4.00418e-06
 3.185 6.51236e-06 1.4574e-06 8.68143e-06 2.69539e-06 4.07232e-06
 3.19 6.65137e-06 1.50662e-06 8.94141e-06 2.77798e-06 4.1445e-06
 3.195 6.78908e-06 1.55982e-06 9.22394e-06 2.86656e-06 4.22112e-06
 3.2 6.92413e-06 1.61739e-06 9.53143e-06 2.96152e-06 4.30262e-06
 3.205 7.0548e-06 1.67971e-06 9.86623e-06 3.06324e-06 4.38955e-06
 3.21 7.17886e-06 1.74721e-06 1.02306e-05 3.17202e-06 4.48253e-06
 3.215 7.29348e-06 1.82032e-06 1.06264e-05 3.28807e-06 4.5823e-06
 3.22 7.39508e-06 1.89947e-06 1.10549e-05 3.41142e-06 4.68977e-06
 3.225 7.47916e-06 1.98501e-06 1.15162e-05 3.54192e-06 4.806e-06
 3.23 7.5401e-06 2.07724e-06 1.20089e-05 3.67905e-06 4.93228e-06
 3.235 7.57108e-06 2.17624e-06 1.25289e-05 3.82187e-06 5.07017e-06
 3.24 7.56393e-06 2.28187e-06 1.30689e-05 3.96883e-06 5.22148e-06
 3.245 7.5092e-06 2.39353e-06 1.36172e-05 4.11764e-06 5.38826e-06
 3.25 7.39648e-06 2.51008e-06 1.41564e-05 4.26511e-06 5.57281e-06
 3.255 7.21503e-06 2.62962e-06 1.46627e-05 4.40704e-06 5.77745e-06
 3.26 6.95499e-06 2.74935e-06 1.51054e-05 4.53831e-06 6.00437e-06
 3.265 6.60905e-06 2.86552e-06 1.54484e-05 4.65305e-06 6.2552e-06
 3.27 6.17464e-06 2.97352e-06 1.56523e-05 4.74522e-06 6.53061e-06
 3.275 5.65607e-06 3.06822e-06 1.56795e-05 4.80942e-06 6.82982e-06
 3.28 5.06616e-06 3.14459e-06 1.55006e-05 4.84192e-06 7.15027e-06
 3.285 4.42635e-06 3.19848e-06 1.51012e-05 4.84168e-06 7.48757e-06
 3.29 3.76485e-06 3.22742e-06 1.44867e-05 4.81096e-06 7.83587e-06
 3.295 3.11296e-06 3.23115e-06 1.36836e-05 4.75529e-06 8.18859e-06
 3.3 2.50051e-06 3.21167e-06 1.27356e-05 4.68265e-06 8.53943e-06
 3.305 1.95166e-06 3.1728e-06 1.16971e-05 4.60222e-06 8.88324e-06
 3.31 1.48238e-06 3.11947e-06 1.06237e-05 4.52295e-06 9.21655e-06
 3.315 1.09994e-06 3.05685e-06 9.56582e-06 4.45246e-06 9.53773e-06
 3.32 8.04069e-07 2.98969e-06 8.56316e-06 4.39642e-06 9.84676e-06
 3.325 5.89034e-07 2.92192e-06 7.64366e-06 4.35846e-06 1.01448e-05
 3.33 4.45892e-07 2.85648e-06 6.82392e-06 4.34039e-06 1.04338e-05
 3.335 3.64398e-07 2.79537e-06 6.11132e-06 4.34263e-06 1.0716e-05
 3.34 3.34367e-07 2.73979e-06 5.50639e-06 4.36465e-06 1.09937e-05
 3.345 3.46502e-07 2.69036e-06 5.0051e-06 4.40532e-06 1.12692e-05
 3.35 3.92792e-07 2.64724e-06 4.60066e-06 4.46329e-06 1.15444e-05
 3.355 4.66627e-07 2.61034e-06 4.28486e-06 4.53711e-06 1.18211e-05
 3.36 5.62725e-07 2.5794e-06 4.04901e-06 4.62547e-06 1.21011e-05
 3.365 6.76984e-07 2.55409e-06 3.88444e-06 4.7272e-06 1.23856e-05
 3.37 8.0628e-07 2.53405e-06 3.78282e-06 4.84136e-06 1.26762e-05
 3.375 9.48275e-07 2.51896e-06 3.73635e-06 4.96726e-06 1.2974e-05
 3.38 1.10123e-06 2.5085e-06 3.73774e-06 5.10448e-06 1.32803e-05
 3.385 1.26381e-06 2.50243e-06 3.78026e-06 5.25283e-06 1.35963e-05
 3.39 1.43499e-06 2.50055e-06 3.85769e-06 5.41241e-06 1.39234e-05
 3.395 1.61387e-06 2.50269e-06 3.96428e-06 5.58351e-06 1.42628e-05
 3.4 1.7996e-06 2.50876e-06 4.09477e-06 5.7667e-06 1.46158e-05
 3.405 1.99127e-06 2.5187e-06 4.24439e-06 5.96272e-06 1.49837e-05
 3.41 2.18787e-06 2.53248e-06 4.40885e-06 6.17248e-06 1.53679e-05
 3.415 2.38825e-06 2.55017e-06 4.58443e-06 6.39704e-06 1.57697e-05
 3.42 2.5911e-06 2.5719e-06 4.76805e-06 6.6375e-06 1.61903e-05
 3.425 2.79497e-06 2.59791e-06 4.95724e-06 6.89493e-06 1.6631e-05
 3.43 2.99828e-06 2.62863e-06 5.15029e-06 7.17023e-06 1.70927e-05
 3.435 3.19942e-06 2.66468e-06 5.3462e-06 7.46391e-06 1.75764e-05
 3.44 3.39675e-06 2.70698e-06 5.54477e-06 7.77588e-06 1.80831e-05
 3.445 3.58872e-06 2.75671e-06 5.74663e-06 8.10517e-06 1.86136e-05
 3.45 3.77387e-06 2.81526e-06 5.95337e-06 8.44964e-06 1.91686e-05
 3.455 3.95088e-06 2.88407e-06 6.1677e-06 8.80589e-06 1.9749e-05
 3.46 4.11864e-06 2.96436e-06 6.39372e-06 9.16945e-06 2.03557e-05
 3.465 4.27628e-06 3.05678e-06 6.63708e-06 9.53522e-06 2.09895e-05
 3.47 4.42323e-06 3.16118e-06 6.90495e-06 9.89837e-06 2.16516e-05
 3.475 4.55934e-06 3.27663e-06 7.20558e-06 1.02551e-05 2.23432e-05
 3.48 4.685e-06 3.40172e-06 7.5473e-06 1.06032e-05 2.30657e-05
 3.485 4.80141e-06 3.53514e-06 7.93701e-06 1.09423e-05 2.38214e-05
 3.49 4.91078e-06 3.67635e-06 8.37809e-06 1.12742e-05 2.46132e-05
 3.495 5.01658e-06 3.8262e-06 8.86793e-06 1.16031e-05 2.54456e-05
 3.5 5.12342e-06 3.98748e-06 9.39552e-06 1.19372e-05 2.63247e-05
 3.505 5.23623e-06 4.16512e-06 9.94052e-06 1.22893e-05 2.72584e-05
 3.51 5.35878e-06 4.36599e-06 1.04755e-05 1.2677e-05 2.82559e-05
 3.515 5.49198e-06 4.59809e-06 1.09721e-05 1.31198e-05 2.93262e-05
 3.52 5.63341e-06 4.86978e-06 1.141e-05 1.36346e-05 3.04769e-05
 3.525 5.77862e-06 5.18961e-06 1.17829e-05 1.42308e-05 3.17129e-05
 3.53 5.92334e-06 5.56726e-06 1.20985e-05 1.49081e-05 3.30379e-05
 3.535 6.06498e-06 6.0152e-06 1.23736e-05 1.56576e-05 3.44548e-05
 3.54 6.20278e-06 6.55053e-06 1.26277e-05 1.6465e-05 3.5968e-05
 3.545 6.33671e-06 7.19661e-06 1.2878e-05 1.73145e-05 3.75827e-05
 3.55 6.4663e-06 7.98355e-06 1.31373e-05 1.81953e-05 3.93049e-05
 3.555 6.58973e-06 8.94542e-06 1.34139e-05 1.91101e-05 4.1138e-05
 3.56 6.70419e-06 1.01096e-05 1.37113e-05 2.00819e-05 4.30778e-05
 3.565 6.80867e-06 1.14756e-05 1.40301e-05 2.11484e-05 4.51063e-05
 3.57 6.90945e-06 1.29956e-05 1.43745e-05 2.2339e-05 4.71885e-05
 3.575 7.02381e-06 1.45921e-05 1.4766e-05 2.3654e-05 4.92767e-05
 3.58 7.1716e-06 1.62167e-05 1.52463e-05 2.50671e-05 5.13106e-05
 3.585 7.35451e-06 1.78898e-05 1.58488e-05 2.6525e-05 5.32027e-05
 3.59 7.54403e-06 1.96771e-05 1.65565e-05 2.79279e-05 5.4816e-05
 3.595 7.69257e-06 2.16367e-05 1.72985e-05 2.91138e-05 5.59507e-05
 3.6 7.7541e-06 2.37835e-05 1.79941e-05 2.98645e-05 5.63504e-05
 3.605 7.69546e-06 2.60745e-05 1.85997e-05 2.99329e-05 5.57359e-05
 3.61 7.49708e-06 2.84098e-05 1.91239e-05 2.90932e-05 5.38713e-05
 3.615 7.15308e-06 3.06517e-05 1.9611e-05 2.72113e-05 5.06542e-05
 3.62 6.67679e-06 3.26651e-05 2.01084e-05 2.43141e-05 4.61926e-05
 3.625 6.10913e-06 3.43696e-05 2.06359e-05 2.06192e-05 4.08177e-05
 3.63 5.52315e-06 3.57757e-05 2.11725e-05 1.64972e-05 3.50091e-05
 3.635 5.01857e-06 3.69891e-05 2.16717e-05 1.23854e-05 2.9266e-05
 3.64 4.70583e-06 3.81813e-05 2.20985e-05 8.70551e-06 2.39922e-05
 3.645 4.68588e-06 3.95473e-05 2.24576e-05 5.82274e-06 1.94411e-05
 3.65 5.03677e-06 4.12679e-05 2.27899e-05 4.04807e-06 1.57214e-05
 3.655 5.81331e-06 4.34846e-05 2.31471e-05 3.64748e-06 1.28364e-05
 3.66 7.05327e-06 4.62792e-05 2.35723e-05 4.81953e-06 1.07227e-05
 3.665 8.77712e-06 4.96364e-05 2.41048e-05 7.63334e-06 9.27187e-06
 3.67 1.09753e-05 5.33897e-05 2.47984e-05 1.19676e-05 8.34225e-06
 3.675 1.35908e-05 5.72069e-05 2.57392e-05 1.74964e-05 7.78015e-06
 3.68 1.65076e-05 6.06621e-05 2.70445e-05 2.37338e-05 7.44882e-06
 3.685 1.95533e-05 6.33579e-05 2.88259e-05 3.01292e-05 7.24847e-06
 3.69 2.25149e-05 6.50224e-05 3.11257e-05 3.6178e-05 7.12066e-06
 3.695 2.51616e-05 6.55381e-05 3.38627e-05 4.14957e-05 7.03993e-06
 3.7 2.72708e-05 6.49164e-05 3.68285e-05 4.5826e-05 6.99956e-06
 3.705 2.86529e-05 6.32592e-05 3.97424e-05 4.90046e-05 6.99671e-06
 3.71 2.91732e-05 6.07352e-05 4.23343e-05 5.09322e-05 7.02074e-06
 3.715 2.87794e-05 5.75717e-05 4.44054e-05 5.1596e-05 7.04833e-06
 3.72 2.75373e-05 5.40481e-05 4.58498e-05 5.11305e-05 7.04929e-06
 3.725 2.56511e-05 5.04797e-05 4.66559e-05 4.98518e-05 7.00175e-06
 3.73 2.34268e-05 4.71839e-05 4.69018e-05 4.82028e-05 6.90539e-06
 3.735 2.11845e-05 4.44207e-05 4.67277e-05 4.66192e-05 6.78177e-06
 3.74 1.91756e-05 4.23236e-05 4.62842e-05 4.53904e-05 6.6632e-06
 3.745 1.75452e-05 4.08532e-05 4.56822e-05 4.4581e-05 6.57954e-06
 3.75 1.63296e-05 3.98002e-05 4.49627e-05 4.40348e-05 6.54806e-06
 3.755 1.54726e-05 3.88439e-05 4.40901e-05 4.34512e-05 6.56693e-06
 3.76 1.48503e-05 3.76495e-05 4.2971e-05 4.25073e-05 6.61386e-06
 3.765 1.43084e-05 3.59743e-05 4.14948e-05 4.09818e-05 6.65253e-06
 3.77 1.37046e-05 3.37367e-05 3.95796e-05 3.88282e-05 6.64531e-06
 3.775 1.29383e-05 3.10204e-05 3.71959e-05 3.61693e-05 6.56412e-06
 3.78 1.19641e-05 2.80185e-05 3.43621e-05 3.32282e-05 6.39391e-06
 3.785 1.07906e-05 2.49607e-05 3.11368e-05 3.02454e-05 6.13188e-06
 3.79 9.47422e-06 2.20587e-05 2.76295e-05 2.74202e-05 5.78851e-06
 3.795 8.10238e-06 1.9477e-05 2.40156e-05 2.48886e-05 5.38991e-06
 3.8 6.77044e-06 1.73169e-05 2.05204e-05 2.27204e-05 4.97533e-06
