 Energy(eV)     x_101     x_0-11     x_-101     x_011     x_000
 2.5 2.69635e-07 1.12603e-06 3.65742e-07 5.37586e-07 0
 2.50565 2.70534e-07 1.1364e-06 3.70397e-07 5.42341e-07 0
 2.5113 2.71428e-07 1.14687e-06 3.75132e-07 5.47137e-07 0
 2.51696 2.72315e-07 1.15744e-06 3.79949e-07 5.51974e-07 0
 2.52261 2.73195e-07 1.1681e-06 3.84849e-07 5.56853e-07 0
 2.52826 2.7407e-07 1.17887e-06 3.89835e-07 5.61774e-07 0
 2.53391 2.74937e-07 1.18974e-06 3.94908e-07 5.66736e-07 0
 2.53957 2.75798e-07 1.20071e-06 4.0007e-07 5.71741e-07 0
 2.54522 2.76653e-07 1.21179e-06 4.05324e-07 5.76787e-07 0
 2.55087 2.775e-07 1.22296e-06 4.10672e-07 5.81876e-07 0
 2.55652 2.78341e-07 1.23424e-06 4.16115e-07 5.87008e-07 0
 2.56217 2.79175e-07 1.24563e-06 4.21657e-07 5.92182e-07 0
 2.56783 2.80002e-07 1.25712e-06 4.27299e-07 5.97399e-07 0
 2.57348 2.80822e-07 1.26871e-06 4.33043e-07 6.02658e-07 0
 2.57913 2.81636e-07 1.28041e-06 4.38893e-07 6.0796e-07 0
 2.58478 2.82442e-07 1.29222e-06 4.4485e-07 6.13304e-07 0
 2.59043 2.83242e-07 1.30413e-06 4.50918e-07 6.18692e-07 0
 2.59609 2.84034e-07 1.31615e-06 4.57098e-07 6.24122e-07 0
 2.60174 2.8482e-07 1.32828e-06 4.63394e-07 6.29594e-07 0
 2.60739 2.85599e-07 1.34052e-06 4.69809e-07 6.35109e-07 0
 2.61304 2.86371e-07 1.35286e-06 4.76344e-07 6.40666e-07 0
 2.6187 2.87136e-07 1.36531e-06 4.83004e-07 6.46266e-07 0
 2.62435 2.87895e-07 1.37787e-06 4.89792e-07 6.51907e-07 0
 2.63 2.88648e-07 1.39054e-06 4.96709e-07 6.57591e-07 0
 2.63565 2.89394e-07 1.40332e-06 5.0376e-07 6.63315e-07 0
 2.6413 2.90134e-07 1.4162e-06 5.10949e-07 6.69081e-07 0
 2.64696 2.90868e-07 1.4292e-06 5.18277e-07 6.74888e-07 0
 2.65261 2.91597e-07 1.4423e-06 5.2575e-07 6.80735e-07 0
 2.65826 2.9232e-07 1.45551e-06 5.3337e-07 6.86621e-07 0
 2.66391 2.93038e-07 1.46882e-06 5.41141e-07 6.92548e-07 0
 2.66957 2.93752e-07 1.48224e-06 5.49067e-07 6.98513e-07 0
 2.67522 2.94461e-07 1.49577e-06 5.57152e-07 7.04517e-07 0
 2.68087 2.95166e-07 1.5094e-06 5.654e-07 7.10558e-07 0
 2.68652 2.95867e-07 1.52314e-06 5.73816e-07 7.16636e-07 0
 2.69217 2.96566e-07 1.53698e-06 5.82403e-07 7.2275e-07 0
 2.69783 2.97262e-07 1.55092e-06 5.91166e-07 7.28899e-07 0
 2.70348 2.97956e-07 1.56497e-06 6.00109e-07 7.35083e-07 0
 2.70913 2.98649e-07 1.57911e-06 6.09238e-07 7.413e-07 0
 2.71478 2.99341e-07 1.59336e-06 6.18557e-07 7.47549e-07 0
 2.72043 3.00034e-07 1.6077e-06 6.28071e-07 7.53829e-07 0
 2.72609 3.00728e-07 1.62213e-06 6.37785e-07 7.60139e-07 0
 2.73174 3.01424e-07 1.63666e-06 6.47705e-07 7.66477e-07 0
 2.73739 3.02124e-07 1.65128e-06 6.57836e-07 7.72843e-07 0
 2.74304 3.02827e-07 1.66599e-06 6.68183e-07 7.79233e-07 0
 2.7487 3.03536e-07 1.68079e-06 6.78753e-07 7.85648e-07 0
 2.75435 3.04252e-07 1.69567e-06 6.89551e-07 7.92084e-07 0
 2.76 3.04976e-07 1.71063e-06 7.00584e-07 7.9854e-07 0
 2.76565 3.0571e-07 1.72567e-06 7.11858e-07 8.05015e-07 0
 2.7713 3.06455e-07 1.74078e-06 7.2338e-07 8.11505e-07 0
 2.77696 3.07213e-07 1.75597e-06 7.35156e-07 8.18009e-07 0
 2.78261 3.07987e-07 1.77122e-06 7.47193e-07 8.24525e-07 0
 2.78826 3.08777e-07 1.78654e-06 7.59499e-07 8.31049e-07 0
 2.79391 3.09587e-07 1.80191e-06 7.7208e-07 8.37579e-07 0
 2.79957 3.10418e-07 1.81734e-06 7.84945e-07 8.44112e-07 0
 2.80522 3.11274e-07 1.83282e-06 7.98102e-07 8.50646e-07 0
 2.81087 3.12157e-07 1.84834e-06 8.11559e-07 8.57176e-07 0
 2.81652 3.13069e-07 1.86391e-06 8.25323e-07 8.637e-07 0
 2.82217 3.14015e-07 1.8795e-06 8.39405e-07 8.70214e-07 0
 2.82783 3.14997e-07 1.89513e-06 8.53812e-07 8.76715e-07 0
 2.83348 3.1602e-07 1.91077e-06 8.68554e-07 8.83197e-07 0
 2.83913 3.17086e-07 1.92643e-06 8.83641e-07 8.89658e-07 0
 2.84478 3.18201e-07 1.94209e-06 8.99082e-07 8.96093e-07 0
 2.85043 3.19368e-07 1.95775e-06 9.14889e-07 9.02498e-07 0
 2.85609 3.20592e-07 1.9734e-06 9.3107e-07 9.08867e-07 0
 2.86174 3.2188e-07 1.98904e-06 9.47638e-07 9.15195e-07 0
 2.86739 3.23235e-07 2.00465e-06 9.64603e-07 9.21477e-07 0
 2.87304 3.24664e-07 2.02022e-06 9.81978e-07 9.27709e-07 0
 2.8787 3.26172e-07 2.03574e-06 9.99773e-07 9.33883e-07 0
 2.88435 3.27768e-07 2.05121e-06 1.018e-06 9.39994e-07 0
 2.89 3.29457e-07 2.06661e-06 1.03668e-06 9.46036e-07 0
 2.89565 3.31247e-07 2.08193e-06 1.05581e-06 9.52003e-07 0
 2.9013 3.33147e-07 2.09716e-06 1.07542e-06 9.57887e-07 0
 2.90696 3.35164e-07 2.11229e-06 1.09552e-06 9.63681e-07 0
 2.91261 3.37309e-07 2.1273e-06 1.11612e-06 9.69379e-07 0
 2.91826 3.3959e-07 2.14218e-06 1.13724e-06 9.74972e-07 0
 2.92391 3.42018e-07 2.15691e-06 1.15889e-06 9.80453e-07 0
 2.92957 3.44604e-07 2.17148e-06 1.18109e-06 9.85815e-07 0
 2.93522 3.47359e-07 2.18588e-06 1.20386e-06 9.91048e-07 0
 2.94087 3.50297e-07 2.20008e-06 1.22722e-06 9.96144e-07 0
 2.94652 3.53431e-07 2.21408e-06 1.25117e-06 1.0011e-06 0
 2.95217 3.56774e-07 2.22784e-06 1.27575e-06 1.00589e-06 0
 2.95783 3.60341e-07 2.24135e-06 1.30097e-06 1.01053e-06 0
 2.96348 3.64148e-07 2.2546e-06 1.32686e-06 1.01499e-06 0
 2.96913 3.68212e-07 2.26755e-06 1.35342e-06 1.01927e-06 0
 2.97478 3.72551e-07 2.28019e-06 1.38069e-06 1.02336e-06 0
 2.98043 3.77184e-07 2.2925e-06 1.40869e-06 1.02725e-06 0
 2.98609 3.82129e-07 2.30445e-06 1.43744e-06 1.03093e-06 0
 2.99174 3.8741e-07 2.31601e-06 1.46697e-06 1.03439e-06 0
 2.99739 3.93047e-07 2.32716e-06 1.4973e-06 1.03763e-06 0
 3.00304 3.99065e-07 2.33788e-06 1.52846e-06 1.04062e-06 0
 3.0087 4.05488e-07 2.34812e-06 1.56048e-06 1.04337e-06 0
 3.01435 4.12342e-07 2.35788e-06 1.59338e-06 1.04587e-06 0
 3.02 4.19656e-07 2.36711e-06 1.6272e-06 1.04809e-06 0
 3.02565 4.27458e-07 2.37578e-06 1.66196e-06 1.05004e-06 0
 3.0313 4.3578e-07 2.38387e-06 1.6977e-06 1.05171e-06 0
 3.03696 4.44653e-07 2.39135e-06 1.73446e-06 1.05308e-06 0
 3.04261 4.54111e-07 2.39818e-06 1.77227e-06 1.05415e-06 0
 3.04826 4.6419e-07 2.40434e-06 1.81116e-06 1.0549e-06 0
 3.05391 4.74927e-07 2.40979e-06 1.85118e-06 1.05533e-06 0
 3.05957 4.86362e-07 2.41451e-06 1.89236e-06 1.05542e-06 0
 3.06522 4.98537e-07 2.41846e-06 1.93475e-06 1.05517e-06 0
 3.07087 5.11494e-07 2.42161e-06 1.9784e-06 1.05456e-06 0
 3.07652 5.25279e-07 2.42394e-06 2.02334e-06 1.05359e-06 0
 3.08217 5.39943e-07 2.42542e-06 2.06963e-06 1.05224e-06 0
 3.08783 5.55536e-07 2.42602e-06 2.11731e-06 1.05051e-06 0
 3.09348 5.72114e-07 2.42572e-06 2.16643e-06 1.04839e-06 0
 3.09913 5.89734e-07 2.42447e-06 2.21706e-06 1.04587e-06 0
 3.10478 6.08456e-07 2.42227e-06 2.26923e-06 1.04295e-06 0
 3.11043 6.28342e-07 2.41908e-06 2.32303e-06 1.03964e-06 0
 3.11609 6.49453e-07 2.41489e-06 2.37849e-06 1.03592e-06 0
 3.12174 6.71851e-07 2.40969e-06 2.43569e-06 1.0318e-06 0
 3.12739 6.956e-07 2.40345e-06 2.49469e-06 1.02729e-06 0
 3.13304 7.20765e-07 2.39618e-06 2.55557e-06 1.02239e-06 0
 3.1387 7.47411e-07 2.38786e-06 2.61839e-06 1.0171e-06 0
 3.14435 7.75606e-07 2.37849e-06 2.68322e-06 1.01144e-06 0
 3.15 8.05419e-07 2.36808e-06 2.75015e-06 1.00541e-06 0
 3.15565 8.36919e-07 2.35662e-06 2.81923e-06 9.99033e-07 0
 3.1613 8.70176e-07 2.34413e-06 2.89056e-06 9.92325e-07 0
 3.16696 9.05258e-07 2.33063e-06 2.96421e-06 9.8531e-07 0
 3.17261 9.42233e-07 2.31613e-06 3.04025e-06 9.78017e-07 0
 3.17826 9.81165e-07 2.30067e-06 3.11875e-06 9.70482e-07 0
 3.18391 1.02212e-06 2.28428e-06 3.19981e-06 9.62743e-07 0
 3.18957 1.06515e-06 2.26701e-06 3.28347e-06 9.5485e-07 0
 3.19522 1.1103e-06 2.24893e-06 3.36982e-06 9.46857e-07 0
 3.20087 1.15763e-06 2.23011e-06 3.4589e-06 9.38827e-07 0
 3.20652 1.20716e-06 2.21063e-06 3.55077e-06 9.30835e-07 0
 3.21217 1.25891e-06 2.19059e-06 3.64546e-06 9.22963e-07 0
 3.21783 1.31289e-06 2.17013e-06 3.74299e-06 9.15308e-07 0
 3.22348 1.36909e-06 2.14938e-06 3.84337e-06 9.07978e-07 0
 3.22913 1.42749e-06 2.12851e-06 3.94658e-06 9.01097e-07 0
 3.23478 1.48802e-06 2.10773e-06 4.05255e-06 8.94805e-07 0
 3.24043 1.5506e-06 2.08726e-06 4.16122e-06 8.89264e-07 0
 3.24609 1.61513e-06 2.06738e-06 4.27244e-06 8.84653e-07 0
 3.25174 1.68145e-06 2.04841e-06 4.38604e-06 8.81181e-07 0
 3.25739 1.74939e-06 2.03072e-06 4.50177e-06 8.79083e-07 0
 3.26304 1.81871e-06 2.01474e-06 4.61932e-06 8.78627e-07 0
 3.2687 1.88916e-06 2.00099e-06 4.73829e-06 8.80123e-07 0
 3.27435 1.96042e-06 1.99008e-06 4.85819e-06 8.83925e-07 0
 3.28 2.03213e-06 1.98273e-06 4.97841e-06 8.90443e-07 0
 3.28565 2.1039e-06 1.97979e-06 5.09823e-06 9.00155e-07 0
 3.2913 2.17529e-06 1.98229e-06 5.21676e-06 9.13616e-07 0
 3.29696 2.24585e-06 1.99145e-06 5.33299e-06 9.31481e-07 0
 3.30261 2.31512e-06 2.00875e-06 5.44569e-06 9.54527e-07 0
 3.30826 2.38265e-06 2.03601e-06 5.55346e-06 9.83677e-07 0
 3.31391 2.44804e-06 2.07541e-06 5.65468e-06 1.02004e-06 0
 3.31957 2.511e-06 2.12966e-06 5.74748e-06 1.06496e-06 0
 3.32522 2.57135e-06 2.20207e-06 5.82976e-06 1.12005e-06 0
 3.33087 2.62915e-06 2.29672e-06 5.89912e-06 1.18731e-06 0
 3.33652 2.68475e-06 2.41867e-06 5.95287e-06 1.26912e-06 0
 3.34217 2.73889e-06 2.5741e-06 5.98801e-06 1.36843e-06 0
 3.34783 2.79278e-06 2.77055e-06 6.0012e-06 1.48876e-06 0
 3.35348 2.84819e-06 3.01708e-06 5.98878e-06 1.63427e-06 0
 3.35913 2.90753e-06 3.32431e-06 5.94679e-06 1.80977e-06 0
 3.36478 2.97379e-06 3.70423e-06 5.87109e-06 2.02058e-06 0
 3.37043 3.05042e-06 4.16941e-06 5.75759e-06 2.27205e-06 0
 3.37609 3.14091e-06 4.7315e-06 5.60271e-06 2.56882e-06 0
 3.38174 3.24807e-06 5.39837e-06 5.40413e-06 2.91333e-06 0
 3.38739 3.37284e-06 6.16982e-06 5.162e-06 3.30377e-06 0
 3.39304 3.51276e-06 7.03195e-06 4.88031e-06 3.73141e-06 0
 3.3987 3.66049e-06 7.95182e-06 4.5684e-06 4.17834e-06 0
 3.40435 3.80307e-06 8.87524e-06 4.24135e-06 4.61676e-06 0
 3.41 3.92306e-06 9.73144e-06 3.91879e-06 5.01187e-06 0
 3.41565 4.00198e-06 1.04462e-05 3.62132e-06 5.32865e-06 0
 3.4213 4.02514e-06 1.09602e-05 3.36566e-06 5.5407e-06 0
 3.42696 3.98576e-06 1.1244e-05 3.16064e-06 5.63715e-06 0
 3.43261 3.88623e-06 1.13024e-05 3.00601e-06 5.62409e-06 0
 3.43826 3.73637e-06 1.11678e-05 2.89424e-06 5.52054e-06 0
 3.44391 3.54983e-06 1.08862e-05 2.81402e-06 5.35161e-06 0
 3.44957 3.34071e-06 1.05054e-05 2.75354e-06 5.14229e-06 0
 3.45522 3.12131e-06 1.00669e-05 2.70258e-06 4.91347e-06 0
 3.46087 2.90126e-06 9.60349e-06 2.65332e-06 4.68025e-06 0
 3.46652 2.68741e-06 9.13928e-06 2.60031e-06 4.45229e-06 0
 3.47217 2.48432e-06 8.6906e-06 2.54002e-06 4.23504e-06 0
 3.47783 2.29474e-06 8.26721e-06 2.47024e-06 4.03126e-06 0
 3.48348 2.12014e-06 7.87384e-06 2.38968e-06 3.84205e-06 0
 3.48913 1.9611e-06 7.51159e-06 2.29756e-06 3.66744e-06 0
 3.49478 1.81757e-06 7.17916e-06 2.19343e-06 3.50667e-06 0
 3.50043 1.68901e-06 6.87347e-06 2.07717e-06 3.35827e-06 0
 3.50609 1.57455e-06 6.58996e-06 1.94923e-06 3.22006e-06 0
 3.51174 1.47305e-06 6.32262e-06 1.81117e-06 3.08914e-06 0
 3.51739 1.38346e-06 6.0644e-06 1.66674e-06 2.96198e-06 0
 3.52304 1.30571e-06 5.80868e-06 1.52324e-06 2.83528e-06 0
 3.5287 1.24254e-06 5.55313e-06 1.39223e-06 2.70795e-06 0
 3.53435 1.20103e-06 5.30422e-06 1.28697e-06 2.58361e-06 0
 3.54 1.19018e-06 5.07596e-06 1.2156e-06 2.46988e-06 0
 3.54565 1.21229e-06 4.87783e-06 1.17435e-06 2.37189e-06 0
 3.5513 1.25637e-06 4.70383e-06 1.14699e-06 2.28609e-06 0
 3.55696 1.30549e-06 4.53579e-06 1.11162e-06 2.2019e-06 0
 3.56261 1.35094e-06 4.3553e-06 1.05329e-06 2.10879e-06 0
 3.56826 1.39432e-06 4.15384e-06 9.72576e-07 2.00236e-06 0
 3.57391 1.43867e-06 3.93569e-06 8.82171e-07 1.88561e-06 0
 3.57957 1.48351e-06 3.71286e-06 7.98073e-07 1.76565e-06 0
 3.58522 1.52648e-06 3.49723e-06 7.32858e-07 1.64921e-06 0
 3.59087 1.56604e-06 3.29586e-06 6.93143e-07 1.54016e-06 0
 3.59652 1.60241e-06 3.11085e-06 6.8057e-07 1.43949e-06 0
 3.60217 1.63704e-06 2.94101e-06 6.94424e-07 1.34646e-06 0
 3.60783 1.67174e-06 2.78349e-06 7.34149e-07 1.25943e-06 0
 3.61348 1.70807e-06 2.6346e-06 8.01143e-07 1.17644e-06 0
 3.61913 1.74696e-06 2.48997e-06 8.99918e-07 1.09536e-06 0
 3.62478 1.78836e-06 2.34459e-06 1.0389e-06 1.01393e-06 0
 3.63043 1.83098e-06 2.19262e-06 1.231e-06 9.29837e-07 0
 3.63609 1.8717e-06 2.02773e-06 1.49358e-06 8.41008e-07 0
 3.64174 1.90474e-06 1.84425e-06 1.84695e-06 7.46369e-07 0
 3.64739 1.92047e-06 1.63993e-06 2.30966e-06 6.47279e-07 0
 3.65304 1.90432e-06 1.42057e-06 2.88862e-06 5.49527e-07 0
 3.6587 1.83754e-06 1.2047e-06 3.56465e-06 4.64669e-07 0
 3.66435 1.70348e-06 1.02319e-06 4.28115e-06 4.08312e-07 0
 3.67 1.50094e-06 9.09607e-07 4.95028e-06 3.9421e-07 0
 3.67565 1.25621e-06 8.86192e-07 5.48362e-06 4.27912e-07 0
 3.6813 1.01916e-06 9.57754e-07 5.83042e-06 5.05961e-07 0
 3.68696 8.42772e-07 1.11774e-06 5.99359e-06 6.21169e-07 0
 3.69261 7.6526e-07 1.35873e-06 6.01485e-06 7.68598e-07 0
 3.69826 8.0779e-07 1.67938e-06 5.94767e-06 9.48359e-07 0
 3.70391 9.83186e-07 2.08677e-06 5.83785e-06 1.16553e-06 0
 3.70957 1.30568e-06 2.59578e-06 5.71627e-06 1.42889e-06 0
 3.71522 1.79645e-06 3.22666e-06 5.59906e-06 1.74927e-06 0
 3.72087 2.48335e-06 4.00035e-06 5.48976e-06 2.13705e-06 0
 3.72652 3.39285e-06 4.92949e-06 5.38017e-06 2.59766e-06 0
 3.73217 4.53057e-06 6.00284e-06 5.24896e-06 3.1237e-06 0
 3.73783 5.84821e-06 7.16257e-06 5.05896e-06 3.68382e-06 0
 3.74348 7.20816e-06 8.28396e-06 4.75871e-06 4.21341e-06 0
 3.74913 8.38317e-06 9.18301e-06 4.29929e-06 4.6204e-06 0
 3.75478 9.13613e-06 9.68056e-06 3.67021e-06 4.81941e-06 0
 3.76043 9.35148e-06 9.69965e-06 2.92733e-06 4.77989e-06 0
 3.76609 9.09545e-06 9.30788e-06 2.17326e-06 4.54341e-06 0
 3.77174 8.54434e-06 8.66113e-06 1.50232e-06 4.19171e-06 0
 3.77739 7.87214e-06 7.91497e-06 9.63982e-07 3.80201e-06 0
 3.78304 7.19383e-06 7.17707e-06 5.65007e-07 3.42515e-06 0
 3.7887 6.56619e-06 6.50517e-06 2.89279e-07 3.08642e-06 0
 3.79435 6.00859e-06 5.92292e-06 1.14963e-07 2.7946e-06 0
 3.8 5.52128e-06 5.43484e-06 2.35939e-08 2.5502e-06 0
