 Energy(eV)     NN_101     NN_0-11     NN_-101     NN_011     NN_000
 2.8 1.45543e-06 4.6877e-06 2.71057e-06 4.92534e-06 3.32732e-06
 2.805 1.47544e-06 4.78692e-06 2.75091e-06 4.98312e-06 3.36003e-06
 2.81 1.49586e-06 4.88912e-06 2.79209e-06 5.04129e-06 3.39306e-06
 2.815 1.51672e-06 4.99438e-06 2.83415e-06 5.09983e-06 3.42644e-06
 2.82 1.53803e-06 5.10282e-06 2.87709e-06 5.15873e-06 3.46016e-06
 2.825 1.5598e-06 5.21452e-06 2.92096e-06 5.21796e-06 3.49422e-06
 2.83 1.58206e-06 5.32958e-06 2.96579e-06 5.27748e-06 3.52863e-06
 2.835 1.60481e-06 5.44812e-06 3.01161e-06 5.33727e-06 3.5634e-06
 2.84 1.62807e-06 5.57022e-06 3.05845e-06 5.39729e-06 3.59852e-06
 2.845 1.65186e-06 5.69601e-06 3.10634e-06 5.4575e-06 3.634e-06
 2.85 1.6762e-06 5.82558e-06 3.15533e-06 5.51786e-06 3.66984e-06
 2.855 1.7011e-06 5.95905e-06 3.20546e-06 5.57834e-06 3.70605e-06
 2.86 1.72659e-06 6.09651e-06 3.25675e-06 5.63887e-06 3.74262e-06
 2.865 1.75269e-06 6.23809e-06 3.30927e-06 5.69942e-06 3.77957e-06
 2.87 1.77941e-06 6.38389e-06 3.36305e-06 5.75993e-06 3.81689e-06
 2.875 1.80679e-06 6.53401e-06 3.41815e-06 5.82035e-06 3.85459e-06
 2.88 1.83484e-06 6.68858e-06 3.47461e-06 5.8806e-06 3.89266e-06
 2.885 1.86358e-06 6.84768e-06 3.53249e-06 5.94064e-06 3.93112e-06
 2.89 1.89305e-06 7.01144e-06 3.59184e-06 6.00038e-06 3.96997e-06
 2.895 1.92326e-06 7.17994e-06 3.65274e-06 6.05977e-06 4.0092e-06
 2.9 1.95424e-06 7.3533e-06 3.71523e-06 6.11871e-06 4.04881e-06
 2.905 1.98603e-06 7.5316e-06 3.7794e-06 6.17713e-06 4.08882e-06
 2.91 2.01864e-06 7.71494e-06 3.84531e-06 6.23495e-06 4.12922e-06
 2.915 2.05212e-06 7.9034e-06 3.91305e-06 6.29208e-06 4.17001e-06
 2.92 2.08649e-06 8.09707e-06 3.9827e-06 6.34841e-06 4.2112e-06
 2.925 2.12178e-06 8.29601e-06 4.05434e-06 6.40386e-06 4.25278e-06
 2.93 2.15803e-06 8.50029e-06 4.12807e-06 6.45832e-06 4.29475e-06
 2.935 2.19527e-06 8.70995e-06 4.204e-06 6.51169e-06 4.33712e-06
 2.94 2.23353e-06 8.92506e-06 4.28223e-06 6.56386e-06 4.37988e-06
 2.945 2.27287e-06 9.14562e-06 4.36289e-06 6.61471e-06 4.42303e-06
 2.95 2.3133e-06 9.37166e-06 4.44609e-06 6.66413e-06 4.46658e-06
 2.955 2.35489e-06 9.60319e-06 4.53198e-06 6.712e-06 4.51052e-06
 2.96 2.39766e-06 9.84017e-06 4.6207e-06 6.75821e-06 4.55484e-06
 2.965 2.44166e-06 1.00826e-05 4.7124e-06 6.80262e-06 4.59955e-06
 2.97 2.48694e-06 1.03304e-05 4.80725e-06 6.84514e-06 4.64465e-06
 2.975 2.53354e-06 1.05835e-05 4.90544e-06 6.88563e-06 4.69012e-06
 2.98 2.58153e-06 1.08418e-05 5.00715e-06 6.92398e-06 4.73596e-06
 2.985 2.63095e-06 1.11052e-05 5.11259e-06 6.96009e-06 4.78218e-06
 2.99 2.68186e-06 1.13735e-05 5.22197e-06 6.99385e-06 4.82876e-06
 2.995 2.73433e-06 1.16466e-05 5.33554e-06 7.02516e-06 4.8757e-06
 3 2.78841e-06 1.19243e-05 5.45353e-06 7.05395e-06 4.92299e-06
 3.005 2.8442e-06 1.22064e-05 5.5762e-06 7.08016e-06 4.97062e-06
 3.01 2.90176e-06 1.24927e-05 5.70382e-06 7.10372e-06 5.01859e-06
 3.015 2.96118e-06 1.27828e-05 5.83666e-06 7.12462e-06 5.06689e-06
 3.02 3.02257e-06 1.30766e-05 5.97501e-06 7.14285e-06 5.11551e-06
 3.025 3.08604e-06 1.33738e-05 6.11916e-06 7.15844e-06 5.16445e-06
 3.03 3.15171e-06 1.36741e-05 6.26938e-06 7.17144e-06 5.21368e-06
 3.035 3.21972e-06 1.39772e-05 6.42594e-06 7.18194e-06 5.2632e-06
 3.04 3.29025e-06 1.42831e-05 6.58909e-06 7.19008e-06 5.31301e-06
 3.045 3.36347e-06 1.45915e-05 6.75905e-06 7.19601e-06 5.36308e-06
 3.05 3.4396e-06 1.49022e-05 6.936e-06 7.19994e-06 5.41341e-06
 3.055 3.51887e-06 1.52154e-05 7.12005e-06 7.20211e-06 5.46398e-06
 3.06 3.60155e-06 1.55309e-05 7.31127e-06 7.20277e-06 5.51477e-06
 3.065 3.68795e-06 1.5849e-05 7.50963e-06 7.20221e-06 5.56577e-06
 3.07 3.77839e-06 1.617e-05 7.71501e-06 7.20071e-06 5.61697e-06
 3.075 3.87323e-06 1.64943e-05 7.9272e-06 7.19855e-06 5.66833e-06
 3.08 3.97287e-06 1.68223e-05 8.14589e-06 7.19597e-06 5.71984e-06
 3.085 4.07769e-06 1.71548e-05 8.37068e-06 7.19318e-06 5.77145e-06
 3.09 4.18812e-06 1.74924e-05 8.60107e-06 7.19029e-06 5.82315e-06
 3.095 4.30457e-06 1.78358e-05 8.83653e-06 7.18734e-06 5.8749e-06
 3.1 4.42744e-06 1.81859e-05 9.07649e-06 7.18427e-06 5.92664e-06
 3.105 4.55711e-06 1.85433e-05 9.3204e-06 7.18089e-06 5.97834e-06
 3.11 4.69392e-06 1.89086e-05 9.56777e-06 7.17692e-06 6.02994e-06
 3.115 4.83817e-06 1.92821e-05 9.8182e-06 7.17196e-06 6.08138e-06
 3.12 4.9901e-06 1.96639e-05 1.00714e-05 7.16554e-06 6.13261e-06
 3.125 5.1499e-06 2.00541e-05 1.03274e-05 7.15712e-06 6.18357e-06
 3.13 5.31771e-06 2.04523e-05 1.05862e-05 7.14614e-06 6.23418e-06
 3.135 5.4936e-06 2.08578e-05 1.08481e-05 7.13206e-06 6.2844e-06
 3.14 5.67761e-06 2.12698e-05 1.11137e-05 7.11436e-06 6.33415e-06
 3.145 5.86974e-06 2.16872e-05 1.13836e-05 7.09259e-06 6.38338e-06
 3.15 6.06996e-06 2.21089e-05 1.16586e-05 7.06639e-06 6.43202e-06
 3.155 6.27822e-06 2.25335e-05 1.19398e-05 7.03551e-06 6.48002e-06
 3.16 6.49443e-06 2.29597e-05 1.2228e-05 6.99979e-06 6.52733e-06
 3.165 6.71854e-06 2.33861e-05 1.25245e-05 6.95922e-06 6.57388e-06
 3.17 6.95043e-06 2.38114e-05 1.28304e-05 6.91385e-06 6.61964e-06
 3.175 7.19e-06 2.42343e-05 1.31468e-05 6.86386e-06 6.66456e-06
 3.18 7.43712e-06 2.46536e-05 1.34748e-05 6.80953e-06 6.70859e-06
 3.185 7.69166e-06 2.50683e-05 1.38155e-05 6.75118e-06 6.75169e-06
 3.19 7.95341e-06 2.54774e-05 1.41699e-05 6.68924e-06 6.79381e-06
 3.195 8.22215e-06 2.58801e-05 1.45391e-05 6.62418e-06 6.83493e-06
 3.2 8.49759e-06 2.62756e-05 1.49238e-05 6.55651e-06 6.875e-06
 3.205 8.77937e-06 2.66634e-05 1.5325e-05 6.48681e-06 6.91399e-06
 3.21 9.06701e-06 2.7043e-05 1.57433e-05 6.41566e-06 6.95187e-06
 3.215 9.35996e-06 2.7414e-05 1.61793e-05 6.34369e-06 6.98862e-06
 3.22 9.65749e-06 2.77763e-05 1.66336e-05 6.27155e-06 7.02422e-06
 3.225 9.95873e-06 2.81296e-05 1.71063e-05 6.1999e-06 7.05867e-06
 3.23 1.02626e-05 2.84739e-05 1.75976e-05 6.12943e-06 7.09197e-06
 3.235 1.05678e-05 2.88092e-05 1.81074e-05 6.06083e-06 7.12416e-06
 3.24 1.08729e-05 2.91357e-05 1.86354e-05 5.99479e-06 7.15528e-06
 3.245 1.11759e-05 2.94535e-05 1.91806e-05 5.932e-06 7.18542e-06
 3.25 1.14748e-05 2.97627e-05 1.9742e-05 5.87312e-06 7.21472e-06
 3.255 1.1767e-05 3.00637e-05 2.03179e-05 5.81879e-06 7.24338e-06
 3.26 1.20497e-05 3.03564e-05 2.09059e-05 5.7696e-06 7.27166e-06
 3.265 1.23197e-05 3.06411e-05 2.1503e-05 5.72605e-06 7.29993e-06
 3.27 1.25734e-05 3.09176e-05 2.21052e-05 5.68852e-06 7.32867e-06
 3.275 1.2807e-05 3.11856e-05 2.27077e-05 5.65725e-06 7.35852e-06
 3.28 1.30164e-05 3.14447e-05 2.33045e-05 5.63229e-06 7.39026e-06
 3.285 1.31975e-05 3.16938e-05 2.38885e-05 5.61344e-06 7.42486e-06
 3.29 1.33465e-05 3.19316e-05 2.44513e-05 5.60022e-06 7.46349e-06
 3.295 1.34597e-05 3.21561e-05 2.49836e-05 5.59181e-06 7.50751e-06
 3.3 1.35347e-05 3.23646e-05 2.54754e-05 5.5871e-06 7.55848e-06
 3.305 1.35696e-05 3.2554e-05 2.59158e-05 5.58461e-06 7.61807e-06
 3.31 1.35645e-05 3.27203e-05 2.62943e-05 5.58259e-06 7.68803e-06
 3.315 1.35208e-05 3.2859e-05 2.66006e-05 5.57912e-06 7.77013e-06
 3.32 1.34422e-05 3.29654e-05 2.68256e-05 5.57217e-06 7.86599e-06
 3.325 1.33339e-05 3.30344e-05 2.6962e-05 5.55981e-06 7.97705e-06
 3.33 1.32028e-05 3.30613e-05 2.70044e-05 5.54034e-06 8.1044e-06
 3.335 1.30569e-05 3.30417e-05 2.69494e-05 5.51243e-06 8.24875e-06
 3.34 1.29049e-05 3.29724e-05 2.67956e-05 5.4752e-06 8.41037e-06
 3.345 1.27551e-05 3.28514e-05 2.6543e-05 5.42827e-06 8.58908e-06
 3.35 1.26152e-05 3.26783e-05 2.6192e-05 5.37161e-06 8.78426e-06
 3.355 1.24916e-05 3.24553e-05 2.57428e-05 5.30545e-06 8.9949e-06
 3.36 1.23894e-05 3.21868e-05 2.51947e-05 5.23002e-06 9.21959e-06
 3.365 1.23129e-05 3.18806e-05 2.45456e-05 5.14526e-06 9.45655e-06
 3.37 1.22655e-05 3.15477e-05 2.37925e-05 5.05058e-06 9.70359e-06
 3.375 1.22514e-05 3.12025e-05 2.29324e-05 4.94471e-06 9.95803e-06
 3.38 1.22764e-05 3.08629e-05 2.19643e-05 4.82566e-06 1.02167e-05
 3.385 1.23495e-05 3.05489e-05 2.08922e-05 4.69105e-06 1.04762e-05
 3.39 1.24832e-05 3.02814e-05 1.97282e-05 4.53865e-06 1.07327e-05
 3.395 1.26935e-05 3.00794e-05 1.84946e-05 4.36732e-06 1.09828e-05
 3.4 1.29986e-05 2.99581e-05 1.72249e-05 4.17789e-06 1.12244e-05
 3.405 1.34158e-05 2.99267e-05 1.59618e-05 3.97372e-06 1.14567e-05
 3.41 1.39589e-05 2.99877e-05 1.47519e-05 3.76066e-06 1.16812e-05
 3.415 1.46354e-05 3.01383e-05 1.36403e-05 3.54624e-06 1.19019e-05
 3.42 1.5446e-05 3.03721e-05 1.26647e-05 3.33824e-06 1.2124e-05
 3.425 1.63854e-05 3.06808e-05 1.18536e-05 3.14343e-06 1.23543e-05
 3.43 1.74449e-05 3.10563e-05 1.12262e-05 2.96658e-06 1.25994e-05
 3.435 1.86141e-05 3.14906e-05 1.07955e-05 2.81016e-06 1.28659e-05
 3.44 1.98829e-05 3.19759e-05 1.05732e-05 2.67463e-06 1.31598e-05
 3.445 2.12412e-05 3.25034e-05 1.05744e-05 2.5589e-06 1.34861e-05
 3.45 2.26776e-05 3.30625e-05 1.08223e-05 2.46093e-06 1.38497e-05
 3.455 2.41764e-05 3.36396e-05 1.13524e-05 2.37804e-06 1.42543e-05
 3.46 2.57143e-05 3.42176e-05 1.22154e-05 2.30735e-06 1.47034e-05
 3.465 2.72554e-05 3.47756e-05 1.34763e-05 2.24645e-06 1.51991e-05
 3.47 2.87491e-05 3.52894e-05 1.52072e-05 2.19543e-06 1.5742e-05
 3.475 3.01317e-05 3.57339e-05 1.74716e-05 2.16068e-06 1.633e-05
 3.48 3.13379e-05 3.60876e-05 2.03029e-05 2.16041e-06 1.69568e-05
 3.485 3.23186e-05 3.63407e-05 2.36859e-05 2.22861e-06 1.76104e-05
 3.49 3.30584e-05 3.65072e-05 2.75541e-05 2.40977e-06 1.82701e-05
 3.495 3.35852e-05 3.66332e-05 3.17985e-05 2.73515e-06 1.89051e-05
 3.5 3.39701e-05 3.67888e-05 3.62674e-05 3.18898e-06 1.94752e-05
 3.505 3.4318e-05 3.70423e-05 4.07627e-05 3.70697e-06 1.99388e-05
 3.51 3.47506e-05 3.74484e-05 4.50721e-05 4.22381e-06 2.02619e-05
 3.515 3.53904e-05 3.80619e-05 4.90346e-05 4.71069e-06 2.04214e-05
 3.52 3.63453e-05 3.89428e-05 5.25942e-05 5.16703e-06 2.04003e-05
 3.525 3.76884e-05 4.01444e-05 5.58171e-05 5.59674e-06 2.01801e-05
 3.53 3.94338e-05 4.16977e-05 5.88746e-05 5.99395e-06 1.9734e-05
 3.535 4.15123e-05 4.3603e-05 6.20029e-05 6.33852e-06 1.90266e-05
 3.54 4.37465e-05 4.58268e-05 6.54387e-05 6.59747e-06 1.80228e-05
 3.545 4.58315e-05 4.83031e-05 6.93272e-05 6.73177e-06 1.67085e-05
 3.55 4.73449e-05 5.09436e-05 7.36053e-05 6.71015e-06 1.51189e-05
 3.555 4.78301e-05 5.36644e-05 7.79082e-05 6.52819e-06 1.33628e-05
 3.56 4.69727e-05 5.64319e-05 8.16152e-05 6.22402e-06 1.16182e-05
 3.565 4.4797e-05 5.92992e-05 8.411e-05 5.87555e-06 1.00863e-05
 3.57 4.17168e-05 6.23993e-05 8.51314e-05 5.57388e-06 8.92036e-06
 3.575 3.83649e-05 6.58867e-05 8.4926e-05 5.3897e-06 8.18223e-06
 3.58 3.53348e-05 6.98713e-05 8.40879e-05 5.35758e-06 7.85367e-06
 3.585 3.30222e-05 7.43838e-05 8.32631e-05 5.48339e-06 7.87939e-06
 3.59 3.16137e-05 7.93779e-05 8.29362e-05 5.76186e-06 8.20396e-06
 3.595 3.11494e-05 8.47455e-05 8.33561e-05 6.19169e-06 8.78722e-06
 3.6 3.15895e-05 9.03331e-05 8.45492e-05 6.78472e-06 9.60304e-06
 3.605 3.28541e-05 9.59526e-05 8.63632e-05 7.57055e-06 1.06307e-05
 3.61 3.48388e-05 0.00010139 8.85146e-05 8.59829e-06 1.18449e-05
 3.615 3.74143e-05 0.00010641 9.06401e-05 9.93548e-06 1.32068e-05
 3.62 4.04212e-05 0.000110761 9.23542e-05 1.16628e-05 1.46575e-05
 3.625 4.3667e-05 0.000114175 9.33143e-05 1.38621e-05 1.61159e-05
 3.63 4.6933e-05 0.000116366 9.3282e-05 1.65961e-05 1.74802e-05
 3.635 4.99936e-05 0.000117042 9.21648e-05 1.9879e-05 1.86368e-05
 3.64 5.26466e-05 0.000115941 9.00236e-05 2.36449e-05 1.94764e-05
 3.645 5.4745e-05 0.000112912 8.70452e-05 2.77262e-05 1.99151e-05
 3.65 5.62165e-05 0.000108011 8.34931e-05 3.18611e-05 1.99159e-05
 3.655 5.70617e-05 0.000101572 7.96588e-05 3.57401e-05 1.95017e-05
 3.66 5.73358e-05 9.4171e-05 7.58262e-05 3.90793e-05 1.87513e-05
 3.665 5.71255e-05 8.64823e-05 7.22482e-05 4.16822e-05 1.77789e-05
 3.67 5.65309e-05 7.91016e-05 6.91279e-05 4.34621e-05 1.6707e-05
 3.675 5.56526e-05 7.2416e-05 6.66061e-05 4.44227e-05 1.56425e-05
 3.68 5.45816e-05 6.65716e-05 6.47594e-05 4.46225e-05 1.46637e-05
 3.685 5.33937e-05 6.15162e-05 6.36109e-05 4.41456e-05 1.38166e-05
 3.69 5.21475e-05 5.708e-05 6.31477e-05 4.30884e-05 1.31191e-05
 3.695 5.08879e-05 5.30566e-05 6.33388e-05 4.15578e-05 1.25683e-05
 3.7 4.96495e-05 4.92656e-05 6.41451e-05 3.967e-05 1.21497e-05
 3.705 4.84582e-05 4.55861e-05 6.55205e-05 3.75448e-05 1.18469e-05
 3.71 4.73272e-05 4.19627e-05 6.74056e-05 3.52957e-05 1.16481e-05
 3.715 4.62494e-05 3.83927e-05 6.97179e-05 3.30213e-05 1.15488e-05
 3.72 4.51901e-05 3.4906e-05 7.2339e-05 3.08002e-05 1.15498e-05
 3.725 4.40845e-05 3.15489e-05 7.51044e-05 2.86928e-05 1.16529e-05
 3.73 4.28449e-05 2.83728e-05 7.77976e-05 2.67456e-05 1.18556e-05
 3.735 4.138e-05 2.54283e-05 8.01584e-05 2.49956e-05 1.21479e-05
 3.74 3.96224e-05 2.27599e-05 8.19115e-05 2.34721e-05 1.25117e-05
 3.745 3.75542e-05 2.04005e-05 8.28146e-05 2.21952e-05 1.29247e-05
 3.75 3.52198e-05 1.8366e-05 8.27138e-05 2.11716e-05 1.3366e-05
 3.755 3.27166e-05 1.66512e-05 8.15808e-05 2.03926e-05 1.38206e-05
 3.76 3.01693e-05 1.52312e-05 7.95141e-05 1.98351e-05 1.42818e-05
 3.765 2.7699e-05 1.4067e-05 7.67046e-05 1.94662e-05 1.47511e-05
 3.77 2.54013e-05 1.31123e-05 7.33846e-05 1.92498e-05 1.52358e-05
 3.775 2.33381e-05 1.23211e-05 6.978e-05 1.91518e-05 1.57467e-05
 3.78 2.15396e-05 1.16522e-05 6.60814e-05 1.91434e-05 1.62971e-05
 3.785 2.00128e-05 1.10708e-05 6.24316e-05 1.92026e-05 1.69014e-05
 3.79 1.875e-05 1.05498e-05 5.89267e-05 1.93134e-05 1.75762e-05
 3.795 1.77369e-05 1.00682e-05 5.56244e-05 1.94652e-05 1.83398e-05
 3.8 1.69574e-05 9.61095e-06 5.25533e-05 1.96518e-05 1.92137e-05
