 Energy(eV)     NS_101     NS_0-11     NS_-101     NS_011     NS_000
 3 3.70041e-06 2.75618e-07 3.21519e-06 5.36465e-07 0
 3.01 3.84173e-06 2.88335e-07 3.32532e-06 5.20126e-07 0
 3.02 3.97795e-06 3.04687e-07 3.43015e-06 5.01259e-07 0
 3.03 4.10502e-06 3.2532e-07 3.52637e-06 4.79995e-07 0
 3.04 4.21812e-06 3.50885e-07 3.61009e-06 4.5664e-07 0
 3.05 4.31177e-06 3.81976e-07 3.67695e-06 4.31715e-07 0
 3.06 4.3801e-06 4.19061e-07 3.72239e-06 4.05988e-07 0
 3.07 4.41727e-06 4.62394e-07 3.74198e-06 3.80487e-07 0
 3.08 4.41811e-06 5.11927e-07 3.73193e-06 3.56472e-07 0
 3.09 4.3788e-06 5.67236e-07 3.68966e-06 3.35374e-07 0
 3.1 4.29759e-06 6.2749e-07 3.61434e-06 3.18675e-07 0
 3.11 4.17531e-06 6.91478e-07 3.50724e-06 3.07766e-07 0
 3.12 4.0156e-06 7.57695e-07 3.37189e-06 3.03789e-07 0
 3.13 3.8247e-06 8.24488e-07 3.21379e-06 3.0751e-07 0
 3.14 3.6108e-06 8.90234e-07 3.0399e-06 3.19243e-07 0
 3.15 3.38317e-06 9.53502e-07 2.8579e-06 3.38848e-07 0
 3.16 3.15122e-06 1.01318e-06 2.67537e-06 3.65793e-07 0
 3.17 2.9236e-06 1.06853e-06 2.4992e-06 3.99267e-07 0
 3.18 2.70768e-06 1.11921e-06 2.33508e-06 4.38311e-07 0
 3.19 2.50919e-06 1.16524e-06 2.18736e-06 4.81939e-07 0
 3.2 2.33226e-06 1.2069e-06 2.05908e-06 5.29236e-07 0
 3.21 2.17954e-06 1.24468e-06 1.95207e-06 5.79431e-07 0
 3.22 2.05251e-06 1.27922e-06 1.86727e-06 6.31933e-07 0
 3.23 1.95176e-06 1.31126e-06 1.80496e-06 6.86345e-07 0
 3.24 1.87728e-06 1.34158e-06 1.76496e-06 7.42478e-07 0
 3.25 1.82875e-06 1.37102e-06 1.74693e-06 8.00338e-07 0
 3.26 1.80568e-06 1.40044e-06 1.75041e-06 8.60132e-07 0
 3.27 1.80758e-06 1.43081e-06 1.77501e-06 9.2227e-07 0
 3.28 1.83405e-06 1.46317e-06 1.82045e-06 9.87382e-07 0
 3.29 1.88478e-06 1.49871e-06 1.88657e-06 1.05635e-06 0
 3.3 1.95959e-06 1.53884e-06 1.9733e-06 1.13035e-06 0
 3.31 2.05826e-06 1.58523e-06 2.08061e-06 1.21094e-06 0
 3.32 2.18049e-06 1.63995e-06 2.20834e-06 1.30018e-06 0
 3.33 2.32553e-06 1.70551e-06 2.356e-06 1.40077e-06 0
 3.34 2.49196e-06 1.78502e-06 2.52244e-06 1.51622e-06 0
 3.35 2.67714e-06 1.88226e-06 2.70546e-06 1.65116e-06 0
 3.36 2.87683e-06 2.00184e-06 2.90141e-06 1.81152e-06 0
 3.37 3.08477e-06 2.14925e-06 3.10481e-06 2.00475e-06 0
 3.38 3.29262e-06 2.33099e-06 3.3083e-06 2.23996e-06 0
 3.39 3.49056e-06 2.55485e-06 3.50315e-06 2.52778e-06 0
 3.4 3.66865e-06 2.83039e-06 3.68048e-06 2.88002e-06 0
 3.41 3.81892e-06 3.17003e-06 3.83314e-06 3.30909e-06 0
 3.42 3.93752e-06 3.59087e-06 3.95768e-06 3.82726e-06 0
 3.43 4.02609e-06 4.1172e-06 4.05559e-06 4.4454e-06 0
 3.44 4.09149e-06 4.78277e-06 4.13311e-06 5.16976e-06 0
 3.45 4.14404e-06 5.63034e-06 4.19961e-06 5.99338e-06 0
 3.46 4.19556e-06 6.70452e-06 4.26616e-06 6.87979e-06 0
 3.47 4.26154e-06 8.04087e-06 4.34806e-06 7.7575e-06 0
 3.48 4.37436e-06 9.68248e-06 4.47682e-06 8.60686e-06 0
 3.49 4.60087e-06 1.17338e-05 4.71298e-06 9.67061e-06 0
 3.5 5.01292e-06 1.41642e-05 5.11603e-06 1.12237e-05 0
 3.51 5.60987e-06 1.65644e-05 5.67307e-06 1.27993e-05 0
 3.52 6.28643e-06 1.89964e-05 6.27214e-06 1.40399e-05 0
 3.53 6.86831e-06 2.17208e-05 6.74532e-06 1.4957e-05 0
 3.54 7.23872e-06 2.44851e-05 6.98117e-06 1.51556e-05 0
 3.55 7.44263e-06 2.66907e-05 7.02663e-06 1.39885e-05 0
 3.56 7.66599e-06 2.79002e-05 7.08402e-06 1.13092e-05 0
 3.57 8.11515e-06 2.82856e-05 7.39123e-06 7.90018e-06 0
 3.58 8.91447e-06 2.85024e-05 8.09746e-06 4.94974e-06 0
 3.59 1.00954e-05 2.91846e-05 9.24264e-06 3.36275e-06 0
 3.6 1.16189e-05 3.06237e-05 1.07881e-05 3.62325e-06 0
 3.61 1.336e-05 3.26589e-05 1.26082e-05 5.88942e-06 0
 3.62 1.50652e-05 3.45935e-05 1.44399e-05 9.87401e-06 0
 3.63 1.63588e-05 3.52527e-05 1.58785e-05 1.45355e-05 0
 3.64 1.6887e-05 3.3541e-05 1.65239e-05 1.81667e-05 0
 3.65 1.6528e-05 2.93773e-05 1.62237e-05 1.94108e-05 0
 3.66 1.54619e-05 2.39814e-05 1.51637e-05 1.83548e-05 0
 3.67 1.40546e-05 1.90313e-05 1.37259e-05 1.63128e-05 0
 3.68 1.2667e-05 1.56632e-05 1.22753e-05 1.47256e-05 0
 3.69 1.15028e-05 1.41526e-05 1.10143e-05 1.44196e-05 0
 3.7 1.05807e-05 1.41061e-05 9.9688e-06 1.54605e-05 0
 3.71 9.79862e-06 1.47489e-05 9.05734e-06 1.72763e-05 0
 3.72 9.02078e-06 1.52114e-05 8.1774e-06 1.89302e-05 0
 3.73 8.16054e-06 1.4882e-05 7.27508e-06 1.95892e-05 0
 3.74 7.2252e-06 1.3672e-05 6.37005e-06 1.89857e-05 0
 3.75 6.28803e-06 1.19288e-05 5.52194e-06 1.74532e-05 0
 3.76 5.42456e-06 1.00969e-05 4.78028e-06 1.55507e-05 0
 3.77 4.67693e-06 8.47681e-06 4.16454e-06 1.37175e-05 0
 3.78 4.05667e-06 7.19104e-06 3.67295e-06 1.21776e-05 0
 3.79 3.56178e-06 6.24824e-06 3.29843e-06 1.09944e-05 0
 3.8 3.19215e-06 5.60842e-06 3.04097e-06 1.01468e-05 0
 3.81 2.96213e-06 5.22253e-06 2.91801e-06 9.57925e-06 0
 3.82 2.91518e-06 5.05522e-06 2.97751e-06 9.22186e-06 0
 3.83 3.14641e-06 5.10713e-06 3.31909e-06 8.9891e-06 0
 3.84 3.82773e-06 5.45405e-06 4.11406e-06 8.75474e-06 0
 3.85 5.14952e-06 6.28864e-06 5.53238e-06 8.3173e-06 0
 3.86 6.90845e-06 7.75467e-06 7.31872e-06 7.54285e-06 0
 3.87 8.18517e-06 9.43264e-06 8.54501e-06 6.85038e-06 0
 3.88 8.601e-06 1.07942e-05 8.90756e-06 6.49664e-06 0
 3.89 8.53387e-06 1.18096e-05 8.75626e-06 5.5978e-06 0
 3.9 8.04283e-06 1.23349e-05 8.08943e-06 4.01355e-06 0
 3.91 7.50904e-06 1.20469e-05 7.37688e-06 2.89744e-06 0
 3.92 7.54295e-06 1.10411e-05 7.42855e-06 3.53555e-06 0
 3.93 7.68288e-06 1.01019e-05 7.8341e-06 5.99108e-06 0
 3.94 7.1828e-06 1.03564e-05 7.66611e-06 8.86258e-06 0
 3.95 6.41392e-06 1.14925e-05 7.10553e-06 1.10571e-05 0
 3.96 5.69701e-06 1.19989e-05 6.44471e-06 1.21254e-05 0
 3.97 5.06311e-06 1.12961e-05 5.75559e-06 1.19366e-05 0
 3.98 4.63626e-06 9.75067e-06 5.24226e-06 1.08167e-05 0
 3.99 4.51773e-06 8.13899e-06 5.06361e-06 9.35278e-06 0
 4 4.61083e-06 6.9685e-06 5.1184e-06 7.98101e-06 0
