 Energy(eV)     NN_101     NN_0-11     NN_-101     NN_011     NN_000
 2.8 1.24987e-09 2.04059e-09 6.5813e-10 1.03936e-09 0
 2.805 1.26534e-09 2.06639e-09 6.66328e-10 1.0525e-09 0
 2.81 1.28107e-09 2.09261e-09 6.74662e-10 1.06586e-09 0
 2.815 1.29706e-09 2.11928e-09 6.83135e-10 1.07944e-09 0
 2.82 1.31331e-09 2.1464e-09 6.91749e-10 1.09326e-09 0
 2.825 1.32983e-09 2.17397e-09 7.00509e-10 1.10731e-09 0
 2.83 1.34663e-09 2.20202e-09 7.09417e-10 1.1216e-09 0
 2.835 1.36371e-09 2.23055e-09 7.18477e-10 1.13613e-09 0
 2.84 1.38109e-09 2.25957e-09 7.27693e-10 1.15092e-09 0
 2.845 1.39876e-09 2.2891e-09 7.37067e-10 1.16596e-09 0
 2.85 1.41673e-09 2.31914e-09 7.46605e-10 1.18127e-09 0
 2.855 1.43502e-09 2.34971e-09 7.56309e-10 1.19684e-09 0
 2.86 1.45363e-09 2.38083e-09 7.66184e-10 1.2127e-09 0
 2.865 1.47256e-09 2.4125e-09 7.76234e-10 1.22883e-09 0
 2.87 1.49182e-09 2.44474e-09 7.86464e-10 1.24526e-09 0
 2.875 1.51143e-09 2.47756e-09 7.96876e-10 1.26198e-09 0
 2.88 1.5314e-09 2.51098e-09 8.07477e-10 1.27901e-09 0
 2.885 1.55172e-09 2.54501e-09 8.18271e-10 1.29635e-09 0
 2.89 1.5724e-09 2.57966e-09 8.29262e-10 1.31401e-09 0
 2.895 1.59347e-09 2.61496e-09 8.40456e-10 1.33199e-09 0
 2.9 1.61492e-09 2.65092e-09 8.51858e-10 1.35031e-09 0
 2.905 1.63677e-09 2.68755e-09 8.63472e-10 1.36898e-09 0
 2.91 1.65903e-09 2.72488e-09 8.75305e-10 1.388e-09 0
 2.915 1.68171e-09 2.76292e-09 8.87363e-10 1.40739e-09 0
 2.92 1.70481e-09 2.80169e-09 8.9965e-10 1.42714e-09 0
 2.925 1.72835e-09 2.84121e-09 9.12173e-10 1.44728e-09 0
 2.93 1.75235e-09 2.8815e-09 9.24938e-10 1.46781e-09 0
 2.935 1.77681e-09 2.92257e-09 9.37952e-10 1.48874e-09 0
 2.94 1.80174e-09 2.96446e-09 9.51222e-10 1.51009e-09 0
 2.945 1.82716e-09 3.00718e-09 9.64753e-10 1.53186e-09 0
 2.95 1.85308e-09 3.05076e-09 9.78554e-10 1.55406e-09 0
 2.955 1.87952e-09 3.09521e-09 9.92632e-10 1.57672e-09 0
 2.96 1.90648e-09 3.14057e-09 1.00699e-09 1.59983e-09 0
 2.965 1.93399e-09 3.18685e-09 1.02165e-09 1.62342e-09 0
 2.97 1.96206e-09 3.23409e-09 1.0366e-09 1.6475e-09 0
 2.975 1.9907e-09 3.28231e-09 1.05187e-09 1.67207e-09 0
 2.98 2.01994e-09 3.33154e-09 1.06745e-09 1.69717e-09 0
 2.985 2.04978e-09 3.38181e-09 1.08336e-09 1.72279e-09 0
 2.99 2.08024e-09 3.43315e-09 1.0996e-09 1.74895e-09 0
 2.995 2.11135e-09 3.48558e-09 1.1162e-09 1.77568e-09 0
 3 2.14312e-09 3.53915e-09 1.13314e-09 1.80298e-09 0
 3.005 2.17557e-09 3.59388e-09 1.15046e-09 1.83088e-09 0
 3.01 2.20872e-09 3.64982e-09 1.16815e-09 1.85939e-09 0
 3.015 2.24259e-09 3.70699e-09 1.18623e-09 1.88853e-09 0
 3.02 2.27721e-09 3.76543e-09 1.20472e-09 1.91833e-09 0
 3.025 2.31259e-09 3.82519e-09 1.22361e-09 1.94879e-09 0
 3.03 2.34876e-09 3.8863e-09 1.24293e-09 1.97994e-09 0
 3.035 2.38575e-09 3.94881e-09 1.2627e-09 2.01181e-09 0
 3.04 2.42358e-09 4.01275e-09 1.28291e-09 2.04441e-09 0
 3.045 2.46227e-09 4.07818e-09 1.30359e-09 2.07776e-09 0
 3.05 2.50185e-09 4.14514e-09 1.32476e-09 2.1119e-09 0
 3.055 2.54236e-09 4.21369e-09 1.34642e-09 2.14685e-09 0
 3.06 2.58382e-09 4.28387e-09 1.36859e-09 2.18263e-09 0
 3.065 2.62626e-09 4.35573e-09 1.3913e-09 2.21927e-09 0
 3.07 2.66971e-09 4.42934e-09 1.41455e-09 2.2568e-09 0
 3.075 2.71422e-09 4.50475e-09 1.43838e-09 2.29525e-09 0
 3.08 2.7598e-09 4.58202e-09 1.46278e-09 2.33466e-09 0
 3.085 2.8065e-09 4.66121e-09 1.48779e-09 2.37504e-09 0
 3.09 2.85436e-09 4.74239e-09 1.51343e-09 2.41644e-09 0
 3.095 2.90342e-09 4.82564e-09 1.53972e-09 2.45889e-09 0
 3.1 2.95371e-09 4.91101e-09 1.56667e-09 2.50243e-09 0
 3.105 3.00529e-09 4.99859e-09 1.59432e-09 2.5471e-09 0
 3.11 3.05819e-09 5.08846e-09 1.62269e-09 2.59293e-09 0
 3.115 3.11247e-09 5.18069e-09 1.6518e-09 2.63997e-09 0
 3.12 3.16816e-09 5.27537e-09 1.68169e-09 2.68827e-09 0
 3.125 3.22533e-09 5.3726e-09 1.71237e-09 2.73786e-09 0
 3.13 3.28403e-09 5.47246e-09 1.74388e-09 2.7888e-09 0
 3.135 3.34432e-09 5.57506e-09 1.77625e-09 2.84114e-09 0
 3.14 3.40625e-09 5.68049e-09 1.80952e-09 2.89493e-09 0
 3.145 3.46988e-09 5.78888e-09 1.8437e-09 2.95022e-09 0
 3.15 3.53528e-09 5.90032e-09 1.87885e-09 3.00707e-09 0
 3.155 3.60252e-09 6.01493e-09 1.915e-09 3.06556e-09 0
 3.16 3.67167e-09 6.13286e-09 1.95219e-09 3.12572e-09 0
 3.165 3.74281e-09 6.25421e-09 1.99045e-09 3.18765e-09 0
 3.17 3.81601e-09 6.37914e-09 2.02984e-09 3.2514e-09 0
 3.175 3.89135e-09 6.50779e-09 2.0704e-09 3.31705e-09 0
 3.18 3.96893e-09 6.6403e-09 2.11217e-09 3.38468e-09 0
 3.185 4.04884e-09 6.77684e-09 2.1552e-09 3.45437e-09 0
 3.19 4.13116e-09 6.91758e-09 2.19955e-09 3.5262e-09 0
 3.195 4.21601e-09 7.0627e-09 2.24528e-09 3.60027e-09 0
 3.2 4.30348e-09 7.21238e-09 2.29244e-09 3.67668e-09 0
 3.205 4.3937e-09 7.36683e-09 2.34109e-09 3.75553e-09 0
 3.21 4.48678e-09 7.52624e-09 2.3913e-09 3.83691e-09 0
 3.215 4.58284e-09 7.69085e-09 2.44314e-09 3.92095e-09 0
 3.22 4.68203e-09 7.86087e-09 2.49669e-09 4.00777e-09 0
 3.225 4.78447e-09 8.03657e-09 2.55201e-09 4.09749e-09 0
 3.23 4.89032e-09 8.2182e-09 2.60919e-09 4.19024e-09 0
 3.235 4.99973e-09 8.40604e-09 2.66831e-09 4.28617e-09 0
 3.24 5.11286e-09 8.60037e-09 2.72947e-09 4.38543e-09 0
 3.245 5.22991e-09 8.80152e-09 2.79277e-09 4.48818e-09 0
 3.25 5.35104e-09 9.0098e-09 2.8583e-09 4.59458e-09 0
 3.255 5.47646e-09 9.22557e-09 2.92618e-09 4.70481e-09 0
 3.26 5.60638e-09 9.4492e-09 2.99652e-09 4.81907e-09 0
 3.265 5.74102e-09 9.68109e-09 3.06944e-09 4.93755e-09 0
 3.27 5.88061e-09 9.92165e-09 3.14508e-09 5.06048e-09 0
 3.275 6.02542e-09 1.01713e-08 3.22357e-09 5.18809e-09 0
 3.28 6.17571e-09 1.04306e-08 3.30507e-09 5.32061e-09 0
 3.285 6.33176e-09 1.07e-08 3.38973e-09 5.45832e-09 0
 3.29 6.49388e-09 1.098e-08 3.47771e-09 5.60148e-09 0
 3.295 6.66239e-09 1.12713e-08 3.56921e-09 5.7504e-09 0
 3.3 6.83766e-09 1.15744e-08 3.66441e-09 5.9054e-09 0
 3.305 7.02004e-09 1.18901e-08 3.76352e-09 6.06683e-09 0
 3.31 7.20994e-09 1.2219e-08 3.86676e-09 6.23504e-09 0
 3.315 7.4078e-09 1.25618e-08 3.97437e-09 6.41044e-09 0
 3.32 7.61405e-09 1.29195e-08 4.0866e-09 6.59344e-09 0
 3.325 7.82922e-09 1.32929e-08 4.20374e-09 6.7845e-09 0
 3.33 8.05381e-09 1.3683e-08 4.32606e-09 6.98412e-09 0
 3.335 8.28841e-09 1.40908e-08 4.4539e-09 7.19282e-09 0
 3.34 8.53363e-09 1.45173e-08 4.58758e-09 7.41117e-09 0
 3.345 8.79014e-09 1.49639e-08 4.72749e-09 7.6398e-09 0
 3.35 9.05865e-09 1.54317e-08 4.87402e-09 7.87936e-09 0
 3.355 9.33994e-09 1.59222e-08 5.02761e-09 8.13058e-09 0
 3.36 9.63486e-09 1.6437e-08 5.18871e-09 8.39424e-09 0
 3.365 9.94431e-09 1.69776e-08 5.35784e-09 8.67121e-09 0
 3.37 1.02693e-08 1.75458e-08 5.53555e-09 8.9624e-09 0
 3.375 1.06109e-08 1.81437e-08 5.72245e-09 9.26883e-09 0
 3.38 1.09702e-08 1.87733e-08 5.91918e-09 9.5916e-09 0
 3.385 1.13487e-08 1.9437e-08 6.12646e-09 9.93191e-09 0
 3.39 1.17476e-08 2.01373e-08 6.34508e-09 1.02911e-08 0
 3.395 1.21684e-08 2.08771e-08 6.57588e-09 1.06706e-08 0
 3.4 1.2613e-08 2.16594e-08 6.81981e-09 1.1072e-08 0
 3.405 1.30831e-08 2.24875e-08 7.07789e-09 1.1497e-08 0
 3.41 1.35807e-08 2.33653e-08 7.35126e-09 1.19477e-08 0
 3.415 1.41081e-08 2.42968e-08 7.64117e-09 1.2426e-08 0
 3.42 1.46677e-08 2.52867e-08 7.94901e-09 1.29345e-08 0
 3.425 1.52624e-08 2.63398e-08 8.27631e-09 1.34756e-08 0
 3.43 1.5895e-08 2.7462e-08 8.62476e-09 1.40524e-08 0
 3.435 1.65691e-08 2.86594e-08 8.99627e-09 1.46681e-08 0
 3.44 1.72884e-08 2.99391e-08 9.39294e-09 1.53263e-08 0
 3.445 1.8057e-08 3.13088e-08 9.81714e-09 1.60312e-08 0
 3.45 1.88796e-08 3.27775e-08 1.02715e-08 1.67872e-08 0
 3.455 1.97617e-08 3.4355e-08 1.0759e-08 1.75996e-08 0
 3.46 2.07091e-08 3.60526e-08 1.1283e-08 1.84742e-08 0
 3.465 2.17285e-08 3.7883e-08 1.18473e-08 1.94176e-08 0
 3.47 2.28276e-08 3.98607e-08 1.24562e-08 2.04375e-08 0
 3.475 2.40152e-08 4.20021e-08 1.31145e-08 2.15424e-08 0
 3.48 2.53011e-08 4.43263e-08 1.3828e-08 2.27422e-08 0
 3.485 2.66966e-08 4.68549e-08 1.4603e-08 2.40483e-08 0
 3.49 2.8215e-08 4.96131e-08 1.54468e-08 2.5474e-08 0
 3.495 2.98713e-08 5.26302e-08 1.63682e-08 2.70344e-08 0
 3.5 3.16831e-08 5.59402e-08 1.7377e-08 2.87475e-08 0
 3.505 3.3671e-08 5.9583e-08 1.84849e-08 3.06343e-08 0
 3.51 3.58591e-08 6.36057e-08 1.97055e-08 3.27194e-08 0
 3.515 3.82758e-08 6.80642e-08 2.1055e-08 3.50323e-08 0
 3.52 4.0955e-08 7.30251e-08 2.25527e-08 3.76081e-08 0
 3.525 4.39373e-08 7.85689e-08 2.42216e-08 4.04892e-08 0
 3.53 4.72716e-08 8.47931e-08 2.60898e-08 4.37269e-08 0
 3.535 5.10177e-08 9.18172e-08 2.81913e-08 4.7384e-08 0
 3.54 5.52491e-08 9.97894e-08 3.05684e-08 5.15386e-08 0
 3.545 6.00577e-08 1.08896e-07 3.32739e-08 5.62881e-08 0
 3.55 6.55599e-08 1.19374e-07 3.63752e-08 6.17561e-08 0
 3.555 7.19065e-08 1.31532e-07 3.996e-08 6.8102e-08 0
 3.56 7.92976e-08 1.45783e-07 4.41459e-08 7.55355e-08 0
 3.565 8.80088e-08 1.627e-07 4.90969e-08 8.43389e-08 0
 3.57 9.84406e-08 1.83119e-07 5.50557e-08 9.49061e-08 0
 3.575 1.11223e-07 2.08362e-07 6.24145e-08 1.07813e-07 0
 3.58 1.27483e-07 2.40804e-07 7.18982e-08 1.23968e-07 0
 3.585 1.49676e-07 2.8564e-07 8.51517e-08 1.44987e-07 0
 3.59 1.85115e-07 3.58368e-07 1.07266e-07 1.7446e-07 0
 3.595 2.70072e-07 5.36014e-07 1.64251e-07 2.24484e-07 0
 3.6 9.13217e-07 1.89883e-06 6.26147e-07 3.92091e-07 0
 3.605 9.97145e-07 2.09445e-06 7.01722e-07 2.55528e-07 0
 3.61 4.61545e-07 9.45127e-07 2.92763e-07 2.78792e-07 0
 3.615 4.62574e-07 9.45606e-07 2.79548e-07 3.64061e-07 0
 3.62 5.51745e-07 1.13772e-06 3.26866e-07 4.84759e-07 0
 3.625 7.13055e-07 1.48979e-06 4.1866e-07 6.66654e-07 0
 3.63 9.86575e-07 2.09381e-06 5.76819e-07 9.62971e-07 0
 3.635 1.47971e-06 3.1949e-06 8.63473e-07 1.49411e-06 0
 3.64 2.47895e-06 5.44812e-06 1.44537e-06 2.57499e-06 0
 3.645 4.86371e-06 1.0868e-05 2.83468e-06 5.17131e-06 0
 3.65 1.11917e-05 2.53201e-05 6.52011e-06 1.20963e-05 0
 3.655 1.70789e-05 3.8739e-05 9.94417e-06 1.85426e-05 0
 3.66 9.13174e-06 2.03536e-05 5.3151e-06 9.74483e-06 0
 3.665 4.52763e-06 9.5474e-06 2.63941e-06 4.56664e-06 0
 3.67 2.93964e-06 5.47828e-06 1.72459e-06 2.61681e-06 0
 3.675 2.62869e-06 3.80871e-06 1.54669e-06 1.82002e-06 0
 3.68 4.30381e-06 3.2303e-06 2.11931e-06 1.55846e-06 0
 3.685 2.23932e-05 3.50322e-06 9.3623e-07 1.87269e-06 0
 3.69 1.21995e-05 5.33006e-06 2.39047e-06 2.83566e-06 0
 3.695 1.77042e-05 8.79776e-06 6.14405e-06 5.01405e-06 0
 3.7 9.27242e-06 5.46802e-06 4.10546e-06 3.40911e-06 0
 3.705 4.19884e-06 3.45429e-06 2.16833e-06 2.42367e-06 0
 3.71 1.65018e-05 8.6737e-06 4.12189e-06 5.55805e-06 0
 3.715 4.05132e-06 1.84378e-06 1.41322e-06 1.11334e-06 0
 3.72 1.77015e-06 7.19861e-07 7.11598e-07 3.8372e-07 0
 3.725 1.11878e-06 4.71713e-07 4.80526e-07 2.40682e-07 0
 3.73 8.31579e-07 3.70894e-07 3.69649e-07 1.75862e-07 0
 3.735 6.52984e-07 2.96873e-07 2.99526e-07 1.5074e-07 0
 3.74 5.42348e-07 2.69105e-07 2.54924e-07 1.33605e-07 0
 3.745 4.67864e-07 2.43542e-07 2.26459e-07 1.14796e-07 0
 3.75 4.24342e-07 2.43334e-07 2.07567e-07 9.94306e-08 0
 3.755 3.92253e-07 3.53878e-07 1.96842e-07 8.14693e-08 0
 3.76 3.87292e-07 1.99053e-06 2.11114e-07 1.99451e-07 0
 3.765 4.3464e-07 4.38152e-07 2.22676e-07 1.53416e-07 0
 3.77 5.02856e-07 3.70727e-07 2.66735e-07 1.53996e-07 0
 3.775 7.13504e-07 5.06769e-07 4.03075e-07 2.0069e-07 0
 3.78 1.64308e-06 1.25955e-06 1.03978e-06 4.19881e-07 0
 3.785 2.0406e-06 1.79861e-06 1.56181e-06 4.51694e-07 0
 3.79 2.15042e-07 1.664e-07 2.05085e-07 5.41373e-08 0
 3.795 1.7023e-07 1.81666e-07 1.26134e-07 6.52309e-08 0
 3.8 1.5437e-07 1.94714e-07 1.02567e-07 7.55557e-08 0
