 Energy(eV)     NN_101     NN_0-11     NN_-101     NN_011     NN_000
 2.8 1.24441e-09 2.03724e-09 6.6003e-10 1.03941e-09 0
 2.805 1.25976e-09 2.06296e-09 6.68267e-10 1.05254e-09 0
 2.81 1.27536e-09 2.0891e-09 6.7664e-10 1.0659e-09 0
 2.815 1.29122e-09 2.11569e-09 6.85153e-10 1.07948e-09 0
 2.82 1.30733e-09 2.14272e-09 6.93809e-10 1.09328e-09 0
 2.825 1.32371e-09 2.17021e-09 7.02611e-10 1.10733e-09 0
 2.83 1.34037e-09 2.19817e-09 7.11562e-10 1.12161e-09 0
 2.835 1.35731e-09 2.22661e-09 7.20667e-10 1.13613e-09 0
 2.84 1.37453e-09 2.25554e-09 7.29928e-10 1.15091e-09 0
 2.845 1.39205e-09 2.28497e-09 7.3935e-10 1.16594e-09 0
 2.85 1.40986e-09 2.31492e-09 7.48936e-10 1.18124e-09 0
 2.855 1.42798e-09 2.34539e-09 7.5869e-10 1.19681e-09 0
 2.86 1.44642e-09 2.3764e-09 7.68616e-10 1.21265e-09 0
 2.865 1.46518e-09 2.40796e-09 7.78719e-10 1.22878e-09 0
 2.87 1.48427e-09 2.44009e-09 7.89002e-10 1.24519e-09 0
 2.875 1.50369e-09 2.4728e-09 7.9947e-10 1.2619e-09 0
 2.88 1.52346e-09 2.5061e-09 8.10127e-10 1.27891e-09 0
 2.885 1.54358e-09 2.54001e-09 8.20979e-10 1.29624e-09 0
 2.89 1.56407e-09 2.57454e-09 8.32031e-10 1.31388e-09 0
 2.895 1.58492e-09 2.60971e-09 8.43286e-10 1.33185e-09 0
 2.9 1.60616e-09 2.64554e-09 8.54751e-10 1.35016e-09 0
 2.905 1.62779e-09 2.68204e-09 8.66431e-10 1.36881e-09 0
 2.91 1.64982e-09 2.71922e-09 8.78331e-10 1.38781e-09 0
 2.915 1.67226e-09 2.75712e-09 8.90457e-10 1.40718e-09 0
 2.92 1.69512e-09 2.79574e-09 9.02815e-10 1.42691e-09 0
 2.925 1.71841e-09 2.8351e-09 9.15411e-10 1.44703e-09 0
 2.93 1.74214e-09 2.87523e-09 9.28251e-10 1.46754e-09 0
 2.935 1.76633e-09 2.91614e-09 9.41343e-10 1.48845e-09 0
 2.94 1.79099e-09 2.95786e-09 9.54692e-10 1.50977e-09 0
 2.945 1.81612e-09 3.0004e-09 9.68305e-10 1.53151e-09 0
 2.95 1.84175e-09 3.04379e-09 9.82191e-10 1.55369e-09 0
 2.955 1.86788e-09 3.08806e-09 9.96355e-10 1.57632e-09 0
 2.96 1.89453e-09 3.13322e-09 1.01081e-09 1.5994e-09 0
 2.965 1.92171e-09 3.17931e-09 1.02555e-09 1.62296e-09 0
 2.97 1.94944e-09 3.22634e-09 1.0406e-09 1.64701e-09 0
 2.975 1.97773e-09 3.27435e-09 1.05597e-09 1.67155e-09 0
 2.98 2.0066e-09 3.32336e-09 1.07165e-09 1.6966e-09 0
 2.985 2.03607e-09 3.3734e-09 1.08766e-09 1.72218e-09 0
 2.99 2.06615e-09 3.4245e-09 1.10401e-09 1.74831e-09 0
 2.995 2.09685e-09 3.47669e-09 1.12072e-09 1.77499e-09 0
 3 2.12821e-09 3.53e-09 1.13778e-09 1.80225e-09 0
 3.005 2.16023e-09 3.58447e-09 1.15521e-09 1.83011e-09 0
 3.01 2.19294e-09 3.64014e-09 1.17302e-09 1.85857e-09 0
 3.015 2.22635e-09 3.69703e-09 1.19123e-09 1.88766e-09 0
 3.02 2.26049e-09 3.75518e-09 1.20984e-09 1.9174e-09 0
 3.025 2.29538e-09 3.81463e-09 1.22887e-09 1.9478e-09 0
 3.03 2.33104e-09 3.87543e-09 1.24833e-09 1.97889e-09 0
 3.035 2.36749e-09 3.93761e-09 1.26824e-09 2.0107e-09 0
 3.04 2.40477e-09 4.00122e-09 1.2886e-09 2.04323e-09 0
 3.045 2.44288e-09 4.0663e-09 1.30943e-09 2.07651e-09 0
 3.05 2.48188e-09 4.1329e-09 1.33075e-09 2.11058e-09 0
 3.055 2.52176e-09 4.20107e-09 1.35258e-09 2.14545e-09 0
 3.06 2.56258e-09 4.27085e-09 1.37492e-09 2.18115e-09 0
 3.065 2.60436e-09 4.34231e-09 1.3978e-09 2.2177e-09 0
 3.07 2.64712e-09 4.4155e-09 1.42124e-09 2.25514e-09 0
 3.075 2.6909e-09 4.49047e-09 1.44524e-09 2.29349e-09 0
 3.08 2.73574e-09 4.56728e-09 1.46984e-09 2.33279e-09 0
 3.085 2.78166e-09 4.646e-09 1.49505e-09 2.37307e-09 0
 3.09 2.82871e-09 4.72669e-09 1.5209e-09 2.41435e-09 0
 3.095 2.87693e-09 4.80942e-09 1.5474e-09 2.45668e-09 0
 3.1 2.92634e-09 4.89426e-09 1.57457e-09 2.50009e-09 0
 3.105 2.977e-09 4.98128e-09 1.60245e-09 2.54462e-09 0
 3.11 3.02895e-09 5.07056e-09 1.63106e-09 2.59031e-09 0
 3.115 3.08224e-09 5.16219e-09 1.66042e-09 2.6372e-09 0
 3.12 3.1369e-09 5.25625e-09 1.69056e-09 2.68534e-09 0
 3.125 3.19299e-09 5.35282e-09 1.7215e-09 2.73476e-09 0
 3.13 3.25057e-09 5.45199e-09 1.75329e-09 2.78552e-09 0
 3.135 3.30968e-09 5.55388e-09 1.78595e-09 2.83766e-09 0
 3.14 3.37038e-09 5.65857e-09 1.81951e-09 2.89125e-09 0
 3.145 3.43273e-09 5.76617e-09 1.854e-09 2.94633e-09 0
 3.15 3.49679e-09 5.87679e-09 1.88947e-09 3.00295e-09 0
 3.155 3.56263e-09 5.99056e-09 1.92595e-09 3.06119e-09 0
 3.16 3.63032e-09 6.10759e-09 1.96348e-09 3.1211e-09 0
 3.165 3.69993e-09 6.22802e-09 2.0021e-09 3.18275e-09 0
 3.17 3.77152e-09 6.35197e-09 2.04186e-09 3.24621e-09 0
 3.175 3.84519e-09 6.4796e-09 2.0828e-09 3.31155e-09 0
 3.18 3.92101e-09 6.61105e-09 2.12498e-09 3.37885e-09 0
 3.185 3.99907e-09 6.74647e-09 2.16843e-09 3.44819e-09 0
 3.19 4.07947e-09 6.88604e-09 2.21322e-09 3.51965e-09 0
 3.195 4.16229e-09 7.02993e-09 2.2594e-09 3.59333e-09 0
 3.2 4.24763e-09 7.17832e-09 2.30703e-09 3.66931e-09 0
 3.205 4.33562e-09 7.33141e-09 2.35618e-09 3.7477e-09 0
 3.21 4.42635e-09 7.4894e-09 2.4069e-09 3.8286e-09 0
 3.215 4.51994e-09 7.65251e-09 2.45928e-09 3.91213e-09 0
 3.22 4.61653e-09 7.82096e-09 2.51338e-09 3.99839e-09 0
 3.225 4.71624e-09 7.99501e-09 2.56928e-09 4.08752e-09 0
 3.23 4.81921e-09 8.1749e-09 2.62707e-09 4.17965e-09 0
 3.235 4.92559e-09 8.3609e-09 2.68683e-09 4.2749e-09 0
 3.24 5.03553e-09 8.5533e-09 2.74865e-09 4.37343e-09 0
 3.245 5.14921e-09 8.75241e-09 2.81264e-09 4.4754e-09 0
 3.25 5.26678e-09 8.95855e-09 2.8789e-09 4.58097e-09 0
 3.255 5.38844e-09 9.17205e-09 2.94753e-09 4.69031e-09 0
 3.26 5.51439e-09 9.39328e-09 3.01866e-09 4.80361e-09 0
 3.265 5.64483e-09 9.62263e-09 3.09242e-09 4.92106e-09 0
 3.27 5.77998e-09 9.86051e-09 3.16892e-09 5.04288e-09 0
 3.275 5.92008e-09 1.01074e-08 3.24832e-09 5.16929e-09 0
 3.28 6.06538e-09 1.03636e-08 3.33076e-09 5.30053e-09 0
 3.285 6.21613e-09 1.06298e-08 3.41641e-09 5.43684e-09 0
 3.29 6.37264e-09 1.09065e-08 3.50544e-09 5.5785e-09 0
 3.295 6.53519e-09 1.11942e-08 3.59803e-09 5.7258e-09 0
 3.3 6.70411e-09 1.14935e-08 3.69438e-09 5.87905e-09 0
 3.305 6.87974e-09 1.18051e-08 3.79469e-09 6.03857e-09 0
 3.31 7.06245e-09 1.21297e-08 3.89919e-09 6.20473e-09 0
 3.315 7.25264e-09 1.2468e-08 4.00813e-09 6.37789e-09 0
 3.32 7.45072e-09 1.28208e-08 4.12176e-09 6.55847e-09 0
 3.325 7.65715e-09 1.3189e-08 4.24036e-09 6.7469e-09 0
 3.33 7.87241e-09 1.35735e-08 4.36422e-09 6.94365e-09 0
 3.335 8.09702e-09 1.39753e-08 4.49367e-09 7.14922e-09 0
 3.34 8.33154e-09 1.43955e-08 4.62906e-09 7.36417e-09 0
 3.345 8.57656e-09 1.48352e-08 4.77077e-09 7.58906e-09 0
 3.35 8.83275e-09 1.52957e-08 4.91918e-09 7.82455e-09 0
 3.355 9.1008e-09 1.57784e-08 5.07476e-09 8.07131e-09 0
 3.36 9.38147e-09 1.62847e-08 5.23795e-09 8.33009e-09 0
 3.365 9.67556e-09 1.68162e-08 5.4093e-09 8.60168e-09 0
 3.37 9.98397e-09 1.73747e-08 5.58934e-09 8.88697e-09 0
 3.375 1.03077e-08 1.79621e-08 5.77869e-09 9.18689e-09 0
 3.38 1.06477e-08 1.85804e-08 5.97802e-09 9.50248e-09 0
 3.385 1.10051e-08 1.92318e-08 6.18804e-09 9.83486e-09 0
 3.39 1.13812e-08 1.99189e-08 6.40954e-09 1.01853e-08 0
 3.395 1.17774e-08 2.06443e-08 6.6434e-09 1.0555e-08 0
 3.4 1.2195e-08 2.1411e-08 6.89055e-09 1.09456e-08 0
 3.405 1.26357e-08 2.22222e-08 7.15204e-09 1.13586e-08 0
 3.41 1.31012e-08 2.30816e-08 7.42902e-09 1.17958e-08 0
 3.415 1.35935e-08 2.3993e-08 7.72275e-09 1.22591e-08 0
 3.42 1.41146e-08 2.4961e-08 8.03462e-09 1.27507e-08 0
 3.425 1.46669e-08 2.59903e-08 8.36618e-09 1.3273e-08 0
 3.43 1.5253e-08 2.70862e-08 8.71914e-09 1.38285e-08 0
 3.435 1.58756e-08 2.8255e-08 9.09541e-09 1.44201e-08 0
 3.44 1.65379e-08 2.95032e-08 9.49713e-09 1.50511e-08 0
 3.445 1.72433e-08 3.08383e-08 9.92665e-09 1.57251e-08 0
 3.45 1.79957e-08 3.22688e-08 1.03866e-08 1.64459e-08 0
 3.455 1.87994e-08 3.38043e-08 1.08801e-08 1.72182e-08 0
 3.46 1.96591e-08 3.54554e-08 1.14104e-08 1.80468e-08 0
 3.465 2.05801e-08 3.72344e-08 1.19814e-08 1.89373e-08 0
 3.47 2.15684e-08 3.9155e-08 1.25973e-08 1.98961e-08 0
 3.475 2.26307e-08 4.1233e-08 1.32631e-08 2.09302e-08 0
 3.48 2.37745e-08 4.34867e-08 1.39844e-08 2.20477e-08 0
 3.485 2.50082e-08 4.59369e-08 1.47677e-08 2.32575e-08 0
 3.49 2.63415e-08 4.86078e-08 1.56204e-08 2.45701e-08 0
 3.495 2.77849e-08 5.15274e-08 1.65511e-08 2.5997e-08 0
 3.5 2.93509e-08 5.47287e-08 1.75698e-08 2.75515e-08 0
 3.505 3.10531e-08 5.82502e-08 1.86882e-08 2.92488e-08 0
 3.51 3.29074e-08 6.21378e-08 1.99201e-08 3.11061e-08 0
 3.515 3.49316e-08 6.6446e-08 2.12819e-08 3.31432e-08 0
 3.52 3.7146e-08 7.12406e-08 2.2793e-08 3.53825e-08 0
 3.525 3.95734e-08 7.66014e-08 2.44769e-08 3.78495e-08 0
 3.53 4.224e-08 8.26261e-08 2.63621e-08 4.05732e-08 0
 3.535 4.51749e-08 8.94359e-08 2.84835e-08 4.35857e-08 0
 3.54 4.84108e-08 9.7183e-08 3.08844e-08 4.6923e-08 0
 3.545 5.19835e-08 1.06061e-07 3.36193e-08 5.06236e-08 0
 3.55 5.59319e-08 1.16319e-07 3.67573e-08 5.47272e-08 0
 3.555 6.02967e-08 1.28286e-07 4.03876e-08 5.92721e-08 0
 3.56 6.51185e-08 1.42396e-07 4.46269e-08 6.42892e-08 0
 3.565 7.04361e-08 1.59237e-07 4.96293e-08 6.97927e-08 0
 3.57 7.62849e-08 1.79602e-07 5.55995e-08 7.57667e-08 0
 3.575 8.2702e-08 2.04554e-07 6.28064e-08 8.21492e-08 0
 3.58 8.97518e-08 2.35458e-07 7.15893e-08 8.88284e-08 0
 3.585 9.76059e-08 2.73887e-07 8.23344e-08 9.56941e-08 0
 3.59 1.06725e-07 3.21212e-07 9.53797e-08 1.02836e-07 0
 3.595 1.18143e-07 3.77751e-07 1.10827e-07 1.10979e-07 0
 3.6 1.3364e-07 4.41983e-07 1.2839e-07 1.21994e-07 0
 3.605 1.55375e-07 5.11352e-07 1.47613e-07 1.38787e-07 0
 3.61 1.85048e-07 5.85089e-07 1.68524e-07 1.64187e-07 0
 3.615 2.23557e-07 6.66189e-07 1.92053e-07 1.99921e-07 0
 3.62 2.7151e-07 7.60241e-07 2.19714e-07 2.46801e-07 0
 3.625 3.29728e-07 8.72762e-07 2.52987e-07 3.05404e-07 0
 3.63 3.99006e-07 1.00683e-06 2.9274e-07 3.76064e-07 0
 3.635 4.79085e-07 1.1605e-06 3.38565e-07 4.57779e-07 0
 3.64 5.66977e-07 1.32321e-06 3.87815e-07 5.46249e-07 0
 3.645 6.55368e-07 1.47264e-06 4.34743e-07 6.31887e-07 0
 3.65 7.33037e-07 1.57691e-06 4.71061e-07 7.0016e-07 0
 3.655 7.89487e-07 1.6072e-06 4.89258e-07 7.36876e-07 0
 3.66 8.22137e-07 1.55535e-06 4.87247e-07 7.36572e-07 0
 3.665 8.39351e-07 1.43982e-06 4.69849e-07 7.0626e-07 0
 3.67 8.55494e-07 1.29292e-06 4.45278e-07 6.60391e-07 0
 3.675 8.82259e-07 1.14312e-06 4.20438e-07 6.12598e-07 0
 3.68 9.21754e-07 1.00628e-06 3.98959e-07 5.7083e-07 0
 3.685 9.63947e-07 8.85993e-07 3.81689e-07 5.36538e-07 0
 3.69 9.90809e-07 7.778e-07 3.67182e-07 5.05952e-07 0
 3.695 9.86447e-07 6.74553e-07 3.51805e-07 4.72668e-07 0
 3.7 9.45907e-07 5.71938e-07 3.31794e-07 4.31292e-07 0
 3.705 8.75698e-07 4.71847e-07 3.06436e-07 3.80582e-07 0
 3.71 7.8754e-07 3.81234e-07 2.78311e-07 3.24116e-07 0
 3.715 6.92826e-07 3.07223e-07 2.50643e-07 2.68299e-07 0
 3.72 6.00807e-07 2.52494e-07 2.25402e-07 2.18913e-07 0
 3.725 5.17822e-07 2.14751e-07 2.033e-07 1.78626e-07 0
 3.73 4.4678e-07 1.89533e-07 1.84389e-07 1.47106e-07 0
 3.735 3.87795e-07 1.72818e-07 1.68452e-07 1.22615e-07 0
 3.74 3.39447e-07 1.61883e-07 1.55183e-07 1.03323e-07 0
 3.745 2.99787e-07 1.55052e-07 1.44264e-07 8.78838e-08 0
 3.75 2.66818e-07 1.51156e-07 1.35377e-07 7.55164e-08 0
 3.755 2.3863e-07 1.49101e-07 1.28189e-07 6.58127e-08 0
 3.76 2.13356e-07 1.47798e-07 1.22305e-07 5.83108e-08 0
 3.765 1.89165e-07 1.46482e-07 1.17217e-07 5.21218e-08 0
 3.77 1.64488e-07 1.44915e-07 1.1231e-07 4.61066e-08 0
 3.775 1.38658e-07 1.43117e-07 1.07018e-07 3.95801e-08 0
 3.78 1.12774e-07 1.41226e-07 1.01208e-07 3.29125e-08 0
 3.785 8.98471e-08 1.40005e-07 9.56488e-08 2.74998e-08 0
 3.79 7.3252e-08 1.41329e-07 9.19631e-08 2.49708e-08 0
 3.795 6.45984e-08 1.47654e-07 9.1766e-08 2.62284e-08 0
 3.8 6.34346e-08 1.60651e-07 9.57349e-08 3.11972e-08 0
