 Energy(eV)     NN_101     NN_0-11     NN_-101     NN_011     NN_000
 2.5 1.55727e-09 4.39196e-09 2.50678e-09 4.35183e-09 4.301e-09
 2.50565 1.57754e-09 4.45022e-09 2.53938e-09 4.40964e-09 4.35873e-09
 2.5113 1.59814e-09 4.50943e-09 2.57252e-09 4.4684e-09 4.41743e-09
 2.51696 1.61908e-09 4.56963e-09 2.60619e-09 4.52814e-09 4.47711e-09
 2.52261 1.64036e-09 4.63083e-09 2.64041e-09 4.58888e-09 4.53781e-09
 2.52826 1.66199e-09 4.69305e-09 2.67519e-09 4.65063e-09 4.59954e-09
 2.53391 1.68398e-09 4.75631e-09 2.71055e-09 4.71342e-09 4.66233e-09
 2.53957 1.70634e-09 4.82065e-09 2.7465e-09 4.77728e-09 4.7262e-09
 2.54522 1.72907e-09 4.88609e-09 2.78305e-09 4.84223e-09 4.79117e-09
 2.55087 1.75218e-09 4.95265e-09 2.82021e-09 4.9083e-09 4.85729e-09
 2.55652 1.77569e-09 5.02035e-09 2.85801e-09 4.9755e-09 4.92456e-09
 2.56217 1.7996e-09 5.08923e-09 2.89644e-09 5.04387e-09 4.99302e-09
 2.56783 1.82392e-09 5.15931e-09 2.93554e-09 5.11344e-09 5.06269e-09
 2.57348 1.84866e-09 5.23062e-09 2.97531e-09 5.18424e-09 5.13361e-09
 2.57913 1.87383e-09 5.30319e-09 3.01577e-09 5.25628e-09 5.20581e-09
 2.58478 1.89945e-09 5.37705e-09 3.05693e-09 5.32961e-09 5.27931e-09
 2.59043 1.92551e-09 5.45223e-09 3.09882e-09 5.40425e-09 5.35415e-09
 2.59609 1.95204e-09 5.52876e-09 3.14145e-09 5.48024e-09 5.43036e-09
 2.60174 1.97904e-09 5.60668e-09 3.18484e-09 5.55761e-09 5.50797e-09
 2.60739 2.00653e-09 5.68602e-09 3.22901e-09 5.63639e-09 5.58703e-09
 2.61304 2.03451e-09 5.76682e-09 3.27397e-09 5.71663e-09 5.66756e-09
 2.6187 2.06301e-09 5.84911e-09 3.31975e-09 5.79834e-09 5.74961e-09
 2.62435 2.09203e-09 5.93293e-09 3.36637e-09 5.88158e-09 5.83321e-09
 2.63 2.12158e-09 6.01832e-09 3.41384e-09 5.96638e-09 5.9184e-09
 2.63565 2.15168e-09 6.10532e-09 3.46219e-09 6.05279e-09 6.00522e-09
 2.6413 2.18235e-09 6.19397e-09 3.51145e-09 6.14083e-09 6.09373e-09
 2.64696 2.21359e-09 6.28431e-09 3.56163e-09 6.23056e-09 6.18395e-09
 2.65261 2.24543e-09 6.3764e-09 3.61275e-09 6.32202e-09 6.27594e-09
 2.65826 2.27788e-09 6.47026e-09 3.66485e-09 6.41526e-09 6.36974e-09
 2.66391 2.31095e-09 6.56596e-09 3.71795e-09 6.51032e-09 6.4654e-09
 2.66957 2.34466e-09 6.66353e-09 3.77207e-09 6.60725e-09 6.56297e-09
 2.67522 2.37903e-09 6.76304e-09 3.82725e-09 6.7061e-09 6.66251e-09
 2.68087 2.41407e-09 6.86453e-09 3.8835e-09 6.80692e-09 6.76406e-09
 2.68652 2.44981e-09 6.96805e-09 3.94087e-09 6.90978e-09 6.86769e-09
 2.69217 2.48627e-09 7.07367e-09 3.99937e-09 7.01471e-09 6.97345e-09
 2.69783 2.52345e-09 7.18144e-09 4.05905e-09 7.12179e-09 7.08139e-09
 2.70348 2.56139e-09 7.29142e-09 4.11992e-09 7.23107e-09 7.19159e-09
 2.70913 2.60011e-09 7.40368e-09 4.18204e-09 7.34261e-09 7.30411e-09
 2.71478 2.63962e-09 7.51827e-09 4.24542e-09 7.45648e-09 7.41901e-09
 2.72043 2.67995e-09 7.63527e-09 4.31011e-09 7.57275e-09 7.53636e-09
 2.72609 2.72112e-09 7.75474e-09 4.37615e-09 7.69147e-09 7.65623e-09
 2.73174 2.76316e-09 7.87676e-09 4.44357e-09 7.81274e-09 7.77869e-09
 2.73739 2.80609e-09 8.00139e-09 4.51241e-09 7.93661e-09 7.90383e-09
 2.74304 2.84994e-09 8.12873e-09 4.58271e-09 8.06317e-09 8.03172e-09
 2.7487 2.89473e-09 8.25884e-09 4.65452e-09 8.1925e-09 8.16245e-09
 2.75435 2.9405e-09 8.39182e-09 4.72789e-09 8.32467e-09 8.2961e-09
 2.76 2.98726e-09 8.52774e-09 4.80285e-09 8.45979e-09 8.43275e-09
 2.76565 3.03507e-09 8.66671e-09 4.87945e-09 8.59793e-09 8.57251e-09
 2.7713 3.08393e-09 8.8088e-09 4.95776e-09 8.73918e-09 8.71547e-09
 2.77696 3.13389e-09 8.95412e-09 5.03781e-09 8.88366e-09 8.86172e-09
 2.78261 3.18499e-09 9.10277e-09 5.11966e-09 9.03145e-09 9.01138e-09
 2.78826 3.23725e-09 9.25486e-09 5.20336e-09 9.18266e-09 9.16455e-09
 2.79391 3.29071e-09 9.41049e-09 5.28899e-09 9.3374e-09 9.32134e-09
 2.79957 3.34542e-09 9.56978e-09 5.37659e-09 9.49578e-09 9.48187e-09
 2.80522 3.40141e-09 9.73285e-09 5.46623e-09 9.65793e-09 9.64626e-09
 2.81087 3.45872e-09 9.89981e-09 5.55797e-09 9.82396e-09 9.81464e-09
 2.81652 3.51739e-09 1.00708e-08 5.65189e-09 9.99401e-09 9.98714e-09
 2.82217 3.57748e-09 1.0246e-08 5.74805e-09 1.01682e-08 1.01639e-08
 2.82783 3.63903e-09 1.04254e-08 5.84653e-09 1.03467e-08 1.03451e-08
 2.83348 3.70208e-09 1.06093e-08 5.94741e-09 1.05296e-08 1.05308e-08
 2.83913 3.7667e-09 1.07978e-08 6.05076e-09 1.07171e-08 1.07212e-08
 2.84478 3.83292e-09 1.09911e-08 6.15667e-09 1.09093e-08 1.09165e-08
 2.85043 3.90081e-09 1.11893e-08 6.26523e-09 1.11064e-08 1.11168e-08
 2.85609 3.97043e-09 1.13925e-08 6.37653e-09 1.13087e-08 1.13224e-08
 2.86174 4.04183e-09 1.16011e-08 6.49066e-09 1.15161e-08 1.15333e-08
 2.86739 4.11509e-09 1.18151e-08 6.60773e-09 1.1729e-08 1.17499e-08
 2.87304 4.19025e-09 1.20348e-08 6.72784e-09 1.19476e-08 1.19723e-08
 2.8787 4.26741e-09 1.22603e-08 6.8511e-09 1.2172e-08 1.22006e-08
 2.88435 4.34662e-09 1.2492e-08 6.97762e-09 1.24025e-08 1.24353e-08
 2.89 4.42797e-09 1.27299e-08 7.10753e-09 1.26393e-08 1.26763e-08
 2.89565 4.51153e-09 1.29744e-08 7.24094e-09 1.28825e-08 1.29242e-08
 2.9013 4.59738e-09 1.32258e-08 7.37798e-09 1.31326e-08 1.31789e-08
 2.90696 4.68562e-09 1.34841e-08 7.51881e-09 1.33897e-08 1.3441e-08
 2.91261 4.77633e-09 1.37498e-08 7.66355e-09 1.36541e-08 1.37105e-08
 2.91826 4.86962e-09 1.40231e-08 7.81236e-09 1.39261e-08 1.39878e-08
 2.92391 4.96558e-09 1.43044e-08 7.96541e-09 1.4206e-08 1.42733e-08
 2.92957 5.06431e-09 1.45938e-08 8.12284e-09 1.44942e-08 1.45673e-08
 2.93522 5.16594e-09 1.48919e-08 8.28485e-09 1.47908e-08 1.487e-08
 2.94087 5.27057e-09 1.51989e-08 8.45161e-09 1.50964e-08 1.51819e-08
 2.94652 5.37833e-09 1.55151e-08 8.62331e-09 1.54112e-08 1.55033e-08
 2.95217 5.48935e-09 1.58411e-08 8.80016e-09 1.57356e-08 1.58347e-08
 2.95783 5.60376e-09 1.61771e-08 8.98237e-09 1.60701e-08 1.61764e-08
 2.96348 5.72171e-09 1.65237e-08 9.17017e-09 1.64151e-08 1.65289e-08
 2.96913 5.84335e-09 1.68812e-08 9.36379e-09 1.67711e-08 1.68926e-08
 2.97478 5.96884e-09 1.72502e-08 9.56349e-09 1.71384e-08 1.72682e-08
 2.98043 6.09834e-09 1.76311e-08 9.76952e-09 1.75177e-08 1.7656e-08
 2.98609 6.23205e-09 1.80245e-08 9.98217e-09 1.79094e-08 1.80566e-08
 2.99174 6.37013e-09 1.8431e-08 1.02017e-08 1.83141e-08 1.84706e-08
 2.99739 6.5128e-09 1.88512e-08 1.04285e-08 1.87324e-08 1.88986e-08
 3.00304 6.66025e-09 1.92856e-08 1.06628e-08 1.9165e-08 1.93414e-08
 3.0087 6.81272e-09 1.9735e-08 1.0905e-08 1.96125e-08 1.97994e-08
 3.01435 6.97044e-09 2.02001e-08 1.11555e-08 2.00756e-08 2.02736e-08
 3.02 7.13366e-09 2.06816e-08 1.14146e-08 2.0555e-08 2.07646e-08
 3.02565 7.30264e-09 2.11803e-08 1.16828e-08 2.10517e-08 2.12733e-08
 3.0313 7.47767e-09 2.16972e-08 1.19605e-08 2.15663e-08 2.18005e-08
 3.03696 7.65904e-09 2.2233e-08 1.22482e-08 2.20998e-08 2.23472e-08
 3.04261 7.84707e-09 2.27887e-08 1.25463e-08 2.26532e-08 2.29144e-08
 3.04826 8.04209e-09 2.33654e-08 1.28554e-08 2.32275e-08 2.35031e-08
 3.05391 8.24448e-09 2.39642e-08 1.3176e-08 2.38238e-08 2.41144e-08
 3.05957 8.45461e-09 2.45862e-08 1.35088e-08 2.44431e-08 2.47495e-08
 3.06522 8.67289e-09 2.52327e-08 1.38544e-08 2.50869e-08 2.54098e-08
 3.07087 8.89975e-09 2.59049e-08 1.42135e-08 2.57563e-08 2.60964e-08
 3.07652 9.13567e-09 2.66044e-08 1.45867e-08 2.64528e-08 2.6811e-08
 3.08217 9.38114e-09 2.73326e-08 1.49748e-08 2.71779e-08 2.7555e-08
 3.08783 9.63669e-09 2.80912e-08 1.53788e-08 2.79332e-08 2.83301e-08
 3.09348 9.9029e-09 2.88819e-08 1.57994e-08 2.87205e-08 2.91381e-08
 3.09913 1.01804e-08 2.97066e-08 1.62377e-08 2.95416e-08 2.99808e-08
 3.10478 1.04698e-08 3.05673e-08 1.66946e-08 3.03985e-08 3.08605e-08
 3.11043 1.07718e-08 3.14662e-08 1.71712e-08 3.12933e-08 3.17792e-08
 3.11609 1.10873e-08 3.24055e-08 1.76688e-08 3.22284e-08 3.27393e-08
 3.12174 1.14169e-08 3.33879e-08 1.81885e-08 3.32062e-08 3.37434e-08
 3.12739 1.17617e-08 3.4416e-08 1.87318e-08 3.42295e-08 3.47943e-08
 3.13304 1.21225e-08 3.54928e-08 1.93001e-08 3.53011e-08 3.58949e-08
 3.1387 1.25004e-08 3.66215e-08 1.9895e-08 3.64242e-08 3.70485e-08
 3.14435 1.28966e-08 3.78055e-08 2.05183e-08 3.76022e-08 3.82585e-08
 3.15 1.33121e-08 3.90484e-08 2.11717e-08 3.88388e-08 3.95287e-08
 3.15565 1.37484e-08 4.03545e-08 2.18574e-08 4.01379e-08 4.08633e-08
 3.1613 1.42068e-08 4.17281e-08 2.25776e-08 4.1504e-08 4.22667e-08
 3.16696 1.46889e-08 4.31741e-08 2.33345e-08 4.29417e-08 4.37438e-08
 3.17261 1.51964e-08 4.46976e-08 2.41308e-08 4.44563e-08 4.52999e-08
 3.17826 1.57312e-08 4.63045e-08 2.49694e-08 4.60533e-08 4.69407e-08
 3.18391 1.62953e-08 4.80009e-08 2.58533e-08 4.7739e-08 4.86726e-08
 3.18957 1.68908e-08 4.97939e-08 2.6786e-08 4.952e-08 5.05025e-08
 3.19522 1.75203e-08 5.16909e-08 2.77711e-08 5.14038e-08 5.2438e-08
 3.20087 1.81863e-08 5.37004e-08 2.88127e-08 5.33985e-08 5.44876e-08
 3.20652 1.88919e-08 5.58314e-08 2.99153e-08 5.55131e-08 5.66603e-08
 3.21217 1.96402e-08 5.80943e-08 3.10838e-08 5.77575e-08 5.89664e-08
 3.21783 2.04348e-08 6.05001e-08 3.23237e-08 6.01426e-08 6.1417e-08
 3.22348 2.12797e-08 6.30615e-08 3.3641e-08 6.26804e-08 6.40247e-08
 3.22913 2.21794e-08 6.57923e-08 3.50424e-08 6.53845e-08 6.68031e-08
 3.23478 2.31386e-08 6.87079e-08 3.65352e-08 6.82695e-08 6.97678e-08
 3.24043 2.41629e-08 7.18257e-08 3.81277e-08 7.13523e-08 7.29357e-08
 3.24609 2.52584e-08 7.5165e-08 3.98292e-08 7.46513e-08 7.6326e-08
 3.25174 2.64319e-08 7.87476e-08 4.16499e-08 7.81872e-08 7.99602e-08
 3.25739 2.76912e-08 8.25982e-08 4.36014e-08 8.19833e-08 8.38624e-08
 3.26304 2.90449e-08 8.67443e-08 4.56966e-08 8.60657e-08 8.80596e-08
 3.2687 3.05028e-08 9.12175e-08 4.79501e-08 9.04639e-08 9.25826e-08
 3.27435 3.20761e-08 9.60536e-08 5.03785e-08 9.52111e-08 9.7466e-08
 3.28 3.37776e-08 1.01293e-07 5.30004e-08 1.00345e-07 1.02749e-07
 3.28565 3.56216e-08 1.06984e-07 5.58372e-08 1.05909e-07 1.08478e-07
 3.2913 3.76249e-08 1.13179e-07 5.89132e-08 1.11951e-07 1.14702e-07
 3.29696 3.98066e-08 1.19941e-07 6.2256e-08 1.18527e-07 1.21482e-07
 3.30261 4.21889e-08 1.27343e-07 6.58978e-08 1.257e-07 1.28886e-07
 3.30826 4.47977e-08 1.35469e-07 6.98752e-08 1.33545e-07 1.36993e-07
 3.31391 4.76631e-08 1.44419e-07 7.42307e-08 1.42144e-07 1.45893e-07
 3.31957 5.08206e-08 1.54311e-07 7.90138e-08 1.51595e-07 1.55696e-07
 3.32522 5.43121e-08 1.65286e-07 8.42821e-08 1.6201e-07 1.66525e-07
 3.33087 5.81876e-08 1.77512e-07 9.01029e-08 1.73517e-07 1.78529e-07
 3.33652 6.2507e-08 1.91194e-07 9.65555e-08 1.86265e-07 1.91883e-07
 3.34217 6.73428e-08 2.06582e-07 1.03733e-07 2.00425e-07 2.06798e-07
 3.34783 7.27834e-08 2.23987e-07 1.11748e-07 2.16194e-07 2.23522e-07
 3.35348 7.89379e-08 2.438e-07 1.2073e-07 2.33792e-07 2.4236e-07
 3.35913 8.59422e-08 2.66518e-07 1.30839e-07 2.53468e-07 2.63678e-07
 3.36478 9.39679e-08 2.92788e-07 1.42263e-07 2.75487e-07 2.87927e-07
 3.37043 1.03234e-07 3.23462e-07 1.55234e-07 3.00122e-07 3.15662e-07
 3.37609 1.14022e-07 3.5969e-07 1.70033e-07 3.27623e-07 3.47573e-07
 3.38174 1.26698e-07 4.03029e-07 1.87012e-07 3.58182e-07 3.84528e-07
 3.38739 1.41728e-07 4.55585e-07 2.06622e-07 3.9188e-07 4.27619e-07
 3.39304 1.59683e-07 5.20079e-07 2.2948e-07 4.28726e-07 4.78235e-07
 3.3987 1.81175e-07 5.99575e-07 2.56491e-07 4.69011e-07 5.38129e-07
 3.40435 2.06682e-07 6.96376e-07 2.89041e-07 5.14478e-07 6.09487e-07
 3.41 2.36323e-07 8.10062e-07 3.29175e-07 5.70457e-07 6.94993e-07
 3.41565 2.70011e-07 9.3712e-07 3.79417e-07 6.46896e-07 7.98012e-07
 3.4213 3.08375e-07 1.07569e-06 4.42254e-07 7.54879e-07 9.23032e-07
 3.42696 3.53545e-07 1.2314e-06 5.20126e-07 9.01695e-07 1.0762e-06
 3.43261 4.08798e-07 1.41664e-06 6.16198e-07 1.09158e-06 1.26557e-06
 3.43826 4.77816e-07 1.64591e-06 7.34933e-07 1.32998e-06 1.50105e-06
 3.44391 5.64309e-07 1.93314e-06 8.8191e-07 1.62536e-06 1.7939e-06
 3.44957 6.7157e-07 2.28991e-06 1.06278e-06 1.98739e-06 2.15483e-06
 3.45522 8.0114e-07 2.72107e-06 1.28077e-06 2.42149e-06 2.58913e-06
 3.46087 9.49835e-07 3.21475e-06 1.53162e-06 2.91829e-06 3.08639e-06
 3.46652 1.1051e-06 3.72677e-06 1.79577e-06 3.43785e-06 3.60483e-06
 3.47217 1.24143e-06 4.16888e-06 2.03192e-06 3.89703e-06 4.05912e-06
 3.47783 1.32484e-06 4.42498e-06 2.18382e-06 4.18334e-06 4.33525e-06
 3.48348 1.33016e-06 4.4105e-06 2.20819e-06 4.21121e-06 4.34826e-06
 3.48913 1.25907e-06 4.13345e-06 2.10535e-06 3.98263e-06 4.10297e-06
 3.49478 1.13855e-06 3.68749e-06 1.91801e-06 3.58381e-06 3.68908e-06
 3.50043 1.0019e-06 3.18613e-06 1.70058e-06 3.12334e-06 3.21755e-06
 3.50609 8.73171e-07 2.71001e-06 1.49326e-06 2.68051e-06 2.76854e-06
 3.51174 7.64192e-07 2.29731e-06 1.31638e-06 2.29442e-06 2.38104e-06
 3.51739 6.78407e-07 1.95718e-06 1.1763e-06 1.97601e-06 2.06566e-06
 3.52304 6.15257e-07 1.68476e-06 1.07256e-06 1.72225e-06 1.81914e-06
 3.5287 5.73e-07 1.47051e-06 1.00241e-06 1.52524e-06 1.63366e-06
 3.53435 5.50138e-07 1.30477e-06 9.63219e-07 1.37675e-06 1.5014e-06
 3.54 5.46051e-07 1.17944e-06 9.53256e-07 1.26999e-06 1.41631e-06
 3.54565 5.61247e-07 1.08835e-06 9.71806e-07 1.20007e-06 1.37459e-06
 3.5513 5.97318e-07 1.02702e-06 1.01853e-06 1.16378e-06 1.37428e-06
 3.55696 6.56247e-07 9.91942e-07 1.09226e-06 1.1588e-06 1.41394e-06
 3.56261 7.38127e-07 9.79253e-07 1.18976e-06 1.18217e-06 1.48991e-06
 3.56826 8.36785e-07 9.8318e-07 1.30557e-06 1.22796e-06 1.59229e-06
 3.57391 9.3582e-07 9.95271e-07 1.43201e-06 1.28524e-06 1.70232e-06
 3.57957 1.01002e-06 1.00547e-06 1.55566e-06 1.33822e-06 1.79419e-06
 3.58522 1.03415e-06 1.0034e-06 1.64911e-06 1.36815e-06 1.8396e-06
 3.59087 9.96863e-07 9.79737e-07 1.67414e-06 1.35834e-06 1.81544e-06
 3.59652 9.08926e-07 9.30368e-07 1.61138e-06 1.30387e-06 1.71789e-06
 3.60217 7.94299e-07 8.58407e-07 1.48059e-06 1.21425e-06 1.56633e-06
 3.60783 6.74528e-07 7.68978e-07 1.32003e-06 1.1024e-06 1.38691e-06
 3.61348 5.62218e-07 6.63899e-07 1.15747e-06 9.7384e-07 1.19615e-06
 3.61913 4.63279e-07 5.44664e-07 1.00346e-06 8.28733e-07 1.00122e-06
 3.62478 3.8113e-07 4.21016e-07 8.60638e-07 6.73418e-07 8.11648e-07
 3.63043 3.17697e-07 3.11027e-07 7.31671e-07 5.25315e-07 6.43882e-07
 3.63609 2.71607e-07 2.27987e-07 6.189e-07 4.01723e-07 5.1062e-07
 3.64174 2.3844e-07 1.72356e-07 5.22773e-07 3.08575e-07 4.12291e-07
 3.64739 2.13586e-07 1.37125e-07 4.42547e-07 2.41984e-07 3.41432e-07
 3.65304 1.94081e-07 1.15064e-07 3.76713e-07 1.9496e-07 2.8989e-07
 3.6587 1.78466e-07 1.01306e-07 3.23124e-07 1.61392e-07 2.51701e-07
 3.66435 1.66098e-07 9.31664e-08 2.79436e-07 1.37026e-07 2.2309e-07
 3.67 1.56707e-07 8.94418e-08 2.43584e-07 1.19274e-07 2.01883e-07
 3.67565 1.50176e-07 8.98795e-08 2.14101e-07 1.06833e-07 1.87012e-07
 3.6813 1.46292e-07 9.46958e-08 1.90317e-07 9.92645e-08 1.78056e-07
 3.68696 1.44339e-07 1.03778e-07 1.72427e-07 9.63287e-08 1.74481e-07
 3.69261 1.42709e-07 1.15501e-07 1.60982e-07 9.68744e-08 1.74504e-07
 3.69826 1.39373e-07 1.26435e-07 1.55585e-07 9.81112e-08 1.74647e-07
 3.70391 1.33423e-07 1.33488e-07 1.54098e-07 9.69304e-08 1.71526e-07
 3.70957 1.25798e-07 1.36162e-07 1.53834e-07 9.22807e-08 1.64083e-07
 3.71522 1.18216e-07 1.35669e-07 1.53072e-07 8.55559e-08 1.53278e-07
 3.72087 1.11909e-07 1.32798e-07 1.51158e-07 7.91558e-08 1.40587e-07
 3.72652 1.07144e-07 1.27549e-07 1.48197e-07 7.48778e-08 1.27476e-07
 3.73217 1.03495e-07 1.20414e-07 1.45094e-07 7.29617e-08 1.15456e-07
 3.73783 1.00483e-07 1.12905e-07 1.43046e-07 7.24482e-08 1.05649e-07
 3.74348 9.77661e-08 1.06569e-07 1.42626e-07 7.22542e-08 9.8261e-08
 3.74913 9.4896e-08 1.02236e-07 1.43621e-07 7.17991e-08 9.28115e-08
 3.75478 9.11475e-08 1.00093e-07 1.45458e-07 7.10538e-08 8.86818e-08
 3.76043 8.56404e-08 9.98694e-08 1.47632e-07 7.04009e-08 8.54272e-08
 3.76609 7.79964e-08 1.00797e-07 1.49979e-07 7.04452e-08 8.2898e-08
 3.77174 6.93695e-08 1.01786e-07 1.5235e-07 7.17202e-08 8.13639e-08
 3.77739 6.24864e-08 1.02169e-07 1.53934e-07 7.44005e-08 8.15078e-08
 3.78304 5.98887e-08 1.02491e-07 1.53958e-07 7.79658e-08 8.39373e-08
 3.7887 6.19689e-08 1.04214e-07 1.52586e-07 8.0817e-08 8.81482e-08
 3.79435 6.67626e-08 1.07999e-07 1.49482e-07 8.09028e-08 9.18121e-08
 3.8 7.15565e-08 1.1263e-07 1.43416e-07 7.7765e-08 9.20162e-08
