 3 4.59576e-08 3.71855e-08
 3.002 4.63256e-08 3.75288e-08
 3.004 4.66966e-08 3.78751e-08
 3.006 4.70707e-08 3.82245e-08
 3.008 4.74479e-08 3.85769e-08
 3.01 4.78281e-08 3.89324e-08
 3.012 4.82116e-08 3.9291e-08
 3.014 4.85982e-08 3.96528e-08
 3.016 4.89881e-08 4.00177e-08
 3.018 4.93812e-08 4.0386e-08
 3.02 4.97776e-08 4.07574e-08
 3.022 5.01774e-08 4.11322e-08
 3.024 5.05805e-08 4.15104e-08
 3.026 5.0987e-08 4.18919e-08
 3.028 5.13969e-08 4.22768e-08
 3.03 5.18104e-08 4.26652e-08
 3.032 5.22273e-08 4.30571e-08
 3.034 5.26478e-08 4.34526e-08
 3.036 5.30718e-08 4.38516e-08
 3.038 5.34995e-08 4.42542e-08
 3.04 5.39309e-08 4.46605e-08
 3.042 5.43659e-08 4.50706e-08
 3.044 5.48047e-08 4.54843e-08
 3.046 5.52473e-08 4.59019e-08
 3.048 5.56938e-08 4.63233e-08
 3.05 5.6144e-08 4.67486e-08
 3.052 5.65983e-08 4.71778e-08
 3.054 5.70564e-08 4.7611e-08
 3.056 5.75186e-08 4.80483e-08
 3.058 5.79848e-08 4.84896e-08
 3.06 5.84551e-08 4.8935e-08
 3.062 5.89295e-08 4.93846e-08
 3.064 5.94081e-08 4.98384e-08
 3.066 5.9891e-08 5.02965e-08
 3.068 6.03781e-08 5.0759e-08
 3.07 6.08696e-08 5.12258e-08
 3.072 6.13654e-08 5.1697e-08
 3.074 6.18657e-08 5.21727e-08
 3.076 6.23704e-08 5.2653e-08
 3.078 6.28796e-08 5.31379e-08
 3.08 6.33935e-08 5.36274e-08
 3.082 6.39119e-08 5.41216e-08
 3.084 6.44351e-08 5.46206e-08
 3.086 6.4963e-08 5.51244e-08
 3.088 6.54957e-08 5.56331e-08
 3.09 6.60332e-08 5.61468e-08
 3.092 6.65756e-08 5.66655e-08
 3.094 6.7123e-08 5.71892e-08
 3.096 6.76754e-08 5.77181e-08
 3.098 6.82329e-08 5.82522e-08
 3.1 6.87956e-08 5.87916e-08
 3.102 6.93634e-08 5.93363e-08
 3.104 6.99365e-08 5.98864e-08
 3.106 7.05149e-08 6.0442e-08
 3.108 7.10987e-08 6.10032e-08
 3.11 7.1688e-08 6.15699e-08
 3.112 7.22828e-08 6.21424e-08
 3.114 7.28831e-08 6.27206e-08
 3.116 7.34892e-08 6.33047e-08
 3.118 7.41009e-08 6.38946e-08
 3.12 7.47184e-08 6.44906e-08
 3.122 7.53418e-08 6.50927e-08
 3.124 7.59711e-08 6.57009e-08
 3.126 7.66064e-08 6.63153e-08
 3.128 7.72478e-08 6.69361e-08
 3.13 7.78954e-08 6.75632e-08
 3.132 7.85492e-08 6.81969e-08
 3.134 7.92092e-08 6.88371e-08
 3.136 7.98757e-08 6.9484e-08
 3.138 8.05486e-08 7.01377e-08
 3.14 8.12281e-08 7.07982e-08
 3.142 8.19142e-08 7.14656e-08
 3.144 8.2607e-08 7.21401e-08
 3.146 8.33066e-08 7.28217e-08
 3.148 8.40131e-08 7.35106e-08
 3.15 8.47265e-08 7.42067e-08
 3.152 8.5447e-08 7.49103e-08
 3.154 8.61746e-08 7.56215e-08
 3.156 8.69095e-08 7.63403e-08
 3.158 8.76517e-08 7.70668e-08
 3.16 8.84013e-08 7.78012e-08
 3.162 8.91585e-08 7.85435e-08
 3.164 8.99232e-08 7.9294e-08
 3.166 9.06957e-08 8.00526e-08
 3.168 9.1476e-08 8.08196e-08
 3.17 9.22642e-08 8.15949e-08
 3.172 9.30605e-08 8.23789e-08
 3.174 9.38648e-08 8.31715e-08
 3.176 9.46774e-08 8.39729e-08
 3.178 9.54983e-08 8.47833e-08
 3.18 9.63277e-08 8.56027e-08
 3.182 9.71657e-08 8.64313e-08
 3.184 9.80124e-08 8.72692e-08
 3.186 9.88678e-08 8.81166e-08
 3.188 9.97322e-08 8.89736e-08
 3.19 1.00606e-07 8.98404e-08
 3.192 1.01488e-07 9.07171e-08
 3.194 1.0238e-07 9.16038e-08
 3.196 1.03281e-07 9.25007e-08
 3.198 1.04192e-07 9.34079e-08
 3.2 1.05113e-07 9.43257e-08
 3.202 1.06043e-07 9.52541e-08
 3.204 1.06983e-07 9.61934e-08
 3.206 1.07933e-07 9.71437e-08
 3.208 1.08894e-07 9.81051e-08
 3.21 1.09865e-07 9.90779e-08
 3.212 1.10846e-07 1.00062e-07
 3.214 1.11838e-07 1.01058e-07
 3.216 1.12841e-07 1.02066e-07
 3.218 1.13855e-07 1.03086e-07
 3.22 1.1488e-07 1.04118e-07
 3.222 1.15916e-07 1.05163e-07
 3.224 1.16964e-07 1.0622e-07
 3.226 1.18023e-07 1.0729e-07
 3.228 1.19094e-07 1.08374e-07
 3.23 1.20177e-07 1.0947e-07
 3.232 1.21273e-07 1.1058e-07
 3.234 1.2238e-07 1.11704e-07
 3.236 1.235e-07 1.12842e-07
 3.238 1.24633e-07 1.13993e-07
 3.24 1.25778e-07 1.1516e-07
 3.242 1.26936e-07 1.1634e-07
 3.244 1.28108e-07 1.17536e-07
 3.246 1.29293e-07 1.18747e-07
 3.248 1.30492e-07 1.19973e-07
 3.25 1.31705e-07 1.21215e-07
 3.252 1.32931e-07 1.22473e-07
 3.254 1.34172e-07 1.23747e-07
 3.256 1.35428e-07 1.25037e-07
 3.258 1.36698e-07 1.26345e-07
 3.26 1.37983e-07 1.27669e-07
 3.262 1.39283e-07 1.2901e-07
 3.264 1.40599e-07 1.30369e-07
 3.266 1.4193e-07 1.31747e-07
 3.268 1.43277e-07 1.33142e-07
 3.27 1.4464e-07 1.34556e-07
 3.272 1.4602e-07 1.35989e-07
 3.274 1.47416e-07 1.37441e-07
 3.276 1.48829e-07 1.38913e-07
 3.278 1.5026e-07 1.40404e-07
 3.28 1.51707e-07 1.41916e-07
 3.282 1.53173e-07 1.43449e-07
 3.284 1.54657e-07 1.45003e-07
 3.286 1.56159e-07 1.46578e-07
 3.288 1.57679e-07 1.48175e-07
 3.29 1.59218e-07 1.49794e-07
 3.292 1.60777e-07 1.51436e-07
 3.294 1.62355e-07 1.53101e-07
 3.296 1.63953e-07 1.5479e-07
 3.298 1.65572e-07 1.56503e-07
 3.3 1.67211e-07 1.5824e-07
 3.302 1.6887e-07 1.60002e-07
 3.304 1.70551e-07 1.61789e-07
 3.306 1.72254e-07 1.63602e-07
 3.308 1.73979e-07 1.65442e-07
 3.31 1.75726e-07 1.67309e-07
 3.312 1.77495e-07 1.69203e-07
 3.314 1.79288e-07 1.71125e-07
 3.316 1.81104e-07 1.73075e-07
 3.318 1.82945e-07 1.75055e-07
 3.32 1.84809e-07 1.77065e-07
 3.322 1.86699e-07 1.79104e-07
 3.324 1.88614e-07 1.81175e-07
 3.326 1.90554e-07 1.83277e-07
 3.328 1.9252e-07 1.85412e-07
 3.33 1.94514e-07 1.87579e-07
 3.332 1.96534e-07 1.8978e-07
 3.334 1.98582e-07 1.92016e-07
 3.336 2.00658e-07 1.94286e-07
 3.338 2.02762e-07 1.96592e-07
 3.34 2.04896e-07 1.98935e-07
 3.342 2.0706e-07 2.01315e-07
 3.344 2.09253e-07 2.03733e-07
 3.346 2.11478e-07 2.0619e-07
 3.348 2.13734e-07 2.08687e-07
 3.35 2.16021e-07 2.11225e-07
 3.352 2.18342e-07 2.13804e-07
 3.354 2.20696e-07 2.16426e-07
 3.356 2.23083e-07 2.19092e-07
 3.358 2.25505e-07 2.21802e-07
 3.36 2.27962e-07 2.24557e-07
 3.362 2.30456e-07 2.27359e-07
 3.364 2.32985e-07 2.30209e-07
 3.366 2.35552e-07 2.33107e-07
 3.368 2.38158e-07 2.36055e-07
 3.37 2.40801e-07 2.39055e-07
 3.372 2.43485e-07 2.42107e-07
 3.374 2.46209e-07 2.45212e-07
 3.376 2.48974e-07 2.48372e-07
 3.378 2.51781e-07 2.51588e-07
 3.38 2.54632e-07 2.54862e-07
 3.382 2.57526e-07 2.58195e-07
 3.384 2.60465e-07 2.61588e-07
 3.386 2.63449e-07 2.65043e-07
 3.388 2.6648e-07 2.68562e-07
 3.39 2.69559e-07 2.72146e-07
 3.392 2.72687e-07 2.75797e-07
 3.394 2.75864e-07 2.79516e-07
 3.396 2.79092e-07 2.83305e-07
 3.398 2.82372e-07 2.87167e-07
 3.4 2.85705e-07 2.91102e-07
 3.402 2.89093e-07 2.95114e-07
 3.404 2.92535e-07 2.99203e-07
 3.406 2.96035e-07 3.03373e-07
 3.408 2.99593e-07 3.07625e-07
 3.41 3.03209e-07 3.11962e-07
 3.412 3.06887e-07 3.16385e-07
 3.414 3.10626e-07 3.20898e-07
 3.416 3.1443e-07 3.25503e-07
 3.418 3.18298e-07 3.30202e-07
 3.42 3.22232e-07 3.34998e-07
 3.422 3.26235e-07 3.39894e-07
 3.424 3.30307e-07 3.44893e-07
 3.426 3.34451e-07 3.49997e-07
 3.428 3.38668e-07 3.55211e-07
 3.43 3.4296e-07 3.60537e-07
 3.432 3.47329e-07 3.65978e-07
 3.434 3.51777e-07 3.71539e-07
 3.436 3.56305e-07 3.77222e-07
 3.438 3.60916e-07 3.83032e-07
 3.44 3.65612e-07 3.88972e-07
 3.442 3.70395e-07 3.95047e-07
 3.444 3.75267e-07 4.0126e-07
 3.446 3.8023e-07 4.07617e-07
 3.448 3.85288e-07 4.14122e-07
 3.45 3.90443e-07 4.2078e-07
 3.452 3.95696e-07 4.27595e-07
 3.454 4.01052e-07 4.34574e-07
 3.456 4.06512e-07 4.41721e-07
 3.458 4.12079e-07 4.49042e-07
 3.46 4.17757e-07 4.56544e-07
 3.462 4.23549e-07 4.64232e-07
 3.464 4.29457e-07 4.72113e-07
 3.466 4.35486e-07 4.80194e-07
 3.468 4.41638e-07 4.88483e-07
 3.47 4.47918e-07 4.96985e-07
 3.472 4.54329e-07 5.0571e-07
 3.474 4.60875e-07 5.14666e-07
 3.476 4.6756e-07 5.23861e-07
 3.478 4.74388e-07 5.33304e-07
 3.48 4.81364e-07 5.43005e-07
 3.482 4.88493e-07 5.52974e-07
 3.484 4.95779e-07 5.63222e-07
 3.486 5.03228e-07 5.73758e-07
 3.488 5.10844e-07 5.84595e-07
 3.49 5.18633e-07 5.95746e-07
 3.492 5.26602e-07 6.07223e-07
 3.494 5.34756e-07 6.19039e-07
 3.496 5.43101e-07 6.31209e-07
 3.498 5.51644e-07 6.43748e-07
 3.5 5.60393e-07 6.56672e-07
 3.502 5.69354e-07 6.69998e-07
 3.504 5.78536e-07 6.83744e-07
 3.506 5.87946e-07 6.97928e-07
 3.508 5.97594e-07 7.12571e-07
 3.51 6.07488e-07 7.27695e-07
 3.512 6.17638e-07 7.4332e-07
 3.514 6.28055e-07 7.59473e-07
 3.516 6.3875e-07 7.76177e-07
 3.518 6.49733e-07 7.93461e-07
 3.52 6.61018e-07 8.11354e-07
 3.522 6.72617e-07 8.29885e-07
 3.524 6.84545e-07 8.49089e-07
 3.526 6.96817e-07 8.69e-07
 3.528 7.09449e-07 8.89657e-07
 3.53 7.22459e-07 9.11101e-07
 3.532 7.35866e-07 9.33374e-07
 3.534 7.4969e-07 9.56524e-07
 3.536 7.63953e-07 9.80601e-07
 3.538 7.7868e-07 1.00566e-06
 3.54 7.93897e-07 1.03176e-06
 3.542 8.09635e-07 1.05896e-06
 3.544 8.25924e-07 1.08734e-06
 3.546 8.42802e-07 1.11697e-06
 3.548 8.60308e-07 1.14794e-06
 3.55 8.78487e-07 1.18032e-06
 3.552 8.9739e-07 1.21423e-06
 3.554 9.17075e-07 1.24976e-06
 3.556 9.37608e-07 1.28705e-06
 3.558 9.59065e-07 1.32623e-06
 3.56 9.81534e-07 1.36744e-06
 3.562 1.00512e-06 1.41085e-06
 3.564 1.02995e-06 1.45665e-06
 3.566 1.05616e-06 1.50505e-06
 3.568 1.08394e-06 1.5563e-06
 3.57 1.1135e-06 1.61068e-06
 3.572 1.14512e-06 1.66852e-06
 3.574 1.17914e-06 1.73021e-06
 3.576 1.21599e-06 1.7962e-06
 3.578 1.25625e-06 1.86706e-06
 3.58 1.30068e-06 1.94348e-06
 3.582 1.35029e-06 2.02633e-06
 3.584 1.40652e-06 2.11673e-06
 3.586 1.47138e-06 2.21617e-06
 3.588 1.54784e-06 2.32671e-06
 3.59 1.64041e-06 2.45126e-06
 3.592 1.75623e-06 2.59416e-06
 3.594 1.90715e-06 2.76227e-06
 3.596 2.11409e-06 2.96705e-06
 3.598 2.41689e-06 3.22939e-06
 3.6 2.89933e-06 3.59142e-06
 3.602 3.76325e-06 4.15093e-06
 3.604 5.60329e-06 5.18652e-06
 3.606 1.08601e-05 7.80851e-06
 3.608 3.94341e-05 2.08159e-05
 3.61 0.000527736 0.000247751
 3.612 3.11733e-05 1.9705e-05
 3.614 9.91554e-06 1.45714e-05
 3.616 5.5501e-06 6.62145e-05
 3.618 3.99969e-06 4.17248e-05
 3.62 3.30002e-06 1.09352e-05
 3.622 2.94612e-06 7.55049e-06
 3.624 2.75852e-06 6.74976e-06
 3.626 2.662e-06 6.62374e-06
 3.628 2.62048e-06 6.77964e-06
 3.63 2.61501e-06 7.09895e-06
 3.632 2.63495e-06 7.5408e-06
 3.634 2.67405e-06 8.09389e-06
 3.636 2.72857e-06 8.76157e-06
 3.638 2.79623e-06 9.55698e-06
 3.64 2.87574e-06 1.0502e-05
 3.642 2.96645e-06 1.1628e-05
 3.644 3.06819e-06 1.29788e-05
 3.646 3.18115e-06 1.46148e-05
 3.648 3.30587e-06 1.66203e-05
 3.65 3.44324e-06 1.91153e-05
