 3.1 1.6718e-07 1.60979e-07
 3.1005 1.67424e-07 1.61219e-07
 3.101 1.67668e-07 1.61459e-07
 3.1015 1.67913e-07 1.617e-07
 3.102 1.68159e-07 1.61941e-07
 3.1025 1.68405e-07 1.62183e-07
 3.103 1.68652e-07 1.62425e-07
 3.1035 1.68899e-07 1.62668e-07
 3.104 1.69147e-07 1.62911e-07
 3.1045 1.69395e-07 1.63155e-07
 3.105 1.69644e-07 1.63399e-07
 3.1055 1.69894e-07 1.63644e-07
 3.106 1.70144e-07 1.6389e-07
 3.1065 1.70395e-07 1.64136e-07
 3.107 1.70646e-07 1.64382e-07
 3.1075 1.70898e-07 1.64629e-07
 3.108 1.7115e-07 1.64877e-07
 3.1085 1.71403e-07 1.65125e-07
 3.109 1.71656e-07 1.65374e-07
 3.1095 1.7191e-07 1.65623e-07
 3.11 1.72165e-07 1.65873e-07
 3.1105 1.7242e-07 1.66124e-07
 3.111 1.72676e-07 1.66375e-07
 3.1115 1.72932e-07 1.66626e-07
 3.112 1.73189e-07 1.66878e-07
 3.1125 1.73447e-07 1.67131e-07
 3.113 1.73705e-07 1.67384e-07
 3.1135 1.73964e-07 1.67638e-07
 3.114 1.74223e-07 1.67892e-07
 3.1145 1.74483e-07 1.68147e-07
 3.115 1.74743e-07 1.68403e-07
 3.1155 1.75005e-07 1.68659e-07
 3.116 1.75266e-07 1.68915e-07
 3.1165 1.75529e-07 1.69173e-07
 3.117 1.75791e-07 1.6943e-07
 3.1175 1.76055e-07 1.69689e-07
 3.118 1.76319e-07 1.69948e-07
 3.1185 1.76584e-07 1.70207e-07
 3.119 1.76849e-07 1.70467e-07
 3.1195 1.77115e-07 1.70728e-07
 3.12 1.77382e-07 1.70989e-07
 3.1205 1.77649e-07 1.71251e-07
 3.121 1.77916e-07 1.71514e-07
 3.1215 1.78185e-07 1.71777e-07
 3.122 1.78454e-07 1.7204e-07
 3.1225 1.78723e-07 1.72305e-07
 3.123 1.78994e-07 1.72569e-07
 3.1235 1.79265e-07 1.72835e-07
 3.124 1.79536e-07 1.73101e-07
 3.1245 1.79808e-07 1.73368e-07
 3.125 1.80081e-07 1.73635e-07
 3.1255 1.80355e-07 1.73903e-07
 3.126 1.80629e-07 1.74171e-07
 3.1265 1.80903e-07 1.7444e-07
 3.127 1.81179e-07 1.7471e-07
 3.1275 1.81455e-07 1.7498e-07
 3.128 1.81731e-07 1.75251e-07
 3.1285 1.82008e-07 1.75523e-07
 3.129 1.82286e-07 1.75795e-07
 3.1295 1.82565e-07 1.76068e-07
 3.13 1.82844e-07 1.76341e-07
 3.1305 1.83124e-07 1.76616e-07
 3.131 1.83405e-07 1.7689e-07
 3.1315 1.83686e-07 1.77166e-07
 3.132 1.83968e-07 1.77442e-07
 3.1325 1.8425e-07 1.77718e-07
 3.133 1.84533e-07 1.77995e-07
 3.1335 1.84817e-07 1.78273e-07
 3.134 1.85102e-07 1.78552e-07
 3.1345 1.85387e-07 1.78831e-07
 3.135 1.85673e-07 1.79111e-07
 3.1355 1.85959e-07 1.79391e-07
 3.136 1.86247e-07 1.79673e-07
 3.1365 1.86535e-07 1.79954e-07
 3.137 1.86823e-07 1.80237e-07
 3.1375 1.87112e-07 1.8052e-07
 3.138 1.87402e-07 1.80804e-07
 3.1385 1.87693e-07 1.81088e-07
 3.139 1.87984e-07 1.81373e-07
 3.1395 1.88277e-07 1.81659e-07
 3.14 1.88569e-07 1.81945e-07
 3.1405 1.88863e-07 1.82232e-07
 3.141 1.89157e-07 1.8252e-07
 3.1415 1.89452e-07 1.82809e-07
 3.142 1.89747e-07 1.83098e-07
 3.1425 1.90044e-07 1.83388e-07
 3.143 1.90341e-07 1.83678e-07
 3.1435 1.90638e-07 1.83969e-07
 3.144 1.90937e-07 1.84261e-07
 3.1445 1.91236e-07 1.84554e-07
 3.145 1.91536e-07 1.84847e-07
 3.1455 1.91836e-07 1.85141e-07
 3.146 1.92138e-07 1.85435e-07
 3.1465 1.9244e-07 1.85731e-07
 3.147 1.92742e-07 1.86027e-07
 3.1475 1.93046e-07 1.86324e-07
 3.148 1.9335e-07 1.86621e-07
 3.1485 1.93655e-07 1.86919e-07
 3.149 1.93961e-07 1.87218e-07
 3.1495 1.94267e-07 1.87518e-07
 3.15 1.94574e-07 1.87818e-07
 3.1505 1.94882e-07 1.88119e-07
 3.151 1.95191e-07 1.8842e-07
 3.1515 1.955e-07 1.88723e-07
 3.152 1.95811e-07 1.89026e-07
 3.1525 1.96122e-07 1.8933e-07
 3.153 1.96433e-07 1.89635e-07
 3.1535 1.96746e-07 1.8994e-07
 3.154 1.97059e-07 1.90246e-07
 3.1545 1.97373e-07 1.90553e-07
 3.155 1.97688e-07 1.9086e-07
 3.1555 1.98003e-07 1.91169e-07
 3.156 1.9832e-07 1.91478e-07
 3.1565 1.98637e-07 1.91787e-07
 3.157 1.98955e-07 1.92098e-07
 3.1575 1.99273e-07 1.92409e-07
 3.158 1.99593e-07 1.92721e-07
 3.1585 1.99913e-07 1.93034e-07
 3.159 2.00234e-07 1.93348e-07
 3.1595 2.00556e-07 1.93662e-07
 3.16 2.00879e-07 1.93977e-07
 3.1605 2.01202e-07 1.94293e-07
 3.161 2.01526e-07 1.94609e-07
 3.1615 2.01851e-07 1.94927e-07
 3.162 2.02177e-07 1.95245e-07
 3.1625 2.02504e-07 1.95564e-07
 3.163 2.02831e-07 1.95884e-07
 3.1635 2.0316e-07 1.96204e-07
 3.164 2.03489e-07 1.96525e-07
 3.1645 2.03819e-07 1.96848e-07
 3.165 2.04149e-07 1.9717e-07
 3.1655 2.04481e-07 1.97494e-07
 3.166 2.04813e-07 1.97818e-07
 3.1665 2.05147e-07 1.98144e-07
 3.167 2.05481e-07 1.9847e-07
 3.1675 2.05816e-07 1.98797e-07
 3.168 2.06151e-07 1.99124e-07
 3.1685 2.06488e-07 1.99453e-07
 3.169 2.06825e-07 1.99782e-07
 3.1695 2.07164e-07 2.00112e-07
 3.17 2.07503e-07 2.00443e-07
 3.1705 2.07843e-07 2.00775e-07
 3.171 2.08184e-07 2.01107e-07
 3.1715 2.08526e-07 2.01441e-07
 3.172 2.08868e-07 2.01775e-07
 3.1725 2.09212e-07 2.0211e-07
 3.173 2.09556e-07 2.02446e-07
 3.1735 2.09901e-07 2.02783e-07
 3.174 2.10247e-07 2.0312e-07
 3.1745 2.10594e-07 2.03459e-07
 3.175 2.10942e-07 2.03798e-07
 3.1755 2.11291e-07 2.04138e-07
 3.176 2.11641e-07 2.04479e-07
 3.1765 2.11991e-07 2.04821e-07
 3.177 2.12343e-07 2.05163e-07
 3.1775 2.12695e-07 2.05507e-07
 3.178 2.13048e-07 2.05851e-07
 3.1785 2.13402e-07 2.06197e-07
 3.179 2.13757e-07 2.06543e-07
 3.1795 2.14113e-07 2.0689e-07
 3.18 2.1447e-07 2.07238e-07
 3.1805 2.14828e-07 2.07586e-07
 3.181 2.15187e-07 2.07936e-07
 3.1815 2.15546e-07 2.08287e-07
 3.182 2.15907e-07 2.08638e-07
 3.1825 2.16268e-07 2.0899e-07
 3.183 2.16631e-07 2.09344e-07
 3.1835 2.16994e-07 2.09698e-07
 3.184 2.17359e-07 2.10053e-07
 3.1845 2.17724e-07 2.10409e-07
 3.185 2.1809e-07 2.10766e-07
 3.1855 2.18457e-07 2.11123e-07
 3.186 2.18825e-07 2.11482e-07
 3.1865 2.19194e-07 2.11842e-07
 3.187 2.19564e-07 2.12202e-07
 3.1875 2.19935e-07 2.12563e-07
 3.188 2.20307e-07 2.12926e-07
 3.1885 2.2068e-07 2.13289e-07
 3.189 2.21054e-07 2.13653e-07
 3.1895 2.21429e-07 2.14019e-07
 3.19 2.21805e-07 2.14385e-07
 3.1905 2.22182e-07 2.14752e-07
 3.191 2.2256e-07 2.1512e-07
 3.1915 2.22939e-07 2.15489e-07
 3.192 2.23319e-07 2.15859e-07
 3.1925 2.237e-07 2.16229e-07
 3.193 2.24081e-07 2.16601e-07
 3.1935 2.24464e-07 2.16974e-07
 3.194 2.24848e-07 2.17348e-07
 3.1945 2.25233e-07 2.17723e-07
 3.195 2.25619e-07 2.18098e-07
 3.1955 2.26006e-07 2.18475e-07
 3.196 2.26394e-07 2.18853e-07
 3.1965 2.26783e-07 2.19231e-07
 3.197 2.27173e-07 2.19611e-07
 3.1975 2.27564e-07 2.19992e-07
 3.198 2.27956e-07 2.20373e-07
 3.1985 2.2835e-07 2.20756e-07
 3.199 2.28744e-07 2.2114e-07
 3.1995 2.29139e-07 2.21524e-07
 3.2 2.29535e-07 2.2191e-07
 3.2005 2.29933e-07 2.22297e-07
 3.201 2.30331e-07 2.22685e-07
 3.2015 2.30731e-07 2.23073e-07
 3.202 2.31131e-07 2.23463e-07
 3.2025 2.31533e-07 2.23854e-07
 3.203 2.31936e-07 2.24246e-07
 3.2035 2.3234e-07 2.24639e-07
 3.204 2.32745e-07 2.25033e-07
 3.2045 2.33151e-07 2.25428e-07
 3.205 2.33558e-07 2.25824e-07
 3.2055 2.33966e-07 2.26221e-07
 3.206 2.34376e-07 2.26619e-07
 3.2065 2.34786e-07 2.27018e-07
 3.207 2.35198e-07 2.27418e-07
 3.2075 2.3561e-07 2.2782e-07
 3.208 2.36024e-07 2.28222e-07
 3.2085 2.36439e-07 2.28626e-07
 3.209 2.36855e-07 2.2903e-07
 3.2095 2.37272e-07 2.29436e-07
 3.21 2.37691e-07 2.29843e-07
 3.2105 2.3811e-07 2.30251e-07
 3.211 2.38531e-07 2.3066e-07
 3.2115 2.38953e-07 2.3107e-07
 3.212 2.39376e-07 2.31481e-07
 3.2125 2.398e-07 2.31893e-07
 3.213 2.40225e-07 2.32307e-07
 3.2135 2.40652e-07 2.32721e-07
 3.214 2.41079e-07 2.33137e-07
 3.2145 2.41508e-07 2.33554e-07
 3.215 2.41938e-07 2.33971e-07
 3.2155 2.42369e-07 2.3439e-07
 3.216 2.42802e-07 2.34811e-07
 3.2165 2.43235e-07 2.35232e-07
 3.217 2.4367e-07 2.35655e-07
 3.2175 2.44106e-07 2.36078e-07
 3.218 2.44544e-07 2.36503e-07
 3.2185 2.44982e-07 2.36929e-07
 3.219 2.45422e-07 2.37356e-07
 3.2195 2.45863e-07 2.37784e-07
 3.22 2.46305e-07 2.38214e-07
 3.2205 2.46748e-07 2.38645e-07
 3.221 2.47193e-07 2.39077e-07
 3.2215 2.47638e-07 2.3951e-07
 3.222 2.48086e-07 2.39944e-07
 3.2225 2.48534e-07 2.40379e-07
 3.223 2.48983e-07 2.40816e-07
 3.2235 2.49434e-07 2.41254e-07
 3.224 2.49886e-07 2.41693e-07
 3.2245 2.5034e-07 2.42133e-07
 3.225 2.50795e-07 2.42575e-07
 3.2255 2.51251e-07 2.43018e-07
 3.226 2.51708e-07 2.43462e-07
 3.2265 2.52166e-07 2.43907e-07
 3.227 2.52626e-07 2.44353e-07
 3.2275 2.53087e-07 2.44801e-07
 3.228 2.5355e-07 2.4525e-07
 3.2285 2.54014e-07 2.457e-07
 3.229 2.54479e-07 2.46152e-07
 3.2295 2.54945e-07 2.46605e-07
 3.23 2.55413e-07 2.47059e-07
 3.2305 2.55882e-07 2.47514e-07
 3.231 2.56353e-07 2.47971e-07
 3.2315 2.56825e-07 2.48428e-07
 3.232 2.57298e-07 2.48888e-07
 3.2325 2.57772e-07 2.49348e-07
 3.233 2.58248e-07 2.4981e-07
 3.2335 2.58725e-07 2.50273e-07
 3.234 2.59204e-07 2.50737e-07
 3.2345 2.59684e-07 2.51203e-07
 3.235 2.60165e-07 2.5167e-07
 3.2355 2.60648e-07 2.52139e-07
 3.236 2.61132e-07 2.52608e-07
 3.2365 2.61618e-07 2.53079e-07
 3.237 2.62105e-07 2.53552e-07
 3.2375 2.62593e-07 2.54026e-07
 3.238 2.63083e-07 2.54501e-07
 3.2385 2.63574e-07 2.54977e-07
 3.239 2.64067e-07 2.55455e-07
 3.2395 2.64561e-07 2.55934e-07
 3.24 2.65057e-07 2.56415e-07
 3.2405 2.65554e-07 2.56897e-07
 3.241 2.66052e-07 2.5738e-07
 3.2415 2.66552e-07 2.57865e-07
 3.242 2.67053e-07 2.58351e-07
 3.2425 2.67556e-07 2.58839e-07
 3.243 2.68061e-07 2.59328e-07
 3.2435 2.68566e-07 2.59818e-07
 3.244 2.69074e-07 2.6031e-07
 3.2445 2.69583e-07 2.60804e-07
 3.245 2.70093e-07 2.61298e-07
 3.2455 2.70605e-07 2.61794e-07
 3.246 2.71118e-07 2.62292e-07
 3.2465 2.71633e-07 2.62791e-07
 3.247 2.72149e-07 2.63292e-07
 3.2475 2.72667e-07 2.63794e-07
 3.248 2.73187e-07 2.64297e-07
 3.2485 2.73708e-07 2.64802e-07
 3.249 2.7423e-07 2.65308e-07
 3.2495 2.74754e-07 2.65816e-07
 3.25 2.7528e-07 2.66326e-07
 3.2505 2.75807e-07 2.66837e-07
 3.251 2.76336e-07 2.67349e-07
 3.2515 2.76867e-07 2.67863e-07
 3.252 2.77399e-07 2.68378e-07
 3.2525 2.77932e-07 2.68895e-07
 3.253 2.78467e-07 2.69414e-07
 3.2535 2.79004e-07 2.69934e-07
 3.254 2.79543e-07 2.70456e-07
 3.2545 2.80083e-07 2.70979e-07
 3.255 2.80624e-07 2.71503e-07
 3.2555 2.81168e-07 2.7203e-07
 3.256 2.81713e-07 2.72558e-07
 3.2565 2.82259e-07 2.73087e-07
 3.257 2.82808e-07 2.73618e-07
 3.2575 2.83358e-07 2.74151e-07
 3.258 2.83909e-07 2.74685e-07
 3.2585 2.84463e-07 2.75221e-07
 3.259 2.85018e-07 2.75758e-07
 3.2595 2.85574e-07 2.76297e-07
 3.26 2.86133e-07 2.76838e-07
 3.2605 2.86693e-07 2.7738e-07
 3.261 2.87255e-07 2.77924e-07
 3.2615 2.87818e-07 2.7847e-07
 3.262 2.88384e-07 2.79017e-07
 3.2625 2.88951e-07 2.79566e-07
 3.263 2.8952e-07 2.80117e-07
 3.2635 2.9009e-07 2.80669e-07
 3.264 2.90662e-07 2.81223e-07
 3.2645 2.91237e-07 2.81779e-07
 3.265 2.91812e-07 2.82336e-07
 3.2655 2.9239e-07 2.82895e-07
 3.266 2.9297e-07 2.83456e-07
 3.2665 2.93551e-07 2.84018e-07
 3.267 2.94134e-07 2.84582e-07
 3.2675 2.94719e-07 2.85148e-07
 3.268 2.95305e-07 2.85716e-07
 3.2685 2.95894e-07 2.86286e-07
 3.269 2.96484e-07 2.86857e-07
 3.2695 2.97077e-07 2.8743e-07
 3.27 2.97671e-07 2.88004e-07
 3.2705 2.98267e-07 2.88581e-07
 3.271 2.98864e-07 2.89159e-07
 3.2715 2.99464e-07 2.89739e-07
 3.272 3.00066e-07 2.90321e-07
 3.2725 3.00669e-07 2.90905e-07
 3.273 3.01275e-07 2.91491e-07
 3.2735 3.01882e-07 2.92078e-07
 3.274 3.02491e-07 2.92667e-07
 3.2745 3.03102e-07 2.93258e-07
 3.275 3.03715e-07 2.93851e-07
 3.2755 3.0433e-07 2.94446e-07
 3.276 3.04947e-07 2.95043e-07
 3.2765 3.05566e-07 2.95641e-07
 3.277 3.06187e-07 2.96241e-07
 3.2775 3.0681e-07 2.96844e-07
 3.278 3.07435e-07 2.97448e-07
 3.2785 3.08062e-07 2.98054e-07
 3.279 3.08691e-07 2.98662e-07
 3.2795 3.09322e-07 2.99272e-07
 3.28 3.09955e-07 2.99884e-07
 3.2805 3.1059e-07 3.00498e-07
 3.281 3.11227e-07 3.01113e-07
 3.2815 3.11866e-07 3.01731e-07
 3.282 3.12508e-07 3.02351e-07
 3.2825 3.13151e-07 3.02973e-07
 3.283 3.13796e-07 3.03596e-07
 3.2835 3.14444e-07 3.04222e-07
 3.284 3.15093e-07 3.0485e-07
 3.2845 3.15745e-07 3.05479e-07
 3.285 3.16399e-07 3.06111e-07
 3.2855 3.17055e-07 3.06745e-07
 3.286 3.17713e-07 3.07381e-07
 3.2865 3.18373e-07 3.08019e-07
 3.287 3.19035e-07 3.08659e-07
 3.2875 3.197e-07 3.09301e-07
 3.288 3.20367e-07 3.09945e-07
 3.2885 3.21036e-07 3.10591e-07
 3.289 3.21707e-07 3.11239e-07
 3.2895 3.2238e-07 3.11889e-07
 3.29 3.23056e-07 3.12542e-07
 3.2905 3.23734e-07 3.13197e-07
 3.291 3.24414e-07 3.13853e-07
 3.2915 3.25096e-07 3.14512e-07
 3.292 3.25781e-07 3.15173e-07
 3.2925 3.26467e-07 3.15837e-07
 3.293 3.27157e-07 3.16502e-07
 3.2935 3.27848e-07 3.1717e-07
 3.294 3.28542e-07 3.1784e-07
 3.2945 3.29238e-07 3.18512e-07
 3.295 3.29936e-07 3.19186e-07
 3.2955 3.30637e-07 3.19862e-07
 3.296 3.3134e-07 3.20541e-07
 3.2965 3.32046e-07 3.21222e-07
 3.297 3.32753e-07 3.21905e-07
 3.2975 3.33464e-07 3.22591e-07
 3.298 3.34176e-07 3.23279e-07
 3.2985 3.34891e-07 3.23969e-07
 3.299 3.35609e-07 3.24661e-07
 3.2995 3.36329e-07 3.25356e-07
 3.3 3.37051e-07 3.26053e-07
 3.3005 3.37776e-07 3.26752e-07
 3.301 3.38503e-07 3.27454e-07
 3.3015 3.39233e-07 3.28158e-07
 3.302 3.39965e-07 3.28864e-07
 3.3025 3.40699e-07 3.29573e-07
 3.303 3.41437e-07 3.30285e-07
 3.3035 3.42176e-07 3.30998e-07
 3.304 3.42919e-07 3.31714e-07
 3.3045 3.43664e-07 3.32433e-07
 3.305 3.44411e-07 3.33154e-07
 3.3055 3.45161e-07 3.33877e-07
 3.306 3.45913e-07 3.34603e-07
 3.3065 3.46669e-07 3.35331e-07
 3.307 3.47426e-07 3.36062e-07
 3.3075 3.48187e-07 3.36795e-07
 3.308 3.4895e-07 3.37531e-07
 3.3085 3.49716e-07 3.3827e-07
 3.309 3.50484e-07 3.3901e-07
 3.3095 3.51255e-07 3.39754e-07
 3.31 3.52029e-07 3.405e-07
 3.3105 3.52805e-07 3.41248e-07
 3.311 3.53584e-07 3.42e-07
 3.3115 3.54366e-07 3.42753e-07
 3.312 3.55151e-07 3.4351e-07
 3.3125 3.55938e-07 3.44269e-07
 3.313 3.56728e-07 3.4503e-07
 3.3135 3.57521e-07 3.45795e-07
 3.314 3.58317e-07 3.46562e-07
 3.3145 3.59115e-07 3.47331e-07
 3.315 3.59917e-07 3.48104e-07
 3.3155 3.60721e-07 3.48879e-07
 3.316 3.61528e-07 3.49656e-07
 3.3165 3.62338e-07 3.50437e-07
 3.317 3.63151e-07 3.5122e-07
 3.3175 3.63967e-07 3.52006e-07
 3.318 3.64785e-07 3.52795e-07
 3.3185 3.65607e-07 3.53586e-07
 3.319 3.66431e-07 3.54381e-07
 3.3195 3.67259e-07 3.55178e-07
 3.32 3.68089e-07 3.55978e-07
 3.3205 3.68923e-07 3.5678e-07
 3.321 3.69759e-07 3.57586e-07
 3.3215 3.70598e-07 3.58395e-07
 3.322 3.71441e-07 3.59206e-07
 3.3225 3.72286e-07 3.6002e-07
 3.323 3.73135e-07 3.60838e-07
 3.3235 3.73987e-07 3.61658e-07
 3.324 3.74842e-07 3.62481e-07
 3.3245 3.75699e-07 3.63307e-07
 3.325 3.7656e-07 3.64136e-07
 3.3255 3.77425e-07 3.64968e-07
 3.326 3.78292e-07 3.65803e-07
 3.3265 3.79162e-07 3.66641e-07
 3.327 3.80036e-07 3.67482e-07
 3.3275 3.80913e-07 3.68326e-07
 3.328 3.81793e-07 3.69174e-07
 3.3285 3.82677e-07 3.70024e-07
 3.329 3.83563e-07 3.70877e-07
 3.3295 3.84453e-07 3.71734e-07
 3.33 3.85346e-07 3.72593e-07
 3.3305 3.86243e-07 3.73456e-07
 3.331 3.87143e-07 3.74322e-07
 3.3315 3.88046e-07 3.75191e-07
 3.332 3.88953e-07 3.76064e-07
 3.3325 3.89863e-07 3.76939e-07
 3.333 3.90776e-07 3.77818e-07
 3.3335 3.91693e-07 3.787e-07
 3.334 3.92613e-07 3.79585e-07
 3.3345 3.93537e-07 3.80474e-07
 3.335 3.94464e-07 3.81366e-07
 3.3355 3.95395e-07 3.82261e-07
 3.336 3.96329e-07 3.83159e-07
 3.3365 3.97266e-07 3.84061e-07
 3.337 3.98208e-07 3.84966e-07
 3.3375 3.99153e-07 3.85875e-07
 3.338 4.00101e-07 3.86787e-07
 3.3385 4.01053e-07 3.87702e-07
 3.339 4.02009e-07 3.88621e-07
 3.3395 4.02968e-07 3.89544e-07
 3.34 4.03931e-07 3.90469e-07
 3.3405 4.04898e-07 3.91399e-07
 3.341 4.05868e-07 3.92332e-07
 3.3415 4.06842e-07 3.93268e-07
 3.342 4.0782e-07 3.94208e-07
 3.3425 4.08801e-07 3.95151e-07
 3.343 4.09787e-07 3.96099e-07
 3.3435 4.10776e-07 3.97049e-07
 3.344 4.11769e-07 3.98004e-07
 3.3445 4.12766e-07 3.98962e-07
 3.345 4.13767e-07 3.99923e-07
 3.3455 4.14771e-07 4.00889e-07
 3.346 4.1578e-07 4.01858e-07
 3.3465 4.16793e-07 4.02831e-07
 3.347 4.17809e-07 4.03807e-07
 3.3475 4.18829e-07 4.04787e-07
 3.348 4.19854e-07 4.05772e-07
 3.3485 4.20882e-07 4.0676e-07
 3.349 4.21915e-07 4.07751e-07
 3.3495 4.22952e-07 4.08747e-07
 3.35 4.23992e-07 4.09746e-07
 3.3505 4.25037e-07 4.1075e-07
 3.351 4.26086e-07 4.11757e-07
 3.3515 4.27139e-07 4.12769e-07
 3.352 4.28197e-07 4.13784e-07
 3.3525 4.29258e-07 4.14803e-07
 3.353 4.30324e-07 4.15826e-07
 3.3535 4.31394e-07 4.16854e-07
 3.354 4.32468e-07 4.17885e-07
 3.3545 4.33547e-07 4.1892e-07
 3.355 4.3463e-07 4.1996e-07
 3.3555 4.35717e-07 4.21004e-07
 3.356 4.36809e-07 4.22051e-07
 3.3565 4.37905e-07 4.23103e-07
 3.357 4.39006e-07 4.2416e-07
 3.3575 4.40111e-07 4.2522e-07
 3.358 4.41221e-07 4.26285e-07
 3.3585 4.42335e-07 4.27353e-07
 3.359 4.43453e-07 4.28427e-07
 3.3595 4.44576e-07 4.29504e-07
 3.36 4.45704e-07 4.30586e-07
 3.3605 4.46837e-07 4.31672e-07
 3.361 4.47974e-07 4.32763e-07
 3.3615 4.49115e-07 4.33858e-07
 3.362 4.50262e-07 4.34957e-07
 3.3625 4.51413e-07 4.36061e-07
 3.363 4.52569e-07 4.3717e-07
 3.3635 4.53729e-07 4.38283e-07
 3.364 4.54895e-07 4.394e-07
 3.3645 4.56065e-07 4.40522e-07
 3.365 4.57241e-07 4.41649e-07
 3.3655 4.58421e-07 4.42781e-07
 3.366 4.59606e-07 4.43917e-07
 3.3665 4.60796e-07 4.45057e-07
 3.367 4.61991e-07 4.46203e-07
 3.3675 4.63191e-07 4.47353e-07
 3.368 4.64396e-07 4.48508e-07
 3.3685 4.65606e-07 4.49667e-07
 3.369 4.66822e-07 4.50832e-07
 3.3695 4.68042e-07 4.52001e-07
 3.37 4.69268e-07 4.53175e-07
 3.3705 4.70498e-07 4.54355e-07
 3.371 4.71735e-07 4.55539e-07
 3.3715 4.72976e-07 4.56728e-07
 3.372 4.74223e-07 4.57922e-07
 3.3725 4.75475e-07 4.59121e-07
 3.373 4.76732e-07 4.60325e-07
 3.3735 4.77995e-07 4.61534e-07
 3.374 4.79263e-07 4.62749e-07
 3.3745 4.80537e-07 4.63968e-07
 3.375 4.81816e-07 4.65193e-07
 3.3755 4.831e-07 4.66423e-07
 3.376 4.84391e-07 4.67658e-07
 3.3765 4.85687e-07 4.68899e-07
 3.377 4.86988e-07 4.70144e-07
 3.3775 4.88296e-07 4.71396e-07
 3.378 4.89608e-07 4.72652e-07
 3.3785 4.90927e-07 4.73914e-07
 3.379 4.92252e-07 4.75181e-07
 3.3795 4.93582e-07 4.76454e-07
 3.38 4.94918e-07 4.77733e-07
 3.3805 4.9626e-07 4.79017e-07
 3.381 4.97608e-07 4.80306e-07
 3.3815 4.98962e-07 4.81601e-07
 3.382 5.00322e-07 4.82902e-07
 3.3825 5.01688e-07 4.84208e-07
 3.383 5.03061e-07 4.85521e-07
 3.3835 5.04439e-07 4.86839e-07
 3.384 5.05823e-07 4.88162e-07
 3.3845 5.07214e-07 4.89492e-07
 3.385 5.08611e-07 4.90827e-07
 3.3855 5.10014e-07 4.92169e-07
 3.386 5.11424e-07 4.93516e-07
 3.3865 5.1284e-07 4.94869e-07
 3.387 5.14262e-07 4.96229e-07
 3.3875 5.15691e-07 4.97594e-07
 3.388 5.17126e-07 4.98965e-07
 3.3885 5.18568e-07 5.00343e-07
 3.389 5.20017e-07 5.01727e-07
 3.3895 5.21472e-07 5.03117e-07
 3.39 5.22934e-07 5.04513e-07
 3.3905 5.24402e-07 5.05916e-07
 3.391 5.25877e-07 5.07325e-07
 3.3915 5.27359e-07 5.0874e-07
 3.392 5.28848e-07 5.10162e-07
 3.3925 5.30344e-07 5.1159e-07
 3.393 5.31847e-07 5.13025e-07
 3.3935 5.33357e-07 5.14466e-07
 3.394 5.34874e-07 5.15914e-07
 3.3945 5.36397e-07 5.17368e-07
 3.395 5.37929e-07 5.18829e-07
 3.3955 5.39467e-07 5.20297e-07
 3.396 5.41012e-07 5.21772e-07
 3.3965 5.42565e-07 5.23253e-07
 3.397 5.44125e-07 5.24742e-07
 3.3975 5.45693e-07 5.26237e-07
 3.398 5.47268e-07 5.27739e-07
 3.3985 5.4885e-07 5.29248e-07
 3.399 5.5044e-07 5.30764e-07
 3.3995 5.52038e-07 5.32288e-07
 3.4 5.53643e-07 5.33818e-07
 3.4005 5.55256e-07 5.35356e-07
 3.401 5.56877e-07 5.36901e-07
 3.4015 5.58505e-07 5.38453e-07
 3.402 5.60142e-07 5.40013e-07
 3.4025 5.61786e-07 5.4158e-07
 3.403 5.63438e-07 5.43154e-07
 3.4035 5.65099e-07 5.44736e-07
 3.404 5.66767e-07 5.46325e-07
 3.4045 5.68444e-07 5.47922e-07
 3.405 5.70128e-07 5.49527e-07
 3.4055 5.71821e-07 5.51139e-07
 3.406 5.73523e-07 5.52759e-07
 3.4065 5.75233e-07 5.54387e-07
 3.407 5.76951e-07 5.56023e-07
 3.4075 5.78678e-07 5.57667e-07
 3.408 5.80413e-07 5.59318e-07
 3.4085 5.82157e-07 5.60978e-07
 3.409 5.83909e-07 5.62646e-07
 3.4095 5.85671e-07 5.64322e-07
 3.41 5.87441e-07 5.66006e-07
 3.4105 5.8922e-07 5.67699e-07
 3.411 5.91008e-07 5.69399e-07
 3.4115 5.92805e-07 5.71108e-07
 3.412 5.94612e-07 5.72826e-07
 3.4125 5.96427e-07 5.74552e-07
 3.413 5.98252e-07 5.76287e-07
 3.4135 6.00085e-07 5.7803e-07
 3.414 6.01929e-07 5.79782e-07
 3.4145 6.03781e-07 5.81542e-07
 3.415 6.05644e-07 5.83312e-07
 3.4155 6.07515e-07 5.8509e-07
 3.416 6.09397e-07 5.86877e-07
 3.4165 6.11288e-07 5.88674e-07
 3.417 6.13189e-07 5.90479e-07
 3.4175 6.151e-07 5.92294e-07
 3.418 6.1702e-07 5.94117e-07
 3.4185 6.18951e-07 5.9595e-07
 3.419 6.20892e-07 5.97793e-07
 3.4195 6.22843e-07 5.99644e-07
 3.42 6.24805e-07 6.01506e-07
 3.4205 6.26776e-07 6.03376e-07
 3.421 6.28758e-07 6.05257e-07
 3.4215 6.30751e-07 6.07147e-07
 3.422 6.32754e-07 6.09047e-07
 3.4225 6.34768e-07 6.10956e-07
 3.423 6.36793e-07 6.12876e-07
 3.4235 6.38828e-07 6.14805e-07
 3.424 6.40875e-07 6.16745e-07
 3.4245 6.42932e-07 6.18695e-07
 3.425 6.45e-07 6.20655e-07
 3.4255 6.4708e-07 6.22625e-07
 3.426 6.49171e-07 6.24606e-07
 3.4265 6.51273e-07 6.26597e-07
 3.427 6.53387e-07 6.28599e-07
 3.4275 6.55513e-07 6.30611e-07
 3.428 6.5765e-07 6.32634e-07
 3.4285 6.59798e-07 6.34668e-07
 3.429 6.61959e-07 6.36713e-07
 3.4295 6.64131e-07 6.38768e-07
 3.43 6.66316e-07 6.40835e-07
 3.4305 6.68513e-07 6.42913e-07
 3.431 6.70722e-07 6.45002e-07
 3.4315 6.72943e-07 6.47102e-07
 3.432 6.75176e-07 6.49214e-07
 3.4325 6.77423e-07 6.51337e-07
 3.433 6.79682e-07 6.53472e-07
 3.4335 6.81953e-07 6.55618e-07
 3.434 6.84238e-07 6.57777e-07
 3.4345 6.86535e-07 6.59947e-07
 3.435 6.88846e-07 6.62129e-07
 3.4355 6.91169e-07 6.64323e-07
 3.436 6.93507e-07 6.66529e-07
 3.4365 6.95857e-07 6.68747e-07
 3.437 6.98221e-07 6.70978e-07
 3.4375 7.00599e-07 6.73221e-07
 3.438 7.0299e-07 6.75477e-07
 3.4385 7.05395e-07 6.77746e-07
 3.439 7.07815e-07 6.80027e-07
 3.4395 7.10248e-07 6.82321e-07
 3.44 7.12696e-07 6.84628e-07
 3.4405 7.15158e-07 6.86948e-07
 3.441 7.17634e-07 6.89281e-07
 3.4415 7.20126e-07 6.91628e-07
 3.442 7.22632e-07 6.93988e-07
 3.4425 7.25153e-07 6.96361e-07
 3.443 7.27688e-07 6.98749e-07
 3.4435 7.3024e-07 7.0115e-07
 3.444 7.32806e-07 7.03564e-07
 3.4445 7.35388e-07 7.05993e-07
 3.445 7.37985e-07 7.08436e-07
 3.4455 7.40598e-07 7.10893e-07
 3.446 7.43227e-07 7.13364e-07
 3.4465 7.45872e-07 7.1585e-07
 3.447 7.48533e-07 7.18351e-07
 3.4475 7.51211e-07 7.20866e-07
 3.448 7.53905e-07 7.23396e-07
 3.4485 7.56615e-07 7.25941e-07
 3.449 7.59342e-07 7.28501e-07
 3.4495 7.62087e-07 7.31076e-07
 3.45 7.64848e-07 7.33667e-07
 3.4505 7.67626e-07 7.36273e-07
 3.451 7.70422e-07 7.38895e-07
 3.4515 7.73236e-07 7.41533e-07
 3.452 7.76067e-07 7.44186e-07
 3.4525 7.78916e-07 7.46856e-07
 3.453 7.81783e-07 7.49542e-07
 3.4535 7.84669e-07 7.52244e-07
 3.454 7.87572e-07 7.54962e-07
 3.4545 7.90495e-07 7.57698e-07
 3.455 7.93436e-07 7.6045e-07
 3.4555 7.96396e-07 7.63219e-07
 3.456 7.99376e-07 7.66005e-07
 3.4565 8.02374e-07 7.68809e-07
 3.457 8.05392e-07 7.71629e-07
 3.4575 8.0843e-07 7.74468e-07
 3.458 8.11488e-07 7.77324e-07
 3.4585 8.14566e-07 7.80198e-07
 3.459 8.17664e-07 7.8309e-07
 3.4595 8.20783e-07 7.86001e-07
 3.46 8.23923e-07 7.8893e-07
 3.4605 8.27083e-07 7.91877e-07
 3.461 8.30265e-07 7.94843e-07
 3.4615 8.33468e-07 7.97829e-07
 3.462 8.36692e-07 8.00833e-07
 3.4625 8.39938e-07 8.03857e-07
 3.463 8.43207e-07 8.069e-07
 3.4635 8.46497e-07 8.09962e-07
 3.464 8.49811e-07 8.13045e-07
 3.4645 8.53146e-07 8.16148e-07
 3.465 8.56505e-07 8.19271e-07
 3.4655 8.59887e-07 8.22414e-07
 3.466 8.63293e-07 8.25578e-07
 3.4665 8.66722e-07 8.28763e-07
 3.467 8.70175e-07 8.31969e-07
 3.4675 8.73652e-07 8.35196e-07
 3.468 8.77154e-07 8.38445e-07
 3.4685 8.80681e-07 8.41715e-07
 3.469 8.84232e-07 8.45007e-07
 3.4695 8.87809e-07 8.48322e-07
 3.47 8.91412e-07 8.51659e-07
 3.4705 8.9504e-07 8.55018e-07
 3.471 8.98694e-07 8.584e-07
 3.4715 9.02375e-07 8.61805e-07
 3.472 9.06082e-07 8.65234e-07
 3.4725 9.09817e-07 8.68685e-07
 3.473 9.13578e-07 8.72161e-07
 3.4735 9.17368e-07 8.75661e-07
 3.474 9.21185e-07 8.79185e-07
 3.4745 9.2503e-07 8.82733e-07
 3.475 9.28905e-07 8.86306e-07
 3.4755 9.32807e-07 8.89904e-07
 3.476 9.3674e-07 8.93528e-07
 3.4765 9.40701e-07 8.97176e-07
 3.477 9.44693e-07 9.00851e-07
 3.4775 9.48715e-07 9.04552e-07
 3.478 9.52767e-07 9.08279e-07
 3.4785 9.56851e-07 9.12033e-07
 3.479 9.60965e-07 9.15814e-07
 3.4795 9.65112e-07 9.19621e-07
 3.48 9.6929e-07 9.23457e-07
 3.4805 9.73501e-07 9.2732e-07
 3.481 9.77745e-07 9.31211e-07
 3.4815 9.82022e-07 9.35131e-07
 3.482 9.86333e-07 9.3908e-07
 3.4825 9.90678e-07 9.43057e-07
 3.483 9.95057e-07 9.47064e-07
 3.4835 9.99471e-07 9.51101e-07
 3.484 1.00392e-06 9.55167e-07
 3.4845 1.00841e-06 9.59264e-07
 3.485 1.01293e-06 9.63392e-07
 3.4855 1.01749e-06 9.6755e-07
 3.486 1.02208e-06 9.71741e-07
 3.4865 1.02671e-06 9.75963e-07
 3.487 1.03139e-06 9.80217e-07
 3.4875 1.0361e-06 9.84503e-07
 3.488 1.04084e-06 9.88822e-07
 3.4885 1.04563e-06 9.93175e-07
 3.489 1.05046e-06 9.97561e-07
 3.4895 1.05533e-06 1.00198e-06
 3.49 1.06024e-06 1.00644e-06
 3.4905 1.06519e-06 1.01093e-06
 3.491 1.07019e-06 1.01545e-06
 3.4915 1.07522e-06 1.02001e-06
 3.492 1.0803e-06 1.02461e-06
 3.4925 1.08543e-06 1.02924e-06
 3.493 1.0906e-06 1.03391e-06
 3.4935 1.09581e-06 1.03862e-06
 3.494 1.10107e-06 1.04337e-06
 3.4945 1.10638e-06 1.04815e-06
 3.495 1.11173e-06 1.05297e-06
 3.4955 1.11713e-06 1.05783e-06
 3.496 1.12258e-06 1.06274e-06
 3.4965 1.12808e-06 1.06768e-06
 3.497 1.13363e-06 1.07266e-06
 3.4975 1.13923e-06 1.07768e-06
 3.498 1.14488e-06 1.08275e-06
 3.4985 1.15058e-06 1.08786e-06
 3.499 1.15634e-06 1.09301e-06
 3.4995 1.16214e-06 1.09821e-06
 3.5 1.16801e-06 1.10344e-06
 3.5005 1.17392e-06 1.10873e-06
 3.501 1.1799e-06 1.11406e-06
 3.5015 1.18593e-06 1.11943e-06
 3.502 1.19202e-06 1.12485e-06
 3.5025 1.19816e-06 1.13032e-06
 3.503 1.20437e-06 1.13583e-06
 3.5035 1.21063e-06 1.1414e-06
 3.504 1.21696e-06 1.14701e-06
 3.5045 1.22335e-06 1.15267e-06
 3.505 1.2298e-06 1.15838e-06
 3.5055 1.23631e-06 1.16415e-06
 3.506 1.24289e-06 1.16996e-06
 3.5065 1.24954e-06 1.17583e-06
 3.507 1.25625e-06 1.18175e-06
 3.5075 1.26304e-06 1.18772e-06
 3.508 1.26989e-06 1.19375e-06
 3.5085 1.27681e-06 1.19983e-06
 3.509 1.2838e-06 1.20597e-06
 3.5095 1.29086e-06 1.21217e-06
 3.51 1.298e-06 1.21842e-06
 3.5105 1.30522e-06 1.22474e-06
 3.511 1.31251e-06 1.23111e-06
 3.5115 1.31988e-06 1.23754e-06
 3.512 1.32732e-06 1.24403e-06
 3.5125 1.33485e-06 1.25059e-06
 3.513 1.34246e-06 1.25721e-06
 3.5135 1.35015e-06 1.26389e-06
 3.514 1.35792e-06 1.27064e-06
 3.5145 1.36579e-06 1.27745e-06
 3.515 1.37373e-06 1.28433e-06
 3.5155 1.38177e-06 1.29128e-06
 3.516 1.3899e-06 1.29829e-06
 3.5165 1.39812e-06 1.30538e-06
 3.517 1.40644e-06 1.31254e-06
 3.5175 1.41485e-06 1.31977e-06
 3.518 1.42335e-06 1.32707e-06
 3.5185 1.43196e-06 1.33444e-06
 3.519 1.44067e-06 1.3419e-06
 3.5195 1.44947e-06 1.34943e-06
 3.52 1.45839e-06 1.35703e-06
 3.5205 1.46741e-06 1.36472e-06
 3.521 1.47654e-06 1.37249e-06
 3.5215 1.48578e-06 1.38034e-06
 3.522 1.49513e-06 1.38827e-06
 3.5225 1.5046e-06 1.39628e-06
 3.523 1.51418e-06 1.40439e-06
 3.5235 1.52389e-06 1.41258e-06
 3.524 1.53371e-06 1.42086e-06
 3.5245 1.54366e-06 1.42923e-06
 3.525 1.55374e-06 1.43769e-06
 3.5255 1.56395e-06 1.44624e-06
 3.526 1.57429e-06 1.45489e-06
 3.5265 1.58476e-06 1.46364e-06
 3.527 1.59537e-06 1.47249e-06
 3.5275 1.60612e-06 1.48143e-06
 3.528 1.61702e-06 1.49048e-06
 3.5285 1.62806e-06 1.49963e-06
 3.529 1.63925e-06 1.50889e-06
 3.5295 1.65059e-06 1.51826e-06
 3.53 1.66209e-06 1.52773e-06
 3.5305 1.67375e-06 1.53732e-06
 3.531 1.68557e-06 1.54702e-06
 3.5315 1.69756e-06 1.55684e-06
 3.532 1.70972e-06 1.56677e-06
 3.5325 1.72205e-06 1.57683e-06
 3.533 1.73456e-06 1.58701e-06
 3.5335 1.74726e-06 1.59731e-06
 3.534 1.76013e-06 1.60774e-06
 3.5345 1.7732e-06 1.61831e-06
 3.535 1.78647e-06 1.629e-06
 3.5355 1.79993e-06 1.63983e-06
 3.536 1.8136e-06 1.6508e-06
 3.5365 1.82748e-06 1.66191e-06
 3.537 1.84157e-06 1.67316e-06
 3.5375 1.85588e-06 1.68456e-06
 3.538 1.87042e-06 1.69611e-06
 3.5385 1.88519e-06 1.70781e-06
 3.539 1.90019e-06 1.71967e-06
 3.5395 1.91544e-06 1.73168e-06
 3.54 1.93094e-06 1.74386e-06
 3.5405 1.94669e-06 1.75621e-06
 3.541 1.9627e-06 1.76873e-06
 3.5415 1.97898e-06 1.78142e-06
 3.542 1.99553e-06 1.79428e-06
 3.5425 2.01237e-06 1.80733e-06
 3.543 2.0295e-06 1.82057e-06
 3.5435 2.04693e-06 1.83399e-06
 3.544 2.06466e-06 1.84761e-06
 3.5445 2.08271e-06 1.86143e-06
 3.545 2.10108e-06 1.87545e-06
 3.5455 2.11979e-06 1.88968e-06
 3.546 2.13883e-06 1.90412e-06
 3.5465 2.15823e-06 1.91878e-06
 3.547 2.17799e-06 1.93366e-06
 3.5475 2.19813e-06 1.94877e-06
 3.548 2.21864e-06 1.96412e-06
 3.5485 2.23956e-06 1.97971e-06
 3.549 2.26088e-06 1.99554e-06
 3.5495 2.28261e-06 2.01163e-06
 3.55 2.30478e-06 2.02798e-06
 3.5505 2.3274e-06 2.04459e-06
 3.551 2.35047e-06 2.06147e-06
 3.5515 2.37402e-06 2.07864e-06
 3.552 2.39806e-06 2.09609e-06
 3.5525 2.4226e-06 2.11384e-06
 3.553 2.44766e-06 2.13189e-06
 3.5535 2.47327e-06 2.15026e-06
 3.554 2.49942e-06 2.16894e-06
 3.5545 2.52615e-06 2.18795e-06
 3.555 2.55348e-06 2.20731e-06
 3.5555 2.58142e-06 2.22701e-06
 3.556 2.60999e-06 2.24707e-06
 3.5565 2.63922e-06 2.26749e-06
 3.557 2.66914e-06 2.2883e-06
 3.5575 2.69976e-06 2.3095e-06
 3.558 2.73111e-06 2.33111e-06
 3.5585 2.76321e-06 2.35313e-06
 3.559 2.7961e-06 2.37558e-06
 3.5595 2.82981e-06 2.39847e-06
 3.56 2.86436e-06 2.42181e-06
 3.5605 2.89979e-06 2.44563e-06
 3.561 2.93613e-06 2.46994e-06
 3.5615 2.97342e-06 2.49474e-06
 3.562 3.01169e-06 2.52007e-06
 3.5625 3.05099e-06 2.54593e-06
 3.563 3.09135e-06 2.57234e-06
 3.5635 3.13282e-06 2.59933e-06
 3.564 3.17544e-06 2.62691e-06
 3.5645 3.21927e-06 2.65511e-06
 3.565 3.26436e-06 2.68394e-06
 3.5655 3.31075e-06 2.71344e-06
 3.566 3.3585e-06 2.74361e-06
 3.5665 3.40769e-06 2.7745e-06
 3.567 3.45836e-06 2.80612e-06
 3.5675 3.51059e-06 2.83851e-06
 3.568 3.56444e-06 2.87169e-06
 3.5685 3.62e-06 2.90569e-06
 3.569 3.67734e-06 2.94055e-06
 3.5695 3.73656e-06 2.97631e-06
 3.57 3.79773e-06 3.01299e-06
 3.5705 3.86095e-06 3.05064e-06
 3.571 3.92633e-06 3.08929e-06
 3.5715 3.99398e-06 3.129e-06
 3.572 4.06401e-06 3.1698e-06
 3.5725 4.13654e-06 3.21175e-06
 3.573 4.21171e-06 3.25489e-06
 3.5735 4.28965e-06 3.29928e-06
 3.574 4.37052e-06 3.34497e-06
 3.5745 4.45448e-06 3.39203e-06
 3.575 4.5417e-06 3.44053e-06
 3.5755 4.63237e-06 3.49052e-06
 3.576 4.72667e-06 3.54208e-06
 3.5765 4.82484e-06 3.5953e-06
 3.577 4.92708e-06 3.65025e-06
 3.5775 5.03366e-06 3.70702e-06
 3.578 5.14483e-06 3.7657e-06
 3.5785 5.26089e-06 3.82641e-06
 3.579 5.38213e-06 3.88924e-06
 3.5795 5.5089e-06 3.95431e-06
 3.58 5.64157e-06 4.02175e-06
 3.5805 5.78051e-06 4.09168e-06
 3.581 5.92616e-06 4.16426e-06
 3.5815 6.07899e-06 4.23964e-06
 3.582 6.23949e-06 4.31799e-06
 3.5825 6.40822e-06 4.39947e-06
 3.583 6.58579e-06 4.4843e-06
 3.5835 6.77284e-06 4.57267e-06
 3.584 6.97011e-06 4.66482e-06
 3.5845 7.17838e-06 4.76099e-06
 3.585 7.39853e-06 4.86145e-06
 3.5855 7.63152e-06 4.96649e-06
 3.586 7.8784e-06 5.07643e-06
 3.5865 8.14035e-06 5.19162e-06
 3.587 8.41867e-06 5.31242e-06
 3.5875 8.7148e-06 5.43927e-06
 3.588 9.03035e-06 5.5726e-06
 3.5885 9.36712e-06 5.71293e-06
 3.589 9.7271e-06 5.86079e-06
 3.5895 1.01126e-05 6.0168e-06
 3.59 1.0526e-05 6.18162e-06
 3.5905 1.09704e-05 6.356e-06
 3.591 1.14488e-05 6.54075e-06
 3.5915 1.19649e-05 6.7368e-06
 3.592 1.25231e-05 6.94516e-06
 3.5925 1.31279e-05 7.16697e-06
 3.593 1.37849e-05 7.40351e-06
 3.5935 1.45003e-05 7.65621e-06
 3.594 1.52815e-05 7.9267e-06
 3.5945 1.6137e-05 8.2168e-06
 3.595 1.70764e-05 8.52858e-06
 3.5955 1.81115e-05 8.8644e-06
 3.596 1.92558e-05 9.22697e-06
 3.5965 2.05254e-05 9.61935e-06
 3.597 2.19396e-05 1.00451e-05
 3.5975 2.35214e-05 1.05083e-05
 3.598 2.52985e-05 1.10138e-05
 3.5985 2.73049e-05 1.15669e-05
 3.599 2.95821e-05 1.21744e-05
 3.5995 3.21813e-05 1.28437e-05
 3.6 3.51668e-05 1.35839e-05
 3.6005 3.86193e-05 1.44057e-05
 3.601 4.2642e-05 1.5322e-05
 3.6015 4.73685e-05 1.63484e-05
 3.602 5.29732e-05 1.75038e-05
 3.6025 5.96886e-05 1.88111e-05
 3.603 6.78294e-05 2.0299e-05
 3.6035 7.78295e-05 2.20032e-05
 3.604 9.03015e-05 2.39683e-05
 3.6045 0.000106132 2.62516e-05
 3.605 0.000126642 2.89269e-05
 3.6055 0.00015387 3.20904e-05
 3.606 0.000191092 3.58704e-05
 3.6065 0.00024384 4.04398e-05
 3.607 0.000322034 4.60374e-05
 3.6075 0.000444884 5.3e-05
 3.608 0.000653404 6.18162e-05
 3.6085 0.00104727 7.32204e-05
 3.609 0.00191452 8.83728e-05
 3.6095 0.00427661 0.000109266
 3.61 0.0111045 0.000139556
 3.6105 0.0109492 0.000181508
 3.611 0.00420796 0.000245058
 3.6115 0.00189177 0.000353624
 3.612 0.00103795 0.000555437
 3.6125 0.000648936 0.00098735
 3.613 0.000442543 0.00212054
 3.6135 0.00032077 0.00554209
 3.614 0.000243184 0.00707541
 3.6145 0.000190811 0.00282076
 3.615 0.000153841 0.00122179
 3.6155 0.000126794 0.00065364
 3.616 0.000106421 0.000402643
 3.6165 9.07015e-05 0.000272294
 3.617 7.83223e-05 0.000196555
 3.6175 6.8403e-05 0.000148849
 3.618 6.03348e-05 0.000116937
 3.6185 5.36861e-05 9.45746e-05
 3.619 4.81438e-05 7.83174e-05
 3.6195 4.34769e-05 6.6141e-05
 3.62 3.95115e-05 5.67942e-05
 3.6205 3.61147e-05 4.94705e-05
 3.621 3.31838e-05 4.36313e-05
 3.6215 3.06383e-05 3.8906e-05
 3.622 2.84142e-05 3.50328e-05
 3.6225 2.64606e-05 3.18227e-05
 3.623 2.47359e-05 2.91363e-05
 3.6235 2.32066e-05 2.68694e-05
 3.624 2.18448e-05 2.49423e-05
 3.6245 2.06276e-05 2.32936e-05
 3.625 1.95359e-05 2.18755e-05
 3.6255 1.85535e-05 2.06498e-05
 3.626 1.76671e-05 1.95863e-05
 3.6265 1.68649e-05 1.86606e-05
 3.627 1.61373e-05 1.78526e-05
 3.6275 1.54759e-05 1.71462e-05
 3.628 1.48732e-05 1.65278e-05
 3.6285 1.43232e-05 1.59863e-05
 3.629 1.38204e-05 1.55123e-05
 3.6295 1.33599e-05 1.50981e-05
 3.63 1.29377e-05 1.47369e-05
 3.6305 1.25502e-05 1.44232e-05
 3.631 1.21941e-05 1.41522e-05
 3.6315 1.18665e-05 1.39198e-05
 3.632 1.15651e-05 1.37226e-05
 3.6325 1.12874e-05 1.35576e-05
 3.633 1.10317e-05 1.34223e-05
 3.6335 1.07961e-05 1.33144e-05
 3.634 1.0579e-05 1.32322e-05
 3.6345 1.0379e-05 1.3174e-05
 3.635 1.01948e-05 1.31384e-05
 3.6355 1.00253e-05 1.31244e-05
 3.636 9.86949e-06 1.31311e-05
 3.6365 9.72639e-06 1.31575e-05
 3.637 9.59516e-06 1.32032e-05
 3.6375 9.47505e-06 1.32676e-05
 3.638 9.36536e-06 1.33503e-05
 3.6385 9.26548e-06 1.34512e-05
 3.639 9.17482e-06 1.35702e-05
 3.6395 9.09287e-06 1.37072e-05
 3.64 9.01916e-06 1.38623e-05
 3.6405 8.95326e-06 1.40358e-05
 3.641 8.89478e-06 1.4228e-05
 3.6415 8.84337e-06 1.44392e-05
 3.642 8.7987e-06 1.46701e-05
 3.6425 8.76047e-06 1.49212e-05
 3.643 8.72842e-06 1.51934e-05
 3.6435 8.70231e-06 1.54874e-05
 3.644 8.68191e-06 1.58045e-05
 3.6445 8.66702e-06 1.61456e-05
 3.645 8.65747e-06 1.65122e-05
 3.6455 8.65309e-06 1.69057e-05
 3.646 8.65374e-06 1.73278e-05
 3.6465 8.65927e-06 1.77805e-05
 3.647 8.66958e-06 1.82658e-05
 3.6475 8.68457e-06 1.87861e-05
 3.648 8.70413e-06 1.9344e-05
 3.6485 8.7282e-06 1.99427e-05
 3.649 8.75671e-06 2.05855e-05
 3.6495 8.78959e-06 2.12761e-05
 3.65 8.82682e-06 2.20189e-05
