 3.1 0.000137502 9.84034e-05
 3.1005 0.000137729 9.85756e-05
 3.101 0.000137956 9.87483e-05
 3.1015 0.000138184 9.89215e-05
 3.102 0.000138413 9.90951e-05
 3.1025 0.000138642 9.92693e-05
 3.103 0.000138872 9.94439e-05
 3.1035 0.000139102 9.96191e-05
 3.104 0.000139333 9.97948e-05
 3.1045 0.000139565 9.99709e-05
 3.105 0.000139797 0.000100148
 3.1055 0.00014003 0.000100325
 3.106 0.000140264 0.000100502
 3.1065 0.000140498 0.000100681
 3.107 0.000140733 0.000100859
 3.1075 0.000140968 0.000101039
 3.108 0.000141204 0.000101218
 3.1085 0.000141441 0.000101399
 3.109 0.000141679 0.000101579
 3.1095 0.000141917 0.000101761
 3.11 0.000142155 0.000101943
 3.1105 0.000142395 0.000102125
 3.111 0.000142635 0.000102308
 3.1115 0.000142875 0.000102491
 3.112 0.000143117 0.000102675
 3.1125 0.000143359 0.00010286
 3.113 0.000143601 0.000103045
 3.1135 0.000143845 0.000103231
 3.114 0.000144089 0.000103417
 3.1145 0.000144333 0.000103603
 3.115 0.000144579 0.000103791
 3.1155 0.000144825 0.000103978
 3.116 0.000145071 0.000104167
 3.1165 0.000145319 0.000104356
 3.117 0.000145567 0.000104545
 3.1175 0.000145815 0.000104735
 3.118 0.000146065 0.000104926
 3.1185 0.000146315 0.000105117
 3.119 0.000146566 0.000105309
 3.1195 0.000146817 0.000105501
 3.12 0.000147069 0.000105694
 3.1205 0.000147322 0.000105887
 3.121 0.000147576 0.000106081
 3.1215 0.00014783 0.000106276
 3.122 0.000148085 0.000106471
 3.1225 0.000148341 0.000106667
 3.123 0.000148598 0.000106863
 3.1235 0.000148855 0.00010706
 3.124 0.000149113 0.000107257
 3.1245 0.000149371 0.000107455
 3.125 0.000149631 0.000107654
 3.1255 0.000149891 0.000107853
 3.126 0.000150151 0.000108053
 3.1265 0.000150413 0.000108254
 3.127 0.000150675 0.000108455
 3.1275 0.000150938 0.000108656
 3.128 0.000151202 0.000108859
 3.1285 0.000151467 0.000109062
 3.129 0.000151732 0.000109265
 3.1295 0.000151998 0.000109469
 3.13 0.000152265 0.000109674
 3.1305 0.000152532 0.000109879
 3.131 0.000152801 0.000110085
 3.1315 0.00015307 0.000110292
 3.132 0.000153339 0.000110499
 3.1325 0.00015361 0.000110707
 3.133 0.000153881 0.000110916
 3.1335 0.000154154 0.000111125
 3.134 0.000154427 0.000111335
 3.1345 0.0001547 0.000111545
 3.135 0.000154975 0.000111756
 3.1355 0.00015525 0.000111968
 3.136 0.000155526 0.00011218
 3.1365 0.000155803 0.000112393
 3.137 0.000156081 0.000112607
 3.1375 0.000156359 0.000112821
 3.138 0.000156639 0.000113036
 3.1385 0.000156919 0.000113252
 3.139 0.0001572 0.000113468
 3.1395 0.000157481 0.000113685
 3.14 0.000157764 0.000113903
 3.1405 0.000158047 0.000114121
 3.141 0.000158331 0.00011434
 3.1415 0.000158616 0.00011456
 3.142 0.000158902 0.000114781
 3.1425 0.000159189 0.000115002
 3.143 0.000159477 0.000115223
 3.1435 0.000159765 0.000115446
 3.144 0.000160054 0.000115669
 3.1445 0.000160344 0.000115893
 3.145 0.000160635 0.000116117
 3.1455 0.000160927 0.000116343
 3.146 0.00016122 0.000116569
 3.1465 0.000161513 0.000116795
 3.147 0.000161807 0.000117023
 3.1475 0.000162103 0.000117251
 3.148 0.000162399 0.00011748
 3.1485 0.000162696 0.000117709
 3.149 0.000162994 0.00011794
 3.1495 0.000163292 0.000118171
 3.15 0.000163592 0.000118402
 3.1505 0.000163893 0.000118635
 3.151 0.000164194 0.000118868
 3.1515 0.000164496 0.000119102
 3.152 0.0001648 0.000119337
 3.1525 0.000165104 0.000119572
 3.153 0.000165409 0.000119808
 3.1535 0.000165715 0.000120045
 3.154 0.000166022 0.000120283
 3.1545 0.000166329 0.000120521
 3.155 0.000166638 0.000120761
 3.1555 0.000166948 0.000121001
 3.156 0.000167258 0.000121241
 3.1565 0.00016757 0.000121483
 3.157 0.000167882 0.000121725
 3.1575 0.000168196 0.000121968
 3.158 0.00016851 0.000122212
 3.1585 0.000168825 0.000122457
 3.159 0.000169142 0.000122703
 3.1595 0.000169459 0.000122949
 3.16 0.000169777 0.000123196
 3.1605 0.000170096 0.000123444
 3.161 0.000170416 0.000123692
 3.1615 0.000170738 0.000123942
 3.162 0.00017106 0.000124192
 3.1625 0.000171383 0.000124443
 3.163 0.000171707 0.000124695
 3.1635 0.000172032 0.000124948
 3.164 0.000172358 0.000125202
 3.1645 0.000172685 0.000125456
 3.165 0.000173013 0.000125711
 3.1655 0.000173342 0.000125967
 3.166 0.000173672 0.000126224
 3.1665 0.000174004 0.000126482
 3.167 0.000174336 0.000126741
 3.1675 0.000174669 0.000127
 3.168 0.000175003 0.000127261
 3.1685 0.000175338 0.000127522
 3.169 0.000175675 0.000127784
 3.1695 0.000176012 0.000128047
 3.17 0.00017635 0.000128311
 3.1705 0.00017669 0.000128575
 3.171 0.00017703 0.000128841
 3.1715 0.000177372 0.000129107
 3.172 0.000177715 0.000129375
 3.1725 0.000178058 0.000129643
 3.173 0.000178403 0.000129912
 3.1735 0.000178749 0.000130182
 3.174 0.000179096 0.000130453
 3.1745 0.000179444 0.000130725
 3.175 0.000179793 0.000130998
 3.1755 0.000180144 0.000131271
 3.176 0.000180495 0.000131546
 3.1765 0.000180847 0.000131821
 3.177 0.000181201 0.000132098
 3.1775 0.000181556 0.000132375
 3.178 0.000181912 0.000132654
 3.1785 0.000182269 0.000132933
 3.179 0.000182627 0.000133213
 3.1795 0.000182986 0.000133494
 3.18 0.000183346 0.000133777
 3.1805 0.000183708 0.00013406
 3.181 0.000184071 0.000134344
 3.1815 0.000184435 0.000134629
 3.182 0.0001848 0.000134915
 3.1825 0.000185166 0.000135202
 3.183 0.000185533 0.00013549
 3.1835 0.000185902 0.000135779
 3.184 0.000186272 0.000136069
 3.1845 0.000186643 0.00013636
 3.185 0.000187015 0.000136651
 3.1855 0.000187388 0.000136944
 3.186 0.000187763 0.000137238
 3.1865 0.000188139 0.000137533
 3.187 0.000188516 0.000137829
 3.1875 0.000188894 0.000138126
 3.188 0.000189274 0.000138425
 3.1885 0.000189654 0.000138724
 3.189 0.000190036 0.000139024
 3.1895 0.00019042 0.000139325
 3.19 0.000190804 0.000139627
 3.1905 0.00019119 0.000139931
 3.191 0.000191577 0.000140235
 3.1915 0.000191965 0.00014054
 3.192 0.000192355 0.000140847
 3.1925 0.000192746 0.000141154
 3.193 0.000193138 0.000141463
 3.1935 0.000193531 0.000141773
 3.194 0.000193926 0.000142084
 3.1945 0.000194322 0.000142396
 3.195 0.000194719 0.000142709
 3.1955 0.000195118 0.000143023
 3.196 0.000195518 0.000143338
 3.1965 0.000195919 0.000143654
 3.197 0.000196322 0.000143972
 3.1975 0.000196726 0.00014429
 3.198 0.000197132 0.00014461
 3.1985 0.000197538 0.000144931
 3.199 0.000197947 0.000145253
 3.1995 0.000198356 0.000145576
 3.2 0.000198767 0.000145901
 3.2005 0.000199179 0.000146226
 3.201 0.000199593 0.000146553
 3.2015 0.000200008 0.000146881
 3.202 0.000200424 0.00014721
 3.2025 0.000200842 0.00014754
 3.203 0.000201261 0.000147872
 3.2035 0.000201682 0.000148204
 3.204 0.000202104 0.000148538
 3.2045 0.000202528 0.000148873
 3.205 0.000202953 0.000149209
 3.2055 0.000203379 0.000149547
 3.206 0.000203807 0.000149885
 3.2065 0.000204237 0.000150225
 3.207 0.000204668 0.000150567
 3.2075 0.0002051 0.000150909
 3.208 0.000205534 0.000151253
 3.2085 0.000205969 0.000151598
 3.209 0.000206406 0.000151944
 3.2095 0.000206844 0.000152291
 3.21 0.000207284 0.00015264
 3.2105 0.000207725 0.00015299
 3.211 0.000208168 0.000153341
 3.2115 0.000208613 0.000153694
 3.212 0.000209059 0.000154048
 3.2125 0.000209506 0.000154403
 3.213 0.000209956 0.00015476
 3.2135 0.000210406 0.000155118
 3.214 0.000210858 0.000155477
 3.2145 0.000211312 0.000155837
 3.215 0.000211768 0.000156199
 3.2155 0.000212225 0.000156563
 3.216 0.000212683 0.000156927
 3.2165 0.000213144 0.000157293
 3.217 0.000213605 0.00015766
 3.2175 0.000214069 0.000158029
 3.218 0.000214534 0.000158399
 3.2185 0.000215001 0.000158771
 3.219 0.000215469 0.000159144
 3.2195 0.000215939 0.000159518
 3.22 0.000216411 0.000159894
 3.2205 0.000216885 0.000160271
 3.221 0.00021736 0.000160649
 3.2215 0.000217837 0.000161029
 3.222 0.000218315 0.000161411
 3.2225 0.000218795 0.000161794
 3.223 0.000219277 0.000162178
 3.2235 0.000219761 0.000162564
 3.224 0.000220247 0.000162951
 3.2245 0.000220734 0.00016334
 3.225 0.000221223 0.00016373
 3.2255 0.000221714 0.000164122
 3.226 0.000222206 0.000164515
 3.2265 0.0002227 0.00016491
 3.227 0.000223196 0.000165307
 3.2275 0.000223694 0.000165704
 3.228 0.000224194 0.000166104
 3.2285 0.000224696 0.000166505
 3.229 0.000225199 0.000166907
 3.2295 0.000225704 0.000167311
 3.23 0.000226211 0.000167717
 3.2305 0.00022672 0.000168124
 3.231 0.000227231 0.000168533
 3.2315 0.000227744 0.000168943
 3.232 0.000228258 0.000169355
 3.2325 0.000228775 0.000169769
 3.233 0.000229293 0.000170184
 3.2335 0.000229813 0.000170601
 3.234 0.000230335 0.00017102
 3.2345 0.000230859 0.00017144
 3.235 0.000231386 0.000171862
 3.2355 0.000231914 0.000172285
 3.236 0.000232444 0.00017271
 3.2365 0.000232976 0.000173137
 3.237 0.00023351 0.000173566
 3.2375 0.000234046 0.000173996
 3.238 0.000234584 0.000174428
 3.2385 0.000235124 0.000174862
 3.239 0.000235666 0.000175297
 3.2395 0.00023621 0.000175734
 3.24 0.000236756 0.000176173
 3.2405 0.000237304 0.000176614
 3.241 0.000237854 0.000177056
 3.2415 0.000238407 0.0001775
 3.242 0.000238961 0.000177946
 3.2425 0.000239518 0.000178394
 3.243 0.000240076 0.000178844
 3.2435 0.000240637 0.000179295
 3.244 0.0002412 0.000179749
 3.2445 0.000241765 0.000180204
 3.245 0.000242333 0.000180661
 3.2455 0.000242902 0.000181119
 3.246 0.000243474 0.00018158
 3.2465 0.000244048 0.000182043
 3.247 0.000244624 0.000182507
 3.2475 0.000245202 0.000182974
 3.248 0.000245782 0.000183442
 3.2485 0.000246365 0.000183912
 3.249 0.00024695 0.000184384
 3.2495 0.000247538 0.000184858
 3.25 0.000248127 0.000185334
 3.2505 0.000248719 0.000185813
 3.251 0.000249313 0.000186293
 3.2515 0.00024991 0.000186775
 3.252 0.000250509 0.000187259
 3.2525 0.00025111 0.000187745
 3.253 0.000251714 0.000188233
 3.2535 0.00025232 0.000188723
 3.254 0.000252928 0.000189215
 3.2545 0.000253539 0.000189709
 3.255 0.000254152 0.000190205
 3.2555 0.000254767 0.000190704
 3.256 0.000255386 0.000191204
 3.2565 0.000256006 0.000191707
 3.257 0.000256629 0.000192211
 3.2575 0.000257255 0.000192718
 3.258 0.000257883 0.000193227
 3.2585 0.000258513 0.000193738
 3.259 0.000259146 0.000194252
 3.2595 0.000259782 0.000194767
 3.26 0.00026042 0.000195285
 3.2605 0.00026106 0.000195805
 3.261 0.000261704 0.000196327
 3.2615 0.00026235 0.000196851
 3.262 0.000262998 0.000197378
 3.2625 0.000263649 0.000197907
 3.263 0.000264303 0.000198438
 3.2635 0.000264959 0.000198971
 3.264 0.000265619 0.000199507
 3.2645 0.00026628 0.000200045
 3.265 0.000266945 0.000200585
 3.2655 0.000267612 0.000201128
 3.266 0.000268282 0.000201673
 3.2665 0.000268955 0.000202221
 3.267 0.00026963 0.000202771
 3.2675 0.000270309 0.000203323
 3.268 0.00027099 0.000203878
 3.2685 0.000271674 0.000204435
 3.269 0.000272361 0.000204994
 3.2695 0.00027305 0.000205556
 3.27 0.000273743 0.000206121
 3.2705 0.000274438 0.000206688
 3.271 0.000275136 0.000207257
 3.2715 0.000275838 0.000207829
 3.272 0.000276542 0.000208404
 3.2725 0.000277249 0.000208981
 3.273 0.000277959 0.000209561
 3.2735 0.000278672 0.000210143
 3.274 0.000279388 0.000210728
 3.2745 0.000280107 0.000211315
 3.275 0.000280829 0.000211905
 3.2755 0.000281555 0.000212498
 3.276 0.000282283 0.000213094
 3.2765 0.000283014 0.000213692
 3.277 0.000283749 0.000214293
 3.2775 0.000284486 0.000214896
 3.278 0.000285227 0.000215502
 3.2785 0.000285971 0.000216112
 3.279 0.000286719 0.000216723
 3.2795 0.000287469 0.000217338
 3.28 0.000288223 0.000217955
 3.2805 0.00028898 0.000218575
 3.281 0.00028974 0.000219199
 3.2815 0.000290503 0.000219824
 3.282 0.00029127 0.000220453
 3.2825 0.00029204 0.000221085
 3.283 0.000292814 0.000221719
 3.2835 0.000293591 0.000222357
 3.284 0.000294371 0.000222997
 3.2845 0.000295155 0.000223641
 3.285 0.000295942 0.000224287
 3.2855 0.000296732 0.000224937
 3.286 0.000297527 0.000225589
 3.2865 0.000298324 0.000226245
 3.287 0.000299125 0.000226903
 3.2875 0.00029993 0.000227565
 3.288 0.000300738 0.00022823
 3.2885 0.00030155 0.000228898
 3.289 0.000302366 0.000229569
 3.2895 0.000303185 0.000230243
 3.29 0.000304008 0.00023092
 3.2905 0.000304834 0.000231601
 3.291 0.000305665 0.000232285
 3.2915 0.000306499 0.000232972
 3.292 0.000307336 0.000233662
 3.2925 0.000308178 0.000234356
 3.293 0.000309023 0.000235053
 3.2935 0.000309872 0.000235753
 3.294 0.000310725 0.000236457
 3.2945 0.000311582 0.000237164
 3.295 0.000312443 0.000237874
 3.2955 0.000313308 0.000238588
 3.296 0.000314177 0.000239306
 3.2965 0.000315049 0.000240026
 3.297 0.000315926 0.000240751
 3.2975 0.000316807 0.000241479
 3.298 0.000317692 0.00024221
 3.2985 0.000318581 0.000242945
 3.299 0.000319474 0.000243684
 3.2995 0.000320371 0.000244426
 3.3 0.000321273 0.000245172
 3.3005 0.000322178 0.000245921
 3.301 0.000323088 0.000246675
 3.3015 0.000324002 0.000247432
 3.302 0.000324921 0.000248192
 3.3025 0.000325843 0.000248957
 3.303 0.00032677 0.000249725
 3.3035 0.000327702 0.000250497
 3.304 0.000328638 0.000251273
 3.3045 0.000329578 0.000252053
 3.305 0.000330523 0.000252837
 3.3055 0.000331472 0.000253624
 3.306 0.000332426 0.000254416
 3.3065 0.000333385 0.000255212
 3.307 0.000334348 0.000256011
 3.3075 0.000335315 0.000256815
 3.308 0.000336287 0.000257623
 3.3085 0.000337264 0.000258435
 3.309 0.000338246 0.000259251
 3.3095 0.000339233 0.000260071
 3.31 0.000340224 0.000260896
 3.3105 0.00034122 0.000261724
 3.311 0.000342221 0.000262557
 3.3115 0.000343227 0.000263394
 3.312 0.000344237 0.000264236
 3.3125 0.000345253 0.000265082
 3.313 0.000346274 0.000265932
 3.3135 0.000347299 0.000266787
 3.314 0.00034833 0.000267646
 3.3145 0.000349366 0.000268509
 3.315 0.000350407 0.000269378
 3.3155 0.000351453 0.00027025
 3.316 0.000352505 0.000271128
 3.3165 0.000353562 0.000272009
 3.317 0.000354624 0.000272896
 3.3175 0.000355691 0.000273787
 3.318 0.000356764 0.000274683
 3.3185 0.000357842 0.000275584
 3.319 0.000358925 0.000276489
 3.3195 0.000360014 0.0002774
 3.32 0.000361109 0.000278315
 3.3205 0.000362209 0.000279235
 3.321 0.000363314 0.00028016
 3.3215 0.000364426 0.00028109
 3.322 0.000365543 0.000282025
 3.3225 0.000366666 0.000282965
 3.323 0.000367794 0.00028391
 3.3235 0.000368929 0.00028486
 3.324 0.000370069 0.000285816
 3.3245 0.000371215 0.000286776
 3.325 0.000372367 0.000287742
 3.3255 0.000373525 0.000288714
 3.326 0.000374689 0.00028969
 3.3265 0.000375859 0.000290672
 3.327 0.000377036 0.000291659
 3.3275 0.000378218 0.000292652
 3.328 0.000379407 0.000293651
 3.3285 0.000380602 0.000294654
 3.329 0.000381803 0.000295664
 3.3295 0.000383011 0.000296679
 3.33 0.000384225 0.0002977
 3.3305 0.000385446 0.000298726
 3.331 0.000386673 0.000299759
 3.3315 0.000387907 0.000300797
 3.332 0.000389147 0.000301841
 3.3325 0.000390394 0.000302891
 3.333 0.000391648 0.000303946
 3.3335 0.000392908 0.000305008
 3.334 0.000394176 0.000306076
 3.3345 0.00039545 0.00030715
 3.335 0.000396731 0.00030823
 3.3355 0.000398019 0.000309317
 3.336 0.000399315 0.00031041
 3.3365 0.000400617 0.000311509
 3.337 0.000401926 0.000312614
 3.3375 0.000403243 0.000313726
 3.338 0.000404567 0.000314844
 3.3385 0.000405899 0.000315969
 3.339 0.000407237 0.0003171
 3.3395 0.000408584 0.000318238
 3.34 0.000409937 0.000319383
 3.3405 0.000411299 0.000320535
 3.341 0.000412668 0.000321693
 3.3415 0.000414045 0.000322858
 3.342 0.000415429 0.00032403
 3.3425 0.000416821 0.00032521
 3.343 0.000418222 0.000326396
 3.3435 0.00041963 0.000327589
 3.344 0.000421046 0.00032879
 3.3445 0.00042247 0.000329997
 3.345 0.000423903 0.000331213
 3.3455 0.000425344 0.000332435
 3.346 0.000426793 0.000333665
 3.3465 0.00042825 0.000334902
 3.347 0.000429716 0.000336147
 3.3475 0.000431191 0.0003374
 3.348 0.000432674 0.00033866
 3.3485 0.000434166 0.000339928
 3.349 0.000435666 0.000341204
 3.3495 0.000437175 0.000342488
 3.35 0.000438694 0.00034378
 3.3505 0.000440221 0.00034508
 3.351 0.000441757 0.000346388
 3.3515 0.000443302 0.000347704
 3.352 0.000444857 0.000349029
 3.3525 0.000446421 0.000350362
 3.353 0.000447994 0.000351703
 3.3535 0.000449577 0.000353053
 3.354 0.000451169 0.000354412
 3.3545 0.000452771 0.000355779
 3.355 0.000454383 0.000357155
 3.3555 0.000456005 0.00035854
 3.356 0.000457636 0.000359933
 3.3565 0.000459277 0.000361336
 3.357 0.000460929 0.000362748
 3.3575 0.000462591 0.000364169
 3.358 0.000464262 0.0003656
 3.3585 0.000465945 0.000367039
 3.359 0.000467637 0.000368489
 3.3595 0.000469341 0.000369948
 3.36 0.000471055 0.000371416
 3.3605 0.000472779 0.000372894
 3.361 0.000474515 0.000374382
 3.3615 0.000476261 0.000375881
 3.362 0.000478019 0.000377389
 3.3625 0.000479788 0.000378907
 3.363 0.000481568 0.000380435
 3.3635 0.000483359 0.000381974
 3.364 0.000485162 0.000383524
 3.3645 0.000486976 0.000385084
 3.365 0.000488802 0.000386654
 3.3655 0.00049064 0.000388236
 3.366 0.00049249 0.000389828
 3.3665 0.000494352 0.000391431
 3.367 0.000496226 0.000393046
 3.3675 0.000498113 0.000394672
 3.368 0.000500012 0.000396309
 3.3685 0.000501923 0.000397957
 3.369 0.000503847 0.000399618
 3.3695 0.000505784 0.00040129
 3.37 0.000507733 0.000402973
 3.3705 0.000509696 0.000404669
 3.371 0.000511672 0.000406377
 3.3715 0.000513661 0.000408097
 3.372 0.000515664 0.00040983
 3.3725 0.00051768 0.000411575
 3.373 0.00051971 0.000413333
 3.3735 0.000521754 0.000415104
 3.374 0.000523811 0.000416887
 3.3745 0.000525883 0.000418684
 3.375 0.00052797 0.000420494
 3.3755 0.00053007 0.000422317
 3.376 0.000532185 0.000424154
 3.3765 0.000534315 0.000426005
 3.377 0.00053646 0.000427869
 3.3775 0.00053862 0.000429748
 3.378 0.000540795 0.000431641
 3.3785 0.000542986 0.000433548
 3.379 0.000545192 0.000435469
 3.3795 0.000547414 0.000437406
 3.38 0.000549651 0.000439357
 3.3805 0.000551905 0.000441323
 3.381 0.000554175 0.000443305
 3.3815 0.000556461 0.000445301
 3.382 0.000558764 0.000447314
 3.3825 0.000561084 0.000449342
 3.383 0.000563421 0.000451387
 3.3835 0.000565774 0.000453447
 3.384 0.000568146 0.000455524
 3.3845 0.000570534 0.000457617
 3.385 0.000572941 0.000459728
 3.3855 0.000575365 0.000461855
 3.386 0.000577808 0.000464
 3.3865 0.000580268 0.000466162
 3.387 0.000582748 0.000468341
 3.3875 0.000585246 0.000470539
 3.388 0.000587763 0.000472755
 3.3885 0.0005903 0.000474989
 3.389 0.000592855 0.000477241
 3.3895 0.000595431 0.000479513
 3.39 0.000598026 0.000481804
 3.3905 0.000600642 0.000484114
 3.391 0.000603278 0.000486443
 3.3915 0.000605934 0.000488793
 3.392 0.000608612 0.000491163
 3.3925 0.00061131 0.000493553
 3.393 0.00061403 0.000495964
 3.3935 0.000616772 0.000498396
 3.394 0.000619535 0.000500849
 3.3945 0.000622321 0.000503324
 3.395 0.000625129 0.000505821
 3.3955 0.00062796 0.00050834
 3.396 0.000630814 0.000510881
 3.3965 0.000633691 0.000513446
 3.397 0.000636592 0.000516033
 3.3975 0.000639516 0.000518644
 3.398 0.000642465 0.000521279
 3.3985 0.000645439 0.000523938
 3.399 0.000648437 0.000526622
 3.3995 0.000651461 0.000529331
 3.4 0.000654509 0.000532065
 3.4005 0.000657584 0.000534825
 3.401 0.000660685 0.00053761
 3.4015 0.000663813 0.000540423
 3.402 0.000666967 0.000543262
 3.4025 0.000670148 0.000546128
 3.403 0.000673358 0.000549023
 3.4035 0.000676595 0.000551945
 3.404 0.00067986 0.000554896
 3.4045 0.000683154 0.000557876
 3.405 0.000686478 0.000560886
 3.4055 0.000689831 0.000563926
 3.406 0.000693214 0.000566996
 3.4065 0.000696627 0.000570097
 3.407 0.000700071 0.00057323
 3.4075 0.000703546 0.000576394
 3.408 0.000707053 0.000579591
 3.4085 0.000710592 0.000582822
 3.409 0.000714164 0.000586086
 3.4095 0.000717769 0.000589384
 3.41 0.000721407 0.000592717
 3.4105 0.000725079 0.000596085
 3.411 0.000728786 0.00059949
 3.4115 0.000732528 0.000602931
 3.412 0.000736306 0.000606409
 3.4125 0.00074012 0.000609925
 3.413 0.00074397 0.00061348
 3.4135 0.000747858 0.000617074
 3.414 0.000751783 0.000620708
 3.4145 0.000755747 0.000624383
 3.415 0.00075975 0.000628099
 3.4155 0.000763792 0.000631858
 3.416 0.000767875 0.000635659
 3.4165 0.000771998 0.000639504
 3.417 0.000776163 0.000643394
 3.4175 0.00078037 0.00064733
 3.418 0.00078462 0.000651311
 3.4185 0.000788913 0.00065534
 3.419 0.000793251 0.000659417
 3.4195 0.000797634 0.000663543
 3.42 0.000802062 0.000667718
 3.4205 0.000806537 0.000671945
 3.421 0.000811059 0.000676224
 3.4215 0.000815629 0.000680555
 3.422 0.000820247 0.000684941
 3.4225 0.000824916 0.000689382
 3.423 0.000829635 0.000693879
 3.4235 0.000834406 0.000698433
 3.424 0.000839228 0.000703046
 3.4245 0.000844105 0.000707718
 3.425 0.000849035 0.000712452
 3.4255 0.00085402 0.000717247
 3.426 0.000859062 0.000722106
 3.4265 0.00086416 0.00072703
 3.427 0.000869317 0.00073202
 3.4275 0.000874533 0.000737078
 3.428 0.000879809 0.000742205
 3.4285 0.000885147 0.000747402
 3.429 0.000890548 0.000752671
 3.4295 0.000896012 0.000758014
 3.43 0.000901541 0.000763432
 3.4305 0.000907137 0.000768927
 3.431 0.0009128 0.0007745
 3.4315 0.000918532 0.000780154
 3.432 0.000924334 0.00078589
 3.4325 0.000930207 0.00079171
 3.433 0.000936154 0.000797615
 3.4335 0.000942175 0.000803609
 3.434 0.000948272 0.000809692
 3.4345 0.000954447 0.000815867
 3.435 0.0009607 0.000822136
 3.4355 0.000967035 0.0008285
 3.436 0.000973451 0.000834964
 3.4365 0.000979952 0.000841527
 3.437 0.000986539 0.000848194
 3.4375 0.000993214 0.000854966
 3.438 0.000999978 0.000861846
 3.4385 0.00100683 0.000868836
 3.439 0.00101378 0.000875939
 3.4395 0.00102083 0.000883158
 3.44 0.00102797 0.000890495
 3.4405 0.00103522 0.000897953
 3.441 0.00104256 0.000905535
 3.4415 0.00105001 0.000913245
 3.442 0.00105757 0.000921084
 3.4425 0.00106523 0.000929057
 3.443 0.00107301 0.000937166
 3.4435 0.00108091 0.000945415
 3.444 0.00108892 0.000953808
 3.4445 0.00109705 0.000962346
 3.445 0.0011053 0.000971035
 3.4455 0.00111368 0.000979878
 3.446 0.00112219 0.000988878
 3.4465 0.00113084 0.000998039
 3.447 0.00113962 0.00100737
 3.4475 0.00114853 0.00101686
 3.448 0.0011576 0.00102653
 3.4485 0.0011668 0.00103638
 3.449 0.00117616 0.0010464
 3.4495 0.00118568 0.00105662
 3.45 0.00119535 0.00106702
 3.4505 0.00120518 0.00107762
 3.451 0.00121518 0.00108842
 3.4515 0.00122536 0.00109942
 3.452 0.00123571 0.00111063
 3.4525 0.00124624 0.00112206
 3.453 0.00125696 0.0011337
 3.4535 0.00126787 0.00114557
 3.454 0.00127898 0.00115766
 3.4545 0.0012903 0.00116999
 3.455 0.00130182 0.00118255
 3.4555 0.00131356 0.00119536
 3.456 0.00132552 0.00120842
 3.4565 0.00133771 0.00122173
 3.457 0.00135014 0.0012353
 3.4575 0.00136281 0.00124914
 3.458 0.00137573 0.00126324
 3.4585 0.00138891 0.00127762
 3.459 0.00140236 0.00129227
 3.4595 0.00141608 0.00130721
 3.46 0.00143009 0.00132244
 3.4605 0.0014444 0.00133796
 3.461 0.00145901 0.00135378
 3.4615 0.00147393 0.00136991
 3.462 0.00148918 0.00138634
 3.4625 0.00150477 0.00140307
 3.463 0.00152071 0.00142013
 3.4635 0.00153701 0.0014375
 3.464 0.00155368 0.00145519
 3.4645 0.00157075 0.0014732
 3.465 0.00158821 0.00149154
 3.4655 0.0016061 0.00151021
 3.466 0.00162442 0.0015292
 3.4665 0.00164318 0.00154853
 3.467 0.00166242 0.00156818
 3.4675 0.00168214 0.00158816
 3.468 0.00170237 0.00160847
 3.4685 0.00172313 0.0016291
 3.469 0.00174443 0.00165005
 3.4695 0.0017663 0.00167132
 3.47 0.00178877 0.0016929
 3.4705 0.00181186 0.00171479
 3.471 0.00183559 0.00173698
 3.4715 0.00186 0.00175946
 3.472 0.00188512 0.00178223
 3.4725 0.00191097 0.00180526
 3.473 0.00193759 0.00182855
 3.4735 0.00196502 0.00185209
 3.474 0.00199329 0.00187586
 3.4745 0.00202245 0.00189984
 3.475 0.00205253 0.00192402
 3.4755 0.00208358 0.00194837
 3.476 0.00211566 0.00197288
 3.4765 0.00214881 0.00199752
 3.477 0.00218308 0.00202226
 3.4775 0.00221854 0.00204709
 3.478 0.00225525 0.00207197
 3.4785 0.00229328 0.00209688
 3.479 0.00233269 0.00212178
 3.4795 0.00237357 0.00214664
 3.48 0.002416 0.00217144
 3.4805 0.00246006 0.00219612
 3.481 0.00250585 0.00222067
 3.4815 0.00255348 0.00224503
 3.482 0.00260306 0.00226918
 3.4825 0.00265469 0.00229308
 3.483 0.00270853 0.00231668
 3.4835 0.00276469 0.00233995
 3.484 0.00282334 0.00236285
 3.4845 0.00288463 0.00238535
 3.485 0.00294875 0.00240739
 3.4855 0.00301588 0.00242896
 3.486 0.00308624 0.00245
 3.4865 0.00316005 0.00247049
 3.487 0.00323757 0.00249038
 3.4875 0.00331906 0.00250966
 3.488 0.00340482 0.00252828
 3.4885 0.00349518 0.00254623
 3.489 0.0035905 0.00256346
 3.4895 0.00369117 0.00257997
 3.49 0.00379762 0.00259573
 3.4905 0.00391033 0.00261072
 3.491 0.00402982 0.00262493
 3.4915 0.00415669 0.00263835
 3.492 0.00429156 0.00265096
 3.4925 0.00443516 0.00266276
 3.493 0.00458828 0.00267376
 3.4935 0.0047518 0.00268394
 3.494 0.0049267 0.00269332
 3.4945 0.00511409 0.0027019
 3.495 0.00531517 0.00270969
 3.4955 0.00553131 0.0027167
 3.496 0.00576404 0.00272294
 3.4965 0.00601505 0.00272844
 3.497 0.00628625 0.00273321
 3.4975 0.00657976 0.00273726
 3.498 0.00689793 0.00274064
 3.4985 0.00724339 0.00274334
 3.499 0.00761904 0.00274541
 3.4995 0.00802805 0.00274686
 3.5 0.00847389 0.00274771
 3.5005 0.00896028 0.00274799
 3.501 0.00949115 0.00274772
 3.5015 0.0100705 0.00274692
 3.502 0.0107022 0.0027456
 3.5025 0.0113899 0.00274377
 3.503 0.0121362 0.00274146
 3.5035 0.0129424 0.00273865
 3.504 0.0138073 0.00273534
 3.5045 0.0147263 0.00273154
 3.505 0.0156895 0.00272722
 3.5055 0.01668 0.00272237
 3.506 0.0176721 0.00271699
 3.5065 0.0186295 0.00271105
 3.507 0.019505 0.00270458
 3.5075 0.020242 0.0026976
 3.508 0.0207791 0.0026902
 3.5085 0.0210575 0.00268248
 3.509 0.0210319 0.00267461
 3.5095 0.0206798 0.00266676
 3.51 0.0200089 0.00265913
 3.5105 0.0190565 0.00265188
 3.511 0.0178838 0.00264514
 3.5115 0.016564 0.00263897
 3.512 0.0151713 0.00263341
 3.5125 0.0137704 0.00262841
 3.513 0.0124121 0.00262395
 3.5135 0.0111317 0.00261995
 3.514 0.00995012 0.00261634
 3.5145 0.00887712 0.00261308
 3.515 0.00791417 0.0026101
 3.5155 0.00705735 0.00260738
 3.516 0.00629952 0.00260489
 3.5165 0.00563195 0.0026026
 3.517 0.00504535 0.00260049
 3.5175 0.00453062 0.00259857
 3.518 0.00407919 0.00259682
 3.5185 0.00368323 0.00259524
 3.519 0.00333573 0.00259384
 3.5195 0.0030305 0.00259262
 3.52 0.0027621 0.00259157
 3.5205 0.00252581 0.00259071
 3.521 0.00231752 0.00259003
 3.5215 0.00213367 0.00258954
 3.522 0.00197121 0.00258924
 3.5225 0.00182746 0.00258915
 3.523 0.00170015 0.00258925
 3.5235 0.00158727 0.00258955
 3.524 0.00148712 0.00259007
 3.5245 0.00139819 0.00259079
 3.525 0.0013192 0.00259172
 3.5255 0.00124902 0.00259287
 3.526 0.00118665 0.00259423
 3.5265 0.00113125 0.00259581
 3.527 0.00108205 0.00259761
 3.5275 0.00103839 0.00259963
 3.528 0.000999703 0.00260188
 3.5285 0.000965467 0.00260434
 3.529 0.000935232 0.00260704
 3.5295 0.000908601 0.00260995
 3.53 0.000885218 0.0026131
 3.5305 0.000864771 0.00261647
 3.531 0.00084698 0.00262007
 3.5315 0.000831596 0.00262389
 3.532 0.000818398 0.00262795
 3.5325 0.000807188 0.00263224
 3.533 0.000797787 0.00263675
 3.5335 0.000790038 0.0026415
 3.534 0.000783797 0.00264648
 3.5345 0.000778935 0.0026517
 3.535 0.000775337 0.00265715
 3.5355 0.000772899 0.00266283
 3.536 0.000771525 0.00266875
 3.5365 0.000771132 0.0026749
 3.537 0.000771642 0.0026813
 3.5375 0.000772985 0.00268793
 3.538 0.000775098 0.0026948
 3.5385 0.000777922 0.00270191
 3.539 0.000781406 0.00270927
 3.5395 0.000785501 0.00271687
 3.54 0.000790165 0.00272472
 3.5405 0.000795357 0.00273281
 3.541 0.000801041 0.00274116
 3.5415 0.000807185 0.00274976
 3.542 0.000813758 0.00275861
 3.5425 0.000820731 0.00276772
 3.543 0.000828081 0.00277709
 3.5435 0.000835784 0.00278672
 3.544 0.000843817 0.00279661
 3.5445 0.000852163 0.00280678
 3.545 0.000860802 0.00281721
 3.5455 0.000869719 0.00282793
 3.546 0.000878897 0.00283892
 3.5465 0.000888324 0.00285019
 3.547 0.000897986 0.00286175
 3.5475 0.000907871 0.0028736
 3.548 0.000917969 0.00288575
 3.5485 0.00092827 0.0028982
 3.549 0.000938764 0.00291095
 3.5495 0.000949443 0.00292402
 3.55 0.000960298 0.0029374
 3.5505 0.000971324 0.00295111
 3.551 0.000982513 0.00296514
 3.5515 0.000993859 0.00297951
 3.552 0.00100536 0.00299423
 3.5525 0.001017 0.00300929
 3.553 0.00102878 0.00302471
 3.5535 0.00104071 0.0030405
 3.554 0.00105276 0.00305666
 3.5545 0.00106494 0.00307321
 3.555 0.00107725 0.00309014
 3.5555 0.00108969 0.00310747
 3.556 0.00110224 0.00312522
 3.5565 0.00111491 0.00314338
 3.557 0.00112769 0.00316198
 3.5575 0.00114058 0.00318101
 3.558 0.00115359 0.00320051
 3.5585 0.0011667 0.00322046
 3.559 0.00117993 0.0032409
 3.5595 0.00119325 0.00326182
 3.56 0.00120668 0.00328325
 3.5605 0.00122021 0.0033052
 3.561 0.00123384 0.00332768
 3.5615 0.00124758 0.00335071
 3.562 0.00126141 0.0033743
 3.5625 0.00127534 0.00339848
 3.563 0.00128937 0.00342325
 3.5635 0.00130349 0.00344863
 3.564 0.00131771 0.00347465
 3.5645 0.00133203 0.00350133
 3.565 0.00134644 0.00352867
 3.5655 0.00136094 0.00355671
 3.566 0.00137555 0.00358546
 3.5665 0.00139024 0.00361494
 3.567 0.00140503 0.00364519
 3.5675 0.00141991 0.00367622
 3.568 0.00143488 0.00370805
 3.5685 0.00144995 0.00374071
 3.569 0.00146511 0.00377423
 3.5695 0.00148037 0.00380864
 3.57 0.00149572 0.00384396
 3.5705 0.00151116 0.00388022
 3.571 0.00152669 0.00391745
 3.5715 0.00154231 0.00395567
 3.572 0.00155803 0.00399493
 3.5725 0.00157385 0.00403526
 3.573 0.00158975 0.00407668
 3.5735 0.00160575 0.00411923
 3.574 0.00162184 0.00416294
 3.5745 0.00163802 0.00420785
 3.575 0.0016543 0.004254
 3.5755 0.00167067 0.00430143
 3.576 0.00168714 0.00435016
 3.5765 0.0017037 0.00440024
 3.577 0.00172035 0.00445171
 3.5775 0.0017371 0.0045046
 3.578 0.00175394 0.00455895
 3.5785 0.00177088 0.00461481
 3.579 0.00178791 0.00467221
 3.5795 0.00180503 0.0047312
 3.58 0.00182225 0.0047918
 3.5805 0.00183956 0.00485407
 3.581 0.00185697 0.00491803
 3.5815 0.00187447 0.00498372
 3.582 0.00189207 0.00505117
 3.5825 0.00190976 0.00512043
 3.583 0.00192755 0.00519152
 3.5835 0.00194544 0.00526447
 3.584 0.00196341 0.0053393
 3.5845 0.00198149 0.00541603
 3.585 0.00199966 0.00549469
 3.5855 0.00201792 0.00557529
 3.586 0.00203628 0.00565783
 3.5865 0.00205473 0.00574231
 3.587 0.00207328 0.00582873
 3.5875 0.00209193 0.00591708
 3.588 0.00211067 0.00600733
 3.5885 0.0021295 0.00609945
 3.589 0.00214843 0.00619341
 3.5895 0.00216746 0.00628914
 3.59 0.00218658 0.00638659
 3.5905 0.00220579 0.00648567
 3.591 0.0022251 0.00658629
 3.5915 0.0022445 0.00668835
 3.592 0.00226399 0.00679172
 3.5925 0.00228358 0.00689627
 3.593 0.00230326 0.00700182
 3.5935 0.00232304 0.00710821
 3.594 0.00234291 0.00721524
 3.5945 0.00236287 0.00732271
 3.595 0.00238292 0.00743036
 3.5955 0.00240306 0.00753796
 3.596 0.00242329 0.00764524
 3.5965 0.00244362 0.0077519
 3.597 0.00246403 0.00785764
 3.5975 0.00248454 0.00796215
 3.598 0.00250513 0.0080651
 3.5985 0.00252581 0.00816615
 3.599 0.00254657 0.00826494
 3.5995 0.00256743 0.00836113
 3.6 0.00258836 0.00845436
 3.6005 0.00260939 0.00854428
 3.601 0.00263049 0.00863056
 3.6015 0.00265168 0.00871287
 3.602 0.00267295 0.00879088
 3.6025 0.00269429 0.00886431
 3.603 0.00271572 0.00893288
 3.6035 0.00273721 0.00899638
 3.604 0.00275879 0.00905457
 3.6045 0.00278043 0.00910731
 3.605 0.00280215 0.00915446
 3.6055 0.00282393 0.00919594
 3.606 0.00284578 0.0092317
 3.6065 0.00286768 0.00926176
 3.607 0.00288965 0.00928615
 3.6075 0.00291167 0.00930499
 3.608 0.00293374 0.00931839
 3.6085 0.00295586 0.00932656
 3.609 0.00297802 0.0093297
 3.6095 0.00300022 0.00932808
 3.61 0.00302245 0.00932198
 3.6105 0.00304471 0.00931173
 3.611 0.00306699 0.00929766
 3.6115 0.00308927 0.00928015
 3.612 0.00311157 0.00925958
 3.6125 0.00313386 0.00923633
 3.613 0.00315613 0.00921081
 3.6135 0.00317839 0.00918343
 3.614 0.00320061 0.00915459
 3.6145 0.00322278 0.00912469
 3.615 0.0032449 0.00909413
 3.6155 0.00326695 0.00906329
 3.616 0.00328891 0.00903255
 3.6165 0.00331076 0.00900228
 3.617 0.0033325 0.00897281
 3.6175 0.00335411 0.0089445
 3.618 0.00337556 0.00891765
 3.6185 0.00339683 0.00889256
 3.619 0.0034179 0.00886952
 3.6195 0.00343875 0.00884881
 3.62 0.00345936 0.00883066
 3.6205 0.0034797 0.00881532
 3.621 0.00349973 0.00880302
 3.6215 0.00351945 0.00879396
 3.622 0.00353881 0.00878835
 3.6225 0.00355779 0.00878636
 3.623 0.00357635 0.00878819
 3.6235 0.00359447 0.00879401
 3.624 0.00361212 0.00880399
 3.6245 0.00362927 0.00881829
 3.625 0.00364587 0.00883707
 3.6255 0.00366192 0.00886051
 3.626 0.00367737 0.00888878
 3.6265 0.0036922 0.00892206
 3.627 0.00370638 0.00896052
 3.6275 0.0037199 0.00900437
 3.628 0.00373272 0.00905382
 3.6285 0.00374483 0.00910909
 3.629 0.00375622 0.00917042
 3.6295 0.00376687 0.00923805
 3.63 0.00377677 0.00931227
 3.6305 0.00378593 0.00939334
 3.631 0.00379434 0.00948154
 3.6315 0.00380201 0.00957716
 3.632 0.00380894 0.00968045
 3.6325 0.00381515 0.00979165
 3.633 0.00382066 0.00991092
 3.6335 0.00382549 0.0100384
 3.634 0.00382965 0.0101739
 3.6345 0.00383319 0.0103174
 3.635 0.00383612 0.0104682
 3.6355 0.00383848 0.0106257
 3.636 0.00384031 0.0107886
 3.6365 0.00384164 0.0109551
 3.637 0.00384251 0.0111227
 3.6375 0.00384294 0.0112884
 3.638 0.00384298 0.011448
 3.6385 0.00384266 0.0115964
 3.639 0.003842 0.0117276
 3.6395 0.00384103 0.0118347
 3.64 0.00383978 0.0119102
 3.6405 0.00383827 0.0119462
 3.641 0.00383651 0.0119351
 3.6415 0.00383452 0.0118705
 3.642 0.00383229 0.0117472
 3.6425 0.00382982 0.0115627
 3.643 0.00382712 0.011317
 3.6435 0.00382415 0.0110129
 3.644 0.0038209 0.0106552
 3.6445 0.00381733 0.0102508
 3.645 0.00381341 0.00980682
 3.6455 0.00380908 0.00933044
 3.646 0.00380428 0.00882791
 3.6465 0.00379895 0.00830467
 3.647 0.00379302 0.00776585
 3.6475 0.00378646 0.00721742
 3.648 0.00377925 0.00666747
 3.6485 0.00377147 0.00612694
 3.649 0.00376343 0.005609
 3.6495 0.00375579 0.00512721
 3.65 0.00375001 0.00469283
