 2.25 82.0412 23.9707
 2.26 85.3914 24.9847
 2.27 88.9293 26.0542
 2.28 92.6687 27.183
 2.29 96.6252 28.3757
 2.3 100.815 29.6369
 2.31 105.258 30.9721
 2.32 109.973 32.387
 2.33 114.983 33.888
 2.34 120.314 35.4822
 2.35 125.991 37.1774
 2.36 132.046 38.9821
 2.37 138.513 40.906
 2.38 145.428 42.9597
 2.39 152.835 45.1551
 2.4 160.78 47.5055
 2.41 169.317 50.0258
 2.42 178.504 52.7326
 2.43 188.409 55.6448
 2.44 199.107 58.7838
 2.45 210.686 62.1735
 2.46 223.243 65.8414
 2.47 236.89 69.8189
 2.48 251.756 74.1417
 2.49 267.991 78.8511
 2.5 285.764 83.9946
 2.51 305.275 89.6271
 2.52 326.756 95.8128
 2.53 350.479 102.626
 2.54 376.764 110.155
 2.55 405.989 118.502
 2.56 438.605 127.786
 2.57 475.144 138.146
 2.58 516.247 149.745
 2.59 562.695 162.807
 2.6 615.483 177.649
 2.61 675.833 194.612
 2.62 745.217 214.07
 2.63 825.487 236.509
 2.64 919 262.563
 2.65 1028.79 293.052
 2.66 1158.78 329.036
 2.67 1314.17 371.909
 2.68 1501.84 423.524
 2.69 1731.17 486.387
 2.7 2015.04 563.943
 2.71 2371.57 661.017
 2.72 2826.64 784.495
 2.73 3418.07 944.402
 2.74 4202.16 1155.63
 2.75 5264.21 1440.64
