 2.25 7009.03 4485.64
 2.27 8029.44 5125.85
 2.29 9281.19 5910.1
 2.31 10838.2 6884.22
 2.33 12805.3 8113.3
 2.35 15335.5 9691.94
 2.37 18656.8 11761.2
 2.39 23119.4 14537.2
 2.41 29277.3 18361.5
 2.43 38033.2 23789.1
 2.45 50892.4 31743.1
 2.47 70370 43758.7
 2.49 100385 62209.8
 2.51 145179 89602
 2.53 200878 123329
 2.55 236531 144152
 2.57 215015 129590
 2.59 159232 94463
 2.61 111139 65321.9
 2.63 81270.3 48685.9
 2.65 61165.7 37468.6
 2.67 46579.9 28829.8
 2.69 36208.7 22498.8
 2.71 28813.1 17928.8
 2.73 23436.9 14590
 2.75 19437.3 12100.9
 2.77 16394.7 10205.9
 2.79 14032.5 8734.42
 2.81 12165.3 7571.43
 2.83 10665.9 6637.64
 2.85 9444.8 5877.38
 2.87 8438.15 5250.73
 2.89 7599.26 4728.55
 2.91 6893.51 4289.24
 2.93 6294.78 3916.47
 2.95 5783.11 3597.8
 2.97 5343.05 3323.59
 2.99 4962.5 3086.28
 3.01 4631.91 2879.91
 3.03 4343.65 2699.73
 3.05 4091.6 2541.92
 3.07 3870.8 2403.39
 3.09 3677.25 2281.64
 3.11 3507.66 2174.63
 3.13 3359.38 2080.7
 3.15 3230.25 1998.5
 3.17 3118.54 1926.95
 3.19 3022.86 1865.18
 3.21 2942.16 1812.52
 3.23 2875.65 1768.49
 3.25 2822.81 1732.73
