 2.25 40.5688 8.03303
 2.26 42.1931 8.36981
 2.27 43.9072 8.72473
 2.28 45.7176 9.09908
 2.29 47.6315 9.49428
 2.3 49.6569 9.91186
 2.31 51.8024 10.3535
 2.32 54.0775 10.8211
 2.33 56.4928 11.3167
 2.34 59.0599 11.8426
 2.35 61.7915 12.4011
 2.36 64.7017 12.9951
 2.37 67.8064 13.6276
 2.38 71.123 14.302
 2.39 74.6709 15.022
 2.4 78.472 15.7917
 2.41 82.5505 16.616
 2.42 86.9339 17.4999
 2.43 91.653 18.4495
 2.44 96.7424 19.4712
 2.45 102.242 20.5727
 2.46 108.195 21.7624
 2.47 114.654 23.0501
 2.48 121.677 24.4466
 2.49 129.331 25.9647
 2.5 137.692 27.6189
 2.51 146.849 29.4259
 2.52 156.907 31.4053
 2.53 167.986 33.5796
 2.54 180.228 35.9753
 2.55 193.799 38.6235
 2.56 208.898 41.5609
 2.57 225.76 44.8315
 2.58 244.669 48.4879
 2.59 265.967 52.5953
 2.6 290.07 57.2344
 2.61 317.479 62.4984
 2.62 348.822 68.4973
 2.63 384.884 75.374
 2.64 426.649 83.3106
 2.65 475.371 92.5378
 2.66 532.66 103.351
 2.67 600.616 116.135
 2.68 682.01 131.394
 2.69 780.556 149.805
 2.7 901.32 172.287
 2.71 1051.33 200.115
 2.72 1240.55 235.089
 2.73 1483.38 279.805
 2.74 1801.18 338.106
 2.75 2226.39 415.807
