 Energy(eV)     Sca_L     Sca_R
 495.937 3111.33 171.048
 493.961 3243.73 179.222
 492.001 3383.52 187.837
 490.056 3531.25 196.917
 488.127 3687.49 206.487
 486.212 3852.91 216.573
 484.313 4028.22 227.203
 482.429 4214.19 238.406
 480.559 4411.68 250.213
 478.703 4621.63 262.656
 476.862 4845.1 275.768
 475.035 5083.23 289.583
 473.222 5337.31 304.137
 471.423 5608.75 319.464
 469.637 5899.14 335.602
 467.865 6210.22 352.586
 466.106 6543.98 370.452
 464.36 6902.62 389.232
 462.627 7288.61 408.956
 460.908 7704.75 429.651
 459.201 8154.17 451.335
 457.506 8640.46 474.018
 455.824 9167.64 497.698
 454.154 9740.32 522.356
 452.497 10363.8 547.951
 450.851 11044 574.414
 449.218 11787.9 601.641
 447.596 12603.5 629.48
 445.986 13500 657.722
 444.388 14488 686.092
 442.801 15580 714.229
 441.225 16790.3 741.681
 439.66 18135.9 767.902
 438.107 19636.4 792.265
 436.564 21314.5 814.112
 435.032 23196.9 832.879
 433.511 25313.8 848.348
 432 27699.2 861.143
 430.5 30389.5 873.664
 429.011 33420.5 891.735
 427.532 36818.5 927.406
 426.062 40583.6 1003.3
 424.603 44654.1 1158.27
 423.154 48843.7 1451.85
 421.715 52751.7 1958.93
 420.285 55697.8 2737.43
 418.865 56820.4 3754
 417.455 55436.7 4794.84
 416.054 51311.3 5464.31
 414.663 44350.8 5441
 413.28 35192.9 5063.06
 411.907 26880.8 5149.22
 410.544 21873.8 5784.09
 409.189 19928.6 6588.8
 407.843 20083.1 7348.54
 406.505 21676.6 7995.16
 405.177 24366.5 8500.43
 403.857 28035.2 8837.08
 402.546 32736.5 8974.87
 401.243 38573.7 8895.45
 399.949 45246.1 8632.15
 398.663 51138.6 8323.6
 397.385 53450.1 8158.42
 396.115 51223 8150.52
 394.854 46676.7 8118.46
 393.6 42379.3 7886.18
 392.355 39563.6 7313.48
 391.117 37915.6 6358
 389.887 36026.5 5297.25
 388.665 33230.1 4441.3
 387.45 29903.7 3811.53
 386.243 26468.7 3331.53
 385.044 23099.9 2953.59
 383.852 19849.2 2654.39
 382.667 16773.3 2410.19
 381.49 14011 2185.19
 380.319 11795.5 1966.33
 379.156 10439.3 1843.05
 378 10331.6 1980.45
 376.851 11377.2 2338.59
 375.71 12369 2560.6
 374.574 12523.2 2520.03
 373.446 12428.3 2467.73
 372.325 13149.5 2536.01
 371.21 15397.4 2537.63
 370.102 18625.5 2267.58
 369 21334.4 1815.08
 367.905 22663.7 1449.99
 366.817 22482.1 1234.74
 365.735 21123.5 1092.8
 364.659 19330.3 983.574
 363.59 17556 894.336
 362.527 15942.6 818.589
 361.47 14504.4 752.2
 360.419 13219.1 692.506
 359.374 12057.2 637.714
 358.336 10991.3 586.487
 357.303 9999.15 537.664
 356.276 9067.64 489.978
 355.255 8204.7 441.562
 354.24 7461.26 389.108
