 Energy(eV)     Sca_L     Sca_R
 442.801 185803 60001.9
 441.225 179395 59572.5
 439.66 171471 58713.9
 438.107 162666 57532.2
 436.564 153566 56160.3
 435.032 144602 54730.6
 433.511 136036 53358.8
 432 127987 52141.1
 430.5 120486 51160.1
 429.011 113539 50492.5
 427.532 107180 50214.9
 426.062 101538 50401.1
 424.603 96890 51098.5
 423.154 93689 52270.4
 421.715 92455.1 53706.2
 420.285 93448.7 54974.7
 418.865 96281.8 55561.6
 417.455 99969.9 55163.2
 416.054 103477 53801.2
 414.663 106062 51652
 413.28 107275 48927.5
 411.907 107077 45901.4
 410.544 105880 42868
 409.189 104304 40040.3
 407.843 102879 37521
 406.505 101946 35335.4
 405.177 101679 33464.7
 403.857 102120 31858.4
 402.546 103192 30436.5
 401.243 104710 29096.2
 399.949 106458 27739.7
 398.663 108308 26328.8
 397.385 110225 24926
 396.115 112064 23647.6
 394.854 113509 22565.6
 393.6 114265 21673.2
 392.355 114219 20922.2
 391.117 113437 20261
 389.887 112072 19650
 388.665 110294 19060.1
 387.45 108247 18468.4
 386.243 106034 17855.7
 385.044 103719 17207.5
 383.852 101336 16518.4
 382.667 98908.1 15793.5
 381.49 96450.3 15046.7
 380.319 93978.5 14296.9
 379.156 91507.6 13562
 378 89049.2 12856.4
 376.851 86610.5 12189.4
 375.71 84193.4 11565.6
 374.574 81795 10986.4
 373.446 79408 10450.7
 372.325 77021.5 9956.43
 371.21 74621.5 9500.44
 370.102 72191.6 9079.14
 369 69713.9 8688.04
 367.905 67171.9 8320.88
 366.817 64556.4 7967.48
 365.735 61878.4 7609.71
 364.659 59186.4 7216.66
 363.59 56584.6 6751.86
 362.527 54411.3 6218.16
 361.47 53721.6 5672.74
 360.419 55173.2 5118.68
 359.374 57584.4 4490.73
 358.336 59844 3976.39
 357.303 62045.5 3800.72
 356.276 64242 3892.07
 355.255 65708.7 4046.74
 354.24 65746.9 4103.5
 353.231 64564.1 4059.32
 352.228 62800.6 3967.28
 351.23 61088.7 3896.37
 350.238 59899.7 3910.89
 349.251 59152 3987.44
 348.27 58348.3 4058.12
 347.295 57188 4059.34
 346.324 55698.9 3983.04
 345.36 53980.6 3866.43
 344.4 52149.4 3737.52
 343.446 50492.1 3611.14
 342.498 49601.4 3510.74
 341.554 49790.6 3447.31
 340.616 50466.1 3381.72
 339.683 50871.5 3311.34
 338.754 50686.9 3250.6
 337.831 49995.6 3193.65
 336.913 49044.6 3142.08
 336 48040 3102.57
 335.092 47097.6 3076.82
 334.189 46224.1 3053.5
 333.291 45361.6 3025.08
 332.397 44485.8 2995.85
 331.508 43623.9 2968.66
 330.624 42784.1 2943.2
 329.745 41959.3 2919.75
 328.87 41151.2 2898.75
 328 40361.3 2880.21
 327.135 39591 2863.85
 326.274 38841.4 2849.38
