 Energy(eV)     Sca_L     Sca_R
 495.937 0.000273519 0.000266699
 493.961 0.000283152 0.000276044
 492.001 0.000293196 0.000285786
 490.056 0.000303674 0.000295947
 488.127 0.00031461 0.000306549
 486.212 0.000326028 0.000317618
 484.313 0.000337957 0.000329179
 482.429 0.000350424 0.000341261
 480.559 0.000363462 0.000353893
 478.703 0.000377104 0.000367107
 476.862 0.000391385 0.000380939
 475.035 0.000406345 0.000395425
 473.222 0.000422025 0.000410605
 471.423 0.000438469 0.000426522
 469.637 0.000455725 0.000443223
 467.865 0.000473847 0.000460757
 466.106 0.000492889 0.000479178
 464.36 0.000512914 0.000498546
 462.627 0.000533985 0.000518923
 460.908 0.000556176 0.000540377
 459.201 0.000579564 0.000562984
 457.506 0.000604232 0.000586824
 455.824 0.000630274 0.000611986
 454.154 0.000657788 0.000638565
 452.497 0.000686885 0.000666667
 450.851 0.000717684 0.000696407
 449.218 0.000750316 0.00072791
 447.596 0.000784926 0.000761314
 445.986 0.000821672 0.000796772
 444.388 0.000860728 0.00083445
 442.801 0.000902288 0.000874532
 441.225 0.000946562 0.000917224
 439.66 0.000993789 0.00096275
 438.107 0.00104423 0.00101136
 436.564 0.00109818 0.00106334
 435.032 0.00115595 0.00111899
 433.511 0.00121793 0.00117867
 432 0.0012845 0.00124276
 430.5 0.00135614 0.0013117
 429.011 0.00143336 0.00138599
 427.532 0.00151675 0.00146618
 426.062 0.00160697 0.00155292
 424.603 0.00170477 0.00164691
 423.154 0.00181102 0.00174898
 421.715 0.00192672 0.00186007
 420.285 0.00205299 0.00198127
 418.865 0.00219116 0.00211382
 417.455 0.00234276 0.00225918
 416.054 0.00250957 0.00241904
 414.663 0.00269368 0.00259537
 413.28 0.00289756 0.0027905
 411.907 0.00312411 0.00300717
 410.544 0.00337684 0.00324868
 409.189 0.00365991 0.00351893
 407.843 0.00397838 0.00382265
 406.505 0.0043384 0.00416559
 405.177 0.00474755 0.00455477
 403.857 0.00521519 0.00499886
 402.546 0.00575308 0.00550868
 401.243 0.00637605 0.00609784
 399.949 0.00710309 0.00678368
 398.663 0.00795857 0.00758871
 397.385 0.00897382 0.00854276
 396.115 0.0101878 0.00968714
 394.854 0.0116454 0.011083
 393.6 0.0133977 0.0128235
 392.355 0.0155476 0.0150239
 391.117 0.0183037 0.0177999
 389.887 0.0219276 0.0213518
 388.665 0.0267625 0.0260302
 387.45 0.0333536 0.0323815
 386.243 0.0425929 0.0412718
 385.044 0.0559369 0.0541007
 383.852 0.0756818 0.0730696
 382.667 0.105042 0.101274
 381.49 0.146412 0.141105
 380.319 0.190509 0.183817
 379.156 0.203527 0.19663
 378 0.170866 0.165102
 376.851 0.12077 0.116635
 375.71 0.0773992 0.0746785
 374.574 0.0492994 0.0475405
 373.446 0.0346894 0.0335055
 372.325 0.0311644 0.0302596
 371.21 0.0387257 0.0378295
 370.102 0.0551807 0.0540572
 369 0.0661727 0.0648356
 367.905 0.0606013 0.0593019
 366.817 0.0480241 0.0468855
 365.735 0.0372562 0.0362675
 364.659 0.0302014 0.0292901
 363.59 0.0257848 0.0248894
 362.527 0.022065 0.0212252
 361.47 0.0185649 0.017834
 360.419 0.0155286 0.0149115
 359.374 0.0130087 0.0124896
 358.336 0.0109599 0.0105211
 357.303 0.00929329 0.00892009
 356.276 0.00791995 0.00760064
 355.255 0.00676911 0.00649483
 354.24 0.00578938 0.00555337
