 Energy(eV)     Sca_U     Sca_D
 495.937 3.3691e-07 4.66586e-05
 493.961 3.45338e-07 4.78258e-05
 492.001 3.53994e-07 4.90246e-05
 490.056 3.62885e-07 5.0256e-05
 488.127 3.7202e-07 5.1521e-05
 486.212 3.81405e-07 5.28208e-05
 484.313 3.9105e-07 5.41565e-05
 482.429 4.00963e-07 5.55295e-05
 480.559 4.11154e-07 5.69408e-05
 478.703 4.21632e-07 5.8392e-05
 476.862 4.32407e-07 5.98842e-05
 475.035 4.4349e-07 6.14191e-05
 473.222 4.54891e-07 6.29981e-05
 471.423 4.66622e-07 6.46228e-05
 469.637 4.78695e-07 6.62948e-05
 467.865 4.91123e-07 6.80159e-05
 466.106 5.03917e-07 6.97879e-05
 464.36 5.17093e-07 7.16126e-05
 462.627 5.30664e-07 7.3492e-05
 460.908 5.44645e-07 7.54283e-05
 459.201 5.59052e-07 7.74235e-05
 457.506 5.73901e-07 7.948e-05
 455.824 5.8921e-07 8.16002e-05
 454.154 6.04996e-07 8.37865e-05
 452.497 6.21279e-07 8.60415e-05
 450.851 6.38079e-07 8.83682e-05
 449.218 6.55417e-07 9.07693e-05
 447.596 6.73314e-07 9.32479e-05
 445.986 6.91794e-07 9.58072e-05
 444.388 7.10882e-07 9.84507e-05
 442.801 7.30603e-07 0.000101182
 441.225 7.50984e-07 0.000104004
 439.66 7.72055e-07 0.000106922
 438.107 7.93844e-07 0.00010994
 436.564 8.16385e-07 0.000113062
 435.032 8.3971e-07 0.000116292
 433.511 8.63856e-07 0.000119636
 432 8.8886e-07 0.000123099
 430.5 9.14762e-07 0.000126686
 429.011 9.41605e-07 0.000130403
 427.532 9.69433e-07 0.000134257
 426.062 9.98293e-07 0.000138254
 424.603 1.02824e-06 0.000142401
 423.154 1.05932e-06 0.000146705
 421.715 1.09159e-06 0.000151175
 420.285 1.12512e-06 0.000155818
 418.865 1.15997e-06 0.000160644
 417.455 1.1962e-06 0.000165662
 416.054 1.2339e-06 0.000170882
 414.663 1.27313e-06 0.000176316
 413.28 1.31399e-06 0.000181974
 411.907 1.35656e-06 0.00018787
 410.544 1.40094e-06 0.000194016
 409.189 1.44723e-06 0.000200426
 407.843 1.49554e-06 0.000207117
 406.505 1.54599e-06 0.000214103
 405.177 1.59871e-06 0.000221404
 403.857 1.65383e-06 0.000229037
 402.546 1.7115e-06 0.000237024
 401.243 1.77188e-06 0.000245385
 399.949 1.83513e-06 0.000254145
 398.663 1.90146e-06 0.00026333
 397.385 1.97105e-06 0.000272967
 396.115 2.04412e-06 0.000283087
 394.854 2.12091e-06 0.000293721
 393.6 2.20167e-06 0.000304906
 392.355 2.28669e-06 0.000316679
 391.117 2.37627e-06 0.000329084
 389.887 2.47073e-06 0.000342166
 388.665 2.57045e-06 0.000355975
 387.45 2.67581e-06 0.000370566
 386.243 2.78726e-06 0.000386
 385.044 2.90527e-06 0.000402342
 383.852 3.03037e-06 0.000419666
 382.667 3.16313e-06 0.000438052
 381.49 3.30421e-06 0.000457589
 380.319 3.45432e-06 0.000478376
 379.156 3.61424e-06 0.000500522
 378 3.78485e-06 0.000524149
 376.851 3.96713e-06 0.000549392
 375.71 4.16219e-06 0.000576403
 374.574 4.37124e-06 0.000605353
 373.446 4.59566e-06 0.000636432
 372.325 4.83702e-06 0.000669856
 371.21 5.09708e-06 0.000705869
 370.102 5.37782e-06 0.000744746
 369 5.68153e-06 0.000786804
 367.905 6.01079e-06 0.0008324
 366.817 6.36858e-06 0.000881948
 365.735 6.75832e-06 0.000935919
 364.659 7.18397e-06 0.000994863
 363.59 7.65012e-06 0.00105941
 362.527 8.16211e-06 0.00113032
 361.47 8.72622e-06 0.00120843
 360.419 9.34985e-06 0.00129479
 359.374 1.00417e-05 0.00139061
 358.336 1.08124e-05 0.00149732
 357.303 1.16742e-05 0.00161667
 356.276 1.26425e-05 0.00175075
 355.255 1.37355e-05 0.00190212
 354.24 1.49761e-05 0.00207391
 353.231 1.63922e-05 0.00227001
 352.228 1.80189e-05 0.00249527
 351.23 1.99006e-05 0.00275584
 350.238 2.20941e-05 0.00305958
 349.251 2.46728e-05 0.00341666
 348.27 2.77334e-05 0.00384045
 347.295 3.14043e-05 0.00434873
 346.324 3.5859e-05 0.00496546
 345.36 4.13335e-05 0.00572325
 344.4 4.81518e-05 0.00666677
 343.446 5.67821e-05 0.00786078
 342.498 6.79719e-05 0.00940925
 341.554 8.28833e-05 0.0114736
 340.616 0.000103291 0.014299
 339.683 0.000132072 0.0182831
 338.754 0.000174043 0.0240917
 337.831 0.000237229 0.0328348
 336.913 0.000333673 0.0461807
 336 0.000473069 0.0654732
 335.092 0.000626058 0.086651
 334.189 0.000677023 0.0937145
 333.291 0.000561333 0.0777115
 332.397 0.00038333 0.0530748
 331.508 0.000242239 0.0335419
 330.624 0.00015567 0.0215555
 329.745 0.000110779 0.0153394
 328.87 9.85995e-05 0.0136521
 328 0.000115948 0.0160527
 327.135 0.000145383 0.0201265
 326.274 0.000149185 0.0206519
 325.418 0.000125572 0.0173825
 324.566 9.7893e-05 0.0135506
 323.718 7.59807e-05 0.0105174
 322.875 6.03411e-05 0.00835333
 322.037 4.91013e-05 0.0067986
 321.202 4.02882e-05 0.00557904
 320.372 3.31047e-05 0.00458442
 319.547 2.72952e-05 0.00377986
 318.725 2.25968e-05 0.00312917
 317.908 1.87844e-05 0.00260118
 317.095 1.57467e-05 0.0021805
 316.286 1.35537e-05 0.00187691
 315.481 1.25392e-05 0.00173666
 314.681 1.32404e-05 0.00183415
 313.884 1.53727e-05 0.0021298
 313.091 1.70054e-05 0.002356
 312.303 1.78517e-05 0.00247298
 311.518 1.85536e-05 0.00256983
 310.737 1.82611e-05 0.00252911
 309.96 1.6868e-05 0.00233611
