 Energy(eV)     Sca_U     Sca_D
 495.937 0.0048294 0.666919
 493.961 0.00495065 0.683657
 492.001 0.00507517 0.700845
 490.056 0.00520306 0.7185
 488.127 0.00533445 0.736637
 486.212 0.00546944 0.755272
 484.313 0.00560817 0.774421
 482.429 0.00575075 0.794103
 480.559 0.00589732 0.814335
 478.703 0.00604801 0.835137
 476.862 0.00620298 0.856529
 475.035 0.00636238 0.878531
 473.222 0.00652635 0.901165
 471.423 0.00669508 0.924455
 469.637 0.00686872 0.948423
 467.865 0.00704746 0.973095
 466.106 0.00723149 0.998497
 464.36 0.00742101 1.02466
 462.627 0.00761622 1.0516
 460.908 0.00781734 1.07936
 459.201 0.0080246 1.10797
 457.506 0.00823824 1.13746
 455.824 0.00845851 1.16786
 454.154 0.00868568 1.19922
 452.497 0.00892001 1.23156
 450.851 0.00916181 1.26494
 449.218 0.00941138 1.29938
 447.596 0.00966904 1.33495
 445.986 0.00993513 1.37167
 444.388 0.01021 1.40961
 442.801 0.0104941 1.44881
 441.225 0.0107877 1.48934
 439.66 0.0110913 1.53124
 438.107 0.0114053 1.57458
 436.564 0.0117302 1.61943
 435.032 0.0120665 1.66584
 433.511 0.0124148 1.7139
 432 0.0127755 1.76369
 430.5 0.0131492 1.81527
 429.011 0.0135367 1.86874
 427.532 0.0139385 1.9242
 426.062 0.0143554 1.98173
 424.603 0.014788 2.04144
 423.154 0.0152373 2.10343
 421.715 0.015704 2.16784
 420.285 0.0161891 2.23477
 418.865 0.0166934 2.30437
 417.455 0.0172181 2.37678
 416.054 0.0177642 2.45213
 414.663 0.0183329 2.53061
 413.28 0.0189255 2.61237
 411.907 0.0195432 2.69761
 410.544 0.0201876 2.78652
 409.189 0.0208601 2.87932
 407.843 0.0215625 2.97623
 406.505 0.0222965 3.07749
 405.177 0.023064 3.18339
 403.857 0.0238671 3.29418
 402.546 0.0247081 3.4102
 401.243 0.0255893 3.53176
 399.949 0.0265133 3.65923
 398.663 0.027483 3.79299
 397.385 0.0285015 3.93347
 396.115 0.029572 4.08112
 394.854 0.0306982 4.23645
 393.6 0.031884 4.39999
 392.355 0.0331338 4.57234
 391.117 0.0344521 4.75413
 389.887 0.0358443 4.94609
 388.665 0.0373158 5.14898
 387.45 0.0388729 5.36364
 386.243 0.0405223 5.59103
 385.044 0.0422717 5.83217
 383.852 0.0441292 6.08818
 382.667 0.0461041 6.36035
 381.49 0.0482064 6.65005
 380.319 0.0504476 6.95884
 379.156 0.0528403 7.28845
 378 0.0553984 7.64081
 376.851 0.0581378 8.01807
 375.71 0.0610762 8.42266
 374.574 0.0642335 8.8573
 373.446 0.0676323 9.32508
 372.325 0.0712981 9.82948
 371.21 0.0752598 10.3744
 370.102 0.0795508 10.9645
 369 0.0842088 11.6048
 367.905 0.0892775 12.3013
 366.817 0.0948073 13.0609
 365.735 0.100857 13.8913
 364.659 0.107494 14.8019
 363.59 0.114798 15.8034
 362.527 0.122865 16.9085
 361.47 0.131804 18.132
 360.419 0.14175 19.4917
 359.374 0.152862 21.0089
 358.336 0.165334 22.7091
 357.303 0.179404 24.6234
 356.276 0.195364 26.7895
 355.255 0.213582 29.2543
 354.24 0.23452 32.0761
 353.231 0.258778 35.3282
 352.228 0.287141 39.104
 351.23 0.320668 43.5241
 350.238 0.36083 48.7466
 349.251 0.409755 54.9817
 348.27 0.470656 62.5138
 347.295 0.548566 71.7311
 346.324 0.651092 83.1521
 345.36 0.786168 97.3983
 344.4 0.94883 115.107
 343.446 1.12028 137.446
 342.498 1.3199 167.12
 341.554 1.59853 208.054
 340.616 2.00585 265.76
 339.683 2.60436 348.737
 338.754 3.48214 469.302
 337.831 4.72793 639.791
 336.913 6.26552 849.633
 336 7.44748 1010.75
 335.092 7.22953 982.765
 334.189 5.74332 784.204
 333.291 4.03979 554.798
 332.397 2.69407 371.503
 331.508 1.79806 248.432
 330.624 1.26715 175.097
 329.745 1.0331 142.439
 328.87 1.0844 148.87
 328 1.3488 184.451
 327.135 1.51443 206.566
 326.274 1.39006 189.12
 325.418 1.14252 154.902
 324.566 0.914307 123.55
 323.718 0.736971 99.7259
 322.875 0.60514 82.5413
 322.037 0.503914 69.3446
 321.202 0.420344 58.1216
 320.372 0.350887 48.5918
 319.547 0.293723 40.6805
 318.725 0.246546 34.1347
 317.908 0.207531 28.7234
 317.095 0.176044 24.3728
 316.286 0.153409 21.2833
 315.481 0.143842 20.045
 314.681 0.15327 21.4508
 313.884 0.176061 24.6775
 313.091 0.191641 26.8308
 312.303 0.200942 28.0361
 311.518 0.208455 28.9821
 310.737 0.204267 28.3648
 309.96 0.188873 26.23
