2.032589056392303473e+00
2.032589056392303917e+00
2.032588267252896319e+00
2.032588267252897207e+00
2.032587402738029958e+00
2.032587402738030846e+00
2.032586462788541048e+00
2.032586462788541493e+00
2.032585447340115703e+00
2.032585447340116147e+00
2.032584356323241082e+00
2.032584356323241526e+00
2.032583189663165424e+00
2.032583189663165424e+00
2.032581947279842982e+00
2.032581947279843426e+00
2.032580629088013513e+00
2.032580629088013957e+00
2.032579234996666262e+00
2.032579234996666262e+00
2.032577764909654139e+00
2.032577764909654583e+00
2.032576218725208328e+00
2.032576218725208772e+00
2.032574596335967154e+00
2.032574596335967154e+00
2.032572897628907693e+00
2.032572897628908137e+00
2.032571122485274273e+00
2.032571122485274273e+00
2.032569270780495874e+00
2.032569270780495874e+00
2.032567342384107079e+00
2.032567342384107523e+00
2.032565337159661034e+00
2.032565337159661478e+00
2.032563254964644184e+00
2.032563254964644628e+00
2.032561095650377236e+00
2.032561095650377236e+00
2.032558859061922352e+00
2.032558859061922352e+00
2.032556545037981444e+00
2.032556545037981444e+00
2.032554153410791375e+00
2.032554153410791820e+00
2.032551684006016490e+00
2.032551684006016934e+00
2.032549136642635368e+00
2.032549136642635368e+00
2.032546511132822253e+00
2.032546511132822697e+00
2.032543807281829373e+00
2.032543807281829817e+00
2.032541024887863923e+00
2.032541024887863923e+00
2.032538163741951731e+00
2.032538163741952175e+00
2.032535223627813359e+00
2.032535223627813803e+00
2.032532204321721103e+00
2.032532204321721547e+00
2.032529105592359109e+00
2.032529105592359553e+00
2.032525927200679483e+00
2.032525927200679927e+00
2.032522668899748641e+00
2.032522668899749529e+00
2.032519330434599425e+00
2.032519330434599869e+00
2.032515911542064124e+00
2.032515911542064568e+00
2.032512411950616382e+00
2.032512411950617270e+00
2.032508831380203773e+00
2.032508831380204661e+00
2.032505169542078161e+00
2.032505169542078161e+00
2.032501426138608291e+00
2.032501426138608736e+00
2.032497600863113263e+00
2.032497600863113707e+00
2.032493693399666679e+00
2.032493693399667123e+00
2.032489703422911909e+00
2.032489703422911909e+00
2.032485630597860915e+00
2.032485630597861359e+00
2.032481474579703296e+00
2.032481474579703740e+00
2.032477235013595340e+00
2.032477235013595340e+00
2.032472911534452642e+00
2.032472911534453086e+00
2.032468503766737822e+00
2.032468503766738710e+00
2.032464011324242925e+00
2.032464011324242925e+00
2.032459433809861160e+00
2.032459433809861604e+00
2.032454770815365741e+00
2.032454770815365741e+00
2.032450021921172745e+00
2.032450021921173189e+00
2.032445186696103967e+00
2.032445186696103967e+00
2.032440264697148447e+00
2.032440264697148891e+00
2.032435255469209334e+00
2.032435255469210222e+00
2.032430158544861420e+00
2.032430158544861865e+00
2.032424973444083349e+00
2.032424973444083793e+00
2.032419699674005820e+00
2.032419699674006264e+00
2.032414336728644244e+00
2.032414336728644244e+00
2.032408884088622081e+00
2.032408884088622969e+00
2.032403341220907045e+00
2.032403341220907933e+00
2.032397707578522894e+00
2.032397707578523782e+00
2.032391982600267877e+00
2.032391982600267877e+00
2.032386165710430515e+00
2.032386165710430959e+00
2.032380256318492506e+00
2.032380256318492950e+00
2.032374253818835630e+00
2.032374253818836074e+00
2.032368157590438873e+00
2.032368157590438873e+00
2.032361966996575120e+00
2.032361966996575120e+00
2.032355681384502955e+00
2.032355681384503399e+00
2.032349300085155797e+00
2.032349300085155797e+00
2.032342822412822159e+00
2.032342822412822603e+00
2.032336247664832563e+00
2.032336247664833007e+00
2.032329575121230469e+00
2.032329575121231358e+00
2.032322804044456532e+00
2.032322804044456976e+00
2.032315933679011533e+00
2.032315933679011977e+00
2.032308963251129974e+00
2.032308963251129974e+00
2.032301891968447016e+00
2.032301891968447460e+00
2.032294719019664964e+00
2.032294719019664964e+00
2.032287443574213537e+00
2.032287443574213537e+00
2.032280064781913698e+00
2.032280064781913698e+00
2.032272581772637920e+00
2.032272581772638809e+00
2.032264993655971352e+00
2.032264993655972241e+00
2.032257299520868088e+00
2.032257299520868532e+00
2.032249498435313217e+00
2.032249498435313217e+00
2.032241589445980878e+00
2.032241589445981766e+00
2.032233571577894971e+00
2.032233571577894971e+00
2.032225443834090761e+00
2.032225443834090761e+00
2.032217205195278265e+00
2.032217205195279597e+00
2.032208854619509619e+00
2.032208854619510063e+00
2.032200391041841137e+00
2.032200391041841581e+00
2.032191813374010447e+00
2.032191813374010891e+00
2.032183120504108320e+00
2.032183120504108320e+00
2.032174311296262470e+00
2.032174311296262470e+00
2.032165384590316481e+00
2.032165384590316481e+00
2.032156339201525164e+00
2.032156339201525608e+00
2.032147173920249905e+00
2.032147173920249905e+00
2.032137887511661578e+00
2.032137887511661578e+00
2.032128478715454101e+00
2.032128478715454545e+00
2.032118946245566438e+00
2.032118946245566882e+00
2.032109288789910373e+00
2.032109288789910373e+00
2.032099505010116047e+00
2.032099505010116491e+00
2.032089593541277939e+00
2.032089593541278383e+00
2.032079552991727489e+00
2.032079552991727489e+00
2.032069381942801733e+00
2.032069381942802178e+00
2.032059078948644792e+00
2.032059078948645237e+00
2.032048642536008476e+00
2.032048642536008476e+00
2.032038071204078200e+00
2.032038071204078200e+00
2.032027363424314448e+00
2.032027363424314892e+00
2.032016517640311104e+00
2.032016517640311548e+00
2.032005532267674663e+00
2.032005532267674663e+00
2.031994405693921646e+00
2.031994405693922090e+00
2.031983136278403990e+00
2.031983136278404434e+00
2.031971722352250875e+00
2.031971722352251319e+00
2.031960162218335419e+00
2.031960162218336308e+00
2.031948454151273342e+00
2.031948454151273786e+00
2.031936596397435846e+00
2.031936596397436290e+00
2.031924587175011343e+00
2.031924587175011343e+00
2.031912424674065409e+00
2.031912424674065853e+00
2.031900107056665128e+00
2.031900107056665572e+00
2.031887632457010984e+00
2.031887632457010984e+00
2.031874998981609171e+00
2.031874998981609171e+00
2.031862204709481645e+00
2.031862204709482089e+00
2.031849247692406824e+00
2.031849247692406824e+00
2.031836125955199801e+00
2.031836125955199801e+00
2.031822837496028988e+00
2.031822837496029432e+00
2.031809380286769606e+00
2.031809380286769606e+00
2.031795752273404254e+00
2.031795752273404698e+00
2.031781951376456341e+00
2.031781951376456785e+00
2.031767975491473255e+00
2.031767975491473699e+00
2.031753822489546391e+00
2.031753822489546835e+00
2.031739490217879140e+00
2.031739490217879585e+00
2.031724976500400626e+00
2.031724976500401070e+00
2.031710279138423836e+00
2.031710279138424280e+00
2.031695395911349955e+00
2.031695395911350399e+00
2.031680324577420205e+00
2.031680324577420205e+00
2.031665062874516092e+00
2.031665062874516536e+00
2.031649608521012063e+00
2.031649608521012507e+00
2.031633959216667673e+00
2.031633959216668117e+00
2.031618112642973983e+00
2.031618112642973983e+00
2.031602066466568601e+00
2.031602066466569489e+00
2.031585818336634652e+00
2.031585818336635096e+00
2.031569365888428180e+00
2.031569365888429513e+00
2.031552706743818160e+00
2.031552706743818604e+00
2.031535838512460224e+00
2.031535838512460668e+00
2.031518758793049884e+00
2.031518758793049884e+00
2.031501465174592624e+00
2.031501465174593068e+00
2.031483955237738392e+00
2.031483955237738837e+00
2.031466226556153387e+00
2.031466226556153387e+00
2.031448276697934041e+00
2.031448276697934041e+00
2.031430103227069406e+00
2.031430103227069850e+00
2.031411703704929739e+00
2.031411703704930183e+00
2.031393075691811045e+00
2.031393075691811489e+00
2.031374216748428108e+00
2.031374216748428996e+00
2.031355124437709936e+00
2.031355124437709936e+00
2.031335796326287024e+00
2.031335796326287468e+00
2.031316229986170452e+00
2.031316229986170896e+00
2.031296422996456297e+00
2.031296422996456741e+00
2.031276372945034048e+00
2.031276372945034048e+00
2.031256077430323881e+00
2.031256077430323881e+00
2.031235534063018822e+00
2.031235534063019266e+00
2.031214740467845115e+00
2.031214740467845559e+00
2.031193694285331031e+00
2.031193694285331475e+00
2.031172393173577895e+00
2.031172393173577895e+00
2.031150834810033778e+00
2.031150834810034222e+00
2.031129016893263195e+00
2.031129016893263639e+00
2.031106937144711022e+00
2.031106937144711466e+00
2.031084593310447328e+00
2.031084593310447772e+00
2.031061983162909534e+00
2.031061983162909979e+00
2.031039104502606829e+00
2.031039104502606829e+00
2.031015955159813924e+00
2.031015955159814368e+00
2.030992532996226174e+00
2.030992532996227062e+00
2.030968835906585834e+00
2.030968835906585834e+00
2.030944861820261682e+00
2.030944861820261682e+00
2.030920608702793562e+00
2.030920608702794006e+00
2.030896074561041154e+00
2.030896074561041598e+00
2.030871257430233445e+00
2.030871257430233445e+00
2.030846155396602626e+00
2.030846155396603070e+00
2.030820766584763071e+00
2.030820766584763515e+00
2.030795089162402700e+00
2.030795089162403144e+00
2.030769121341472250e+00
2.030769121341473138e+00
2.030742861379306596e+00
2.030742861379307040e+00
2.030716307579668367e+00
2.030716307579668811e+00
2.030689458293712057e+00
2.030689458293712057e+00
2.030662311920865548e+00
2.030662311920865992e+00
2.030634866909633018e+00
2.030634866909633907e+00
2.030607121758300160e+00
2.030607121758300604e+00
2.030579075015564783e+00
2.030579075015565227e+00
2.030550725281059510e+00
2.030550725281059954e+00
2.030522071205796308e+00
2.030522071205796752e+00
2.030493111492512437e+00
2.030493111492512881e+00
2.030463844895917358e+00
2.030463844895917802e+00
2.030434270222849502e+00
2.030434270222850390e+00
2.030404386332336220e+00
2.030404386332336220e+00
2.030374192135554701e+00
2.030374192135555145e+00
2.030343686595703634e+00
2.030343686595704078e+00
2.030312868735204557e+00
2.030312868735205001e+00
2.030281737605922565e+00
2.030281737605923009e+00
2.030250292332580919e+00
2.030250292332581363e+00
2.030218532083276628e+00
2.030218532083277072e+00
2.030186456076084056e+00
2.030186456076084500e+00
2.030154063578371915e+00
2.030154063578372803e+00
2.030121353906050974e+00
2.030121353906051418e+00
2.030088326422729850e+00
2.030088326422730294e+00
2.030054980538800180e+00
2.030054980538800180e+00
2.030021315710442753e+00
2.030021315710443197e+00
2.029987331439253140e+00
2.029987331439254028e+00
2.029953027269683741e+00
2.029953027269684185e+00
2.029918402788150278e+00
2.029918402788150722e+00
2.029883457622736476e+00
2.029883457622736920e+00
2.029848191441379512e+00
2.029848191441379957e+00
2.029812603950510663e+00
2.029812603950510663e+00
2.029776694893655975e+00
2.029776694893656419e+00
2.029740464049993420e+00
2.029740464049994308e+00
2.029703911232873637e+00
2.029703911232873637e+00
2.029667036288302029e+00
2.029667036288302917e+00
2.029629839093403554e+00
2.029629839093404442e+00
2.029592319554856861e+00
2.029592319554857305e+00
2.029554477607312446e+00
2.029554477607312446e+00
2.029516313211797485e+00
2.029516313211797929e+00
2.029477826354107783e+00
2.029477826354108227e+00
2.029439017043194848e+00
2.029439017043195292e+00
2.029399885309558726e+00
2.029399885309559171e+00
2.029360431203636406e+00
2.029360431203636850e+00
2.029320654794193768e+00
2.029320654794194212e+00
2.029280556166745075e+00
2.029280556166745075e+00
2.029240135421966240e+00
2.029240135421966684e+00
2.029199392674146285e+00
2.029199392674147173e+00
2.029158328049645910e+00
2.029158328049646354e+00
2.029116941685387587e+00
2.029116941685388031e+00
2.029075233727373195e+00
2.029075233727373639e+00
2.029033204329237172e+00
2.029033204329238060e+00
2.028990853650824100e+00
2.028990853650824988e+00
2.028948181856811583e+00
2.028948181856812027e+00
2.028905189115369545e+00
2.028905189115369545e+00
2.028861875596857267e+00
2.028861875596857711e+00
2.028818241472569728e+00
2.028818241472571060e+00
2.028774286913527014e+00
2.028774286913527458e+00
2.028730012089302370e+00
2.028730012089303258e+00
2.028685417166914196e+00
2.028685417166914640e+00
2.028640502309750460e+00
2.028640502309750904e+00
2.028595267676559732e+00
2.028595267676559732e+00
2.028549713420475964e+00
2.028549713420476852e+00
2.028503839688116983e+00
2.028503839688117427e+00
2.028457646618713195e+00
2.028457646618713639e+00
2.028411134343303779e+00
2.028411134343304667e+00
2.028364302983988843e+00
2.028364302983989287e+00
2.028317152653218880e+00
2.028317152653218880e+00
2.028269683453156613e+00
2.028269683453157057e+00
2.028221895475080583e+00
2.028221895475080583e+00
2.028173788798848687e+00
2.028173788798849131e+00
2.028125363492409683e+00
2.028125363492410127e+00
2.028076619611371090e+00
2.028076619611371534e+00
2.028027557198617270e+00
2.028027557198617714e+00
2.027978176283980805e+00
2.027978176283980805e+00
2.027928476883961384e+00
2.027928476883961384e+00
2.027878459001500655e+00
2.027878459001500655e+00
2.027828122625798368e+00
2.027828122625799256e+00
2.027777467732184924e+00
2.027777467732185368e+00
2.027726494282032554e+00
2.027726494282032998e+00
2.027675202222721129e+00
2.027675202222721573e+00
2.027623591487644816e+00
2.027623591487645260e+00
2.027571661996257824e+00
2.027571661996258268e+00
2.027519413654178759e+00
2.027519413654179203e+00
2.027466846353314978e+00
2.027466846353315422e+00
2.027413959972045987e+00
2.027413959972045987e+00
2.027360754375433505e+00
2.027360754375433505e+00
2.027307229415478584e+00
2.027307229415479028e+00
2.027253384931410718e+00
2.027253384931411606e+00
2.027199220750009800e+00
2.027199220750010689e+00
2.027144736685971615e+00
2.027144736685972060e+00
2.027089932542289308e+00
2.027089932542289752e+00
2.027034808110691255e+00
2.027034808110691699e+00
2.026979363172082049e+00
2.026979363172082493e+00
2.026923597497033214e+00
2.026923597497034102e+00
2.026867510846293907e+00
2.026867510846294351e+00
2.026811102971323386e+00
2.026811102971324274e+00
2.026754373614859883e+00
2.026754373614861215e+00
2.026697322511504140e+00
2.026697322511504140e+00
2.026639949388329143e+00
2.026639949388329143e+00
2.026582253965513836e+00
2.026582253965514280e+00
2.026524235956995046e+00
2.026524235956995490e+00
2.026465895071141166e+00
2.026465895071141610e+00
2.026407231011437382e+00
2.026407231011437826e+00
2.026348243477198885e+00
2.026348243477199329e+00
2.026288932164295620e+00
2.026288932164296064e+00
2.026229296765886811e+00
2.026229296765887256e+00
2.026169336973179025e+00
2.026169336973179913e+00
2.026109052476194883e+00
2.026109052476195327e+00
2.026048442964548002e+00
2.026048442964548890e+00
2.025987508128237913e+00
2.025987508128238357e+00
2.025926247658451640e+00
2.025926247658452084e+00
