   5.7669292e+02
   5.7667892e+02
   5.7663729e+02
   5.7656763e+02
   5.7646927e+02
   5.7634128e+02
   5.7618246e+02
   5.7599136e+02
   5.7576626e+02
   5.7550519e+02
   5.7520594e+02
   5.7486605e+02
   5.7448281e+02
   5.7405331e+02
   5.7357438e+02
   5.7304265e+02
   5.7245454e+02
   5.7180627e+02
   5.7109389e+02
   5.7031323e+02
   5.6945999e+02
   5.6852970e+02
   5.6751776e+02
   5.6641945e+02
   5.6522990e+02
   5.6394420e+02
   5.6255732e+02
   5.6106418e+02
   5.5945967e+02
   5.5773865e+02
   5.5589596e+02
   5.5392649e+02
   5.5182513e+02
   5.4958686e+02
   5.4720673e+02
   5.4467989e+02
   5.4200164e+02
   5.3916742e+02
   5.3617284e+02
   5.3301371e+02
   5.2968610e+02
   5.2618628e+02
   5.2251083e+02
   5.1865661e+02
   5.1462081e+02
   5.1040097e+02
   5.0599498e+02
   5.0140114e+02
   4.9661813e+02
   4.9164509e+02
   4.8648159e+02
   4.8112766e+02
   4.7558382e+02
   4.6985108e+02
   4.6393094e+02
   4.5782544e+02
   4.5153711e+02
   4.4506905e+02
   4.3842486e+02
   4.3160868e+02
   4.2462518e+02
   4.1747956e+02
   4.1017755e+02
   4.0272539e+02
   3.9512980e+02
   3.8739803e+02
   3.7953775e+02
   3.7155713e+02
   3.6346474e+02
   3.5526957e+02
   3.4698099e+02
   3.3860870e+02
   3.3016276e+02
   3.2165349e+02
   3.1309148e+02
   3.0448753e+02
   2.9585262e+02
   2.8719788e+02
   2.7853455e+02
   2.6987392e+02
   2.6122731e+02
   2.5260602e+02
   2.4402130e+02
   2.3548429e+02
   2.2700599e+02
   2.1859724e+02
   2.1026862e+02
   2.0203050e+02
   1.9389293e+02
   1.8586564e+02
   1.7795799e+02
   1.7017897e+02
   1.6253712e+02
   1.5504057e+02
   1.4769695e+02
   1.4051341e+02
   1.3349658e+02
   1.2665256e+02
   1.1998693e+02
   1.1350469e+02
   1.0721030e+02
   1.0110764e+02
   9.5200036e+01
   8.9490242e+01
   8.3980445e+01
   7.8672278e+01
   7.3566824e+01
   6.8664626e+01
   6.3965702e+01
   5.9469561e+01
   5.5175217e+01
   5.1081210e+01
   4.7185626e+01
   4.3486121e+01
   3.9979939e+01
   3.6663943e+01
   3.3534636e+01
   3.0588189e+01
   2.7820467e+01
   2.5227055e+01
   2.2803286e+01
   2.0544271e+01
   1.8444920e+01
   1.6499975e+01
   1.4704031e+01
   1.3051567e+01
   1.1536964e+01
   1.0154539e+01
   8.8985594e+00
   7.7632690e+00
   6.7429101e+00
   5.8317421e+00
   5.0240611e+00
   4.3142172e+00
   3.6966313e+00
   3.1658101e+00
   2.7163595e+00
   2.3429977e+00
   2.0405662e+00
   1.8040394e+00
   1.6285338e+00
   1.5093151e+00
   1.4418045e+00
   1.4215841e+00
   1.4444005e+00
   1.5061680e+00
   1.6029708e+00
   1.7310637e+00
   1.8868727e+00
   2.0669941e+00
   2.2681935e+00
   2.4874036e+00
   2.7217218e+00
   2.9684069e+00
   3.2248756e+00
   3.4886986e+00
   3.7575963e+00
   4.0294336e+00
   4.3022158e+00
   4.5740831e+00
   4.8433053e+00
   5.1082770e+00
   5.3675117e+00
   5.6196370e+00
   5.8633890e+00
   6.0976073e+00
   6.3212300e+00
   6.5332888e+00
   6.7329039e+00
   6.9192803e+00
   7.0917029e+00
   7.2495328e+00
   7.3922034e+00
   7.5192173e+00
   7.6301431e+00
   7.7246124e+00
   7.8023177e+00
   7.8630103e+00
   7.9064984e+00
   7.9326461e+00
   7.9413721e+00
   7.9326495e+00
   7.9065051e+00
   7.8630203e+00
   7.8023309e+00
   7.7246286e+00
   7.6301622e+00
   7.5192392e+00
   7.3922277e+00
   7.2495593e+00
   7.0917314e+00
   6.9193105e+00
   6.7329355e+00
   6.5333214e+00
   6.3212635e+00
   6.0976412e+00
   5.8634230e+00
   5.6196707e+00
   5.3675449e+00
   5.1083094e+00
   4.8433367e+00
   4.5741132e+00
   4.3022445e+00
   4.0294606e+00
   3.7576216e+00
   3.4887223e+00
   3.2248977e+00
   2.9684275e+00
   2.7217412e+00
   2.4874221e+00
   2.2682116e+00
   2.0670124e+00
   1.8868920e+00
   1.7310849e+00
   1.6029949e+00
   1.5061963e+00
   1.4444345e+00
   1.4216255e+00
   1.4418551e+00
   1.5093770e+00
   1.6286095e+00
   1.8041315e+00
   2.0406775e+00
   2.3431316e+00
   2.7165193e+00
   3.1659996e+00
   3.6968547e+00
   4.3144789e+00
   5.0243658e+00
   5.8320951e+00
   6.7433168e+00
   7.7637353e+00
   8.8990914e+00
   1.0155144e+01
   1.1537648e+01
   1.3052337e+01
   1.4704896e+01
   1.6500942e+01
   1.8445998e+01
   2.0545468e+01
   2.2804611e+01
   2.5228517e+01
   2.7822077e+01
   3.0589957e+01
   3.3536571e+01
   3.6666056e+01
   3.9982240e+01
   4.3488622e+01
   4.7188338e+01
   5.1084143e+01
   5.5178382e+01
   5.9472970e+01
   6.3969366e+01
   6.8668555e+01
   7.3571031e+01
   7.8676773e+01
   8.3985239e+01
   8.9495345e+01
   9.5205459e+01
   1.0111339e+02
   1.0721639e+02
   1.1351113e+02
   1.1999372e+02
   1.2665972e+02
   1.3350411e+02
   1.4052132e+02
   1.4770526e+02
   1.5504927e+02
   1.6254622e+02
   1.7018846e+02
   1.7796789e+02
   1.8587594e+02
   1.9390364e+02
   2.0204163e+02
   2.1028016e+02
   2.1860918e+02
   2.2701835e+02
   2.3549705e+02
   2.4403446e+02
   2.5261957e+02
   2.6124125e+02
   2.6988825e+02
   2.7854925e+02
   2.8721295e+02
   2.9586805e+02
   3.0450331e+02
   3.1310760e+02
   3.2166994e+02
   3.3017952e+02
   3.3862576e+02
   3.4699833e+02
   3.5528718e+02
   3.6348261e+02
   3.7157523e+02
   3.7955607e+02
   3.8741655e+02
   3.9514851e+02
   4.0274426e+02
   4.1019657e+02
   4.1749871e+02
   4.2464444e+02
   4.3162803e+02
   4.3844428e+02
   4.4508853e+02
   4.5155662e+02
   4.5784495e+02
   4.6395045e+02
   4.6987056e+02
   4.7560325e+02
   4.8114703e+02
   4.8650087e+02
   4.9166427e+02
   4.9663718e+02
   5.0142005e+02
   5.0601373e+02
   5.1041954e+02
   5.1463919e+02
   5.1867477e+02
   5.2252876e+02
   5.2620397e+02
   5.2970353e+02
   5.3303087e+02
   5.3618971e+02
   5.3918399e+02
   5.4201790e+02
   5.4469582e+02
   5.4722231e+02
   5.4960209e+02
   5.5184000e+02
   5.5394098e+02
   5.5591008e+02
   5.5775237e+02
   5.5947299e+02
   5.6107709e+02
   5.6256981e+02
   5.6395626e+02
   5.6524153e+02
   5.6643063e+02
   5.6752851e+02
   5.6853999e+02
   5.6946982e+02
   5.7032259e+02
   5.7110278e+02
   5.7181470e+02
   5.7246249e+02
   5.7305012e+02
   5.7358136e+02
   5.7405981e+02
   5.7448882e+02
   5.7487157e+02
   5.7521096e+02
   5.7550972e+02
   5.7577028e+02
   5.7599489e+02
   5.7618549e+02
   5.7634380e+02
   5.7647129e+02
   5.7656915e+02
   5.7663830e+02
   5.7667943e+02
   5.7669292e+02
