   4.5823296e+03
   4.5821190e+03
   4.5814906e+03
   4.5804387e+03
   4.5789542e+03
   4.5770240e+03
   4.5746315e+03
   4.5717567e+03
   4.5683758e+03
   4.5644616e+03
   4.5599836e+03
   4.5549079e+03
   4.5491974e+03
   4.5428120e+03
   4.5357085e+03
   4.5278411e+03
   4.5191611e+03
   4.5096174e+03
   4.4991567e+03
   4.4877234e+03
   4.4752602e+03
   4.4617080e+03
   4.4470064e+03
   4.4310937e+03
   4.4139076e+03
   4.3953850e+03
   4.3754627e+03
   4.3540775e+03
   4.3311666e+03
   4.3066680e+03
   4.2805211e+03
   4.2526666e+03
   4.2230471e+03
   4.1916078e+03
   4.1582964e+03
   4.1230641e+03
   4.0858655e+03
   4.0466592e+03
   4.0054085e+03
   3.9620815e+03
   3.9166515e+03
   3.8690976e+03
   3.8194051e+03
   3.7675655e+03
   3.7135776e+03
   3.6574470e+03
   3.5991869e+03
   3.5388183e+03
   3.4763702e+03
   3.4118797e+03
   3.3453924e+03
   3.2769625e+03
   3.2066524e+03
   3.1345334e+03
   3.0606854e+03
   2.9851966e+03
   2.9081636e+03
   2.8296912e+03
   2.7498921e+03
   2.6688866e+03
   2.5868023e+03
   2.5037733e+03
   2.4199405e+03
   2.3354502e+03
   2.2504541e+03
   2.1651085e+03
   2.0795734e+03
   1.9940121e+03
   1.9085904e+03
   1.8234756e+03
   1.7388359e+03
   1.6548393e+03
   1.5716532e+03
   1.4894431e+03
   1.4083720e+03
   1.3285993e+03
   1.2502803e+03
   1.1735651e+03
   1.0985981e+03
   1.0255169e+03
   9.5445158e+02
   8.8552452e+02
   8.1884925e+02
   7.5453009e+02
   6.9266166e+02
   6.3332840e+02
   5.7660423e+02
   5.2255222e+02
   4.7122441e+02
   4.2266162e+02
   3.7689342e+02
   3.3393812e+02
   2.9380284e+02
   2.5648369e+02
   2.2196600e+02
   1.9022457e+02
   1.6122413e+02
   1.3491966e+02
   1.1125696e+02
   9.0173101e+01
   7.1597095e+01
   5.5450450e+01
   4.1647852e+01
   3.0097844e+01
   2.0703530e+01
   1.3363295e+01
   7.9715352e+00
   4.4193856e+00
   2.5954492e+00
   2.3865138e+00
   3.6782530e+00
   6.3559068e+00
   1.0304939e+01
   1.5411662e+01
   2.1563830e+01
   2.8651196e+01
   3.6566022e+01
   4.5203558e+01
   5.4462466e+01
   6.4245204e+01
   7.4458367e+01
   8.5012968e+01
   9.5824690e+01
   1.0681408e+02
   1.1790669e+02
   1.2903322e+02
   1.4012953e+02
   1.5113672e+02
   1.6200109e+02
   1.7267409e+02
   1.8311226e+02
   1.9327710e+02
   2.0313497e+02
   2.1265688e+02
   2.2181834e+02
   2.3059918e+02
   2.3898329e+02
   2.4695844e+02
   2.5451599e+02
   2.6165073e+02
   2.6836054e+02
   2.7464623e+02
   2.8051122e+02
   2.8596133e+02
   2.9100456e+02
   2.9565077e+02
   2.9991157e+02
   3.0379999e+02
   3.0733033e+02
   3.1051793e+02
   3.1337901e+02
   3.1593043e+02
   3.1818959e+02
   3.2017422e+02
   3.2190227e+02
   3.2339174e+02
   3.2466060e+02
   3.2572663e+02
   3.2660736e+02
   3.2731996e+02
   3.2788116e+02
   3.2830719e+02
   3.2861370e+02
   3.2881574e+02
   3.2892767e+02
   3.2896314e+02
   3.2893508e+02
   3.2885563e+02
   3.2873616e+02
   3.2858722e+02
   3.2841854e+02
   3.2823903e+02
   3.2805675e+02
   3.2787893e+02
   3.2771193e+02
   3.2756128e+02
   3.2743165e+02
   3.2732687e+02
   3.2724992e+02
   3.2720291e+02
   3.2718712e+02
   3.2720297e+02
   3.2725004e+02
   3.2732705e+02
   3.2743189e+02
   3.2756158e+02
   3.2771229e+02
   3.2787935e+02
   3.2805723e+02
   3.2823957e+02
   3.2841914e+02
   3.2858788e+02
   3.2873688e+02
   3.2885642e+02
   3.2893593e+02
   3.2896405e+02
   3.2892864e+02
   3.2881678e+02
   3.2861480e+02
   3.2830835e+02
   3.2788238e+02
   3.2732123e+02
   3.2660870e+02
   3.2572802e+02
   3.2466205e+02
   3.2339325e+02
   3.2190382e+02
   3.2017582e+02
   3.1819124e+02
   3.1593212e+02
   3.1338074e+02
   3.1051970e+02
   3.0733212e+02
   3.0380181e+02
   2.9991341e+02
   2.9565263e+02
   2.9100641e+02
   2.8596319e+02
   2.8051307e+02
   2.7464806e+02
   2.6836235e+02
   2.6165251e+02
   2.5451773e+02
   2.4696012e+02
   2.3898492e+02
   2.3060074e+02
   2.2181982e+02
   2.1265826e+02
   2.0313626e+02
   1.9327829e+02
   1.8311333e+02
   1.7267504e+02
   1.6200191e+02
   1.5113741e+02
   1.4013009e+02
   1.2903364e+02
   1.1790698e+02
   1.0681423e+02
   9.5824712e+01
   8.5012870e+01
   7.4458159e+01
   6.4244901e+01
   5.4462084e+01
   4.5203120e+01
   3.6565554e+01
   2.8650727e+01
   2.1563397e+01
   1.5411305e+01
   1.0304703e+01
   6.3558434e+00
   3.6784183e+00
   2.3869706e+00
   2.5962678e+00
   4.4206407e+00
   7.9733066e+00
   1.3365669e+01
   2.0706599e+01
   3.0101706e+01
   4.1652612e+01
   5.5456217e+01
   7.1603985e+01
   9.0181233e+01
   1.1126645e+02
   1.3493066e+02
   1.6123675e+02
   1.9023896e+02
   2.2198228e+02
   2.5650202e+02
   2.9382335e+02
   3.3396096e+02
   3.7691873e+02
   4.2268953e+02
   4.7125506e+02
   5.2258576e+02
   5.7664078e+02
   6.3336809e+02
   6.9270462e+02
   7.5457643e+02
   8.1889908e+02
   8.8557795e+02
   9.5450870e+02
   1.0255778e+03
   1.0986629e+03
   1.1736338e+03
   1.2503529e+03
   1.3286759e+03
   1.4084527e+03
   1.4895279e+03
   1.5717421e+03
   1.6549322e+03
   1.7389328e+03
   1.8235766e+03
   1.9086953e+03
   1.9941209e+03
   2.0796860e+03
   2.1652249e+03
   2.2505742e+03
   2.3355738e+03
   2.4200675e+03
   2.5039036e+03
   2.5869356e+03
   2.6690230e+03
   2.7500312e+03
   2.8298330e+03
   2.9083078e+03
   2.9853430e+03
   3.0608339e+03
   3.1346838e+03
   3.2068044e+03
   3.2771159e+03
   3.3455471e+03
   3.4120353e+03
   3.4765266e+03
   3.5389752e+03
   3.5993441e+03
   3.6576043e+03
   3.7137348e+03
   3.7677224e+03
   3.8195613e+03
   3.8692530e+03
   3.9168059e+03
   3.9622347e+03
   4.0055603e+03
   4.0468093e+03
   4.0860137e+03
   4.1232103e+03
   4.1584404e+03
   4.1917493e+03
   4.2231861e+03
   4.2528028e+03
   4.2806544e+03
   4.3067982e+03
   4.3312935e+03
   4.3542011e+03
   4.3755828e+03
   4.3955015e+03
   4.4140203e+03
   4.4312025e+03
   4.4471111e+03
   4.4618087e+03
   4.4753566e+03
   4.4878156e+03
   4.4992444e+03
   4.5097007e+03
   4.5192399e+03
   4.5279153e+03
   4.5357780e+03
   4.5428768e+03
   4.5492574e+03
   4.5549631e+03
   4.5600339e+03
   4.5645070e+03
   4.5684162e+03
   4.5717921e+03
   4.5746620e+03
   4.5770493e+03
   4.5789745e+03
   4.5804540e+03
   4.5815008e+03
   4.5821241e+03
   4.5823296e+03
