   2.1762631e+04
   2.1761292e+04
   2.1757280e+04
   2.1750547e+04
   2.1741017e+04
   2.1728582e+04
   2.1713101e+04
   2.1694408e+04
   2.1672303e+04
   2.1646559e+04
   2.1616922e+04
   2.1583110e+04
   2.1544813e+04
   2.1501699e+04
   2.1453410e+04
   2.1399567e+04
   2.1339769e+04
   2.1273598e+04
   2.1200617e+04
   2.1120375e+04
   2.1032408e+04
   2.0936243e+04
   2.0831397e+04
   2.0717386e+04
   2.0593723e+04
   2.0459921e+04
   2.0315502e+04
   2.0159995e+04
   1.9992941e+04
   1.9813900e+04
   1.9622453e+04
   1.9418203e+04
   1.9200788e+04
   1.8969876e+04
   1.8725177e+04
   1.8466442e+04
   1.8193470e+04
   1.7906115e+04
   1.7604284e+04
   1.7287950e+04
   1.6957146e+04
   1.6611977e+04
   1.6252620e+04
   1.5879327e+04
   1.5492430e+04
   1.5092340e+04
   1.4679552e+04
   1.4254645e+04
   1.3818281e+04
   1.3371209e+04
   1.2914261e+04
   1.2448351e+04
   1.1974475e+04
   1.1493705e+04
   1.1007190e+04
   1.0516146e+04
   1.0021853e+04
   9.5256519e+03
   9.0289333e+03
   8.5331321e+03
   8.0397194e+03
   7.5501932e+03
   7.0660692e+03
   6.5888708e+03
   6.1201191e+03
   5.6613220e+03
   5.2139637e+03
   4.7794935e+03
   4.3593149e+03
   3.9547749e+03
   3.5671535e+03
   3.1976532e+03
   2.8473894e+03
   2.5173811e+03
   2.2085428e+03
   1.9216761e+03
   1.6574635e+03
   1.4164625e+03
   1.1991005e+03
   1.0056717e+03
   8.3633408e+02
   6.9110877e+02
   5.6987972e+02
   4.7239504e+02
   3.9826961e+02
   3.4698870e+02
   3.1791299e+02
   3.1028457e+02
   3.2323402e+02
   3.5578849e+02
   4.0688065e+02
   4.7535839e+02
   5.5999516e+02
   6.5950093e+02
   7.7253341e+02
   8.9770968e+02
   1.0336179e+03
   1.1788290e+03
   1.3319083e+03
   1.4914268e+03
   1.6559724e+03
   1.8241602e+03
   1.9946422e+03
   2.1661171e+03
   2.3373384e+03
   2.5071222e+03
   2.6743538e+03
   2.8379939e+03
   2.9970833e+03
   3.1507468e+03
   3.2981963e+03
   3.4387327e+03
   3.5717471e+03
   3.6967210e+03
   3.8132254e+03
   3.9209193e+03
   4.0195477e+03
   4.1089386e+03
   4.1889990e+03
   4.2597114e+03
   4.3211289e+03
   4.3733703e+03
   4.4166147e+03
   4.4510963e+03
   4.4770986e+03
   4.4949485e+03
   4.5050108e+03
   4.5076823e+03
   4.5033864e+03
   4.4925673e+03
   4.4756854e+03
   4.4532115e+03
   4.4256228e+03
   4.3933981e+03
   4.3570139e+03
   4.3169406e+03
   4.2736391e+03
   4.2275580e+03
   4.1791310e+03
   4.1287744e+03
   4.0768852e+03
   4.0238398e+03
   3.9699928e+03
   3.9156757e+03
   3.8611967e+03
   3.8068401e+03
   3.7528663e+03
   3.6995120e+03
   3.6469907e+03
   3.5954927e+03
   3.5451865e+03
   3.4962191e+03
   3.4487173e+03
   3.4027886e+03
   3.3585223e+03
   3.3159909e+03
   3.2752512e+03
   3.2363457e+03
   3.1993036e+03
   3.1641423e+03
   3.1308689e+03
   3.0994810e+03
   3.0699682e+03
   3.0423132e+03
   3.0164931e+03
   2.9924802e+03
   2.9702434e+03
   2.9497488e+03
   2.9309611e+03
   2.9138438e+03
   2.8983609e+03
   2.8844766e+03
   2.8721568e+03
   2.8613694e+03
   2.8520846e+03
   2.8442759e+03
   2.8379200e+03
   2.8329974e+03
   2.8294926e+03
   2.8273946e+03
   2.8266965e+03
   2.8273961e+03
   2.8294956e+03
   2.8330019e+03
   2.8379261e+03
   2.8442836e+03
   2.8520940e+03
   2.8613804e+03
   2.8721697e+03
   2.8844913e+03
   2.8983775e+03
   2.9138625e+03
   2.9309818e+03
   2.9497717e+03
   2.9702685e+03
   2.9925077e+03
   3.0165230e+03
   3.0423457e+03
   3.0700032e+03
   3.0995187e+03
   3.1309093e+03
   3.1641854e+03
   3.1993494e+03
   3.2363943e+03
   3.2753025e+03
   3.3160449e+03
   3.3585789e+03
   3.4028477e+03
   3.4487789e+03
   3.4962831e+03
   3.5452527e+03
   3.5955609e+03
   3.6470606e+03
   3.6995835e+03
   3.7529391e+03
   3.8069139e+03
   3.8612713e+03
   3.9157507e+03
   3.9700679e+03
   4.0239146e+03
   4.0769593e+03
   4.1288474e+03
   4.1792025e+03
   4.2276276e+03
   4.2737063e+03
   4.3170049e+03
   4.3570750e+03
   4.3934555e+03
   4.4256761e+03
   4.4532602e+03
   4.4757291e+03
   4.4926056e+03
   4.5034188e+03
   4.5077086e+03
   4.5050306e+03
   4.4949614e+03
   4.4771044e+03
   4.4510947e+03
   4.4166054e+03
   4.3733532e+03
   4.3211039e+03
   4.2596783e+03
   4.1889578e+03
   4.1088893e+03
   4.0194904e+03
   3.9208539e+03
   3.8131521e+03
   3.6966401e+03
   3.5716587e+03
   3.4386370e+03
   3.2980937e+03
   3.1506377e+03
   2.9969681e+03
   2.8378731e+03
   2.6742278e+03
   2.5069916e+03
   2.3372037e+03
   2.1659790e+03
   1.9945013e+03
   1.8240171e+03
   1.6558280e+03
   1.4912817e+03
   1.3317633e+03
   1.1786849e+03
   1.0334756e+03
   8.9756996e+02
   7.7239716e+02
   6.5936903e+02
   5.5986850e+02
   4.7523788e+02
   4.0676721e+02
   3.5568303e+02
   3.2313747e+02
   3.1019786e+02
   3.1783704e+02
   3.4692441e+02
   3.9821788e+02
   4.7235677e+02
   5.6985574e+02
   6.9109994e+02
   8.3634118e+02
   1.0056955e+03
   1.1991418e+03
   1.4165219e+03
   1.6575417e+03
   1.9217736e+03
   2.2086602e+03
   2.5175189e+03
   2.8475478e+03
   3.1978328e+03
   3.5673545e+03
   3.9549975e+03
   4.3595591e+03
   4.7797595e+03
   5.2142514e+03
   5.6616313e+03
   6.1204497e+03
   6.5892225e+03
   7.0664417e+03
   7.5505860e+03
   8.0401321e+03
   8.5335639e+03
   9.0293836e+03
   9.5261201e+03
   1.0022338e+04
   1.0516647e+04
   1.1007707e+04
   1.1494236e+04
   1.1975019e+04
   1.2448907e+04
   1.2914828e+04
   1.3371786e+04
   1.3818867e+04
   1.4255238e+04
   1.4680152e+04
   1.5092945e+04
   1.5493039e+04
   1.5879939e+04
   1.6253233e+04
   1.6612590e+04
   1.6957758e+04
   1.7288560e+04
   1.7604892e+04
   1.7906718e+04
   1.8194068e+04
   1.8467033e+04
   1.8725761e+04
   1.8970452e+04
   1.9201354e+04
   1.9418760e+04
   1.9622998e+04
   1.9814434e+04
   1.9993462e+04
   2.0160502e+04
   2.0315995e+04
   2.0460400e+04
   2.0594186e+04
   2.0717833e+04
   2.0831828e+04
   2.0936656e+04
   2.1032804e+04
   2.1120754e+04
   2.1200978e+04
   2.1273940e+04
   2.1340093e+04
   2.1399871e+04
   2.1453695e+04
   2.1501964e+04
   2.1545059e+04
   2.1583336e+04
   2.1617128e+04
   2.1646745e+04
   2.1672468e+04
   2.1694553e+04
   2.1713226e+04
   2.1728685e+04
   2.1741100e+04
   2.1750609e+04
   2.1757321e+04
   2.1761313e+04
   2.1762631e+04
