   5.5830365e+04
   5.5818710e+04
   5.5783797e+04
   5.5725522e+04
   5.5643707e+04
   5.5538107e+04
   5.5408413e+04
   5.5254248e+04
   5.5075178e+04
   5.4870714e+04
   5.4640311e+04
   5.4383383e+04
   5.4099299e+04
   5.3787398e+04
   5.3446990e+04
   5.3077367e+04
   5.2677809e+04
   5.2247596e+04
   5.1786013e+04
   5.1292365e+04
   5.0765983e+04
   5.0206238e+04
   4.9612549e+04
   4.8984398e+04
   4.8321339e+04
   4.7623010e+04
   4.6889147e+04
   4.6119595e+04
   4.5314318e+04
   4.4473412e+04
   4.3597118e+04
   4.2685829e+04
   4.1740100e+04
   4.0760661e+04
   3.9748422e+04
   3.8704480e+04
   3.7630126e+04
   3.6526850e+04
   3.5396340e+04
   3.4240488e+04
   3.3061386e+04
   3.1861326e+04
   3.0642792e+04
   2.9408457e+04
   2.8161171e+04
   2.6903951e+04
   2.5639969e+04
   2.4372535e+04
   2.3105079e+04
   2.1841132e+04
   2.0584307e+04
   1.9338270e+04
   1.8106720e+04
   1.6893359e+04
   1.5701869e+04
   1.4535877e+04
   1.3398931e+04
   1.2294472e+04
   1.1225798e+04
   1.0196041e+04
   9.2081384e+03
   8.2648033e+03
   7.3685018e+03
   6.5214286e+03
   5.7254861e+03
   4.9822655e+03
   4.2930314e+03
   3.6587088e+03
   3.0798740e+03
   2.5567491e+03
   2.0891991e+03
   1.6767346e+03
   1.3185162e+03
   1.0133645e+03
   7.5977240e+02
   5.5592161e+02
   3.9970248e+02
   2.8873669e+02
   2.2040286e+02
   1.9186465e+02
   2.0010095e+02
   2.4193774e+02
   3.1408123e+02
   4.1315175e+02
   5.3571812e+02
   6.7833184e+02
   8.3756083e+02
   1.0100221e+03
   1.1924129e+03
   1.3815407e+03
   1.5743502e+03
   1.7679482e+03
   1.9596266e+03
   2.1468810e+03
   2.3274272e+03
   2.4992147e+03
   2.6604362e+03
   2.8095341e+03
   2.9452043e+03
   3.0663962e+03
   3.1723100e+03
   3.2623914e+03
   3.3363233e+03
   3.3940150e+03
   3.4355905e+03
   3.4613731e+03
   3.4718701e+03
   3.4677554e+03
   3.4498515e+03
   3.4191106e+03
   3.3765958e+03
   3.3234618e+03
   3.2609357e+03
   3.1902990e+03
   3.1128692e+03
   3.0299827e+03
   2.9429791e+03
   2.8531857e+03
   2.7619037e+03
   2.6703959e+03
   2.5798755e+03
   2.4914960e+03
   2.4063429e+03
   2.3254268e+03
   2.2496774e+03
   2.1799393e+03
   2.1169686e+03
   2.0614310e+03
   2.0139006e+03
   1.9748603e+03
   1.9447022e+03
   1.9237299e+03
   1.9121604e+03
   1.9101275e+03
   1.9176853e+03
   1.9348120e+03
   1.9614145e+03
   1.9973329e+03
   2.0423454e+03
   2.0961731e+03
   2.1584853e+03
   2.2289040e+03
   2.3070097e+03
   2.3923456e+03
   2.4844228e+03
   2.5827248e+03
   2.6867120e+03
   2.7958262e+03
   2.9094945e+03
   3.0271331e+03
   3.1481514e+03
   3.2719549e+03
   3.3979485e+03
   3.5255399e+03
   3.6541416e+03
   3.7831743e+03
   3.9120681e+03
   4.0402657e+03
   4.1672233e+03
   4.2924130e+03
   4.4153238e+03
   4.5354632e+03
   4.6523584e+03
   4.7655571e+03
   4.8746285e+03
   4.9791640e+03
   5.0787780e+03
   5.1731082e+03
   5.2618162e+03
   5.3445879e+03
   5.4211335e+03
   5.4911883e+03
   5.5545123e+03
   5.6108904e+03
   5.6601331e+03
   5.7020757e+03
   5.7365791e+03
   5.7635293e+03
   5.7828376e+03
   5.7944409e+03
   5.7983012e+03
   5.7944058e+03
   5.7827676e+03
   5.7634245e+03
   5.7364401e+03
   5.7019030e+03
   5.6599274e+03
   5.6106525e+03
   5.5542432e+03
   5.4908892e+03
   5.4208055e+03
   5.3442323e+03
   5.2614346e+03
   5.1727022e+03
   5.0783492e+03
   4.9787143e+03
   4.8741597e+03
   4.7650712e+03
   4.6518575e+03
   4.5349493e+03
   4.4147991e+03
   4.2918799e+03
   4.1666840e+03
   4.0397225e+03
   3.9115235e+03
   3.7826304e+03
   3.6536010e+03
   3.5250047e+03
   3.3974212e+03
   3.2714377e+03
   3.1476466e+03
   3.0266428e+03
   2.9090206e+03
   2.7953709e+03
   2.6862770e+03
   2.5823119e+03
   2.4840337e+03
   2.3919817e+03
   2.3066723e+03
   2.2285942e+03
   2.1582040e+03
   2.0959212e+03
   2.0421235e+03
   1.9971413e+03
   1.9612534e+03
   1.9346814e+03
   1.9175850e+03
   1.9100571e+03
   1.9121193e+03
   1.9237172e+03
   1.9447170e+03
   1.9749013e+03
   2.0139666e+03
   2.0615203e+03
   2.1170797e+03
   2.1800704e+03
   2.2498265e+03
   2.3255919e+03
   2.4065220e+03
   2.4916869e+03
   2.5800761e+03
   2.6706040e+03
   2.7621169e+03
   2.8534019e+03
   2.9431962e+03
   3.0301985e+03
   3.1130816e+03
   3.1905061e+03
   3.2611356e+03
   3.3236526e+03
   3.3767761e+03
   3.4192787e+03
   3.4500060e+03
   3.4678951e+03
   3.4719940e+03
   3.4614802e+03
   3.4356800e+03
   3.3940864e+03
   3.3363760e+03
   3.2624253e+03
   3.1723248e+03
   3.0663920e+03
   2.9451813e+03
   2.8094927e+03
   2.6603768e+03
   2.4991381e+03
   2.3273341e+03
   2.1467722e+03
   1.9595034e+03
   1.7678118e+03
   1.5742018e+03
   1.3813819e+03
   1.1922454e+03
   1.0098476e+03
   8.3738127e+02
   6.7814927e+02
   5.3553472e+02
   4.1296983e+02
   3.1390322e+02
   2.4176620e+02
   1.9993853e+02
   1.9171413e+02
   2.2026716e+02
   2.8861882e+02
   3.9960552e+02
   5.5584870e+02
   7.5972673e+02
   1.0133493e+03
   1.3185347e+03
   1.6767900e+03
   2.0892947e+03
   2.5568880e+03
   3.0800594e+03
   3.6589435e+03
   4.2933184e+03
   4.9826077e+03
   5.7258859e+03
   6.5218885e+03
   7.3690239e+03
   8.2653896e+03
   9.2087905e+03
   1.0196761e+04
   1.1226586e+04
   1.2295329e+04
   1.3399858e+04
   1.4536873e+04
   1.5702935e+04
   1.6894495e+04
   1.8107924e+04
   1.9339541e+04
   2.0585644e+04
   2.1842533e+04
   2.3106541e+04
   2.4374056e+04
   2.5641547e+04
   2.6905582e+04
   2.8162851e+04
   2.9410184e+04
   3.0644561e+04
   3.1863134e+04
   3.3063228e+04
   3.4242360e+04
   3.5398237e+04
   3.6528768e+04
   3.7632061e+04
   3.8706426e+04
   3.9750375e+04
   4.0762616e+04
   4.1742052e+04
   4.2687773e+04
   4.3599050e+04
   4.4475327e+04
   4.5316210e+04
   4.6121461e+04
   4.6890983e+04
   4.7624810e+04
   4.8323100e+04
   4.8986117e+04
   4.9614221e+04
   5.0207859e+04
   5.0767550e+04
   5.1293874e+04
   5.1787461e+04
   5.2248980e+04
   5.2679127e+04
   5.3078615e+04
   5.3448166e+04
   5.3788500e+04
   5.4100324e+04
   5.4384329e+04
   5.4641177e+04
   5.4871498e+04
   5.5075879e+04
   5.5254864e+04
   5.5408943e+04
   5.5538551e+04
   5.5644062e+04
   5.5725789e+04
   5.5783976e+04
   5.5818799e+04
   5.5830365e+04
