   4.2892923e+01
   4.2892573e+01
   4.2891547e+01
   4.2889831e+01
   4.2887404e+01
   4.2884233e+01
   4.2880279e+01
   4.2875493e+01
   4.2869817e+01
   4.2863186e+01
   4.2855525e+01
   4.2846750e+01
   4.2836772e+01
   4.2825492e+01
   4.2812801e+01
   4.2798587e+01
   4.2782727e+01
   4.2765093e+01
   4.2745548e+01
   4.2723951e+01
   4.2700152e+01
   4.2673997e+01
   4.2645325e+01
   4.2613971e+01
   4.2579764e+01
   4.2542528e+01
   4.2502085e+01
   4.2458250e+01
   4.2410837e+01
   4.2359657e+01
   4.2304518e+01
   4.2245226e+01
   4.2181586e+01
   4.2113401e+01
   4.2040475e+01
   4.1962613e+01
   4.1879617e+01
   4.1791295e+01
   4.1697453e+01
   4.1597903e+01
   4.1492456e+01
   4.1380931e+01
   4.1263147e+01
   4.1138932e+01
   4.1008117e+01
   4.0870539e+01
   4.0726042e+01
   4.0574479e+01
   4.0415709e+01
   4.0249600e+01
   4.0076029e+01
   3.9894882e+01
   3.9706056e+01
   3.9509459e+01
   3.9305008e+01
   3.9092635e+01
   3.8872281e+01
   3.8643901e+01
   3.8407461e+01
   3.8162943e+01
   3.7910341e+01
   3.7649662e+01
   3.7380929e+01
   3.7104177e+01
   3.6819457e+01
   3.6526834e+01
   3.6226388e+01
   3.5918212e+01
   3.5602415e+01
   3.5279122e+01
   3.4948468e+01
   3.4610607e+01
   3.4265705e+01
   3.3913940e+01
   3.3555507e+01
   3.3190612e+01
   3.2819473e+01
   3.2442324e+01
   3.2059406e+01
   3.1670974e+01
   3.1277295e+01
   3.0878643e+01
   3.0475304e+01
   3.0067572e+01
   2.9655750e+01
   2.9240146e+01
   2.8821079e+01
   2.8398869e+01
   2.7973846e+01
   2.7546341e+01
   2.7116691e+01
   2.6685234e+01
   2.6252310e+01
   2.5818263e+01
   2.5383434e+01
   2.4948165e+01
   2.4512797e+01
   2.4077669e+01
   2.3643117e+01
   2.3209473e+01
   2.2777066e+01
   2.2346219e+01
   2.1917249e+01
   2.1490469e+01
   2.1066181e+01
   2.0644685e+01
   2.0226268e+01
   1.9811210e+01
   1.9399784e+01
   1.8992251e+01
   1.8588863e+01
   1.8189861e+01
   1.7795478e+01
   1.7405933e+01
   1.7021436e+01
   1.6642184e+01
   1.6268365e+01
   1.5900153e+01
   1.5537713e+01
   1.5181195e+01
   1.4830741e+01
   1.4486479e+01
   1.4148526e+01
   1.3816989e+01
   1.3491962e+01
   1.3173529e+01
   1.2861762e+01
   1.2556725e+01
   1.2258469e+01
   1.1967037e+01
   1.1682460e+01
   1.1404762e+01
   1.1133956e+01
   1.0870049e+01
   1.0613036e+01
   1.0362908e+01
   1.0119646e+01
   9.8832242e+00
   9.6536115e+00
   9.4307695e+00
   9.2146542e+00
   9.0052165e+00
   8.8024021e+00
   8.6061525e+00
   8.4164048e+00
   8.2330929e+00
   8.0561472e+00
   7.8854952e+00
   7.7210623e+00
   7.5627717e+00
   7.4105451e+00
   7.2643028e+00
   7.1239643e+00
   6.9894487e+00
   6.8606748e+00
   6.7375615e+00
   6.6200284e+00
   6.5079956e+00
   6.4013845e+00
   6.3001178e+00
   6.2041198e+00
   6.1133166e+00
   6.0276366e+00
   5.9470104e+00
   5.8713713e+00
   5.8006553e+00
   5.7348013e+00
   5.6737514e+00
   5.6174511e+00
   5.5658490e+00
   5.5188978e+00
   5.4765535e+00
   5.4387761e+00
   5.4055295e+00
   5.3767818e+00
   5.3525048e+00
   5.3326750e+00
   5.3172727e+00
   5.3062828e+00
   5.2996943e+00
   5.2975007e+00
   5.2996998e+00
   5.3062938e+00
   5.3172893e+00
   5.3326971e+00
   5.3525326e+00
   5.3768152e+00
   5.4055687e+00
   5.4388211e+00
   5.4766043e+00
   5.5189546e+00
   5.5659120e+00
   5.6175202e+00
   5.6738269e+00
   5.7348833e+00
   5.8007439e+00
   5.8714667e+00
   5.9471128e+00
   6.0277461e+00
   6.1134334e+00
   6.2042442e+00
   6.3002500e+00
   6.4015247e+00
   6.5081440e+00
   6.6201852e+00
   6.7377271e+00
   6.8608494e+00
   6.9896325e+00
   7.1241577e+00
   7.2645060e+00
   7.4107584e+00
   7.5629955e+00
   7.7212969e+00
   7.8857409e+00
   8.0564043e+00
   8.2333618e+00
   8.4166859e+00
   8.6064460e+00
   8.8027085e+00
   9.0055361e+00
   9.2149874e+00
   9.4311166e+00
   9.6539730e+00
   9.8836004e+00
   1.0120037e+01
   1.0363315e+01
   1.0613459e+01
   1.0870488e+01
   1.1134412e+01
   1.1405234e+01
   1.1682950e+01
   1.1967544e+01
   1.2258995e+01
   1.2557269e+01
   1.2862325e+01
   1.3174111e+01
   1.3492563e+01
   1.3817610e+01
   1.4149167e+01
   1.4487140e+01
   1.4831423e+01
   1.5181898e+01
   1.5538436e+01
   1.5900898e+01
   1.6269131e+01
   1.6642972e+01
   1.7022245e+01
   1.7406764e+01
   1.7796331e+01
   1.8190736e+01
   1.8589760e+01
   1.8993170e+01
   1.9400725e+01
   1.9812173e+01
   2.0227253e+01
   2.0645692e+01
   2.1067210e+01
   2.1491518e+01
   2.1918320e+01
   2.2347311e+01
   2.2778179e+01
   2.3210606e+01
   2.3644270e+01
   2.4078842e+01
   2.4513989e+01
   2.4949375e+01
   2.5384662e+01
   2.5819509e+01
   2.6253574e+01
   2.6686514e+01
   2.7117987e+01
   2.7547653e+01
   2.7975172e+01
   2.8400210e+01
   2.8822433e+01
   2.9241513e+01
   2.9657128e+01
   3.0068962e+01
   3.0476704e+01
   3.0880053e+01
   3.1278713e+01
   3.1672400e+01
   3.2060838e+01
   3.2443762e+01
   3.2820917e+01
   3.3192060e+01
   3.3556958e+01
   3.3915394e+01
   3.4267160e+01
   3.4612063e+01
   3.4949923e+01
   3.5280575e+01
   3.5603867e+01
   3.5919660e+01
   3.6227832e+01
   3.6528273e+01
   3.6820890e+01
   3.7105604e+01
   3.7382348e+01
   3.7651073e+01
   3.7911742e+01
   3.8164334e+01
   3.8408841e+01
   3.8645268e+01
   3.8873636e+01
   3.9093977e+01
   3.9306336e+01
   3.9510771e+01
   3.9707353e+01
   3.9896162e+01
   4.0077292e+01
   4.0250846e+01
   4.0416937e+01
   4.0575688e+01
   4.0727232e+01
   4.0871708e+01
   4.1009266e+01
   4.1140061e+01
   4.1264254e+01
   4.1382016e+01
   4.1493519e+01
   4.1598943e+01
   4.1698470e+01
   4.1792288e+01
   4.1880586e+01
   4.1963557e+01
   4.2041396e+01
   4.2114296e+01
   4.2182456e+01
   4.2246071e+01
   4.2305338e+01
   4.2360451e+01
   4.2411605e+01
   4.2458991e+01
   4.2502800e+01
   4.2543217e+01
   4.2580426e+01
   4.2614606e+01
   4.2645933e+01
   4.2674578e+01
   4.2700706e+01
   4.2724477e+01
   4.2746048e+01
   4.2765565e+01
   4.2783172e+01
   4.2799004e+01
   4.2813191e+01
   4.2825853e+01
   4.2837106e+01
   4.2847057e+01
   4.2855803e+01
   4.2863436e+01
   4.2870040e+01
   4.2875688e+01
   4.2880446e+01
   4.2884372e+01
   4.2887515e+01
   4.2889915e+01
   4.2891603e+01
   4.2892601e+01
   4.2892923e+01
