   1.7971432e+04
   1.7969519e+04
   1.7963813e+04
   1.7954276e+04
   1.7940848e+04
   1.7923444e+04
   1.7901953e+04
   1.7876245e+04
   1.7846164e+04
   1.7811534e+04
   1.7772156e+04
   1.7727813e+04
   1.7678269e+04
   1.7623268e+04
   1.7562540e+04
   1.7495801e+04
   1.7422751e+04
   1.7343082e+04
   1.7256474e+04
   1.7162602e+04
   1.7061137e+04
   1.6951744e+04
   1.6834094e+04
   1.6707855e+04
   1.6572707e+04
   1.6428335e+04
   1.6274438e+04
   1.6110731e+04
   1.5936947e+04
   1.5752842e+04
   1.5558198e+04
   1.5352827e+04
   1.5136573e+04
   1.4909317e+04
   1.4670981e+04
   1.4421528e+04
   1.4160971e+04
   1.3889370e+04
   1.3606838e+04
   1.3313545e+04
   1.3009716e+04
   1.2695637e+04
   1.2371654e+04
   1.2038177e+04
   1.1695676e+04
   1.1344687e+04
   1.0985806e+04
   1.0619693e+04
   1.0247068e+04
   9.8687074e+03
   9.4854461e+03
   9.0981692e+03
   8.7078105e+03
   8.3153476e+03
   7.9217964e+03
   7.5282056e+03
   7.1356501e+03
   6.7452243e+03
   6.3580351e+03
   5.9751935e+03
   5.5978075e+03
   5.2269730e+03
   4.8637661e+03
   4.5092342e+03
   4.1643877e+03
   3.8301915e+03
   3.5075569e+03
   3.1973342e+03
   2.9003045e+03
   2.6171736e+03
   2.3485652e+03
   2.0950155e+03
   1.8569684e+03
   1.6347716e+03
   1.4286734e+03
   1.2388207e+03
   1.0652580e+03
   9.0792732e+02
   7.6666923e+02
   6.4122481e+02
   5.3123886e+02
   4.3626391e+02
   3.5576527e+02
   2.8912694e+02
   2.3565837e+02
   1.9460194e+02
   1.6514106e+02
   1.4640882e+02
   1.3749710e+02
   1.3746591e+02
   1.4535304e+02
   1.6018361e+02
   1.8097970e+02
   2.0676976e+02
   2.3659769e+02
   2.6953157e+02
   3.0467183e+02
   3.4115886e+02
   3.7817990e+02
   4.1497526e+02
   4.5084357e+02
   4.8514637e+02
   5.1731161e+02
   5.4683644e+02
   5.7328893e+02
   5.9630898e+02
   6.1560834e+02
   6.3096977e+02
   6.4224541e+02
   6.4935442e+02
   6.5227994e+02
   6.5106542e+02
   6.4581047e+02
   6.3666620e+02
   6.2383025e+02
   6.0754153e+02
   5.8807472e+02
   5.6573467e+02
   5.4085084e+02
   5.1377169e+02
   4.8485919e+02
   4.5448357e+02
   4.2301824e+02
   3.9083503e+02
   3.5829974e+02
   3.2576807e+02
   2.9358191e+02
   2.6206613e+02
   2.3152566e+02
   2.0224314e+02
   1.7447689e+02
   1.4845941e+02
   1.2439621e+02
   1.0246507e+02
   8.2815688e+01
   6.5569652e+01
   5.0820751e+01
   3.8635581e+01
   2.9054402e+01
   2.2092231e+01
   1.7740130e+01
   1.5966658e+01
   1.6719448e+01
   1.9926887e+01
   2.5499879e+01
   3.3333648e+01
   4.3309552e+01
   5.5296897e+01
   6.9154726e+01
   8.4733559e+01
   1.0187708e+02
   1.2042375e+02
   1.4020833e+02
   1.6106330e+02
   1.8282024e+02
   2.0531099e+02
   2.2836883e+02
   2.5182945e+02
   2.7553189e+02
   2.9931931e+02
   3.2303973e+02
   3.4654658e+02
   3.6969925e+02
   3.9236352e+02
   4.1441185e+02
   4.3572372e+02
   4.5618582e+02
   4.7569215e+02
   4.9414420e+02
   5.1145095e+02
   5.2752891e+02
   5.4230211e+02
   5.5570208e+02
   5.6766780e+02
   5.7814562e+02
   5.8708923e+02
   5.9445956e+02
   6.0022477e+02
   6.0436013e+02
   6.0684803e+02
   6.0767791e+02
   6.0684626e+02
   6.0435661e+02
   6.0021951e+02
   5.9445260e+02
   5.8708059e+02
   5.7813536e+02
   5.6765597e+02
   5.5568875e+02
   5.4228734e+02
   5.2751278e+02
   5.1143356e+02
   4.9412564e+02
   4.7567252e+02
   4.5616522e+02
   4.3570227e+02
   4.1438965e+02
   3.9234070e+02
   3.6967595e+02
   3.4652291e+02
   3.2301582e+02
   2.9929530e+02
   2.7550791e+02
   2.5180563e+02
   2.2834530e+02
   2.0528789e+02
   1.8279769e+02
   1.6104144e+02
   1.4018728e+02
   1.2040364e+02
   1.0185802e+02
   8.4715677e+01
   6.9138131e+01
   5.5281697e+01
   4.3295850e+01
   3.3321543e+01
   2.5489465e+01
   1.9918253e+01
   1.6712678e+01
   1.5961833e+01
   1.7737324e+01
   2.2091511e+01
   2.9055826e+01
   3.8639200e+01
   5.0826609e+01
   6.5577785e+01
   8.2826129e+01
   1.0247784e+02
   1.2441132e+02
   1.4847687e+02
   1.7449670e+02
   2.0226528e+02
   2.3155011e+02
   2.6209286e+02
   2.9361087e+02
   3.2579919e+02
   3.5833295e+02
   3.9087025e+02
   4.2305537e+02
   4.5452248e+02
   4.8489976e+02
   5.1381376e+02
   5.4089426e+02
   5.6577925e+02
   5.8812026e+02
   6.0758783e+02
   6.2387708e+02
   6.3671331e+02
   6.4585762e+02
   6.5111237e+02
   6.5232641e+02
   6.4940015e+02
   6.4229014e+02
   6.3101324e+02
   6.1565030e+02
   5.9634920e+02
   5.7332720e+02
   5.4687257e+02
   5.1734545e+02
   4.8517780e+02
   4.5087252e+02
   4.1500170e+02
   3.7820387e+02
   3.4118045e+02
   3.0469123e+02
   2.6954901e+02
   2.3661349e+02
   2.0678433e+02
   1.8099353e+02
   1.6019730e+02
   1.4536727e+02
   1.3748147e+02
   1.3751484e+02
   1.4642973e+02
   1.6516620e+02
   1.9463247e+02
   2.3569552e+02
   2.8917203e+02
   3.5581969e+02
   4.3632912e+02
   5.3131637e+02
   6.4131618e+02
   7.6677605e+02
   9.0805121e+02
   1.0654006e+03
   1.2389836e+03
   1.4288582e+03
   1.6349800e+03
   1.8572019e+03
   2.0952756e+03
   2.3488532e+03
   2.6174910e+03
   2.9006524e+03
   3.1977137e+03
   3.5079692e+03
   3.8306373e+03
   4.1648678e+03
   4.5097493e+03
   4.8643165e+03
   5.2275590e+03
   5.5984293e+03
   5.9758510e+03
   6.3587281e+03
   6.7459524e+03
   7.1364127e+03
   7.5290020e+03
   7.9226258e+03
   8.3162089e+03
   8.7087025e+03
   9.0990906e+03
   9.4863954e+03
   9.8696830e+03
   1.0248068e+04
   1.0620716e+04
   1.0986850e+04
   1.1345749e+04
   1.1696755e+04
   1.2039271e+04
   1.2372760e+04
   1.2696753e+04
   1.3010840e+04
   1.3314674e+04
   1.3607970e+04
   1.3890503e+04
   1.4162102e+04
   1.4422656e+04
   1.4672102e+04
   1.4910430e+04
   1.5137675e+04
   1.5353917e+04
   1.5559273e+04
   1.5753900e+04
   1.5937986e+04
   1.6111749e+04
   1.6275433e+04
   1.6429306e+04
   1.6573652e+04
   1.6708772e+04
   1.6834981e+04
   1.6952601e+04
   1.7061961e+04
   1.7163393e+04
   1.7257230e+04
   1.7343802e+04
   1.7423434e+04
   1.7496446e+04
   1.7563146e+04
   1.7623834e+04
   1.7678794e+04
   1.7728297e+04
   1.7772598e+04
   1.7811934e+04
   1.7846521e+04
   1.7876558e+04
   1.7902222e+04
   1.7923668e+04
   1.7941028e+04
   1.7954411e+04
   1.7963903e+04
   1.7969564e+04
   1.7971432e+04
