   2.1244361e+03
   2.1243735e+03
   2.1241879e+03
   2.1238768e+03
   2.1234362e+03
   2.1228603e+03
   2.1221419e+03
   2.1212722e+03
   2.1202408e+03
   2.1190356e+03
   2.1176433e+03
   2.1160490e+03
   2.1142362e+03
   2.1121873e+03
   2.1098830e+03
   2.1073031e+03
   2.1044260e+03
   2.1012287e+03
   2.0976874e+03
   2.0937773e+03
   2.0894724e+03
   2.0847460e+03
   2.0795708e+03
   2.0739186e+03
   2.0677607e+03
   2.0610681e+03
   2.0538114e+03
   2.0459611e+03
   2.0374877e+03
   2.0283616e+03
   2.0185536e+03
   2.0080351e+03
   1.9967778e+03
   1.9847543e+03
   1.9719380e+03
   1.9583036e+03
   1.9438268e+03
   1.9284850e+03
   1.9122570e+03
   1.8951236e+03
   1.8770676e+03
   1.8580737e+03
   1.8381293e+03
   1.8172241e+03
   1.7953506e+03
   1.7725040e+03
   1.7486825e+03
   1.7238876e+03
   1.6981240e+03
   1.6713995e+03
   1.6437257e+03
   1.6151176e+03
   1.5855938e+03
   1.5551767e+03
   1.5238922e+03
   1.4917700e+03
   1.4588436e+03
   1.4251499e+03
   1.3907297e+03
   1.3556271e+03
   1.3198896e+03
   1.2835683e+03
   1.2467170e+03
   1.2093928e+03
   1.1716554e+03
   1.1335670e+03
   1.0951924e+03
   1.0565981e+03
   1.0178526e+03
   9.7902569e+02
   9.4018856e+02
   9.0141310e+02
   8.6277175e+02
   8.2433712e+02
   7.8618168e+02
   7.4837735e+02
   7.1099521e+02
   6.7410510e+02
   6.3777531e+02
   6.0207223e+02
   5.6706004e+02
   5.3280035e+02
   4.9935196e+02
   4.6677054e+02
   4.3510837e+02
   4.0441410e+02
   3.7473257e+02
   3.4610453e+02
   3.1856658e+02
   2.9215095e+02
   2.6688543e+02
   2.4279328e+02
   2.1989316e+02
   1.9819916e+02
   1.7772075e+02
   1.5846285e+02
   1.4042589e+02
   1.2360591e+02
   1.0799465e+02
   9.3579748e+01
   8.0344845e+01
   6.8269822e+01
   5.7330989e+01
   4.7501309e+01
   3.8750646e+01
   3.1046010e+01
   2.4351828e+01
   1.8630211e+01
   1.3841234e+01
   9.9432150e+00
   6.8929955e+00
   4.6462235e+00
   3.1576287e+00
   2.3812936e+00
   2.2709189e+00
   2.7800768e+00
   3.8624561e+00
   5.4720941e+00
   7.5635961e+00
   1.0092339e+01
   1.3014662e+01
   1.6288038e+01
   1.9871229e+01
   2.3724433e+01
   2.7809397e+01
   3.2089529e+01
   3.6529987e+01
   4.1097750e+01
   4.5761672e+01
   5.0492529e+01
   5.5263039e+01
   6.0047877e+01
   6.4823671e+01
   6.9568991e+01
   7.4264321e+01
   7.8892023e+01
   8.3436293e+01
   8.7883106e+01
   9.2220153e+01
   9.6436777e+01
   1.0052389e+02
   1.0447392e+02
   1.0828068e+02
   1.1193934e+02
   1.1544630e+02
   1.1879913e+02
   1.2199647e+02
   1.2503791e+02
   1.2792399e+02
   1.3065600e+02
   1.3323601e+02
   1.3566669e+02
   1.3795130e+02
   1.4009360e+02
   1.4209773e+02
   1.4396822e+02
   1.4570986e+02
   1.4732766e+02
   1.4882681e+02
   1.5021260e+02
   1.5149037e+02
   1.5266548e+02
   1.5374326e+02
   1.5472896e+02
   1.5562773e+02
   1.5644456e+02
   1.5718427e+02
   1.5785151e+02
   1.5845066e+02
   1.5898587e+02
   1.5946104e+02
   1.5987976e+02
   1.6024533e+02
   1.6056074e+02
   1.6082863e+02
   1.6105134e+02
   1.6123084e+02
   1.6136876e+02
   1.6146638e+02
   1.6152460e+02
   1.6154398e+02
   1.6152469e+02
   1.6146655e+02
   1.6136902e+02
   1.6123118e+02
   1.6105176e+02
   1.6082914e+02
   1.6056133e+02
   1.6024601e+02
   1.5988052e+02
   1.5946188e+02
   1.5898679e+02
   1.5845165e+02
   1.5785258e+02
   1.5718542e+02
   1.5644577e+02
   1.5562902e+02
   1.5473032e+02
   1.5374469e+02
   1.5266697e+02
   1.5149192e+02
   1.5021421e+02
   1.4882848e+02
   1.4732938e+02
   1.4571163e+02
   1.4397003e+02
   1.4209958e+02
   1.4009548e+02
   1.3795322e+02
   1.3566863e+02
   1.3323797e+02
   1.3065798e+02
   1.2792597e+02
   1.2503990e+02
   1.2199844e+02
   1.1880110e+02
   1.1544824e+02
   1.1194125e+02
   1.0828256e+02
   1.0447576e+02
   1.0052569e+02
   9.6438513e+01
   9.2221826e+01
   8.7884708e+01
   8.3437819e+01
   7.8893466e+01
   7.4265675e+01
   6.9570252e+01
   6.4824834e+01
   6.0048938e+01
   5.5263996e+01
   5.0493380e+01
   4.5762418e+01
   4.1098390e+01
   3.6530526e+01
   3.2089971e+01
   2.7809747e+01
   2.3724701e+01
   1.9871425e+01
   1.6288174e+01
   1.3014754e+01
   1.0092405e+01
   7.5636568e+00
   5.4721728e+00
   3.8625793e+00
   2.7802742e+00
   2.2712237e+00
   2.3817426e+00
   3.1582615e+00
   4.6470828e+00
   6.8941270e+00
   9.9446683e+00
   1.3843062e+01
   1.8632470e+01
   2.4354576e+01
   3.1049311e+01
   3.8754564e+01
   4.7505914e+01
   5.7336350e+01
   6.8276013e+01
   8.0351940e+01
   9.3587825e+01
   1.0800379e+02
   1.2361619e+02
   1.4043739e+02
   1.5847565e+02
   1.7773493e+02
   1.9821481e+02
   2.1991035e+02
   2.4281209e+02
   2.6690594e+02
   2.9217323e+02
   3.1859071e+02
   3.4613057e+02
   3.7476058e+02
   4.0444416e+02
   4.3514053e+02
   4.6680485e+02
   4.9938847e+02
   5.3283910e+02
   5.6710107e+02
   6.0211557e+02
   6.3782098e+02
   6.7415312e+02
   7.1104559e+02
   7.4843010e+02
   7.8623678e+02
   8.2439457e+02
   8.6283153e+02
   9.0147518e+02
   9.4025292e+02
   9.7909227e+02
   1.0179213e+03
   1.0566690e+03
   1.0952654e+03
   1.1336420e+03
   1.1717322e+03
   1.2094715e+03
   1.2467975e+03
   1.2836504e+03
   1.3199733e+03
   1.3557122e+03
   1.3908162e+03
   1.4252377e+03
   1.4589325e+03
   1.4918599e+03
   1.5239830e+03
   1.5552683e+03
   1.5856861e+03
   1.6152104e+03
   1.6438189e+03
   1.6714930e+03
   1.6982176e+03
   1.7239813e+03
   1.7487761e+03
   1.7725973e+03
   1.7954435e+03
   1.8173166e+03
   1.8382212e+03
   1.8581649e+03
   1.8771579e+03
   1.8952130e+03
   1.9123453e+03
   1.9285722e+03
   1.9439127e+03
   1.9583882e+03
   1.9720211e+03
   1.9848358e+03
   1.9968577e+03
   2.0081133e+03
   2.0186300e+03
   2.0284360e+03
   2.0375602e+03
   2.0460316e+03
   2.0538798e+03
   2.0611343e+03
   2.0678246e+03
   2.0739802e+03
   2.0796301e+03
   2.0848030e+03
   2.0895269e+03
   2.0938293e+03
   2.0977369e+03
   2.1012756e+03
   2.1044703e+03
   2.1073449e+03
   2.1099221e+03
   2.1122237e+03
   2.1142699e+03
   2.1160799e+03
   2.1176715e+03
   2.1190610e+03
   2.1202634e+03
   2.1212921e+03
   2.1221589e+03
   2.1228745e+03
   2.1234475e+03
   2.1238854e+03
   2.1241936e+03
   2.1243764e+03
   2.1244361e+03
