   1.4396424e+03
   1.4396079e+03
   1.4395058e+03
   1.4393346e+03
   1.4390916e+03
   1.4387733e+03
   1.4383750e+03
   1.4378909e+03
   1.4373143e+03
   1.4366376e+03
   1.4358520e+03
   1.4349480e+03
   1.4339149e+03
   1.4327414e+03
   1.4314150e+03
   1.4299226e+03
   1.4282502e+03
   1.4263830e+03
   1.4243055e+03
   1.4220015e+03
   1.4194543e+03
   1.4166465e+03
   1.4135601e+03
   1.4101768e+03
   1.4064779e+03
   1.4024443e+03
   1.3980568e+03
   1.3932959e+03
   1.3881420e+03
   1.3825757e+03
   1.3765776e+03
   1.3701285e+03
   1.3632094e+03
   1.3558020e+03
   1.3478881e+03
   1.3394506e+03
   1.3304727e+03
   1.3209386e+03
   1.3108337e+03
   1.3001440e+03
   1.2888571e+03
   1.2769617e+03
   1.2644479e+03
   1.2513074e+03
   1.2375335e+03
   1.2231212e+03
   1.2080675e+03
   1.1923709e+03
   1.1760324e+03
   1.1590548e+03
   1.1414430e+03
   1.1232043e+03
   1.1043482e+03
   1.0848865e+03
   1.0648333e+03
   1.0442050e+03
   1.0230205e+03
   1.0013010e+03
   9.7906992e+02
   9.5635304e+02
   9.3317839e+02
   9.0957614e+02
   8.8557856e+02
   8.6121991e+02
   8.3653635e+02
   8.1156578e+02
   7.8634774e+02
   7.6092326e+02
   7.3533468e+02
   7.0962548e+02
   6.8384013e+02
   6.5802387e+02
   6.3222251e+02
   6.0648224e+02
   5.8084944e+02
   5.5537040e+02
   5.3009118e+02
   5.0505736e+02
   4.8031380e+02
   4.5590449e+02
   4.3187228e+02
   4.0825871e+02
   3.8510382e+02
   3.6244593e+02
   3.4032151e+02
   3.1876498e+02
   2.9780857e+02
   2.7748217e+02
   2.5781325e+02
   2.3882670e+02
   2.2054476e+02
   2.0298695e+02
   1.8617002e+02
   1.7010788e+02
   1.5481164e+02
   1.4028954e+02
   1.2654699e+02
   1.1358663e+02
   1.0140833e+02
   9.0009292e+01
   7.9384107e+01
   6.9524859e+01
   6.0421230e+01
   5.2060616e+01
   4.4428260e+01
   3.7507385e+01
   3.1279351e+01
   2.5723797e+01
   2.0818811e+01
   1.6541088e+01
   1.2866098e+01
   9.7682539e+00
   7.2210783e+00
   5.1973710e+00
   3.6693728e+00
   2.6089263e+00
   1.9876315e+00
   1.7769964e+00
   1.9485811e+00
   2.4741338e+00
   3.3257196e+00
   4.4758415e+00
   5.8975511e+00
   7.5645508e+00
   9.4512859e+00
   1.1533027e+01
   1.3785944e+01
   1.6187168e+01
   1.8714843e+01
   2.1348172e+01
   2.4067453e+01
   2.6854100e+01
   2.9690662e+01
   3.2560833e+01
   3.5449452e+01
   3.8342498e+01
   4.1227074e+01
   4.4091394e+01
   4.6924754e+01
   4.9717503e+01
   5.2461012e+01
   5.5147637e+01
   5.7770672e+01
   6.0324314e+01
   6.2803612e+01
   6.5204420e+01
   6.7523350e+01
   6.9757721e+01
   7.1905510e+01
   7.3965302e+01
   7.5936238e+01
   7.7817970e+01
   7.9610609e+01
   8.1314679e+01
   8.2931072e+01
   8.4461002e+01
   8.5905965e+01
   8.7267693e+01
   8.8548123e+01
   8.9749351e+01
   9.0873604e+01
   9.1923202e+01
   9.2900530e+01
   9.3808008e+01
   9.4648063e+01
   9.5423106e+01
   9.6135507e+01
   9.6787574e+01
   9.7381534e+01
   9.7919516e+01
   9.8403532e+01
   9.8835467e+01
   9.9217061e+01
   9.9549902e+01
   9.9835414e+01
   1.0007485e+02
   1.0026927e+02
   1.0041957e+02
   1.0052644e+02
   1.0059038e+02
   1.0061168e+02
   1.0059045e+02
   1.0052658e+02
   1.0041978e+02
   1.0026955e+02
   1.0007519e+02
   9.9835829e+01
   9.9550385e+01
   9.9217610e+01
   9.8836081e+01
   9.8404211e+01
   9.7920258e+01
   9.7382338e+01
   9.6788438e+01
   9.6136429e+01
   9.5424084e+01
   9.4649095e+01
   9.3809092e+01
   9.2901663e+01
   9.1924382e+01
   9.0874828e+01
   8.9750616e+01
   8.8549425e+01
   8.7269029e+01
   8.5907331e+01
   8.4462395e+01
   8.2932487e+01
   8.1316112e+01
   7.9612055e+01
   7.7819424e+01
   7.5937696e+01
   7.3966758e+01
   7.1906960e+01
   6.9759159e+01
   6.7524770e+01
   6.5205818e+01
   6.2804982e+01
   6.0325651e+01
   5.7771970e+01
   5.5148890e+01
   5.2462217e+01
   4.9718653e+01
   4.6925845e+01
   4.4092423e+01
   4.1228036e+01
   3.8343389e+01
   3.5450271e+01
   3.2561577e+01
   2.9691330e+01
   2.6854692e+01
   2.4067970e+01
   2.1348615e+01
   1.8715214e+01
   1.6187473e+01
   1.3786188e+01
   1.1533217e+01
   9.4514301e+00
   7.5646599e+00
   5.8976374e+00
   4.4759191e+00
   3.3258046e+00
   2.4742444e+00
   1.9487380e+00
   1.7772226e+00
   1.9879522e+00
   2.6093691e+00
   3.6699672e+00
   5.1981489e+00
   7.2220742e+00
   9.7695047e+00
   1.2867643e+01
   1.6542969e+01
   2.0821072e+01
   2.5726484e+01
   3.1282512e+01
   3.7511071e+01
   4.4432522e+01
   5.2065509e+01
   6.0426808e+01
   6.9531179e+01
   7.9391226e+01
   9.0017270e+01
   1.0141723e+02
   1.1359650e+02
   1.2655790e+02
   1.4030154e+02
   1.5482480e+02
   1.7012225e+02
   1.8618565e+02
   2.0300391e+02
   2.2056310e+02
   2.3884647e+02
   2.5783450e+02
   2.7750494e+02
   2.9783290e+02
   3.1879092e+02
   3.4034910e+02
   3.6247519e+02
   3.8513478e+02
   4.0829140e+02
   4.3190672e+02
   4.5594069e+02
   4.8035178e+02
   5.0509711e+02
   5.3013271e+02
   5.5541369e+02
   5.8089449e+02
   6.0652903e+02
   6.3227102e+02
   6.5807407e+02
   6.8389199e+02
   7.0967896e+02
   7.3538974e+02
   7.6097985e+02
   7.8640581e+02
   8.1162527e+02
   8.3659721e+02
   8.6128206e+02
   8.8564194e+02
   9.0964067e+02
   9.3324399e+02
   9.5641964e+02
   9.7913744e+02
   1.0013694e+03
   1.0230896e+03
   1.0442748e+03
   1.0649036e+03
   1.0849573e+03
   1.1044194e+03
   1.1232758e+03
   1.1415146e+03
   1.1591265e+03
   1.1761041e+03
   1.1924426e+03
   1.2081389e+03
   1.2231924e+03
   1.2376043e+03
   1.2513778e+03
   1.2645177e+03
   1.2770309e+03
   1.2889256e+03
   1.3002117e+03
   1.3109005e+03
   1.3210046e+03
   1.3305376e+03
   1.3395144e+03
   1.3479508e+03
   1.3558634e+03
   1.3632696e+03
   1.3701873e+03
   1.3766350e+03
   1.3826317e+03
   1.3881964e+03
   1.3933487e+03
   1.3981081e+03
   1.4024939e+03
   1.4065258e+03
   1.4102230e+03
   1.4136045e+03
   1.4166891e+03
   1.4194951e+03
   1.4220404e+03
   1.4243425e+03
   1.4264180e+03
   1.4282833e+03
   1.4299538e+03
   1.4314442e+03
   1.4327685e+03
   1.4339400e+03
   1.4349711e+03
   1.4358730e+03
   1.4366565e+03
   1.4373312e+03
   1.4379056e+03
   1.4383876e+03
   1.4387839e+03
   1.4391001e+03
   1.4393409e+03
   1.4395100e+03
   1.4396100e+03
   1.4396424e+03
