   3.3117989e-01
   3.3117937e-01
   3.3117802e-01
   3.3117580e-01
   3.3117269e-01
   3.3116861e-01
   3.3116351e-01
   3.3115729e-01
   3.3114984e-01
   3.3114106e-01
   3.3113079e-01
   3.3111890e-01
   3.3110521e-01
   3.3108955e-01
   3.3107172e-01
   3.3105152e-01
   3.3102872e-01
   3.3100308e-01
   3.3097437e-01
   3.3094231e-01
   3.3090664e-01
   3.3086706e-01
   3.3082329e-01
   3.3077502e-01
   3.3072192e-01
   3.3066368e-01
   3.3059996e-01
   3.3053041e-01
   3.3045468e-01
   3.3037242e-01
   3.3028325e-01
   3.3018681e-01
   3.3008271e-01
   3.2997059e-01
   3.2985004e-01
   3.2972068e-01
   3.2958213e-01
   3.2943398e-01
   3.2927585e-01
   3.2910734e-01
   3.2892806e-01
   3.2873761e-01
   3.2853561e-01
   3.2832167e-01
   3.2809540e-01
   3.2785643e-01
   3.2760438e-01
   3.2733890e-01
   3.2705960e-01
   3.2676616e-01
   3.2645822e-01
   3.2613544e-01
   3.2579751e-01
   3.2544410e-01
   3.2507493e-01
   3.2468969e-01
   3.2428812e-01
   3.2386994e-01
   3.2343492e-01
   3.2298282e-01
   3.2251341e-01
   3.2202651e-01
   3.2152192e-01
   3.2099949e-01
   3.2045906e-01
   3.1990049e-01
   3.1932369e-01
   3.1872857e-01
   3.1811504e-01
   3.1748306e-01
   3.1683260e-01
   3.1616365e-01
   3.1547622e-01
   3.1477035e-01
   3.1404610e-01
   3.1330353e-01
   3.1254276e-01
   3.1176389e-01
   3.1096708e-01
   3.1015250e-01
   3.0932033e-01
   3.0847078e-01
   3.0760408e-01
   3.0672049e-01
   3.0582029e-01
   3.0490377e-01
   3.0397125e-01
   3.0302307e-01
   3.0205960e-01
   3.0108120e-01
   3.0008829e-01
   2.9908128e-01
   2.9806061e-01
   2.9702674e-01
   2.9598014e-01
   2.9492129e-01
   2.9385072e-01
   2.9276895e-01
   2.9167651e-01
   2.9057395e-01
   2.8946186e-01
   2.8834080e-01
   2.8721138e-01
   2.8607419e-01
   2.8492987e-01
   2.8377902e-01
   2.8262230e-01
   2.8146034e-01
   2.8029381e-01
   2.7912335e-01
   2.7794965e-01
   2.7677337e-01
   2.7559520e-01
   2.7441580e-01
   2.7323588e-01
   2.7205611e-01
   2.7087719e-01
   2.6969981e-01
   2.6852466e-01
   2.6735243e-01
   2.6618381e-01
   2.6501949e-01
   2.6386015e-01
   2.6270648e-01
   2.6155914e-01
   2.6041882e-01
   2.5928619e-01
   2.5816190e-01
   2.5704661e-01
   2.5594098e-01
   2.5484563e-01
   2.5376121e-01
   2.5268835e-01
   2.5162765e-01
   2.5057973e-01
   2.4954518e-01
   2.4852459e-01
   2.4751854e-01
   2.4652759e-01
   2.4555230e-01
   2.4459322e-01
   2.4365087e-01
   2.4272577e-01
   2.4181843e-01
   2.4092935e-01
   2.4005901e-01
   2.3920788e-01
   2.3837642e-01
   2.3756507e-01
   2.3677426e-01
   2.3600442e-01
   2.3525593e-01
   2.3452921e-01
   2.3382461e-01
   2.3314252e-01
   2.3248327e-01
   2.3184720e-01
   2.3123465e-01
   2.3064591e-01
   2.3008128e-01
   2.2954105e-01
   2.2902549e-01
   2.2853485e-01
   2.2806937e-01
   2.2762928e-01
   2.2721481e-01
   2.2682614e-01
   2.2646347e-01
   2.2612697e-01
   2.2581682e-01
   2.2553314e-01
   2.2527609e-01
   2.2504578e-01
   2.2484233e-01
   2.2466583e-01
   2.2451636e-01
   2.2439400e-01
   2.2429880e-01
   2.2423081e-01
   2.2419006e-01
   2.2417657e-01
   2.2419035e-01
   2.2423139e-01
   2.2429966e-01
   2.2439515e-01
   2.2451780e-01
   2.2466756e-01
   2.2484435e-01
   2.2504809e-01
   2.2527868e-01
   2.2553602e-01
   2.2581998e-01
   2.2613042e-01
   2.2646720e-01
   2.2683015e-01
   2.2721911e-01
   2.2763386e-01
   2.2807423e-01
   2.2853999e-01
   2.2903091e-01
   2.2954675e-01
   2.3008726e-01
   2.3065216e-01
   2.3124117e-01
   2.3185400e-01
   2.3249033e-01
   2.3314985e-01
   2.3383222e-01
   2.3453708e-01
   2.3526407e-01
   2.3601281e-01
   2.3678292e-01
   2.3757398e-01
   2.3838559e-01
   2.3921730e-01
   2.4006868e-01
   2.4093927e-01
   2.4182859e-01
   2.4273617e-01
   2.4366151e-01
   2.4460410e-01
   2.4556342e-01
   2.4653894e-01
   2.4753011e-01
   2.4853639e-01
   2.4955719e-01
   2.5059196e-01
   2.5164009e-01
   2.5270100e-01
   2.5377407e-01
   2.5485868e-01
   2.5595422e-01
   2.5706005e-01
   2.5817552e-01
   2.5929999e-01
   2.6043281e-01
   2.6157330e-01
   2.6272080e-01
   2.6387463e-01
   2.6503413e-01
   2.6619860e-01
   2.6736737e-01
   2.6853974e-01
   2.6971502e-01
   2.7089253e-01
   2.7207157e-01
   2.7325145e-01
   2.7443148e-01
   2.7561098e-01
   2.7678926e-01
   2.7796563e-01
   2.7913942e-01
   2.8030995e-01
   2.8147655e-01
   2.8263858e-01
   2.8379536e-01
   2.8494625e-01
   2.8609063e-01
   2.8722785e-01
   2.8835731e-01
   2.8947839e-01
   2.9059051e-01
   2.9169307e-01
   2.9278552e-01
   2.9386729e-01
   2.9493786e-01
   2.9599668e-01
   2.9704327e-01
   2.9807711e-01
   2.9909775e-01
   3.0010472e-01
   3.0109759e-01
   3.0207593e-01
   3.0303934e-01
   3.0398745e-01
   3.0491990e-01
   3.0583634e-01
   3.0673646e-01
   3.0761996e-01
   3.0848656e-01
   3.0933601e-01
   3.1016808e-01
   3.1098255e-01
   3.1177924e-01
   3.1255798e-01
   3.1331863e-01
   3.1406106e-01
   3.1478518e-01
   3.1549091e-01
   3.1617819e-01
   3.1684699e-01
   3.1749729e-01
   3.1812911e-01
   3.1874248e-01
   3.1933744e-01
   3.1991407e-01
   3.2047245e-01
   3.2101271e-01
   3.2153496e-01
   3.2203937e-01
   3.2252608e-01
   3.2299529e-01
   3.2344721e-01
   3.2388203e-01
   3.2430001e-01
   3.2470138e-01
   3.2508642e-01
   3.2545539e-01
   3.2580859e-01
   3.2614631e-01
   3.2646888e-01
   3.2677662e-01
   3.2706985e-01
   3.2734893e-01
   3.2761420e-01
   3.2786603e-01
   3.2810479e-01
   3.2833084e-01
   3.2854457e-01
   3.2874635e-01
   3.2893658e-01
   3.2911565e-01
   3.2928394e-01
   3.2944185e-01
   3.2958978e-01
   3.2972811e-01
   3.2985725e-01
   3.2997758e-01
   3.3008949e-01
   3.3019337e-01
   3.3028959e-01
   3.3037854e-01
   3.3046059e-01
   3.3053610e-01
   3.3060543e-01
   3.3066894e-01
   3.3072696e-01
   3.3077984e-01
   3.3082790e-01
   3.3087146e-01
   3.3091082e-01
   3.3094628e-01
   3.3097813e-01
   3.3100663e-01
   3.3103205e-01
   3.3105464e-01
   3.3107464e-01
   3.3109225e-01
   3.3110770e-01
   3.3112118e-01
   3.3113287e-01
   3.3114292e-01
   3.3115150e-01
   3.3115874e-01
   3.3116475e-01
   3.3116965e-01
   3.3117352e-01
   3.3117643e-01
   3.3117843e-01
   3.3117958e-01
   3.3117989e-01
