   1.1557054e+03
   1.1556807e+03
   1.1556080e+03
   1.1554862e+03
   1.1553131e+03
   1.1550860e+03
   1.1548013e+03
   1.1544544e+03
   1.1540402e+03
   1.1535527e+03
   1.1529851e+03
   1.1523301e+03
   1.1515793e+03
   1.1507239e+03
   1.1497543e+03
   1.1486602e+03
   1.1474307e+03
   1.1460543e+03
   1.1445190e+03
   1.1428122e+03
   1.1409206e+03
   1.1388309e+03
   1.1365290e+03
   1.1340006e+03
   1.1312310e+03
   1.1282052e+03
   1.1249083e+03
   1.1213249e+03
   1.1174397e+03
   1.1132373e+03
   1.1087024e+03
   1.1038199e+03
   1.0985747e+03
   1.0929523e+03
   1.0869383e+03
   1.0805188e+03
   1.0736805e+03
   1.0664106e+03
   1.0586973e+03
   1.0505291e+03
   1.0418959e+03
   1.0327881e+03
   1.0231976e+03
   1.0131170e+03
   1.0025404e+03
   9.9146306e+02
   9.7988177e+02
   9.6779462e+02
   9.5520127e+02
   9.4210292e+02
   9.2850245e+02
   9.1440439e+02
   8.9981500e+02
   8.8474229e+02
   8.6919608e+02
   8.5318797e+02
   8.3673139e+02
   8.1984154e+02
   8.0253547e+02
   7.8483197e+02
   7.6675158e+02
   7.4831654e+02
   7.2955073e+02
   7.1047961e+02
   6.9113015e+02
   6.7153072e+02
   6.5171103e+02
   6.3170197e+02
   6.1153555e+02
   5.9124476e+02
   5.7086340e+02
   5.5042598e+02
   5.2996759e+02
   5.0952367e+02
   4.8912995e+02
   4.6882223e+02
   4.4863623e+02
   4.2860742e+02
   4.0877090e+02
   3.8916119e+02
   3.6981206e+02
   3.5075646e+02
   3.3202624e+02
   3.1365214e+02
   2.9566354e+02
   2.7808839e+02
   2.6095309e+02
   2.4428233e+02
   2.2809904e+02
   2.1242428e+02
   1.9727716e+02
   1.8267477e+02
   1.6863215e+02
   1.5516221e+02
   1.4227575e+02
   1.2998140e+02
   1.1828567e+02
   1.0719290e+02
   9.6705340e+01
   8.6823172e+01
   7.7544540e+01
   6.8865628e+01
   6.0780726e+01
   5.3282309e+01
   4.6361125e+01
   4.0006294e+01
   3.4205409e+01
   2.8944646e+01
   2.4208880e+01
   1.9981802e+01
   1.6246038e+01
   1.2983279e+01
   1.0174396e+01
   7.7995721e+00
   5.8384228e+00
   4.2701168e+00
   3.0734959e+00
   2.2271908e+00
   1.7097321e+00
   1.4996576e+00
   1.5756137e+00
   1.9164508e+00
   2.5013134e+00
   3.3097235e+00
   4.3216565e+00
   5.5176111e+00
   6.8786716e+00
   8.3865626e+00
   1.0023698e+01
   1.1773221e+01
   1.3619039e+01
   1.5545851e+01
   1.7539167e+01
   1.9585326e+01
   2.1671500e+01
   2.3785699e+01
   2.5916771e+01
   2.8054392e+01
   3.0189054e+01
   3.2312050e+01
   3.4415457e+01
   3.6492108e+01
   3.8535570e+01
   4.0540115e+01
   4.2500689e+01
   4.4412880e+01
   4.6272885e+01
   4.8077474e+01
   4.9823956e+01
   5.1510143e+01
   5.3134314e+01
   5.4695177e+01
   5.6191837e+01
   5.7623759e+01
   5.8990731e+01
   6.0292835e+01
   6.1530412e+01
   6.2704031e+01
   6.3814457e+01
   6.4862625e+01
   6.5849609e+01
   6.6776599e+01
   6.7644873e+01
   6.8455777e+01
   6.9210698e+01
   6.9911050e+01
   7.0558250e+01
   7.1153700e+01
   7.1698773e+01
   7.2194800e+01
   7.2643051e+01
   7.3044725e+01
   7.3400940e+01
   7.3712723e+01
   7.3980999e+01
   7.4206586e+01
   7.4390185e+01
   7.4532379e+01
   7.4633625e+01
   7.4694252e+01
   7.4714459e+01
   7.4694311e+01
   7.4633743e+01
   7.4532556e+01
   7.4390420e+01
   7.4206879e+01
   7.3981349e+01
   7.3713130e+01
   7.3401402e+01
   7.3045241e+01
   7.2643621e+01
   7.2195422e+01
   7.1699446e+01
   7.1154421e+01
   7.0559019e+01
   6.9911865e+01
   6.9211556e+01
   6.8456675e+01
   6.7645810e+01
   6.6777572e+01
   6.5850615e+01
   6.4863661e+01
   6.3815521e+01
   6.2705119e+01
   6.1531521e+01
   6.0293960e+01
   5.8991869e+01
   5.7624906e+01
   5.6192990e+01
   5.4696331e+01
   5.3135465e+01
   5.1511287e+01
   4.9825088e+01
   4.8078589e+01
   4.6273980e+01
   4.4413950e+01
   4.2501729e+01
   4.0541121e+01
   3.8536538e+01
   3.6493034e+01
   3.4416337e+01
   3.2312881e+01
   3.0189832e+01
   2.8055115e+01
   2.5917437e+01
   2.3786306e+01
   2.1672046e+01
   1.9585812e+01
   1.7539593e+01
   1.5546218e+01
   1.3619349e+01
   1.1773477e+01
   1.0023905e+01
   8.3867253e+00
   6.8787970e+00
   5.5177074e+00
   4.3217332e+00
   3.3097916e+00
   2.5013857e+00
   1.9165416e+00
   1.5757393e+00
   1.4998362e+00
   1.7099838e+00
   2.2275373e+00
   3.0739608e+00
   4.2707254e+00
   5.8392028e+00
   7.8005529e+00
   1.0175609e+01
   1.2984758e+01
   1.6247819e+01
   1.9983921e+01
   2.4211376e+01
   2.8947560e+01
   3.4208783e+01
   4.0010173e+01
   4.6365553e+01
   5.3287333e+01
   6.0786393e+01
   6.8871987e+01
   7.7551639e+01
   8.6831061e+01
   9.6714068e+01
   1.0720251e+02
   1.1829622e+02
   1.2999295e+02
   1.4228833e+02
   1.5517587e+02
   1.6864694e+02
   1.8269073e+02
   1.9729433e+02
   2.1244271e+02
   2.2811877e+02
   2.4430339e+02
   2.6097552e+02
   2.7811222e+02
   2.9568879e+02
   3.1367883e+02
   3.3205440e+02
   3.5078609e+02
   3.6984320e+02
   3.8919382e+02
   4.0880504e+02
   4.2864307e+02
   4.4867337e+02
   4.6886087e+02
   4.8917007e+02
   5.0956525e+02
   5.3001061e+02
   5.5047042e+02
   5.7090921e+02
   5.9129192e+02
   6.1158402e+02
   6.3175170e+02
   6.5176197e+02
   6.7158283e+02
   6.9118337e+02
   7.1053389e+02
   7.2960600e+02
   7.4837274e+02
   7.6680864e+02
   7.8488983e+02
   8.0259405e+02
   8.1990077e+02
   8.3679119e+02
   8.5324828e+02
   8.6925681e+02
   8.8480337e+02
   8.9987634e+02
   9.1446592e+02
   9.2856410e+02
   9.4216460e+02
   9.5526290e+02
   9.6785613e+02
   9.7994308e+02
   9.9152409e+02
   1.0026010e+03
   1.0131772e+03
   1.0232573e+03
   1.0328473e+03
   1.0419544e+03
   1.0505870e+03
   1.0587543e+03
   1.0664669e+03
   1.0737358e+03
   1.0805732e+03
   1.0869917e+03
   1.0930046e+03
   1.0986259e+03
   1.1038699e+03
   1.1087512e+03
   1.1132848e+03
   1.1174859e+03
   1.1213698e+03
   1.1249519e+03
   1.1282474e+03
   1.1312716e+03
   1.1340398e+03
   1.1365667e+03
   1.1388670e+03
   1.1409552e+03
   1.1428451e+03
   1.1445504e+03
   1.1460840e+03
   1.1474588e+03
   1.1486866e+03
   1.1497790e+03
   1.1507469e+03
   1.1516006e+03
   1.1523496e+03
   1.1530029e+03
   1.1535687e+03
   1.1540544e+03
   1.1544669e+03
   1.1548120e+03
   1.1550950e+03
   1.1553203e+03
   1.1554916e+03
   1.1556116e+03
   1.1556825e+03
   1.1557054e+03
