   1.6821499e+04
   1.6821028e+04
   1.6819619e+04
   1.6817236e+04
   1.6813813e+04
   1.6809264e+04
   1.6803474e+04
   1.6796305e+04
   1.6787595e+04
   1.6777156e+04
   1.6764779e+04
   1.6750230e+04
   1.6733252e+04
   1.6713569e+04
   1.6690881e+04
   1.6664870e+04
   1.6635198e+04
   1.6601509e+04
   1.6563431e+04
   1.6520576e+04
   1.6472544e+04
   1.6418922e+04
   1.6359288e+04
   1.6293211e+04
   1.6220256e+04
   1.6139983e+04
   1.6051954e+04
   1.5955733e+04
   1.5850888e+04
   1.5736995e+04
   1.5613645e+04
   1.5480442e+04
   1.5337009e+04
   1.5182992e+04
   1.5018064e+04
   1.4841927e+04
   1.4654319e+04
   1.4455014e+04
   1.4243831e+04
   1.4020632e+04
   1.3785331e+04
   1.3537895e+04
   1.3278349e+04
   1.3006776e+04
   1.2723325e+04
   1.2428209e+04
   1.2121711e+04
   1.1804183e+04
   1.1476052e+04
   1.1137814e+04
   1.0790041e+04
   1.0433378e+04
   1.0068541e+04
   9.6963206e+03
   9.3175737e+03
   8.9332251e+03
   8.5442627e+03
   8.1517336e+03
   7.7567390e+03
   7.3604295e+03
   6.9639981e+03
   6.5686744e+03
   6.1757165e+03
   5.7864038e+03
   5.4020283e+03
   5.0238861e+03
   4.6532684e+03
   4.2914522e+03
   3.9396907e+03
   3.5992045e+03
   3.2711712e+03
   2.9567170e+03
   2.6569071e+03
   2.3727375e+03
   2.1051264e+03
   1.8549066e+03
   1.6228188e+03
   1.4095048e+03
   1.2155025e+03
   1.0412412e+03
   8.8703788e+02
   7.5309467e+02
   6.3949728e+02
   5.4621449e+02
   4.7309872e+02
   4.1988768e+02
   3.8620710e+02
   3.7157448e+02
   3.7540380e+02
   3.9701121e+02
   4.3562157e+02
   4.9037574e+02
   5.6033863e+02
   6.4450779e+02
   7.4182255e+02
   8.5117348e+02
   9.7141222e+02
   1.1013614e+03
   1.2398245e+03
   1.3855961e+03
   1.5374711e+03
   1.6942547e+03
   1.8547711e+03
   2.0178723e+03
   2.1824461e+03
   2.3474235e+03
   2.5117853e+03
   2.6745685e+03
   2.8348709e+03
   2.9918562e+03
   3.1447571e+03
   3.2928781e+03
   3.4355978e+03
   3.5723694e+03
   3.7027219e+03
   3.8262589e+03
   3.9426579e+03
   4.0516687e+03
   4.1531107e+03
   4.2468704e+03
   4.3328978e+03
   4.4112027e+03
   4.4818506e+03
   4.5449586e+03
   4.6006905e+03
   4.6492523e+03
   4.6908873e+03
   4.7258714e+03
   4.7545081e+03
   4.7771243e+03
   4.7940651e+03
   4.8056901e+03
   4.8123685e+03
   4.8144760e+03
   4.8123901e+03
   4.8064878e+03
   4.7971416e+03
   4.7847170e+03
   4.7695704e+03
   4.7520463e+03
   4.7324756e+03
   4.7111744e+03
   4.6884423e+03
   4.6645613e+03
   4.6397956e+03
   4.6143906e+03
   4.5885726e+03
   4.5625493e+03
   4.5365092e+03
   4.5106225e+03
   4.4850412e+03
   4.4598998e+03
   4.4353159e+03
   4.4113912e+03
   4.3882122e+03
   4.3658513e+03
   4.3443675e+03
   4.3238076e+03
   4.3042072e+03
   4.2855920e+03
   4.2679782e+03
   4.2513741e+03
   4.2357809e+03
   4.2211937e+03
   4.2076022e+03
   4.1949921e+03
   4.1833455e+03
   4.1726418e+03
   4.1628587e+03
   4.1539727e+03
   4.1459597e+03
   4.1387958e+03
   4.1324576e+03
   4.1269231e+03
   4.1221715e+03
   4.1181844e+03
   4.1149454e+03
   4.1124408e+03
   4.1106596e+03
   4.1095940e+03
   4.1092392e+03
   4.1095935e+03
   4.1106586e+03
   4.1124392e+03
   4.1149434e+03
   4.1181820e+03
   4.1221688e+03
   4.1269201e+03
   4.1324545e+03
   4.1387926e+03
   4.1459566e+03
   4.1539698e+03
   4.1628561e+03
   4.1726396e+03
   4.1833438e+03
   4.1949911e+03
   4.2076021e+03
   4.2211945e+03
   4.2357828e+03
   4.2513773e+03
   4.2679827e+03
   4.2855979e+03
   4.3042148e+03
   4.3238168e+03
   4.3443784e+03
   4.3658641e+03
   4.3882269e+03
   4.4114077e+03
   4.4353343e+03
   4.4599201e+03
   4.4850634e+03
   4.5106466e+03
   4.5365350e+03
   4.5625768e+03
   4.5886017e+03
   4.6144210e+03
   4.6398274e+03
   4.6645942e+03
   4.6884760e+03
   4.7112088e+03
   4.7325104e+03
   4.7520812e+03
   4.7696052e+03
   4.7847514e+03
   4.7971752e+03
   4.8065205e+03
   4.8124214e+03
   4.8145055e+03
   4.8123961e+03
   4.8057152e+03
   4.7940875e+03
   4.7771436e+03
   4.7545240e+03
   4.7258836e+03
   4.6908955e+03
   4.6492562e+03
   4.6006898e+03
   4.5449530e+03
   4.4818398e+03
   4.4111866e+03
   4.3328762e+03
   4.2468432e+03
   4.1530777e+03
   4.0516297e+03
   3.9426130e+03
   3.8262079e+03
   3.7026650e+03
   3.5723066e+03
   3.4355290e+03
   3.2928037e+03
   3.1446771e+03
   2.9917708e+03
   2.8347804e+03
   2.6744732e+03
   2.5116856e+03
   2.3473196e+03
   2.1823386e+03
   2.0177615e+03
   1.8546576e+03
   1.6941389e+03
   1.5373537e+03
   1.3854777e+03
   1.2397057e+03
   1.1012429e+03
   9.7129478e+02
   8.5105780e+02
   7.4170940e+02
   6.4439797e+02
   5.6023296e+02
   4.9027506e+02
   4.3552673e+02
   3.9692309e+02
   3.7532327e+02
   3.7150243e+02
   3.8614443e+02
   4.1983526e+02
   4.7305744e+02
   5.4618521e+02
   6.3948084e+02
   7.5309190e+02
   8.8704957e+02
   1.0412681e+03
   1.2155454e+03
   1.4095643e+03
   1.6228955e+03
   1.8550013e+03
   2.1052394e+03
   2.3728694e+03
   2.6570582e+03
   2.9568876e+03
   3.2713617e+03
   3.5994150e+03
   3.9399214e+03
   4.2917030e+03
   4.6535393e+03
   5.0241770e+03
   5.4023390e+03
   5.7867340e+03
   6.1760658e+03
   6.5690424e+03
   6.9643842e+03
   7.3608331e+03
   7.7571596e+03
   8.1521704e+03
   8.5447149e+03
   8.9336919e+03
   9.3180541e+03
   9.6968137e+03
   1.0069046e+04
   1.0433893e+04
   1.0790566e+04
   1.1138348e+04
   1.1476593e+04
   1.1804731e+04
   1.2122263e+04
   1.2428766e+04
   1.2723885e+04
   1.3007338e+04
   1.3278911e+04
   1.3538457e+04
   1.3785892e+04
   1.4021190e+04
   1.4244385e+04
   1.4455564e+04
   1.4654863e+04
   1.4842465e+04
   1.5018595e+04
   1.5183515e+04
   1.5337522e+04
   1.5480946e+04
   1.5614138e+04
   1.5737477e+04
   1.5851357e+04
   1.5956190e+04
   1.6052398e+04
   1.6140413e+04
   1.6220672e+04
   1.6293612e+04
   1.6359674e+04
   1.6419293e+04
   1.6472899e+04
   1.6520915e+04
   1.6563753e+04
   1.6601815e+04
   1.6635487e+04
   1.6665142e+04
   1.6691136e+04
   1.6713806e+04
   1.6733471e+04
   1.6750431e+04
   1.6764962e+04
   1.6777321e+04
   1.6787742e+04
   1.6796434e+04
   1.6803584e+04
   1.6809356e+04
   1.6813887e+04
   1.6817291e+04
   1.6819656e+04
   1.6821047e+04
   1.6821499e+04
