   1.6198510e+02
   1.6198345e+02
   1.6197866e+02
   1.6197066e+02
   1.6195927e+02
   1.6194427e+02
   1.6192539e+02
   1.6190228e+02
   1.6187453e+02
   1.6184168e+02
   1.6180320e+02
   1.6175851e+02
   1.6170696e+02
   1.6164787e+02
   1.6158047e+02
   1.6150397e+02
   1.6141750e+02
   1.6132016e+02
   1.6121099e+02
   1.6108900e+02
   1.6095314e+02
   1.6080233e+02
   1.6063544e+02
   1.6045132e+02
   1.6024879e+02
   1.6002662e+02
   1.5978357e+02
   1.5951837e+02
   1.5922974e+02
   1.5891638e+02
   1.5857698e+02
   1.5821023e+02
   1.5781480e+02
   1.5738939e+02
   1.5693269e+02
   1.5644339e+02
   1.5592023e+02
   1.5536195e+02
   1.5476731e+02
   1.5413513e+02
   1.5346423e+02
   1.5275352e+02
   1.5200191e+02
   1.5120839e+02
   1.5037202e+02
   1.4949189e+02
   1.4856719e+02
   1.4759717e+02
   1.4658116e+02
   1.4551858e+02
   1.4440893e+02
   1.4325181e+02
   1.4204691e+02
   1.4079403e+02
   1.3949307e+02
   1.3814405e+02
   1.3674707e+02
   1.3530238e+02
   1.3381031e+02
   1.3227135e+02
   1.3068606e+02
   1.2905516e+02
   1.2737947e+02
   1.2565992e+02
   1.2389760e+02
   1.2209366e+02
   1.2024941e+02
   1.1836626e+02
   1.1644573e+02
   1.1448945e+02
   1.1249914e+02
   1.1047665e+02
   1.0842389e+02
   1.0634290e+02
   1.0423576e+02
   1.0210466e+02
   9.9951848e+01
   9.7779647e+01
   9.5590429e+01
   9.3386620e+01
   9.1170689e+01
   8.8945137e+01
   8.6712496e+01
   8.4475314e+01
   8.2236150e+01
   7.9997564e+01
   7.7762110e+01
   7.5532329e+01
   7.3310737e+01
   7.1099818e+01
   6.8902020e+01
   6.6719742e+01
   6.4555330e+01
   6.2411067e+01
   6.0289171e+01
   5.8191781e+01
   5.6120960e+01
   5.4078681e+01
   5.2066828e+01
   5.0087188e+01
   4.8141447e+01
   4.6231189e+01
   4.4357887e+01
   4.2522908e+01
   4.0727505e+01
   3.8972816e+01
   3.7259868e+01
   3.5589569e+01
   3.3962712e+01
   3.2379977e+01
   3.0841928e+01
   2.9349016e+01
   2.7901582e+01
   2.6499859e+01
   2.5143971e+01
   2.3833942e+01
   2.2569693e+01
   2.1351052e+01
   2.0177751e+01
   1.9049437e+01
   1.7965672e+01
   1.6925938e+01
   1.5929642e+01
   1.4976124e+01
   1.4064655e+01
   1.3194448e+01
   1.2364663e+01
   1.1574407e+01
   1.0822743e+01
   1.0108695e+01
   9.4312497e+00
   8.7893656e+00
   8.1819742e+00
   7.6079861e+00
   7.0662951e+00
   6.5557824e+00
   6.0753207e+00
   5.6237779e+00
   5.2000212e+00
   4.8029199e+00
   4.4313497e+00
   4.0841945e+00
   3.7603504e+00
   3.4587278e+00
   3.1782537e+00
   2.9178746e+00
   2.6765575e+00
   2.4532930e+00
   2.2470958e+00
   2.0570068e+00
   1.8820943e+00
   1.7214548e+00
   1.5742142e+00
   1.4395286e+00
   1.3165849e+00
   1.2046012e+00
   1.1028271e+00
   1.0105442e+00
   9.2706634e-01
   8.5173921e-01
   7.8394068e-01
   7.2308062e-01
   6.6860069e-01
   6.1997416e-01
   5.7670561e-01
   5.3833066e-01
   5.0441557e-01
   4.7455694e-01
   4.4838132e-01
   4.2554480e-01
   4.0573268e-01
   3.8865905e-01
   3.7406648e-01
   3.6172562e-01
   3.5143493e-01
   3.4302036e-01
   3.3633511e-01
   3.3125938e-01
   3.2770019e-01
   3.2559126e-01
   3.2489283e-01
   3.2559169e-01
   3.2770106e-01
   3.3126070e-01
   3.3633690e-01
   3.4302266e-01
   3.5143778e-01
   3.6172908e-01
   3.7407061e-01
   3.8866393e-01
   4.0573839e-01
   4.2555146e-01
   4.4838904e-01
   4.7456588e-01
   5.0442589e-01
   5.3834254e-01
   5.7671928e-01
   6.1998986e-01
   6.6861869e-01
   7.2310124e-01
   7.8396427e-01
   8.5176615e-01
   9.2709708e-01
   1.0105792e+00
   1.1028669e+00
   1.2046464e+00
   1.3166362e+00
   1.4395866e+00
   1.5742797e+00
   1.7215287e+00
   1.8821775e+00
   2.0571004e+00
   2.2472007e+00
   2.4534104e+00
   2.6766888e+00
   2.9180209e+00
   3.1784167e+00
   3.4589089e+00
   3.7605514e+00
   4.0844170e+00
   4.4315956e+00
   4.8031913e+00
   5.2003200e+00
   5.6241065e+00
   6.0756813e+00
   6.5561775e+00
   7.0667273e+00
   7.6084580e+00
   8.1824886e+00
   8.7899254e+00
   9.4318580e+00
   1.0109355e+01
   1.0823458e+01
   1.1575180e+01
   1.2365498e+01
   1.3195348e+01
   1.4065623e+01
   1.4977165e+01
   1.5930760e+01
   1.6927136e+01
   1.7966954e+01
   1.9050808e+01
   2.0179213e+01
   2.1352610e+01
   2.2571352e+01
   2.3835705e+01
   2.5145842e+01
   2.6501842e+01
   2.7903682e+01
   2.9351236e+01
   3.0844272e+01
   3.2382449e+01
   3.3965316e+01
   3.5592307e+01
   3.7262745e+01
   3.8975836e+01
   4.0730669e+01
   4.2526220e+01
   4.4361350e+01
   4.6234804e+01
   4.8145219e+01
   5.0091117e+01
   5.2070917e+01
   5.4082930e+01
   5.6125371e+01
   5.8196356e+01
   6.0293910e+01
   6.2415971e+01
   6.4560398e+01
   6.6724974e+01
   6.8907416e+01
   7.1105376e+01
   7.3316456e+01
   7.5538208e+01
   7.7768147e+01
   8.0003756e+01
   8.2242495e+01
   8.4481810e+01
   8.6719138e+01
   8.8951922e+01
   9.1177612e+01
   9.3393679e+01
   9.5597617e+01
   9.7786960e+01
   9.9959281e+01
   1.0211220e+02
   1.0424341e+02
   1.0635065e+02
   1.0843175e+02
   1.1048459e+02
   1.1250717e+02
   1.1449755e+02
   1.1645391e+02
   1.1837450e+02
   1.2025771e+02
   1.2210200e+02
   1.2390598e+02
   1.2566834e+02
   1.2738791e+02
   1.2906362e+02
   1.3069453e+02
   1.3227982e+02
   1.3381878e+02
   1.3531083e+02
   1.3675550e+02
   1.3815245e+02
   1.3950144e+02
   1.4080236e+02
   1.4205519e+02
   1.4326003e+02
   1.4441709e+02
   1.4552667e+02
   1.4658917e+02
   1.4760510e+02
   1.4857503e+02
   1.4949964e+02
   1.5037966e+02
   1.5121593e+02
   1.5200933e+02
   1.5276082e+02
   1.5347141e+02
   1.5414218e+02
   1.5477423e+02
   1.5536873e+02
   1.5592687e+02
   1.5644988e+02
   1.5693903e+02
   1.5739558e+02
   1.5782083e+02
   1.5821609e+02
   1.5858268e+02
   1.5892191e+02
   1.5923510e+02
   1.5952356e+02
   1.5978858e+02
   1.6003146e+02
   1.6025345e+02
   1.6045580e+02
   1.6063974e+02
   1.6080644e+02
   1.6095706e+02
   1.6109273e+02
   1.6121453e+02
   1.6132351e+02
   1.6142066e+02
   1.6150694e+02
   1.6158325e+02
   1.6165045e+02
   1.6170935e+02
   1.6176069e+02
   1.6180519e+02
   1.6184347e+02
   1.6187612e+02
   1.6190367e+02
   1.6192659e+02
   1.6194527e+02
   1.6196007e+02
   1.6197126e+02
   1.6197906e+02
   1.6198365e+02
   1.6198510e+02
