   1.1959380e+04
   1.1955975e+04
   1.1945758e+04
   1.1928727e+04
   1.1904874e+04
   1.1874189e+04
   1.1836663e+04
   1.1792281e+04
   1.1741031e+04
   1.1682897e+04
   1.1617866e+04
   1.1545926e+04
   1.1467064e+04
   1.1381274e+04
   1.1288551e+04
   1.1188896e+04
   1.1082317e+04
   1.0968828e+04
   1.0848453e+04
   1.0721224e+04
   1.0587186e+04
   1.0446395e+04
   1.0298921e+04
   1.0144847e+04
   9.9842756e+03
   9.8173229e+03
   9.6441247e+03
   9.4648354e+03
   9.2796297e+03
   9.0887024e+03
   8.8922702e+03
   8.6905713e+03
   8.4838661e+03
   8.2724375e+03
   8.0565906e+03
   7.8366531e+03
   7.6129740e+03
   7.3859242e+03
   7.1558945e+03
   6.9232956e+03
   6.6885564e+03
   6.4521225e+03
   6.2144551e+03
   5.9760283e+03
   5.7373279e+03
   5.4988488e+03
   5.2610925e+03
   5.0245649e+03
   4.7897733e+03
   4.5572237e+03
   4.3274182e+03
   4.1008516e+03
   3.8780087e+03
   3.6593615e+03
   3.4453658e+03
   3.2364589e+03
   3.0330562e+03
   2.8355490e+03
   2.6443020e+03
   2.4596505e+03
   2.2818990e+03
   2.1113187e+03
   1.9481463e+03
   1.7925827e+03
   1.6447917e+03
   1.5048996e+03
   1.3729947e+03
   1.2491273e+03
   1.1333102e+03
   1.0255189e+03
   9.2569303e+02
   8.3373750e+02
   7.4952392e+02
   6.7289263e+02
   6.0365474e+02
   5.4159449e+02
   4.8647177e+02
   4.3802487e+02
   3.9597323e+02
   3.6002044e+02
   3.2985722e+02
   3.0516438e+02
   2.8561590e+02
   2.7088181e+02
   2.6063113e+02
   2.5453457e+02
   2.5226722e+02
   2.5351095e+02
   2.5795673e+02
   2.6530664e+02
   2.7527575e+02
   2.8759373e+02
   3.0200616e+02
   3.1827568e+02
   3.3618285e+02
   3.5552675e+02
   3.7612537e+02
   3.9781575e+02
   4.2045391e+02
   4.4391456e+02
   4.6809064e+02
   4.9289267e+02
   5.1824796e+02
   5.4409969e+02
   5.7040588e+02
   5.9713819e+02
   6.2428082e+02
   6.5182917e+02
   6.7978857e+02
   7.0817299e+02
   7.3700372e+02
   7.6630804e+02
   7.9611804e+02
   8.2646931e+02
   8.5739982e+02
   8.8894880e+02
   9.2115568e+02
   9.5405915e+02
   9.8769627e+02
   1.0221016e+03
   1.0573067e+03
   1.0933390e+03
   1.1302220e+03
   1.1679739e+03
   1.2066081e+03
   1.2461322e+03
   1.2865480e+03
   1.3278516e+03
   1.3700329e+03
   1.4130756e+03
   1.4569576e+03
   1.5016505e+03
   1.5471204e+03
   1.5933273e+03
   1.6402261e+03
   1.6877660e+03
   1.7358916e+03
   1.7845426e+03
   1.8336545e+03
   1.8831584e+03
   1.9329822e+03
   1.9830501e+03
   2.0332836e+03
   2.0836014e+03
   2.1339203e+03
   2.1841550e+03
   2.2342189e+03
   2.2840244e+03
   2.3334831e+03
   2.3825061e+03
   2.4310049e+03
   2.4788908e+03
   2.5260761e+03
   2.5724740e+03
   2.6179986e+03
   2.6625659e+03
   2.7060932e+03
   2.7485001e+03
   2.7897082e+03
   2.8296415e+03
   2.8682264e+03
   2.9053924e+03
   2.9410713e+03
   2.9751983e+03
   3.0077116e+03
   3.0385525e+03
   3.0676656e+03
   3.0949989e+03
   3.1205038e+03
   3.1441352e+03
   3.1658514e+03
   3.1856143e+03
   3.2033895e+03
   3.2191460e+03
   3.2328566e+03
   3.2444976e+03
   3.2540489e+03
   3.2614941e+03
   3.2668204e+03
   3.2700189e+03
   3.2710839e+03
   3.2700137e+03
   3.2668101e+03
   3.2614786e+03
   3.2540283e+03
   3.2444720e+03
   3.2328261e+03
   3.2191106e+03
   3.2033493e+03
   3.1855694e+03
   3.1658019e+03
   3.1440812e+03
   3.1204456e+03
   3.0949365e+03
   3.0675993e+03
   3.0384824e+03
   3.0076379e+03
   2.9751211e+03
   2.9409909e+03
   2.9053090e+03
   2.8681403e+03
   2.8295528e+03
   2.7896172e+03
   2.7484071e+03
   2.7059984e+03
   2.6624696e+03
   2.6179011e+03
   2.5723755e+03
   2.5259770e+03
   2.4787913e+03
   2.4309052e+03
   2.3824066e+03
   2.3333840e+03
   2.2839261e+03
   2.2341217e+03
   2.1840591e+03
   2.1338260e+03
   2.0835090e+03
   2.0331934e+03
   1.9829624e+03
   1.9328971e+03
   1.8830764e+03
   1.8335756e+03
   1.7844673e+03
   1.7358200e+03
   1.6876983e+03
   1.6401625e+03
   1.5932682e+03
   1.5470658e+03
   1.5016008e+03
   1.4569128e+03
   1.4130360e+03
   1.3699986e+03
   1.3278228e+03
   1.2865249e+03
   1.2461148e+03
   1.2065966e+03
   1.1679685e+03
   1.1302227e+03
   1.0933460e+03
   1.0573199e+03
   1.0221212e+03
   9.8772228e+02
   9.5409161e+02
   9.2119459e+02
   8.8899417e+02
   8.5745162e+02
   8.2652747e+02
   7.9618249e+02
   7.6637867e+02
   7.3708038e+02
   7.0825552e+02
   6.7987676e+02
   6.5192277e+02
   6.2437955e+02
   5.9724173e+02
   5.7051386e+02
   5.4421171e+02
   5.1836356e+02
   4.9301136e+02
   4.6821188e+02
   4.4403778e+02
   4.2057848e+02
   3.9794102e+02
   3.7625063e+02
   3.5565128e+02
   3.3630588e+02
   3.1839644e+02
   3.0212383e+02
   2.8770751e+02
   2.7538480e+02
   2.6541013e+02
   2.5805384e+02
   2.5360087e+02
   2.5234916e+02
   2.5460777e+02
   2.6069485e+02
   2.7093538e+02
   2.8565866e+02
   3.0519577e+02
   3.2987670e+02
   3.6002758e+02
   3.9596765e+02
   4.3800627e+02
   4.8643995e+02
   5.4154930e+02
   6.0359616e+02
   6.7282071e+02
   7.4943880e+02
   8.3363940e+02
   9.2558228e+02
   1.0253959e+03
   1.1331754e+03
   1.2489813e+03
   1.3728381e+03
   1.5047332e+03
   1.6446162e+03
   1.7923989e+03
   1.9479550e+03
   2.1111208e+03
   2.2816955e+03
   2.4594423e+03
   2.6440901e+03
   2.8353343e+03
   3.0328397e+03
   3.2362416e+03
   3.4451486e+03
   3.6591453e+03
   3.8777944e+03
   4.1006400e+03
   4.3272101e+03
   4.5570200e+03
   4.7895745e+03
   5.0243718e+03
   5.2609056e+03
   5.4986686e+03
   5.7371550e+03
   5.9758630e+03
   6.2142977e+03
   6.4519735e+03
   6.6884158e+03
   6.9231636e+03
   7.1557712e+03
   7.3858096e+03
   7.6128682e+03
   7.8365558e+03
   8.0565019e+03
   8.2723571e+03
   8.4837939e+03
   8.6905069e+03
   8.8922135e+03
   9.0886530e+03
   9.2795871e+03
   9.4647995e+03
   9.6440948e+03
   9.8172989e+03
   9.9842569e+03
   1.0144834e+04
   1.0298911e+04
   1.0446390e+04
   1.0587185e+04
   1.0721226e+04
   1.0848457e+04
   1.0968835e+04
   1.1082325e+04
   1.1188906e+04
   1.1288562e+04
   1.1381286e+04
   1.1467077e+04
   1.1545938e+04
   1.1617879e+04
   1.1682909e+04
   1.1741042e+04
   1.1792292e+04
   1.1836672e+04
   1.1874197e+04
   1.1904880e+04
   1.1928732e+04
   1.1945762e+04
   1.1955976e+04
   1.1959380e+04
