   5.5719788e+04
   5.5706486e+04
   5.5666557e+04
   5.5599893e+04
   5.5506314e+04
   5.5385573e+04
   5.5237355e+04
   5.5061284e+04
   5.4856924e+04
   5.4623784e+04
   5.4361326e+04
   5.4068972e+04
   5.3746107e+04
   5.3392089e+04
   5.3006259e+04
   5.2587949e+04
   5.2136493e+04
   5.1651234e+04
   5.1131539e+04
   5.0576811e+04
   4.9986497e+04
   4.9360104e+04
   4.8697211e+04
   4.7997481e+04
   4.7260677e+04
   4.6486672e+04
   4.5675464e+04
   4.4827186e+04
   4.3942123e+04
   4.3020721e+04
   4.2063598e+04
   4.1071554e+04
   4.0045583e+04
   3.8986876e+04
   3.7896832e+04
   3.6777060e+04
   3.5629382e+04
   3.4455837e+04
   3.3258677e+04
   3.2040364e+04
   3.0803565e+04
   2.9551146e+04
   2.8286155e+04
   2.7011818e+04
   2.5731516e+04
   2.4448768e+04
   2.3167214e+04
   2.1890588e+04
   2.0622696e+04
   1.9367384e+04
   1.8128517e+04
   1.6909939e+04
   1.5715448e+04
   1.4548764e+04
   1.3413491e+04
   1.2313088e+04
   1.1250836e+04
   1.0229807e+04
   9.2528316e+03
   8.3224727e+03
   7.4409983e+03
   6.6103579e+03
   5.8321623e+03
   5.1076664e+03
   4.4377558e+03
   3.8229376e+03
   3.2633354e+03
   2.7586886e+03
   2.3083565e+03
   1.9113267e+03
   1.5662282e+03
   1.2713486e+03
   1.0246554e+03
   8.2382193e+02
   6.6625554e+02
   5.4913002e+02
   4.6942004e+02
   4.2393788e+02
   4.0937172e+02
   4.2232487e+02
   4.5935542e+02
   5.1701555e+02
   5.9189014e+02
   6.8063379e+02
   7.8000600e+02
   8.8690375e+02
   9.9839122e+02
   1.1117261e+03
   1.2243822e+03
   1.3340682e+03
   1.4387422e+03
   1.5366221e+03
   1.6261919e+03
   1.7062031e+03
   1.7756733e+03
   1.8338796e+03
   1.8803496e+03
   1.9148483e+03
   1.9373627e+03
   1.9480834e+03
   1.9473849e+03
   1.9358037e+03
   1.9140155e+03
   1.8828121e+03
   1.8430778e+03
   1.7957662e+03
   1.7418773e+03
   1.6824364e+03
   1.6184737e+03
   1.5510056e+03
   1.4810183e+03
   1.4094526e+03
   1.3371919e+03
   1.2650512e+03
   1.1937695e+03
   1.1240035e+03
   1.0563239e+03
   9.9121335e+02
   9.2906686e+02
   8.7019313e+02
   8.1481796e+02
   7.6308876e+02
   7.1508014e+02
   6.7080040e+02
   6.3019863e+02
   5.9317229e+02
   5.5957500e+02
   5.2922438e+02
   5.0190979e+02
   4.7739977e+02
   4.5544911e+02
   4.3580541e+02
   4.1821502e+02
   4.0242834e+02
   3.8820443e+02
   3.7531490e+02
   3.6354702e+02
   3.5270618e+02
   3.4261765e+02
   3.3312763e+02
   3.2410379e+02
   3.1543516e+02
   3.0703166e+02
   2.9882311e+02
   2.9075794e+02
   2.8280163e+02
   2.7493495e+02
   2.6715196e+02
   2.5945809e+02
   2.5186804e+02
   2.4440377e+02
   2.3709255e+02
   2.2996514e+02
   2.2305401e+02
   2.1639184e+02
   2.1001012e+02
   2.0393795e+02
   1.9820108e+02
   1.9282112e+02
   1.8781495e+02
   1.8319433e+02
   1.7896570e+02
   1.7513017e+02
   1.7168360e+02
   1.6861690e+02
   1.6591644e+02
   1.6356450e+02
   1.6153988e+02
   1.5981856e+02
   1.5837438e+02
   1.5717978e+02
   1.5620650e+02
   1.5542639e+02
   1.5481205e+02
   1.5433752e+02
   1.5397895e+02
   1.5371513e+02
   1.5352798e+02
   1.5340301e+02
   1.5332961e+02
   1.5330135e+02
   1.5331604e+02
   1.5337588e+02
   1.5348731e+02
   1.5366095e+02
   1.5391131e+02
   1.5425646e+02
   1.5471764e+02
   1.5531871e+02
   1.5608563e+02
   1.5704582e+02
   1.5822746e+02
   1.5965880e+02
   1.6136742e+02
   1.6337951e+02
   1.6571910e+02
   1.6840742e+02
   1.7146218e+02
   1.7489705e+02
   1.7872115e+02
   1.8293862e+02
   1.8754839e+02
   1.9254403e+02
   1.9791382e+02
   2.0364088e+02
   2.0970364e+02
   2.1607638e+02
   2.2273000e+02
   2.2963304e+02
   2.3675285e+02
   2.4405697e+02
   2.5151466e+02
   2.5909866e+02
   2.6678702e+02
   2.7456506e+02
   2.8242734e+02
   2.9037981e+02
   2.9844169e+02
   3.0664751e+02
   3.1504881e+02
   3.2371576e+02
   3.3273842e+02
   3.4222773e+02
   3.5231600e+02
   3.6315699e+02
   3.7492539e+02
   3.8781578e+02
   4.0204083e+02
   4.1782889e+02
   4.3542087e+02
   4.5506630e+02
   4.7701879e+02
   5.0153070e+02
   5.2884721e+02
   5.5919971e+02
   5.9279883e+02
   6.2982690e+02
   6.7043030e+02
   7.1471154e+02
   7.6272153e+02
   8.1445196e+02
   8.6982824e+02
   9.2870298e+02
   9.9085039e+02
   1.0559618e+03
   1.1236423e+03
   1.1934092e+03
   1.2646919e+03
   1.3368337e+03
   1.4090959e+03
   1.4806632e+03
   1.5506525e+03
   1.6181230e+03
   1.6820885e+03
   1.7415327e+03
   1.7954254e+03
   1.8427415e+03
   1.8824806e+03
   1.9136895e+03
   1.9354837e+03
   1.9470714e+03
   1.9477768e+03
   1.9370633e+03
   1.9145564e+03
   1.8800652e+03
   1.8336028e+03
   1.7754039e+03
   1.7059409e+03
   1.6259363e+03
   1.5363725e+03
   1.4384976e+03
   1.3338277e+03
   1.2241445e+03
   1.1114898e+03
   9.9815480e+02
   8.8666541e+02
   7.7976385e+02
   6.8038582e+02
   5.9163425e+02
   5.1674956e+02
   4.5907712e+02
   4.2203204e+02
   4.0906216e+02
   4.2360944e+02
   4.6907067e+02
   5.4875780e+02
   6.6585870e+02
   8.2339891e+02
   1.0242049e+03
   1.2708694e+03
   1.5657196e+03
   1.9107881e+03
   2.3077877e+03
   2.7580896e+03
   3.2627067e+03
   3.8222800e+03
   4.4370703e+03
   5.1069544e+03
   5.8314255e+03
   6.6095982e+03
   7.4402181e+03
   8.3216745e+03
   9.2520180e+03
   1.0228981e+04
   1.1250001e+04
   1.2312246e+04
   1.3412646e+04
   1.4547920e+04
   1.5714608e+04
   1.6909106e+04
   1.8127695e+04
   1.9366576e+04
   2.0621905e+04
   2.1889817e+04
   2.3166466e+04
   2.4448045e+04
   2.5730821e+04
   2.7011154e+04
   2.8285523e+04
   2.9550547e+04
   3.0803002e+04
   3.2039836e+04
   3.3258187e+04
   3.4455385e+04
   3.5628967e+04
   3.6776683e+04
   3.7896493e+04
   3.8986575e+04
   4.0045318e+04
   4.1071325e+04
   4.2063403e+04
   4.3020560e+04
   4.3941994e+04
   4.4827086e+04
   4.5675393e+04
   4.6486628e+04
   4.7260657e+04
   4.7997484e+04
   4.8697233e+04
   4.9360144e+04
   4.9986553e+04
   5.0576881e+04
   5.1131621e+04
   5.1651325e+04
   5.2136591e+04
   5.2588052e+04
   5.3006365e+04
   5.3392196e+04
   5.3746213e+04
   5.4069076e+04
   5.4361426e+04
   5.4623878e+04
   5.4857011e+04
   5.5061363e+04
   5.5237425e+04
   5.5385633e+04
   5.5506363e+04
   5.5599930e+04
   5.5666582e+04
   5.5706499e+04
   5.5719788e+04
