   6.3800537e+03
   6.3797539e+03
   6.3788633e+03
   6.3773717e+03
   6.3752622e+03
   6.3725110e+03
   6.3690878e+03
   6.3649557e+03
   6.3600713e+03
   6.3543848e+03
   6.3478404e+03
   6.3403759e+03
   6.3319237e+03
   6.3224103e+03
   6.3117569e+03
   6.2998796e+03
   6.2866899e+03
   6.2720945e+03
   6.2559964e+03
   6.2382945e+03
   6.2188848e+03
   6.1976604e+03
   6.1745121e+03
   6.1493289e+03
   6.1219989e+03
   6.0924093e+03
   6.0604477e+03
   6.0260022e+03
   5.9889628e+03
   5.9492213e+03
   5.9066728e+03
   5.8612161e+03
   5.8127548e+03
   5.7611978e+03
   5.7064604e+03
   5.6484652e+03
   5.5871427e+03
   5.5224326e+03
   5.4542841e+03
   5.3826572e+03
   5.3075235e+03
   5.2288667e+03
   5.1466835e+03
   5.0609844e+03
   4.9717942e+03
   4.8791528e+03
   4.7831153e+03
   4.6837528e+03
   4.5811528e+03
   4.4754190e+03
   4.3666719e+03
   4.2550486e+03
   4.1407026e+03
   4.0238040e+03
   3.9045387e+03
   3.7831082e+03
   3.6597289e+03
   3.5346313e+03
   3.4080595e+03
   3.2802697e+03
   3.1515294e+03
   3.0221160e+03
   2.8923156e+03
   2.7624215e+03
   2.6327325e+03
   2.5035514e+03
   2.3751832e+03
   2.2479336e+03
   2.1221068e+03
   1.9980036e+03
   1.8759202e+03
   1.7561456e+03
   1.6389601e+03
   1.5246335e+03
   1.4134235e+03
   1.3055736e+03
   1.2013121e+03
   1.1008500e+03
   1.0043805e+03
   9.1207686e+02
   8.2409206e+02
   7.4055756e+02
   6.6158271e+02
   5.8725416e+02
   5.1763548e+02
   4.5276705e+02
   3.9266601e+02
   3.3732651e+02
   2.8672006e+02
   2.4079609e+02
   1.9948272e+02
   1.6268764e+02
   1.3029915e+02
   1.0218736e+02
   7.8205499e+01
   5.8191360e+01
   4.1968801e+01
   2.9349349e+01
   2.0133865e+01
   1.4114238e+01
   1.1075112e+01
   1.0795620e+01
   1.3051101e+01
   1.7614790e+01
   2.4259473e+01
   3.2759074e+01
   4.2890174e+01
   5.4433441e+01
   6.7174973e+01
   8.0907524e+01
   9.5431624e+01
   1.1055658e+02
   1.2610136e+02
   1.4189531e+02
   1.5777882e+02
   1.7360379e+02
   1.8923399e+02
   2.0454533e+02
   2.1942596e+02
   2.3377629e+02
   2.4750890e+02
   2.6054836e+02
   2.7283090e+02
   2.8430410e+02
   2.9492641e+02
   3.0466664e+02
   3.1350344e+02
   3.2142466e+02
   3.2842672e+02
   3.3451393e+02
   3.3969784e+02
   3.4399651e+02
   3.4743380e+02
   3.5003872e+02
   3.5184473e+02
   3.5288904e+02
   3.5321204e+02
   3.5285663e+02
   3.5186766e+02
   3.5029136e+02
   3.4817488e+02
   3.4556576e+02
   3.4251156e+02
   3.3905939e+02
   3.3525566e+02
   3.3114569e+02
   3.2677349e+02
   3.2218149e+02
   3.1741042e+02
   3.1249908e+02
   3.0748426e+02
   3.0240065e+02
   2.9728078e+02
   2.9215497e+02
   2.8705136e+02
   2.8199589e+02
   2.7701236e+02
   2.7212248e+02
   2.6734592e+02
   2.6270041e+02
   2.5820185e+02
   2.5386435e+02
   2.4970042e+02
   2.4572101e+02
   2.4193565e+02
   2.3835260e+02
   2.3497891e+02
   2.3182056e+02
   2.2888258e+02
   2.2616917e+02
   2.2368374e+02
   2.2142910e+02
   2.1940746e+02
   2.1762060e+02
   2.1606987e+02
   2.1475632e+02
   2.1368073e+02
   2.1284365e+02
   2.1224548e+02
   2.1188649e+02
   2.1176680e+02
   2.1188648e+02
   2.1224547e+02
   2.1284364e+02
   2.1368071e+02
   2.1475631e+02
   2.1606986e+02
   2.1762059e+02
   2.1940747e+02
   2.2142912e+02
   2.2368379e+02
   2.2616924e+02
   2.2888269e+02
   2.3182071e+02
   2.3497911e+02
   2.3835286e+02
   2.4193597e+02
   2.4572140e+02
   2.4970090e+02
   2.5386493e+02
   2.5820253e+02
   2.6270121e+02
   2.6734685e+02
   2.7212355e+02
   2.7701359e+02
   2.8199728e+02
   2.8705293e+02
   2.9215673e+02
   2.9728275e+02
   3.0240284e+02
   3.0748668e+02
   3.1250174e+02
   3.1741334e+02
   3.2218468e+02
   3.2677695e+02
   3.3114944e+02
   3.3525971e+02
   3.3906374e+02
   3.4251621e+02
   3.4557073e+02
   3.4818015e+02
   3.5029695e+02
   3.5187356e+02
   3.5286284e+02
   3.5321855e+02
   3.5289583e+02
   3.5185179e+02
   3.5004604e+02
   3.4744136e+02
   3.4400428e+02
   3.3970580e+02
   3.3452205e+02
   3.2843495e+02
   3.2143299e+02
   3.1351182e+02
   3.0467503e+02
   2.9493476e+02
   2.8431238e+02
   2.7283905e+02
   2.6055634e+02
   2.4751667e+02
   2.3378379e+02
   2.1943316e+02
   2.0455219e+02
   1.8924046e+02
   1.7360985e+02
   1.5778443e+02
   1.4190046e+02
   1.2610603e+02
   1.1056077e+02
   9.5435339e+01
   8.0910785e+01
   6.7177813e+01
   5.4435905e+01
   4.2892322e+01
   3.2760986e+01
   2.4261242e+01
   1.7616531e+01
   1.3052945e+01
   1.0797722e+01
   1.1077645e+01
   1.4117396e+01
   2.0137862e+01
   2.9354418e+01
   4.1975198e+01
   5.8199360e+01
   7.8215397e+01
   1.0219947e+02
   1.3031380e+02
   1.6270518e+02
   1.9950351e+02
   2.4082050e+02
   2.8674848e+02
   3.3735934e+02
   3.9270364e+02
   4.5280988e+02
   5.1768392e+02
   5.8730862e+02
   6.6164359e+02
   7.4062525e+02
   8.2416694e+02
   9.1215931e+02
   1.0044709e+03
   1.1009487e+03
   1.2014192e+03
   1.3056897e+03
   1.4135487e+03
   1.5247681e+03
   1.6391042e+03
   1.7562994e+03
   1.8760839e+03
   1.9981773e+03
   2.1222905e+03
   2.2481274e+03
   2.3753871e+03
   2.5037652e+03
   2.6329563e+03
   2.7626551e+03
   2.8925588e+03
   3.0223686e+03
   3.1517911e+03
   3.2805404e+03
   3.4083387e+03
   3.5349187e+03
   3.6600241e+03
   3.7834108e+03
   3.9048483e+03
   4.0241201e+03
   4.1410247e+03
   4.2553762e+03
   4.3670045e+03
   4.4757560e+03
   4.5814936e+03
   4.6840969e+03
   4.7834621e+03
   4.8795017e+03
   4.9721446e+03
   5.0613357e+03
   5.1470351e+03
   5.2292180e+03
   5.3078740e+03
   5.3830063e+03
   5.4546311e+03
   5.5227770e+03
   5.5874840e+03
   5.6488028e+03
   5.7067939e+03
   5.7615265e+03
   5.8130783e+03
   5.8615340e+03
   5.9069845e+03
   5.9495264e+03
   5.9892609e+03
   6.0262929e+03
   6.0607305e+03
   6.0926840e+03
   6.1222651e+03
   6.1495863e+03
   6.1747603e+03
   6.1978991e+03
   6.2191138e+03
   6.2385135e+03
   6.2562051e+03
   6.2722928e+03
   6.2868775e+03
   6.3000564e+03
   6.3119226e+03
   6.3225648e+03
   6.3320669e+03
   6.3405076e+03
   6.3479605e+03
   6.3544932e+03
   6.3601679e+03
   6.3650404e+03
   6.3691606e+03
   6.3725717e+03
   6.3753108e+03
   6.3774082e+03
   6.3788876e+03
   6.3797661e+03
   6.3800537e+03
