   3.4754146e+01
   3.4753904e+01
   3.4753199e+01
   3.4752020e+01
   3.4750350e+01
   3.4748164e+01
   3.4745429e+01
   3.4742108e+01
   3.4738155e+01
   3.4733517e+01
   3.4728137e+01
   3.4721947e+01
   3.4714876e+01
   3.4706846e+01
   3.4697771e+01
   3.4687562e+01
   3.4676122e+01
   3.4663348e+01
   3.4649133e+01
   3.4633365e+01
   3.4615924e+01
   3.4596688e+01
   3.4575530e+01
   3.4552318e+01
   3.4526917e+01
   3.4499186e+01
   3.4468984e+01
   3.4436165e+01
   3.4400580e+01
   3.4362078e+01
   3.4320506e+01
   3.4275711e+01
   3.4227535e+01
   3.4175823e+01
   3.4120418e+01
   3.4061163e+01
   3.3997901e+01
   3.3930476e+01
   3.3858735e+01
   3.3782526e+01
   3.3701697e+01
   3.3616101e+01
   3.3525595e+01
   3.3430038e+01
   3.3329294e+01
   3.3223230e+01
   3.3111721e+01
   3.2994646e+01
   3.2871888e+01
   3.2743341e+01
   3.2608903e+01
   3.2468480e+01
   3.2321984e+01
   3.2169340e+01
   3.2010476e+01
   3.1845333e+01
   3.1673859e+01
   3.1496013e+01
   3.1311764e+01
   3.1121091e+01
   3.0923983e+01
   3.0720440e+01
   3.0510473e+01
   3.0294105e+01
   3.0071369e+01
   2.9842310e+01
   2.9606985e+01
   2.9365461e+01
   2.9117817e+01
   2.8864145e+01
   2.8604547e+01
   2.8339136e+01
   2.8068037e+01
   2.7791385e+01
   2.7509327e+01
   2.7222020e+01
   2.6929630e+01
   2.6632334e+01
   2.6330320e+01
   2.6023781e+01
   2.5712923e+01
   2.5397959e+01
   2.5079107e+01
   2.4756597e+01
   2.4430662e+01
   2.4101543e+01
   2.3769486e+01
   2.3434743e+01
   2.3097570e+01
   2.2758225e+01
   2.2416973e+01
   2.2074079e+01
   2.1729810e+01
   2.1384435e+01
   2.1038225e+01
   2.0691449e+01
   2.0344376e+01
   1.9997274e+01
   1.9650411e+01
   1.9304050e+01
   1.8958452e+01
   1.8613875e+01
   1.8270573e+01
   1.7928796e+01
   1.7588787e+01
   1.7250785e+01
   1.6915023e+01
   1.6581727e+01
   1.6251117e+01
   1.5923406e+01
   1.5598799e+01
   1.5277493e+01
   1.4959677e+01
   1.4645532e+01
   1.4335232e+01
   1.4028941e+01
   1.3726813e+01
   1.3428994e+01
   1.3135624e+01
   1.2846829e+01
   1.2562730e+01
   1.2283437e+01
   1.2009052e+01
   1.1739667e+01
   1.1475366e+01
   1.1216225e+01
   1.0962310e+01
   1.0713681e+01
   1.0470386e+01
   1.0232468e+01
   9.9999631e+00
   9.7728973e+00
   9.5512907e+00
   9.3351567e+00
   9.1245014e+00
   8.9193251e+00
   8.7196218e+00
   8.5253798e+00
   8.3365821e+00
   8.1532064e+00
   7.9752258e+00
   7.8026092e+00
   7.6353209e+00
   7.4733219e+00
   7.3165695e+00
   7.1650182e+00
   7.0186193e+00
   6.8773221e+00
   6.7410735e+00
   6.6098186e+00
   6.4835012e+00
   6.3620636e+00
   6.2454473e+00
   6.1335932e+00
   6.0264419e+00
   5.9239337e+00
   5.8260091e+00
   5.7326092e+00
   5.6436754e+00
   5.5591503e+00
   5.4789775e+00
   5.4031016e+00
   5.3314690e+00
   5.2640277e+00
   5.2007274e+00
   5.1415201e+00
   5.0863596e+00
   5.0352022e+00
   4.9880067e+00
   4.9447343e+00
   4.9053491e+00
   4.8698177e+00
   4.8381099e+00
   4.8101981e+00
   4.7860581e+00
   4.7656687e+00
   4.7490117e+00
   4.7360723e+00
   4.7268389e+00
   4.7213033e+00
   4.7194604e+00
   4.7213086e+00
   4.7268495e+00
   4.7360882e+00
   4.7490329e+00
   4.7656952e+00
   4.7860901e+00
   4.8102356e+00
   4.8381529e+00
   4.8698663e+00
   4.9054034e+00
   4.9447944e+00
   4.9880727e+00
   5.0352742e+00
   5.0864377e+00
   5.1416045e+00
   5.2008183e+00
   5.2641251e+00
   5.3315732e+00
   5.4032126e+00
   5.4790956e+00
   5.5592758e+00
   5.6438083e+00
   5.7327497e+00
   5.8261576e+00
   5.9240903e+00
   6.0266068e+00
   6.1337668e+00
   6.2456297e+00
   6.3622551e+00
   6.4837020e+00
   6.6100291e+00
   6.7412939e+00
   6.8775527e+00
   7.0188604e+00
   7.1652701e+00
   7.3168325e+00
   7.4735963e+00
   7.6356070e+00
   7.8029073e+00
   7.9755363e+00
   8.1535295e+00
   8.3369182e+00
   8.5257293e+00
   8.7199849e+00
   8.9197022e+00
   9.1248928e+00
   9.3355626e+00
   9.5517116e+00
   9.7733333e+00
   1.0000415e+01
   1.0232936e+01
   1.0470869e+01
   1.0714181e+01
   1.0962827e+01
   1.1216759e+01
   1.1475917e+01
   1.1740235e+01
   1.2009638e+01
   1.2284041e+01
   1.2563352e+01
   1.2847470e+01
   1.3136283e+01
   1.3429672e+01
   1.3727509e+01
   1.4029656e+01
   1.4335967e+01
   1.4646286e+01
   1.4960449e+01
   1.5278284e+01
   1.5599610e+01
   1.5924236e+01
   1.6251967e+01
   1.6582595e+01
   1.6915910e+01
   1.7251691e+01
   1.7589711e+01
   1.7929739e+01
   1.8271535e+01
   1.8614854e+01
   1.8959449e+01
   1.9305064e+01
   1.9651442e+01
   1.9998322e+01
   2.0345440e+01
   2.0692529e+01
   2.1039321e+01
   2.1385546e+01
   2.1730935e+01
   2.2075218e+01
   2.2418126e+01
   2.2759391e+01
   2.3098748e+01
   2.3435933e+01
   2.3770687e+01
   2.4102754e+01
   2.4431883e+01
   2.4757827e+01
   2.5080346e+01
   2.5399205e+01
   2.5714176e+01
   2.6025040e+01
   2.6331584e+01
   2.6633603e+01
   2.6930903e+01
   2.7223296e+01
   2.7510605e+01
   2.7792665e+01
   2.8069317e+01
   2.8340416e+01
   2.8605826e+01
   2.8865422e+01
   2.9119092e+01
   2.9366732e+01
   2.9608252e+01
   2.9843572e+01
   3.0072625e+01
   3.0295355e+01
   3.0511716e+01
   3.0721674e+01
   3.0925209e+01
   3.1122308e+01
   3.1312971e+01
   3.1497209e+01
   3.1675043e+01
   3.1846504e+01
   3.2011635e+01
   3.2170485e+01
   3.2323116e+01
   3.2469597e+01
   3.2610005e+01
   3.2744428e+01
   3.2872958e+01
   3.2995699e+01
   3.3112757e+01
   3.3224249e+01
   3.3330294e+01
   3.3431020e+01
   3.3526558e+01
   3.3617045e+01
   3.3702620e+01
   3.3783429e+01
   3.3859619e+01
   3.3931339e+01
   3.3998742e+01
   3.4061983e+01
   3.4121217e+01
   3.4176601e+01
   3.4228291e+01
   3.4276444e+01
   3.4321217e+01
   3.4362766e+01
   3.4401245e+01
   3.4436808e+01
   3.4469604e+01
   3.4499783e+01
   3.4527490e+01
   3.4552868e+01
   3.4576057e+01
   3.4597191e+01
   3.4616403e+01
   3.4633821e+01
   3.4649566e+01
   3.4663757e+01
   3.4676506e+01
   3.4687923e+01
   3.4698108e+01
   3.4707158e+01
   3.4715165e+01
   3.4722212e+01
   3.4728377e+01
   3.4733734e+01
   3.4738348e+01
   3.4742277e+01
   3.4745574e+01
   3.4748284e+01
   3.4750446e+01
   3.4752093e+01
   3.4753247e+01
   3.4753928e+01
   3.4754146e+01
