   3.0823521e+04
   3.0818971e+04
   3.0805366e+04
   3.0782641e+04
   3.0750686e+04
   3.0709346e+04
   3.0658427e+04
   3.0597691e+04
   3.0526862e+04
   3.0445626e+04
   3.0353631e+04
   3.0250494e+04
   3.0135798e+04
   3.0009098e+04
   2.9869926e+04
   2.9717788e+04
   2.9552176e+04
   2.9372565e+04
   2.9178421e+04
   2.8969205e+04
   2.8744379e+04
   2.8503409e+04
   2.8245771e+04
   2.7970960e+04
   2.7678492e+04
   2.7367912e+04
   2.7038802e+04
   2.6690785e+04
   2.6323534e+04
   2.5936776e+04
   2.5530303e+04
   2.5103976e+04
   2.4657730e+04
   2.4191587e+04
   2.3705653e+04
   2.3200133e+04
   2.2675330e+04
   2.2131654e+04
   2.1569623e+04
   2.0989869e+04
   2.0393141e+04
   1.9780307e+04
   1.9152353e+04
   1.8510385e+04
   1.7855629e+04
   1.7189426e+04
   1.6513232e+04
   1.5828610e+04
   1.5137226e+04
   1.4440843e+04
   1.3741310e+04
   1.3040553e+04
   1.2340566e+04
   1.1643396e+04
   1.0951131e+04
   1.0265887e+04
   9.5897889e+03
   8.9249589e+03
   8.2734975e+03
   7.6374668e+03
   7.0188730e+03
   6.4196492e+03
   5.8416380e+03
   5.2865744e+03
   4.7560693e+03
   4.2515940e+03
   3.7744652e+03
   3.3258320e+03
   2.9066634e+03
   2.5177382e+03
   2.1596358e+03
   1.8327303e+03
   1.5371851e+03
   1.2729509e+03
   1.0397652e+03
   8.3715477e+02
   6.6443973e+02
   5.2074051e+02
   4.0498675e+02
   3.1592849e+02
   2.5214936e+02
   2.1208163e+02
   1.9402307e+02
   1.9615514e+02
   2.1656259e+02
   2.5325397e+02
   3.0418291e+02
   3.6726984e+02
   4.4042386e+02
   5.2156447e+02
   6.0864293e+02
   6.9966281e+02
   7.9269966e+02
   8.8591939e+02
   9.7759527e+02
   1.0661232e+03
   1.1500350e+03
   1.2280101e+03
   1.2988850e+03
   1.3616599e+03
   1.4155041e+03
   1.4597589e+03
   1.4939375e+03
   1.5177239e+03
   1.5309690e+03
   1.5336850e+03
   1.5260378e+03
   1.5083384e+03
   1.4810319e+03
   1.4446858e+03
   1.3999778e+03
   1.3476813e+03
   1.2886519e+03
   1.2238127e+03
   1.1541393e+03
   1.0806456e+03
   1.0043690e+03
   9.2635655e+02
   8.4765162e+02
   7.6928131e+02
   6.9224462e+02
   6.1750175e+02
   5.4596440e+02
   4.7848727e+02
   4.1586066e+02
   3.5880439e+02
   3.0796285e+02
   2.6390129e+02
   2.2710328e+02
   1.9796930e+02
   1.7681636e+02
   1.6387872e+02
   1.5930937e+02
   1.6318250e+02
   1.7549661e+02
   1.9617828e+02
   2.2508655e+02
   2.6201762e+02
   3.0671006e+02
   3.5885015e+02
   4.1807744e+02
   4.8399046e+02
   5.5615230e+02
   6.3409627e+02
   7.1733134e+02
   8.0534745e+02
   8.9762060e+02
   9.9361758e+02
   1.0928006e+03
   1.1946312e+03
   1.2985744e+03
   1.4041019e+03
   1.5106953e+03
   1.6178488e+03
   1.7250716e+03
   1.8318897e+03
   1.9378479e+03
   2.0425108e+03
   2.1454641e+03
   2.2463154e+03
   2.3446943e+03
   2.4402531e+03
   2.5326663e+03
   2.6216312e+03
   2.7068669e+03
   2.7881142e+03
   2.8651348e+03
   2.9377110e+03
   3.0056447e+03
   3.0687564e+03
   3.1268852e+03
   3.1798869e+03
   3.2276344e+03
   3.2700159e+03
   3.3069348e+03
   3.3383087e+03
   3.3640691e+03
   3.3841606e+03
   3.3985407e+03
   3.4071793e+03
   3.4100582e+03
   3.4071716e+03
   3.3985255e+03
   3.3841379e+03
   3.3640390e+03
   3.3382713e+03
   3.3068904e+03
   3.2699647e+03
   3.2275766e+03
   3.1798228e+03
   3.1268151e+03
   3.0686807e+03
   3.0055637e+03
   2.9376252e+03
   2.8650446e+03
   2.7880200e+03
   2.7067693e+03
   2.6215306e+03
   2.5325632e+03
   2.4401480e+03
   2.3445879e+03
   2.2462081e+03
   2.1453565e+03
   2.0424033e+03
   1.9377411e+03
   1.8317842e+03
   1.7249679e+03
   1.6177474e+03
   1.5105967e+03
   1.4040066e+03
   1.2984828e+03
   1.1945438e+03
   1.0927178e+03
   9.9353979e+02
   8.9754815e+02
   8.0528067e+02
   7.1727051e+02
   6.3404165e+02
   5.5610412e+02
   4.8394889e+02
   4.1804264e+02
   3.5882221e+02
   3.0668907e+02
   2.6200362e+02
   2.2507952e+02
   1.9617820e+02
   1.7550340e+02
   1.6319607e+02
   1.5932959e+02
   1.6390542e+02
   1.7684937e+02
   1.9800839e+02
   2.2714822e+02
   2.6395182e+02
   3.0801868e+02
   3.5886522e+02
   4.1592617e+02
   4.7855712e+02
   5.4603825e+02
   6.1757923e+02
   6.9232537e+02
   7.6936494e+02
   8.4773775e+02
   9.2644476e+02
   1.0044589e+03
   1.0807368e+03
   1.1542313e+03
   1.2239051e+03
   1.2887443e+03
   1.3477732e+03
   1.4000688e+03
   1.4447755e+03
   1.4811198e+03
   1.5084242e+03
   1.5261210e+03
   1.5337651e+03
   1.5310457e+03
   1.5177969e+03
   1.4940064e+03
   1.4598233e+03
   1.4155639e+03
   1.3617148e+03
   1.2989349e+03
   1.2280550e+03
   1.1500748e+03
   1.0661580e+03
   9.7762525e+02
   8.8594481e+02
   7.9272091e+02
   6.9968040e+02
   6.0865748e+02
   5.2157674e+02
   4.4043472e+02
   3.6728034e+02
   3.0419422e+02
   2.5326740e+02
   2.1657959e+02
   1.9617731e+02
   1.9405214e+02
   2.1211947e+02
   2.5219794e+02
   3.1598990e+02
   4.0506318e+02
   5.2083423e+02
   6.6455308e+02
   8.3729014e+02
   1.0399250e+03
   1.2731376e+03
   1.5374012e+03
   1.8329782e+03
   2.1599179e+03
   2.5180567e+03
   2.9070207e+03
   3.3262301e+03
   3.7749062e+03
   4.2520796e+03
   4.7566013e+03
   5.2871542e+03
   5.8422670e+03
   6.4203284e+03
   7.0196033e+03
   7.6382488e+03
   8.2743316e+03
   8.9258451e+03
   9.5907271e+03
   1.0266877e+04
   1.0952172e+04
   1.1644487e+04
   1.2341706e+04
   1.3041740e+04
   1.3742543e+04
   1.4442120e+04
   1.5138545e+04
   1.5829968e+04
   1.6514627e+04
   1.7190856e+04
   1.7857090e+04
   1.8511875e+04
   1.9153868e+04
   1.9781844e+04
   2.0394697e+04
   2.0991440e+04
   2.1571205e+04
   2.2133245e+04
   2.2676926e+04
   2.3201730e+04
   2.3707248e+04
   2.4193175e+04
   2.4659310e+04
   2.5105542e+04
   2.5531854e+04
   2.5938307e+04
   2.6325042e+04
   2.6692267e+04
   2.7040255e+04
   2.7369333e+04
   2.7679878e+04
   2.7972309e+04
   2.8247080e+04
   2.8504674e+04
   2.8745600e+04
   2.8970378e+04
   2.9179544e+04
   2.9373637e+04
   2.9553194e+04
   2.9718751e+04
   2.9870832e+04
   3.0009946e+04
   3.0136585e+04
   3.0251220e+04
   3.0354296e+04
   3.0446227e+04
   3.0527399e+04
   3.0598162e+04
   3.0658832e+04
   3.0709684e+04
   3.0750957e+04
   3.0782845e+04
   3.0805502e+04
   3.0819039e+04
   3.0823521e+04
