   1.8782957e-04
   1.8782947e-04
   1.8782924e-04
   1.8782887e-04
   1.8782835e-04
   1.8782770e-04
   1.8782690e-04
   1.8782596e-04
   1.8782487e-04
   1.8782363e-04
   1.8782224e-04
   1.8782068e-04
   1.8781896e-04
   1.8781708e-04
   1.8781502e-04
   1.8781278e-04
   1.8781036e-04
   1.8780774e-04
   1.8780493e-04
   1.8780191e-04
   1.8779868e-04
   1.8779523e-04
   1.8779155e-04
   1.8778764e-04
   1.8778348e-04
   1.8777907e-04
   1.8777440e-04
   1.8776945e-04
   1.8776423e-04
   1.8775871e-04
   1.8775290e-04
   1.8774677e-04
   1.8774033e-04
   1.8773355e-04
   1.8772643e-04
   1.8771897e-04
   1.8771114e-04
   1.8770294e-04
   1.8769435e-04
   1.8768538e-04
   1.8767600e-04
   1.8766621e-04
   1.8765599e-04
   1.8764534e-04
   1.8763424e-04
   1.8762268e-04
   1.8761067e-04
   1.8759817e-04
   1.8758519e-04
   1.8757172e-04
   1.8755774e-04
   1.8754325e-04
   1.8752824e-04
   1.8751269e-04
   1.8749661e-04
   1.8747998e-04
   1.8746279e-04
   1.8744505e-04
   1.8742673e-04
   1.8740784e-04
   1.8738836e-04
   1.8736830e-04
   1.8734764e-04
   1.8732639e-04
   1.8730453e-04
   1.8728207e-04
   1.8725899e-04
   1.8723530e-04
   1.8721100e-04
   1.8718607e-04
   1.8716053e-04
   1.8713436e-04
   1.8710758e-04
   1.8708017e-04
   1.8705214e-04
   1.8702349e-04
   1.8699423e-04
   1.8696435e-04
   1.8693386e-04
   1.8690277e-04
   1.8687106e-04
   1.8683877e-04
   1.8680587e-04
   1.8677240e-04
   1.8673834e-04
   1.8670371e-04
   1.8666852e-04
   1.8663277e-04
   1.8659648e-04
   1.8655965e-04
   1.8652230e-04
   1.8648444e-04
   1.8644607e-04
   1.8640722e-04
   1.8636789e-04
   1.8632810e-04
   1.8628786e-04
   1.8624719e-04
   1.8620611e-04
   1.8616463e-04
   1.8612276e-04
   1.8608053e-04
   1.8603795e-04
   1.8599504e-04
   1.8595182e-04
   1.8590831e-04
   1.8586453e-04
   1.8582050e-04
   1.8577624e-04
   1.8573177e-04
   1.8568712e-04
   1.8564230e-04
   1.8559735e-04
   1.8555227e-04
   1.8550710e-04
   1.8546186e-04
   1.8541657e-04
   1.8537126e-04
   1.8532595e-04
   1.8528066e-04
   1.8523543e-04
   1.8519028e-04
   1.8514523e-04
   1.8510031e-04
   1.8505554e-04
   1.8501096e-04
   1.8496658e-04
   1.8492243e-04
   1.8487854e-04
   1.8483494e-04
   1.8479165e-04
   1.8474869e-04
   1.8470610e-04
   1.8466390e-04
   1.8462212e-04
   1.8458078e-04
   1.8453991e-04
   1.8449953e-04
   1.8445967e-04
   1.8442035e-04
   1.8438161e-04
   1.8434346e-04
   1.8430593e-04
   1.8426904e-04
   1.8423282e-04
   1.8419729e-04
   1.8416247e-04
   1.8412840e-04
   1.8409508e-04
   1.8406254e-04
   1.8403081e-04
   1.8399990e-04
   1.8396983e-04
   1.8394063e-04
   1.8391231e-04
   1.8388490e-04
   1.8385841e-04
   1.8383286e-04
   1.8380827e-04
   1.8378465e-04
   1.8376202e-04
   1.8374040e-04
   1.8371979e-04
   1.8370023e-04
   1.8368170e-04
   1.8366424e-04
   1.8364786e-04
   1.8363255e-04
   1.8361834e-04
   1.8360523e-04
   1.8359324e-04
   1.8358237e-04
   1.8357263e-04
   1.8356402e-04
   1.8355655e-04
   1.8355024e-04
   1.8354507e-04
   1.8354105e-04
   1.8353820e-04
   1.8353650e-04
   1.8353597e-04
   1.8353660e-04
   1.8353838e-04
   1.8354133e-04
   1.8354543e-04
   1.8355069e-04
   1.8355710e-04
   1.8356466e-04
   1.8357335e-04
   1.8358319e-04
   1.8359415e-04
   1.8360623e-04
   1.8361943e-04
   1.8363372e-04
   1.8364912e-04
   1.8366559e-04
   1.8368314e-04
   1.8370174e-04
   1.8372140e-04
   1.8374209e-04
   1.8376379e-04
   1.8378650e-04
   1.8381020e-04
   1.8383488e-04
   1.8386051e-04
   1.8388708e-04
   1.8391457e-04
   1.8394296e-04
   1.8397223e-04
   1.8400237e-04
   1.8403336e-04
   1.8406516e-04
   1.8409777e-04
   1.8413116e-04
   1.8416531e-04
   1.8420019e-04
   1.8423579e-04
   1.8427207e-04
   1.8430902e-04
   1.8434662e-04
   1.8438483e-04
   1.8442363e-04
   1.8446300e-04
   1.8450292e-04
   1.8454335e-04
   1.8458428e-04
   1.8462567e-04
   1.8466751e-04
   1.8470975e-04
   1.8475239e-04
   1.8479539e-04
   1.8483872e-04
   1.8488237e-04
   1.8492630e-04
   1.8497048e-04
   1.8501490e-04
   1.8505952e-04
   1.8510433e-04
   1.8514928e-04
   1.8519436e-04
   1.8523954e-04
   1.8528480e-04
   1.8533011e-04
   1.8537544e-04
   1.8542078e-04
   1.8546609e-04
   1.8551135e-04
   1.8555654e-04
   1.8560163e-04
   1.8564660e-04
   1.8569143e-04
   1.8573609e-04
   1.8578057e-04
   1.8582484e-04
   1.8586887e-04
   1.8591266e-04
   1.8595617e-04
   1.8599939e-04
   1.8604230e-04
   1.8608488e-04
   1.8612711e-04
   1.8616897e-04
   1.8621045e-04
   1.8625152e-04
   1.8629218e-04
   1.8633241e-04
   1.8637219e-04
   1.8641150e-04
   1.8645034e-04
   1.8648869e-04
   1.8652654e-04
   1.8656387e-04
   1.8660068e-04
   1.8663695e-04
   1.8667267e-04
   1.8670784e-04
   1.8674244e-04
   1.8677647e-04
   1.8680993e-04
   1.8684279e-04
   1.8687506e-04
   1.8690673e-04
   1.8693779e-04
   1.8696825e-04
   1.8699809e-04
   1.8702732e-04
   1.8705593e-04
   1.8708393e-04
   1.8711130e-04
   1.8713804e-04
   1.8716417e-04
   1.8718967e-04
   1.8721456e-04
   1.8723882e-04
   1.8726247e-04
   1.8728550e-04
   1.8730792e-04
   1.8732974e-04
   1.8735095e-04
   1.8737156e-04
   1.8739158e-04
   1.8741100e-04
   1.8742985e-04
   1.8744812e-04
   1.8746582e-04
   1.8748295e-04
   1.8749953e-04
   1.8751557e-04
   1.8753106e-04
   1.8754603e-04
   1.8756047e-04
   1.8757439e-04
   1.8758781e-04
   1.8760074e-04
   1.8761318e-04
   1.8762515e-04
   1.8763665e-04
   1.8764770e-04
   1.8765830e-04
   1.8766846e-04
   1.8767820e-04
   1.8768753e-04
   1.8769645e-04
   1.8770498e-04
   1.8771312e-04
   1.8772090e-04
   1.8772831e-04
   1.8773537e-04
   1.8774209e-04
   1.8774848e-04
   1.8775455e-04
   1.8776032e-04
   1.8776578e-04
   1.8777095e-04
   1.8777584e-04
   1.8778045e-04
   1.8778481e-04
   1.8778891e-04
   1.8779277e-04
   1.8779639e-04
   1.8779979e-04
   1.8780296e-04
   1.8780592e-04
   1.8780868e-04
   1.8781124e-04
   1.8781361e-04
   1.8781579e-04
   1.8781780e-04
   1.8781963e-04
   1.8782129e-04
   1.8782279e-04
   1.8782413e-04
   1.8782532e-04
   1.8782635e-04
   1.8782724e-04
   1.8782798e-04
   1.8782857e-04
   1.8782903e-04
   1.8782935e-04
   1.8782953e-04
   1.8782957e-04
