   1.7042805e+04
   1.7041061e+04
   1.7035859e+04
   1.7027166e+04
   1.7014922e+04
   1.6999049e+04
   1.6979442e+04
   1.6955976e+04
   1.6928506e+04
   1.6896863e+04
   1.6860861e+04
   1.6820293e+04
   1.6774935e+04
   1.6724547e+04
   1.6668870e+04
   1.6607636e+04
   1.6540560e+04
   1.6467348e+04
   1.6387697e+04
   1.6301297e+04
   1.6207833e+04
   1.6106987e+04
   1.5998442e+04
   1.5881882e+04
   1.5756997e+04
   1.5623486e+04
   1.5481056e+04
   1.5329432e+04
   1.5168353e+04
   1.4997580e+04
   1.4816897e+04
   1.4626116e+04
   1.4425079e+04
   1.4213660e+04
   1.3991773e+04
   1.3759370e+04
   1.3516447e+04
   1.3263046e+04
   1.2999258e+04
   1.2725224e+04
   1.2441142e+04
   1.2147262e+04
   1.1843893e+04
   1.1531402e+04
   1.1210215e+04
   1.0880817e+04
   1.0543752e+04
   1.0199625e+04
   9.8490943e+03
   9.4928774e+03
   9.1317429e+03
   8.7665100e+03
   8.3980443e+03
   8.0272541e+03
   7.6550852e+03
   7.2825160e+03
   6.9105513e+03
   6.5402165e+03
   6.1725506e+03
   5.8085992e+03
   5.4494070e+03
   5.0960105e+03
   4.7494297e+03
   4.4106603e+03
   4.0806661e+03
   3.7603708e+03
   3.4506505e+03
   3.1523261e+03
   2.8661566e+03
   2.5928321e+03
   2.3329681e+03
   2.0870999e+03
   1.8556779e+03
   1.6390637e+03
   1.4375269e+03
   1.2512429e+03
   1.0802916e+03
   9.2465709e+02
   7.8422823e+02
   6.5880018e+02
   5.4807701e+02
   4.5167514e+02
   3.6912777e+02
   2.9989002e+02
   2.4334498e+02
   1.9881043e+02
   1.6554612e+02
   1.4276168e+02
   1.2962487e+02
   1.2527021e+02
   1.2880780e+02
   1.3933224e+02
   1.5593150e+02
   1.7769575e+02
   2.0372587e+02
   2.3314166e+02
   2.6508962e+02
   2.9875017e+02
   3.3334434e+02
   3.6813969e+02
   4.0245558e+02
   4.3566765e+02
   4.6721147e+02
   4.9658535e+02
   5.2335239e+02
   5.4714162e+02
   5.6764836e+02
   5.8463380e+02
   5.9792380e+02
   6.0740706e+02
   6.1303256e+02
   6.1480649e+02
   6.1278861e+02
   6.0708821e+02
   5.9785971e+02
   5.8529789e+02
   5.6963306e+02
   5.5112591e+02
   5.3006248e+02
   5.0674896e+02
   4.8150673e+02
   4.5466743e+02
   4.2656822e+02
   3.9754734e+02
   3.6793993e+02
   3.3807411e+02
   3.0826748e+02
   2.7882396e+02
   2.5003100e+02
   2.2215718e+02
   1.9545023e+02
   1.7013541e+02
   1.4641429e+02
   1.2446384e+02
   1.0443601e+02
   8.6457419e+01
   7.0629584e+01
   5.7029242e+01
   4.5709018e+01
   3.6698287e+01
   3.0004233e+01
   2.5613061e+01
   2.3491353e+01
   2.3587519e+01
   2.5833337e+01
   3.0145536e+01
   3.6427418e+01
   4.4570484e+01
   5.4456040e+01
   6.5956786e+01
   7.8938347e+01
   9.3260753e+01
   1.0877985e+02
   1.2534862e+02
   1.4281844e+02
   1.6104024e+02
   1.7986554e+02
   1.9914745e+02
   2.1874149e+02
   2.3850644e+02
   2.5830496e+02
   2.7800424e+02
   2.9747646e+02
   3.1659927e+02
   3.3525617e+02
   3.5333672e+02
   3.7073688e+02
   3.8735912e+02
   4.0311259e+02
   4.1791318e+02
   4.3168362e+02
   4.4435345e+02
   4.5585909e+02
   4.6614378e+02
   4.7515755e+02
   4.8285723e+02
   4.8920636e+02
   4.9417518e+02
   4.9774059e+02
   4.9988611e+02
   5.0060187e+02
   4.9988459e+02
   4.9773755e+02
   4.9417064e+02
   4.8920034e+02
   4.8284977e+02
   4.7514869e+02
   4.6613356e+02
   4.5584758e+02
   4.4434070e+02
   4.3166970e+02
   4.1789817e+02
   4.0309657e+02
   3.8734218e+02
   3.7071911e+02
   3.5331821e+02
   3.3523702e+02
   3.1657960e+02
   2.9745637e+02
   2.7798384e+02
   2.5828437e+02
   2.3848576e+02
   2.1872084e+02
   1.9912695e+02
   1.7984531e+02
   1.6102039e+02
   1.4279908e+02
   1.2532987e+02
   1.0876182e+02
   9.3243552e+01
   7.8922083e+01
   6.5941563e+01
   5.4441959e+01
   4.4557642e+01
   3.6415911e+01
   3.0135453e+01
   2.5824765e+01
   2.3580543e+01
   2.3486052e+01
   2.5609511e+01
   3.0002502e+01
   3.6698439e+01
   4.5711108e+01
   5.7033323e+01
   7.0635702e+01
   8.6465613e+01
   1.0444631e+02
   1.2447628e+02
   1.4642888e+02
   1.7015217e+02
   1.9546915e+02
   2.2217826e+02
   2.5005422e+02
   2.7884929e+02
   3.0829488e+02
   3.3810353e+02
   3.6797130e+02
   3.9758058e+02
   4.2660323e+02
   4.5470411e+02
   4.8154496e+02
   5.0678858e+02
   5.3010334e+02
   5.5116785e+02
   5.6967587e+02
   5.8534139e+02
   5.9790366e+02
   6.0713240e+02
   6.1283279e+02
   6.1485043e+02
   6.1307600e+02
   6.0744975e+02
   5.9796549e+02
   5.8467425e+02
   5.6768734e+02
   5.4717891e+02
   5.2338779e+02
   4.9661869e+02
   4.6724261e+02
   4.3569650e+02
   4.0248208e+02
   3.6816383e+02
   3.3336618e+02
   2.9876982e+02
   2.6510726e+02
   2.3315756e+02
   2.0374035e+02
   1.7770923e+02
   1.5594449e+02
   1.3934533e+02
   1.2882168e+02
   1.2528565e+02
   1.2964274e+02
   1.4278294e+02
   1.6557182e+02
   1.9884169e+02
   2.4338303e+02
   2.9993613e+02
   3.6918331e+02
   4.5174152e+02
   5.4815569e+02
   6.5889267e+02
   7.8433608e+02
   9.2478185e+02
   1.0804348e+03
   1.2514061e+03
   1.4377117e+03
   1.6392717e+03
   1.8559104e+03
   2.0873584e+03
   2.3332539e+03
   2.5931464e+03
   2.8665007e+03
   3.1527010e+03
   3.4510571e+03
   3.7608100e+03
   4.0811385e+03
   4.4111664e+03
   4.7499699e+03
   5.0965851e+03
   5.4500161e+03
   5.8092426e+03
   6.1732281e+03
   6.5409276e+03
   6.9112956e+03
   7.2832926e+03
   7.6558934e+03
   8.0280927e+03
   8.3989122e+03
   8.7674058e+03
   9.1326653e+03
   9.4938247e+03
   9.8500649e+03
   1.0200617e+04
   1.0544764e+04
   1.0881846e+04
   1.1211260e+04
   1.1532461e+04
   1.1844963e+04
   1.2148341e+04
   1.2442228e+04
   1.2726315e+04
   1.3000351e+04
   1.3264139e+04
   1.3517539e+04
   1.3760457e+04
   1.3992854e+04
   1.4214733e+04
   1.4426141e+04
   1.4627166e+04
   1.4817932e+04
   1.4998598e+04
   1.5169353e+04
   1.5330412e+04
   1.5482014e+04
   1.5624419e+04
   1.5757905e+04
   1.5882763e+04
   1.5999295e+04
   1.6107810e+04
   1.6208625e+04
   1.6302057e+04
   1.6388423e+04
   1.6468039e+04
   1.6541216e+04
   1.6608255e+04
   1.6669452e+04
   1.6725090e+04
   1.6775440e+04
   1.6820758e+04
   1.6861285e+04
   1.6897246e+04
   1.6928848e+04
   1.6956277e+04
   1.6979700e+04
   1.6999264e+04
   1.7015095e+04
   1.7027295e+04
   1.7035946e+04
   1.7041104e+04
   1.7042805e+04
