   7.2999932e+04
   7.2979427e+04
   7.2917939e+04
   7.2815362e+04
   7.2671519e+04
   7.2486170e+04
   7.2259007e+04
   7.1989667e+04
   7.1677733e+04
   7.1322740e+04
   7.0924186e+04
   7.0481539e+04
   6.9994244e+04
   6.9461737e+04
   6.8883455e+04
   6.8258845e+04
   6.7587382e+04
   6.6868579e+04
   6.6101999e+04
   6.5287275e+04
   6.4424120e+04
   6.3512344e+04
   6.2551871e+04
   6.1542751e+04
   6.0485177e+04
   5.9379501e+04
   5.8226245e+04
   5.7026121e+04
   5.5780038e+04
   5.4489116e+04
   5.3154700e+04
   5.1778364e+04
   5.0361924e+04
   4.8907440e+04
   4.7417222e+04
   4.5893833e+04
   4.4340084e+04
   4.2759036e+04
   4.1153991e+04
   3.9528482e+04
   3.7886265e+04
   3.6231304e+04
   3.4567750e+04
   3.2899924e+04
   3.1232293e+04
   2.9569442e+04
   2.7916049e+04
   2.6276850e+04
   2.4656610e+04
   2.3060085e+04
   2.1491985e+04
   1.9956939e+04
   1.8459455e+04
   1.7003882e+04
   1.5594373e+04
   1.4234844e+04
   1.2928941e+04
   1.1680005e+04
   1.0491038e+04
   9.3646749e+03
   8.3031597e+03
   7.3083189e+03
   6.3815464e+03
   5.5237885e+03
   4.7355355e+03
   4.0168178e+03
   3.3672068e+03
   2.7858218e+03
   2.2713416e+03
   1.8220212e+03
   1.4357136e+03
   1.1098965e+03
   8.4170246e+02
   6.2795439e+02
   4.6520293e+02
   3.4976771e+02
   2.7778043e+02
   2.4522970e+02
   2.4800672e+02
   2.8195129e+02
   3.4289732e+02
   4.2671732e+02
   5.2936506e+02
   6.4691590e+02
   7.7560422e+02
   9.1185735e+02
   1.0523257e+03
   1.1939087e+03
   1.3337762e+03
   1.4693853e+03
   1.5984922e+03
   1.7191597e+03
   1.8297598e+03
   1.9289715e+03
   2.0157750e+03
   2.0894413e+03
   2.1495188e+03
   2.1958160e+03
   2.2283825e+03
   2.2474866e+03
   2.2535925e+03
   2.2473351e+03
   2.2294952e+03
   2.2009731e+03
   2.1627643e+03
   2.1159343e+03
   2.0615951e+03
   2.0008832e+03
   1.9349394e+03
   1.8648897e+03
   1.7918294e+03
   1.7168087e+03
   1.6408206e+03
   1.5647917e+03
   1.4895743e+03
   1.4159415e+03
   1.3445836e+03
   1.2761075e+03
   1.2110362e+03
   1.1498114e+03
   1.0927963e+03
   1.0402802e+03
   9.9248308e+02
   9.4956213e+02
   9.1161734e+02
   8.7869819e+02
   8.5081010e+02
   8.2792079e+02
   8.0996643e+02
   7.9685741e+02
   7.8848366e+02
   7.8471941e+02
   7.8542740e+02
   7.9046250e+02
   7.9967467e+02
   8.1291128e+02
   8.3001898e+02
   8.5084482e+02
   8.7523705e+02
   9.0304535e+02
   9.3412071e+02
   9.6831498e+02
   1.0054802e+03
   1.0454677e+03
   1.0881269e+03
   1.1333046e+03
   1.1808435e+03
   1.2305813e+03
   1.2823496e+03
   1.3359734e+03
   1.3912698e+03
   1.4480480e+03
   1.5061085e+03
   1.5652437e+03
   1.6252368e+03
   1.6858634e+03
   1.7468911e+03
   1.8080804e+03
   1.8691858e+03
   1.9299565e+03
   1.9901381e+03
   2.0494732e+03
   2.1077035e+03
   2.1645710e+03
   2.2198195e+03
   2.2731965e+03
   2.3244545e+03
   2.3733531e+03
   2.4196600e+03
   2.4631532e+03
   2.5036221e+03
   2.5408692e+03
   2.5747113e+03
   2.6049811e+03
   2.6315277e+03
   2.6542185e+03
   2.6729396e+03
   2.6875966e+03
   2.6981154e+03
   2.7044429e+03
   2.7065470e+03
   2.7044169e+03
   2.6980634e+03
   2.6875187e+03
   2.6728361e+03
   2.6540897e+03
   2.6313740e+03
   2.6048028e+03
   2.5745092e+03
   2.5406436e+03
   2.5033738e+03
   2.4628830e+03
   2.4193686e+03
   2.3730414e+03
   2.3241235e+03
   2.2728471e+03
   2.2194528e+03
   2.1641880e+03
   2.1073055e+03
   2.0490613e+03
   1.9897135e+03
   1.9295206e+03
   1.8687398e+03
   1.8076257e+03
   1.7464291e+03
   1.6853955e+03
   1.6247644e+03
   1.5647682e+03
   1.5056314e+03
   1.4475706e+03
   1.3907937e+03
   1.3354999e+03
   1.2818801e+03
   1.2301171e+03
   1.1803860e+03
   1.1328550e+03
   1.0876864e+03
   1.0450374e+03
   1.0050613e+03
   9.6790837e+02
   9.3372730e+02
   9.0266594e+02
   8.7487235e+02
   8.5049542e+02
   8.2968535e+02
   8.1259379e+02
   7.9937354e+02
   7.9017786e+02
   7.8515921e+02
   7.8446754e+02
   7.8824784e+02
   7.9663724e+02
   8.0976139e+02
   8.2773026e+02
   8.5063333e+02
   8.7853435e+02
   9.1146551e+02
   9.4942129e+02
   9.9235217e+02
   1.0401581e+03
   1.0926819e+03
   1.1497034e+03
   1.2109335e+03
   1.2760088e+03
   1.3444878e+03
   1.4158474e+03
   1.4894809e+03
   1.5646979e+03
   1.6407255e+03
   1.7167113e+03
   1.7917291e+03
   1.8647857e+03
   1.9348312e+03
   2.0007703e+03
   2.0614771e+03
   2.1158110e+03
   2.1626355e+03
   2.2008388e+03
   2.2293553e+03
   2.2471899e+03
   2.2534419e+03
   2.2473310e+03
   2.2282220e+03
   2.1956511e+03
   2.1493496e+03
   2.0892682e+03
   2.0155982e+03
   1.9287913e+03
   1.8295765e+03
   1.7189734e+03
   1.5983030e+03
   1.4691933e+03
   1.3335815e+03
   1.1937112e+03
   1.0521253e+03
   9.1165399e+02
   7.7539773e+02
   6.4670610e+02
   5.2915177e+02
   4.2650038e+02
   3.4267658e+02
   2.8172664e+02
   2.4777811e+02
   2.4499714e+02
   2.7754405e+02
   3.4952775e+02
   4.6495981e+02
   6.2770865e+02
   8.4145482e+02
   1.1096478e+03
   1.4354650e+03
   1.8217739e+03
   2.2710970e+03
   2.7855815e+03
   3.3669726e+03
   4.0165916e+03
   4.7353196e+03
   5.5235850e+03
   6.3813578e+03
   7.3081477e+03
   8.3030083e+03
   9.3645461e+03
   1.0490934e+04
   1.1679929e+04
   1.2928896e+04
   1.4234832e+04
   1.5594396e+04
   1.7003943e+04
   1.8459555e+04
   1.9957081e+04
   2.1492171e+04
   2.3060316e+04
   2.4656888e+04
   2.6277175e+04
   2.7916422e+04
   2.9569864e+04
   3.1232763e+04
   3.2900443e+04
   3.4568317e+04
   3.6231919e+04
   3.7886926e+04
   3.9529187e+04
   4.1154739e+04
   4.2759825e+04
   4.4340912e+04
   4.5894696e+04
   4.7418119e+04
   4.8908367e+04
   5.0362878e+04
   5.1779341e+04
   5.3155697e+04
   5.4490130e+04
   5.5781064e+04
   5.7027156e+04
   5.8227285e+04
   5.9380541e+04
   6.0486214e+04
   6.1543780e+04
   6.2552889e+04
   6.3513346e+04
   6.4425103e+04
   6.5288234e+04
   6.6102932e+04
   6.6869481e+04
   6.7588251e+04
   6.8259676e+04
   6.8884245e+04
   6.9462484e+04
   6.9994945e+04
   7.0482191e+04
   7.0924787e+04
   7.1323287e+04
   7.1678225e+04
   7.1990102e+04
   7.2259383e+04
   7.2486485e+04
   7.2671773e+04
   7.2815552e+04
   7.2918066e+04
   7.2979491e+04
   7.2999932e+04
