   1.5600928e+04
   1.5599331e+04
   1.5594528e+04
   1.5586500e+04
   1.5575210e+04
   1.5560612e+04
   1.5542642e+04
   1.5521226e+04
   1.5496275e+04
   1.5467688e+04
   1.5435354e+04
   1.5399148e+04
   1.5358935e+04
   1.5314572e+04
   1.5265905e+04
   1.5212770e+04
   1.5154999e+04
   1.5092416e+04
   1.5024838e+04
   1.4952080e+04
   1.4873954e+04
   1.4790268e+04
   1.4700831e+04
   1.4605455e+04
   1.4503951e+04
   1.4396135e+04
   1.4281831e+04
   1.4160867e+04
   1.4033083e+04
   1.3898327e+04
   1.3756461e+04
   1.3607360e+04
   1.3450917e+04
   1.3287041e+04
   1.3115661e+04
   1.2936726e+04
   1.2750210e+04
   1.2556109e+04
   1.2354446e+04
   1.2145271e+04
   1.1928663e+04
   1.1704731e+04
   1.1473614e+04
   1.1235483e+04
   1.0990542e+04
   1.0739028e+04
   1.0481210e+04
   1.0217392e+04
   9.9479111e+03
   9.6731371e+03
   9.3934726e+03
   9.1093518e+03
   8.8212395e+03
   8.5296301e+03
   8.2350455e+03
   7.9380334e+03
   7.6391657e+03
   7.3390354e+03
   7.0382547e+03
   6.7374520e+03
   6.4372688e+03
   6.1383567e+03
   5.8413740e+03
   5.5469825e+03
   5.2558434e+03
   4.9686142e+03
   4.6859448e+03
   4.4084736e+03
   4.1368240e+03
   3.8716006e+03
   3.6133857e+03
   3.3627357e+03
   3.1201776e+03
   2.8862063e+03
   2.6612810e+03
   2.4458230e+03
   2.2402126e+03
   2.0447875e+03
   1.8598404e+03
   1.6856179e+03
   1.5223186e+03
   1.3700929e+03
   1.2290419e+03
   1.0992177e+03
   9.8062309e+02
   8.7321257e+02
   7.7689299e+02
   6.9152488e+02
   6.1692405e+02
   5.5286345e+02
   4.9907538e+02
   4.5525395e+02
   4.2105775e+02
   3.9611278e+02
   3.8001551e+02
   3.7233615e+02
   3.7262198e+02
   3.8040078e+02
   3.9518436e+02
   4.1647199e+02
   4.4375395e+02
   4.7651494e+02
   5.1423745e+02
   5.5640502e+02
   6.0250533e+02
   6.5203322e+02
   7.0449346e+02
   7.5940334e+02
   8.1629508e+02
   8.7471799e+02
   9.3424038e+02
   9.9445130e+02
   1.0549620e+03
   1.1154070e+03
   1.1754453e+03
   1.2347608e+03
   1.2930633e+03
   1.3500882e+03
   1.4055967e+03
   1.4593762e+03
   1.5112391e+03
   1.5610230e+03
   1.6085899e+03
   1.6538252e+03
   1.6966369e+03
   1.7369546e+03
   1.7747284e+03
   1.8099277e+03
   1.8425400e+03
   1.8725695e+03
   1.9000359e+03
   1.9249731e+03
   1.9474278e+03
   1.9674581e+03
   1.9851326e+03
   2.0005284e+03
   2.0137309e+03
   2.0248316e+03
   2.0339279e+03
   2.0411212e+03
   2.0465165e+03
   2.0502213e+03
   2.0523447e+03
   2.0529966e+03
   2.0522870e+03
   2.0503254e+03
   2.0472199e+03
   2.0430773e+03
   2.0380021e+03
   2.0320962e+03
   2.0254586e+03
   2.0181854e+03
   2.0103690e+03
   2.0020983e+03
   1.9934586e+03
   1.9845312e+03
   1.9753936e+03
   1.9661193e+03
   1.9567778e+03
   1.9474349e+03
   1.9381521e+03
   1.9289875e+03
   1.9199952e+03
   1.9112257e+03
   1.9027258e+03
   1.8945390e+03
   1.8867054e+03
   1.8792617e+03
   1.8722417e+03
   1.8656760e+03
   1.8595923e+03
   1.8540157e+03
   1.8489683e+03
   1.8444697e+03
   1.8405371e+03
   1.8371851e+03
   1.8344260e+03
   1.8322697e+03
   1.8307239e+03
   1.8297941e+03
   1.8294835e+03
   1.8297933e+03
   1.8307223e+03
   1.8322673e+03
   1.8344228e+03
   1.8371811e+03
   1.8405322e+03
   1.8444638e+03
   1.8489613e+03
   1.8540076e+03
   1.8595830e+03
   1.8656653e+03
   1.8722296e+03
   1.8792481e+03
   1.8866900e+03
   1.8945219e+03
   1.9027067e+03
   1.9112045e+03
   1.9199718e+03
   1.9289616e+03
   1.9381236e+03
   1.9474036e+03
   1.9567437e+03
   1.9660820e+03
   1.9753530e+03
   1.9844872e+03
   1.9934110e+03
   2.0020469e+03
   2.0103136e+03
   2.0181259e+03
   2.0253948e+03
   2.0320280e+03
   2.0379293e+03
   2.0429999e+03
   2.0471376e+03
   2.0502381e+03
   2.0521947e+03
   2.0528992e+03
   2.0522422e+03
   2.0501136e+03
   2.0464035e+03
   2.0410030e+03
   2.0338045e+03
   2.0247031e+03
   2.0135972e+03
   2.0003897e+03
   1.9849890e+03
   1.9673098e+03
   1.9472749e+03
   1.9248158e+03
   1.8998744e+03
   1.8724040e+03
   1.8423708e+03
   1.8097552e+03
   1.7745528e+03
   1.7367763e+03
   1.6964562e+03
   1.6536425e+03
   1.6084057e+03
   1.5608375e+03
   1.5110528e+03
   1.4591895e+03
   1.4054101e+03
   1.3499021e+03
   1.2928782e+03
   1.2345771e+03
   1.1752633e+03
   1.1152273e+03
   1.0547849e+03
   9.9427729e+02
   9.3406981e+02
   8.7455121e+02
   8.1613245e+02
   7.5924517e+02
   7.0434004e+02
   6.5188481e+02
   6.0236216e+02
   5.5626729e+02
   5.1410532e+02
   4.7638852e+02
   4.4363333e+02
   4.1635722e+02
   3.9507545e+02
   3.8029772e+02
   3.7252469e+02
   3.7224453e+02
   3.7992943e+02
   3.9603207e+02
   4.2098221e+02
   4.5518335e+02
   4.9900946e+02
   5.5280193e+02
   6.1686662e+02
   6.9147122e+02
   7.7684275e+02
   8.7316541e+02
   9.8057864e+02
   1.0991756e+03
   1.2290018e+03
   1.3700543e+03
   1.5222812e+03
   1.6855813e+03
   1.8598044e+03
   2.0447516e+03
   2.2401765e+03
   2.4457864e+03
   2.6612436e+03
   2.8861678e+03
   3.1201378e+03
   3.3626943e+03
   3.6133426e+03
   3.8715555e+03
   4.1367768e+03
   4.4084241e+03
   4.6858930e+03
   4.9685600e+03
   5.2557867e+03
   5.5469232e+03
   5.8413123e+03
   6.1382925e+03
   6.4372022e+03
   6.7373830e+03
   7.0381835e+03
   7.3389620e+03
   7.6390902e+03
   7.9379561e+03
   8.2349664e+03
   8.5295494e+03
   8.8211574e+03
   9.1092684e+03
   9.3933881e+03
   9.6730518e+03
   9.9478251e+03
   1.0217306e+04
   1.0481123e+04
   1.0738941e+04
   1.0990455e+04
   1.1235397e+04
   1.1473528e+04
   1.1704645e+04
   1.1928578e+04
   1.2145187e+04
   1.2354363e+04
   1.2556027e+04
   1.2750130e+04
   1.2936648e+04
   1.3115584e+04
   1.3286966e+04
   1.3450844e+04
   1.3607289e+04
   1.3756391e+04
   1.3898259e+04
   1.4033017e+04
   1.4160804e+04
   1.4281770e+04
   1.4396076e+04
   1.4503894e+04
   1.4605401e+04
   1.4700780e+04
   1.4790218e+04
   1.4873907e+04
   1.4952036e+04
   1.5024796e+04
   1.5092376e+04
   1.5154962e+04
   1.5212735e+04
   1.5265872e+04
   1.5314542e+04
   1.5358908e+04
   1.5399122e+04
   1.5435331e+04
   1.5467667e+04
   1.5496256e+04
   1.5521210e+04
   1.5542628e+04
   1.5560601e+04
   1.5575201e+04
   1.5586493e+04
   1.5594523e+04
   1.5599328e+04
   1.5600928e+04
