   6.2969650e+04
   6.2953143e+04
   6.2903610e+04
   6.2820944e+04
   6.2704967e+04
   6.2555435e+04
   6.2372037e+04
   6.2154402e+04
   6.1902102e+04
   6.1614661e+04
   6.1291556e+04
   6.0932231e+04
   6.0536100e+04
   6.0102558e+04
   5.9630991e+04
   5.9120787e+04
   5.8571345e+04
   5.7982090e+04
   5.7352483e+04
   5.6682035e+04
   5.5970321e+04
   5.5216994e+04
   5.4421795e+04
   5.3584574e+04
   5.2705299e+04
   5.1784070e+04
   5.0821139e+04
   4.9816914e+04
   4.8771978e+04
   4.7687101e+04
   4.6563248e+04
   4.5401591e+04
   4.4203514e+04
   4.2970625e+04
   4.1704759e+04
   4.0407979e+04
   3.9082580e+04
   3.7731087e+04
   3.6356252e+04
   3.4961045e+04
   3.3548650e+04
   3.2122450e+04
   3.0686014e+04
   2.9243082e+04
   2.7797540e+04
   2.6353405e+04
   2.4914795e+04
   2.3485903e+04
   2.2070969e+04
   2.0674247e+04
   1.9299974e+04
   1.7952336e+04
   1.6635431e+04
   1.5353233e+04
   1.4109560e+04
   1.2908038e+04
   1.1752063e+04
   1.0644773e+04
   9.5890141e+03
   8.5873119e+03
   7.6418473e+03
   6.7544328e+03
   5.9264939e+03
   5.1590541e+03
   4.4527246e+03
   3.8076980e+03
   3.2237476e+03
   2.7002308e+03
   2.2360979e+03
   1.8299055e+03
   1.4798348e+03
   1.1837141e+03
   9.3904640e+02
   7.4303951e+02
   5.9264081e+02
   4.8457427e+02
   4.1538004e+02
   3.8145582e+02
   3.7909932e+02
   4.0455126e+02
   4.5403818e+02
   5.2381444e+02
   6.1020280e+02
   7.0963288e+02
   8.1867706e+02
   9.3408325e+02
   1.0528040e+03
   1.1720219e+03
   1.2891705e+03
   1.4019508e+03
   1.5083436e+03
   1.6066166e+03
   1.6953275e+03
   1.7733224e+03
   1.8397300e+03
   1.8939524e+03
   1.9356513e+03
   1.9647320e+03
   1.9813246e+03
   1.9857619e+03
   1.9785572e+03
   1.9603794e+03
   1.9320282e+03
   1.8944088e+03
   1.8485068e+03
   1.7953637e+03
   1.7360539e+03
   1.6716623e+03
   1.6032646e+03
   1.5319087e+03
   1.4585985e+03
   1.3842808e+03
   1.3098331e+03
   1.2360549e+03
   1.1636611e+03
   1.0932774e+03
   1.0254384e+03
   9.6058702e+02
   8.9907624e+02
   8.4117250e+02
   7.8706020e+02
   7.3684752e+02
   6.9057324e+02
   6.4821408e+02
   6.0969268e+02
   5.7488566e+02
   5.4363189e+02
   5.1574045e+02
   4.9099843e+02
   4.6917820e+02
   4.5004416e+02
   4.3335881e+02
   4.1888811e+02
   4.0640616e+02
   3.9569895e+02
   3.8656746e+02
   3.7882991e+02
   3.7232335e+02
   3.6690449e+02
   3.6244995e+02
   3.5885591e+02
   3.5603733e+02
   3.5392669e+02
   3.5247240e+02
   3.5163697e+02
   3.5139501e+02
   3.5173106e+02
   3.5263740e+02
   3.5411189e+02
   3.5615580e+02
   3.5877188e+02
   3.6196243e+02
   3.6572766e+02
   3.7006423e+02
   3.7496398e+02
   3.8041296e+02
   3.8639064e+02
   3.9286941e+02
   3.9981429e+02
   4.0718284e+02
   4.1492538e+02
   4.2298528e+02
   4.3129951e+02
   4.3979933e+02
   4.4841110e+02
   4.5705720e+02
   4.6565706e+02
   4.7412826e+02
   4.8238760e+02
   4.9035233e+02
   4.9794120e+02
   5.0507567e+02
   5.1168096e+02
   5.1768709e+02
   5.2302987e+02
   5.2765177e+02
   5.3150270e+02
   5.3454072e+02
   5.3673260e+02
   5.3805429e+02
   5.3849121e+02
   5.3803850e+02
   5.3670106e+02
   5.3449347e+02
   5.3143981e+02
   5.2757333e+02
   5.2293600e+02
   5.1757792e+02
   5.1155666e+02
   5.0493643e+02
   4.9778724e+02
   4.9018388e+02
   4.8220493e+02
   4.7393164e+02
   4.6544681e+02
   4.5683366e+02
   4.4817463e+02
   4.3955032e+02
   4.3103837e+02
   4.2271244e+02
   4.1464131e+02
   4.0688803e+02
   3.9950924e+02
   3.9255467e+02
   3.8606676e+02
   3.8008053e+02
   3.7462360e+02
   3.6971653e+02
   3.6537328e+02
   3.6160202e+02
   3.5840611e+02
   3.5578535e+02
   3.5373744e+02
   3.5225965e+02
   3.5135069e+02
   3.5101270e+02
   3.5125340e+02
   3.5208823e+02
   3.5354257e+02
   3.5565387e+02
   3.5847369e+02
   3.6206952e+02
   3.6652638e+02
   3.7194802e+02
   3.7845777e+02
   3.8619888e+02
   3.9533424e+02
   4.0604556e+02
   4.1853181e+02
   4.3300692e+02
   4.4969675e+02
   4.6883526e+02
   4.9065989e+02
   5.1540617e+02
   5.4330170e+02
   5.7455933e+02
   6.0936992e+02
   6.4789459e+02
   6.9025666e+02
   7.3653350e+02
   7.8674836e+02
   8.4086248e+02
   8.9876767e+02
   9.6027956e+02
   1.0251318e+03
   1.0929713e+03
   1.1633553e+03
   1.2357492e+03
   1.3095275e+03
   1.3839753e+03
   1.4582931e+03
   1.5316034e+03
   1.6029597e+03
   1.6713581e+03
   1.7357506e+03
   1.7950617e+03
   1.8482065e+03
   1.8941108e+03
   1.9317329e+03
   1.9600872e+03
   1.9782687e+03
   1.9854775e+03
   1.9810447e+03
   1.9644570e+03
   1.9353813e+03
   1.8936876e+03
   1.8394705e+03
   1.7730680e+03
   1.6950781e+03
   1.6063717e+03
   1.5081026e+03
   1.4017130e+03
   1.2889350e+03
   1.1717877e+03
   1.0525698e+03
   9.3384775e+02
   8.1843876e+02
   7.0939015e+02
   6.0995397e+02
   5.2355774e+02
   4.5377181e+02
   4.0427341e+02
   3.7880819e+02
   3.8114966e+02
   4.1505719e+02
   4.8423317e+02
   5.9228008e+02
   7.4265792e+02
   9.3864294e+02
   1.1832880e+03
   1.4793855e+03
   1.8294328e+03
   2.2356017e+03
   2.6997115e+03
   3.2232058e+03
   3.8071346e+03
   4.4521409e+03
   5.1584516e+03
   5.9258743e+03
   6.7537983e+03
   7.6412001e+03
   8.5866546e+03
   9.5883494e+03
   1.0644104e+04
   1.1751393e+04
   1.2907369e+04
   1.4108896e+04
   1.5352576e+04
   1.6634786e+04
   1.7951706e+04
   1.9299362e+04
   2.0673654e+04
   2.2070400e+04
   2.3485360e+04
   2.4914281e+04
   2.6352922e+04
   2.7797090e+04
   2.9242666e+04
   3.0685635e+04
   3.2122108e+04
   3.3548347e+04
   3.4960781e+04
   3.6356027e+04
   3.7730902e+04
   3.9082434e+04
   4.0407872e+04
   4.1704690e+04
   4.2970594e+04
   4.4203518e+04
   4.5401630e+04
   4.6563320e+04
   4.7687204e+04
   4.8772110e+04
   4.9817072e+04
   5.0821321e+04
   5.1784274e+04
   5.2705522e+04
   5.3584814e+04
   5.4422049e+04
   5.5217259e+04
   5.5970595e+04
   5.6682315e+04
   5.7352765e+04
   5.7982373e+04
   5.8571626e+04
   5.9121064e+04
   5.9631261e+04
   6.0102819e+04
   6.0536350e+04
   6.0932468e+04
   6.1291778e+04
   6.1614865e+04
   6.1902288e+04
   6.2154568e+04
   6.2372182e+04
   6.2555558e+04
   6.2705066e+04
   6.2821019e+04
   6.2903660e+04
   6.2953168e+04
   6.2969650e+04
