   2.8141337e+04
   2.8135938e+04
   2.8119767e+04
   2.8092783e+04
   2.8054924e+04
   2.8006099e+04
   2.7946194e+04
   2.7875074e+04
   2.7792579e+04
   2.7698528e+04
   2.7592723e+04
   2.7474948e+04
   2.7344970e+04
   2.7202543e+04
   2.7047414e+04
   2.6879316e+04
   2.6697980e+04
   2.6503136e+04
   2.6294512e+04
   2.6071840e+04
   2.5834864e+04
   2.5583335e+04
   2.5317021e+04
   2.5035711e+04
   2.4739214e+04
   2.4427370e+04
   2.4100048e+04
   2.3757156e+04
   2.3398639e+04
   2.3024488e+04
   2.2634744e+04
   2.2229497e+04
   2.1808897e+04
   2.1373151e+04
   2.0922531e+04
   2.0457375e+04
   1.9978090e+04
   1.9485156e+04
   1.8979124e+04
   1.8460621e+04
   1.7930352e+04
   1.7389095e+04
   1.6837706e+04
   1.6277115e+04
   1.5708326e+04
   1.5132414e+04
   1.4550523e+04
   1.3963860e+04
   1.3373693e+04
   1.2781344e+04
   1.2188185e+04
   1.1595629e+04
   1.1005123e+04
   1.0418143e+04
   9.8361814e+03
   9.2607394e+03
   8.6933183e+03
   8.1354086e+03
   7.5884799e+03
   7.0539705e+03
   6.5332766e+03
   6.0277421e+03
   5.5386476e+03
   5.0672007e+03
   4.6145260e+03
   4.1816554e+03
   3.7695199e+03
   3.3789408e+03
   3.0106231e+03
   2.6651486e+03
   2.3429709e+03
   2.0444111e+03
   1.7696547e+03
   1.5187495e+03
   1.2916056e+03
   1.0879957e+03
   9.0755703e+02
   7.4979527e+02
   6.1408866e+02
   4.9969418e+02
   4.0575454e+02
   3.3130646e+02
   2.7528989e+02
   2.3655821e+02
   2.1388924e+02
   2.0599692e+02
   2.1154359e+02
   2.2915260e+02
   2.5742127e+02
   2.9493386e+02
   3.4027461e+02
   3.9204042e+02
   4.4885333e+02
   5.0937241e+02
   5.7230503e+02
   6.3641745e+02
   7.0054441e+02
   7.6359788e+02
   8.2457466e+02
   8.8256293e+02
   9.3674757e+02
   9.8641433e+02
   1.0309527e+03
   1.0698576e+03
   1.1027297e+03
   1.1292752e+03
   1.1493033e+03
   1.1627238e+03
   1.1695429e+03
   1.1698584e+03
   1.1638542e+03
   1.1517939e+03
   1.1340135e+03
   1.1109144e+03
   1.0829553e+03
   1.0506437e+03
   1.0145283e+03
   9.7519002e+02
   9.3323404e+02
   8.8928145e+02
   8.4396140e+02
   7.9790347e+02
   7.5173046e+02
   7.0605165e+02
   6.6145655e+02
   6.1850920e+02
   5.7774315e+02
   5.3965696e+02
   5.0471035e+02
   4.7332107e+02
   4.4586230e+02
   4.2266073e+02
   4.0399526e+02
   3.9009625e+02
   3.8114530e+02
   3.7727564e+02
   3.7857287e+02
   3.8507621e+02
   3.9678015e+02
   4.1363634e+02
   4.3555592e+02
   4.6241195e+02
   4.9404217e+02
   5.3025180e+02
   5.7081654e+02
   6.1548561e+02
   6.6398479e+02
   7.1601954e+02
   7.7127797e+02
   8.2943391e+02
   8.9014971e+02
   9.5307906e+02
   1.0178697e+03
   1.0841657e+03
   1.1516103e+03
   1.2198476e+03
   1.2885248e+03
   1.3572941e+03
   1.4258144e+03
   1.4937527e+03
   1.5607857e+03
   1.6266007e+03
   1.6908967e+03
   1.7533857e+03
   1.8137929e+03
   1.8718578e+03
   1.9273342e+03
   1.9799914e+03
   2.0296139e+03
   2.0760017e+03
   2.1189709e+03
   2.1583535e+03
   2.1939974e+03
   2.2257668e+03
   2.2535418e+03
   2.2772187e+03
   2.2967098e+03
   2.3119435e+03
   2.3228639e+03
   2.3294313e+03
   2.3316220e+03
   2.3294280e+03
   2.3228571e+03
   2.3119334e+03
   2.2966966e+03
   2.2772023e+03
   2.2535223e+03
   2.2257444e+03
   2.1939722e+03
   2.1583256e+03
   2.1189406e+03
   2.0759691e+03
   2.0295792e+03
   1.9799550e+03
   1.9272962e+03
   1.8718184e+03
   1.8137524e+03
   1.7533444e+03
   1.6908548e+03
   1.6265585e+03
   1.5607435e+03
   1.4937108e+03
   1.4257730e+03
   1.3572535e+03
   1.2884852e+03
   1.2198094e+03
   1.1515737e+03
   1.0841309e+03
   1.0178369e+03
   9.5304861e+02
   8.9012175e+02
   8.2940863e+02
   7.7125554e+02
   7.1600011e+02
   6.6396851e+02
   6.1547259e+02
   5.7080688e+02
   5.3024557e+02
   4.9403942e+02
   4.6241272e+02
   4.3556022e+02
   4.1364416e+02
   3.9679146e+02
   3.8509096e+02
   3.7859097e+02
   3.7729701e+02
   3.8116982e+02
   3.9012379e+02
   4.0402568e+02
   4.2269385e+02
   4.4589795e+02
   4.7335905e+02
   5.0475045e+02
   5.3969896e+02
   5.7778683e+02
   6.1855431e+02
   6.6150285e+02
   7.0609891e+02
   7.5177841e+02
   7.9795185e+02
   8.4400996e+02
   8.8932993e+02
   9.3328219e+02
   9.7523760e+02
   1.0145750e+03
   1.0506894e+03
   1.0829997e+03
   1.1109573e+03
   1.1340547e+03
   1.1518331e+03
   1.1638914e+03
   1.1698933e+03
   1.1695754e+03
   1.1627539e+03
   1.1493308e+03
   1.1293000e+03
   1.1027519e+03
   1.0698770e+03
   1.0309694e+03
   9.8642844e+02
   9.3675915e+02
   8.8257212e+02
   8.2458164e+02
   7.6360288e+02
   7.0054771e+02
   6.3641936e+02
   5.7230593e+02
   5.0937271e+02
   4.4885352e+02
   3.9204103e+02
   3.4027622e+02
   2.9493711e+02
   2.5742685e+02
   2.2916126e+02
   2.1155613e+02
   2.0601419e+02
   2.1391212e+02
   2.3658765e+02
   2.7532686e+02
   3.3135197e+02
   4.0580964e+02
   4.9975992e+02
   6.1416613e+02
   7.4988556e+02
   9.0766125e+02
   1.0881149e+03
   1.2917410e+03
   1.5189020e+03
   1.7698254e+03
   2.0446011e+03
   2.3431811e+03
   2.6653799e+03
   3.0108764e+03
   3.3792170e+03
   3.7698196e+03
   4.1819793e+03
   4.6148746e+03
   5.0675746e+03
   5.5390471e+03
   6.0281675e+03
   6.5337281e+03
   7.0544481e+03
   7.5889837e+03
   8.1359383e+03
   8.6938737e+03
   9.2613202e+03
   9.8367871e+03
   1.0418773e+04
   1.1005777e+04
   1.1596305e+04
   1.2188883e+04
   1.2782063e+04
   1.3374431e+04
   1.3964617e+04
   1.4551297e+04
   1.5133204e+04
   1.5709131e+04
   1.6277933e+04
   1.6838535e+04
   1.7389934e+04
   1.7931199e+04
   1.8461475e+04
   1.8979982e+04
   1.9486017e+04
   1.9978953e+04
   2.0458237e+04
   2.0923391e+04
   2.1374007e+04
   2.1809748e+04
   2.2230341e+04
   2.2635578e+04
   2.3025312e+04
   2.3399450e+04
   2.3757953e+04
   2.4100830e+04
   2.4428134e+04
   2.4739960e+04
   2.5036436e+04
   2.5317725e+04
   2.5584016e+04
   2.5835521e+04
   2.6072472e+04
   2.6295117e+04
   2.6503714e+04
   2.6698530e+04
   2.6879835e+04
   2.7047903e+04
   2.7203001e+04
   2.7345395e+04
   2.7475341e+04
   2.7593083e+04
   2.7698853e+04
   2.7792869e+04
   2.7875329e+04
   2.7946414e+04
   2.8006282e+04
   2.8055071e+04
   2.8092894e+04
   2.8119841e+04
   2.8135975e+04
   2.8141337e+04
