   1.2269970e-03
   1.2269979e-03
   1.2270005e-03
   1.2270050e-03
   1.2270112e-03
   1.2270191e-03
   1.2270288e-03
   1.2270402e-03
   1.2270533e-03
   1.2270680e-03
   1.2270844e-03
   1.2271024e-03
   1.2271219e-03
   1.2271430e-03
   1.2271655e-03
   1.2271895e-03
   1.2272148e-03
   1.2272414e-03
   1.2272693e-03
   1.2272984e-03
   1.2273286e-03
   1.2273599e-03
   1.2273921e-03
   1.2274253e-03
   1.2274594e-03
   1.2274942e-03
   1.2275297e-03
   1.2275658e-03
   1.2276024e-03
   1.2276394e-03
   1.2276768e-03
   1.2277145e-03
   1.2277523e-03
   1.2277902e-03
   1.2278281e-03
   1.2278658e-03
   1.2279033e-03
   1.2279405e-03
   1.2279773e-03
   1.2280135e-03
   1.2280492e-03
   1.2280841e-03
   1.2281182e-03
   1.2281514e-03
   1.2281835e-03
   1.2282145e-03
   1.2282443e-03
   1.2282728e-03
   1.2282998e-03
   1.2283253e-03
   1.2283491e-03
   1.2283712e-03
   1.2283915e-03
   1.2284099e-03
   1.2284262e-03
   1.2284405e-03
   1.2284525e-03
   1.2284622e-03
   1.2284696e-03
   1.2284745e-03
   1.2284768e-03
   1.2284765e-03
   1.2284735e-03
   1.2284677e-03
   1.2284591e-03
   1.2284475e-03
   1.2284329e-03
   1.2284152e-03
   1.2283944e-03
   1.2283704e-03
   1.2283432e-03
   1.2283127e-03
   1.2282789e-03
   1.2282416e-03
   1.2282009e-03
   1.2281568e-03
   1.2281092e-03
   1.2280580e-03
   1.2280033e-03
   1.2279450e-03
   1.2278831e-03
   1.2278176e-03
   1.2277484e-03
   1.2276757e-03
   1.2275993e-03
   1.2275193e-03
   1.2274357e-03
   1.2273485e-03
   1.2272577e-03
   1.2271633e-03
   1.2270654e-03
   1.2269640e-03
   1.2268591e-03
   1.2267507e-03
   1.2266390e-03
   1.2265239e-03
   1.2264055e-03
   1.2262838e-03
   1.2261590e-03
   1.2260310e-03
   1.2259000e-03
   1.2257659e-03
   1.2256290e-03
   1.2254892e-03
   1.2253467e-03
   1.2252015e-03
   1.2250537e-03
   1.2249034e-03
   1.2247507e-03
   1.2245958e-03
   1.2244386e-03
   1.2242794e-03
   1.2241182e-03
   1.2239552e-03
   1.2237904e-03
   1.2236239e-03
   1.2234560e-03
   1.2232867e-03
   1.2231161e-03
   1.2229444e-03
   1.2227717e-03
   1.2225982e-03
   1.2224239e-03
   1.2222490e-03
   1.2220736e-03
   1.2218980e-03
   1.2217221e-03
   1.2215462e-03
   1.2213704e-03
   1.2211948e-03
   1.2210196e-03
   1.2208449e-03
   1.2206709e-03
   1.2204978e-03
   1.2203255e-03
   1.2201544e-03
   1.2199845e-03
   1.2198160e-03
   1.2196490e-03
   1.2194838e-03
   1.2193203e-03
   1.2191587e-03
   1.2189993e-03
   1.2188421e-03
   1.2186872e-03
   1.2185349e-03
   1.2183851e-03
   1.2182382e-03
   1.2180941e-03
   1.2179530e-03
   1.2178151e-03
   1.2176804e-03
   1.2175491e-03
   1.2174213e-03
   1.2172971e-03
   1.2171766e-03
   1.2170600e-03
   1.2169472e-03
   1.2168385e-03
   1.2167339e-03
   1.2166336e-03
   1.2165375e-03
   1.2164459e-03
   1.2163587e-03
   1.2162760e-03
   1.2161980e-03
   1.2161247e-03
   1.2160562e-03
   1.2159924e-03
   1.2159336e-03
   1.2158797e-03
   1.2158308e-03
   1.2157869e-03
   1.2157481e-03
   1.2157144e-03
   1.2156858e-03
   1.2156624e-03
   1.2156441e-03
   1.2156311e-03
   1.2156232e-03
   1.2156206e-03
   1.2156232e-03
   1.2156310e-03
   1.2156441e-03
   1.2156623e-03
   1.2156857e-03
   1.2157143e-03
   1.2157480e-03
   1.2157868e-03
   1.2158307e-03
   1.2158796e-03
   1.2159335e-03
   1.2159923e-03
   1.2160560e-03
   1.2161245e-03
   1.2161978e-03
   1.2162758e-03
   1.2163585e-03
   1.2164456e-03
   1.2165373e-03
   1.2166333e-03
   1.2167337e-03
   1.2168383e-03
   1.2169470e-03
   1.2170597e-03
   1.2171763e-03
   1.2172968e-03
   1.2174210e-03
   1.2175488e-03
   1.2176801e-03
   1.2178148e-03
   1.2179527e-03
   1.2180937e-03
   1.2182378e-03
   1.2183848e-03
   1.2185345e-03
   1.2186869e-03
   1.2188417e-03
   1.2189989e-03
   1.2191584e-03
   1.2193199e-03
   1.2194834e-03
   1.2196487e-03
   1.2198157e-03
   1.2199842e-03
   1.2201541e-03
   1.2203252e-03
   1.2204974e-03
   1.2206706e-03
   1.2208446e-03
   1.2210193e-03
   1.2211945e-03
   1.2213701e-03
   1.2215459e-03
   1.2217218e-03
   1.2218977e-03
   1.2220734e-03
   1.2222487e-03
   1.2224236e-03
   1.2225979e-03
   1.2227715e-03
   1.2229442e-03
   1.2231159e-03
   1.2232865e-03
   1.2234558e-03
   1.2236238e-03
   1.2237902e-03
   1.2239550e-03
   1.2241181e-03
   1.2242793e-03
   1.2244385e-03
   1.2245957e-03
   1.2247507e-03
   1.2249034e-03
   1.2250537e-03
   1.2252015e-03
   1.2253467e-03
   1.2254892e-03
   1.2256290e-03
   1.2257660e-03
   1.2259001e-03
   1.2260311e-03
   1.2261591e-03
   1.2262840e-03
   1.2264056e-03
   1.2265241e-03
   1.2266392e-03
   1.2267509e-03
   1.2268593e-03
   1.2269642e-03
   1.2270657e-03
   1.2271636e-03
   1.2272580e-03
   1.2273488e-03
   1.2274360e-03
   1.2275197e-03
   1.2275997e-03
   1.2276761e-03
   1.2277488e-03
   1.2278180e-03
   1.2278835e-03
   1.2279454e-03
   1.2280037e-03
   1.2280585e-03
   1.2281097e-03
   1.2281573e-03
   1.2282015e-03
   1.2282421e-03
   1.2282794e-03
   1.2283133e-03
   1.2283438e-03
   1.2283710e-03
   1.2283950e-03
   1.2284158e-03
   1.2284335e-03
   1.2284481e-03
   1.2284597e-03
   1.2284684e-03
   1.2284742e-03
   1.2284772e-03
   1.2284775e-03
   1.2284752e-03
   1.2284703e-03
   1.2284629e-03
   1.2284532e-03
   1.2284412e-03
   1.2284269e-03
   1.2284106e-03
   1.2283922e-03
   1.2283719e-03
   1.2283498e-03
   1.2283260e-03
   1.2283005e-03
   1.2282735e-03
   1.2282450e-03
   1.2282152e-03
   1.2281842e-03
   1.2281521e-03
   1.2281189e-03
   1.2280848e-03
   1.2280499e-03
   1.2280142e-03
   1.2279779e-03
   1.2279412e-03
   1.2279039e-03
   1.2278664e-03
   1.2278287e-03
   1.2277908e-03
   1.2277529e-03
   1.2277151e-03
   1.2276774e-03
   1.2276400e-03
   1.2276029e-03
   1.2275663e-03
   1.2275302e-03
   1.2274947e-03
   1.2274599e-03
   1.2274258e-03
   1.2273926e-03
   1.2273603e-03
   1.2273290e-03
   1.2272988e-03
   1.2272697e-03
   1.2272418e-03
   1.2272151e-03
   1.2271898e-03
   1.2271658e-03
   1.2271433e-03
   1.2271222e-03
   1.2271026e-03
   1.2270846e-03
   1.2270682e-03
   1.2270535e-03
   1.2270403e-03
   1.2270289e-03
   1.2270192e-03
   1.2270112e-03
   1.2270050e-03
   1.2270006e-03
   1.2269979e-03
   1.2269970e-03
