   2.3079156e+04
   2.3076657e+04
   2.3069146e+04
   2.3056571e+04
   2.3038852e+04
   2.3015874e+04
   2.2987489e+04
   2.2953521e+04
   2.2913761e+04
   2.2867972e+04
   2.2815890e+04
   2.2757222e+04
   2.2691652e+04
   2.2618842e+04
   2.2538430e+04
   2.2450036e+04
   2.2353266e+04
   2.2247709e+04
   2.2132944e+04
   2.2008542e+04
   2.1874071e+04
   2.1729095e+04
   2.1573182e+04
   2.1405906e+04
   2.1226852e+04
   2.1035618e+04
   2.0831822e+04
   2.0615106e+04
   2.0385138e+04
   2.0141621e+04
   1.9884294e+04
   1.9612939e+04
   1.9327384e+04
   1.9027509e+04
   1.8713249e+04
   1.8384602e+04
   1.8041627e+04
   1.7684455e+04
   1.7313285e+04
   1.6928394e+04
   1.6530135e+04
   1.6118942e+04
   1.5695329e+04
   1.5259894e+04
   1.4813316e+04
   1.4356359e+04
   1.3889866e+04
   1.3414761e+04
   1.2932046e+04
   1.2442793e+04
   1.1948146e+04
   1.1449312e+04
   1.0947557e+04
   1.0444197e+04
   9.9405926e+03
   9.4381393e+03
   8.9382599e+03
   8.4423940e+03
   7.9519886e+03
   7.4684873e+03
   6.9933198e+03
   6.5278909e+03
   6.0735691e+03
   5.6316764e+03
   5.2034763e+03
   4.7901643e+03
   4.3928569e+03
   4.0125827e+03
   3.6502727e+03
   3.3067526e+03
   2.9827355e+03
   2.6788156e+03
   2.3954630e+03
   2.1330199e+03
   1.8916977e+03
   1.6715757e+03
   1.4726011e+03
   1.2945902e+03
   1.1372311e+03
   1.0000872e+03
   8.8260319e+02
   7.8411066e+02
   7.0383610e+02
   6.4090935e+02
   5.9437306e+02
   5.6319299e+02
   5.4626903e+02
   5.4244659e+02
   5.5052853e+02
   5.6928717e+02
   5.9747644e+02
   6.3384393e+02
   6.7714264e+02
   7.2614242e+02
   7.7964079e+02
   8.3647323e+02
   8.9552256e+02
   9.5572758e+02
   1.0160907e+03
   1.0756844e+03
   1.1336572e+03
   1.1892377e+03
   1.2417380e+03
   1.2905560e+03
   1.3351766e+03
   1.3751716e+03
   1.4101988e+03
   1.4400002e+03
   1.4643990e+03
   1.4832963e+03
   1.4966666e+03
   1.5045529e+03
   1.5070615e+03
   1.5043557e+03
   1.4966504e+03
   1.4842052e+03
   1.4673180e+03
   1.4463188e+03
   1.4215633e+03
   1.3934264e+03
   1.3622965e+03
   1.3285696e+03
   1.2926441e+03
   1.2549158e+03
   1.2157732e+03
   1.1755939e+03
   1.1347404e+03
   1.0935575e+03
   1.0523693e+03
   1.0114775e+03
   9.7115951e+02
   9.3166703e+02
   8.9322566e+02
   8.5603433e+02
   8.2026533e+02
   7.8606459e+02
   7.5355238e+02
   7.2282412e+02
   6.9395154e+02
   6.6698395e+02
   6.4194968e+02
   6.1885766e+02
   5.9769903e+02
   5.7844888e+02
   5.6106791e+02
   5.4550418e+02
   5.3169482e+02
   5.1956761e+02
   5.0904262e+02
   5.0003370e+02
   4.9244988e+02
   4.8619671e+02
   4.8117748e+02
   4.7729432e+02
   4.7444923e+02
   4.7254491e+02
   4.7148563e+02
   4.7117783e+02
   4.7153076e+02
   4.7245691e+02
   4.7387246e+02
   4.7569754e+02
   4.7785650e+02
   4.8027804e+02
   4.8289535e+02
   4.8564614e+02
   4.8847264e+02
   4.9132160e+02
   4.9414416e+02
   4.9689583e+02
   4.9953632e+02
   5.0202944e+02
   5.0434299e+02
   5.0644859e+02
   5.0832156e+02
   5.0994081e+02
   5.1128869e+02
   5.1235094e+02
   5.1311654e+02
   5.1357769e+02
   5.1372972e+02
   5.1357109e+02
   5.1310336e+02
   5.1233120e+02
   5.1126244e+02
   5.0990810e+02
   5.0828246e+02
   5.0640319e+02
   5.0429138e+02
   5.0197173e+02
   4.9947262e+02
   4.9682629e+02
   4.9406892e+02
   4.9124080e+02
   4.8838646e+02
   4.8555474e+02
   4.8279892e+02
   4.8017677e+02
   4.7775058e+02
   4.7558718e+02
   4.7375786e+02
   4.7233828e+02
   4.7140832e+02
   4.7105179e+02
   4.7135620e+02
   4.7241231e+02
   4.7431366e+02
   4.7715600e+02
   4.8103660e+02
   4.8605348e+02
   4.9230449e+02
   4.9988633e+02
   5.0889345e+02
   5.1941680e+02
   5.3154252e+02
   5.4535054e+02
   5.6091305e+02
   5.7829292e+02
   5.9754209e+02
   6.1869982e+02
   6.4179103e+02
   6.6682455e+02
   6.9379145e+02
   7.2266338e+02
   7.5339102e+02
   7.8590263e+02
   8.2010278e+02
   8.5587120e+02
   8.9306193e+02
   9.3150269e+02
   9.7099455e+02
   1.0113119e+03
   1.0522030e+03
   1.0933905e+03
   1.1345727e+03
   1.1754254e+03
   1.2156040e+03
   1.2547457e+03
   1.2924732e+03
   1.3283979e+03
   1.3621239e+03
   1.3932530e+03
   1.4213890e+03
   1.4461436e+03
   1.4671419e+03
   1.4840282e+03
   1.4964726e+03
   1.5041770e+03
   1.5068818e+03
   1.5043724e+03
   1.4964851e+03
   1.4831138e+03
   1.4642155e+03
   1.4398155e+03
   1.4100129e+03
   1.3749844e+03
   1.3349880e+03
   1.2903659e+03
   1.2415461e+03
   1.1890439e+03
   1.1334612e+03
   1.0754860e+03
   1.0158895e+03
   9.5552331e+02
   8.9531490e+02
   8.3626180e+02
   7.7942521e+02
   7.2592228e+02
   6.7691753e+02
   6.3361342e+02
   5.9724009e+02
   5.6904455e+02
   5.5027922e+02
   5.4219018e+02
   5.4600511e+02
   5.6292119e+02
   5.9409304e+02
   6.4062081e+02
   7.0353878e+02
   7.8380434e+02
   8.8228771e+02
   9.9976250e+02
   1.1368970e+03
   1.2942470e+03
   1.4722487e+03
   1.6712143e+03
   1.8913275e+03
   2.1326413e+03
   2.3950765e+03
   2.6784215e+03
   2.9823344e+03
   3.3063451e+03
   3.6498595e+03
   4.0121645e+03
   4.3924346e+03
   4.7897385e+03
   5.2030481e+03
   5.6312466e+03
   6.0731389e+03
   6.5274610e+03
   6.9928913e+03
   7.4680612e+03
   7.9515658e+03
   8.4419756e+03
   8.9378468e+03
   9.4377325e+03
   9.9401930e+03
   1.0443806e+04
   1.0947175e+04
   1.1448939e+04
   1.1947783e+04
   1.2442441e+04
   1.2931706e+04
   1.3414434e+04
   1.3889551e+04
   1.4356057e+04
   1.4813027e+04
   1.5259618e+04
   1.5695068e+04
   1.6118695e+04
   1.6529902e+04
   1.6928175e+04
   1.7313080e+04
   1.7684263e+04
   1.8041449e+04
   1.8384437e+04
   1.8713097e+04
   1.9027369e+04
   1.9327257e+04
   1.9612824e+04
   1.9884191e+04
   2.0141528e+04
   2.0385056e+04
   2.0615033e+04
   2.0831759e+04
   2.1035563e+04
   2.1226805e+04
   2.1405867e+04
   2.1573149e+04
   2.1729068e+04
   2.1874050e+04
   2.2008526e+04
   2.2132932e+04
   2.2247701e+04
   2.2353262e+04
   2.2450035e+04
   2.2538431e+04
   2.2618845e+04
   2.2691657e+04
   2.2757228e+04
   2.2815896e+04
   2.2867979e+04
   2.2913768e+04
   2.2953528e+04
   2.2987496e+04
   2.3015879e+04
   2.3038857e+04
   2.3056575e+04
   2.3069148e+04
   2.3076658e+04
   2.3079156e+04
