   2.0983494e-04
   2.0983483e-04
   2.0983453e-04
   2.0983407e-04
   2.0983342e-04
   2.0983260e-04
   2.0983160e-04
   2.0983041e-04
   2.0982903e-04
   2.0982747e-04
   2.0982571e-04
   2.0982376e-04
   2.0982160e-04
   2.0981923e-04
   2.0981664e-04
   2.0981384e-04
   2.0981080e-04
   2.0980754e-04
   2.0980403e-04
   2.0980027e-04
   2.0979625e-04
   2.0979197e-04
   2.0978741e-04
   2.0978257e-04
   2.0977743e-04
   2.0977199e-04
   2.0976624e-04
   2.0976016e-04
   2.0975375e-04
   2.0974699e-04
   2.0973988e-04
   2.0973240e-04
   2.0972454e-04
   2.0971630e-04
   2.0970765e-04
   2.0969859e-04
   2.0968911e-04
   2.0967919e-04
   2.0966882e-04
   2.0965800e-04
   2.0964670e-04
   2.0963493e-04
   2.0962266e-04
   2.0960988e-04
   2.0959659e-04
   2.0958276e-04
   2.0956840e-04
   2.0955349e-04
   2.0953802e-04
   2.0952198e-04
   2.0950536e-04
   2.0948814e-04
   2.0947032e-04
   2.0945189e-04
   2.0943285e-04
   2.0941317e-04
   2.0939285e-04
   2.0937189e-04
   2.0935028e-04
   2.0932801e-04
   2.0930506e-04
   2.0928145e-04
   2.0925716e-04
   2.0923218e-04
   2.0920651e-04
   2.0918015e-04
   2.0915309e-04
   2.0912533e-04
   2.0909687e-04
   2.0906770e-04
   2.0903783e-04
   2.0900725e-04
   2.0897596e-04
   2.0894397e-04
   2.0891126e-04
   2.0887786e-04
   2.0884375e-04
   2.0880895e-04
   2.0877345e-04
   2.0873726e-04
   2.0870039e-04
   2.0866284e-04
   2.0862462e-04
   2.0858573e-04
   2.0854619e-04
   2.0850600e-04
   2.0846518e-04
   2.0842372e-04
   2.0838165e-04
   2.0833898e-04
   2.0829571e-04
   2.0825187e-04
   2.0820746e-04
   2.0816250e-04
   2.0811701e-04
   2.0807100e-04
   2.0802448e-04
   2.0797748e-04
   2.0793002e-04
   2.0788210e-04
   2.0783376e-04
   2.0778501e-04
   2.0773587e-04
   2.0768636e-04
   2.0763651e-04
   2.0758634e-04
   2.0753586e-04
   2.0748511e-04
   2.0743411e-04
   2.0738288e-04
   2.0733144e-04
   2.0727983e-04
   2.0722806e-04
   2.0717617e-04
   2.0712419e-04
   2.0707212e-04
   2.0702002e-04
   2.0696790e-04
   2.0691579e-04
   2.0686372e-04
   2.0681171e-04
   2.0675981e-04
   2.0670803e-04
   2.0665641e-04
   2.0660497e-04
   2.0655375e-04
   2.0650277e-04
   2.0645207e-04
   2.0640167e-04
   2.0635160e-04
   2.0630190e-04
   2.0625259e-04
   2.0620371e-04
   2.0615528e-04
   2.0610733e-04
   2.0605990e-04
   2.0601300e-04
   2.0596668e-04
   2.0592096e-04
   2.0587587e-04
   2.0583144e-04
   2.0578769e-04
   2.0574465e-04
   2.0570236e-04
   2.0566084e-04
   2.0562011e-04
   2.0558020e-04
   2.0554114e-04
   2.0550295e-04
   2.0546567e-04
   2.0542930e-04
   2.0539388e-04
   2.0535943e-04
   2.0532598e-04
   2.0529354e-04
   2.0526213e-04
   2.0523179e-04
   2.0520252e-04
   2.0517435e-04
   2.0514730e-04
   2.0512138e-04
   2.0509661e-04
   2.0507302e-04
   2.0505060e-04
   2.0502939e-04
   2.0500940e-04
   2.0499063e-04
   2.0497310e-04
   2.0495683e-04
   2.0494182e-04
   2.0492809e-04
   2.0491564e-04
   2.0490448e-04
   2.0489462e-04
   2.0488607e-04
   2.0487884e-04
   2.0487292e-04
   2.0486832e-04
   2.0486505e-04
   2.0486310e-04
   2.0486249e-04
   2.0486320e-04
   2.0486524e-04
   2.0486861e-04
   2.0487330e-04
   2.0487932e-04
   2.0488665e-04
   2.0489530e-04
   2.0490525e-04
   2.0491650e-04
   2.0492905e-04
   2.0494288e-04
   2.0495798e-04
   2.0497435e-04
   2.0499197e-04
   2.0501083e-04
   2.0503091e-04
   2.0505222e-04
   2.0507472e-04
   2.0509840e-04
   2.0512326e-04
   2.0514926e-04
   2.0517640e-04
   2.0520466e-04
   2.0523401e-04
   2.0526444e-04
   2.0529593e-04
   2.0532845e-04
   2.0536199e-04
   2.0539651e-04
   2.0543201e-04
   2.0546845e-04
   2.0550582e-04
   2.0554408e-04
   2.0558321e-04
   2.0562319e-04
   2.0566399e-04
   2.0570558e-04
   2.0574794e-04
   2.0579104e-04
   2.0583486e-04
   2.0587935e-04
   2.0592451e-04
   2.0597029e-04
   2.0601667e-04
   2.0606361e-04
   2.0611110e-04
   2.0615911e-04
   2.0620759e-04
   2.0625652e-04
   2.0630588e-04
   2.0635563e-04
   2.0640574e-04
   2.0645618e-04
   2.0650693e-04
   2.0655794e-04
   2.0660920e-04
   2.0666068e-04
   2.0671234e-04
   2.0676415e-04
   2.0681608e-04
   2.0686812e-04
   2.0692021e-04
   2.0697235e-04
   2.0702450e-04
   2.0707663e-04
   2.0712871e-04
   2.0718071e-04
   2.0723262e-04
   2.0728440e-04
   2.0733603e-04
   2.0738748e-04
   2.0743872e-04
   2.0748973e-04
   2.0754049e-04
   2.0759097e-04
   2.0764115e-04
   2.0769100e-04
   2.0774051e-04
   2.0778964e-04
   2.0783839e-04
   2.0788673e-04
   2.0793464e-04
   2.0798210e-04
   2.0802909e-04
   2.0807559e-04
   2.0812159e-04
   2.0816707e-04
   2.0821201e-04
   2.0825641e-04
   2.0830023e-04
   2.0834348e-04
   2.0838613e-04
   2.0842818e-04
   2.0846961e-04
   2.0851041e-04
   2.0855057e-04
   2.0859009e-04
   2.0862895e-04
   2.0866714e-04
   2.0870466e-04
   2.0874150e-04
   2.0877765e-04
   2.0881312e-04
   2.0884789e-04
   2.0888195e-04
   2.0891532e-04
   2.0894798e-04
   2.0897994e-04
   2.0901119e-04
   2.0904173e-04
   2.0907156e-04
   2.0910068e-04
   2.0912910e-04
   2.0915682e-04
   2.0918383e-04
   2.0921014e-04
   2.0923577e-04
   2.0926070e-04
   2.0928494e-04
   2.0930851e-04
   2.0933140e-04
   2.0935362e-04
   2.0937519e-04
   2.0939609e-04
   2.0941636e-04
   2.0943598e-04
   2.0945498e-04
   2.0947335e-04
   2.0949112e-04
   2.0950828e-04
   2.0952485e-04
   2.0954084e-04
   2.0955625e-04
   2.0957111e-04
   2.0958541e-04
   2.0959918e-04
   2.0961242e-04
   2.0962514e-04
   2.0963735e-04
   2.0964907e-04
   2.0966031e-04
   2.0967107e-04
   2.0968138e-04
   2.0969124e-04
   2.0970067e-04
   2.0970967e-04
   2.0971826e-04
   2.0972644e-04
   2.0973424e-04
   2.0974166e-04
   2.0974872e-04
   2.0975541e-04
   2.0976177e-04
   2.0976779e-04
   2.0977348e-04
   2.0977886e-04
   2.0978394e-04
   2.0978872e-04
   2.0979322e-04
   2.0979744e-04
   2.0980140e-04
   2.0980510e-04
   2.0980855e-04
   2.0981176e-04
   2.0981473e-04
   2.0981748e-04
   2.0982000e-04
   2.0982231e-04
   2.0982441e-04
   2.0982631e-04
   2.0982801e-04
   2.0982951e-04
   2.0983083e-04
   2.0983195e-04
   2.0983290e-04
   2.0983366e-04
   2.0983425e-04
   2.0983465e-04
   2.0983489e-04
   2.0983494e-04
