   3.4851353e+03
   3.4853254e+03
   3.4858916e+03
   3.4868264e+03
   3.4881180e+03
   3.4897492e+03
   3.4916983e+03
   3.4939388e+03
   3.4964393e+03
   3.4991638e+03
   3.5020713e+03
   3.5051165e+03
   3.5082491e+03
   3.5114147e+03
   3.5145540e+03
   3.5176035e+03
   3.5204955e+03
   3.5231582e+03
   3.5255157e+03
   3.5274883e+03
   3.5289929e+03
   3.5299427e+03
   3.5302481e+03
   3.5298164e+03
   3.5285527e+03
   3.5263596e+03
   3.5231381e+03
   3.5187878e+03
   3.5132072e+03
   3.5062948e+03
   3.4979486e+03
   3.4880676e+03
   3.4765519e+03
   3.4633034e+03
   3.4482265e+03
   3.4312288e+03
   3.4122215e+03
   3.3911205e+03
   3.3678469e+03
   3.3423279e+03
   3.3144972e+03
   3.2842960e+03
   3.2516740e+03
   3.2165893e+03
   3.1790099e+03
   3.1389140e+03
   3.0962906e+03
   3.0511402e+03
   3.0034752e+03
   2.9533206e+03
   2.9007140e+03
   2.8457062e+03
   2.7883616e+03
   2.7287579e+03
   2.6669863e+03
   2.6031517e+03
   2.5373723e+03
   2.4697793e+03
   2.4005167e+03
   2.3297404e+03
   2.2576183e+03
   2.1843287e+03
   2.1100601e+03
   2.0350099e+03
   1.9593836e+03
   1.8833934e+03
   1.8072570e+03
   1.7311964e+03
   1.6554363e+03
   1.5802030e+03
   1.5057225e+03
   1.4322190e+03
   1.3599137e+03
   1.2890230e+03
   1.2197569e+03
   1.1523174e+03
   1.0868976e+03
   1.0236796e+03
   9.6283356e+02
   9.0451635e+02
   8.4887045e+02
   7.9602290e+02
   7.4608444e+02
   6.9914874e+02
   6.5529181e+02
   6.1457155e+02
   5.7702745e+02
   5.4268048e+02
   5.1153314e+02
   4.8356963e+02
   4.5875624e+02
   4.3704185e+02
   4.1835863e+02
   4.0262282e+02
   3.8973569e+02
   3.7958457e+02
   3.7204408e+02
   3.6697733e+02
   3.6423730e+02
   3.6366823e+02
   3.6510706e+02
   3.6838494e+02
   3.7332867e+02
   3.7976225e+02
   3.8750833e+02
   3.9638965e+02
   4.0623040e+02
   4.1685762e+02
   4.2810240e+02
   4.3980105e+02
   4.5179623e+02
   4.6393789e+02
   4.7608412e+02
   4.8810196e+02
   4.9986798e+02
   5.1126883e+02
   5.2220166e+02
   5.3257433e+02
   5.4230566e+02
   5.5132542e+02
   5.5957433e+02
   5.6700386e+02
   5.7357601e+02
   5.7926299e+02
   5.8404678e+02
   5.8791866e+02
   5.9087870e+02
   5.9293513e+02
   5.9410374e+02
   5.9440720e+02
   5.9387440e+02
   5.9253972e+02
   5.9044236e+02
   5.8762561e+02
   5.8413618e+02
   5.8002353e+02
   5.7533918e+02
   5.7013614e+02
   5.6446827e+02
   5.5838975e+02
   5.5195458e+02
   5.4521607e+02
   5.3822643e+02
   5.3103639e+02
   5.2369486e+02
   5.1624863e+02
   5.0874215e+02
   5.0121729e+02
   4.9371319e+02
   4.8626620e+02
   4.7890969e+02
   4.7167414e+02
   4.6458701e+02
   4.5767286e+02
   4.5095336e+02
   4.4444735e+02
   4.3817101e+02
   4.3213791e+02
   4.2635919e+02
   4.2084372e+02
   4.1559822e+02
   4.1062752e+02
   4.0593464e+02
   4.0152106e+02
   3.9738687e+02
   3.9353095e+02
   3.8995118e+02
   3.8664463e+02
   3.8360769e+02
   3.8083630e+02
   3.7832607e+02
   3.7607244e+02
   3.7407086e+02
   3.7231687e+02
   3.7080624e+02
   3.6953510e+02
   3.6850000e+02
   3.6769801e+02
   3.6712678e+02
   3.6678460e+02
   3.6667043e+02
   3.6678391e+02
   3.6712540e+02
   3.6769594e+02
   3.6849724e+02
   3.6953165e+02
   3.7080211e+02
   3.7231206e+02
   3.7406538e+02
   3.7606629e+02
   3.7831925e+02
   3.8082883e+02
   3.8359957e+02
   3.8663586e+02
   3.8994178e+02
   3.9352093e+02
   3.9737623e+02
   4.0150983e+02
   4.0592282e+02
   4.1061513e+02
   4.1558528e+02
   4.2083023e+02
   4.2634519e+02
   4.3212340e+02
   4.3815603e+02
   4.4443192e+02
   4.5093749e+02
   4.5765660e+02
   4.6457037e+02
   4.7165716e+02
   4.7889241e+02
   4.8624864e+02
   4.9369540e+02
   5.0119930e+02
   5.0872400e+02
   5.1623037e+02
   5.2367653e+02
   5.3101803e+02
   5.3820809e+02
   5.4519781e+02
   5.5193644e+02
   5.5837178e+02
   5.6445051e+02
   5.7011865e+02
   5.7532201e+02
   5.8000673e+02
   5.8411980e+02
   5.8760968e+02
   5.9042693e+02
   5.9252484e+02
   5.9386010e+02
   5.9439351e+02
   5.9409069e+02
   5.9292274e+02
   5.9086698e+02
   5.8790763e+02
   5.8403643e+02
   5.7925333e+02
   5.7356701e+02
   5.6699550e+02
   5.5956658e+02
   5.5131823e+02
   5.4229898e+02
   5.3256809e+02
   5.2219579e+02
   5.1126324e+02
   4.9986256e+02
   4.8809661e+02
   4.7607872e+02
   4.6393231e+02
   4.5179032e+02
   4.3979466e+02
   4.2809537e+02
   4.1684979e+02
   4.0622158e+02
   3.9637965e+02
   3.8749697e+02
   3.7974932e+02
   3.7331398e+02
   3.6836830e+02
   3.6508827e+02
   3.6364708e+02
   3.6421361e+02
   3.6695089e+02
   3.7201471e+02
   3.7955210e+02
   3.8969994e+02
   4.0258365e+02
   4.1831588e+02
   4.3699538e+02
   4.5870594e+02
   4.8351540e+02
   5.1147489e+02
   5.4261815e+02
   5.7696098e+02
   6.1450092e+02
   6.5521700e+02
   6.9906977e+02
   7.4600133e+02
   7.9593570e+02
   8.4877924e+02
   9.0442121e+02
   9.6273460e+02
   1.0235770e+03
   1.0867914e+03
   1.1522078e+03
   1.2196441e+03
   1.2889072e+03
   1.3597951e+03
   1.4320978e+03
   1.5055989e+03
   1.5800773e+03
   1.6553087e+03
   1.7310671e+03
   1.8071263e+03
   1.8832616e+03
   1.9592509e+03
   2.0348766e+03
   2.1099264e+03
   2.1841948e+03
   2.2574845e+03
   2.3296070e+03
   2.4003839e+03
   2.4696473e+03
   2.5372413e+03
   2.6030220e+03
   2.6668579e+03
   2.7286311e+03
   2.7882367e+03
   2.8455832e+03
   2.9005930e+03
   2.9532018e+03
   3.0033588e+03
   3.0510262e+03
   3.0961792e+03
   3.1388052e+03
   3.1789039e+03
   3.2164860e+03
   3.2515736e+03
   3.2841985e+03
   3.3144026e+03
   3.3422362e+03
   3.3677582e+03
   3.3910347e+03
   3.4121387e+03
   3.4311489e+03
   3.4481496e+03
   3.4632294e+03
   3.4764807e+03
   3.4879993e+03
   3.4978831e+03
   3.5062321e+03
   3.5131473e+03
   3.5187305e+03
   3.5230835e+03
   3.5263076e+03
   3.5285032e+03
   3.5297695e+03
   3.5302036e+03
   3.5299006e+03
   3.5289532e+03
   3.5274510e+03
   3.5254806e+03
   3.5231254e+03
   3.5204648e+03
   3.5175749e+03
   3.5145275e+03
   3.5113903e+03
   3.5082267e+03
   3.5050961e+03
   3.5020529e+03
   3.4991472e+03
   3.4964247e+03
   3.4939261e+03
   3.4916874e+03
   3.4897401e+03
   3.4881107e+03
   3.4868210e+03
   3.4858880e+03
   3.4853236e+03
   3.4851353e+03
