   5.3994448e-05
   5.3994431e-05
   5.3994406e-05
   5.3994373e-05
   5.3994331e-05
   5.3994279e-05
   5.3994218e-05
   5.3994147e-05
   5.3994064e-05
   5.3993969e-05
   5.3993861e-05
   5.3993739e-05
   5.3993602e-05
   5.3993448e-05
   5.3993276e-05
   5.3993085e-05
   5.3992872e-05
   5.3992637e-05
   5.3992377e-05
   5.3992091e-05
   5.3991776e-05
   5.3991431e-05
   5.3991053e-05
   5.3990640e-05
   5.3990190e-05
   5.3989700e-05
   5.3989169e-05
   5.3988593e-05
   5.3987970e-05
   5.3987297e-05
   5.3986572e-05
   5.3985792e-05
   5.3984954e-05
   5.3984056e-05
   5.3983094e-05
   5.3982066e-05
   5.3980968e-05
   5.3979799e-05
   5.3978555e-05
   5.3977233e-05
   5.3975830e-05
   5.3974343e-05
   5.3972770e-05
   5.3971107e-05
   5.3969352e-05
   5.3967501e-05
   5.3965552e-05
   5.3963502e-05
   5.3961349e-05
   5.3959089e-05
   5.3956719e-05
   5.3954238e-05
   5.3951643e-05
   5.3948930e-05
   5.3946098e-05
   5.3943144e-05
   5.3940066e-05
   5.3936862e-05
   5.3933529e-05
   5.3930065e-05
   5.3926469e-05
   5.3922739e-05
   5.3918872e-05
   5.3914868e-05
   5.3910724e-05
   5.3906439e-05
   5.3902012e-05
   5.3897441e-05
   5.3892726e-05
   5.3887866e-05
   5.3882860e-05
   5.3877706e-05
   5.3872405e-05
   5.3866956e-05
   5.3861360e-05
   5.3855614e-05
   5.3849721e-05
   5.3843680e-05
   5.3837491e-05
   5.3831155e-05
   5.3824672e-05
   5.3818043e-05
   5.3811270e-05
   5.3804353e-05
   5.3797293e-05
   5.3790093e-05
   5.3782753e-05
   5.3775275e-05
   5.3767662e-05
   5.3759915e-05
   5.3752036e-05
   5.3744028e-05
   5.3735894e-05
   5.3727636e-05
   5.3719258e-05
   5.3710761e-05
   5.3702149e-05
   5.3693426e-05
   5.3684595e-05
   5.3675660e-05
   5.3666624e-05
   5.3657491e-05
   5.3648266e-05
   5.3638952e-05
   5.3629554e-05
   5.3620076e-05
   5.3610523e-05
   5.3600900e-05
   5.3591211e-05
   5.3581461e-05
   5.3571656e-05
   5.3561800e-05
   5.3551899e-05
   5.3541958e-05
   5.3531983e-05
   5.3521979e-05
   5.3511952e-05
   5.3501907e-05
   5.3491850e-05
   5.3481787e-05
   5.3471724e-05
   5.3461668e-05
   5.3451623e-05
   5.3441597e-05
   5.3431594e-05
   5.3421622e-05
   5.3411687e-05
   5.3401794e-05
   5.3391951e-05
   5.3382163e-05
   5.3372436e-05
   5.3362777e-05
   5.3353192e-05
   5.3343688e-05
   5.3334270e-05
   5.3324945e-05
   5.3315719e-05
   5.3306598e-05
   5.3297589e-05
   5.3288697e-05
   5.3279928e-05
   5.3271288e-05
   5.3262784e-05
   5.3254421e-05
   5.3246205e-05
   5.3238141e-05
   5.3230235e-05
   5.3222493e-05
   5.3214921e-05
   5.3207522e-05
   5.3200303e-05
   5.3193269e-05
   5.3186425e-05
   5.3179775e-05
   5.3173324e-05
   5.3167077e-05
   5.3161039e-05
   5.3155213e-05
   5.3149605e-05
   5.3144217e-05
   5.3139054e-05
   5.3134119e-05
   5.3129417e-05
   5.3124950e-05
   5.3120723e-05
   5.3116737e-05
   5.3112995e-05
   5.3109502e-05
   5.3106258e-05
   5.3103267e-05
   5.3100530e-05
   5.3098050e-05
   5.3095829e-05
   5.3093868e-05
   5.3092168e-05
   5.3090731e-05
   5.3089559e-05
   5.3088650e-05
   5.3088008e-05
   5.3087631e-05
   5.3087520e-05
   5.3087676e-05
   5.3088098e-05
   5.3088785e-05
   5.3089738e-05
   5.3090956e-05
   5.3092437e-05
   5.3094181e-05
   5.3096187e-05
   5.3098453e-05
   5.3100976e-05
   5.3103757e-05
   5.3106791e-05
   5.3110078e-05
   5.3113615e-05
   5.3117399e-05
   5.3121427e-05
   5.3125697e-05
   5.3130205e-05
   5.3134949e-05
   5.3139924e-05
   5.3145127e-05
   5.3150555e-05
   5.3156203e-05
   5.3162068e-05
   5.3168144e-05
   5.3174429e-05
   5.3180917e-05
   5.3187604e-05
   5.3194485e-05
   5.3201554e-05
   5.3208808e-05
   5.3216241e-05
   5.3223848e-05
   5.3231623e-05
   5.3239561e-05
   5.3247657e-05
   5.3255904e-05
   5.3264298e-05
   5.3272832e-05
   5.3281500e-05
   5.3290297e-05
   5.3299217e-05
   5.3308253e-05
   5.3317400e-05
   5.3326651e-05
   5.3336001e-05
   5.3345442e-05
   5.3354969e-05
   5.3364576e-05
   5.3374256e-05
   5.3384003e-05
   5.3393811e-05
   5.3403673e-05
   5.3413584e-05
   5.3423536e-05
   5.3433525e-05
   5.3443543e-05
   5.3453584e-05
   5.3463642e-05
   5.3473712e-05
   5.3483787e-05
   5.3493860e-05
   5.3503928e-05
   5.3513982e-05
   5.3524018e-05
   5.3534031e-05
   5.3544013e-05
   5.3553960e-05
   5.3563867e-05
   5.3573727e-05
   5.3583536e-05
   5.3593289e-05
   5.3602980e-05
   5.3612605e-05
   5.3622158e-05
   5.3631636e-05
   5.3641033e-05
   5.3650345e-05
   5.3659568e-05
   5.3668698e-05
   5.3677730e-05
   5.3686661e-05
   5.3695486e-05
   5.3704203e-05
   5.3712808e-05
   5.3721298e-05
   5.3729669e-05
   5.3737918e-05
   5.3746043e-05
   5.3754040e-05
   5.3761908e-05
   5.3769644e-05
   5.3777246e-05
   5.3784711e-05
   5.3792038e-05
   5.3799225e-05
   5.3806271e-05
   5.3813173e-05
   5.3819932e-05
   5.3826545e-05
   5.3833011e-05
   5.3839331e-05
   5.3845503e-05
   5.3851527e-05
   5.3857403e-05
   5.3863129e-05
   5.3868708e-05
   5.3874137e-05
   5.3879419e-05
   5.3884552e-05
   5.3889539e-05
   5.3894379e-05
   5.3899073e-05
   5.3903622e-05
   5.3908028e-05
   5.3912291e-05
   5.3916413e-05
   5.3920396e-05
   5.3924240e-05
   5.3927948e-05
   5.3931521e-05
   5.3934961e-05
   5.3938271e-05
   5.3941452e-05
   5.3944506e-05
   5.3947436e-05
   5.3950244e-05
   5.3952933e-05
   5.3955504e-05
   5.3957961e-05
   5.3960306e-05
   5.3962542e-05
   5.3964671e-05
   5.3966696e-05
   5.3968620e-05
   5.3970446e-05
   5.3972176e-05
   5.3973814e-05
   5.3975362e-05
   5.3976824e-05
   5.3978202e-05
   5.3979499e-05
   5.3980718e-05
   5.3981862e-05
   5.3982934e-05
   5.3983937e-05
   5.3984874e-05
   5.3985747e-05
   5.3986560e-05
   5.3987315e-05
   5.3988015e-05
   5.3988663e-05
   5.3989261e-05
   5.3989812e-05
   5.3990318e-05
   5.3990783e-05
   5.3991208e-05
   5.3991596e-05
   5.3991949e-05
   5.3992269e-05
   5.3992559e-05
   5.3992820e-05
   5.3993056e-05
   5.3993266e-05
   5.3993454e-05
   5.3993620e-05
   5.3993767e-05
   5.3993897e-05
   5.3994009e-05
   5.3994106e-05
   5.3994190e-05
   5.3994260e-05
   5.3994318e-05
   5.3994365e-05
   5.3994402e-05
   5.3994429e-05
   5.3994447e-05
   5.3994455e-05
   5.3994456e-05
   5.3994448e-05
