   5.6650349e-01
   5.6650227e-01
   5.6649889e-01
   5.6649331e-01
   5.6648545e-01
   5.6647521e-01
   5.6646246e-01
   5.6644702e-01
   5.6642872e-01
   5.6640733e-01
   5.6638260e-01
   5.6635426e-01
   5.6632199e-01
   5.6628548e-01
   5.6624436e-01
   5.6619824e-01
   5.6614673e-01
   5.6608939e-01
   5.6602575e-01
   5.6595535e-01
   5.6587768e-01
   5.6579221e-01
   5.6569840e-01
   5.6559570e-01
   5.6548350e-01
   5.6536123e-01
   5.6522826e-01
   5.6508396e-01
   5.6492768e-01
   5.6475876e-01
   5.6457654e-01
   5.6438034e-01
   5.6416946e-01
   5.6394320e-01
   5.6370086e-01
   5.6344173e-01
   5.6316509e-01
   5.6287022e-01
   5.6255641e-01
   5.6222294e-01
   5.6186909e-01
   5.6149415e-01
   5.6109740e-01
   5.6067815e-01
   5.6023569e-01
   5.5976935e-01
   5.5927844e-01
   5.5876230e-01
   5.5822028e-01
   5.5765175e-01
   5.5705608e-01
   5.5643268e-01
   5.5578096e-01
   5.5510036e-01
   5.5439034e-01
   5.5365039e-01
   5.5288002e-01
   5.5207876e-01
   5.5124617e-01
   5.5038185e-01
   5.4948542e-01
   5.4855653e-01
   5.4759487e-01
   5.4660015e-01
   5.4557212e-01
   5.4451058e-01
   5.4341534e-01
   5.4228626e-01
   5.4112324e-01
   5.3992622e-01
   5.3869517e-01
   5.3743011e-01
   5.3613108e-01
   5.3479818e-01
   5.3343154e-01
   5.3203134e-01
   5.3059779e-01
   5.2913116e-01
   5.2763173e-01
   5.2609985e-01
   5.2453590e-01
   5.2294030e-01
   5.2131350e-01
   5.1965602e-01
   5.1796840e-01
   5.1625121e-01
   5.1450507e-01
   5.1273064e-01
   5.1092863e-01
   5.0909975e-01
   5.0724477e-01
   5.0536451e-01
   5.0345979e-01
   5.0153149e-01
   4.9958050e-01
   4.9760776e-01
   4.9561424e-01
   4.9360091e-01
   4.9156880e-01
   4.8951896e-01
   4.8745244e-01
   4.8537035e-01
   4.8327379e-01
   4.8116389e-01
   4.7904182e-01
   4.7690873e-01
   4.7476582e-01
   4.7261429e-01
   4.7045534e-01
   4.6829020e-01
   4.6612012e-01
   4.6394632e-01
   4.6177007e-01
   4.5959262e-01
   4.5741523e-01
   4.5523916e-01
   4.5306568e-01
   4.5089605e-01
   4.4873154e-01
   4.4657341e-01
   4.4442291e-01
   4.4228129e-01
   4.4014980e-01
   4.3802968e-01
   4.3592215e-01
   4.3382843e-01
   4.3174973e-01
   4.2968724e-01
   4.2764214e-01
   4.2561560e-01
   4.2360877e-01
   4.2162278e-01
   4.1965876e-01
   4.1771781e-01
   4.1580100e-01
   4.1390941e-01
   4.1204407e-01
   4.1020602e-01
   4.0839624e-01
   4.0661573e-01
   4.0486544e-01
   4.0314632e-01
   4.0145927e-01
   3.9980520e-01
   3.9818496e-01
   3.9659941e-01
   3.9504936e-01
   3.9353562e-01
   3.9205895e-01
   3.9062012e-01
   3.8921984e-01
   3.8785882e-01
   3.8653773e-01
   3.8525723e-01
   3.8401794e-01
   3.8282047e-01
   3.8166541e-01
   3.8055330e-01
   3.7948468e-01
   3.7846005e-01
   3.7747991e-01
   3.7654470e-01
   3.7565488e-01
   3.7481084e-01
   3.7401299e-01
   3.7326168e-01
   3.7255726e-01
   3.7190006e-01
   3.7129036e-01
   3.7072845e-01
   3.7021458e-01
   3.6974898e-01
   3.6933185e-01
   3.6896338e-01
   3.6864374e-01
   3.6837306e-01
   3.6815147e-01
   3.6797907e-01
   3.6785592e-01
   3.6778209e-01
   3.6775761e-01
   3.6778248e-01
   3.6785670e-01
   3.6798023e-01
   3.6815303e-01
   3.6837501e-01
   3.6864607e-01
   3.6896610e-01
   3.6933496e-01
   3.6975247e-01
   3.7021846e-01
   3.7073272e-01
   3.7129501e-01
   3.7190509e-01
   3.7256268e-01
   3.7326748e-01
   3.7401917e-01
   3.7481740e-01
   3.7566182e-01
   3.7655202e-01
   3.7748760e-01
   3.7846813e-01
   3.7949313e-01
   3.8056212e-01
   3.8167460e-01
   3.8283004e-01
   3.8402787e-01
   3.8526752e-01
   3.8654839e-01
   3.8786984e-01
   3.8923122e-01
   3.9063185e-01
   3.9207104e-01
   3.9354806e-01
   3.9506215e-01
   3.9661254e-01
   3.9819843e-01
   3.9981901e-01
   4.0147342e-01
   4.0316080e-01
   4.0488025e-01
   4.0663086e-01
   4.0841169e-01
   4.1022178e-01
   4.1206015e-01
   4.1392579e-01
   4.1581769e-01
   4.1773479e-01
   4.1967603e-01
   4.2164034e-01
   4.2362660e-01
   4.2563371e-01
   4.2766052e-01
   4.2970588e-01
   4.3176863e-01
   4.3384758e-01
   4.3594155e-01
   4.3804931e-01
   4.4016967e-01
   4.4230138e-01
   4.4444321e-01
   4.4659393e-01
   4.4875226e-01
   4.5091697e-01
   4.5308678e-01
   4.5526044e-01
   4.5743668e-01
   4.5961424e-01
   4.6179184e-01
   4.6396824e-01
   4.6614217e-01
   4.6831238e-01
   4.7047764e-01
   4.7263670e-01
   4.7478833e-01
   4.7693134e-01
   4.7906451e-01
   4.8118666e-01
   4.8329662e-01
   4.8539324e-01
   4.8747538e-01
   4.8954193e-01
   4.9159181e-01
   4.9362393e-01
   4.9563727e-01
   4.9763080e-01
   4.9960352e-01
   5.0155449e-01
   5.0348277e-01
   5.0538745e-01
   5.0726767e-01
   5.0912259e-01
   5.1095141e-01
   5.1275335e-01
   5.1452770e-01
   5.1627374e-01
   5.1799084e-01
   5.1967836e-01
   5.2133572e-01
   5.2296239e-01
   5.2455786e-01
   5.2612167e-01
   5.2765340e-01
   5.2915267e-01
   5.3061915e-01
   5.3205252e-01
   5.3345254e-01
   5.3481900e-01
   5.3615171e-01
   5.3745054e-01
   5.3871540e-01
   5.3994624e-01
   5.4114304e-01
   5.4230584e-01
   5.4343468e-01
   5.4452969e-01
   5.4559100e-01
   5.4661878e-01
   5.4761325e-01
   5.4857466e-01
   5.4950329e-01
   5.5039946e-01
   5.5126352e-01
   5.5209583e-01
   5.5289682e-01
   5.5366691e-01
   5.5440658e-01
   5.5511632e-01
   5.5579663e-01
   5.5644806e-01
   5.5707118e-01
   5.5766655e-01
   5.5823479e-01
   5.5877651e-01
   5.5929235e-01
   5.5978296e-01
   5.6024900e-01
   5.6069115e-01
   5.6111010e-01
   5.6150655e-01
   5.6188118e-01
   5.6223473e-01
   5.6256789e-01
   5.6288139e-01
   5.6317595e-01
   5.6345228e-01
   5.6371111e-01
   5.6395314e-01
   5.6417909e-01
   5.6438966e-01
   5.6458556e-01
   5.6476747e-01
   5.6493608e-01
   5.6509205e-01
   5.6523605e-01
   5.6536871e-01
   5.6549068e-01
   5.6560257e-01
   5.6570497e-01
   5.6579847e-01
   5.6588364e-01
   5.6596101e-01
   5.6603111e-01
   5.6609444e-01
   5.6615148e-01
   5.6620270e-01
   5.6624851e-01
   5.6628933e-01
   5.6632555e-01
   5.6635751e-01
   5.6638556e-01
   5.6640999e-01
   5.6643109e-01
   5.6644909e-01
   5.6646423e-01
   5.6647669e-01
   5.6648663e-01
   5.6649419e-01
   5.6649948e-01
   5.6650256e-01
   5.6650349e-01
