   2.0523650e-03
   2.0523656e-03
   2.0523674e-03
   2.0523704e-03
   2.0523746e-03
   2.0523799e-03
   2.0523863e-03
   2.0523938e-03
   2.0524024e-03
   2.0524120e-03
   2.0524225e-03
   2.0524339e-03
   2.0524462e-03
   2.0524592e-03
   2.0524728e-03
   2.0524871e-03
   2.0525019e-03
   2.0525171e-03
   2.0525326e-03
   2.0525483e-03
   2.0525642e-03
   2.0525800e-03
   2.0525957e-03
   2.0526112e-03
   2.0526264e-03
   2.0526410e-03
   2.0526550e-03
   2.0526682e-03
   2.0526806e-03
   2.0526919e-03
   2.0527020e-03
   2.0527107e-03
   2.0527180e-03
   2.0527236e-03
   2.0527275e-03
   2.0527293e-03
   2.0527291e-03
   2.0527265e-03
   2.0527215e-03
   2.0527139e-03
   2.0527036e-03
   2.0526903e-03
   2.0526739e-03
   2.0526542e-03
   2.0526311e-03
   2.0526045e-03
   2.0525741e-03
   2.0525397e-03
   2.0525013e-03
   2.0524587e-03
   2.0524117e-03
   2.0523601e-03
   2.0523039e-03
   2.0522428e-03
   2.0521767e-03
   2.0521055e-03
   2.0520291e-03
   2.0519472e-03
   2.0518599e-03
   2.0517668e-03
   2.0516680e-03
   2.0515633e-03
   2.0514525e-03
   2.0513357e-03
   2.0512126e-03
   2.0510832e-03
   2.0509474e-03
   2.0508051e-03
   2.0506562e-03
   2.0505007e-03
   2.0503384e-03
   2.0501694e-03
   2.0499935e-03
   2.0498108e-03
   2.0496211e-03
   2.0494245e-03
   2.0492209e-03
   2.0490102e-03
   2.0487926e-03
   2.0485680e-03
   2.0483363e-03
   2.0480977e-03
   2.0478520e-03
   2.0475994e-03
   2.0473399e-03
   2.0470736e-03
   2.0468004e-03
   2.0465204e-03
   2.0462337e-03
   2.0459404e-03
   2.0456406e-03
   2.0453343e-03
   2.0450217e-03
   2.0447028e-03
   2.0443778e-03
   2.0440467e-03
   2.0437098e-03
   2.0433672e-03
   2.0430189e-03
   2.0426652e-03
   2.0423063e-03
   2.0419422e-03
   2.0415731e-03
   2.0411993e-03
   2.0408209e-03
   2.0404382e-03
   2.0400512e-03
   2.0396603e-03
   2.0392656e-03
   2.0388674e-03
   2.0384659e-03
   2.0380612e-03
   2.0376538e-03
   2.0372437e-03
   2.0368312e-03
   2.0364167e-03
   2.0360002e-03
   2.0355822e-03
   2.0351629e-03
   2.0347424e-03
   2.0343212e-03
   2.0338994e-03
   2.0334774e-03
   2.0330555e-03
   2.0326338e-03
   2.0322127e-03
   2.0317926e-03
   2.0313735e-03
   2.0309560e-03
   2.0305402e-03
   2.0301264e-03
   2.0297149e-03
   2.0293061e-03
   2.0289002e-03
   2.0284975e-03
   2.0280982e-03
   2.0277028e-03
   2.0273114e-03
   2.0269244e-03
   2.0265419e-03
   2.0261645e-03
   2.0257922e-03
   2.0254253e-03
   2.0250643e-03
   2.0247092e-03
   2.0243604e-03
   2.0240182e-03
   2.0236827e-03
   2.0233543e-03
   2.0230333e-03
   2.0227198e-03
   2.0224140e-03
   2.0221163e-03
   2.0218269e-03
   2.0215459e-03
   2.0212736e-03
   2.0210103e-03
   2.0207560e-03
   2.0205111e-03
   2.0202756e-03
   2.0200499e-03
   2.0198339e-03
   2.0196281e-03
   2.0194324e-03
   2.0192470e-03
   2.0190722e-03
   2.0189079e-03
   2.0187545e-03
   2.0186119e-03
   2.0184803e-03
   2.0183597e-03
   2.0182504e-03
   2.0181524e-03
   2.0180657e-03
   2.0179904e-03
   2.0179266e-03
   2.0178743e-03
   2.0178336e-03
   2.0178045e-03
   2.0177871e-03
   2.0177813e-03
   2.0177871e-03
   2.0178046e-03
   2.0178337e-03
   2.0178744e-03
   2.0179267e-03
   2.0179905e-03
   2.0180658e-03
   2.0181525e-03
   2.0182506e-03
   2.0183599e-03
   2.0184804e-03
   2.0186120e-03
   2.0187547e-03
   2.0189082e-03
   2.0190724e-03
   2.0192473e-03
   2.0194326e-03
   2.0196283e-03
   2.0198342e-03
   2.0200501e-03
   2.0202759e-03
   2.0205114e-03
   2.0207563e-03
   2.0210106e-03
   2.0212740e-03
   2.0215463e-03
   2.0218272e-03
   2.0221167e-03
   2.0224144e-03
   2.0227201e-03
   2.0230337e-03
   2.0233547e-03
   2.0236831e-03
   2.0240186e-03
   2.0243608e-03
   2.0247096e-03
   2.0250647e-03
   2.0254258e-03
   2.0257926e-03
   2.0261649e-03
   2.0265424e-03
   2.0269248e-03
   2.0273118e-03
   2.0277032e-03
   2.0280987e-03
   2.0284979e-03
   2.0289006e-03
   2.0293065e-03
   2.0297154e-03
   2.0301268e-03
   2.0305406e-03
   2.0309564e-03
   2.0313739e-03
   2.0317930e-03
   2.0322131e-03
   2.0326342e-03
   2.0330558e-03
   2.0334778e-03
   2.0338998e-03
   2.0343216e-03
   2.0347428e-03
   2.0351632e-03
   2.0355825e-03
   2.0360006e-03
   2.0364170e-03
   2.0368315e-03
   2.0372440e-03
   2.0376540e-03
   2.0380615e-03
   2.0384661e-03
   2.0388676e-03
   2.0392659e-03
   2.0396605e-03
   2.0400514e-03
   2.0404384e-03
   2.0408211e-03
   2.0411995e-03
   2.0415733e-03
   2.0419423e-03
   2.0423064e-03
   2.0426653e-03
   2.0430190e-03
   2.0433672e-03
   2.0437099e-03
   2.0440468e-03
   2.0443778e-03
   2.0447028e-03
   2.0450216e-03
   2.0453343e-03
   2.0456405e-03
   2.0459404e-03
   2.0462336e-03
   2.0465203e-03
   2.0468003e-03
   2.0470734e-03
   2.0473398e-03
   2.0475993e-03
   2.0478519e-03
   2.0480975e-03
   2.0483361e-03
   2.0485678e-03
   2.0487924e-03
   2.0490100e-03
   2.0492206e-03
   2.0494242e-03
   2.0496208e-03
   2.0498105e-03
   2.0499932e-03
   2.0501691e-03
   2.0503381e-03
   2.0505004e-03
   2.0506559e-03
   2.0508048e-03
   2.0509471e-03
   2.0510829e-03
   2.0512123e-03
   2.0513353e-03
   2.0514522e-03
   2.0515629e-03
   2.0516676e-03
   2.0517664e-03
   2.0518595e-03
   2.0519468e-03
   2.0520287e-03
   2.0521051e-03
   2.0521763e-03
   2.0522424e-03
   2.0523034e-03
   2.0523597e-03
   2.0524112e-03
   2.0524583e-03
   2.0525009e-03
   2.0525393e-03
   2.0525736e-03
   2.0526040e-03
   2.0526307e-03
   2.0526538e-03
   2.0526735e-03
   2.0526899e-03
   2.0527032e-03
   2.0527135e-03
   2.0527211e-03
   2.0527261e-03
   2.0527287e-03
   2.0527289e-03
   2.0527271e-03
   2.0527233e-03
   2.0527176e-03
   2.0527104e-03
   2.0527016e-03
   2.0526915e-03
   2.0526802e-03
   2.0526679e-03
   2.0526547e-03
   2.0526407e-03
   2.0526261e-03
   2.0526109e-03
   2.0525955e-03
   2.0525797e-03
   2.0525639e-03
   2.0525481e-03
   2.0525324e-03
   2.0525168e-03
   2.0525017e-03
   2.0524869e-03
   2.0524726e-03
   2.0524590e-03
   2.0524460e-03
   2.0524338e-03
   2.0524224e-03
   2.0524119e-03
   2.0524023e-03
   2.0523937e-03
   2.0523862e-03
   2.0523798e-03
   2.0523745e-03
   2.0523704e-03
   2.0523674e-03
   2.0523656e-03
   2.0523650e-03
