   1.8077697e+04
   1.8077079e+04
   1.8075231e+04
   1.8072112e+04
   1.8067656e+04
   1.8061767e+04
   1.8054324e+04
   1.8045182e+04
   1.8034166e+04
   1.8021078e+04
   1.8005694e+04
   1.7987767e+04
   1.7967024e+04
   1.7943170e+04
   1.7915889e+04
   1.7884844e+04
   1.7849675e+04
   1.7810008e+04
   1.7765448e+04
   1.7715586e+04
   1.7660001e+04
   1.7598256e+04
   1.7529908e+04
   1.7454505e+04
   1.7371589e+04
   1.7280702e+04
   1.7181385e+04
   1.7073182e+04
   1.6955645e+04
   1.6828335e+04
   1.6690827e+04
   1.6542713e+04
   1.6383608e+04
   1.6213149e+04
   1.6031005e+04
   1.5836876e+04
   1.5630500e+04
   1.5411658e+04
   1.5180175e+04
   1.4935926e+04
   1.4678840e+04
   1.4408904e+04
   1.4126165e+04
   1.3830736e+04
   1.3522797e+04
   1.3202597e+04
   1.2870460e+04
   1.2526783e+04
   1.2172041e+04
   1.1806783e+04
   1.1431638e+04
   1.1047311e+04
   1.0654584e+04
   1.0254312e+04
   9.8474227e+03
   9.4349137e+03
   9.0178473e+03
   8.5973469e+03
   8.1745915e+03
   7.7508098e+03
   7.3272739e+03
   6.9052915e+03
   6.4861988e+03
   6.0713512e+03
   5.6621155e+03
   5.2598598e+03
   4.8659443e+03
   4.4817115e+03
   4.1084762e+03
   3.7475157e+03
   3.4000595e+03
   3.0672800e+03
   2.7502829e+03
   2.4500981e+03
   2.1676713e+03
   1.9038560e+03
   1.6594062e+03
   1.4349704e+03
   1.2310853e+03
   1.0481721e+03
   8.8653201e+02
   7.4634465e+02
   6.2766602e+02
   5.3042847e+02
   4.5444157e+02
   3.9939408e+02
   3.6485711e+02
   3.5028828e+02
   3.5503700e+02
   3.7835064e+02
   4.1938167e+02
   4.7719555e+02
   5.5077939e+02
   6.3905115e+02
   7.4086945e+02
   8.5504368e+02
   9.8034437e+02
   1.1155138e+03
   1.2592766e+03
   1.4103500e+03
   1.5674544e+03
   1.7293233e+03
   1.8947126e+03
   2.0624097e+03
   2.2312423e+03
   2.4000853e+03
   2.5678688e+03
   2.7335836e+03
   2.8962869e+03
   3.0551066e+03
   3.2092452e+03
   3.3579825e+03
   3.5006775e+03
   3.6367692e+03
   3.7657774e+03
   3.8873015e+03
   4.0010199e+03
   4.1066873e+03
   4.2041329e+03
   4.2932566e+03
   4.3740258e+03
   4.4464709e+03
   4.5106816e+03
   4.5668015e+03
   4.6150235e+03
   4.6555848e+03
   4.6887619e+03
   4.7148651e+03
   4.7342337e+03
   4.7472310e+03
   4.7542394e+03
   4.7556557e+03
   4.7518865e+03
   4.7433446e+03
   4.7304445e+03
   4.7135989e+03
   4.6932155e+03
   4.6696944e+03
   4.6434246e+03
   4.6147826e+03
   4.5841296e+03
   4.5518105e+03
   4.5181522e+03
   4.4834627e+03
   4.4480300e+03
   4.4121219e+03
   4.3759857e+03
   4.3398480e+03
   4.3039148e+03
   4.2683720e+03
   4.2333860e+03
   4.1991040e+03
   4.1656548e+03
   4.1331501e+03
   4.1016848e+03
   4.0713386e+03
   4.0421766e+03
   4.0142505e+03
   3.9876001e+03
   3.9622538e+03
   3.9382302e+03
   3.9155390e+03
   3.8941822e+03
   3.8741548e+03
   3.8554465e+03
   3.8380419e+03
   3.8219221e+03
   3.8070650e+03
   3.7934466e+03
   3.7810416e+03
   3.7698240e+03
   3.7597680e+03
   3.7508483e+03
   3.7430409e+03
   3.7363235e+03
   3.7306759e+03
   3.7260803e+03
   3.7225220e+03
   3.7199890e+03
   3.7184726e+03
   3.7179678e+03
   3.7184728e+03
   3.7199892e+03
   3.7225224e+03
   3.7260810e+03
   3.7306768e+03
   3.7363247e+03
   3.7430426e+03
   3.7508504e+03
   3.7597707e+03
   3.7698274e+03
   3.7810457e+03
   3.7934516e+03
   3.8070710e+03
   3.8219292e+03
   3.8380502e+03
   3.8554561e+03
   3.8741659e+03
   3.8941948e+03
   3.9155533e+03
   3.9382462e+03
   3.9622717e+03
   3.9876199e+03
   4.0142723e+03
   4.0422003e+03
   4.0713645e+03
   4.1017128e+03
   4.1331801e+03
   4.1656868e+03
   4.1991380e+03
   4.2334220e+03
   4.2684098e+03
   4.3039543e+03
   4.3398891e+03
   4.3760283e+03
   4.4121657e+03
   4.4480749e+03
   4.4835084e+03
   4.5181985e+03
   4.5518571e+03
   4.5841762e+03
   4.6148290e+03
   4.6434705e+03
   4.6697394e+03
   4.6932593e+03
   4.7136410e+03
   4.7304847e+03
   4.7433825e+03
   4.7519217e+03
   4.7556878e+03
   4.7542682e+03
   4.7472561e+03
   4.7342547e+03
   4.7148816e+03
   4.6887737e+03
   4.6555916e+03
   4.6150249e+03
   4.5667974e+03
   4.5106717e+03
   4.4464550e+03
   4.3740037e+03
   4.2932282e+03
   4.2040981e+03
   4.1066460e+03
   4.0009721e+03
   3.8872472e+03
   3.7657166e+03
   3.6367021e+03
   3.5006041e+03
   3.3579030e+03
   3.2091598e+03
   3.0550156e+03
   2.8961905e+03
   2.7334822e+03
   2.5677628e+03
   2.3999751e+03
   2.2311282e+03
   2.0622924e+03
   1.8945925e+03
   1.7292011e+03
   1.5673306e+03
   1.4102253e+03
   1.2591516e+03
   1.1153894e+03
   9.8022114e+02
   8.5492244e+02
   7.4075101e+02
   6.3893632e+02
   5.5066902e+02
   4.7709051e+02
   4.1928283e+02
   3.7825889e+02
   3.5495324e+02
   3.5021342e+02
   3.6479205e+02
   3.9933973e+02
   4.5439882e+02
   5.3039820e+02
   6.2764909e+02
   7.4634191e+02
   8.8654425e+02
   1.0482001e+03
   1.2311299e+03
   1.4350321e+03
   1.6594858e+03
   1.9039540e+03
   2.1677883e+03
   2.4502346e+03
   2.7504393e+03
   3.0674566e+03
   3.4002566e+03
   3.7477334e+03
   4.1087147e+03
   4.4819708e+03
   4.8662243e+03
   5.2601605e+03
   5.6624367e+03
   6.0716925e+03
   6.4865598e+03
   6.9056719e+03
   7.3276731e+03
   7.7512272e+03
   8.1750264e+03
   8.5977986e+03
   9.0183150e+03
   9.4353965e+03
   9.8479197e+03
   1.0254822e+04
   1.0655106e+04
   1.1047845e+04
   1.1432182e+04
   1.1807335e+04
   1.2172601e+04
   1.2527350e+04
   1.2871032e+04
   1.3203174e+04
   1.3523377e+04
   1.3831318e+04
   1.4126748e+04
   1.4409487e+04
   1.4679421e+04
   1.4936504e+04
   1.5180750e+04
   1.5412228e+04
   1.5631065e+04
   1.5837434e+04
   1.6031555e+04
   1.6213691e+04
   1.6384141e+04
   1.6543236e+04
   1.6691338e+04
   1.6828834e+04
   1.6956132e+04
   1.7073656e+04
   1.7181846e+04
   1.7281149e+04
   1.7372021e+04
   1.7454921e+04
   1.7530309e+04
   1.7598641e+04
   1.7660369e+04
   1.7715938e+04
   1.7765783e+04
   1.7810325e+04
   1.7849975e+04
   1.7885126e+04
   1.7916153e+04
   1.7943416e+04
   1.7967251e+04
   1.7987975e+04
   1.8005884e+04
   1.8021249e+04
   1.8034319e+04
   1.8045316e+04
   1.8054439e+04
   1.8061862e+04
   1.8067732e+04
   1.8072170e+04
   1.8075269e+04
   1.8077098e+04
   1.8077697e+04
