   5.7304143e-05
   5.7304125e-05
   5.7304098e-05
   5.7304061e-05
   5.7304013e-05
   5.7303955e-05
   5.7303886e-05
   5.7303804e-05
   5.7303710e-05
   5.7303603e-05
   5.7303480e-05
   5.7303342e-05
   5.7303187e-05
   5.7303013e-05
   5.7302819e-05
   5.7302603e-05
   5.7302365e-05
   5.7302101e-05
   5.7301810e-05
   5.7301490e-05
   5.7301138e-05
   5.7300754e-05
   5.7300333e-05
   5.7299875e-05
   5.7299376e-05
   5.7298834e-05
   5.7298247e-05
   5.7297611e-05
   5.7296924e-05
   5.7296184e-05
   5.7295386e-05
   5.7294529e-05
   5.7293610e-05
   5.7292625e-05
   5.7291572e-05
   5.7290447e-05
   5.7289248e-05
   5.7287971e-05
   5.7286613e-05
   5.7285171e-05
   5.7283642e-05
   5.7282024e-05
   5.7280311e-05
   5.7278503e-05
   5.7276594e-05
   5.7274584e-05
   5.7272468e-05
   5.7270243e-05
   5.7267906e-05
   5.7265456e-05
   5.7262887e-05
   5.7260199e-05
   5.7257388e-05
   5.7254451e-05
   5.7251386e-05
   5.7248190e-05
   5.7244861e-05
   5.7241396e-05
   5.7237793e-05
   5.7234051e-05
   5.7230166e-05
   5.7226136e-05
   5.7221961e-05
   5.7217638e-05
   5.7213165e-05
   5.7208542e-05
   5.7203766e-05
   5.7198836e-05
   5.7193751e-05
   5.7188511e-05
   5.7183114e-05
   5.7177559e-05
   5.7171846e-05
   5.7165975e-05
   5.7159946e-05
   5.7153757e-05
   5.7147410e-05
   5.7140904e-05
   5.7134241e-05
   5.7127419e-05
   5.7120441e-05
   5.7113306e-05
   5.7106017e-05
   5.7098573e-05
   5.7090978e-05
   5.7083231e-05
   5.7075335e-05
   5.7067292e-05
   5.7059103e-05
   5.7050772e-05
   5.7042300e-05
   5.7033689e-05
   5.7024944e-05
   5.7016066e-05
   5.7007059e-05
   5.6997925e-05
   5.6988669e-05
   5.6979294e-05
   5.6969804e-05
   5.6960202e-05
   5.6950492e-05
   5.6940679e-05
   5.6930767e-05
   5.6920761e-05
   5.6910665e-05
   5.6900484e-05
   5.6890222e-05
   5.6879886e-05
   5.6869479e-05
   5.6859008e-05
   5.6848478e-05
   5.6837894e-05
   5.6827261e-05
   5.6816587e-05
   5.6805876e-05
   5.6795134e-05
   5.6784368e-05
   5.6773583e-05
   5.6762786e-05
   5.6751984e-05
   5.6741181e-05
   5.6730386e-05
   5.6719603e-05
   5.6708841e-05
   5.6698104e-05
   5.6687401e-05
   5.6676737e-05
   5.6666120e-05
   5.6655555e-05
   5.6645051e-05
   5.6634612e-05
   5.6624247e-05
   5.6613961e-05
   5.6603762e-05
   5.6593656e-05
   5.6583649e-05
   5.6573750e-05
   5.6563963e-05
   5.6554296e-05
   5.6544754e-05
   5.6535346e-05
   5.6526076e-05
   5.6516952e-05
   5.6507979e-05
   5.6499164e-05
   5.6490513e-05
   5.6482031e-05
   5.6473726e-05
   5.6465601e-05
   5.6457664e-05
   5.6449920e-05
   5.6442374e-05
   5.6435031e-05
   5.6427898e-05
   5.6420978e-05
   5.6414277e-05
   5.6407799e-05
   5.6401550e-05
   5.6395533e-05
   5.6389753e-05
   5.6384215e-05
   5.6378922e-05
   5.6373877e-05
   5.6369086e-05
   5.6364550e-05
   5.6360275e-05
   5.6356261e-05
   5.6352513e-05
   5.6349034e-05
   5.6345825e-05
   5.6342889e-05
   5.6340229e-05
   5.6337846e-05
   5.6335741e-05
   5.6333918e-05
   5.6332376e-05
   5.6331117e-05
   5.6330142e-05
   5.6329452e-05
   5.6329047e-05
   5.6328928e-05
   5.6329094e-05
   5.6329545e-05
   5.6330282e-05
   5.6331303e-05
   5.6332609e-05
   5.6334197e-05
   5.6336066e-05
   5.6338216e-05
   5.6340645e-05
   5.6343351e-05
   5.6346332e-05
   5.6349586e-05
   5.6353111e-05
   5.6356903e-05
   5.6360961e-05
   5.6365280e-05
   5.6369859e-05
   5.6374694e-05
   5.6379781e-05
   5.6385116e-05
   5.6390697e-05
   5.6396518e-05
   5.6402575e-05
   5.6408865e-05
   5.6415382e-05
   5.6422123e-05
   5.6429082e-05
   5.6436253e-05
   5.6443634e-05
   5.6451217e-05
   5.6458997e-05
   5.6466970e-05
   5.6475130e-05
   5.6483470e-05
   5.6491985e-05
   5.6500669e-05
   5.6509517e-05
   5.6518521e-05
   5.6527676e-05
   5.6536976e-05
   5.6546413e-05
   5.6555983e-05
   5.6565678e-05
   5.6575492e-05
   5.6585418e-05
   5.6595449e-05
   5.6605580e-05
   5.6615803e-05
   5.6626112e-05
   5.6636499e-05
   5.6646959e-05
   5.6657484e-05
   5.6668068e-05
   5.6678704e-05
   5.6689386e-05
   5.6700106e-05
   5.6710858e-05
   5.6721636e-05
   5.6732433e-05
   5.6743242e-05
   5.6754057e-05
   5.6764871e-05
   5.6775679e-05
   5.6786473e-05
   5.6797249e-05
   5.6807999e-05
   5.6818717e-05
   5.6829398e-05
   5.6840036e-05
   5.6850625e-05
   5.6861160e-05
   5.6871634e-05
   5.6882043e-05
   5.6892381e-05
   5.6902643e-05
   5.6912824e-05
   5.6922920e-05
   5.6932924e-05
   5.6942834e-05
   5.6952643e-05
   5.6962349e-05
   5.6971946e-05
   5.6981431e-05
   5.6990800e-05
   5.7000050e-05
   5.7009175e-05
   5.7018174e-05
   5.7027043e-05
   5.7035779e-05
   5.7044379e-05
   5.7052840e-05
   5.7061160e-05
   5.7069336e-05
   5.7077367e-05
   5.7085249e-05
   5.7092982e-05
   5.7100564e-05
   5.7107992e-05
   5.7115266e-05
   5.7122384e-05
   5.7129346e-05
   5.7136150e-05
   5.7142797e-05
   5.7149284e-05
   5.7155613e-05
   5.7161783e-05
   5.7167793e-05
   5.7173644e-05
   5.7179337e-05
   5.7184871e-05
   5.7190247e-05
   5.7195466e-05
   5.7200530e-05
   5.7205437e-05
   5.7210191e-05
   5.7214793e-05
   5.7219243e-05
   5.7223543e-05
   5.7227695e-05
   5.7231700e-05
   5.7235562e-05
   5.7239281e-05
   5.7242859e-05
   5.7246300e-05
   5.7249604e-05
   5.7252776e-05
   5.7255816e-05
   5.7258728e-05
   5.7261514e-05
   5.7264177e-05
   5.7266720e-05
   5.7269145e-05
   5.7271456e-05
   5.7273655e-05
   5.7275746e-05
   5.7277731e-05
   5.7279613e-05
   5.7281396e-05
   5.7283082e-05
   5.7284675e-05
   5.7286178e-05
   5.7287594e-05
   5.7288926e-05
   5.7290177e-05
   5.7291350e-05
   5.7292449e-05
   5.7293476e-05
   5.7294434e-05
   5.7295328e-05
   5.7296158e-05
   5.7296929e-05
   5.7297644e-05
   5.7298305e-05
   5.7298915e-05
   5.7299476e-05
   5.7299992e-05
   5.7300465e-05
   5.7300897e-05
   5.7301292e-05
   5.7301651e-05
   5.7301976e-05
   5.7302270e-05
   5.7302536e-05
   5.7302774e-05
   5.7302987e-05
   5.7303177e-05
   5.7303345e-05
   5.7303493e-05
   5.7303623e-05
   5.7303735e-05
   5.7303832e-05
   5.7303914e-05
   5.7303983e-05
   5.7304039e-05
   5.7304083e-05
   5.7304115e-05
   5.7304137e-05
   5.7304149e-05
   5.7304151e-05
   5.7304143e-05
