   1.2573653e+02
   1.2573547e+02
   1.2573245e+02
   1.2572738e+02
   1.2572016e+02
   1.2571062e+02
   1.2569855e+02
   1.2568370e+02
   1.2566576e+02
   1.2564440e+02
   1.2561922e+02
   1.2558979e+02
   1.2555563e+02
   1.2551623e+02
   1.2547103e+02
   1.2541944e+02
   1.2536081e+02
   1.2529448e+02
   1.2521974e+02
   1.2513584e+02
   1.2504201e+02
   1.2493745e+02
   1.2482133e+02
   1.2469277e+02
   1.2455090e+02
   1.2439482e+02
   1.2422358e+02
   1.2403626e+02
   1.2383188e+02
   1.2360949e+02
   1.2336809e+02
   1.2310672e+02
   1.2282437e+02
   1.2252005e+02
   1.2219280e+02
   1.2184163e+02
   1.2146557e+02
   1.2106367e+02
   1.2063501e+02
   1.2017867e+02
   1.1969377e+02
   1.1917945e+02
   1.1863490e+02
   1.1805931e+02
   1.1745197e+02
   1.1681216e+02
   1.1613924e+02
   1.1543261e+02
   1.1469173e+02
   1.1391612e+02
   1.1310537e+02
   1.1225912e+02
   1.1137709e+02
   1.1045908e+02
   1.0950494e+02
   1.0851462e+02
   1.0748815e+02
   1.0642563e+02
   1.0532725e+02
   1.0419329e+02
   1.0302409e+02
   1.0182012e+02
   1.0058191e+02
   9.9310066e+01
   9.8005313e+01
   9.6668442e+01
   9.5300334e+01
   9.3901956e+01
   9.2474356e+01
   9.1018663e+01
   8.9536085e+01
   8.8027904e+01
   8.6495476e+01
   8.4940223e+01
   8.3363636e+01
   8.1767264e+01
   8.0152712e+01
   7.8521639e+01
   7.6875750e+01
   7.5216790e+01
   7.3546543e+01
   7.1866822e+01
   7.0179465e+01
   6.8486331e+01
   6.6789290e+01
   6.5090222e+01
   6.3391006e+01
   6.1693518e+01
   5.9999623e+01
   5.8311170e+01
   5.6629986e+01
   5.4957869e+01
   5.3296586e+01
   5.1647863e+01
   5.0013383e+01
   4.8394783e+01
   4.6793643e+01
   4.5211488e+01
   4.3649781e+01
   4.2109920e+01
   4.0593234e+01
   3.9100980e+01
   3.7634343e+01
   3.6194429e+01
   3.4782266e+01
   3.3398802e+01
   3.2044906e+01
   3.0721360e+01
   2.9428869e+01
   2.8168050e+01
   2.6939442e+01
   2.5743498e+01
   2.4580594e+01
   2.3451022e+01
   2.2354999e+01
   2.1292662e+01
   2.0264078e+01
   1.9269237e+01
   1.8308061e+01
   1.7380405e+01
   1.6486060e+01
   1.5624755e+01
   1.4796160e+01
   1.3999891e+01
   1.3235514e+01
   1.2502543e+01
   1.1800450e+01
   1.1128666e+01
   1.0486583e+01
   9.8735589e+00
   9.2889218e+00
   8.7319719e+00
   8.2019856e+00
   7.6982186e+00
   7.2199094e+00
   6.7662822e+00
   6.3365502e+00
   5.9299180e+00
   5.5455851e+00
   5.1827480e+00
   4.8406029e+00
   4.5183485e+00
   4.2151874e+00
   3.9303293e+00
   3.6629920e+00
   3.4124040e+00
   3.1778056e+00
   2.9584510e+00
   2.7536093e+00
   2.5625660e+00
   2.3846240e+00
   2.2191049e+00
   2.0653498e+00
   1.9227200e+00
   1.7905976e+00
   1.6683866e+00
   1.5555128e+00
   1.4514246e+00
   1.3555932e+00
   1.2675127e+00
   1.1867006e+00
   1.1126976e+00
   1.0450681e+00
   9.8339951e-01
   9.2730296e-01
   8.7641279e-01
   8.3038660e-01
   7.8890513e-01
   7.5167208e-01
   7.1841402e-01
   6.8888015e-01
   6.6284221e-01
   6.4009427e-01
   6.2045257e-01
   6.0375540e-01
   5.8986291e-01
   5.7865701e-01
   5.7004124e-01
   5.6394069e-01
   5.6030190e-01
   5.5909283e-01
   5.6030279e-01
   5.6394249e-01
   5.7004397e-01
   5.7866070e-01
   5.8986762e-01
   6.0376119e-01
   6.2045952e-01
   6.4010246e-01
   6.6285176e-01
   6.8889119e-01
   7.1842668e-01
   7.5168654e-01
   7.8892157e-01
   8.3040523e-01
   8.7643384e-01
   9.2732670e-01
   9.8342624e-01
   1.0450981e+00
   1.1127313e+00
   1.1867383e+00
   1.2675549e+00
   1.3556404e+00
   1.4514773e+00
   1.5555716e+00
   1.6684520e+00
   1.7906704e+00
   1.9228008e+00
   2.0654395e+00
   2.2192043e+00
   2.3847340e+00
   2.5626875e+00
   2.7537435e+00
   2.9585990e+00
   3.1779685e+00
   3.4125831e+00
   3.6631887e+00
   3.9305450e+00
   4.2154237e+00
   4.5186069e+00
   4.8408852e+00
   5.1830559e+00
   5.5459205e+00
   5.9302829e+00
   6.3369466e+00
   6.7667124e+00
   7.2203755e+00
   7.6987230e+00
   8.2025307e+00
   8.7325603e+00
   9.2895560e+00
   9.8742416e+00
   1.0487317e+01
   1.1129454e+01
   1.1801295e+01
   1.2503448e+01
   1.3236482e+01
   1.4000926e+01
   1.4797263e+01
   1.5625931e+01
   1.6487312e+01
   1.7381736e+01
   1.8309473e+01
   1.9270735e+01
   2.0265664e+01
   2.1294341e+01
   2.2356772e+01
   2.3452894e+01
   2.4582567e+01
   2.5745576e+01
   2.6941627e+01
   2.8170345e+01
   2.9431277e+01
   3.0723884e+01
   3.2047548e+01
   3.3401566e+01
   3.4785152e+01
   3.6197440e+01
   3.7637482e+01
   3.9104249e+01
   4.0596633e+01
   4.2113451e+01
   4.3653445e+01
   4.5215286e+01
   4.6797576e+01
   4.8398851e+01
   5.0017587e+01
   5.1652202e+01
   5.3301060e+01
   5.4962478e+01
   5.6634729e+01
   5.8316046e+01
   6.0004630e+01
   6.1698655e+01
   6.3396270e+01
   6.5095612e+01
   6.6794803e+01
   6.8491964e+01
   7.0185216e+01
   7.1872687e+01
   7.3552518e+01
   7.5222872e+01
   7.6881934e+01
   7.8527922e+01
   8.0159089e+01
   8.1773730e+01
   8.3370187e+01
   8.4946853e+01
   8.6502179e+01
   8.8034676e+01
   8.9542920e+01
   9.1025556e+01
   9.2481300e+01
   9.3908946e+01
   9.5307364e+01
   9.6675505e+01
   9.8012404e+01
   9.9317178e+01
   1.0058903e+02
   1.0182726e+02
   1.0303123e+02
   1.0420042e+02
   1.0533438e+02
   1.0643274e+02
   1.0749524e+02
   1.0852168e+02
   1.0951196e+02
   1.1046606e+02
   1.1138403e+02
   1.1226601e+02
   1.1311220e+02
   1.1392289e+02
   1.1469843e+02
   1.1543923e+02
   1.1614579e+02
   1.1681862e+02
   1.1745835e+02
   1.1806560e+02
   1.1864108e+02
   1.1918554e+02
   1.1969975e+02
   1.2018455e+02
   1.2064077e+02
   1.2106932e+02
   1.2147109e+02
   1.2184702e+02
   1.2219807e+02
   1.2252520e+02
   1.2282938e+02
   1.2311159e+02
   1.2337283e+02
   1.2361409e+02
   1.2383634e+02
   1.2404057e+02
   1.2422775e+02
   1.2439883e+02
   1.2455477e+02
   1.2469649e+02
   1.2482489e+02
   1.2494086e+02
   1.2504527e+02
   1.2513894e+02
   1.2522268e+02
   1.2529726e+02
   1.2536343e+02
   1.2542190e+02
   1.2547333e+02
   1.2551837e+02
   1.2555761e+02
   1.2559160e+02
   1.2562087e+02
   1.2564589e+02
   1.2566709e+02
   1.2568486e+02
   1.2569954e+02
   1.2571145e+02
   1.2572082e+02
   1.2572788e+02
   1.2573278e+02
   1.2573564e+02
   1.2573653e+02
