   1.2278393e+04
   1.2276701e+04
   1.2271631e+04
   1.2263172e+04
   1.2251307e+04
   1.2236009e+04
   1.2217248e+04
   1.2194983e+04
   1.2169170e+04
   1.2139756e+04
   1.2106686e+04
   1.2069895e+04
   1.2029316e+04
   1.1984876e+04
   1.1936500e+04
   1.1884107e+04
   1.1827616e+04
   1.1766940e+04
   1.1701995e+04
   1.1632694e+04
   1.1558949e+04
   1.1480675e+04
   1.1397789e+04
   1.1310208e+04
   1.1217855e+04
   1.1120657e+04
   1.1018545e+04
   1.0911458e+04
   1.0799342e+04
   1.0682152e+04
   1.0559850e+04
   1.0432411e+04
   1.0299819e+04
   1.0162073e+04
   1.0019182e+04
   9.8711706e+03
   9.7180788e+03
   9.5599610e+03
   9.3968884e+03
   9.2289491e+03
   9.0562486e+03
   8.8789107e+03
   8.6970771e+03
   8.5109087e+03
   8.3205848e+03
   8.1263037e+03
   7.9282828e+03
   7.7267578e+03
   7.5219829e+03
   7.3142299e+03
   7.1037881e+03
   6.8909632e+03
   6.6760766e+03
   6.4594642e+03
   6.2414753e+03
   6.0224715e+03
   5.8028249e+03
   5.5829171e+03
   5.3631369e+03
   5.1438791e+03
   4.9255423e+03
   4.7085272e+03
   4.4932344e+03
   4.2800626e+03
   4.0694060e+03
   3.8616531e+03
   3.6571835e+03
   3.4563668e+03
   3.2595600e+03
   3.0671054e+03
   2.8793291e+03
   2.6965388e+03
   2.5190224e+03
   2.3470460e+03
   2.1808527e+03
   2.0206610e+03
   1.8666641e+03
   1.7190284e+03
   1.5778932e+03
   1.4433698e+03
   1.3155410e+03
   1.1944613e+03
   1.0801567e+03
   9.7262495e+02
   8.7183588e+02
   7.7773228e+02
   6.9023059e+02
   6.0922194e+02
   5.3457336e+02
   4.6612911e+02
   4.0371225e+02
   3.4712620e+02
   2.9615657e+02
   2.5057297e+02
   2.1013096e+02
   1.7457402e+02
   1.4363562e+02
   1.1704125e+02
   9.4510459e+01
   7.5758925e+01
   6.0500423e+01
   4.8448781e+01
   3.9319749e+01
   3.2832781e+01
   2.8712722e+01
   2.6691375e+01
   2.6508951e+01
   2.7915382e+01
   3.0671491e+01
   3.4550025e+01
   3.9336526e+01
   4.4830066e+01
   5.0843815e+01
   5.7205469e+01
   6.3757532e+01
   7.0357445e+01
   7.6877593e+01
   8.3205172e+01
   8.9241942e+01
   9.4903862e+01
   1.0012063e+02
   1.0483514e+02
   1.0900280e+02
   1.1259090e+02
   1.1557781e+02
   1.1795214e+02
   1.1971196e+02
   1.2086389e+02
   1.2142224e+02
   1.2140809e+02
   1.2084843e+02
   1.1977529e+02
   1.1822489e+02
   1.1623680e+02
   1.1385317e+02
   1.1111801e+02
   1.0807641e+02
   1.0477398e+02
   1.0125618e+02
   9.7567801e+01
   9.3752461e+01
   8.9852170e+01
   8.5906948e+01
   8.1954495e+01
   7.8029918e+01
   7.4165512e+01
   7.0390589e+01
   6.6731355e+01
   6.3210835e+01
   5.9848839e+01
   5.6661969e+01
   5.3663660e+01
   5.0864255e+01
   4.8271111e+01
   4.5888732e+01
   4.3718917e+01
   4.1760941e+01
   4.0011738e+01
   3.8466109e+01
   3.7116933e+01
   3.5955387e+01
   3.4971173e+01
   3.4152748e+01
   3.3487548e+01
   3.2962218e+01
   3.2562833e+01
   3.2275115e+01
   3.2084644e+01
   3.1977058e+01
   3.1938248e+01
   3.1954534e+01
   3.2012839e+01
   3.2100844e+01
   3.2207132e+01
   3.2321318e+01
   3.2434165e+01
   3.2537684e+01
   3.2625219e+01
   3.2691523e+01
   3.2732806e+01
   3.2746780e+01
   3.2732679e+01
   3.2691270e+01
   3.2624842e+01
   3.2537186e+01
   3.2433551e+01
   3.2320593e+01
   3.2206302e+01
   3.2099916e+01
   3.2011821e+01
   3.1953435e+01
   3.1937078e+01
   3.1975827e+01
   3.2083362e+01
   3.2273794e+01
   3.2561484e+01
   3.2960854e+01
   3.3486180e+01
   3.4151390e+01
   3.4969837e+01
   3.5954084e+01
   3.7115677e+01
   3.8464913e+01
   4.0010612e+01
   4.1759896e+01
   4.3717965e+01
   4.5887883e+01
   4.8270375e+01
   5.0863639e+01
   5.3663173e+01
   5.6661619e+01
   5.9848631e+01
   6.3210773e+01
   6.6731444e+01
   7.0390832e+01
   7.4165910e+01
   7.8030470e+01
   8.1955201e+01
   8.5907806e+01
   8.9853177e+01
   9.3753611e+01
   9.7569088e+01
   1.0125760e+02
   1.0477552e+02
   1.0807806e+02
   1.1111976e+02
   1.1385501e+02
   1.1623871e+02
   1.1822687e+02
   1.1977732e+02
   1.2085049e+02
   1.2141017e+02
   1.2142433e+02
   1.2086598e+02
   1.1971402e+02
   1.1795416e+02
   1.1557978e+02
   1.1259282e+02
   1.0900465e+02
   1.0483691e+02
   1.0012233e+02
   9.4905477e+01
   8.9243475e+01
   8.3206631e+01
   7.6878986e+01
   7.0358787e+01
   6.3758842e+01
   5.7206773e+01
   5.0845144e+01
   4.4831459e+01
   3.9338029e+01
   3.4551691e+01
   3.0673383e+01
   2.7917570e+01
   2.6511515e+01
   2.6694404e+01
   2.8716317e+01
   3.2837052e+01
   3.9324815e+01
   4.8454774e+01
   6.0507483e+01
   7.5767205e+01
   9.4520122e+01
   1.1705247e+02
   1.4364858e+02
   1.7458891e+02
   2.1014798e+02
   2.5059234e+02
   2.9617851e+02
   3.4715093e+02
   4.0374001e+02
   4.6616014e+02
   5.3460790e+02
   6.0926025e+02
   6.9027291e+02
   7.7777886e+02
   8.7188697e+02
   9.7268080e+02
   1.0802176e+03
   1.1945274e+03
   1.3156126e+03
   1.4434471e+03
   1.5779765e+03
   1.7191178e+03
   1.8667598e+03
   2.0207632e+03
   2.1809616e+03
   2.3471618e+03
   2.5191452e+03
   2.6966686e+03
   2.8794660e+03
   3.0672496e+03
   3.2597115e+03
   3.4565257e+03
   3.6573497e+03
   3.8618265e+03
   4.0695867e+03
   4.2802505e+03
   4.4934294e+03
   4.7087292e+03
   4.9257511e+03
   5.1440945e+03
   5.3633588e+03
   5.5831453e+03
   5.8030591e+03
   6.0227114e+03
   6.2417208e+03
   6.4597148e+03
   6.6763321e+03
   6.8912232e+03
   7.1040523e+03
   7.3144978e+03
   7.5222542e+03
   7.7270322e+03
   7.9285598e+03
   8.1265829e+03
   8.3208656e+03
   8.5111909e+03
   8.6973602e+03
   8.8791942e+03
   9.0565322e+03
   9.2292322e+03
   9.3971706e+03
   9.5602418e+03
   9.7183578e+03
   9.8714474e+03
   1.0019456e+04
   1.0162344e+04
   1.0300087e+04
   1.0432674e+04
   1.0560109e+04
   1.0682406e+04
   1.0799592e+04
   1.0911702e+04
   1.1018783e+04
   1.1120888e+04
   1.1218080e+04
   1.1310426e+04
   1.1398000e+04
   1.1480879e+04
   1.1559145e+04
   1.1632881e+04
   1.1702174e+04
   1.1767111e+04
   1.1827777e+04
   1.1884260e+04
   1.1936643e+04
   1.1985010e+04
   1.2029440e+04
   1.2070009e+04
   1.2106790e+04
   1.2139851e+04
   1.2169254e+04
   1.2195057e+04
   1.2217311e+04
   1.2236062e+04
   1.2251349e+04
   1.2263204e+04
   1.2271652e+04
   1.2276711e+04
   1.2278393e+04
