   2.3646662e+04
   2.3643644e+04
   2.3634631e+04
   2.3619571e+04
   2.3598384e+04
   2.3570955e+04
   2.3537137e+04
   2.3496755e+04
   2.3449600e+04
   2.3395438e+04
   2.3334004e+04
   2.3265009e+04
   2.3188140e+04
   2.3103061e+04
   2.3009414e+04
   2.2906827e+04
   2.2794908e+04
   2.2673255e+04
   2.2541456e+04
   2.2399092e+04
   2.2245742e+04
   2.2080985e+04
   2.1904403e+04
   2.1715588e+04
   2.1514146e+04
   2.1299697e+04
   2.1071884e+04
   2.0830378e+04
   2.0574880e+04
   2.0305126e+04
   2.0020894e+04
   1.9722008e+04
   1.9408343e+04
   1.9079828e+04
   1.8736454e+04
   1.8378276e+04
   1.8005418e+04
   1.7618077e+04
   1.7216524e+04
   1.6801112e+04
   1.6372277e+04
   1.5930535e+04
   1.5476492e+04
   1.5010837e+04
   1.4534349e+04
   1.4047889e+04
   1.3552406e+04
   1.3048929e+04
   1.2538565e+04
   1.2022500e+04
   1.1501984e+04
   1.0978336e+04
   1.0452929e+04
   9.9271878e+03
   9.4025767e+03
   8.8805925e+03
   8.3627539e+03
   7.8505911e+03
   7.3456345e+03
   6.8494031e+03
   6.3633932e+03
   5.8890655e+03
   5.4278337e+03
   4.9810520e+03
   4.5500035e+03
   4.1358885e+03
   3.7398139e+03
   3.3627823e+03
   3.0056832e+03
   2.6692838e+03
   2.3542220e+03
   2.0609997e+03
   1.7899782e+03
   1.5413741e+03
   1.3152576e+03
   1.1115515e+03
   9.3003224e+02
   7.7033237e+02
   6.3194441e+02
   5.1422643e+02
   4.1640900e+02
   3.3760347e+02
   2.7681166e+02
   2.3293655e+02
   2.0479417e+02
   1.9112621e+02
   1.9061347e+02
   2.0188977e+02
   2.2355627e+02
   2.5419588e+02
   2.9238776e+02
   3.3672152e+02
   3.8581107e+02
   4.3830789e+02
   4.9291359e+02
   5.4839155e+02
   6.0357753e+02
   6.5738926e+02
   7.0883458e+02
   7.5701850e+02
   8.0114866e+02
   8.4053959e+02
   8.7461536e+02
   9.0291093e+02
   9.2507211e+02
   9.4085411e+02
   9.5011888e+02
   9.5283127e+02
   9.4905404e+02
   9.3894197e+02
   9.2273509e+02
   9.0075112e+02
   8.7337744e+02
   8.4106248e+02
   8.0430689e+02
   7.6365447e+02
   7.1968304e+02
   6.7299546e+02
   6.2421073e+02
   5.7395548e+02
   5.2285578e+02
   4.7152951e+02
   4.2057920e+02
   3.7058555e+02
   3.2210156e+02
   2.7564741e+02
   2.3170598e+02
   1.9071922e+02
   1.5308512e+02
   1.1915546e+02
   8.9234269e+01
   6.3576924e+01
   4.2389872e+01
   2.5830959e+01
   1.4010281e+01
   6.9915271e+00
   4.7937572e+00
   7.3936051e+00
   1.4727615e+01
   2.6695034e+01
   4.3160769e+01
   6.3958447e+01
   8.8893594e+01
   1.1774687e+02
   1.5027732e+02
   1.8622557e+02
   2.2531701e+02
   2.6726478e+02
   3.1177278e+02
   3.5853833e+02
   4.0725489e+02
   4.5761439e+02
   5.0930952e+02
   5.6203572e+02
   6.1549306e+02
   6.6938782e+02
   7.2343391e+02
   7.7735416e+02
   8.3088130e+02
   8.8375886e+02
   9.3574186e+02
   9.8659732e+02
   1.0361047e+03
   1.0840562e+03
   1.1302566e+03
   1.1745240e+03
   1.2166889e+03
   1.2565948e+03
   1.2940976e+03
   1.3290655e+03
   1.3613788e+03
   1.3909296e+03
   1.4176214e+03
   1.4413687e+03
   1.4620971e+03
   1.4797428e+03
   1.4942520e+03
   1.5055813e+03
   1.5136970e+03
   1.5185752e+03
   1.5202016e+03
   1.5185715e+03
   1.5136896e+03
   1.5055702e+03
   1.4942374e+03
   1.4797246e+03
   1.4620756e+03
   1.4413438e+03
   1.4175933e+03
   1.3908985e+03
   1.3613448e+03
   1.3290288e+03
   1.2940584e+03
   1.2565533e+03
   1.2166454e+03
   1.1744786e+03
   1.1302096e+03
   1.0840078e+03
   1.0360552e+03
   9.8654697e+02
   9.3569093e+02
   8.8370761e+02
   8.3083000e+02
   7.7730308e+02
   7.2338332e+02
   6.6933798e+02
   6.1544424e+02
   5.6198817e+02
   5.0926348e+02
   4.5757012e+02
   4.0721261e+02
   3.5849827e+02
   3.1173514e+02
   2.6722977e+02
   2.2528480e+02
   1.8619635e+02
   1.5025123e+02
   1.1772406e+02
   8.8874190e+01
   6.3942560e+01
   4.3148493e+01
   2.6686447e+01
   1.4722780e+01
   7.3925632e+00
   4.7965359e+00
   6.9981643e+00
   1.4020784e+01
   2.5845308e+01
   4.2408037e+01
   6.3598861e+01
   8.9259920e+01
   1.1918475e+02
   1.5311797e+02
   1.9075553e+02
   2.3174563e+02
   2.7569027e+02
   3.2214750e+02
   3.7063440e+02
   4.2063079e+02
   4.7158365e+02
   5.2291228e+02
   5.7401411e+02
   6.2427126e+02
   6.7305765e+02
   7.1974662e+02
   7.6371916e+02
   8.0437240e+02
   8.4112851e+02
   8.7344367e+02
   9.0081723e+02
   9.2280073e+02
   9.3900682e+02
   9.4911775e+02
   9.5289351e+02
   9.5017932e+02
   9.4091243e+02
   9.2512801e+02
   9.0296413e+02
   8.7466561e+02
   8.4058668e+02
   8.0119242e+02
   7.5705881e+02
   7.0887139e+02
   6.5742256e+02
   6.0360742e+02
   5.4841818e+02
   4.9293722e+02
   4.3832886e+02
   3.8582982e+02
   3.3673861e+02
   2.9240385e+02
   2.5421175e+02
   2.2357281e+02
   2.0190801e+02
   1.9063453e+02
   1.9115134e+02
   2.0482473e+02
   2.3297402e+02
   2.7685760e+02
   3.3765956e+02
   4.1647699e+02
   5.1430815e+02
   6.3204175e+02
   7.7044728e+02
   9.3016670e+02
   1.1117075e+03
   1.3154372e+03
   1.5415792e+03
   1.7902109e+03
   2.0612619e+03
   2.3545155e+03
   2.6696104e+03
   3.0060446e+03
   3.3631801e+03
   3.7402495e+03
   4.1363633e+03
   4.5505186e+03
   4.9816084e+03
   5.4284322e+03
   5.8897067e+03
   6.3640776e+03
   6.8501309e+03
   7.3464057e+03
   7.8514055e+03
   8.3636111e+03
   8.8814919e+03
   9.4035174e+03
   9.9281689e+03
   1.0453949e+04
   1.0979394e+04
   1.1503078e+04
   1.2023628e+04
   1.2539726e+04
   1.3050120e+04
   1.3553625e+04
   1.4049134e+04
   1.4535617e+04
   1.5012126e+04
   1.5477798e+04
   1.5931857e+04
   1.6373611e+04
   1.6802456e+04
   1.7217875e+04
   1.7619431e+04
   1.8006774e+04
   1.8379630e+04
   1.8737803e+04
   1.9081169e+04
   1.9409673e+04
   1.9723326e+04
   2.0022196e+04
   2.0306409e+04
   2.0576142e+04
   2.0831617e+04
   2.1073097e+04
   2.1300881e+04
   2.1515299e+04
   2.1716709e+04
   2.1905489e+04
   2.2082034e+04
   2.2246754e+04
   2.2400063e+04
   2.2542385e+04
   2.2674140e+04
   2.2795748e+04
   2.2907621e+04
   2.3010161e+04
   2.3103759e+04
   2.3188789e+04
   2.3265607e+04
   2.3334550e+04
   2.3395931e+04
   2.3450041e+04
   2.3497142e+04
   2.3537470e+04
   2.3571233e+04
   2.3598607e+04
   2.3619738e+04
   2.3634742e+04
   2.3643700e+04
   2.3646662e+04
