   2.3462417e+02
   2.3461665e+02
   2.3459417e+02
   2.3455665e+02
   2.3450395e+02
   2.3443589e+02
   2.3435224e+02
   2.3425270e+02
   2.3413695e+02
   2.3400459e+02
   2.3385520e+02
   2.3368828e+02
   2.3350330e+02
   2.3329971e+02
   2.3307687e+02
   2.3283413e+02
   2.3257079e+02
   2.3228611e+02
   2.3197932e+02
   2.3164962e+02
   2.3129617e+02
   2.3091810e+02
   2.3051451e+02
   2.3008450e+02
   2.2962712e+02
   2.2914141e+02
   2.2862642e+02
   2.2808114e+02
   2.2750460e+02
   2.2689580e+02
   2.2625375e+02
   2.2557743e+02
   2.2486587e+02
   2.2411809e+02
   2.2333312e+02
   2.2251000e+02
   2.2164781e+02
   2.2074565e+02
   2.1980263e+02
   2.1881792e+02
   2.1779071e+02
   2.1672023e+02
   2.1560576e+02
   2.1444663e+02
   2.1324222e+02
   2.1199196e+02
   2.1069534e+02
   2.0935193e+02
   2.0796135e+02
   2.0652329e+02
   2.0503752e+02
   2.0350387e+02
   2.0192228e+02
   2.0029274e+02
   1.9861533e+02
   1.9689023e+02
   1.9511769e+02
   1.9329806e+02
   1.9143177e+02
   1.8951935e+02
   1.8756143e+02
   1.8555869e+02
   1.8351196e+02
   1.8142213e+02
   1.7929017e+02
   1.7711716e+02
   1.7490428e+02
   1.7265277e+02
   1.7036396e+02
   1.6803929e+02
   1.6568025e+02
   1.6328842e+02
   1.6086545e+02
   1.5841308e+02
   1.5593310e+02
   1.5342736e+02
   1.5089777e+02
   1.4834632e+02
   1.4577503e+02
   1.4318594e+02
   1.4058119e+02
   1.3796290e+02
   1.3533324e+02
   1.3269441e+02
   1.3004863e+02
   1.2739810e+02
   1.2474507e+02
   1.2209177e+02
   1.1944042e+02
   1.1679323e+02
   1.1415242e+02
   1.1152015e+02
   1.0889857e+02
   1.0628981e+02
   1.0369594e+02
   1.0111901e+02
   9.8560995e+01
   9.6023841e+01
   9.3509428e+01
   9.1019577e+01
   8.8556045e+01
   8.6120522e+01
   8.3714625e+01
   8.1339898e+01
   7.8997810e+01
   7.6689747e+01
   7.4417019e+01
   7.2180850e+01
   6.9982380e+01
   6.7822667e+01
   6.5702679e+01
   6.3623302e+01
   6.1585332e+01
   5.9589481e+01
   5.7636377e+01
   5.5726559e+01
   5.3860485e+01
   5.2038531e+01
   5.0260991e+01
   4.8528079e+01
   4.6839934e+01
   4.5196618e+01
   4.3598122e+01
   4.2044366e+01
   4.0535203e+01
   3.9070421e+01
   3.7649747e+01
   3.6272849e+01
   3.4939339e+01
   3.3648780e+01
   3.2400682e+01
   3.1194511e+01
   3.0029691e+01
   2.8905607e+01
   2.7821608e+01
   2.6777010e+01
   2.5771101e+01
   2.4803142e+01
   2.3872373e+01
   2.2978012e+01
   2.2119263e+01
   2.1295313e+01
   2.0505343e+01
   1.9748523e+01
   1.9024017e+01
   1.8330990e+01
   1.7668603e+01
   1.7036022e+01
   1.6432415e+01
   1.5856961e+01
   1.5308844e+01
   1.4787259e+01
   1.4291416e+01
   1.3820537e+01
   1.3373861e+01
   1.2950645e+01
   1.2550164e+01
   1.2171713e+01
   1.1814609e+01
   1.1478192e+01
   1.1161825e+01
   1.0864895e+01
   1.0586816e+01
   1.0327027e+01
   1.0084994e+01
   9.8602118e+00
   9.6522014e+00
   9.4605141e+00
   9.2847299e+00
   9.1244586e+00
   8.9793399e+00
   8.8490438e+00
   8.7332711e+00
   8.6317533e+00
   8.5442530e+00
   8.4705644e+00
   8.4105127e+00
   8.3639550e+00
   8.3307800e+00
   8.3109082e+00
   8.3042916e+00
   8.3109145e+00
   8.3307928e+00
   8.3639743e+00
   8.4105384e+00
   8.4705967e+00
   8.5442921e+00
   8.6317991e+00
   8.7333240e+00
   8.8491039e+00
   8.9794074e+00
   9.1245337e+00
   9.2848129e+00
   9.4606052e+00
   9.6523010e+00
   9.8603202e+00
   1.0085112e+01
   1.0327154e+01
   1.0586953e+01
   1.0865043e+01
   1.1161983e+01
   1.1478361e+01
   1.1814790e+01
   1.2171906e+01
   1.2550370e+01
   1.2950865e+01
   1.3374096e+01
   1.3820786e+01
   1.4291681e+01
   1.4787540e+01
   1.5309142e+01
   1.5857278e+01
   1.6432751e+01
   1.7036377e+01
   1.7668978e+01
   1.8331387e+01
   1.9024437e+01
   1.9748966e+01
   2.0505810e+01
   2.1295806e+01
   2.2119782e+01
   2.2978559e+01
   2.3872948e+01
   2.4803748e+01
   2.5771737e+01
   2.6777679e+01
   2.7822310e+01
   2.8906344e+01
   3.0030464e+01
   3.1195321e+01
   3.2401530e+01
   3.3649668e+01
   3.4940269e+01
   3.6273820e+01
   3.7650762e+01
   3.9071481e+01
   4.0536309e+01
   4.2045520e+01
   4.3599325e+01
   4.5197871e+01
   4.6841238e+01
   4.8529436e+01
   5.0262401e+01
   5.2039996e+01
   5.3862006e+01
   5.5728137e+01
   5.7638013e+01
   5.9591177e+01
   6.1587087e+01
   6.3625118e+01
   6.5704557e+01
   6.7824607e+01
   6.9984384e+01
   7.2182917e+01
   7.4419150e+01
   7.6691943e+01
   7.9000071e+01
   8.1342225e+01
   8.3717017e+01
   8.6122980e+01
   8.8558569e+01
   9.1022166e+01
   9.3512083e+01
   9.6026561e+01
   9.8563780e+01
   1.0112186e+02
   1.0369886e+02
   1.0629279e+02
   1.0890161e+02
   1.1152325e+02
   1.1415558e+02
   1.1679645e+02
   1.1944369e+02
   1.2209510e+02
   1.2474846e+02
   1.2740154e+02
   1.3005212e+02
   1.3269796e+02
   1.3533683e+02
   1.3796654e+02
   1.4058487e+02
   1.4318967e+02
   1.4577879e+02
   1.4835013e+02
   1.5090161e+02
   1.5343123e+02
   1.5593700e+02
   1.5841701e+02
   1.6086941e+02
   1.6329240e+02
   1.6568425e+02
   1.6804331e+02
   1.7036799e+02
   1.7265681e+02
   1.7490833e+02
   1.7712122e+02
   1.7929423e+02
   1.8142619e+02
   1.8351602e+02
   1.8556275e+02
   1.8756547e+02
   1.8952339e+02
   1.9143579e+02
   1.9330206e+02
   1.9512167e+02
   1.9689419e+02
   1.9861926e+02
   2.0029664e+02
   2.0192615e+02
   2.0350771e+02
   2.0504132e+02
   2.0652706e+02
   2.0796508e+02
   2.0935561e+02
   2.1069898e+02
   2.1199555e+02
   2.1324576e+02
   2.1445012e+02
   2.1560919e+02
   2.1672360e+02
   2.1779402e+02
   2.1882118e+02
   2.1980582e+02
   2.2074877e+02
   2.2165087e+02
   2.2251299e+02
   2.2333604e+02
   2.2412094e+02
   2.2486865e+02
   2.2558014e+02
   2.2625637e+02
   2.2689836e+02
   2.2750708e+02
   2.2808354e+02
   2.2862873e+02
   2.2914365e+02
   2.2962927e+02
   2.3008657e+02
   2.3051650e+02
   2.3092000e+02
   2.3129798e+02
   2.3165135e+02
   2.3198096e+02
   2.3228766e+02
   2.3257225e+02
   2.3283550e+02
   2.3307815e+02
   2.3330090e+02
   2.3350441e+02
   2.3368929e+02
   2.3385612e+02
   2.3400543e+02
   2.3413769e+02
   2.3425335e+02
   2.3435279e+02
   2.3443635e+02
   2.3450432e+02
   2.3455693e+02
   2.3459436e+02
   2.3461675e+02
   2.3462417e+02
