   5.7549265e+01
   5.7548677e+01
   5.7546939e+01
   5.7544034e+01
   5.7539931e+01
   5.7534586e+01
   5.7527945e+01
   5.7519940e+01
   5.7510491e+01
   5.7499509e+01
   5.7486889e+01
   5.7472519e+01
   5.7456273e+01
   5.7438014e+01
   5.7417596e+01
   5.7394861e+01
   5.7369641e+01
   5.7341759e+01
   5.7311030e+01
   5.7277256e+01
   5.7240233e+01
   5.7199749e+01
   5.7155584e+01
   5.7107511e+01
   5.7055295e+01
   5.6998696e+01
   5.6937468e+01
   5.6871361e+01
   5.6800119e+01
   5.6723483e+01
   5.6641192e+01
   5.6552982e+01
   5.6458586e+01
   5.6357738e+01
   5.6250171e+01
   5.6135619e+01
   5.6013815e+01
   5.5884499e+01
   5.5747410e+01
   5.5602291e+01
   5.5448893e+01
   5.5286969e+01
   5.5116280e+01
   5.4936593e+01
   5.4747686e+01
   5.4549341e+01
   5.4341355e+01
   5.4123532e+01
   5.3895689e+01
   5.3657655e+01
   5.3409270e+01
   5.3150391e+01
   5.2880887e+01
   5.2600644e+01
   5.2309562e+01
   5.2007559e+01
   5.1694568e+01
   5.1370542e+01
   5.1035451e+01
   5.0689284e+01
   5.0332049e+01
   4.9963772e+01
   4.9584501e+01
   4.9194301e+01
   4.8793261e+01
   4.8381486e+01
   4.7959105e+01
   4.7526265e+01
   4.7083134e+01
   4.6629900e+01
   4.6166771e+01
   4.5693973e+01
   4.5211755e+01
   4.4720382e+01
   4.4220137e+01
   4.3711323e+01
   4.3194258e+01
   4.2669280e+01
   4.2136739e+01
   4.1597003e+01
   4.1050453e+01
   4.0497483e+01
   3.9938502e+01
   3.9373928e+01
   3.8804190e+01
   3.8229728e+01
   3.7650989e+01
   3.7068429e+01
   3.6482508e+01
   3.5893694e+01
   3.5302456e+01
   3.4709269e+01
   3.4114606e+01
   3.3518945e+01
   3.2922760e+01
   3.2326525e+01
   3.1730710e+01
   3.1135783e+01
   3.0542204e+01
   2.9950430e+01
   2.9360910e+01
   2.8774085e+01
   2.8190386e+01
   2.7610235e+01
   2.7034044e+01
   2.6462214e+01
   2.5895132e+01
   2.5333173e+01
   2.4776698e+01
   2.4226057e+01
   2.3681580e+01
   2.3143587e+01
   2.2612381e+01
   2.2088247e+01
   2.1571457e+01
   2.1062267e+01
   2.0560913e+01
   2.0067618e+01
   1.9582588e+01
   1.9106012e+01
   1.8638061e+01
   1.8178892e+01
   1.7728645e+01
   1.7287445e+01
   1.6855400e+01
   1.6432603e+01
   1.6019132e+01
   1.5615051e+01
   1.5220410e+01
   1.4835244e+01
   1.4459576e+01
   1.4093415e+01
   1.3736759e+01
   1.3389595e+01
   1.3051895e+01
   1.2723626e+01
   1.2404741e+01
   1.2095184e+01
   1.1794894e+01
   1.1503796e+01
   1.1221813e+01
   1.0948858e+01
   1.0684839e+01
   1.0429657e+01
   1.0183209e+01
   9.9453885e+00
   9.7160828e+00
   9.4951776e+00
   9.2825554e+00
   9.0780963e+00
   8.8816792e+00
   8.6931814e+00
   8.5124800e+00
   8.3394515e+00
   8.1739731e+00
   8.0159226e+00
   7.8651791e+00
   7.7216230e+00
   7.5851372e+00
   7.4556066e+00
   7.3329190e+00
   7.2169652e+00
   7.1076395e+00
   7.0048399e+00
   6.9084682e+00
   6.8184308e+00
   6.7346381e+00
   6.6570057e+00
   6.5854539e+00
   6.5199082e+00
   6.4602994e+00
   6.4065637e+00
   6.3586430e+00
   6.3164851e+00
   6.2800435e+00
   6.2492778e+00
   6.2241535e+00
   6.2046424e+00
   6.1907225e+00
   6.1823780e+00
   6.1795995e+00
   6.1823838e+00
   6.1907341e+00
   6.2046599e+00
   6.2241769e+00
   6.2493071e+00
   6.2800789e+00
   6.3165266e+00
   6.3586907e+00
   6.4066176e+00
   6.4603597e+00
   6.5199750e+00
   6.5855274e+00
   6.6570860e+00
   6.7347253e+00
   6.8185251e+00
   6.9085699e+00
   7.0049491e+00
   7.1077564e+00
   7.2170901e+00
   7.3330520e+00
   7.4557481e+00
   7.5852875e+00
   7.7217823e+00
   7.8653476e+00
   8.0161008e+00
   8.1741612e+00
   8.3396498e+00
   8.5126889e+00
   8.6934013e+00
   8.8819103e+00
   9.0783391e+00
   9.2828102e+00
   9.4954449e+00
   9.7163630e+00
   9.9456820e+00
   1.0183517e+01
   1.0429978e+01
   1.0685175e+01
   1.0949209e+01
   1.1222180e+01
   1.1504179e+01
   1.1795292e+01
   1.2095600e+01
   1.2405173e+01
   1.2724076e+01
   1.3052364e+01
   1.3390082e+01
   1.3737266e+01
   1.4093942e+01
   1.4460123e+01
   1.4835812e+01
   1.5220999e+01
   1.5615661e+01
   1.6019764e+01
   1.6433257e+01
   1.6856077e+01
   1.7288145e+01
   1.7729369e+01
   1.8179640e+01
   1.8638833e+01
   1.9106809e+01
   1.9583410e+01
   2.0068466e+01
   2.0561786e+01
   2.1063165e+01
   2.1572382e+01
   2.2089198e+01
   2.2613358e+01
   2.3144591e+01
   2.3682610e+01
   2.4227113e+01
   2.4777782e+01
   2.5334283e+01
   2.5896268e+01
   2.6463377e+01
   2.7035234e+01
   2.7611451e+01
   2.8191627e+01
   2.8775352e+01
   2.9362203e+01
   2.9951748e+01
   3.0543547e+01
   3.1137150e+01
   3.1732101e+01
   3.2327940e+01
   3.2924198e+01
   3.3520405e+01
   3.4116088e+01
   3.4710771e+01
   3.5303979e+01
   3.5895236e+01
   3.6484069e+01
   3.7070008e+01
   3.7652586e+01
   3.8231341e+01
   3.8805818e+01
   3.9375571e+01
   3.9940158e+01
   4.0499152e+01
   4.1052134e+01
   4.1598694e+01
   4.2138440e+01
   4.2670990e+01
   4.3195975e+01
   4.3713046e+01
   4.4221866e+01
   4.4722115e+01
   4.5213491e+01
   4.5695711e+01
   4.6168509e+01
   4.6631638e+01
   4.7084871e+01
   4.7528000e+01
   4.7960836e+01
   4.8383212e+01
   4.8794980e+01
   4.9196014e+01
   4.9586205e+01
   4.9965467e+01
   5.0333734e+01
   5.0690958e+01
   5.1037113e+01
   5.1372190e+01
   5.1696202e+01
   5.2009177e+01
   5.2311164e+01
   5.2602229e+01
   5.2882454e+01
   5.3151939e+01
   5.3410799e+01
   5.3659162e+01
   5.3897176e+01
   5.4124997e+01
   5.4342797e+01
   5.4550759e+01
   5.4749079e+01
   5.4937962e+01
   5.5117623e+01
   5.5288286e+01
   5.5450184e+01
   5.5603555e+01
   5.5748645e+01
   5.5885707e+01
   5.6014994e+01
   5.6136769e+01
   5.6251292e+01
   5.6358829e+01
   5.6459647e+01
   5.6554012e+01
   5.6642191e+01
   5.6724451e+01
   5.6801055e+01
   5.6872265e+01
   5.6938340e+01
   5.6999536e+01
   5.7056103e+01
   5.7108286e+01
   5.7156327e+01
   5.7200459e+01
   5.7240910e+01
   5.7277899e+01
   5.7311640e+01
   5.7342336e+01
   5.7370184e+01
   5.7395370e+01
   5.7418072e+01
   5.7438456e+01
   5.7456681e+01
   5.7472894e+01
   5.7487230e+01
   5.7499815e+01
   5.7510764e+01
   5.7520178e+01
   5.7528149e+01
   5.7534757e+01
   5.7540067e+01
   5.7544137e+01
   5.7547007e+01
   5.7548711e+01
   5.7549265e+01
