   1.4828713e+04
   1.4827468e+04
   1.4823726e+04
   1.4817467e+04
   1.4808657e+04
   1.4797249e+04
   1.4783183e+04
   1.4766384e+04
   1.4746767e+04
   1.4724233e+04
   1.4698673e+04
   1.4669964e+04
   1.4637973e+04
   1.4602559e+04
   1.4563567e+04
   1.4520837e+04
   1.4474198e+04
   1.4423473e+04
   1.4368478e+04
   1.4309024e+04
   1.4244918e+04
   1.4175961e+04
   1.4101955e+04
   1.4022700e+04
   1.3937996e+04
   1.3847644e+04
   1.3751450e+04
   1.3649223e+04
   1.3540780e+04
   1.3425943e+04
   1.3304546e+04
   1.3176432e+04
   1.3041459e+04
   1.2899496e+04
   1.2750432e+04
   1.2594169e+04
   1.2430634e+04
   1.2259769e+04
   1.2081543e+04
   1.1895946e+04
   1.1702997e+04
   1.1502738e+04
   1.1295242e+04
   1.1080610e+04
   1.0858973e+04
   1.0630495e+04
   1.0395368e+04
   1.0153822e+04
   9.9061145e+03
   9.6525391e+03
   9.3934209e+03
   9.1291181e+03
   8.8600206e+03
   8.5865499e+03
   8.3091576e+03
   8.0283245e+03
   7.7445588e+03
   7.4583950e+03
   7.1703911e+03
   6.8811272e+03
   6.5912027e+03
   6.3012335e+03
   6.0118498e+03
   5.7236925e+03
   5.4374106e+03
   5.1536573e+03
   4.8730872e+03
   4.5963524e+03
   4.3240993e+03
   4.0569646e+03
   3.7955720e+03
   3.5405287e+03
   3.2924217e+03
   3.0518143e+03
   2.8192431e+03
   2.5952146e+03
   2.3802025e+03
   2.1746443e+03
   1.9789397e+03
   1.7934473e+03
   1.6184834e+03
   1.4543197e+03
   1.3011823e+03
   1.1592502e+03
   1.0286550e+03
   9.0947991e+02
   8.0176023e+02
   7.0548324e+02
   6.2058892e+02
   5.4697086e+02
   4.8447751e+02
   4.3291369e+02
   3.9204246e+02
   3.6158721e+02
   3.4123400e+02
   3.3063414e+02
   3.2940695e+02
   3.3714269e+02
   3.5340561e+02
   3.7773719e+02
   4.0965932e+02
   4.4867768e+02
   4.9428501e+02
   5.4596447e+02
   6.0319286e+02
   6.6544393e+02
   7.3219139e+02
   8.0291200e+02
   8.7708841e+02
   9.5421191e+02
   1.0337849e+03
   1.1153234e+03
   1.1983590e+03
   1.2824410e+03
   1.3671381e+03
   1.4520399e+03
   1.5367581e+03
   1.6209280e+03
   1.7042086e+03
   1.7862841e+03
   1.8668638e+03
   1.9456824e+03
   2.0225003e+03
   2.0971031e+03
   2.1693018e+03
   2.2389319e+03
   2.3058529e+03
   2.3699478e+03
   2.4311222e+03
   2.4893032e+03
   2.5444385e+03
   2.5964954e+03
   2.6454595e+03
   2.6913338e+03
   2.7341370e+03
   2.7739030e+03
   2.8106788e+03
   2.8445241e+03
   2.8755094e+03
   2.9037153e+03
   2.9292311e+03
   2.9521536e+03
   2.9725862e+03
   2.9906378e+03
   3.0064217e+03
   3.0200548e+03
   3.0316564e+03
   3.0413480e+03
   3.0492519e+03
   3.0554907e+03
   3.0601868e+03
   3.0634615e+03
   3.0654348e+03
   3.0662247e+03
   3.0659466e+03
   3.0647135e+03
   3.0626349e+03
   3.0598170e+03
   3.0563625e+03
   3.0523700e+03
   3.0479342e+03
   3.0431453e+03
   3.0380896e+03
   3.0328487e+03
   3.0274998e+03
   3.0221155e+03
   3.0167640e+03
   3.0115088e+03
   3.0064089e+03
   3.0015189e+03
   2.9968886e+03
   2.9925635e+03
   2.9885845e+03
   2.9849882e+03
   2.9818067e+03
   2.9790679e+03
   2.9767951e+03
   2.9750075e+03
   2.9737199e+03
   2.9729430e+03
   2.9726831e+03
   2.9729423e+03
   2.9737184e+03
   2.9750051e+03
   2.9767919e+03
   2.9790638e+03
   2.9818018e+03
   2.9849822e+03
   2.9885775e+03
   2.9925553e+03
   2.9968792e+03
   3.0015083e+03
   3.0063969e+03
   3.0114952e+03
   3.0167488e+03
   3.0220986e+03
   3.0274810e+03
   3.0328280e+03
   3.0380667e+03
   3.0431202e+03
   3.0479066e+03
   3.0523398e+03
   3.0563296e+03
   3.0597812e+03
   3.0625960e+03
   3.0646714e+03
   3.0659012e+03
   3.0661758e+03
   3.0653823e+03
   3.0634052e+03
   3.0601265e+03
   3.0554264e+03
   3.0491835e+03
   3.0412753e+03
   3.0315793e+03
   3.0199732e+03
   3.0063356e+03
   2.9905471e+03
   2.9724909e+03
   2.9520536e+03
   2.9291264e+03
   2.9036060e+03
   2.8753955e+03
   2.8444056e+03
   2.8105558e+03
   2.7737756e+03
   2.7340053e+03
   2.6911979e+03
   2.6453197e+03
   2.5963518e+03
   2.5442913e+03
   2.4891527e+03
   2.4309686e+03
   2.3697914e+03
   2.3056940e+03
   2.2387708e+03
   2.1691389e+03
   2.0969387e+03
   2.0223348e+03
   1.9455162e+03
   1.8666972e+03
   1.7861176e+03
   1.7040426e+03
   1.6207628e+03
   1.5365943e+03
   1.4518778e+03
   1.3669782e+03
   1.2822837e+03
   1.1982047e+03
   1.1151725e+03
   1.0336378e+03
   9.5406898e+02
   8.7695000e+02
   8.0277843e+02
   7.3206297e+02
   6.6532096e+02
   6.0307561e+02
   5.4585316e+02
   4.9417986e+02
   4.4857886e+02
   4.0956697e+02
   3.7765143e+02
   3.5332652e+02
   3.3707032e+02
   3.2934133e+02
   3.3057524e+02
   3.4118178e+02
   3.6154159e+02
   3.9200334e+02
   4.3288093e+02
   4.8445095e+02
   5.4695032e+02
   6.2057419e+02
   7.0547408e+02
   8.0175640e+02
   9.0948114e+02
   1.0286610e+03
   1.1592607e+03
   1.3011970e+03
   1.4543383e+03
   1.6185055e+03
   1.7934726e+03
   1.9789679e+03
   2.1746751e+03
   2.3802356e+03
   2.5952497e+03
   2.8192798e+03
   3.0518524e+03
   3.2924609e+03
   3.5405687e+03
   3.7956126e+03
   4.0570054e+03
   4.3241402e+03
   4.5963932e+03
   4.8731276e+03
   5.1536972e+03
   5.4374498e+03
   5.7237309e+03
   6.0118872e+03
   6.3012698e+03
   6.5912378e+03
   6.8811611e+03
   7.1704237e+03
   7.4584262e+03
   7.7445886e+03
   8.0283528e+03
   8.3091844e+03
   8.5865752e+03
   8.8600445e+03
   9.1291404e+03
   9.3934418e+03
   9.6525585e+03
   9.9061326e+03
   1.0153839e+04
   1.0395384e+04
   1.0630509e+04
   1.0858986e+04
   1.1080622e+04
   1.1295253e+04
   1.1502748e+04
   1.1703006e+04
   1.1895954e+04
   1.2081550e+04
   1.2259775e+04
   1.2430639e+04
   1.2594174e+04
   1.2750436e+04
   1.2899500e+04
   1.3041462e+04
   1.3176435e+04
   1.3304548e+04
   1.3425945e+04
   1.3540781e+04
   1.3649224e+04
   1.3751451e+04
   1.3847645e+04
   1.3937996e+04
   1.4022700e+04
   1.4101955e+04
   1.4175961e+04
   1.4244917e+04
   1.4309024e+04
   1.4368478e+04
   1.4423472e+04
   1.4474197e+04
   1.4520836e+04
   1.4563566e+04
   1.4602558e+04
   1.4637973e+04
   1.4669963e+04
   1.4698672e+04
   1.4724233e+04
   1.4746766e+04
   1.4766383e+04
   1.4783182e+04
   1.4797249e+04
   1.4808657e+04
   1.4817467e+04
   1.4823726e+04
   1.4827468e+04
   1.4828713e+04
