   1.0513755e+01
   1.0513724e+01
   1.0513641e+01
   1.0513504e+01
   1.0513308e+01
   1.0513047e+01
   1.0512713e+01
   1.0512297e+01
   1.0511786e+01
   1.0511168e+01
   1.0510428e+01
   1.0509549e+01
   1.0508514e+01
   1.0507303e+01
   1.0505895e+01
   1.0504267e+01
   1.0502394e+01
   1.0500251e+01
   1.0497812e+01
   1.0495046e+01
   1.0491926e+01
   1.0488419e+01
   1.0484494e+01
   1.0480117e+01
   1.0475254e+01
   1.0469870e+01
   1.0463928e+01
   1.0457391e+01
   1.0450221e+01
   1.0442380e+01
   1.0433829e+01
   1.0424528e+01
   1.0414437e+01
   1.0403516e+01
   1.0391723e+01
   1.0379018e+01
   1.0365360e+01
   1.0350709e+01
   1.0335024e+01
   1.0318265e+01
   1.0300391e+01
   1.0281363e+01
   1.0261143e+01
   1.0239692e+01
   1.0216973e+01
   1.0192949e+01
   1.0167587e+01
   1.0140850e+01
   1.0112706e+01
   1.0083125e+01
   1.0052075e+01
   1.0019529e+01
   9.9854598e+00
   9.9498423e+00
   9.9126535e+00
   9.8738726e+00
   9.8334805e+00
   9.7914604e+00
   9.7477978e+00
   9.7024806e+00
   9.6554988e+00
   9.6068452e+00
   9.5565148e+00
   9.5045055e+00
   9.4508177e+00
   9.3954543e+00
   9.3384211e+00
   9.2797266e+00
   9.2193820e+00
   9.1574013e+00
   9.0938011e+00
   9.0286010e+00
   8.9618232e+00
   8.8934927e+00
   8.8236371e+00
   8.7522868e+00
   8.6794746e+00
   8.6052361e+00
   8.5296092e+00
   8.4526344e+00
   8.3743545e+00
   8.2948146e+00
   8.2140619e+00
   8.1321459e+00
   8.0491179e+00
   7.9650312e+00
   7.8799409e+00
   7.7939037e+00
   7.7069778e+00
   7.6192229e+00
   7.5307000e+00
   7.4414713e+00
   7.3515998e+00
   7.2611497e+00
   7.1701857e+00
   7.0787732e+00
   6.9869781e+00
   6.8948665e+00
   6.8025049e+00
   6.7099597e+00
   6.6172971e+00
   6.5245835e+00
   6.4318844e+00
   6.3392653e+00
   6.2467908e+00
   6.1545248e+00
   6.0625304e+00
   5.9708699e+00
   5.8796043e+00
   5.7887934e+00
   5.6984960e+00
   5.6087693e+00
   5.5196691e+00
   5.4312497e+00
   5.3435640e+00
   5.2566628e+00
   5.1705956e+00
   5.0854099e+00
   5.0011514e+00
   4.9178640e+00
   4.8355897e+00
   4.7543685e+00
   4.6742386e+00
   4.5952360e+00
   4.5173950e+00
   4.4407479e+00
   4.3653248e+00
   4.2911543e+00
   4.2182626e+00
   4.1466742e+00
   4.0764119e+00
   4.0074963e+00
   3.9399464e+00
   3.8737794e+00
   3.8090109e+00
   3.7456544e+00
   3.6837224e+00
   3.6232252e+00
   3.5641720e+00
   3.5065704e+00
   3.4504267e+00
   3.3957457e+00
   3.3425310e+00
   3.2907851e+00
   3.2405094e+00
   3.1917040e+00
   3.1443683e+00
   3.0985005e+00
   3.0540982e+00
   3.0111580e+00
   2.9696761e+00
   2.9296477e+00
   2.8910676e+00
   2.8539302e+00
   2.8182293e+00
   2.7839583e+00
   2.7511104e+00
   2.7196784e+00
   2.6896552e+00
   2.6610333e+00
   2.6338052e+00
   2.6079633e+00
   2.5835002e+00
   2.5604084e+00
   2.5386807e+00
   2.5183100e+00
   2.4992892e+00
   2.4816119e+00
   2.4652716e+00
   2.4502623e+00
   2.4365783e+00
   2.4242144e+00
   2.4131656e+00
   2.4034277e+00
   2.3949965e+00
   2.3878688e+00
   2.3820414e+00
   2.3775120e+00
   2.3742786e+00
   2.3723399e+00
   2.3716951e+00
   2.3723438e+00
   2.3742864e+00
   2.3775238e+00
   2.3820571e+00
   2.3878885e+00
   2.3950203e+00
   2.4034554e+00
   2.4131974e+00
   2.4242503e+00
   2.4366183e+00
   2.4503065e+00
   2.4653200e+00
   2.4816646e+00
   2.4993462e+00
   2.5183713e+00
   2.5387465e+00
   2.5604787e+00
   2.5835751e+00
   2.6080428e+00
   2.6338894e+00
   2.6611224e+00
   2.6897492e+00
   2.7197774e+00
   2.7512144e+00
   2.7840675e+00
   2.8183438e+00
   2.8540501e+00
   2.8911930e+00
   2.9297786e+00
   2.9698127e+00
   3.0113004e+00
   3.0542465e+00
   3.0986548e+00
   3.1445287e+00
   3.1918707e+00
   3.2406824e+00
   3.2909646e+00
   3.3427171e+00
   3.3959384e+00
   3.4506262e+00
   3.5067769e+00
   3.5643855e+00
   3.6234458e+00
   3.6839502e+00
   3.7458897e+00
   3.8092535e+00
   3.8740296e+00
   3.9402042e+00
   4.0077618e+00
   4.0766853e+00
   4.1469555e+00
   4.2185519e+00
   4.2914516e+00
   4.3656303e+00
   4.4410615e+00
   4.5177169e+00
   4.5955662e+00
   4.6745771e+00
   4.7547154e+00
   4.8359450e+00
   4.9182277e+00
   5.0015235e+00
   5.0857904e+00
   5.1709845e+00
   5.2570601e+00
   5.3439696e+00
   5.4316637e+00
   5.5200913e+00
   5.6091997e+00
   5.6989346e+00
   5.7892400e+00
   5.8800589e+00
   5.9713324e+00
   6.0630006e+00
   6.1550026e+00
   6.2472761e+00
   6.3397579e+00
   6.4323843e+00
   6.5250903e+00
   6.6178108e+00
   6.7104800e+00
   6.8030316e+00
   6.8953995e+00
   6.9875171e+00
   7.0793180e+00
   7.1707360e+00
   7.2617053e+00
   7.3521604e+00
   7.4420366e+00
   7.5312699e+00
   7.6197969e+00
   7.7075557e+00
   7.7944852e+00
   7.8805258e+00
   7.9656191e+00
   8.0497084e+00
   8.1327388e+00
   8.2146568e+00
   8.2954112e+00
   8.3749524e+00
   8.4532334e+00
   8.5302089e+00
   8.6058361e+00
   8.6800747e+00
   8.7528866e+00
   8.8242363e+00
   8.8940909e+00
   8.9624201e+00
   9.0291962e+00
   9.0943943e+00
   9.1579921e+00
   9.2199702e+00
   9.2803119e+00
   9.3390031e+00
   9.3960326e+00
   9.4513921e+00
   9.5050758e+00
   9.5570805e+00
   9.6074061e+00
   9.6560546e+00
   9.7030310e+00
   9.7483427e+00
   9.7919993e+00
   9.8340133e+00
   9.8743990e+00
   9.9131733e+00
   9.9503552e+00
   9.9859656e+00
   1.0020028e+01
   1.0052566e+01
   1.0083608e+01
   1.0113182e+01
   1.0141317e+01
   1.0168046e+01
   1.0193400e+01
   1.0217415e+01
   1.0240125e+01
   1.0261567e+01
   1.0281779e+01
   1.0300797e+01
   1.0318662e+01
   1.0335412e+01
   1.0351088e+01
   1.0365729e+01
   1.0379377e+01
   1.0392072e+01
   1.0403855e+01
   1.0414767e+01
   1.0424848e+01
   1.0434139e+01
   1.0442680e+01
   1.0450511e+01
   1.0457670e+01
   1.0464197e+01
   1.0470129e+01
   1.0475503e+01
   1.0480356e+01
   1.0484722e+01
   1.0488637e+01
   1.0492134e+01
   1.0495244e+01
   1.0497999e+01
   1.0500428e+01
   1.0502561e+01
   1.0504423e+01
   1.0506041e+01
   1.0507439e+01
   1.0508639e+01
   1.0509664e+01
   1.0510532e+01
   1.0511261e+01
   1.0511869e+01
   1.0512369e+01
   1.0512776e+01
   1.0513099e+01
   1.0513350e+01
   1.0513536e+01
   1.0513662e+01
   1.0513734e+01
   1.0513755e+01
