   3.3821413e+04
   3.3817184e+04
   3.3804590e+04
   3.3783542e+04
   3.3753892e+04
   3.3715435e+04
   3.3667907e+04
   3.3610991e+04
   3.3544314e+04
   3.3467451e+04
   3.3379930e+04
   3.3281231e+04
   3.3170790e+04
   3.3048006e+04
   3.2912239e+04
   3.2762821e+04
   3.2599056e+04
   3.2420228e+04
   3.2225606e+04
   3.2014452e+04
   3.1786023e+04
   3.1539586e+04
   3.1274419e+04
   3.0989822e+04
   3.0685128e+04
   3.0359705e+04
   3.0012976e+04
   2.9644416e+04
   2.9253573e+04
   2.8840072e+04
   2.8403625e+04
   2.7944045e+04
   2.7461250e+04
   2.6955276e+04
   2.6426288e+04
   2.5874582e+04
   2.5300599e+04
   2.4704928e+04
   2.4088315e+04
   2.3451662e+04
   2.2796038e+04
   2.2122673e+04
   2.1432967e+04
   2.0728477e+04
   2.0010924e+04
   1.9282182e+04
   1.8544273e+04
   1.7799354e+04
   1.7049708e+04
   1.6297732e+04
   1.5545916e+04
   1.4796828e+04
   1.4053095e+04
   1.3317381e+04
   1.2592362e+04
   1.1880704e+04
   1.1185037e+04
   1.0507928e+04
   9.8518565e+03
   9.2191859e+03
   8.6121387e+03
   8.0327706e+03
   7.4829463e+03
   6.9643171e+03
   6.4782998e+03
   6.0260582e+03
   5.6084877e+03
   5.2262025e+03
   4.8795259e+03
   4.5684849e+03
   4.2928075e+03
   4.0519248e+03
   3.8449767e+03
   3.6708213e+03
   3.5280481e+03
   3.4149957e+03
   3.3297719e+03
   3.2702778e+03
   3.2342341e+03
   3.2192108e+03
   3.2226579e+03
   3.2419383e+03
   3.2743613e+03
   3.3172169e+03
   3.3678095e+03
   3.4234917e+03
   3.4816961e+03
   3.5399659e+03
   3.5959832e+03
   3.6475945e+03
   3.6928334e+03
   3.7299398e+03
   3.7573758e+03
   3.7738376e+03
   3.7782634e+03
   3.7698377e+03
   3.7479919e+03
   3.7124003e+03
   3.6629736e+03
   3.5998487e+03
   3.5233748e+03
   3.4340983e+03
   3.3327439e+03
   3.2201946e+03
   3.0974706e+03
   2.9657063e+03
   2.8261273e+03
   2.6800271e+03
   2.5287446e+03
   2.3736410e+03
   2.2160792e+03
   2.0574032e+03
   1.8989201e+03
   1.7418832e+03
   1.5874772e+03
   1.4368057e+03
   1.2908809e+03
   1.1506147e+03
   1.0168133e+03
   8.9017237e+02
   7.7127563e+02
   6.6059432e+02
   5.5848887e+02
   4.6521209e+02
   3.8091358e+02
   3.0564552e+02
   2.3936930e+02
   1.8196303e+02
   1.3322954e+02
   9.2904847e+01
   6.0666833e+01
   3.6143925e+01
   1.8923716e+01
   8.5613005e+00
   4.5872800e+00
   6.5158070e+00
   1.3850968e+01
   2.6093295e+01
   4.2746050e+01
   6.3320221e+01
   8.7339037e+01
   1.1434184e+02
   1.4388731e+02
   1.7555606e+02
   2.0895264e+02
   2.4370698e+02
   2.7947536e+02
   3.1594084e+02
   3.5281340e+02
   3.8982957e+02
   4.2675188e+02
   4.6336799e+02
   4.9948957e+02
   5.3495110e+02
   5.6960846e+02
   6.0333748e+02
   6.3603239e+02
   6.6760427e+02
   6.9797954e+02
   7.2709836e+02
   7.5491319e+02
   7.8138733e+02
   8.0649355e+02
   8.3021283e+02
   8.5253313e+02
   8.7344825e+02
   8.9295684e+02
   9.1106144e+02
   9.2776764e+02
   9.4308329e+02
   9.5701782e+02
   9.6958166e+02
   9.8078570e+02
   9.9064077e+02
   9.9915734e+02
   1.0063451e+03
   1.0122127e+03
   1.0167675e+03
   1.0200155e+03
   1.0219610e+03
   1.0226065e+03
   1.0219532e+03
   1.0199999e+03
   1.0167441e+03
   1.0121814e+03
   1.0063060e+03
   9.9911030e+02
   9.9058579e+02
   9.8072274e+02
   9.6951070e+02
   9.5693882e+02
   9.4299624e+02
   9.2767254e+02
   9.1095831e+02
   8.9284570e+02
   8.7332917e+02
   8.5240621e+02
   8.3007821e+02
   8.0635139e+02
   7.8123785e+02
   7.5475666e+02
   7.2693511e+02
   6.9780996e+02
   6.6742881e+02
   6.3585157e+02
   6.0315191e+02
   5.6941881e+02
   5.3475811e+02
   4.9929409e+02
   4.6317093e+02
   4.2655424e+02
   3.8963243e+02
   3.5261792e+02
   3.1574827e+02
   2.7928699e+02
   2.4352421e+02
   2.0877689e+02
   1.7538882e+02
   1.4373011e+02
   1.1419622e+02
   8.7206585e+01
   6.3202509e+01
   4.2644641e+01
   2.6009725e+01
   1.3786720e+01
   6.4722733e+00
   4.5656969e+00
   8.5629924e+00
   1.8949870e+01
   3.6195512e+01
   6.0744660e+01
   9.3009551e+01
   1.3336156e+02
   1.8212262e+02
   2.3955647e+02
   3.0586005e+02
   3.8115502e+02
   4.6547974e+02
   5.5878179e+02
   6.6091129e+02
   7.7161522e+02
   8.9053289e+02
   1.0171928e+03
   1.1510112e+03
   1.2912919e+03
   1.4372289e+03
   1.5879099e+03
   1.7423227e+03
   1.8993637e+03
   2.0578480e+03
   2.2165224e+03
   2.3740799e+03
   2.5291764e+03
   2.6804494e+03
   2.8265377e+03
   2.9661028e+03
   3.0978513e+03
   3.2205581e+03
   3.3330889e+03
   3.4344243e+03
   3.5236815e+03
   3.6001363e+03
   3.6632429e+03
   3.7126525e+03
   3.7482289e+03
   3.7700619e+03
   3.7784776e+03
   3.7740454e+03
   3.7575813e+03
   3.7301474e+03
   3.6930483e+03
   3.6478223e+03
   3.5962299e+03
   3.5402378e+03
   3.4819999e+03
   3.4238344e+03
   3.3681984e+03
   3.3176593e+03
   3.2748648e+03
   3.2425103e+03
   3.2233058e+03
   3.2199419e+03
   3.2350555e+03
   3.2711964e+03
   3.3307943e+03
   3.4161279e+03
   3.5292958e+03
   3.6721895e+03
   3.8464701e+03
   4.0535473e+03
   4.2945623e+03
   4.5703747e+03
   4.8815526e+03
   5.2283671e+03
   5.6107907e+03
   6.0284991e+03
   6.4808775e+03
   6.9670298e+03
   7.4857913e+03
   8.0357446e+03
   8.6152377e+03
   9.2224053e+03
   9.8551910e+03
   1.0511372e+04
   1.1188584e+04
   1.1884347e+04
   1.2596094e+04
   1.3321194e+04
   1.4056982e+04
   1.4800780e+04
   1.5549925e+04
   1.6301790e+04
   1.7053806e+04
   1.7803483e+04
   1.8548425e+04
   1.9286348e+04
   2.0015095e+04
   2.0732645e+04
   2.1437124e+04
   2.2126812e+04
   2.2800149e+04
   2.3455739e+04
   2.4092351e+04
   2.4708916e+04
   2.5304532e+04
   2.5878454e+04
   2.6430093e+04
   2.6959009e+04
   2.7464904e+04
   2.7947617e+04
   2.8407110e+04
   2.8843465e+04
   2.9256871e+04
   2.9647615e+04
   3.0016073e+04
   3.0362698e+04
   3.0688013e+04
   3.0992598e+04
   3.1277082e+04
   3.1542136e+04
   3.1788458e+04
   3.2016769e+04
   3.2227806e+04
   3.2422309e+04
   3.2601017e+04
   3.2764662e+04
   3.2913959e+04
   3.3049604e+04
   3.3172266e+04
   3.3282584e+04
   3.3381161e+04
   3.3468559e+04
   3.3545299e+04
   3.3611853e+04
   3.3668646e+04
   3.3716051e+04
   3.3754385e+04
   3.3783911e+04
   3.3804836e+04
   3.3817307e+04
   3.3821413e+04
