   1.8617664e+03
   1.8617937e+03
   1.8618743e+03
   1.8620064e+03
   1.8621864e+03
   1.8624099e+03
   1.8626707e+03
   1.8629616e+03
   1.8632740e+03
   1.8635978e+03
   1.8639220e+03
   1.8642341e+03
   1.8645204e+03
   1.8647659e+03
   1.8649546e+03
   1.8650692e+03
   1.8650913e+03
   1.8650013e+03
   1.8647788e+03
   1.8644021e+03
   1.8638487e+03
   1.8630952e+03
   1.8621173e+03
   1.8608899e+03
   1.8593873e+03
   1.8575829e+03
   1.8554498e+03
   1.8529606e+03
   1.8500873e+03
   1.8468019e+03
   1.8430760e+03
   1.8388812e+03
   1.8341892e+03
   1.8289717e+03
   1.8232009e+03
   1.8168492e+03
   1.8098896e+03
   1.8022959e+03
   1.7940426e+03
   1.7851052e+03
   1.7754603e+03
   1.7650859e+03
   1.7539611e+03
   1.7420668e+03
   1.7293856e+03
   1.7159017e+03
   1.7016017e+03
   1.6864738e+03
   1.6705090e+03
   1.6537002e+03
   1.6360430e+03
   1.6175358e+03
   1.5981794e+03
   1.5779775e+03
   1.5569367e+03
   1.5350666e+03
   1.5123797e+03
   1.4888916e+03
   1.4646208e+03
   1.4395891e+03
   1.4138213e+03
   1.3873449e+03
   1.3601909e+03
   1.3323927e+03
   1.3039870e+03
   1.2750129e+03
   1.2455123e+03
   1.2155294e+03
   1.1851109e+03
   1.1543056e+03
   1.1231643e+03
   1.0917395e+03
   1.0600854e+03
   1.0282573e+03
   9.9631192e+02
   9.6430661e+02
   9.3229939e+02
   9.0034862e+02
   8.6851274e+02
   8.3685000e+02
   8.0541818e+02
   7.7427433e+02
   7.4347454e+02
   7.1307360e+02
   6.8312483e+02
   6.5367979e+02
   6.2478806e+02
   5.9649700e+02
   5.6885159e+02
   5.4189418e+02
   5.1566434e+02
   4.9019871e+02
   4.6553085e+02
   4.4169113e+02
   4.1870662e+02
   3.9660100e+02
   3.7539456e+02
   3.5510408e+02
   3.3574289e+02
   3.1732085e+02
   2.9984436e+02
   2.8331645e+02
   2.6773680e+02
   2.5310186e+02
   2.3940496e+02
   2.2663640e+02
   2.1478360e+02
   2.0383126e+02
   1.9376150e+02
   1.8455405e+02
   1.7618642e+02
   1.6863409e+02
   1.6187072e+02
   1.5586831e+02
   1.5059743e+02
   1.4602743e+02
   1.4212660e+02
   1.3886241e+02
   1.3620170e+02
   1.3411082e+02
   1.3255591e+02
   1.3150297e+02
   1.3091811e+02
   1.3076769e+02
   1.3101844e+02
   1.3163764e+02
   1.3259324e+02
   1.3385395e+02
   1.3538941e+02
   1.3717021e+02
   1.3916804e+02
   1.4135573e+02
   1.4370731e+02
   1.4619808e+02
   1.4880463e+02
   1.5150487e+02
   1.5427808e+02
   1.5710486e+02
   1.5996719e+02
   1.6284840e+02
   1.6573313e+02
   1.6860735e+02
   1.7145828e+02
   1.7427443e+02
   1.7704546e+02
   1.7976223e+02
   1.8241667e+02
   1.8500180e+02
   1.8751163e+02
   1.8994110e+02
   1.9228604e+02
   1.9454313e+02
   1.9670978e+02
   1.9878414e+02
   2.0076496e+02
   2.0265162e+02
   2.0444400e+02
   2.0614245e+02
   2.0774776e+02
   2.0926105e+02
   2.1068376e+02
   2.1201760e+02
   2.1326446e+02
   2.1442642e+02
   2.1550568e+02
   2.1650453e+02
   2.1742528e+02
   2.1827027e+02
   2.1904182e+02
   2.1974217e+02
   2.2037351e+02
   2.2093790e+02
   2.2143729e+02
   2.2187346e+02
   2.2224804e+02
   2.2256246e+02
   2.2281797e+02
   2.2301558e+02
   2.2315612e+02
   2.2324016e+02
   2.2326806e+02
   2.2323994e+02
   2.2315567e+02
   2.2301491e+02
   2.2281707e+02
   2.2256135e+02
   2.2224670e+02
   2.2187191e+02
   2.2143552e+02
   2.2093591e+02
   2.2037131e+02
   2.1973976e+02
   2.1903920e+02
   2.1826745e+02
   2.1742226e+02
   2.1650131e+02
   2.1550227e+02
   2.1442281e+02
   2.1326066e+02
   2.1201362e+02
   2.1067961e+02
   2.0925672e+02
   2.0774326e+02
   2.0613778e+02
   2.0443916e+02
   2.0264663e+02
   2.0075982e+02
   1.9877884e+02
   1.9670435e+02
   1.9453755e+02
   1.9228032e+02
   1.8993524e+02
   1.8750564e+02
   1.8499569e+02
   1.8241043e+02
   1.7975586e+02
   1.7703897e+02
   1.7426782e+02
   1.7145155e+02
   1.6860049e+02
   1.6572615e+02
   1.6284130e+02
   1.5995996e+02
   1.5709750e+02
   1.5427058e+02
   1.5149724e+02
   1.4879685e+02
   1.4619015e+02
   1.4369922e+02
   1.4134747e+02
   1.3915961e+02
   1.3716158e+02
   1.3538058e+02
   1.3384491e+02
   1.3258397e+02
   1.3162813e+02
   1.3100867e+02
   1.3075764e+02
   1.3090777e+02
   1.3149231e+02
   1.3254491e+02
   1.3409948e+02
   1.3618997e+02
   1.3885030e+02
   1.4211407e+02
   1.4601446e+02
   1.5058400e+02
   1.5585439e+02
   1.6185630e+02
   1.6861914e+02
   1.7617091e+02
   1.8453797e+02
   1.9374483e+02
   2.0381398e+02
   2.1476569e+02
   2.2661784e+02
   2.3938574e+02
   2.5308196e+02
   2.6771620e+02
   2.8329515e+02
   2.9982235e+02
   3.1729811e+02
   3.3571942e+02
   3.5507987e+02
   3.7536962e+02
   3.9657533e+02
   4.1868021e+02
   4.4166399e+02
   4.6550299e+02
   4.9017014e+02
   5.1563507e+02
   5.4186423e+02
   5.6882098e+02
   5.9646574e+02
   6.2475617e+02
   6.5364731e+02
   6.8309178e+02
   7.1304000e+02
   7.4344043e+02
   7.7423974e+02
   8.0538314e+02
   8.3681455e+02
   8.6847692e+02
   9.0031247e+02
   9.3226294e+02
   9.6426991e+02
   9.9627501e+02
   1.0282202e+03
   1.0600482e+03
   1.0917022e+03
   1.1231270e+03
   1.1542683e+03
   1.1850736e+03
   1.2154922e+03
   1.2454752e+03
   1.2749760e+03
   1.3039503e+03
   1.3323563e+03
   1.3601547e+03
   1.3873091e+03
   1.4137858e+03
   1.4395541e+03
   1.4645862e+03
   1.4888574e+03
   1.5123460e+03
   1.5350334e+03
   1.5569041e+03
   1.5779454e+03
   1.5981479e+03
   1.6175049e+03
   1.6360127e+03
   1.6536705e+03
   1.6704800e+03
   1.6864455e+03
   1.7015740e+03
   1.7158748e+03
   1.7293593e+03
   1.7420413e+03
   1.7539362e+03
   1.7650617e+03
   1.7754369e+03
   1.7850825e+03
   1.7940206e+03
   1.8022746e+03
   1.8098690e+03
   1.8168293e+03
   1.8231817e+03
   1.8289532e+03
   1.8341714e+03
   1.8388641e+03
   1.8430596e+03
   1.8467861e+03
   1.8500722e+03
   1.8529461e+03
   1.8554360e+03
   1.8575697e+03
   1.8593746e+03
   1.8608779e+03
   1.8621059e+03
   1.8630844e+03
   1.8638385e+03
   1.8643924e+03
   1.8647697e+03
   1.8649928e+03
   1.8650833e+03
   1.8650618e+03
   1.8649477e+03
   1.8647595e+03
   1.8645145e+03
   1.8642288e+03
   1.8639172e+03
   1.8635935e+03
   1.8632701e+03
   1.8629583e+03
   1.8626679e+03
   1.8624075e+03
   1.8621845e+03
   1.8620049e+03
   1.8618734e+03
   1.8617932e+03
   1.8617664e+03
