   6.5253042e-06
   6.5253019e-06
   6.5253006e-06
   6.5253003e-06
   6.5253009e-06
   6.5253025e-06
   6.5253050e-06
   6.5253084e-06
   6.5253125e-06
   6.5253174e-06
   6.5253229e-06
   6.5253290e-06
   6.5253355e-06
   6.5253423e-06
   6.5253494e-06
   6.5253566e-06
   6.5253638e-06
   6.5253708e-06
   6.5253776e-06
   6.5253839e-06
   6.5253895e-06
   6.5253944e-06
   6.5253984e-06
   6.5254012e-06
   6.5254027e-06
   6.5254026e-06
   6.5254009e-06
   6.5253972e-06
   6.5253914e-06
   6.5253833e-06
   6.5253727e-06
   6.5253592e-06
   6.5253428e-06
   6.5253231e-06
   6.5253000e-06
   6.5252732e-06
   6.5252424e-06
   6.5252075e-06
   6.5251681e-06
   6.5251242e-06
   6.5250753e-06
   6.5250213e-06
   6.5249619e-06
   6.5248969e-06
   6.5248261e-06
   6.5247491e-06
   6.5246659e-06
   6.5245760e-06
   6.5244794e-06
   6.5243757e-06
   6.5242648e-06
   6.5241463e-06
   6.5240202e-06
   6.5238862e-06
   6.5237440e-06
   6.5235934e-06
   6.5234344e-06
   6.5232666e-06
   6.5230899e-06
   6.5229041e-06
   6.5227090e-06
   6.5225044e-06
   6.5222903e-06
   6.5220663e-06
   6.5218325e-06
   6.5215887e-06
   6.5213346e-06
   6.5210703e-06
   6.5207956e-06
   6.5205104e-06
   6.5202146e-06
   6.5199081e-06
   6.5195910e-06
   6.5192630e-06
   6.5189241e-06
   6.5185744e-06
   6.5182138e-06
   6.5178423e-06
   6.5174599e-06
   6.5170665e-06
   6.5166622e-06
   6.5162471e-06
   6.5158212e-06
   6.5153845e-06
   6.5149371e-06
   6.5144791e-06
   6.5140106e-06
   6.5135317e-06
   6.5130425e-06
   6.5125431e-06
   6.5120336e-06
   6.5115143e-06
   6.5109853e-06
   6.5104468e-06
   6.5098989e-06
   6.5093419e-06
   6.5087759e-06
   6.5082012e-06
   6.5076181e-06
   6.5070268e-06
   6.5064275e-06
   6.5058205e-06
   6.5052061e-06
   6.5045846e-06
   6.5039562e-06
   6.5033214e-06
   6.5026804e-06
   6.5020335e-06
   6.5013812e-06
   6.5007237e-06
   6.5000613e-06
   6.4993946e-06
   6.4987238e-06
   6.4980493e-06
   6.4973716e-06
   6.4966910e-06
   6.4960079e-06
   6.4953227e-06
   6.4946359e-06
   6.4939479e-06
   6.4932591e-06
   6.4925699e-06
   6.4918808e-06
   6.4911923e-06
   6.4905047e-06
   6.4898185e-06
   6.4891342e-06
   6.4884523e-06
   6.4877731e-06
   6.4870971e-06
   6.4864249e-06
   6.4857568e-06
   6.4850934e-06
   6.4844350e-06
   6.4837822e-06
   6.4831353e-06
   6.4824950e-06
   6.4818615e-06
   6.4812354e-06
   6.4806171e-06
   6.4800070e-06
   6.4794057e-06
   6.4788134e-06
   6.4782308e-06
   6.4776581e-06
   6.4770958e-06
   6.4765444e-06
   6.4760042e-06
   6.4754756e-06
   6.4749591e-06
   6.4744550e-06
   6.4739636e-06
   6.4734855e-06
   6.4730208e-06
   6.4725701e-06
   6.4721335e-06
   6.4717115e-06
   6.4713044e-06
   6.4709125e-06
   6.4705360e-06
   6.4701753e-06
   6.4698307e-06
   6.4695024e-06
   6.4691907e-06
   6.4688957e-06
   6.4686179e-06
   6.4683572e-06
   6.4681141e-06
   6.4678886e-06
   6.4676809e-06
   6.4674912e-06
   6.4673196e-06
   6.4671663e-06
   6.4670314e-06
   6.4669150e-06
   6.4668172e-06
   6.4667381e-06
   6.4666777e-06
   6.4666360e-06
   6.4666132e-06
   6.4666093e-06
   6.4666241e-06
   6.4666578e-06
   6.4667103e-06
   6.4667816e-06
   6.4668715e-06
   6.4669801e-06
   6.4671073e-06
   6.4672529e-06
   6.4674169e-06
   6.4675991e-06
   6.4677993e-06
   6.4680175e-06
   6.4682535e-06
   6.4685071e-06
   6.4687780e-06
   6.4690661e-06
   6.4693711e-06
   6.4696929e-06
   6.4700312e-06
   6.4703856e-06
   6.4707560e-06
   6.4711421e-06
   6.4715436e-06
   6.4719601e-06
   6.4723913e-06
   6.4728370e-06
   6.4732968e-06
   6.4737703e-06
   6.4742572e-06
   6.4747571e-06
   6.4752696e-06
   6.4757944e-06
   6.4763311e-06
   6.4768793e-06
   6.4774385e-06
   6.4780084e-06
   6.4785885e-06
   6.4791785e-06
   6.4797778e-06
   6.4803861e-06
   6.4810029e-06
   6.4816277e-06
   6.4822602e-06
   6.4828999e-06
   6.4835462e-06
   6.4841989e-06
   6.4848573e-06
   6.4855211e-06
   6.4861898e-06
   6.4868628e-06
   6.4875399e-06
   6.4882204e-06
   6.4889040e-06
   6.4895902e-06
   6.4902785e-06
   6.4909685e-06
   6.4916597e-06
   6.4923516e-06
   6.4930439e-06
   6.4937360e-06
   6.4944276e-06
   6.4951182e-06
   6.4958074e-06
   6.4964947e-06
   6.4971798e-06
   6.4978622e-06
   6.4985415e-06
   6.4992173e-06
   6.4998893e-06
   6.5005570e-06
   6.5012201e-06
   6.5018782e-06
   6.5025309e-06
   6.5031780e-06
   6.5038190e-06
   6.5044536e-06
   6.5050816e-06
   6.5057026e-06
   6.5063162e-06
   6.5069223e-06
   6.5075205e-06
   6.5081106e-06
   6.5086923e-06
   6.5092654e-06
   6.5098296e-06
   6.5103847e-06
   6.5109305e-06
   6.5114668e-06
   6.5119935e-06
   6.5125102e-06
   6.5130170e-06
   6.5135136e-06
   6.5139998e-06
   6.5144756e-06
   6.5149409e-06
   6.5153956e-06
   6.5158394e-06
   6.5162725e-06
   6.5166947e-06
   6.5171060e-06
   6.5175063e-06
   6.5178956e-06
   6.5182738e-06
   6.5186411e-06
   6.5189973e-06
   6.5193425e-06
   6.5196768e-06
   6.5200001e-06
   6.5203126e-06
   6.5206142e-06
   6.5209051e-06
   6.5211853e-06
   6.5214550e-06
   6.5217142e-06
   6.5219630e-06
   6.5222017e-06
   6.5224302e-06
   6.5226487e-06
   6.5228575e-06
   6.5230566e-06
   6.5232462e-06
   6.5234264e-06
   6.5235975e-06
   6.5237597e-06
   6.5239131e-06
   6.5240579e-06
   6.5241944e-06
   6.5243227e-06
   6.5244430e-06
   6.5245557e-06
   6.5246608e-06
   6.5247586e-06
   6.5248494e-06
   6.5249334e-06
   6.5250108e-06
   6.5250818e-06
   6.5251467e-06
   6.5252058e-06
   6.5252593e-06
   6.5253074e-06
   6.5253503e-06
   6.5253884e-06
   6.5254218e-06
   6.5254508e-06
   6.5254756e-06
   6.5254965e-06
   6.5255137e-06
   6.5255275e-06
   6.5255380e-06
   6.5255456e-06
   6.5255503e-06
   6.5255526e-06
   6.5255525e-06
   6.5255503e-06
   6.5255462e-06
   6.5255403e-06
   6.5255330e-06
   6.5255244e-06
   6.5255147e-06
   6.5255040e-06
   6.5254925e-06
   6.5254804e-06
   6.5254679e-06
   6.5254551e-06
   6.5254422e-06
   6.5254292e-06
   6.5254164e-06
   6.5254038e-06
   6.5253916e-06
   6.5253798e-06
   6.5253686e-06
   6.5253580e-06
   6.5253482e-06
   6.5253391e-06
   6.5253309e-06
   6.5253236e-06
   6.5253173e-06
   6.5253119e-06
   6.5253076e-06
   6.5253042e-06
