   4.2247335e+00
   4.2246849e+00
   4.2245403e+00
   4.2242993e+00
   4.2239612e+00
   4.2235253e+00
   4.2229904e+00
   4.2223552e+00
   4.2216182e+00
   4.2207775e+00
   4.2198313e+00
   4.2187772e+00
   4.2176127e+00
   4.2163353e+00
   4.2149421e+00
   4.2134300e+00
   4.2117956e+00
   4.2100357e+00
   4.2081464e+00
   4.2061241e+00
   4.2039647e+00
   4.2016640e+00
   4.1992179e+00
   4.1966218e+00
   4.1938713e+00
   4.1909616e+00
   4.1878880e+00
   4.1846455e+00
   4.1812292e+00
   4.1776341e+00
   4.1738549e+00
   4.1698867e+00
   4.1657241e+00
   4.1613618e+00
   4.1567948e+00
   4.1520176e+00
   4.1470250e+00
   4.1418119e+00
   4.1363729e+00
   4.1307030e+00
   4.1247971e+00
   4.1186502e+00
   4.1122573e+00
   4.1056136e+00
   4.0987144e+00
   4.0915553e+00
   4.0841316e+00
   4.0764392e+00
   4.0684739e+00
   4.0602318e+00
   4.0517093e+00
   4.0429027e+00
   4.0338087e+00
   4.0244243e+00
   4.0147466e+00
   4.0047731e+00
   3.9945014e+00
   3.9839295e+00
   3.9730557e+00
   3.9618783e+00
   3.9503963e+00
   3.9386088e+00
   3.9265153e+00
   3.9141155e+00
   3.9014096e+00
   3.8883979e+00
   3.8750813e+00
   3.8614609e+00
   3.8475382e+00
   3.8333150e+00
   3.8187935e+00
   3.8039762e+00
   3.7888661e+00
   3.7734664e+00
   3.7577807e+00
   3.7418130e+00
   3.7255677e+00
   3.7090494e+00
   3.6922631e+00
   3.6752143e+00
   3.6579086e+00
   3.6403522e+00
   3.6225513e+00
   3.6045127e+00
   3.5862434e+00
   3.5677507e+00
   3.5490423e+00
   3.5301261e+00
   3.5110101e+00
   3.4917030e+00
   3.4722134e+00
   3.4525503e+00
   3.4327228e+00
   3.4127404e+00
   3.3926126e+00
   3.3723494e+00
   3.3519607e+00
   3.3314567e+00
   3.3108477e+00
   3.2901442e+00
   3.2693568e+00
   3.2484962e+00
   3.2275732e+00
   3.2065988e+00
   3.1855838e+00
   3.1645394e+00
   3.1434765e+00
   3.1224064e+00
   3.1013402e+00
   3.0802889e+00
   3.0592637e+00
   3.0382756e+00
   3.0173359e+00
   2.9964553e+00
   2.9756450e+00
   2.9549157e+00
   2.9342783e+00
   2.9137434e+00
   2.8933217e+00
   2.8730236e+00
   2.8528595e+00
   2.8328396e+00
   2.8129739e+00
   2.7932724e+00
   2.7737449e+00
   2.7544009e+00
   2.7352498e+00
   2.7163009e+00
   2.6975633e+00
   2.6790458e+00
   2.6607571e+00
   2.6427056e+00
   2.6248997e+00
   2.6073473e+00
   2.5900564e+00
   2.5730345e+00
   2.5562892e+00
   2.5398275e+00
   2.5236566e+00
   2.5077832e+00
   2.4922138e+00
   2.4769549e+00
   2.4620126e+00
   2.4473927e+00
   2.4331010e+00
   2.4191431e+00
   2.4055242e+00
   2.3922494e+00
   2.3793236e+00
   2.3667515e+00
   2.3545376e+00
   2.3426862e+00
   2.3312014e+00
   2.3200871e+00
   2.3093471e+00
   2.2989849e+00
   2.2890040e+00
   2.2794074e+00
   2.2701984e+00
   2.2613797e+00
   2.2529540e+00
   2.2449241e+00
   2.2372921e+00
   2.2300605e+00
   2.2232313e+00
   2.2168065e+00
   2.2107880e+00
   2.2051774e+00
   2.1999763e+00
   2.1951862e+00
   2.1908083e+00
   2.1868439e+00
   2.1832940e+00
   2.1801596e+00
   2.1774416e+00
   2.1751405e+00
   2.1732571e+00
   2.1717919e+00
   2.1707451e+00
   2.1701172e+00
   2.1699082e+00
   2.1701182e+00
   2.1707471e+00
   2.1717949e+00
   2.1732612e+00
   2.1751456e+00
   2.1774476e+00
   2.1801667e+00
   2.1833021e+00
   2.1868530e+00
   2.1908184e+00
   2.1951972e+00
   2.1999884e+00
   2.2051905e+00
   2.2108021e+00
   2.2168216e+00
   2.2232474e+00
   2.2300776e+00
   2.2373103e+00
   2.2449432e+00
   2.2529742e+00
   2.2614009e+00
   2.2702206e+00
   2.2794306e+00
   2.2890282e+00
   2.2990102e+00
   2.3093733e+00
   2.3201144e+00
   2.3312296e+00
   2.3427154e+00
   2.3545679e+00
   2.3667828e+00
   2.3793559e+00
   2.3922826e+00
   2.4055584e+00
   2.4191783e+00
   2.4331372e+00
   2.4474299e+00
   2.4620507e+00
   2.4769940e+00
   2.4922539e+00
   2.5078242e+00
   2.5236986e+00
   2.5398705e+00
   2.5563331e+00
   2.5730794e+00
   2.5901022e+00
   2.6073940e+00
   2.6249473e+00
   2.6427541e+00
   2.6608065e+00
   2.6790961e+00
   2.6976145e+00
   2.7163530e+00
   2.7353027e+00
   2.7544546e+00
   2.7737994e+00
   2.7933278e+00
   2.8130301e+00
   2.8328965e+00
   2.8529172e+00
   2.8730821e+00
   2.8933809e+00
   2.9138033e+00
   2.9343389e+00
   2.9549770e+00
   2.9757069e+00
   2.9965179e+00
   3.0173991e+00
   3.0383395e+00
   3.0593281e+00
   3.0803539e+00
   3.1014057e+00
   3.1224725e+00
   3.1435431e+00
   3.1646064e+00
   3.1856513e+00
   3.2066667e+00
   3.2276415e+00
   3.2485649e+00
   3.2694258e+00
   3.2902136e+00
   3.3109174e+00
   3.3315266e+00
   3.3520309e+00
   3.3724198e+00
   3.3926832e+00
   3.4128111e+00
   3.4327936e+00
   3.4526212e+00
   3.4722844e+00
   3.4917741e+00
   3.5110812e+00
   3.5301971e+00
   3.5491133e+00
   3.5678217e+00
   3.5863142e+00
   3.6045834e+00
   3.6226218e+00
   3.6404225e+00
   3.6579788e+00
   3.6752842e+00
   3.6923328e+00
   3.7091188e+00
   3.7256367e+00
   3.7418817e+00
   3.7578490e+00
   3.7735343e+00
   3.7889336e+00
   3.8040433e+00
   3.8188601e+00
   3.8333811e+00
   3.8476038e+00
   3.8615259e+00
   3.8751458e+00
   3.8884618e+00
   3.9014728e+00
   3.9141781e+00
   3.9265773e+00
   3.9386701e+00
   3.9504569e+00
   3.9619382e+00
   3.9731148e+00
   3.9839879e+00
   3.9945590e+00
   4.0048299e+00
   4.0148026e+00
   4.0244794e+00
   4.0338630e+00
   4.0429561e+00
   4.0517619e+00
   4.0602835e+00
   4.0685247e+00
   4.0764891e+00
   4.0841806e+00
   4.0916033e+00
   4.0987615e+00
   4.1056597e+00
   4.1123024e+00
   4.1186943e+00
   4.1248403e+00
   4.1307452e+00
   4.1364141e+00
   4.1418520e+00
   4.1470641e+00
   4.1520557e+00
   4.1568318e+00
   4.1613979e+00
   4.1657590e+00
   4.1699206e+00
   4.1738878e+00
   4.1776659e+00
   4.1812599e+00
   4.1846751e+00
   4.1879166e+00
   4.1909891e+00
   4.1938977e+00
   4.1966472e+00
   4.1992422e+00
   4.2016872e+00
   4.2039867e+00
   4.2061451e+00
   4.2081663e+00
   4.2100545e+00
   4.2118133e+00
   4.2134466e+00
   4.2149576e+00
   4.2163497e+00
   4.2176260e+00
   4.2187893e+00
   4.2198424e+00
   4.2207875e+00
   4.2216270e+00
   4.2223630e+00
   4.2229970e+00
   4.2235308e+00
   4.2239657e+00
   4.2243026e+00
   4.2245426e+00
   4.2246861e+00
   4.2247335e+00
