   2.7025119e+04
   2.7013938e+04
   2.6980409e+04
   2.6924529e+04
   2.6846291e+04
   2.6745687e+04
   2.6622708e+04
   2.6477350e+04
   2.6309612e+04
   2.6119504e+04
   2.5907045e+04
   2.5672270e+04
   2.5415234e+04
   2.5136016e+04
   2.4834722e+04
   2.4511494e+04
   2.4166511e+04
   2.3799995e+04
   2.3412219e+04
   2.3003509e+04
   2.2574251e+04
   2.2124896e+04
   2.1655963e+04
   2.1168046e+04
   2.0661817e+04
   2.0138030e+04
   1.9597524e+04
   1.9041224e+04
   1.8470146e+04
   1.7885395e+04
   1.7288168e+04
   1.6679749e+04
   1.6061513e+04
   1.5434916e+04
   1.4801498e+04
   1.4162872e+04
   1.3520721e+04
   1.2876790e+04
   1.2232877e+04
   1.1590823e+04
   1.0952501e+04
   1.0319805e+04
   9.6946356e+03
   9.0788890e+03
   8.4744405e+03
   7.8831304e+03
   7.3067493e+03
   6.7470227e+03
   6.2055954e+03
   5.6840169e+03
   5.1837270e+03
   4.7060417e+03
   4.2521402e+03
   3.8230537e+03
   3.4196542e+03
   3.0426463e+03
   2.6925596e+03
   2.3697433e+03
   2.0743635e+03
   1.8064014e+03
   1.5656548e+03
   1.3517408e+03
   1.1641021e+03
   1.0020140e+03
   8.6459450e+02
   7.5081598e+02
   6.5951892e+02
   5.8942707e+02
   5.3916415e+02
   5.0727165e+02
   4.9222751e+02
   4.9246533e+02
   5.0639393e+02
   5.3241669e+02
   5.6895061e+02
   6.1444458e+02
   6.6739668e+02
   7.2637017e+02
   7.9000789e+02
   8.5704494e+02
   9.2631938e+02
   9.9678078e+02
   1.0674966e+03
   1.1376566e+03
   1.2065740e+03
   1.2736861e+03
   1.3385511e+03
   1.4008439e+03
   1.4603498e+03
   1.5169566e+03
   1.5706452e+03
   1.6214795e+03
   1.6695947e+03
   1.7151856e+03
   1.7584945e+03
   1.7997991e+03
   1.8394004e+03
   1.8776112e+03
   1.9147458e+03
   1.9511097e+03
   1.9869912e+03
   2.0226542e+03
   2.0583313e+03
   2.0942197e+03
   2.1304775e+03
   2.1672219e+03
   2.2045284e+03
   2.2424314e+03
   2.2809260e+03
   2.3199709e+03
   2.3594922e+03
   2.3993872e+03
   2.4395302e+03
   2.4797775e+03
   2.5199729e+03
   2.5599535e+03
   2.5995552e+03
   2.6386182e+03
   2.6769916e+03
   2.7145383e+03
   2.7511387e+03
   2.7866938e+03
   2.8211279e+03
   2.8543909e+03
   2.8864586e+03
   2.9173339e+03
   2.9470460e+03
   2.9756499e+03
   3.0032244e+03
   3.0298708e+03
   3.0557098e+03
   3.0808786e+03
   3.1055286e+03
   3.1298209e+03
   3.1539239e+03
   3.1780090e+03
   3.2022477e+03
   3.2268079e+03
   3.2518508e+03
   3.2775281e+03
   3.3039789e+03
   3.3313277e+03
   3.3596822e+03
   3.3891316e+03
   3.4197451e+03
   3.4515709e+03
   3.4846360e+03
   3.5189454e+03
   3.5544823e+03
   3.5912086e+03
   3.6290654e+03
   3.6679740e+03
   3.7078369e+03
   3.7485393e+03
   3.7899503e+03
   3.8319248e+03
   3.8743052e+03
   3.9169231e+03
   3.9596008e+03
   4.0021540e+03
   4.0443926e+03
   4.0861235e+03
   4.1271515e+03
   4.1672818e+03
   4.2063208e+03
   4.2440785e+03
   4.2803694e+03
   4.3150139e+03
   4.3478398e+03
   4.3786834e+03
   4.4073902e+03
   4.4338165e+03
   4.4578296e+03
   4.4793090e+03
   4.4981469e+03
   4.5142486e+03
   4.5275334e+03
   4.5379347e+03
   4.5454001e+03
   4.5498924e+03
   4.5513890e+03
   4.5498823e+03
   4.5453800e+03
   4.5379047e+03
   4.5274937e+03
   4.5141993e+03
   4.4980883e+03
   4.4792414e+03
   4.4577533e+03
   4.4337318e+03
   4.4072976e+03
   4.3785833e+03
   4.3477328e+03
   4.3149005e+03
   4.2802502e+03
   4.2439541e+03
   4.2061918e+03
   4.1671488e+03
   4.1270153e+03
   4.0859847e+03
   4.0442520e+03
   4.0020122e+03
   3.9594588e+03
   3.9167814e+03
   3.8741648e+03
   3.8317863e+03
   3.7898144e+03
   3.7484069e+03
   3.7077088e+03
   3.6678509e+03
   3.6289479e+03
   3.5910975e+03
   3.5543783e+03
   3.5188491e+03
   3.4845480e+03
   3.4514918e+03
   3.4196754e+03
   3.3890719e+03
   3.3596329e+03
   3.3312891e+03
   3.3039514e+03
   3.2775120e+03
   3.2518465e+03
   3.2268155e+03
   3.2022673e+03
   3.1780407e+03
   3.1539677e+03
   3.1298769e+03
   3.1055966e+03
   3.0809586e+03
   3.0558015e+03
   3.0299741e+03
   3.0033390e+03
   2.9757755e+03
   2.9471825e+03
   2.9174809e+03
   2.8866158e+03
   2.8545580e+03
   2.8213047e+03
   2.7868799e+03
   2.7513340e+03
   2.7147426e+03
   2.6772047e+03
   2.6388400e+03
   2.5997857e+03
   2.5601927e+03
   2.5202210e+03
   2.4800346e+03
   2.4397965e+03
   2.3996629e+03
   2.3597777e+03
   2.3202667e+03
   2.2812325e+03
   2.2427490e+03
   2.2048578e+03
   2.1675635e+03
   2.1308318e+03
   2.0945871e+03
   2.0587124e+03
   2.0230493e+03
   1.9874007e+03
   1.9515336e+03
   1.9151842e+03
   1.8780642e+03
   1.8398676e+03
   1.8002801e+03
   1.7589887e+03
   1.7156922e+03
   1.6701127e+03
   1.6220078e+03
   1.5711822e+03
   1.5175007e+03
   1.4608992e+03
   1.4013966e+03
   1.3391050e+03
   1.2742388e+03
   1.2071230e+03
   1.1381992e+03
   1.0680304e+03
   9.9730292e+02
   9.2682720e+02
   8.5753575e+02
   7.9047906e+02
   7.2681917e+02
   6.6782110e+02
   6.1484216e+02
   5.6931931e+02
   5.3275466e+02
   5.0669959e+02
   4.9273735e+02
   4.9246486e+02
   5.0747360e+02
   5.3933028e+02
   5.8955729e+02
   6.5961345e+02
   7.5087539e+02
   8.6461965e+02
   1.0020061e+03
   1.1640626e+03
   1.3516714e+03
   1.5655575e+03
   1.8062785e+03
   2.0742173e+03
   2.3695765e+03
   2.6923748e+03
   3.0424464e+03
   3.4194421e+03
   3.8228323e+03
   4.2519125e+03
   4.7058106e+03
   5.1834954e+03
   5.6837876e+03
   6.2053710e+03
   6.7468058e+03
   7.3065424e+03
   7.8829355e+03
   8.4742597e+03
   9.0787243e+03
   9.6944883e+03
   1.0319676e+04
   1.0952393e+04
   1.1590736e+04
   1.2232811e+04
   1.2876746e+04
   1.3520700e+04
   1.4162873e+04
   1.4801521e+04
   1.5434961e+04
   1.6061579e+04
   1.6679836e+04
   1.7288273e+04
   1.7885519e+04
   1.8470286e+04
   1.9041380e+04
   1.9597694e+04
   2.0138213e+04
   2.0662011e+04
   2.1168249e+04
   2.1656173e+04
   2.2125112e+04
   2.2574471e+04
   2.3003731e+04
   2.3412441e+04
   2.3800216e+04
   2.4166728e+04
   2.4511707e+04
   2.4834928e+04
   2.5136214e+04
   2.5415423e+04
   2.5672448e+04
   2.5907211e+04
   2.6119657e+04
   2.6309751e+04
   2.6477474e+04
   2.6622816e+04
   2.6745778e+04
   2.6846365e+04
   2.6924585e+04
   2.6980446e+04
   2.7013956e+04
   2.7025119e+04
