   1.2652620e-05
   1.2652616e-05
   1.2652613e-05
   1.2652611e-05
   1.2652610e-05
   1.2652610e-05
   1.2652611e-05
   1.2652613e-05
   1.2652615e-05
   1.2652617e-05
   1.2652620e-05
   1.2652622e-05
   1.2652625e-05
   1.2652626e-05
   1.2652628e-05
   1.2652628e-05
   1.2652627e-05
   1.2652624e-05
   1.2652620e-05
   1.2652613e-05
   1.2652603e-05
   1.2652590e-05
   1.2652574e-05
   1.2652554e-05
   1.2652530e-05
   1.2652501e-05
   1.2652467e-05
   1.2652427e-05
   1.2652381e-05
   1.2652329e-05
   1.2652269e-05
   1.2652202e-05
   1.2652127e-05
   1.2652042e-05
   1.2651949e-05
   1.2651846e-05
   1.2651733e-05
   1.2651609e-05
   1.2651474e-05
   1.2651326e-05
   1.2651166e-05
   1.2650994e-05
   1.2650807e-05
   1.2650607e-05
   1.2650392e-05
   1.2650161e-05
   1.2649915e-05
   1.2649653e-05
   1.2649374e-05
   1.2649077e-05
   1.2648763e-05
   1.2648430e-05
   1.2648079e-05
   1.2647708e-05
   1.2647317e-05
   1.2646906e-05
   1.2646474e-05
   1.2646021e-05
   1.2645547e-05
   1.2645050e-05
   1.2644531e-05
   1.2643989e-05
   1.2643424e-05
   1.2642836e-05
   1.2642224e-05
   1.2641588e-05
   1.2640927e-05
   1.2640242e-05
   1.2639532e-05
   1.2638797e-05
   1.2638037e-05
   1.2637251e-05
   1.2636440e-05
   1.2635603e-05
   1.2634740e-05
   1.2633851e-05
   1.2632937e-05
   1.2631997e-05
   1.2631031e-05
   1.2630039e-05
   1.2629021e-05
   1.2627978e-05
   1.2626909e-05
   1.2625814e-05
   1.2624695e-05
   1.2623550e-05
   1.2622381e-05
   1.2621187e-05
   1.2619970e-05
   1.2618728e-05
   1.2617463e-05
   1.2616174e-05
   1.2614863e-05
   1.2613530e-05
   1.2612175e-05
   1.2610798e-05
   1.2609401e-05
   1.2607983e-05
   1.2606546e-05
   1.2605090e-05
   1.2603615e-05
   1.2602123e-05
   1.2600613e-05
   1.2599087e-05
   1.2597546e-05
   1.2595989e-05
   1.2594419e-05
   1.2592835e-05
   1.2591238e-05
   1.2589630e-05
   1.2588011e-05
   1.2586382e-05
   1.2584744e-05
   1.2583098e-05
   1.2581444e-05
   1.2579785e-05
   1.2578120e-05
   1.2576451e-05
   1.2574779e-05
   1.2573104e-05
   1.2571428e-05
   1.2569752e-05
   1.2568077e-05
   1.2566403e-05
   1.2564733e-05
   1.2563067e-05
   1.2561405e-05
   1.2559750e-05
   1.2558102e-05
   1.2556463e-05
   1.2554833e-05
   1.2553213e-05
   1.2551605e-05
   1.2550010e-05
   1.2548428e-05
   1.2546862e-05
   1.2545311e-05
   1.2543778e-05
   1.2542262e-05
   1.2540766e-05
   1.2539290e-05
   1.2537835e-05
   1.2536403e-05
   1.2534994e-05
   1.2533609e-05
   1.2532250e-05
   1.2530916e-05
   1.2529611e-05
   1.2528333e-05
   1.2527084e-05
   1.2525866e-05
   1.2524679e-05
   1.2523523e-05
   1.2522400e-05
   1.2521311e-05
   1.2520256e-05
   1.2519236e-05
   1.2518252e-05
   1.2517305e-05
   1.2516395e-05
   1.2515523e-05
   1.2514690e-05
   1.2513896e-05
   1.2513142e-05
   1.2512429e-05
   1.2511756e-05
   1.2511125e-05
   1.2510536e-05
   1.2509990e-05
   1.2509486e-05
   1.2509026e-05
   1.2508609e-05
   1.2508236e-05
   1.2507908e-05
   1.2507624e-05
   1.2507384e-05
   1.2507190e-05
   1.2507040e-05
   1.2506936e-05
   1.2506877e-05
   1.2506863e-05
   1.2506894e-05
   1.2506971e-05
   1.2507093e-05
   1.2507260e-05
   1.2507472e-05
   1.2507729e-05
   1.2508030e-05
   1.2508376e-05
   1.2508766e-05
   1.2509200e-05
   1.2509678e-05
   1.2510198e-05
   1.2510762e-05
   1.2511368e-05
   1.2512015e-05
   1.2512704e-05
   1.2513434e-05
   1.2514204e-05
   1.2515014e-05
   1.2515864e-05
   1.2516751e-05
   1.2517677e-05
   1.2518639e-05
   1.2519639e-05
   1.2520673e-05
   1.2521743e-05
   1.2522847e-05
   1.2523984e-05
   1.2525154e-05
   1.2526355e-05
   1.2527587e-05
   1.2528849e-05
   1.2530140e-05
   1.2531458e-05
   1.2532804e-05
   1.2534176e-05
   1.2535573e-05
   1.2536994e-05
   1.2538438e-05
   1.2539904e-05
   1.2541391e-05
   1.2542897e-05
   1.2544423e-05
   1.2545967e-05
   1.2547527e-05
   1.2549103e-05
   1.2550694e-05
   1.2552298e-05
   1.2553914e-05
   1.2555542e-05
   1.2557180e-05
   1.2558827e-05
   1.2560482e-05
   1.2562144e-05
   1.2563811e-05
   1.2565484e-05
   1.2567160e-05
   1.2568839e-05
   1.2570520e-05
   1.2572200e-05
   1.2573881e-05
   1.2575560e-05
   1.2577236e-05
   1.2578909e-05
   1.2580577e-05
   1.2582239e-05
   1.2583895e-05
   1.2585543e-05
   1.2587183e-05
   1.2588814e-05
   1.2590434e-05
   1.2592043e-05
   1.2593640e-05
   1.2595225e-05
   1.2596795e-05
   1.2598352e-05
   1.2599893e-05
   1.2601418e-05
   1.2602926e-05
   1.2604417e-05
   1.2605890e-05
   1.2607344e-05
   1.2608779e-05
   1.2610194e-05
   1.2611588e-05
   1.2612962e-05
   1.2614314e-05
   1.2615643e-05
   1.2616951e-05
   1.2618235e-05
   1.2619496e-05
   1.2620733e-05
   1.2621946e-05
   1.2623135e-05
   1.2624299e-05
   1.2625438e-05
   1.2626552e-05
   1.2627640e-05
   1.2628703e-05
   1.2629740e-05
   1.2630751e-05
   1.2631737e-05
   1.2632696e-05
   1.2633630e-05
   1.2634537e-05
   1.2635418e-05
   1.2636273e-05
   1.2637103e-05
   1.2637907e-05
   1.2638684e-05
   1.2639437e-05
   1.2640164e-05
   1.2640866e-05
   1.2641543e-05
   1.2642195e-05
   1.2642822e-05
   1.2643426e-05
   1.2644006e-05
   1.2644562e-05
   1.2645094e-05
   1.2645605e-05
   1.2646092e-05
   1.2646558e-05
   1.2647001e-05
   1.2647424e-05
   1.2647826e-05
   1.2648207e-05
   1.2648569e-05
   1.2648911e-05
   1.2649234e-05
   1.2649539e-05
   1.2649826e-05
   1.2650096e-05
   1.2650349e-05
   1.2650585e-05
   1.2650806e-05
   1.2651012e-05
   1.2651203e-05
   1.2651379e-05
   1.2651543e-05
   1.2651693e-05
   1.2651831e-05
   1.2651956e-05
   1.2652071e-05
   1.2652174e-05
   1.2652268e-05
   1.2652351e-05
   1.2652426e-05
   1.2652492e-05
   1.2652549e-05
   1.2652600e-05
   1.2652643e-05
   1.2652679e-05
   1.2652709e-05
   1.2652734e-05
   1.2652753e-05
   1.2652768e-05
   1.2652779e-05
   1.2652785e-05
   1.2652789e-05
   1.2652789e-05
   1.2652786e-05
   1.2652782e-05
   1.2652775e-05
   1.2652767e-05
   1.2652757e-05
   1.2652747e-05
   1.2652735e-05
   1.2652724e-05
   1.2652712e-05
   1.2652700e-05
   1.2652688e-05
   1.2652677e-05
   1.2652666e-05
   1.2652656e-05
   1.2652647e-05
   1.2652639e-05
   1.2652632e-05
   1.2652625e-05
   1.2652620e-05
