 Energy(eV)     NS_101     NS_0-11     NS_-101     NS_011     NS_000
 2.5 4.06286e-07 2.01262e-07 2.17304e-07 1.79753e-07 0
 2.50565 4.07112e-07 2.01359e-07 2.17957e-07 1.80167e-07 0
 2.5113 4.07947e-07 2.01447e-07 2.18619e-07 1.80571e-07 0
 2.51696 4.08792e-07 2.01526e-07 2.19293e-07 1.80966e-07 0
 2.52261 4.09649e-07 2.01595e-07 2.19977e-07 1.81352e-07 0
 2.52826 4.10518e-07 2.01655e-07 2.20674e-07 1.81728e-07 0
 2.53391 4.11402e-07 2.01707e-07 2.21384e-07 1.82093e-07 0
 2.53957 4.12302e-07 2.01752e-07 2.22108e-07 1.82449e-07 0
 2.54522 4.13221e-07 2.0179e-07 2.22847e-07 1.82794e-07 0
 2.55087 4.1416e-07 2.01821e-07 2.23602e-07 1.83129e-07 0
 2.55652 4.15122e-07 2.01847e-07 2.24375e-07 1.83452e-07 0
 2.56217 4.16108e-07 2.01868e-07 2.25166e-07 1.83764e-07 0
 2.56783 4.17122e-07 2.01886e-07 2.25977e-07 1.84065e-07 0
 2.57348 4.18167e-07 2.019e-07 2.26809e-07 1.84354e-07 0
 2.57913 4.19244e-07 2.01913e-07 2.27663e-07 1.84632e-07 0
 2.58478 4.20357e-07 2.01925e-07 2.28541e-07 1.84897e-07 0
 2.59043 4.2151e-07 2.01938e-07 2.29445e-07 1.8515e-07 0
 2.59609 4.22705e-07 2.01953e-07 2.30376e-07 1.8539e-07 0
 2.60174 4.23946e-07 2.01972e-07 2.31336e-07 1.85617e-07 0
 2.60739 4.25238e-07 2.01995e-07 2.32327e-07 1.85831e-07 0
 2.61304 4.26583e-07 2.02025e-07 2.33349e-07 1.86032e-07 0
 2.6187 4.27986e-07 2.02064e-07 2.34406e-07 1.8622e-07 0
 2.62435 4.29451e-07 2.02113e-07 2.35499e-07 1.86393e-07 0
 2.63 4.30982e-07 2.02175e-07 2.36631e-07 1.86553e-07 0
 2.63565 4.32585e-07 2.02251e-07 2.37802e-07 1.86698e-07 0
 2.6413 4.34263e-07 2.02345e-07 2.39016e-07 1.86828e-07 0
 2.64696 4.36022e-07 2.02459e-07 2.40274e-07 1.86944e-07 0
 2.65261 4.37867e-07 2.02595e-07 2.41579e-07 1.87044e-07 0
 2.65826 4.39802e-07 2.02756e-07 2.42932e-07 1.87129e-07 0
 2.66391 4.41833e-07 2.02945e-07 2.44336e-07 1.87198e-07 0
 2.66957 4.43966e-07 2.03167e-07 2.45794e-07 1.87252e-07 0
 2.67522 4.46206e-07 2.03423e-07 2.47307e-07 1.87288e-07 0
 2.68087 4.48557e-07 2.03717e-07 2.48878e-07 1.87308e-07 0
 2.68652 4.51026e-07 2.04054e-07 2.50508e-07 1.87312e-07 0
 2.69217 4.53619e-07 2.04438e-07 2.522e-07 1.87297e-07 0
 2.69783 4.5634e-07 2.04872e-07 2.53957e-07 1.87265e-07 0
 2.70348 4.59195e-07 2.0536e-07 2.55779e-07 1.87215e-07 0
 2.70913 4.62189e-07 2.05909e-07 2.5767e-07 1.87146e-07 0
 2.71478 4.65328e-07 2.06521e-07 2.59631e-07 1.87058e-07 0
 2.72043 4.68617e-07 2.07202e-07 2.61663e-07 1.86951e-07 0
 2.72609 4.72061e-07 2.07958e-07 2.63769e-07 1.86824e-07 0
 2.73174 4.75663e-07 2.08792e-07 2.6595e-07 1.86677e-07 0
 2.73739 4.7943e-07 2.09712e-07 2.68208e-07 1.86509e-07 0
 2.74304 4.83366e-07 2.10723e-07 2.70543e-07 1.8632e-07 0
 2.7487 4.87473e-07 2.11829e-07 2.72956e-07 1.8611e-07 0
 2.75435 4.91757e-07 2.13038e-07 2.7545e-07 1.85877e-07 0
 2.76 4.9622e-07 2.14354e-07 2.78024e-07 1.85622e-07 0
 2.76565 5.00865e-07 2.15785e-07 2.80679e-07 1.85345e-07 0
 2.7713 5.05695e-07 2.17336e-07 2.83415e-07 1.85045e-07 0
 2.77696 5.10712e-07 2.19014e-07 2.86233e-07 1.84721e-07 0
 2.78261 5.15918e-07 2.20824e-07 2.89132e-07 1.84374e-07 0
 2.78826 5.21314e-07 2.22773e-07 2.92112e-07 1.84004e-07 0
 2.79391 5.26901e-07 2.24868e-07 2.95173e-07 1.83611e-07 0
 2.79957 5.32681e-07 2.27114e-07 2.98314e-07 1.83194e-07 0
 2.80522 5.38652e-07 2.29517e-07 3.01534e-07 1.82756e-07 0
 2.81087 5.44814e-07 2.32084e-07 3.04832e-07 1.82295e-07 0
 2.81652 5.51168e-07 2.3482e-07 3.08208e-07 1.81814e-07 0
 2.82217 5.57712e-07 2.37731e-07 3.11659e-07 1.81312e-07 0
 2.82783 5.64444e-07 2.40821e-07 3.15186e-07 1.80793e-07 0
 2.83348 5.71364e-07 2.44096e-07 3.18786e-07 1.80258e-07 0
 2.83913 5.7847e-07 2.47561e-07 3.22458e-07 1.7971e-07 0
 2.84478 5.8576e-07 2.51218e-07 3.26201e-07 1.79151e-07 0
 2.85043 5.93232e-07 2.55072e-07 3.30014e-07 1.78585e-07 0
 2.85609 6.00884e-07 2.59125e-07 3.33896e-07 1.78016e-07 0
 2.86174 6.08715e-07 2.63379e-07 3.37846e-07 1.7745e-07 0
 2.86739 6.16723e-07 2.67835e-07 3.41863e-07 1.76892e-07 0
 2.87304 6.24907e-07 2.72493e-07 3.45947e-07 1.76348e-07 0
 2.8787 6.33266e-07 2.77351e-07 3.50099e-07 1.75828e-07 0
 2.88435 6.418e-07 2.82407e-07 3.54319e-07 1.7534e-07 0
 2.89 6.5051e-07 2.87656e-07 3.58608e-07 1.74893e-07 0
 2.89565 6.59395e-07 2.93092e-07 3.62967e-07 1.745e-07 0
 2.9013 6.68458e-07 2.98707e-07 3.674e-07 1.74173e-07 0
 2.90696 6.777e-07 3.0449e-07 3.71908e-07 1.73928e-07 0
 2.91261 6.87125e-07 3.10427e-07 3.76497e-07 1.73779e-07 0
 2.91826 6.96737e-07 3.16501e-07 3.81169e-07 1.73746e-07 0
 2.92391 7.06539e-07 3.22693e-07 3.8593e-07 1.73847e-07 0
 2.92957 7.16536e-07 3.28978e-07 3.90786e-07 1.74104e-07 0
 2.93522 7.26734e-07 3.35328e-07 3.95743e-07 1.74541e-07 0
 2.94087 7.37137e-07 3.4171e-07 4.00808e-07 1.75183e-07 0
 2.94652 7.47751e-07 3.48085e-07 4.05988e-07 1.76056e-07 0
 2.95217 7.5858e-07 3.54409e-07 4.1129e-07 1.77191e-07 0
 2.95783 7.69627e-07 3.60632e-07 4.16721e-07 1.78616e-07 0
 2.96348 7.80892e-07 3.66698e-07 4.22289e-07 1.80362e-07 0
 2.96913 7.92374e-07 3.72542e-07 4.27998e-07 1.82463e-07 0
 2.97478 8.04069e-07 3.78096e-07 4.33854e-07 1.84951e-07 0
 2.98043 8.15966e-07 3.83283e-07 4.3986e-07 1.87857e-07 0
 2.98609 8.28049e-07 3.8802e-07 4.46014e-07 1.91214e-07 0
 2.99174 8.40297e-07 3.92218e-07 4.52315e-07 1.95051e-07 0
 2.99739 8.52679e-07 3.95784e-07 4.58756e-07 1.99394e-07 0
 3.00304 8.65156e-07 3.98622e-07 4.65326e-07 2.04269e-07 0
 3.0087 8.77679e-07 4.00635e-07 4.72007e-07 2.09693e-07 0
 3.01435 8.90188e-07 4.01724e-07 4.78779e-07 2.1568e-07 0
 3.02 9.0261e-07 4.01798e-07 4.85612e-07 2.22238e-07 0
 3.02565 9.14863e-07 4.00768e-07 4.92472e-07 2.29367e-07 0
 3.0313 9.26851e-07 3.98559e-07 4.99317e-07 2.37059e-07 0
 3.03696 9.38471e-07 3.95108e-07 5.06099e-07 2.45298e-07 0
 3.04261 9.49607e-07 3.9037e-07 5.12765e-07 2.54063e-07 0
 3.04826 9.6014e-07 3.8432e-07 5.19256e-07 2.63323e-07 0
 3.05391 9.69946e-07 3.76959e-07 5.25512e-07 2.73044e-07 0
 3.05957 9.78898e-07 3.68315e-07 5.31469e-07 2.83186e-07 0
 3.06522 9.86876e-07 3.58443e-07 5.37064e-07 2.93712e-07 0
 3.07087 9.93765e-07 3.47427e-07 5.42236e-07 3.04583e-07 0
 3.07652 9.99464e-07 3.35384e-07 5.46932e-07 3.15767e-07 0
 3.08217 1.00389e-06 3.22455e-07 5.51102e-07 3.27242e-07 0
 3.08783 1.00697e-06 3.08807e-07 5.54709e-07 3.39e-07 0
 3.09348 1.00867e-06 2.9463e-07 5.57728e-07 3.51051e-07 0
 3.09913 1.00897e-06 2.80131e-07 5.60148e-07 3.63428e-07 0
 3.10478 1.00791e-06 2.6553e-07 5.61974e-07 3.7619e-07 0
 3.11043 1.00552e-06 2.51055e-07 5.63231e-07 3.89431e-07 0
 3.11609 1.00191e-06 2.36938e-07 5.63964e-07 4.03277e-07 0
 3.12174 9.97223e-07 2.2341e-07 5.64241e-07 4.179e-07 0
 3.12739 9.91637e-07 2.10695e-07 5.64154e-07 4.33511e-07 0
 3.13304 9.85398e-07 1.99012e-07 5.63826e-07 4.50376e-07 0
 3.1387 9.78815e-07 1.88568e-07 5.63414e-07 4.68811e-07 0
 3.14435 9.72272e-07 1.79562e-07 5.63114e-07 4.8919e-07 0
 3.15 9.66248e-07 1.72183e-07 5.63168e-07 5.11946e-07 0
 3.15565 9.61333e-07 1.66616e-07 5.63881e-07 5.37571e-07 0
 3.1613 9.58261e-07 1.6305e-07 5.65626e-07 5.66617e-07 0
 3.16696 9.57943e-07 1.61691e-07 5.68869e-07 5.99687e-07 0
 3.17261 9.61507e-07 1.62773e-07 5.74184e-07 6.37416e-07 0
 3.17826 9.70349e-07 1.66586e-07 5.82278e-07 6.80452e-07 0
 3.18391 9.8619e-07 1.73496e-07 5.94017e-07 7.294e-07 0
 3.18957 1.01113e-06 1.8397e-07 6.1044e-07 7.84758e-07 0
 3.19522 1.04766e-06 1.98582e-07 6.32768e-07 8.46793e-07 0
 3.20087 1.09866e-06 2.17984e-07 6.62363e-07 9.1538e-07 0
 3.20652 1.16725e-06 2.42812e-07 7.00629e-07 9.89746e-07 0
 3.21217 1.25638e-06 2.73463e-07 7.48779e-07 1.06815e-06 0
 3.21783 1.36813e-06 3.09717e-07 8.07422e-07 1.1475e-06 0
 3.22348 1.50251e-06 3.50177e-07 8.75919e-07 1.22302e-06 0
 3.22913 1.65581e-06 3.91683e-07 9.51598e-07 1.28826e-06 0
 3.23478 1.81908e-06 4.2901e-07 1.0291e-06 1.33579e-06 0
 3.24043 1.97776e-06 4.55403e-07 1.10047e-06 1.35888e-06 0
 3.24609 2.11358e-06 4.64312e-07 1.15648e-06 1.35404e-06 0
 3.25174 2.20923e-06 4.51938e-07 1.18923e-06 1.32309e-06 0
 3.25739 2.25357e-06 4.19234e-07 1.19475e-06 1.27341e-06 0
 3.26304 2.24475e-06 3.71957e-07 1.17411e-06 1.21555e-06 0
 3.2687 2.18941e-06 3.18514e-07 1.1324e-06 1.1595e-06 0
 3.27435 2.09881e-06 2.66869e-07 1.07635e-06 1.11154e-06 0
 3.28 1.98449e-06 2.22268e-07 1.01188e-06 1.07335e-06 0
 3.28565 1.85521e-06 1.86759e-07 9.42942e-07 1.0433e-06 0
 3.2913 1.71611e-06 1.60169e-07 8.71527e-07 1.01857e-06 0
 3.29696 1.56962e-06 1.41388e-07 7.9846e-07 9.96658e-07 0
 3.30261 1.41722e-06 1.29118e-07 7.2444e-07 9.75623e-07 0
 3.30826 1.2616e-06 1.2197e-07 6.51026e-07 9.53651e-07 0
 3.31391 1.10909e-06 1.18224e-07 5.81623e-07 9.28389e-07 0
 3.31957 9.71954e-07 1.1561e-07 5.22253e-07 8.96597e-07 0
 3.32522 8.68898e-07 1.11494e-07 4.81354e-07 8.54607e-07 0
 3.33087 8.20673e-07 1.03738e-07 4.67297e-07 8.00022e-07 0
 3.33652 8.39402e-07 9.20403e-08 4.83432e-07 7.34192e-07 0
 3.34217 9.17877e-07 7.85549e-08 5.24002e-07 6.63367e-07 0
 3.34783 1.03019e-06 6.67008e-08 5.75721e-07 5.96673e-07 0
 3.35348 1.14509e-06 5.89092e-08 6.24529e-07 5.42426e-07 0
 3.35913 1.23957e-06 5.52957e-08 6.61373e-07 5.06068e-07 0
 3.36478 1.30333e-06 5.41029e-08 6.83357e-07 4.9043e-07 0
 3.37043 1.33593e-06 5.35123e-08 6.9185e-07 4.96149e-07 0
 3.37609 1.34256e-06 5.42348e-08 6.90245e-07 5.20181e-07 0
 3.38174 1.33083e-06 6.13033e-08 6.82332e-07 5.53173e-07 0
 3.38739 1.30818e-06 8.12491e-08 6.70807e-07 5.8139e-07 0
 3.39304 1.27896e-06 1.13812e-07 6.55893e-07 5.97858e-07 0
 3.3987 1.24346e-06 1.48709e-07 6.35755e-07 6.1126e-07 0
 3.40435 1.20063e-06 1.74875e-07 6.08988e-07 6.37231e-07 0
 3.41 1.15085e-06 1.89338e-07 5.76087e-07 6.84196e-07 0
 3.41565 1.09578e-06 1.96227e-07 5.3866e-07 7.50737e-07 0
 3.4213 1.03682e-06 2.02125e-07 4.98126e-07 8.30405e-07 0
 3.42696 9.74091e-07 2.13499e-07 4.55058e-07 9.15557e-07 0
 3.43261 9.05998e-07 2.36229e-07 4.09085e-07 9.98599e-07 0
 3.43826 8.29229e-07 2.75764e-07 3.59119e-07 1.07208e-06 0
 3.44391 7.39365e-07 3.37009e-07 3.03876e-07 1.12895e-06 0
 3.44957 6.32505e-07 4.2358e-07 2.42858e-07 1.16356e-06 0
 3.45522 5.08359e-07 5.36454e-07 1.77814e-07 1.17354e-06 0
 3.46087 3.73979e-07 6.7246e-07 1.1405e-07 1.16131e-06 0
 3.46652 2.45055e-07 8.23847e-07 6.01257e-08 1.13418e-06 0
 3.47217 1.41539e-07 9.80603e-07 2.4968e-08 1.10263e-06 0
 3.47783 7.9436e-08 1.13567e-06 1.41135e-08 1.07922e-06 0
 3.48348 6.56802e-08 1.28956e-06 2.82767e-08 1.07884e-06 0
 3.48913 9.97859e-08 1.45054e-06 6.50879e-08 1.11665e-06 0
 3.49478 1.78643e-07 1.63105e-06 1.21764e-07 1.2021e-06 0
 3.50043 2.99253e-07 1.8391e-06 1.9642e-07 1.33448e-06 0
 3.50609 4.58948e-07 2.06832e-06 2.87909e-07 1.50362e-06 0
 3.51174 6.5479e-07 2.30051e-06 3.95096e-07 1.69633e-06 0
 3.51739 8.83004e-07 2.51814e-06 5.16355e-07 1.9028e-06 0
 3.52304 1.139e-06 2.71046e-06 6.49538e-07 2.11695e-06 0
 3.5287 1.41701e-06 2.87118e-06 7.91796e-07 2.33359e-06 0
 3.53435 1.70906e-06 2.99531e-06 9.391e-07 2.54656e-06 0
 3.54 2.00399e-06 3.07814e-06 1.08584e-06 2.74807e-06 0
 3.54565 2.28722e-06 3.11603e-06 1.22477e-06 2.92918e-06 0
 3.5513 2.54162e-06 3.10775e-06 1.34755e-06 3.08082e-06 0
 3.55696 2.74974e-06 3.0555e-06 1.44579e-06 3.19517e-06 0
 3.56261 2.89706e-06 2.96504e-06 1.51258e-06 3.267e-06 0
 3.56826 2.97532e-06 2.84485e-06 1.54412e-06 3.29435e-06 0
 3.57391 2.98476e-06 2.70467e-06 1.54064e-06 3.27852e-06 0
 3.57957 2.93408e-06 2.55389e-06 1.50642e-06 3.22326e-06 0
 3.58522 2.8383e-06 2.40029e-06 1.44876e-06 3.13352e-06 0
 3.59087 2.71567e-06 2.24914e-06 1.37642e-06 3.01436e-06 0
 3.59652 2.58474e-06 2.10262e-06 1.29823e-06 2.87021e-06 0
 3.60217 2.4625e-06 1.95981e-06 1.22208e-06 2.70459e-06 0
 3.60783 2.3634e-06 1.8169e-06 1.15446e-06 2.52024e-06 0
 3.61348 2.29882e-06 1.66802e-06 1.10022e-06 2.31937e-06 0
 3.61913 2.2764e-06 1.50654e-06 1.0624e-06 2.10381e-06 0
 3.62478 2.29901e-06 1.32694e-06 1.04195e-06 1.87522e-06 0
 3.63043 2.363e-06 1.12717e-06 1.03734e-06 1.6355e-06 0
 3.63609 2.45632e-06 9.11082e-07 1.04414e-06 1.38787e-06 0
 3.64174 2.5578e-06 6.9033e-07 1.05513e-06 1.13886e-06 0
 3.64739 2.63982e-06 4.83941e-07 1.0617e-06 9.00765e-07 0
 3.65304 2.67657e-06 3.14398e-07 1.05709e-06 6.92291e-07 0
 3.6587 2.65521e-06 2.0134e-07 1.03999e-06 5.34651e-07 0
 3.66435 2.5826e-06 1.57362e-07 1.01551e-06 4.42843e-07 0
 3.67 2.48203e-06 1.88042e-07 9.92243e-07 4.16861e-07 0
 3.67565 2.38361e-06 2.92196e-07 9.78147e-07 4.39771e-07 0
 3.6813 2.31398e-06 4.59382e-07 9.7833e-07 4.84828e-07 0
 3.68696 2.28766e-06 6.68222e-07 9.94128e-07 5.26327e-07 0
 3.69261 2.3041e-06 8.88837e-07 1.02288e-06 5.4718e-07 0
 3.69826 2.35246e-06 1.08872e-06 1.0591e-06 5.40941e-07 0
 3.70391 2.4176e-06 1.24014e-06 1.09562e-06 5.09549e-07 0
 3.70957 2.4797e-06 1.32682e-06 1.12302e-06 4.58698e-07 0
 3.71522 2.51285e-06 1.3497e-06 1.13018e-06 3.93376e-07 0
 3.72087 2.49371e-06 1.33187e-06 1.10961e-06 3.16328e-07 0
 3.72652 2.41237e-06 1.31527e-06 1.0621e-06 2.31286e-07 0
 3.73217 2.27278e-06 1.33612e-06 9.94804e-07 1.47957e-07 0
 3.73783 2.09357e-06 1.39596e-06 9.18945e-07 7.99141e-08 0
 3.74348 1.90835e-06 1.47041e-06 8.48632e-07 3.5659e-08 0
 3.74913 1.75194e-06 1.54225e-06 7.96496e-07 1.50919e-08 0
 3.75478 1.64534e-06 1.61274e-06 7.69608e-07 1.34289e-08 0
 3.76043 1.59202e-06 1.69072e-06 7.68144e-07 2.55822e-08 0
 3.76609 1.58517e-06 1.78009e-06 7.87442e-07 4.83355e-08 0
 3.77174 1.61896e-06 1.87587e-06 8.22665e-07 8.07059e-08 0
 3.77739 1.69088e-06 1.96758e-06 8.70142e-07 1.22267e-07 0
 3.78304 1.79382e-06 2.04153e-06 9.23944e-07 1.70582e-07 0
 3.7887 1.91007e-06 2.0821e-06 9.73763e-07 2.2045e-07 0
 3.79435 2.0149e-06 2.07945e-06 1.00791e-06 2.65893e-07 0
 3.8 2.08683e-06 2.03879e-06 1.01907e-06 3.03087e-07 0
