 1 4071.86 3140.15 931.71
 1.01 4349.28 3367.53 981.745
 1.02 4647.46 3612.47 1034.99
 1.03 4968.24 3876.51 1091.72
 1.04 5313.61 4161.39 1152.22
 1.05 5685.82 4469.01 1216.81
 1.06 6087.33 4801.49 1285.84
 1.07 6520.86 5161.16 1359.7
 1.08 6989.48 5550.65 1438.83
 1.09 7496.55 5972.85 1523.7
 1.1 8045.87 6431.02 1614.85
 1.11 8641.66 6928.79 1712.87
 1.12 9288.64 7470.21 1818.43
 1.13 9992.12 8059.85 1932.27
 1.14 10758.1 8702.85 2055.21
 1.15 11593.2 9404.98 2188.18
 1.16 12505 10172.8 2332.23
 1.17 13502.2 11013.6 2488.54
 1.18 14594.3 11935.9 2658.44
 1.19 15792.5 12949.1 2843.42
 1.2 17109.2 14064 3045.19
 1.21 18558.8 15293.1 3265.68
 1.22 20157.5 16650.4 3507.08
 1.23 21924 18152 3771.91
 1.24 23879.6 19816.6 4063.01
 1.25 26049.1 21665.5 4383.65
 1.26 28460.6 23723 4737.57
 1.27 31146.6 26017.6 5129.04
 1.28 34144.7 28581.8 5562.98
 1.29 37498.1 31453.1 6044.98
 1.3 41256.4 34674.9 6581.49
 1.31 45477 38297.1 7179.85
 1.32 50225.5 42377.1 7848.41
 1.33 55577 46980.3 8596.67
 1.34 61616.5 52181.3 9435.25
 1.35 68439.8 58063.8 10376
 1.36 76152.7 64721 11431.7
 1.37 84870 72253.8 12616.2
 1.38 94711.6 80768.2 13943.4
 1.39 105797 90370.2 15426.6
 1.4 118233 101156 17076.9
 1.41 132100 113199 18901.1
 1.42 147424 126526 20898.2
 1.43 164146 141091 23055.1
 1.44 182079 156737 25341.5
 1.45 200864 173160 27704.6
 1.46 219932 189867 30064.5
 1.47 238487 206173 32313.6
 1.48 255541 221218 34322.3
 1.49 270006 234054 35952.1
 1.5 280852 243775 37076.6
 1.51 287288 249682 37605.4
 1.52 288924 251421 37502.9
 1.53 285843 249047 36795.6
 1.54 278563 242998 35564.4
 1.55 267906 233979 33926.3
 1.56 254827 222816 32011
 1.57 240264 210323 29941.8
 1.58 225030 197207 27822.7
 1.59 209761 184028 25733.1
 1.6 194918 171190 23728.2
 1.61 180802 158960 21842.1
 1.62 167586 147493 20093
 1.63 155352 136864 18487.3
 1.64 144113 127090 17023.4
 1.65 133845 118150 15695.1
 1.66 124494 110001 14493.3
 1.67 115996 102589 13407.6
 1.68 108280 95852.8 12427.3
 1.69 101274 89732.1 11542.1
 1.7 94910 84167.9 10742
 1.71 89123.1 79104.9 10018.2
 1.72 83854.5 74492.2 9362.27
 1.73 79050.4 70283.5 8766.95
 1.74 74662.7 66437.1 8225.64
 1.75 70648 62915.5 7732.5
 1.76 66967.9 59685.5 7282.38
 1.77 63588.2 56717.4 6870.71
 1.78 60478.3 53984.9 6493.45
 1.79 57611.5 51464.5 6147.05
 1.8 54963.8 49135.4 5828.37
 1.81 52513.8 46979.2 5534.63
 1.82 50242.8 44979.5 5263.37
 1.83 48134 43121.6 5012.43
 1.84 46172.4 41392.6 4779.86
 1.85 44344.7 39780.8 4563.96
 1.86 42639 38275.9 4363.19
 1.87 41044.7 36868.5 4176.19
 1.88 39552.1 35550.4 4001.75
 1.89 38152.8 34314 3838.78
 1.9 36839 33152.7 3686.3
 1.91 35603.8 32060.4 3543.43
 1.92 34441 31031.6 3409.4
 1.93 33344.8 30061.3 3283.47
 1.94 32310.1 29145.1 3165.02
 1.95 31332.4 28279 3053.46
 1.96 30407.4 27459.1 2948.27
 1.97 29531.2 26682.3 2848.96
 1.98 28700.4 25945.3 2755.11
 1.99 27911.8 25245.5 2666.32
 2 27162.5 24580.2 2582.23
 2.01 26449.7 23947.2 2502.51
 2.02 25771.1 23344.2 2426.86
 2.03 25124.4 22769.4 2355.01
 2.04 24507.5 22220.8 2286.7
 2.05 23918.6 21696.9 2221.69
 2.06 23355.9 21196.1 2159.79
 2.07 22817.7 20716.9 2100.78
 2.08 22302.6 20258.2 2044.49
 2.09 21809.3 19818.5 1990.76
 2.1 21336.4 19397 1939.42
 2.11 20882.7 18992.4 1890.34
 2.12 20447.2 18603.8 1843.38
 2.13 20028.8 18230.4 1798.42
 2.14 19626.7 17871.3 1755.34
 2.15 19239.8 17525.7 1714.05
 2.16 18867.3 17192.9 1674.43
 2.17 18508.6 16872.2 1636.41
 2.18 18162.9 16563 1599.89
 2.19 17829.5 16264.7 1564.79
 2.2 17507.8 15976.7 1531.05
 2.21 17197.2 15698.6 1498.58
 2.22 16897.1 15429.8 1467.34
 2.23 16607.1 15169.8 1437.24
 2.24 16326.6 14918.4 1408.25
 2.25 16055.2 14674.9 1380.3
 2.26 15792.5 14439.2 1353.34
 2.27 15538 14210.7 1327.34
 2.28 15291.5 13989.2 1302.23
 2.29 15052.4 13774.4 1277.99
 2.3 14820.6 13566 1254.57
 2.31 14595.6 13363.6 1231.94
 2.32 14377.1 13167.1 1210.06
 2.33 14165 12976.1 1188.9
 2.34 13958.9 12790.4 1168.43
 2.35 13758.5 12609.9 1148.62
 2.36 13563.6 12434.2 1129.44
 2.37 13374.1 12263.2 1110.88
 2.38 13189.6 12096.7 1092.9
 2.39 13010 11934.5 1075.47
 2.4 12835 11776.5 1058.6
 2.41 12664.6 11622.4 1042.24
 2.42 12498.5 11472.1 1026.38
 2.43 12336.5 11325.5 1011.01
 2.44 12178.5 11182.4 996.115
 2.45 12024.4 11042.7 981.67
 2.46 11873.9 10906.2 967.666
 2.47 11727 10772.9 954.09
 2.48 11583.6 10642.6 940.931
 2.49 11443.4 10515.2 928.178
 2.5 11306.5 10390.6 915.823
