 2 1040.77 722.329 318.438
 2.01 1088.22 756.826 331.397
 2.02 1138.4 793.333 345.067
 2.03 1191.5 831.997 359.5
 2.04 1247.73 872.98 374.749
 2.05 1307.33 916.455 390.878
 2.06 1370.57 962.616 407.951
 2.07 1437.71 1011.67 426.041
 2.08 1509.08 1063.86 445.228
 2.09 1585.02 1119.42 465.599
 2.1 1665.89 1178.64 487.249
 2.11 1752.12 1241.83 510.286
 2.12 1844.15 1309.33 534.824
 2.13 1942.5 1381.51 560.993
 2.14 2047.72 1458.78 588.936
 2.15 2160.42 1541.61 618.81
 2.16 2281.31 1630.52 650.792
 2.17 2411.15 1726.08 685.076
 2.18 2550.8 1828.92 721.882
 2.19 2701.22 1939.77 761.453
 2.2 2863.48 2059.42 804.064
 2.21 3038.81 2188.78 850.021
 2.22 3228.55 2328.88 899.672
 2.23 3434.26 2480.86 953.406
 2.24 3657.69 2646.02 1011.67
 2.25 3900.81 2825.86 1074.96
 2.26 4165.9 3022.05 1143.85
 2.27 4455.52 3236.53 1218.99
 2.28 4772.63 3471.51 1301.12
 2.29 5120.64 3729.52 1391.12
 2.3 5503.45 4013.5 1489.95
 2.31 5925.58 4326.83 1598.76
 2.32 6392.28 4673.42 1718.86
 2.33 6909.64 5057.84 1851.8
 2.34 7484.77 5485.43 1999.34
 2.35 8126 5962.42 2163.59
 2.36 8843.1 6496.12 2346.98
 2.37 9647.56 7095.16 2552.39
 2.38 10553 7769.73 2783.23
 2.39 11575.4 8531.87 3043.48
 2.4 12733.8 9395.86 3337.91
 2.41 14050.7 10378.6 3672.11
 2.42 15553 11500.2 4052.72
 2.43 17272 12784.4 4487.58
 2.44 19245 14259.1 4985.88
 2.45 21515.3 15957 5558.31
 2.46 24132.5 17915.3 6217.1
 2.47 27152.3 20176.4 6975.93
 2.48 30634.8 22785.4 7849.42
 2.49 34640 25787.9 8852.11
 2.5 39220.2 29223.8 9996.38
 2.51 44405.6 33116.7 11288.9
 2.52 50182.1 37456.9 12725.2
 2.53 56459.8 42178.3 14281.5
 2.54 63034.5 47128.9 15905.6
 2.55 69554.9 52046.1 17508.7
 2.56 75514.9 56550.7 18964.2
 2.57 80304.7 60184.4 20120.3
 2.58 83331.2 62500.1 20831.1
 2.59 84185.7 63188 20997.7
 2.6 82779.5 62177.8 20601.8
 2.61 79371.5 59660.4 19711.1
 2.62 74470.6 56015.5 18455.1
 2.63 68674.4 51690.8 16983.6
 2.64 62527.6 47095.4 15432.1
 2.65 56444 42540.9 13903.1
 2.66 50692 38229.9 12462.1
 2.67 45416.6 34272.6 11144
 2.68 40674.4 30712.4 9961.93
 2.69 36465.4 27550.5 8914.92
 2.7 32758.4 24763.9 7994.47
 2.71 29506.6 22318.1 7188.48
 2.72 26658.9 20175.1 6483.77
 2.73 24164.6 18297.1 5867.49
 2.74 21977 16649.2 5327.8
 2.75 20054.4 15200.3 4854.15
 2.76 18360.2 13922.9 4437.35
 2.77 16862.8 12793.4 4069.47
 2.78 15535.3 11791.5 3743.74
 2.79 14354.4 10900 3454.38
 2.8 13300.6 10104.1 3196.49
 2.81 12357.1 9391.19 2965.89
 2.82 11509.7 8750.65 2759.04
 2.83 10746.2 8173.33 2572.91
 2.84 10056.3 7651.43 2404.92
 2.85 9431.1 7178.24 2252.86
 2.86 8862.85 6748.03 2114.83
 2.87 8345.02 6355.83 1989.2
 2.88 7871.91 5997.36 1874.55
 2.89 7438.59 5668.91 1769.68
 2.9 7040.76 5367.24 1673.52
 2.91 6674.69 5089.55 1585.13
 2.92 6337.1 4833.37 1503.73
 2.93 6025.13 4596.54 1428.59
 2.94 5736.26 4377.16 1359.1
 2.95 5468.26 4173.55 1294.72
 2.96 5219.17 3984.22 1234.94
 2.97 4987.24 3807.88 1179.36
 2.98 4770.93 3643.35 1127.58
 2.99 4568.85 3489.58 1079.27
 3 4379.78 3345.65 1034.13
 3.01 4202.61 3210.73 991.878
 3.02 4036.35 3084.07 952.282
 3.03 3880.12 2965 915.121
 3.04 3733.12 2852.92 880.2
 3.05 3594.61 2747.27 847.341
 3.06 3463.95 2647.57 816.385
 3.07 3340.55 2553.37 787.187
 3.08 3223.87 2464.26 759.615
 3.09 3113.43 2379.87 733.551
 3.1 3008.76 2299.88 708.886
 3.11 2909.48 2223.96 685.521
 3.12 2815.2 2151.84 663.366
 3.13 2725.6 2083.26 642.338
 3.14 2640.35 2017.99 622.361
 3.15 2559.18 1955.81 603.366
 3.16 2481.82 1896.53 585.289
 3.17 2408.02 1839.95 568.071
 3.18 2337.58 1785.92 551.659
 3.19 2270.27 1734.27 536.002
 3.2 2205.91 1684.86 521.055
 3.21 2144.33 1637.56 506.775
 3.22 2085.37 1592.24 493.122
 3.23 2028.86 1548.8 480.061
 3.24 1974.68 1507.12 467.557
 3.25 1922.69 1467.11 455.579
 3.26 1872.77 1428.67 444.098
 3.27 1824.8 1391.72 433.087
 3.28 1778.69 1356.17 422.52
 3.29 1734.34 1321.96 412.374
 3.3 1691.65 1289.02 402.627
 3.31 1650.54 1257.28 393.259
 3.32 1610.92 1226.67 384.251
 3.33 1572.73 1197.15 375.584
 3.34 1535.89 1168.65 367.243
 3.35 1500.35 1141.13 359.212
 3.36 1466.02 1114.55 351.476
 3.37 1432.87 1088.85 344.023
 3.38 1400.83 1063.99 336.839
 3.39 1369.85 1039.94 329.914
 3.4 1339.89 1016.66 323.236
 3.41 1310.9 994.109 316.795
 3.42 1282.84 972.26 310.584
 3.43 1255.68 951.081 304.594
 3.44 1229.36 930.542 298.818
 3.45 1203.86 910.614 293.25
 3.46 1179.16 891.271 287.886
 3.47 1155.21 872.489 282.721
 3.48 1132 854.242 277.753
 3.49 1109.49 836.509 272.984
 3.5 1087.68 819.266 268.415
 3.51 1066.55 802.494 264.052
 3.52 1046.08 786.171 259.905
 3.53 1026.27 770.279 255.992
 3.54 1007.14 754.797 252.338
 3.55 988.69 739.707 248.983
 3.56 970.978 724.99 245.989
 3.57 954.076 710.626 243.45
 3.58 938.115 696.595 241.52
 3.59 923.324 682.877 240.447
 3.6 910.105 669.452 240.653
 3.61 899.18 656.302 242.878
 3.62 891.869 643.428 248.441
 3.63 890.508 630.893 259.615
 3.64 898.396 618.952 279.444
 3.65 915.329 608.26 307.069
 3.66 923.433 599.38 324.054
 3.67 898.878 590.911 307.967
 3.68 857.039 581.207 275.832
 3.69 819.856 570.68 249.176
 3.7 791.099 560.039 231.06
 3.71 768.442 549.581 218.861
 3.72 749.665 539.388 210.278
 3.73 733.388 529.471 203.918
 3.74 718.813 519.821 198.991
 3.75 705.478 510.428 195.049
 3.76 693.113 501.281 191.832
 3.77 681.564 492.372 189.192
 3.78 670.747 483.695 187.051
 3.79 660.629 475.249 185.38
 3.8 651.222 467.036 184.186
 3.81 642.576 459.059 183.517
 3.82 634.791 451.331 183.46
 3.83 628.027 443.871 184.156
 3.84 622.531 436.708 185.824
 3.85 618.686 429.889 188.797
 3.86 617.083 423.488 193.594
 3.87 618.656 417.624 201.032
 3.88 624.919 412.485 212.434
 3.89 638.369 408.384 229.985
 3.9 663.14 405.828 257.312
 3.91 705.729 405.585 300.144
 3.92 773.901 408.483 365.418
 3.93 865.516 413.915 451.601
 3.94 938.039 416.136 521.903
 3.95 921.875 406.773 515.102
 3.96 833.701 389.064 444.636
 3.97 742.61 372.206 370.404
 3.98 668.378 358.446 309.932
 3.99 608.611 346.739 261.873
 4 563.555 336.709 226.845
