 1.5 485.739 146.065 339.674
 1.51 516.988 156.733 360.255
 1.52 550.96 168.378 382.581
 1.53 587.966 181.115 406.851
 1.54 628.363 195.074 433.289
 1.55 672.563 210.407 462.157
 1.56 721.039 227.288 493.752
 1.57 774.339 245.918 528.421
 1.58 833.101 266.535 566.566
 1.59 898.069 289.413 608.656
 1.6 970.117 314.876 655.241
 1.61 1050.28 343.307 706.969
 1.62 1139.77 375.16 764.607
 1.63 1240.05 410.976 829.07
 1.64 1352.86 451.407 901.453
 1.65 1480.32 497.239 983.076
 1.66 1624.98 549.432 1075.54
 1.67 1789.98 609.159 1180.82
 1.68 1979.19 677.873 1301.32
 1.69 2197.43 757.383 1440.05
 1.7 2450.75 849.964 1600.79
 1.71 2746.83 958.509 1788.32
 1.72 3095.48 1086.73 2008.75
 1.73 3509.49 1239.45 2270.04
 1.74 4005.58 1423.01 2582.57
 1.75 4606.06 1645.86 2960.2
 1.76 5341.03 1919.44 3421.59
 1.77 6251.76 2259.46 3992.29
 1.78 7395.8 2687.87 4707.92
 1.79 8854.73 3235.83 5618.89
 1.8 10746.2 3948.38 6797.77
 1.81 13242.1 4891.54 8350.55
 1.82 16596.5 6163.07 10433.4
 1.83 21182.8 7907.24 13275.6
 1.84 27531.2 10329.9 17201.3
 1.85 36309.7 13692.8 22616.8
 1.86 48055.4 18213.1 29842.3
 1.87 62208.1 23693.5 38514.6
 1.88 75260.9 28804.7 46456.2
 1.89 80672.6 31024.4 49648.2
 1.9 74889.8 28937.1 45952.7
 1.91 62066 24094.3 37971.7
 1.92 48479.7 18906.9 29572.8
 1.93 37237.3 14588.6 22648.8
 1.94 28775.4 11324 17451.3
 1.95 22585.1 8927.33 13657.7
 1.96 18053.8 7167.44 10886.4
 1.97 14694.8 5859.03 8835.74
 1.98 12162 4869.79 7292.18
 1.99 10217.7 4108.44 6109.26
 2 8699.19 3512.34 5186.85
 2.01 7493.99 3038.08 4455.91
 2.02 6523.29 2655.2 3868.08
 2.03 5730.97 2341.96 3389.01
 2.04 5076.42 2082.6 2993.81
 2.05 4529.76 1865.51 2664.25
 2.06 4068.68 1682.01 2386.67
 2.07 3676.3 1525.5 2150.79
 2.08 3339.64 1390.94 1948.7
 2.09 3048.65 1274.38 1774.27
 2.1 2795.42 1172.74 1622.68
 2.11 2573.67 1083.54 1490.13
 2.12 2378.37 1004.83 1373.54
 2.13 2205.46 934.99 1270.47
 2.14 2051.61 872.731 1178.88
 2.15 1914.12 816.974 1097.14
 2.16 1790.71 766.83 1023.88
 2.17 1679.51 721.557 957.949
 2.18 1578.94 680.532 898.408
 2.19 1487.68 643.229 844.448
 2.2 1404.59 609.202 795.388
 2.21 1328.72 578.069 750.65
 2.22 1259.24 549.503 709.735
 2.23 1195.44 523.222 672.217
 2.24 1136.71 498.983 637.726
 2.25 1082.52 476.572 605.943
 2.26 1032.39 455.806 576.588
 2.27 985.94 436.523 549.417
 2.28 942.796 418.579 524.216
 2.29 902.649 401.85 500.798
 2.3 865.221 386.225 478.997
 2.31 830.268 371.604 458.664
 2.32 797.57 357.901 439.669
 2.33 766.933 345.038 421.895
 2.34 738.183 332.944 405.239
 2.35 711.164 321.556 389.608
 2.36 685.736 310.819 374.918
 2.37 661.774 300.681 361.093
 2.38 639.163 291.097 348.066
 2.39 617.801 282.025 335.776
 2.4 597.595 273.428 324.167
 2.41 578.46 265.271 313.189
 2.42 560.319 257.523 302.796
 2.43 543.103 250.156 292.947
 2.44 526.747 243.143 283.604
 2.45 511.194 236.462 274.732
 2.46 496.39 230.091 266.299
 2.47 482.285 224.009 258.276
 2.48 468.834 218.198 250.637
 2.49 455.997 212.641 243.356
 2.5 443.735 207.323 236.412
 2.51 432.012 202.229 229.784
 2.52 420.797 197.346 223.452
 2.53 410.059 192.661 217.398
 2.54 399.77 188.164 211.607
 2.55 389.905 183.843 206.062
 2.56 380.44 179.69 200.75
 2.57 371.351 175.693 195.658
 2.58 362.619 171.846 190.773
 2.59 354.224 168.141 186.084
 2.6 346.149 164.569 181.58
 2.61 338.376 161.123 177.253
 2.62 330.89 157.799 173.091
 2.63 323.676 154.588 169.087
 2.64 316.72 151.486 165.234
 2.65 310.01 148.488 161.522
 2.66 303.533 145.588 157.945
 2.67 297.279 142.781 154.497
 2.68 291.236 140.064 151.171
 2.69 285.394 137.432 147.962
 2.7 279.746 134.881 144.864
 2.71 274.28 132.408 141.872
 2.72 268.99 130.009 138.981
 2.73 263.867 127.68 136.186
 2.74 258.904 125.42 133.484
 2.75 254.094 123.224 130.87
 2.76 249.431 121.09 128.341
 2.77 244.908 119.015 125.892
 2.78 240.519 116.998 123.521
 2.79 236.26 115.035 121.225
 2.8 232.125 113.125 119
 2.81 228.108 111.264 116.844
 2.82 224.207 109.452 114.754
 2.83 220.415 107.687 112.728
 2.84 216.73 105.966 110.764
 2.85 213.147 104.287 108.86
 2.86 209.664 102.65 107.014
 2.87 206.277 101.053 105.225
 2.88 202.984 99.4932 103.491
 2.89 199.782 97.9705 101.811
 2.9 196.669 96.483 100.186
 2.91 193.645 95.0296 98.6156
 2.92 190.709 93.6088 97.1003
 2.93 187.862 92.2196 95.6423
 2.94 185.106 90.8606 94.245
 2.95 182.445 89.5307 92.9139
 2.96 179.887 88.2288 91.6581
 2.97 177.445 86.9538 90.4916
 2.98 175.141 85.7044 89.437
 2.99 173.011 84.4796 88.5314
 3 171.115 83.2781 87.8372
