 1.5 1872.61 1828.54
 1.515 2017.58 1977.5
 1.53 2169.56 2136.71
 1.545 2330.38 2307.22
 1.56 2502.23 2490.27
 1.575 2687.54 2687.28
 1.59 2889.08 2899.87
 1.605 3109.95 3129.93
 1.62 3353.67 3379.62
 1.635 3624.29 3651.45
 1.65 3926.27 3948.26
 1.665 4262.9 4272.86
 1.68 4636.65 4628.09
 1.695 5050.28 5017.09
 1.71 5506.84 5443.38
 1.725 6009.76 5910.89
 1.74 6562.8 6424.01
 1.755 7170.15 6987.68
 1.77 7836.53 7607.4
 1.785 8568.57 8289.22
 1.8 9374.6 9039.76
 1.815 10263.9 9866.31
 1.83 11246.9 10776.9
 1.845 12335 11780.2
 1.86 13541 12885.6
 1.875 14878.8 14103.4
 1.89 16363.5 15444.5
 1.905 18011.4 16924
 1.92 19840.9 18562
 1.935 21873.8 20382
 1.95 24136 22412.7
 1.965 26658.3 24688.4
 1.98 29477.7 27250.7
 1.995 32638.4 30150.2
 2.01 36193.9 33448.4
 2.025 40206.2 37215.1
 2.04 44737.1 41507.5
 2.055 49844.2 46373.1
 2.07 55575.4 51846.6
 2.085 61957.5 57937.5
 2.1 68981.8 64614.7
 2.115 76584.4 71787.5
 2.13 84626.3 79285.5
 2.145 92892 86869.1
 2.16 101144 94316.4
 2.175 109113 101394
 2.19 116495 107852
 2.205 122981 113441
 2.22 128272 117931
 2.235 132115 121136
 2.25 134323 122930
 2.265 134790 123255
 2.28 133483 122086
 2.295 130462 119443
 2.31 125931 115471
 2.325 120208 110424
 2.34 113668 104611
 2.355 106682 98350.6
 2.37 99580.7 91927.8
 2.385 92624.3 85574.6
 2.4 85996.1 79464.8
 2.415 79800.9 73713.4
 2.43 74086.4 68379.6
 2.445 68861.7 63483.7
 2.46 64111.8 59020.4
 2.475 59807.8 54969.3
 2.49 55913.8 51301.7
 2.505 52391.6 47985.2
 2.52 49198.7 44982.6
 2.535 46289.6 42253.2
 2.55 43623.9 39760.9
 2.565 41167.4 37474.4
 2.58 38890.7 35366.7
 2.595 36769 33414.7
 2.61 34781.3 31598.8
 2.625 32909.8 29902.3
 2.64 31140.7 28311.5
 2.655 29472.5 26821.6
 2.67 27909 25431.7
 2.685 26452.1 24139.8
 2.7 25101.6 22943.3
 2.715 23856.2 21838.7
 2.73 22713.5 20822.1
 2.745 21670.5 19889.6
 2.76 20723.1 19036.5
 2.775 19861.2 18253.3
 2.79 19072.1 17528.9
 2.805 18345.4 16853.8
 2.82 17671.8 16220.2
 2.835 17043.9 15621.4
 2.85 16455.2 15051.6
 2.865 15900 14506.1
 2.88 15373.7 13981
 2.895 14872.1 13473
 2.91 14391 12980.7
 2.925 13926.6 12502.9
 2.94 13475.6 12038.5
 2.955 13035.2 11586.4
 2.97 12602.8 11145.9
 2.985 12176.5 10716
 3 11754.2 10296.1
