 1.5 491.824 430.273
 1.515 523.4 461.375
 1.53 555.688 494.319
 1.545 589.172 529.272
 1.56 624.422 566.431
 1.575 662.063 606.019
 1.59 702.779 648.291
 1.605 747.322 693.538
 1.62 796.531 742.089
 1.635 851.337 794.323
 1.65 912.743 850.666
 1.665 981.287 911.516
 1.68 1057.19 977.255
 1.695 1140.68 1048.3
 1.71 1232.03 1125.12
 1.725 1331.51 1208.2
 1.74 1439.42 1298.11
 1.755 1556.07 1395.45
 1.77 1681.83 1500.88
 1.785 1817.6 1615.14
 1.8 1964.7 1739
 1.815 2124.63 1873.31
 1.83 2299.03 2019
 1.845 2489.73 2177.07
 1.86 2698.75 2348.62
 1.875 2928.36 2534.82
 1.89 3180.96 2736.95
 1.905 3458.52 2956.86
 1.92 3762.77 3196.95
 1.935 4095.78 3460.09
 1.95 4460.04 3749.76
 1.965 4858.54 4070.11
 1.98 5294.93 4426.21
 1.995 5773.66 4824.28
 2.01 6300.2 5271.97
 2.025 6881.72 5778.26
 2.04 7528.78 6351.68
 2.055 8254.21 7001.33
 2.07 9072.88 7737.33
 2.085 10002.1 8570.71
 2.1 11061.6 9513.25
 2.115 12273.9 10577
 2.13 13664 11773.7
 2.145 15258.5 13116.1
 2.16 17087 14626.9
 2.175 19184.9 16337.1
 2.19 21595.5 18285.9
 2.205 24372.7 20522.9
 2.22 27583.7 23111.3
 2.235 31312.9 26132.3
 2.25 35666.3 29689.7
 2.265 40775.5 33916.4
 2.28 46783.8 38953.3
 2.295 53807.6 44907.3
 2.31 61904.3 51833.7
 2.325 71004.5 59677.4
 2.34 80812 68183.2
 2.355 90699.9 76801.7
 2.37 99673.9 84652.1
 2.385 106510 90641
 2.4 110141 93817.4
 2.415 110083 93765.9
 2.43 106588 90715.2
 2.445 100484 85397.4
 2.46 92823.9 78736.2
 2.475 84559.8 71564.8
 2.49 76383.8 64486.4
 2.505 68712.5 57862.7
 2.52 61737.1 51858.8
 2.535 55496.4 46507.5
 2.55 49956.9 41778.5
 2.565 45052.9 37613.2
 2.58 40708.9 33944.6
 2.595 36851 30707
 2.61 33412.2 27840.8
 2.625 30333.8 25293.6
 2.64 27567.1 23021.5
 2.655 25085.8 20996.1
 2.67 22872.6 19196.4
 2.685 20907.5 17601.3
 2.7 19169.5 16190.2
 2.715 17637.6 14943.8
 2.73 16291.6 13844.2
 2.745 15112.7 12875.1
 2.76 14083.1 12021.5
 2.775 13180.5 11265.4
 2.79 12383 10589.2
 2.805 11672.7 9978.91
 2.82 11035.5 9423.21
 2.835 10459.9 8913.04
 2.85 9936.2 8441.06
 2.865 9456.86 8001.29
 2.88 9015.42 7588.87
 2.895 8606.36 7200.04
 2.91 8224.19 6832.36
 2.925 7864.08 6483.89
 2.94 7522.01 6152.93
 2.955 7194.62 5837.96
 2.97 6879.14 5537.67
 2.985 6573.28 5250.88
 3 6275.14 4976.56
