 1.5 383.347 326.898
 1.515 407.134 350.094
 1.53 431.324 374.634
 1.545 456.305 400.634
 1.56 482.529 428.237
 1.575 510.492 457.602
 1.59 540.736 488.91
 1.605 573.853 522.366
 1.62 610.499 558.207
 1.635 651.406 596.699
 1.65 697.349 638.144
 1.665 748.723 682.82
 1.68 805.651 730.995
 1.695 868.267 782.957
 1.71 936.717 839.023
 1.725 1011.16 899.541
 1.74 1091.75 964.888
 1.755 1178.65 1035.48
 1.77 1272.07 1111.77
 1.785 1372.64 1194.25
 1.8 1481.33 1283.45
 1.815 1599.23 1379.94
 1.83 1727.55 1484.34
 1.845 1867.62 1597.33
 1.86 2020.92 1719.63
 1.875 2189.09 1852.02
 1.89 2373.89 1995.36
 1.905 2576.6 2150.87
 1.92 2798.24 2320.16
 1.935 3040.03 2505.16
 1.95 3303.44 2708.16
 1.965 3590.24 2931.91
 1.98 3902.57 3179.76
 1.995 4243.05 3455.79
 2.01 4614.86 3764.98
 2.025 5022.38 4113.15
 2.04 5472.67 4505.76
 2.055 5974.47 4948.57
 2.07 6537.95 5448
 2.085 7174.96 6011
 2.1 7899.24 6645.05
 2.115 8726.52 7357.85
 2.13 9674.58 8157.02
 2.145 10762.7 9051.09
 2.16 12011 10055.4
 2.175 13443.7 11190.9
 2.19 15090.6 12484.5
 2.205 16989.7 13970.5
 2.22 19189.2 15693.9
 2.235 21752 17713.6
 2.25 24759.9 20108
 2.265 28321.1 22982
 2.28 32569.2 26460.6
 2.295 37652 30672.1
 2.31 43725.1 35750.6
 2.325 50926.4 41815.1
 2.34 59321.6 48920.5
 2.355 68808.7 56974.8
 2.37 78983.6 65620.6
 2.385 89014.7 74125.7
 2.4 97674.3 81426.3
 2.415 103628 86393.8
 2.43 105883 88200.6
 2.445 104210 86674.9
 2.46 99214.6 82350.8
 2.475 92005.8 76181.9
 2.49 83742.4 69155.5
 2.505 75332.8 62039.8
 2.52 67339.6 55307.1
 2.535 60029.4 49178.4
 2.55 53486.8 43720.6
 2.565 47696.9 38916.9
 2.58 42597.7 34711
 2.595 38110.3 31033.2
 2.61 34154.5 27812.9
 2.625 30656.6 24985.6
 2.64 27553.1 22495.3
 2.655 24806 20303.9
 2.67 22387.3 18381.4
 2.685 20267 16698.4
 2.7 18414.5 15227.4
 2.715 16800.6 13942.8
 2.73 15398.2 12821.7
 2.745 14182.5 11843.6
 2.76 13131.1 10990.2
 2.775 12217.7 10240.8
 2.79 11417.4 9576.06
 2.805 10710.3 8980.6
 2.82 10080.8 8442.29
 2.835 9516.05 7951.42
 2.85 9005.93 7500.2
 2.865 8542.08 7082.35
 2.88 8117.66 6692.79
 2.895 7726.81 6327.59
 2.91 7363.74 5984.13
 2.925 7023.42 5660.31
 2.94 6701.68 5354.3
 2.955 6395.07 5064.5
 2.97 6100.77 4789.5
 2.985 5816.43 4528.06
 3 5540.16 4279.1
