 1.5 1.14575 0.124504
 1.515 1.17634 0.131701
 1.53 1.1963 0.139226
 1.545 1.20874 0.147099
 1.56 1.21738 0.155348
 1.575 1.2262 0.164
 1.59 1.23947 0.17309
 1.605 1.26177 0.182654
 1.62 1.29802 0.192733
 1.635 1.35355 0.203376
 1.65 1.43378 0.214633
 1.665 1.53981 0.226548
 1.68 1.6697 0.239159
 1.695 1.82131 0.252506
 1.71 1.99225 0.266631
 1.725 2.17988 0.281577
 1.74 2.38123 0.297391
 1.755 2.59297 0.314121
 1.77 2.81171 0.331818
 1.785 3.03852 0.350534
 1.8 3.2777 0.370323
 1.815 3.53407 0.391242
 1.83 3.81291 0.413349
 1.845 4.12004 0.436701
 1.86 4.46182 0.461361
 1.875 4.84521 0.48739
 1.89 5.27698 0.514853
 1.905 5.75481 0.543863
 1.92 6.26968 0.574574
 1.935 6.81147 0.607166
 1.95 7.36903 0.641847
 1.965 7.92995 0.678854
 1.98 8.48036 0.718467
 1.995 9.00458 0.761005
 2.01 9.48461 0.806846
 2.025 9.90694 0.856384
 2.04 10.2861 0.909893
 2.055 10.6466 0.96761
 2.07 11.0176 1.02976
 2.085 11.4332 1.09657
 2.1 11.9338 1.16824
 2.115 12.5664 1.24492
 2.13 13.3857 1.32674
 2.145 14.4406 1.41386
 2.16 15.7296 1.50692
 2.175 17.2344 1.60683
 2.19 18.9334 1.71467
 2.205 20.8011 1.8318
 2.22 22.8082 1.95986
 2.235 24.9209 2.10089
 2.25 27.0987 2.25744
 2.265 29.2935 2.43269
 2.28 31.486 2.63001
 2.295 33.7183 2.85255
 2.31 36.047 3.10381
 2.325 38.5426 3.38787
 2.34 41.2943 3.70942
 2.355 44.4167 4.07379
 2.37 48.0569 4.48708
 2.385 52.4033 4.95618
 2.4 57.6477 5.48963
 2.415 63.9476 6.09884
 2.43 71.4861 6.79789
 2.445 80.4851 7.60422
 2.46 91.2165 8.53959
 2.475 104.016 9.63139
 2.49 119.304 10.9145
 2.505 137.609 12.434
 2.52 159.644 14.2516
 2.535 186.414 16.4573
 2.55 219.338 19.1791
 2.565 260.467 22.6048
 2.58 312.862 27.0171
 2.595 381.262 32.8593
 2.61 473.331 40.8566
 2.625 602.128 52.2605
 2.64 791.307 69.3658
 2.655 1085.73 96.5153
 2.67 1576.28 142.536
 2.685 2460.28 226.793
 2.7 4163.98 391.756
 2.715 7235.88 694.895
 2.73 9769.82 956.783
 2.745 7537.33 751.134
 2.76 4409.73 445.706
 2.775 2627.64 268.264
 2.79 1696.09 174.103
 2.805 1177.98 120.972
 2.82 867.238 88.6245
 2.835 668.331 67.5862
 2.85 534.105 53.1462
 2.865 439.574 42.7931
 2.88 370.63 35.1019
 2.895 318.79 29.2208
 2.91 278.53 24.6208
 2.925 246.275 20.9543
 2.94 219.693 17.9838
 2.955 197.223 15.5432
 2.97 177.803 13.5134
 2.985 160.695 11.8074
 3 145.38 10.36
