   1.0813080e+01
   1.0832651e+01
   1.0890116e+01
   1.0985505e+01
   1.1118864e+01
   1.1290256e+01
   1.1499763e+01
   1.1747481e+01
   1.2033521e+01
   1.2358004e+01
   1.2721065e+01
   1.3122846e+01
   1.3563497e+01
   1.4043169e+01
   1.4562017e+01
   1.5120194e+01
   1.5717847e+01
   1.6355115e+01
   1.7032127e+01
   1.7748996e+01
   1.8505815e+01
   1.9302656e+01
   2.0139561e+01
   2.1016543e+01
   2.1933581e+01
   2.2890610e+01
   2.3887523e+01
   2.4924166e+01
   2.6000327e+01
   2.7115741e+01
   2.8270079e+01
   2.9462943e+01
   3.0693869e+01
   3.1962314e+01
   3.3267656e+01
   3.4609192e+01
   3.5986130e+01
   3.7397590e+01
   3.8842595e+01
   4.0320073e+01
   4.1828855e+01
   4.3367665e+01
   4.4935129e+01
   4.6529764e+01
   4.8149981e+01
   4.9794085e+01
   5.1460273e+01
   5.3146634e+01
   5.4851152e+01
   5.6571704e+01
   5.8306066e+01
   6.0051909e+01
   6.1806810e+01
   6.3568248e+01
   6.5333613e+01
   6.7100209e+01
   6.8865259e+01
   7.0625911e+01
   7.2379244e+01
   7.4122275e+01
   7.5851968e+01
   7.7565238e+01
   7.9258965e+01
   8.0929996e+01
   8.2575162e+01
   8.4191280e+01
   8.5775167e+01
   8.7323652e+01
   8.8833581e+01
   9.0301831e+01
   9.1725324e+01
   9.3101028e+01
   9.4425980e+01
   9.5697287e+01
   9.6912142e+01
   9.8067834e+01
   9.9161756e+01
   1.0019142e+02
   1.0115445e+02
   1.0204863e+02
   1.0287187e+02
   1.0362223e+02
   1.0429793e+02
   1.0489738e+02
   1.0541913e+02
   1.0586194e+02
   1.0622473e+02
   1.0650663e+02
   1.0670695e+02
   1.0682521e+02
   1.0686111e+02
   1.0681456e+02
   1.0668566e+02
   1.0647474e+02
   1.0618230e+02
   1.0580903e+02
   1.0535583e+02
   1.0482380e+02
   1.0421419e+02
   1.0352846e+02
   1.0276824e+02
   1.0193530e+02
   1.0103161e+02
   1.0005926e+02
   9.9020490e+01
   9.7917688e+01
   9.6753352e+01
   9.5530100e+01
   9.4250655e+01
   9.2917833e+01
   9.1534535e+01
   9.0103734e+01
   8.8628467e+01
   8.7111821e+01
   8.5556922e+01
   8.3966930e+01
   8.2345020e+01
   8.0694378e+01
   7.9018187e+01
   7.7319621e+01
   7.5601829e+01
   7.3867935e+01
   7.2121019e+01
   7.0364118e+01
   6.8600212e+01
   6.6832217e+01
   6.5062982e+01
   6.3295280e+01
   6.1531801e+01
   5.9775150e+01
   5.8027841e+01
   5.6292292e+01
   5.4570823e+01
   5.2865650e+01
   5.1178890e+01
   4.9512549e+01
   4.7868531e+01
   4.6248628e+01
   4.4654529e+01
   4.3087811e+01
   4.1549949e+01
   4.0042308e+01
   3.8566152e+01
   3.7122644e+01
   3.5712844e+01
   3.4337720e+01
   3.2998143e+01
   3.1694894e+01
   3.0428670e+01
   2.9200081e+01
   2.8009661e+01
   2.6857867e+01
   2.5745087e+01
   2.4671641e+01
   2.3637788e+01
   2.2643729e+01
   2.1689613e+01
   2.0775539e+01
   1.9901563e+01
   1.9067700e+01
   1.8273933e+01
   1.7520210e+01
   1.6806454e+01
   1.6132567e+01
   1.5498429e+01
   1.4903908e+01
   1.4348858e+01
   1.3833129e+01
   1.3356563e+01
   1.2919002e+01
   1.2520289e+01
   1.2160272e+01
   1.1838806e+01
   1.1555753e+01
   1.1310988e+01
   1.1104399e+01
   1.0935887e+01
   1.0805370e+01
   1.0712781e+01
   1.0658073e+01
   1.0641216e+01
   1.0662199e+01
   1.0721030e+01
   1.0817736e+01
   1.0952361e+01
   1.1124968e+01
   1.1335636e+01
   1.1584461e+01
   1.1871552e+01
   1.2197031e+01
   1.2561031e+01
   1.2963696e+01
   1.3405172e+01
   1.3885615e+01
   1.4405178e+01
   1.4964015e+01
   1.5562273e+01
   1.6200094e+01
   1.6877607e+01
   1.7594926e+01
   1.8352147e+01
   1.9149343e+01
   1.9986560e+01
   2.0863813e+01
   2.1781081e+01
   2.2738305e+01
   2.3735381e+01
   2.4772156e+01
   2.5848424e+01
   2.6963924e+01
   2.8118328e+01
   2.9311246e+01
   3.0542216e+01
   3.1810700e+01
   3.3116082e+01
   3.4457664e+01
   3.5834658e+01
   3.7246190e+01
   3.8691289e+01
   4.0168889e+01
   4.1677825e+01
   4.3216829e+01
   4.4784532e+01
   4.6379457e+01
   4.8000023e+01
   4.9644539e+01
   5.1311210e+01
   5.2998130e+01
   5.4703291e+01
   5.6424575e+01
   5.8159764e+01
   5.9906536e+01
   6.1662474e+01
   6.3425063e+01
   6.5191699e+01
   6.6959691e+01
   6.8726267e+01
   7.0488582e+01
   7.2243718e+01
   7.3988698e+01
   7.5720489e+01
   7.7436012e+01
   7.9132149e+01
   8.0805752e+01
   8.2453654e+01
   8.4072673e+01
   8.5659632e+01
   8.7211358e+01
   8.8724699e+01
   9.0196535e+01
   9.1623784e+01
   9.3003418e+01
   9.4332470e+01
   9.5608047e+01
   9.6827340e+01
   9.7987636e+01
   9.9086324e+01
   1.0012091e+02
   1.0108903e+02
   1.0198843e+02
   1.0281705e+02
   1.0357292e+02
   1.0425427e+02
   1.0485950e+02
   1.0538715e+02
   1.0583596e+02
   1.0620487e+02
   1.0649298e+02
   1.0669960e+02
   1.0682423e+02
   1.0686657e+02
   1.0682653e+02
   1.0670419e+02
   1.0649986e+02
   1.0621404e+02
   1.0584742e+02
   1.0540088e+02
   1.0487549e+02
   1.0427252e+02
   1.0359341e+02
   1.0283977e+02
   1.0201338e+02
   1.0111617e+02
   1.0015024e+02
   9.9117821e+01
   9.8021282e+01
   9.6863117e+01
   9.5645933e+01
   9.4372445e+01
   9.3045459e+01
   9.1667869e+01
   9.0242641e+01
   8.8772803e+01
   8.7261435e+01
   8.5711658e+01
   8.4126625e+01
   8.2509505e+01
   8.0863479e+01
   7.9191726e+01
   7.7497416e+01
   7.5783694e+01
   7.4053681e+01
   7.2310455e+01
   7.0557051e+01
   6.8796445e+01
   6.7031556e+01
   6.5265230e+01
   6.3500240e+01
   6.1739277e+01
   5.9984948e+01
   5.8239766e+01
   5.6506153e+01
   5.4786428e+01
   5.3082814e+01
   5.1397427e+01
   4.9732280e+01
   4.8089277e+01
   4.6470217e+01
   4.4876791e+01
   4.3310583e+01
   4.1773070e+01
   4.0265624e+01
   3.8789514e+01
   3.7345907e+01
   3.5935872e+01
   3.4560378e+01
   3.3220306e+01
   3.1916442e+01
   3.0649486e+01
   2.9420059e+01
   2.8228697e+01
   2.7075867e+01
   2.5961959e+01
   2.4887303e+01
   2.3852162e+01
   2.2856745e+01
   2.1901205e+01
   2.0985648e+01
   2.0110135e+01
   1.9274690e+01
   1.8479298e+01
   1.7723914e+01
   1.7008468e+01
   1.6332865e+01
   1.5696992e+01
   1.5100722e+01
   1.4543914e+01
   1.4026422e+01
   1.3548092e+01
   1.3108773e+01
   1.2708311e+01
   1.2346559e+01
   1.2023374e+01
   1.1738624e+01
   1.1492187e+01
   1.1283954e+01
   1.1113829e+01
   1.0981733e+01
   1.0887604e+01
   1.0831395e+01
   1.0813080e+01
