   2.8094409e+01
   2.8094234e+01
   2.8093727e+01
   2.8092875e+01
   2.8091651e+01
   2.8090020e+01
   2.8087938e+01
   2.8085351e+01
   2.8082193e+01
   2.8078390e+01
   2.8073860e+01
   2.8068509e+01
   2.8062235e+01
   2.8054927e+01
   2.8046466e+01
   2.8036723e+01
   2.8025561e+01
   2.8012837e+01
   2.7998397e+01
   2.7982083e+01
   2.7963728e+01
   2.7943158e+01
   2.7920194e+01
   2.7894650e+01
   2.7866336e+01
   2.7835057e+01
   2.7800611e+01
   2.7762796e+01
   2.7721404e+01
   2.7676226e+01
   2.7627049e+01
   2.7573660e+01
   2.7515845e+01
   2.7453390e+01
   2.7386080e+01
   2.7313704e+01
   2.7236051e+01
   2.7152913e+01
   2.7064087e+01
   2.6969374e+01
   2.6868578e+01
   2.6761511e+01
   2.6647993e+01
   2.6527849e+01
   2.6400913e+01
   2.6267030e+01
   2.6126054e+01
   2.5977849e+01
   2.5822293e+01
   2.5659272e+01
   2.5488691e+01
   2.5310463e+01
   2.5124520e+01
   2.4930807e+01
   2.4729285e+01
   2.4519931e+01
   2.4302739e+01
   2.4077720e+01
   2.3844902e+01
   2.3604333e+01
   2.3356077e+01
   2.3100217e+01
   2.2836854e+01
   2.2566109e+01
   2.2288120e+01
   2.2003044e+01
   2.1711055e+01
   2.1412348e+01
   2.1107133e+01
   2.0795638e+01
   2.0478107e+01
   2.0154803e+01
   1.9826001e+01
   1.9491994e+01
   1.9153086e+01
   1.8809599e+01
   1.8461862e+01
   1.8110219e+01
   1.7755024e+01
   1.7396640e+01
   1.7035439e+01
   1.6671798e+01
   1.6306104e+01
   1.5938744e+01
   1.5570113e+01
   1.5200607e+01
   1.4830622e+01
   1.4460554e+01
   1.4090800e+01
   1.3721753e+01
   1.3353801e+01
   1.2987329e+01
   1.2622715e+01
   1.2260331e+01
   1.1900540e+01
   1.1543694e+01
   1.1190137e+01
   1.0840202e+01
   1.0494208e+01
   1.0152463e+01
   9.8152602e+00
   9.4828788e+00
   9.1555833e+00
   8.8336228e+00
   8.5172305e+00
   8.2066234e+00
   7.9020019e+00
   7.6035498e+00
   7.3114337e+00
   7.0258036e+00
   6.7467923e+00
   6.4745156e+00
   6.2090727e+00
   5.9505460e+00
   5.6990017e+00
   5.4544898e+00
   5.2170449e+00
   4.9866860e+00
   4.7634176e+00
   4.5472298e+00
   4.3380989e+00
   4.1359882e+00
   3.9408483e+00
   3.7526181e+00
   3.5712250e+00
   3.3965861e+00
   3.2286084e+00
   3.0671898e+00
   2.9122198e+00
   2.7635800e+00
   2.6211450e+00
   2.4847830e+00
   2.3543566e+00
   2.2297232e+00
   2.1107362e+00
   1.9972449e+00
   1.8890959e+00
   1.7861331e+00
   1.6881987e+00
   1.5951335e+00
   1.5067776e+00
   1.4229709e+00
   1.3435533e+00
   1.2683657e+00
   1.1972500e+00
   1.1300496e+00
   1.0666099e+00
   1.0067784e+00
   9.5040551e-01
   8.9734417e-01
   8.4745068e-01
   8.0058466e-01
   7.5660940e-01
   7.1539198e-01
   6.7680348e-01
   6.4071915e-01
   6.0701852e-01
   5.7558553e-01
   5.4630862e-01
   5.1908082e-01
   4.9379984e-01
   4.7036809e-01
   4.4869274e-01
   4.2868576e-01
   4.1026393e-01
   3.9334886e-01
   3.7786701e-01
   3.6374965e-01
   3.5093291e-01
   3.3935773e-01
   3.2896985e-01
   3.1971983e-01
   3.1156298e-01
   3.0445941e-01
   2.9837393e-01
   2.9327611e-01
   2.8914023e-01
   2.8594526e-01
   2.8367486e-01
   2.8231736e-01
   2.8186577e-01
   2.8231775e-01
   2.8367564e-01
   2.8594645e-01
   2.8914183e-01
   2.9327814e-01
   2.9837640e-01
   3.0446234e-01
   3.1156642e-01
   3.1972379e-01
   3.2897438e-01
   3.3936286e-01
   3.5093870e-01
   3.6375614e-01
   3.7787426e-01
   3.9335693e-01
   4.1027289e-01
   4.2869569e-01
   4.4870372e-01
   4.7038022e-01
   4.9381322e-01
   5.1909555e-01
   5.4632481e-01
   5.7560332e-01
   6.0703804e-01
   6.4074055e-01
   6.7682691e-01
   7.1541760e-01
   7.5663740e-01
   8.0061524e-01
   8.4748402e-01
   8.9738050e-01
   9.5044505e-01
   1.0068214e+00
   1.0666566e+00
   1.1301003e+00
   1.1973050e+00
   1.2684252e+00
   1.3436177e+00
   1.4230405e+00
   1.5068528e+00
   1.5952146e+00
   1.6882861e+00
   1.7862271e+00
   1.8891970e+00
   1.9973535e+00
   2.1108526e+00
   2.2298480e+00
   2.3544902e+00
   2.4849259e+00
   2.6212976e+00
   2.7637428e+00
   2.9123934e+00
   3.0673746e+00
   3.2288049e+00
   3.3967949e+00
   3.5714466e+00
   3.7528530e+00
   3.9410970e+00
   4.1362513e+00
   4.3383769e+00
   4.5475232e+00
   4.7637269e+00
   4.9870118e+00
   5.2173876e+00
   5.4548500e+00
   5.6993797e+00
   5.9509424e+00
   6.2094880e+00
   6.4749502e+00
   6.7472465e+00
   7.0262779e+00
   7.3119285e+00
   7.6040653e+00
   7.9025385e+00
   8.2071813e+00
   8.5178101e+00
   8.8342242e+00
   9.1562066e+00
   9.4835242e+00
   9.8159279e+00
   1.0153153e+01
   1.0494921e+01
   1.0840937e+01
   1.1190894e+01
   1.1544473e+01
   1.1901340e+01
   1.2261154e+01
   1.2623559e+01
   1.2988194e+01
   1.3354687e+01
   1.3722659e+01
   1.4091727e+01
   1.4461500e+01
   1.4831587e+01
   1.5201591e+01
   1.5571115e+01
   1.5939763e+01
   1.6307139e+01
   1.6672850e+01
   1.7036505e+01
   1.7397721e+01
   1.7756118e+01
   1.8111326e+01
   1.8462980e+01
   1.8810728e+01
   1.9154226e+01
   1.9493142e+01
   1.9827157e+01
   2.0155966e+01
   2.0479277e+01
   2.0796812e+01
   2.1108311e+01
   2.1413530e+01
   2.1712239e+01
   2.2004228e+01
   2.2289304e+01
   2.2567293e+01
   2.2838036e+01
   2.3101395e+01
   2.3357251e+01
   2.3605503e+01
   2.3846066e+01
   2.4078876e+01
   2.4303888e+01
   2.4521071e+01
   2.4730416e+01
   2.4931928e+01
   2.5125630e+01
   2.5311561e+01
   2.5489775e+01
   2.5660343e+01
   2.5823349e+01
   2.5978891e+01
   2.6127080e+01
   2.6268040e+01
   2.6401906e+01
   2.6528824e+01
   2.6648951e+01
   2.6762450e+01
   2.6869498e+01
   2.6970275e+01
   2.7064968e+01
   2.7153774e+01
   2.7236891e+01
   2.7314523e+01
   2.7386878e+01
   2.7454166e+01
   2.7516600e+01
   2.7574393e+01
   2.7627759e+01
   2.7676913e+01
   2.7722069e+01
   2.7763438e+01
   2.7801230e+01
   2.7835652e+01
   2.7866908e+01
   2.7895199e+01
   2.7920719e+01
   2.7943660e+01
   2.7964206e+01
   2.7982538e+01
   2.7998828e+01
   2.8013243e+01
   2.8025944e+01
   2.8037081e+01
   2.8046801e+01
   2.8055238e+01
   2.8062522e+01
   2.8068772e+01
   2.8074099e+01
   2.8078606e+01
   2.8082384e+01
   2.8085518e+01
   2.8088082e+01
   2.8090140e+01
   2.8091746e+01
   2.8092946e+01
   2.8093775e+01
   2.8094258e+01
   2.8094409e+01
