   1.2422476e-10
   1.0418559e-08
   3.9982879e-08
   8.8844189e-08
   1.5694358e-07
   2.4419838e-07
   3.5050262e-07
   4.7572720e-07
   6.1972001e-07
   7.8230618e-07
   9.6328821e-07
   1.1624463e-06
   1.3795385e-06
   1.6143011e-06
   1.8664489e-06
   2.1356757e-06
   2.4216543e-06
   2.7240373e-06
   3.0424573e-06
   3.3765274e-06
   3.7258416e-06
   4.0899754e-06
   4.4684863e-06
   4.8609142e-06
   5.2667822e-06
   5.6855968e-06
   6.1168489e-06
   6.5600141e-06
   7.0145537e-06
   7.4799148e-06
   7.9555316e-06
   8.4408254e-06
   8.9352062e-06
   9.4380723e-06
   9.9488121e-06
   1.0466804e-05
   1.0991418e-05
   1.1522015e-05
   1.2057950e-05
   1.2598570e-05
   1.3143217e-05
   1.3691228e-05
   1.4241935e-05
   1.4794669e-05
   1.5348755e-05
   1.5903519e-05
   1.6458285e-05
   1.7012378e-05
   1.7565121e-05
   1.8115841e-05
   1.8663868e-05
   1.9208533e-05
   1.9749172e-05
   2.0285126e-05
   2.0815742e-05
   2.1340372e-05
   2.1858377e-05
   2.2369125e-05
   2.2871992e-05
   2.3366366e-05
   2.3851643e-05
   2.4327232e-05
   2.4792550e-05
   2.5247032e-05
   2.5690122e-05
   2.6121279e-05
   2.6539976e-05
   2.6945703e-05
   2.7337965e-05
   2.7716282e-05
   2.8080191e-05
   2.8429250e-05
   2.8763031e-05
   2.9081127e-05
   2.9383149e-05
   2.9668729e-05
   2.9937516e-05
   3.0189184e-05
   3.0423424e-05
   3.0639950e-05
   3.0838498e-05
   3.1018824e-05
   3.1180709e-05
   3.1323955e-05
   3.1448387e-05
   3.1553851e-05
   3.1640221e-05
   3.1707389e-05
   3.1755275e-05
   3.1783819e-05
   3.1792986e-05
   3.1782765e-05
   3.1753169e-05
   3.1704234e-05
   3.1636019e-05
   3.1548609e-05
   3.1442109e-05
   3.1316650e-05
   3.1172385e-05
   3.1009490e-05
   3.0828165e-05
   3.0628631e-05
   3.0411132e-05
   3.0175934e-05
   2.9923323e-05
   2.9653609e-05
   2.9367121e-05
   2.9064210e-05
   2.8745244e-05
   2.8410614e-05
   2.8060728e-05
   2.7696014e-05
   2.7316917e-05
   2.6923900e-05
   2.6517444e-05
   2.6098043e-05
   2.5666210e-05
   2.5222474e-05
   2.4767374e-05
   2.4301466e-05
   2.3825320e-05
   2.3339516e-05
   2.2844647e-05
   2.2341317e-05
   2.1830140e-05
   2.1311739e-05
   2.0786747e-05
   2.0255804e-05
   1.9719558e-05
   1.9178662e-05
   1.8633776e-05
   1.8085564e-05
   1.7534695e-05
   1.6981839e-05
   1.6427671e-05
   1.5872866e-05
   1.5318100e-05
   1.4764049e-05
   1.4211388e-05
   1.3660789e-05
   1.3112924e-05
   1.2568460e-05
   1.2028060e-05
   1.1492381e-05
   1.0962076e-05
   1.0437790e-05
   9.9201613e-06
   9.4098204e-06
   8.9073878e-06
   8.4134750e-06
   7.9286830e-06
   7.4536014e-06
   6.9888082e-06
   6.5348688e-06
   6.0923351e-06
   5.6617454e-06
   5.2436233e-06
   4.8384772e-06
   4.4467996e-06
   4.0690667e-06
   3.7057378e-06
   3.3572544e-06
   3.0240401e-06
   2.7064999e-06
   2.4050196e-06
   2.1199658e-06
   1.8516847e-06
   1.6005024e-06
   1.3667241e-06
   1.1506337e-06
   9.5249392e-07
   7.7254538e-07
   6.1100675e-07
   4.6807426e-07
   3.4392156e-07
   2.3869948e-07
   1.5253584e-07
   8.5535295e-08
   3.7779152e-08
   9.3244614e-09
   7.9349546e-11
   1.0439946e-08
   4.0009411e-08
   8.8877698e-08
   1.5698646e-07
   2.4425315e-07
   3.5057183e-07
   4.7581340e-07
   6.1982579e-07
   7.8243409e-07
   9.6344080e-07
   1.1626261e-06
   1.3797480e-06
   1.6145428e-06
   1.8667252e-06
   2.1359889e-06
   2.4220068e-06
   2.7244313e-06
   3.0428949e-06
   3.3770107e-06
   3.7263726e-06
   4.0905560e-06
   4.4691183e-06
   4.8615994e-06
   5.2675220e-06
   5.6863927e-06
   6.1177022e-06
   6.5609261e-06
   7.0155254e-06
   7.4809471e-06
   7.9566253e-06
   8.4419813e-06
   8.9364246e-06
   9.4393536e-06
   9.9501566e-06
   1.0468212e-05
   1.0992889e-05
   1.1523549e-05
   1.2059546e-05
   1.2600228e-05
   1.3144936e-05
   1.3693007e-05
   1.4243774e-05
   1.4796565e-05
   1.5350708e-05
   1.5905527e-05
   1.6460347e-05
   1.7014491e-05
   1.7567284e-05
   1.8118053e-05
   1.8666125e-05
   1.9210834e-05
   1.9751514e-05
   2.0287506e-05
   2.0818158e-05
   2.1342821e-05
   2.1860857e-05
   2.2371632e-05
   2.2874524e-05
   2.3368919e-05
   2.3854215e-05
   2.4329818e-05
   2.4795148e-05
   2.5249639e-05
   2.5692733e-05
   2.6123892e-05
   2.6542588e-05
   2.6948310e-05
   2.7340563e-05
   2.7718868e-05
   2.8082763e-05
   2.8431803e-05
   2.8765563e-05
   2.9083634e-05
   2.9385627e-05
   2.9671175e-05
   2.9939928e-05
   3.0191558e-05
   3.0425757e-05
   3.0642239e-05
   3.0840740e-05
   3.1021017e-05
   3.1182850e-05
   3.1326042e-05
   3.1450416e-05
   3.1555822e-05
   3.1642130e-05
   3.1709235e-05
   3.1757055e-05
   3.1785532e-05
   3.1794630e-05
   3.1784339e-05
   3.1754672e-05
   3.1705664e-05
   3.1637375e-05
   3.1549890e-05
   3.1443315e-05
   3.1317780e-05
   3.1173439e-05
   3.1010468e-05
   3.0829066e-05
   3.0629456e-05
   3.0411880e-05
   3.0176606e-05
   2.9923920e-05
   2.9654132e-05
   2.9367570e-05
   2.9064585e-05
   2.8745548e-05
   2.8410847e-05
   2.8060893e-05
   2.7696111e-05
   2.7316949e-05
   2.6923868e-05
   2.6517349e-05
   2.6097889e-05
   2.5665999e-05
   2.5222206e-05
   2.4767053e-05
   2.4301095e-05
   2.3824900e-05
   2.3339050e-05
   2.2844138e-05
   2.2340767e-05
   2.1829552e-05
   2.1311116e-05
   2.0786092e-05
   2.0255119e-05
   1.9718846e-05
   1.9177926e-05
   1.8633019e-05
   1.8084789e-05
   1.7533904e-05
   1.6981035e-05
   1.6426857e-05
   1.5872045e-05
   1.5317274e-05
   1.4763221e-05
   1.4210560e-05
   1.3659965e-05
   1.3112105e-05
   1.2567648e-05
   1.2027257e-05
   1.1491590e-05
   1.0961299e-05
   1.0437029e-05
   9.9194186e-06
   9.4090969e-06
   8.9066852e-06
   8.4127948e-06
   7.9280264e-06
   7.4529696e-06
   6.9882023e-06
   6.5342896e-06
   6.0917834e-06
   5.6612219e-06
   5.2431284e-06
   4.8380113e-06
   4.4463629e-06
   4.0686592e-06
   3.7053594e-06
   3.3569048e-06
   3.0237190e-06
   2.7062067e-06
   2.4047538e-06
   2.1197264e-06
   1.8514709e-06
   1.6003131e-06
   1.3665580e-06
   1.1504896e-06
   9.5237025e-07
   7.7244066e-07
   6.1091928e-07
   4.6800228e-07
   3.4386318e-07
   2.3865273e-07
   1.5249866e-07
   8.5505552e-08
   3.7754656e-08
   9.3032998e-09
   1.2422476e-10
