   1.3945929e+03
   1.3946589e+03
   1.3948832e+03
   1.3952670e+03
   1.3958119e+03
   1.3965206e+03
   1.3973960e+03
   1.3984420e+03
   1.3996630e+03
   1.4010642e+03
   1.4026512e+03
   1.4044303e+03
   1.4064084e+03
   1.4085931e+03
   1.4109922e+03
   1.4136143e+03
   1.4164682e+03
   1.4195636e+03
   1.4229099e+03
   1.4265176e+03
   1.4303968e+03
   1.4345583e+03
   1.4390131e+03
   1.4437720e+03
   1.4488461e+03
   1.4542465e+03
   1.4599842e+03
   1.4660700e+03
   1.4725146e+03
   1.4793282e+03
   1.4865208e+03
   1.4941018e+03
   1.5020801e+03
   1.5104639e+03
   1.5192605e+03
   1.5284765e+03
   1.5381176e+03
   1.5481881e+03
   1.5586916e+03
   1.5696301e+03
   1.5810043e+03
   1.5928134e+03
   1.6050553e+03
   1.6177261e+03
   1.6308200e+03
   1.6443297e+03
   1.6582459e+03
   1.6725573e+03
   1.6872507e+03
   1.7023109e+03
   1.7177206e+03
   1.7334602e+03
   1.7495083e+03
   1.7658412e+03
   1.7824331e+03
   1.7992561e+03
   1.8162803e+03
   1.8334739e+03
   1.8508029e+03
   1.8682317e+03
   1.8857227e+03
   1.9032369e+03
   1.9207337e+03
   1.9381710e+03
   1.9555055e+03
   1.9726929e+03
   1.9896881e+03
   2.0064449e+03
   2.0229171e+03
   2.0390578e+03
   2.0548201e+03
   2.0701575e+03
   2.0850236e+03
   2.0993727e+03
   2.1131597e+03
   2.1263410e+03
   2.1388739e+03
   2.1507175e+03
   2.1618325e+03
   2.1721816e+03
   2.1817297e+03
   2.1904441e+03
   2.1982946e+03
   2.2052539e+03
   2.2112974e+03
   2.2164037e+03
   2.2205545e+03
   2.2237350e+03
   2.2259334e+03
   2.2271417e+03
   2.2273552e+03
   2.2265728e+03
   2.2247971e+03
   2.2220339e+03
   2.2182926e+03
   2.2135863e+03
   2.2079311e+03
   2.2013466e+03
   2.1938553e+03
   2.1854831e+03
   2.1762583e+03
   2.1662122e+03
   2.1553787e+03
   2.1437937e+03
   2.1314954e+03
   2.1185239e+03
   2.1049210e+03
   2.0907299e+03
   2.0759952e+03
   2.0607622e+03
   2.0450771e+03
   2.0289867e+03
   2.0125380e+03
   1.9957781e+03
   1.9787539e+03
   1.9615118e+03
   1.9440980e+03
   1.9265576e+03
   1.9089348e+03
   1.8912727e+03
   1.8736130e+03
   1.8559961e+03
   1.8384608e+03
   1.8210441e+03
   1.8037813e+03
   1.7867056e+03
   1.7698485e+03
   1.7532393e+03
   1.7369052e+03
   1.7208714e+03
   1.7051608e+03
   1.6897943e+03
   1.6747906e+03
   1.6601663e+03
   1.6459359e+03
   1.6321119e+03
   1.6187048e+03
   1.6057231e+03
   1.5931735e+03
   1.5810608e+03
   1.5693882e+03
   1.5581573e+03
   1.5473681e+03
   1.5370191e+03
   1.5271076e+03
   1.5176295e+03
   1.5085796e+03
   1.4999518e+03
   1.4917389e+03
   1.4839328e+03
   1.4765249e+03
   1.4695058e+03
   1.4628655e+03
   1.4565936e+03
   1.4506793e+03
   1.4451116e+03
   1.4398792e+03
   1.4349709e+03
   1.4303750e+03
   1.4260803e+03
   1.4220754e+03
   1.4183492e+03
   1.4148908e+03
   1.4116894e+03
   1.4087348e+03
   1.4060169e+03
   1.4035262e+03
   1.4012535e+03
   1.3991902e+03
   1.3973282e+03
   1.3956599e+03
   1.3941783e+03
   1.3928770e+03
   1.3917503e+03
   1.3907929e+03
   1.3900004e+03
   1.3893689e+03
   1.3888954e+03
   1.3885773e+03
   1.3884128e+03
   1.3884009e+03
   1.3885412e+03
   1.3888340e+03
   1.3892804e+03
   1.3898820e+03
   1.3906412e+03
   1.3915611e+03
   1.3926456e+03
   1.3938989e+03
   1.3953262e+03
   1.3969332e+03
   1.3987262e+03
   1.4007121e+03
   1.4028984e+03
   1.4052932e+03
   1.4079049e+03
   1.4107425e+03
   1.4138156e+03
   1.4171340e+03
   1.4207079e+03
   1.4245479e+03
   1.4286648e+03
   1.4330695e+03
   1.4377733e+03
   1.4427874e+03
   1.4481230e+03
   1.4537914e+03
   1.4598036e+03
   1.4661706e+03
   1.4729029e+03
   1.4800107e+03
   1.4875039e+03
   1.4953915e+03
   1.5036822e+03
   1.5123838e+03
   1.5215032e+03
   1.5310465e+03
   1.5410187e+03
   1.5514235e+03
   1.5622637e+03
   1.5735404e+03
   1.5852535e+03
   1.5974013e+03
   1.6099805e+03
   1.6229860e+03
   1.6364111e+03
   1.6502470e+03
   1.6644832e+03
   1.6791071e+03
   1.6941042e+03
   1.7094577e+03
   1.7251489e+03
   1.7411569e+03
   1.7574588e+03
   1.7740293e+03
   1.7908412e+03
   1.8078654e+03
   1.8250704e+03
   1.8424231e+03
   1.8598882e+03
   1.8774290e+03
   1.8950067e+03
   1.9125812e+03
   1.9301110e+03
   1.9475532e+03
   1.9648637e+03
   1.9819978e+03
   1.9989096e+03
   2.0155529e+03
   2.0318812e+03
   2.0478478e+03
   2.0634058e+03
   2.0785090e+03
   2.0931116e+03
   2.1071685e+03
   2.1206355e+03
   2.1334700e+03
   2.1456305e+03
   2.1570773e+03
   2.1677727e+03
   2.1776810e+03
   2.1867688e+03
   2.1950055e+03
   2.2023627e+03
   2.2088154e+03
   2.2143411e+03
   2.2189207e+03
   2.2225384e+03
   2.2251816e+03
   2.2268411e+03
   2.2275113e+03
   2.2271901e+03
   2.2258788e+03
   2.2235822e+03
   2.2203087e+03
   2.2160701e+03
   2.2108815e+03
   2.2047612e+03
   2.1977310e+03
   2.1898152e+03
   2.1810415e+03
   2.1714399e+03
   2.1610432e+03
   2.1498865e+03
   2.1380070e+03
   2.1254439e+03
   2.1122382e+03
   2.0984322e+03
   2.0840697e+03
   2.0691953e+03
   2.0538548e+03
   2.0380942e+03
   2.0219599e+03
   2.0054987e+03
   1.9887570e+03
   1.9717811e+03
   1.9546165e+03
   1.9373084e+03
   1.9199008e+03
   1.9024366e+03
   1.8849576e+03
   1.8675041e+03
   1.8501151e+03
   1.8328276e+03
   1.8156772e+03
   1.7986974e+03
   1.7819198e+03
   1.7653741e+03
   1.7490879e+03
   1.7330868e+03
   1.7173941e+03
   1.7020313e+03
   1.6870175e+03
   1.6723698e+03
   1.6581033e+03
   1.6442311e+03
   1.6307642e+03
   1.6177118e+03
   1.6050810e+03
   1.5928775e+03
   1.5811050e+03
   1.5697657e+03
   1.5588602e+03
   1.5483876e+03
   1.5383459e+03
   1.5287315e+03
   1.5195400e+03
   1.5107657e+03
   1.5024020e+03
   1.4944415e+03
   1.4868760e+03
   1.4796966e+03
   1.4728939e+03
   1.4664581e+03
   1.4603788e+03
   1.4546455e+03
   1.4492473e+03
   1.4441733e+03
   1.4394125e+03
   1.4349539e+03
   1.4307866e+03
   1.4268997e+03
   1.4232827e+03
   1.4199253e+03
   1.4168173e+03
   1.4139490e+03
   1.4113113e+03
   1.4088952e+03
   1.4066922e+03
   1.4046946e+03
   1.4028950e+03
   1.4012864e+03
   1.3998629e+03
   1.3986186e+03
   1.3975486e+03
   1.3966487e+03
   1.3959150e+03
   1.3953446e+03
   1.3949351e+03
   1.3946849e+03
   1.3945929e+03
