   1.1979070e+03
   1.1982602e+03
   1.1992667e+03
   1.2009282e+03
   1.2032477e+03
   1.2062289e+03
   1.2098769e+03
   1.2141977e+03
   1.2191984e+03
   1.2248871e+03
   1.2312727e+03
   1.2383653e+03
   1.2461754e+03
   1.2547148e+03
   1.2639956e+03
   1.2740308e+03
   1.2848339e+03
   1.2964189e+03
   1.3088001e+03
   1.3219923e+03
   1.3360103e+03
   1.3508691e+03
   1.3665836e+03
   1.3831687e+03
   1.4006387e+03
   1.4190078e+03
   1.4382894e+03
   1.4584962e+03
   1.4796403e+03
   1.5017323e+03
   1.5247820e+03
   1.5487976e+03
   1.5737858e+03
   1.5997516e+03
   1.6266982e+03
   1.6546265e+03
   1.6835353e+03
   1.7134211e+03
   1.7442774e+03
   1.7760954e+03
   1.8088631e+03
   1.8425655e+03
   1.8771841e+03
   1.9126975e+03
   1.9490804e+03
   1.9863040e+03
   2.0243357e+03
   2.0631392e+03
   2.1026742e+03
   2.1428964e+03
   2.1837576e+03
   2.2252055e+03
   2.2671839e+03
   2.3096325e+03
   2.3524871e+03
   2.3956798e+03
   2.4391387e+03
   2.4827885e+03
   2.5265503e+03
   2.5703420e+03
   2.6140783e+03
   2.6576712e+03
   2.7010299e+03
   2.7440616e+03
   2.7866713e+03
   2.8287623e+03
   2.8702367e+03
   2.9109956e+03
   2.9509395e+03
   2.9899689e+03
   3.0279844e+03
   3.0648872e+03
   3.1005801e+03
   3.1349669e+03
   3.1679537e+03
   3.1994491e+03
   3.2293646e+03
   3.2576149e+03
   3.2841185e+03
   3.3087982e+03
   3.3315812e+03
   3.3523999e+03
   3.3711918e+03
   3.3879000e+03
   3.4024736e+03
   3.4148681e+03
   3.4250453e+03
   3.4329735e+03
   3.4386282e+03
   3.4419915e+03
   3.4430529e+03
   3.4418089e+03
   3.4382630e+03
   3.4324260e+03
   3.4243159e+03
   3.4139574e+03
   3.4013821e+03
   3.3866285e+03
   3.3697412e+03
   3.3507714e+03
   3.3297759e+03
   3.3068174e+03
   3.2819637e+03
   3.2552877e+03
   3.2268668e+03
   3.1967826e+03
   3.1651205e+03
   3.1319691e+03
   3.0974201e+03
   3.0615676e+03
   3.0245077e+03
   2.9863379e+03
   2.9471572e+03
   2.9070650e+03
   2.8661610e+03
   2.8245448e+03
   2.7823155e+03
   2.7395712e+03
   2.6964086e+03
   2.6529227e+03
   2.6092067e+03
   2.5653514e+03
   2.5214448e+03
   2.4775724e+03
   2.4338163e+03
   2.3902556e+03
   2.3469655e+03
   2.3040181e+03
   2.2614813e+03
   2.2194194e+03
   2.1778927e+03
   2.1369573e+03
   2.0966657e+03
   2.0570660e+03
   2.0182025e+03
   1.9801154e+03
   1.9428411e+03
   1.9064122e+03
   1.8708573e+03
   1.8362017e+03
   1.8024668e+03
   1.7696710e+03
   1.7378292e+03
   1.7069533e+03
   1.6770522e+03
   1.6481319e+03
   1.6201962e+03
   1.5932461e+03
   1.5672805e+03
   1.5422961e+03
   1.5182879e+03
   1.4952489e+03
   1.4731709e+03
   1.4520441e+03
   1.4318576e+03
   1.4125992e+03
   1.3942562e+03
   1.3768150e+03
   1.3602614e+03
   1.3445808e+03
   1.3297583e+03
   1.3157790e+03
   1.3026277e+03
   1.2902895e+03
   1.2787495e+03
   1.2679934e+03
   1.2580071e+03
   1.2487770e+03
   1.2402901e+03
   1.2325341e+03
   1.2254974e+03
   1.2191692e+03
   1.2135395e+03
   1.2085994e+03
   1.2043406e+03
   1.2007562e+03
   1.1978401e+03
   1.1955872e+03
   1.1939937e+03
   1.1930567e+03
   1.1927745e+03
   1.1931466e+03
   1.1941735e+03
   1.1958569e+03
   1.1981996e+03
   1.2012055e+03
   1.2048795e+03
   1.2092277e+03
   1.2142571e+03
   1.2199758e+03
   1.2263929e+03
   1.2335181e+03
   1.2413624e+03
   1.2499372e+03
   1.2592549e+03
   1.2693283e+03
   1.2801710e+03
   1.2917970e+03
   1.3042208e+03
   1.3174570e+03
   1.3315206e+03
   1.3464265e+03
   1.3621897e+03
   1.3788250e+03
   1.3963470e+03
   1.4147696e+03
   1.4341065e+03
   1.4543704e+03
   1.4755731e+03
   1.4977256e+03
   1.5208375e+03
   1.5449170e+03
   1.5699709e+03
   1.5960041e+03
   1.6230198e+03
   1.6510190e+03
   1.6800004e+03
   1.7099602e+03
   1.7408923e+03
   1.7727876e+03
   1.8056340e+03
   1.8394164e+03
   1.8741165e+03
   1.9097124e+03
   1.9461790e+03
   1.9834873e+03
   2.0216047e+03
   2.0604945e+03
   2.1001164e+03
   2.1404261e+03
   2.1813750e+03
   2.2229109e+03
   2.2649772e+03
   2.3075136e+03
   2.3504558e+03
   2.3937355e+03
   2.4372809e+03
   2.4810163e+03
   2.5248627e+03
   2.5687378e+03
   2.6125563e+03
   2.6562299e+03
   2.6996678e+03
   2.7427770e+03
   2.7854622e+03
   2.8276268e+03
   2.8691727e+03
   2.9100009e+03
   2.9500119e+03
   2.9891061e+03
   3.0271839e+03
   3.0641468e+03
   3.0998972e+03
   3.1343392e+03
   3.1673789e+03
   3.1989248e+03
   3.2288885e+03
   3.2571848e+03
   3.2837324e+03
   3.3084540e+03
   3.3312771e+03
   3.3521342e+03
   3.3709629e+03
   3.3877066e+03
   3.4023146e+03
   3.4147424e+03
   3.4249521e+03
   3.4329124e+03
   3.4385988e+03
   3.4419939e+03
   3.4430871e+03
   3.4418753e+03
   3.4383624e+03
   3.4325592e+03
   3.4244840e+03
   3.4141618e+03
   3.4016244e+03
   3.3869104e+03
   3.3700648e+03
   3.3511388e+03
   3.3301894e+03
   3.3072796e+03
   3.2824771e+03
   3.2558552e+03
   3.2274911e+03
   3.1974668e+03
   3.1658675e+03
   3.1327820e+03
   3.0983021e+03
   3.0625216e+03
   3.0255367e+03
   2.9874451e+03
   2.9483454e+03
   2.9083371e+03
   2.8675198e+03
   2.8259929e+03
   2.7838555e+03
   2.7412053e+03
   2.6981390e+03
   2.6547514e+03
   2.6111356e+03
   2.5673819e+03
   2.5235785e+03
   2.4798104e+03
   2.4361595e+03
   2.3927046e+03
   2.3495209e+03
   2.3066801e+03
   2.2642498e+03
   2.2222942e+03
   2.1808732e+03
   2.1400429e+03
   2.0998554e+03
   2.0603586e+03
   2.0215966e+03
   1.9836095e+03
   1.9464334e+03
   1.9101006e+03
   1.8746397e+03
   1.8400758e+03
   1.8064302e+03
   1.7737211e+03
   1.7419632e+03
   1.7111683e+03
   1.6813453e+03
   1.6525002e+03
   1.6246365e+03
   1.5977552e+03
   1.5718552e+03
   1.5469331e+03
   1.5229840e+03
   1.5000008e+03
   1.4779753e+03
   1.4568977e+03
   1.4367570e+03
   1.4175414e+03
   1.3992378e+03
   1.3818328e+03
   1.3653124e+03
   1.3496618e+03
   1.3348664e+03
   1.3209112e+03
   1.3077811e+03
   1.2954613e+03
   1.2839370e+03
   1.2731940e+03
   1.2632182e+03
   1.2539960e+03
   1.2455147e+03
   1.2377620e+03
   1.2307263e+03
   1.2243970e+03
   1.2187641e+03
   1.2138188e+03
   1.2095529e+03
   1.2059594e+03
   1.2030325e+03
   1.2007671e+03
   1.1991593e+03
   1.1982065e+03
   1.1979070e+03
