   1.6262329e-05
   1.6262323e-05
   1.6262319e-05
   1.6262315e-05
   1.6262312e-05
   1.6262309e-05
   1.6262306e-05
   1.6262302e-05
   1.6262299e-05
   1.6262294e-05
   1.6262288e-05
   1.6262280e-05
   1.6262270e-05
   1.6262257e-05
   1.6262241e-05
   1.6262220e-05
   1.6262194e-05
   1.6262163e-05
   1.6262125e-05
   1.6262080e-05
   1.6262027e-05
   1.6261965e-05
   1.6261893e-05
   1.6261810e-05
   1.6261714e-05
   1.6261606e-05
   1.6261484e-05
   1.6261346e-05
   1.6261192e-05
   1.6261021e-05
   1.6260830e-05
   1.6260620e-05
   1.6260389e-05
   1.6260136e-05
   1.6259858e-05
   1.6259556e-05
   1.6259228e-05
   1.6258872e-05
   1.6258488e-05
   1.6258073e-05
   1.6257628e-05
   1.6257149e-05
   1.6256637e-05
   1.6256089e-05
   1.6255505e-05
   1.6254883e-05
   1.6254222e-05
   1.6253520e-05
   1.6252777e-05
   1.6251991e-05
   1.6251161e-05
   1.6250286e-05
   1.6249364e-05
   1.6248395e-05
   1.6247377e-05
   1.6246310e-05
   1.6245191e-05
   1.6244021e-05
   1.6242798e-05
   1.6241521e-05
   1.6240190e-05
   1.6238803e-05
   1.6237359e-05
   1.6235859e-05
   1.6234300e-05
   1.6232683e-05
   1.6231007e-05
   1.6229271e-05
   1.6227475e-05
   1.6225618e-05
   1.6223700e-05
   1.6221720e-05
   1.6219679e-05
   1.6217575e-05
   1.6215410e-05
   1.6213182e-05
   1.6210891e-05
   1.6208538e-05
   1.6206123e-05
   1.6203645e-05
   1.6201106e-05
   1.6198504e-05
   1.6195842e-05
   1.6193118e-05
   1.6190334e-05
   1.6187490e-05
   1.6184587e-05
   1.6181625e-05
   1.6178605e-05
   1.6175528e-05
   1.6172395e-05
   1.6169206e-05
   1.6165964e-05
   1.6162668e-05
   1.6159320e-05
   1.6155922e-05
   1.6152474e-05
   1.6148978e-05
   1.6145435e-05
   1.6141847e-05
   1.6138216e-05
   1.6134542e-05
   1.6130829e-05
   1.6127076e-05
   1.6123287e-05
   1.6119462e-05
   1.6115605e-05
   1.6111716e-05
   1.6107798e-05
   1.6103853e-05
   1.6099883e-05
   1.6095890e-05
   1.6091877e-05
   1.6087845e-05
   1.6083796e-05
   1.6079734e-05
   1.6075660e-05
   1.6071577e-05
   1.6067488e-05
   1.6063394e-05
   1.6059298e-05
   1.6055203e-05
   1.6051111e-05
   1.6047024e-05
   1.6042946e-05
   1.6038879e-05
   1.6034826e-05
   1.6030788e-05
   1.6026769e-05
   1.6022771e-05
   1.6018797e-05
   1.6014850e-05
   1.6010932e-05
   1.6007045e-05
   1.6003193e-05
   1.5999378e-05
   1.5995602e-05
   1.5991869e-05
   1.5988180e-05
   1.5984539e-05
   1.5980947e-05
   1.5977407e-05
   1.5973923e-05
   1.5970495e-05
   1.5967127e-05
   1.5963821e-05
   1.5960579e-05
   1.5957404e-05
   1.5954298e-05
   1.5951263e-05
   1.5948302e-05
   1.5945415e-05
   1.5942607e-05
   1.5939877e-05
   1.5937230e-05
   1.5934666e-05
   1.5932187e-05
   1.5929795e-05
   1.5927492e-05
   1.5925280e-05
   1.5923160e-05
   1.5921134e-05
   1.5919204e-05
   1.5917369e-05
   1.5915633e-05
   1.5913997e-05
   1.5912461e-05
   1.5911026e-05
   1.5909695e-05
   1.5908467e-05
   1.5907344e-05
   1.5906327e-05
   1.5905416e-05
   1.5904611e-05
   1.5903915e-05
   1.5903326e-05
   1.5902847e-05
   1.5902476e-05
   1.5902214e-05
   1.5902062e-05
   1.5902019e-05
   1.5902085e-05
   1.5902262e-05
   1.5902547e-05
   1.5902942e-05
   1.5903446e-05
   1.5904058e-05
   1.5904778e-05
   1.5905606e-05
   1.5906540e-05
   1.5907581e-05
   1.5908727e-05
   1.5909978e-05
   1.5911333e-05
   1.5912790e-05
   1.5914348e-05
   1.5916007e-05
   1.5917766e-05
   1.5919622e-05
   1.5921574e-05
   1.5923622e-05
   1.5925763e-05
   1.5927996e-05
   1.5930320e-05
   1.5932732e-05
   1.5935231e-05
   1.5937815e-05
   1.5940482e-05
   1.5943231e-05
   1.5946059e-05
   1.5948964e-05
   1.5951944e-05
   1.5954997e-05
   1.5958120e-05
   1.5961313e-05
   1.5964571e-05
   1.5967894e-05
   1.5971278e-05
   1.5974721e-05
   1.5978221e-05
   1.5981776e-05
   1.5985382e-05
   1.5989038e-05
   1.5992740e-05
   1.5996487e-05
   1.6000275e-05
   1.6004103e-05
   1.6007967e-05
   1.6011865e-05
   1.6015794e-05
   1.6019752e-05
   1.6023736e-05
   1.6027744e-05
   1.6031772e-05
   1.6035819e-05
   1.6039881e-05
   1.6043956e-05
   1.6048042e-05
   1.6052135e-05
   1.6056233e-05
   1.6060335e-05
   1.6064436e-05
   1.6068535e-05
   1.6072630e-05
   1.6076717e-05
   1.6080794e-05
   1.6084860e-05
   1.6088911e-05
   1.6092945e-05
   1.6096961e-05
   1.6100956e-05
   1.6104927e-05
   1.6108872e-05
   1.6112790e-05
   1.6116679e-05
   1.6120536e-05
   1.6124359e-05
   1.6128147e-05
   1.6131898e-05
   1.6135609e-05
   1.6139280e-05
   1.6142909e-05
   1.6146493e-05
   1.6150032e-05
   1.6153524e-05
   1.6156967e-05
   1.6160361e-05
   1.6163703e-05
   1.6166993e-05
   1.6170230e-05
   1.6173412e-05
   1.6176539e-05
   1.6179609e-05
   1.6182622e-05
   1.6185577e-05
   1.6188472e-05
   1.6191308e-05
   1.6194084e-05
   1.6196799e-05
   1.6199453e-05
   1.6202045e-05
   1.6204576e-05
   1.6207044e-05
   1.6209449e-05
   1.6211792e-05
   1.6214073e-05
   1.6216291e-05
   1.6218446e-05
   1.6220539e-05
   1.6222570e-05
   1.6224538e-05
   1.6226445e-05
   1.6228291e-05
   1.6230076e-05
   1.6231800e-05
   1.6233465e-05
   1.6235070e-05
   1.6236616e-05
   1.6238105e-05
   1.6239536e-05
   1.6240911e-05
   1.6242231e-05
   1.6243495e-05
   1.6244706e-05
   1.6245864e-05
   1.6246970e-05
   1.6248025e-05
   1.6249030e-05
   1.6249987e-05
   1.6250896e-05
   1.6251759e-05
   1.6252576e-05
   1.6253349e-05
   1.6254080e-05
   1.6254769e-05
   1.6255417e-05
   1.6256027e-05
   1.6256598e-05
   1.6257133e-05
   1.6257633e-05
   1.6258099e-05
   1.6258532e-05
   1.6258934e-05
   1.6259306e-05
   1.6259650e-05
   1.6259965e-05
   1.6260255e-05
   1.6260520e-05
   1.6260761e-05
   1.6260980e-05
   1.6261178e-05
   1.6261356e-05
   1.6261516e-05
   1.6261658e-05
   1.6261783e-05
   1.6261894e-05
   1.6261990e-05
   1.6262073e-05
   1.6262145e-05
   1.6262205e-05
   1.6262256e-05
   1.6262297e-05
   1.6262330e-05
   1.6262357e-05
   1.6262376e-05
   1.6262390e-05
   1.6262400e-05
   1.6262405e-05
   1.6262406e-05
   1.6262405e-05
   1.6262401e-05
   1.6262396e-05
   1.6262389e-05
   1.6262381e-05
   1.6262373e-05
   1.6262365e-05
   1.6262357e-05
   1.6262349e-05
   1.6262341e-05
   1.6262335e-05
   1.6262329e-05
