   1.7162192e-02
   2.1226549e-02
   3.2898343e-02
   5.2163194e-02
   7.9006970e-02
   1.1341046e-01
   1.5534829e-01
   2.0478898e-01
   2.6169507e-01
   3.2602309e-01
   3.9772360e-01
   4.7674108e-01
   5.6301389e-01
   6.5647419e-01
   7.5704788e-01
   8.6465448e-01
   9.7920703e-01
   1.1006121e+00
   1.2287694e+00
   1.3635722e+00
   1.5049067e+00
   1.6526523e+00
   1.8066813e+00
   1.9668589e+00
   2.1330431e+00
   2.3050847e+00
   2.4828271e+00
   2.6661064e+00
   2.8547510e+00
   3.0485822e+00
   3.2474136e+00
   3.4510511e+00
   3.6592934e+00
   3.8719316e+00
   4.0887492e+00
   4.3095224e+00
   4.5340201e+00
   4.7620039e+00
   4.9932282e+00
   5.2274405e+00
   5.4643813e+00
   5.7037846e+00
   5.9453778e+00
   6.1888822e+00
   6.4340129e+00
   6.6804794e+00
   6.9279859e+00
   7.1762311e+00
   7.4249094e+00
   7.6737106e+00
   7.9223205e+00
   8.1704214e+00
   8.4176926e+00
   8.6638105e+00
   8.9084495e+00
   9.1512824e+00
   9.3919808e+00
   9.6302157e+00
   9.8656583e+00
   1.0097980e+01
   1.0326854e+01
   1.0551955e+01
   1.0772959e+01
   1.0989548e+01
   1.1201404e+01
   1.1408216e+01
   1.1609677e+01
   1.1805485e+01
   1.1995346e+01
   1.2178971e+01
   1.2356081e+01
   1.2526402e+01
   1.2689671e+01
   1.2845634e+01
   1.2994046e+01
   1.3134675e+01
   1.3267298e+01
   1.3391704e+01
   1.3507694e+01
   1.3615083e+01
   1.3713698e+01
   1.3803380e+01
   1.3883984e+01
   1.3955378e+01
   1.4017446e+01
   1.4070088e+01
   1.4113217e+01
   1.4146762e+01
   1.4170669e+01
   1.4184898e+01
   1.4189425e+01
   1.4184244e+01
   1.4169363e+01
   1.4144805e+01
   1.4110612e+01
   1.4066839e+01
   1.4013557e+01
   1.3950855e+01
   1.3878833e+01
   1.3797609e+01
   1.3707315e+01
   1.3608097e+01
   1.3500114e+01
   1.3383541e+01
   1.3258564e+01
   1.3125382e+01
   1.2984207e+01
   1.2835261e+01
   1.2678780e+01
   1.2515008e+01
   1.2344199e+01
   1.2166618e+01
   1.1982538e+01
   1.1792240e+01
   1.1596012e+01
   1.1394150e+01
   1.1186955e+01
   1.0974736e+01
   1.0757803e+01
   1.0536475e+01
   1.0311070e+01
   1.0081912e+01
   9.8493277e+00
   9.6136430e+00
   9.3751870e+00
   9.1342887e+00
   8.8912771e+00
   8.6464807e+00
   8.4002267e+00
   8.1528409e+00
   7.9046466e+00
   7.6559646e+00
   7.4071125e+00
   7.1584044e+00
   6.9101502e+00
   6.6626557e+00
   6.4162216e+00
   6.1711437e+00
   5.9277123e+00
   5.6862119e+00
   5.4469210e+00
   5.2101119e+00
   4.9760503e+00
   4.7449953e+00
   4.5171991e+00
   4.2929068e+00
   4.0723565e+00
   3.8557790e+00
   3.6433976e+00
   3.4354284e+00
   3.2320797e+00
   3.0335527e+00
   2.8400408e+00
   2.6517298e+00
   2.4687983e+00
   2.2914171e+00
   2.1197498e+00
   1.9539524e+00
   1.7941737e+00
   1.6405552e+00
   1.4932311e+00
   1.3523286e+00
   1.2179679e+00
   1.0902621e+00
   9.6931770e-01
   8.5523427e-01
   7.4810480e-01
   6.4801569e-01
   5.5504693e-01
   4.6927211e-01
   3.9075855e-01
   3.1956736e-01
   2.5575354e-01
   1.9936604e-01
   1.5044777e-01
   1.0903567e-01
   7.5160632e-02
   4.8847395e-02
   3.0114330e-02
   1.8974786e-02
   1.5444498e-02
   1.9535624e-02
   3.1234589e-02
   5.0525944e-02
   7.7395993e-02
   1.1182578e-01
   1.5379000e-01
   2.0325722e-01
   2.6018994e-01
   3.2454472e-01
   3.9627208e-01
   4.7531649e-01
   5.6161630e-01
   6.5510366e-01
   7.5570446e-01
   8.6333818e-01
   9.7791789e-01
   1.0993501e+00
   1.2275346e+00
   1.3623645e+00
   1.5037262e+00
   1.6514989e+00
   1.8055549e+00
   1.9657595e+00
   2.1319707e+00
   2.3040393e+00
   2.4818086e+00
   2.6651147e+00
   2.8537862e+00
   3.0476442e+00
   3.2465022e+00
   3.4501664e+00
   3.6584354e+00
   3.8711002e+00
   4.0879444e+00
   4.3087442e+00
   4.5332685e+00
   4.7612788e+00
   4.9925297e+00
   5.2267685e+00
   5.4637359e+00
   5.7031658e+00
   5.9447857e+00
   6.1883168e+00
   6.4334743e+00
   6.6799676e+00
   6.9275010e+00
   7.1757733e+00
   7.4244787e+00
   7.6733071e+00
   7.9219445e+00
   8.1700730e+00
   8.4173718e+00
   8.6635176e+00
   8.9081847e+00
   9.1510459e+00
   9.3917728e+00
   9.6300364e+00
   9.8655080e+00
   1.0097859e+01
   1.0326762e+01
   1.0551893e+01
   1.0772927e+01
   1.0989546e+01
   1.1201433e+01
   1.1408275e+01
   1.1609767e+01
   1.1805607e+01
   1.1995500e+01
   1.2179157e+01
   1.2356299e+01
   1.2526652e+01
   1.2689954e+01
   1.2845951e+01
   1.2994397e+01
   1.3135060e+01
   1.3267716e+01
   1.3392157e+01
   1.3508182e+01
   1.3615606e+01
   1.3714256e+01
   1.3803973e+01
   1.3884613e+01
   1.3956043e+01
   1.4018147e+01
   1.4070825e+01
   1.4113990e+01
   1.4147572e+01
   1.4171515e+01
   1.4185781e+01
   1.4190346e+01
   1.4185201e+01
   1.4170357e+01
   1.4145836e+01
   1.4111680e+01
   1.4067944e+01
   1.4014699e+01
   1.3952033e+01
   1.3880048e+01
   1.3798861e+01
   1.3708603e+01
   1.3609420e+01
   1.3501473e+01
   1.3384935e+01
   1.3259993e+01
   1.3126846e+01
   1.2985705e+01
   1.2836794e+01
   1.2680346e+01
   1.2516606e+01
   1.2345830e+01
   1.2168281e+01
   1.1984232e+01
   1.1793964e+01
   1.1597766e+01
   1.1395934e+01
   1.1188768e+01
   1.0976576e+01
   1.0759671e+01
   1.0538368e+01
   1.0312989e+01
   1.0083856e+01
   9.8512953e+00
   9.6156335e+00
   9.3771995e+00
   9.1363222e+00
   8.8933307e+00
   8.6485534e+00
   8.4023176e+00
   8.1549489e+00
   7.9067707e+00
   7.6581038e+00
   7.4092658e+00
   7.1605707e+00
   6.9123285e+00
   6.6648448e+00
   6.4184206e+00
   6.1733515e+00
   5.9299277e+00
   5.6884339e+00
   5.4491485e+00
   5.2123438e+00
   4.9782856e+00
   4.7472329e+00
   4.5194379e+00
   4.2951459e+00
   4.0745948e+00
   3.8580154e+00
   3.6456311e+00
   3.4376579e+00
   3.2343043e+00
   3.0357714e+00
   2.8422526e+00
   2.6539338e+00
   2.4709935e+00
   2.2936026e+00
   2.1219248e+00
   1.9561159e+00
   1.7963249e+00
   1.6426932e+00
   1.4953552e+00
   1.3544380e+00
   1.2200618e+00
   1.0923398e+00
   9.7137841e-01
   8.5727734e-01
   7.5012955e-01
   6.5002151e-01
   5.5703319e-01
   4.7123823e-01
   3.9270396e-01
   3.2149154e-01
   2.5765599e-01
   2.0124628e-01
   1.5230536e-01
   1.1087022e-01
   7.6971827e-02
   5.0635042e-02
   3.1878552e-02
   2.0716134e-02
   1.7162192e-02
