   5.2336789e-10
   2.9674104e-08
   1.1369952e-07
   2.5277723e-07
   4.4674167e-07
   6.9535781e-07
   9.9832399e-07
   1.3552725e-06
   1.7657700e-06
   2.2293183e-06
   2.7453548e-06
   3.3132528e-06
   3.9323231e-06
   4.6018141e-06
   5.3209129e-06
   6.0887464e-06
   6.9043824e-06
   7.7668303e-06
   8.6750428e-06
   9.6279170e-06
   1.0624295e-05
   1.1662968e-05
   1.2742672e-05
   1.3862097e-05
   1.5019883e-05
   1.6214622e-05
   1.7444862e-05
   1.8709110e-05
   2.0005826e-05
   2.1333437e-05
   2.2690326e-05
   2.4074846e-05
   2.5485311e-05
   2.6920007e-05
   2.8377188e-05
   2.9855082e-05
   3.1351891e-05
   3.2865793e-05
   3.4394947e-05
   3.5937491e-05
   3.7491547e-05
   3.9055223e-05
   4.0626617e-05
   4.2203813e-05
   4.3784891e-05
   4.5367926e-05
   4.6950989e-05
   4.8532151e-05
   5.0109485e-05
   5.1681069e-05
   5.3244987e-05
   5.4799334e-05
   5.6342213e-05
   5.7871744e-05
   5.9386061e-05
   6.0883317e-05
   6.2361687e-05
   6.3819365e-05
   6.5254575e-05
   6.6665563e-05
   6.8050609e-05
   6.9408022e-05
   7.0736144e-05
   7.2033355e-05
   7.3298070e-05
   7.4528744e-05
   7.5723876e-05
   7.6882005e-05
   7.8001717e-05
   7.9081643e-05
   8.0120464e-05
   8.1116911e-05
   8.2069767e-05
   8.2977866e-05
   8.3840099e-05
   8.4655413e-05
   8.5422810e-05
   8.6141352e-05
   8.6810161e-05
   8.7428419e-05
   8.7995371e-05
   8.8510322e-05
   8.8972644e-05
   8.9381771e-05
   8.9737203e-05
   9.0038504e-05
   9.0285307e-05
   9.0477309e-05
   9.0614276e-05
   9.0696040e-05
   9.0722501e-05
   9.0693627e-05
   9.0609453e-05
   9.0470081e-05
   9.0275683e-05
   9.0026495e-05
   8.9722823e-05
   8.9365038e-05
   8.8953577e-05
   8.8488944e-05
   8.7971706e-05
   8.7402496e-05
   8.6782009e-05
   8.6111006e-05
   8.5390304e-05
   8.4620787e-05
   8.3803394e-05
   8.2939124e-05
   8.2029034e-05
   8.1074236e-05
   8.0075897e-05
   7.9035236e-05
   7.7953525e-05
   7.6832086e-05
   7.5672289e-05
   7.4475550e-05
   7.3243331e-05
   7.1977136e-05
   7.0678513e-05
   6.9349046e-05
   6.7990359e-05
   6.6604111e-05
   6.5191993e-05
   6.3755728e-05
   6.2297070e-05
   6.0817799e-05
   5.9319718e-05
   5.7804656e-05
   5.6274461e-05
   5.4730998e-05
   5.3176149e-05
   5.1611812e-05
   5.0039891e-05
   4.8462305e-05
   4.6880975e-05
   4.5297828e-05
   4.3714793e-05
   4.2133799e-05
   4.0556773e-05
   3.8985633e-05
   3.7422295e-05
   3.5868661e-05
   3.4326624e-05
   3.2798059e-05
   3.1284829e-05
   2.9788774e-05
   2.8311714e-05
   2.6855448e-05
   2.5421747e-05
   2.4012355e-05
   2.2628986e-05
   2.1273322e-05
   1.9947012e-05
   1.8651669e-05
   1.7388867e-05
   1.6160142e-05
   1.4966986e-05
   1.3810851e-05
   1.2693141e-05
   1.1615214e-05
   1.0578380e-05
   9.5838985e-06
   8.6329780e-06
   7.7267734e-06
   6.8663854e-06
   6.0528590e-06
   5.2871821e-06
   4.5702848e-06
   3.9030373e-06
   3.2862501e-06
   2.7206720e-06
   2.2069897e-06
   1.7458268e-06
   1.3377433e-06
   9.8323452e-07
   6.8273090e-07
   4.3659720e-07
   2.4513207e-07
   1.0856740e-07
   2.7064120e-08
   1.6342344e-10
   2.9601102e-08
   1.1363886e-07
   2.5273231e-07
   4.4671728e-07
   6.9535898e-07
   9.9835584e-07
   1.3553402e-06
   1.7658787e-06
   2.2294732e-06
   2.7455609e-06
   3.3135153e-06
   3.9326469e-06
   4.6022041e-06
   5.3213740e-06
   6.0892834e-06
   6.9049997e-06
   7.7675325e-06
   8.6758341e-06
   9.6288016e-06
   1.0625277e-05
   1.1664051e-05
   1.2743860e-05
   1.3863393e-05
   1.5021289e-05
   1.6216142e-05
   1.7446499e-05
   1.8710865e-05
   2.0007703e-05
   2.1335436e-05
   2.2692450e-05
   2.4077094e-05
   2.5487686e-05
   2.6922509e-05
   2.8379818e-05
   2.9857839e-05
   3.1354775e-05
   3.2868804e-05
   3.4398084e-05
   3.5940752e-05
   3.7494931e-05
   3.9058729e-05
   4.0630241e-05
   4.2207554e-05
   4.3788747e-05
   4.5371893e-05
   4.6955063e-05
   4.8536329e-05
   5.0113763e-05
   5.1685443e-05
   5.3249454e-05
   5.4803887e-05
   5.6346849e-05
   5.7876457e-05
   5.9390846e-05
   6.0888169e-05
   6.2366600e-05
   6.3824333e-05
   6.5259592e-05
   6.6670623e-05
   6.8055706e-05
   6.9413149e-05
   7.0741295e-05
   7.2038522e-05
   7.3303248e-05
   7.4533926e-05
   7.5729055e-05
   7.6887174e-05
   7.8006869e-05
   7.9086772e-05
   8.0125563e-05
   8.1121974e-05
   8.2074786e-05
   8.2982835e-05
   8.3845012e-05
   8.4660263e-05
   8.5427591e-05
   8.6146058e-05
   8.6814786e-05
   8.7432957e-05
   8.7999816e-05
   8.8514670e-05
   8.8976889e-05
   8.9385908e-05
   8.9741226e-05
   9.0042410e-05
   9.0289092e-05
   9.0480968e-05
   9.0617806e-05
   9.0699437e-05
   9.0725762e-05
   9.0696749e-05
   9.0612433e-05
   9.0472918e-05
   9.0278374e-05
   9.0029039e-05
   8.9725218e-05
   8.9367283e-05
   8.8955672e-05
   8.8490887e-05
   8.7973498e-05
   8.7404138e-05
   8.6783501e-05
   8.6112348e-05
   8.5391499e-05
   8.4621835e-05
   8.3804297e-05
   8.2939884e-05
   8.2029654e-05
   8.1074718e-05
   8.0076244e-05
   7.9035451e-05
   7.7953612e-05
   7.6832048e-05
   7.5672130e-05
   7.4475274e-05
   7.3242942e-05
   7.1976640e-05
   7.0677913e-05
   6.9348348e-05
   6.7989567e-05
   6.6603230e-05
   6.5191029e-05
   6.3754686e-05
   6.2295956e-05
   6.0816617e-05
   5.9318475e-05
   5.7803357e-05
   5.6273111e-05
   5.4729603e-05
   5.3174715e-05
   5.1610344e-05
   5.0038395e-05
   4.8460786e-05
   4.6879438e-05
   4.5296279e-05
   4.3713238e-05
   4.2132243e-05
   4.0555219e-05
   3.8984088e-05
   3.7420763e-05
   3.5867147e-05
   3.4325131e-05
   3.2796592e-05
   3.1283392e-05
   2.9787370e-05
   2.8310348e-05
   2.6854122e-05
   2.5420465e-05
   2.4011118e-05
   2.2627798e-05
   2.1272185e-05
   1.9945928e-05
   1.8650639e-05
   1.7387893e-05
   1.6159225e-05
   1.4966128e-05
   1.3810051e-05
   1.2692399e-05
   1.1614531e-05
   1.0577756e-05
   9.5833324e-06
   8.6324689e-06
   7.7263201e-06
   6.8659864e-06
   6.0525127e-06
   5.2868865e-06
   4.5700375e-06
   3.9028360e-06
   3.2860920e-06
   2.7205540e-06
   2.2069087e-06
   1.7457794e-06
   1.3377257e-06
   9.8324305e-07
   6.8276147e-07
   4.3664562e-07
   2.4519401e-07
   1.0863848e-07
   2.7140817e-08
   5.2336789e-10
