   2.5032494e+04
   2.5030178e+04
   2.5023265e+04
   2.5011656e+04
   2.4995183e+04
   2.4973615e+04
   2.4946656e+04
   2.4913944e+04
   2.4875058e+04
   2.4829517e+04
   2.4776779e+04
   2.4716249e+04
   2.4647279e+04
   2.4569174e+04
   2.4481191e+04
   2.4382549e+04
   2.4272431e+04
   2.4149990e+04
   2.4014354e+04
   2.3864636e+04
   2.3699940e+04
   2.3519366e+04
   2.3322023e+04
   2.3107036e+04
   2.2873558e+04
   2.2620777e+04
   2.2347928e+04
   2.2054308e+04
   2.1739284e+04
   2.1402306e+04
   2.1042918e+04
   2.0660775e+04
   2.0255647e+04
   1.9827441e+04
   1.9376202e+04
   1.8902131e+04
   1.8405593e+04
   1.7887123e+04
   1.7347439e+04
   1.6787440e+04
   1.6208220e+04
   1.5611062e+04
   1.4997441e+04
   1.4369025e+04
   1.3727665e+04
   1.3075391e+04
   1.2414401e+04
   1.1747051e+04
   1.1075833e+04
   1.0403365e+04
   9.7323619e+03
   9.0656193e+03
   8.4059830e+03
   7.7563226e+03
   7.1195024e+03
   6.4983497e+03
   5.8956233e+03
   5.3139807e+03
   4.7559460e+03
   4.2238777e+03
   3.7199382e+03
   3.2460643e+03
   2.8039403e+03
   2.3949740e+03
   2.0202759e+03
   1.6806416e+03
   1.3765393e+03
   1.1081014e+03
   8.7512084e+02
   6.7705277e+02
   5.1302113e+02
   3.8183053e+02
   2.8198307e+02
   2.1170004e+02
   1.6894811e+02
   1.5146960e+02
   1.5681634e+02
   1.8238651e+02
   2.2546380e+02
   2.8325813e+02
   3.5294727e+02
   4.3171847e+02
   5.1680929e+02
   6.0554699e+02
   6.9538560e+02
   7.8394010e+02
   8.6901689e+02
   9.4864031e+02
   1.0210745e+03
   1.0848402e+03
   1.1387269e+03
   1.1817992e+03
   1.2133984e+03
   1.2331387e+03
   1.2408984e+03
   1.2368074e+03
   1.2212294e+03
   1.1947417e+03
   1.1581111e+03
   1.1122679e+03
   1.0582780e+03
   9.9731390e+02
   9.3062530e+02
   8.5951005e+02
   7.8528563e+02
   7.0926219e+02
   6.3271740e+02
   5.5687353e+02
   4.8287713e+02
   4.1178172e+02
   3.4453335e+02
   2.8195946e+02
   2.2476086e+02
   1.7350687e+02
   1.2863342e+02
   9.0444006e+01
   5.9113234e+01
   3.4692657e+01
   1.7118632e+01
   6.2218461e+00
   1.7381740e+00
   3.3205912e+00
   1.0551563e+01
   2.2955998e+01
   4.0014102e+01
   6.1174003e+01
   8.5863914e+01
   1.1350359e+02
   1.4351490e+02
   1.7533146e+02
   2.0840703e+02
   2.4222292e+02
   2.7629398e+02
   3.1017357e+02
   3.4345721e+02
   3.7578518e+02
   4.0684402e+02
   4.3636700e+02
   4.6413379e+02
   4.8996930e+02
   5.1374181e+02
   5.3536062e+02
   5.5477318e+02
   5.7196188e+02
   5.8694065e+02
   5.9975137e+02
   6.1046018e+02
   6.1915392e+02
   6.2593652e+02
   6.3092560e+02
   6.3424925e+02
   6.3604304e+02
   6.3644721e+02
   6.3560423e+02
   6.3365658e+02
   6.3074479e+02
   6.2700585e+02
   6.2257181e+02
   6.1756865e+02
   6.1211548e+02
   6.0632385e+02
   6.0029737e+02
   5.9413145e+02
   5.8791326e+02
   5.8172179e+02
   5.7562803e+02
   5.6969532e+02
   5.6397968e+02
   5.5853026e+02
   5.5338985e+02
   5.4859535e+02
   5.4417833e+02
   5.4016548e+02
   5.3657920e+02
   5.3343799e+02
   5.3075694e+02
   5.2854811e+02
   5.2682087e+02
   5.2558220e+02
   5.2483694e+02
   5.2458789e+02
   5.2483599e+02
   5.2558032e+02
   5.2681805e+02
   5.2854435e+02
   5.3075226e+02
   5.3343239e+02
   5.3657268e+02
   5.4015806e+02
   5.4417001e+02
   5.4858616e+02
   5.5337979e+02
   5.5851935e+02
   5.6396794e+02
   5.6968278e+02
   5.7561471e+02
   5.8170770e+02
   5.8789845e+02
   5.9411593e+02
   6.0028118e+02
   6.0630703e+02
   6.1209807e+02
   6.1755069e+02
   6.2255334e+02
   6.2698692e+02
   6.3072545e+02
   6.3363687e+02
   6.3558422e+02
   6.3642695e+02
   6.3602259e+02
   6.3422868e+02
   6.3090495e+02
   6.2591586e+02
   6.1913332e+02
   6.1043969e+02
   5.9973104e+02
   5.8692056e+02
   5.7194207e+02
   5.5475370e+02
   5.3534154e+02
   5.1372316e+02
   4.8995112e+02
   4.6411613e+02
   4.3634989e+02
   4.0682749e+02
   3.7576928e+02
   3.4344195e+02
   3.1015899e+02
   2.7628012e+02
   2.4220981e+02
   2.0839471e+02
   1.7531997e+02
   1.4350432e+02
   1.1349398e+02
   8.5855368e+01
   6.1166627e+01
   4.0008023e+01
   2.2951368e+01
   1.0548556e+01
   3.3194044e+00
   1.7390429e+00
   6.2250491e+00
   1.7124441e+01
   3.4701379e+01
   5.9125203e+01
   9.0459574e+01
   1.2865295e+02
   1.7353074e+02
   2.2478944e+02
   2.8199311e+02
   3.4457243e+02
   4.1182654e+02
   4.8292797e+02
   5.5693062e+02
   6.3278092e+02
   7.0933223e+02
   7.8536220e+02
   8.5959308e+02
   9.3071461e+02
   9.9740920e+02
   1.0583789e+03
   1.1123739e+03
   1.1582216e+03
   1.1948559e+03
   1.2213465e+03
   1.2369265e+03
   1.2410185e+03
   1.2332587e+03
   1.2135173e+03
   1.1819158e+03
   1.1388401e+03
   1.0849490e+03
   1.0211778e+03
   9.4873733e+02
   8.6910681e+02
   7.8402230e+02
   6.9545967e+02
   6.0561273e+02
   5.1686675e+02
   4.3176797e+02
   3.5298941e+02
   2.8329381e+02
   2.2549425e+02
   1.8241328e+02
   1.5684129e+02
   1.5149489e+02
   1.6897622e+02
   2.1173371e+02
   2.8202532e+02
   3.8188459e+02
   5.1309044e+02
   6.7714091e+02
   8.7523153e+02
   1.1082384e+03
   1.3767064e+03
   1.6808427e+03
   2.0205146e+03
   2.3952540e+03
   2.8042650e+03
   3.2464369e+03
   3.7203617e+03
   4.2243548e+03
   4.7564790e+03
   5.3145716e+03
   5.8962738e+03
   6.4990610e+03
   7.1202753e+03
   7.7571574e+03
   8.4068797e+03
   9.0665774e+03
   9.7333804e+03
   1.0404442e+04
   1.1076968e+04
   1.1748241e+04
   1.2415644e+04
   1.3076683e+04
   1.3729004e+04
   1.4370407e+04
   1.4998863e+04
   1.5612520e+04
   1.6209710e+04
   1.6788957e+04
   1.7348978e+04
   1.7888682e+04
   1.8407165e+04
   1.8903713e+04
   1.9377789e+04
   1.9829028e+04
   2.0257231e+04
   2.0662350e+04
   2.1044481e+04
   2.1403852e+04
   2.1740810e+04
   2.2055810e+04
   2.2349402e+04
   2.2622219e+04
   2.2874966e+04
   2.3108406e+04
   2.3323352e+04
   2.3520651e+04
   2.3701179e+04
   2.3865826e+04
   2.4015493e+04
   2.4151076e+04
   2.4273462e+04
   2.4383524e+04
   2.4482107e+04
   2.4570030e+04
   2.4648074e+04
   2.4716981e+04
   2.4777448e+04
   2.4830121e+04
   2.4875598e+04
   2.4914418e+04
   2.4947063e+04
   2.4973955e+04
   2.4995456e+04
   2.5011860e+04
   2.5023402e+04
   2.5030247e+04
   2.5032494e+04
