   7.0647064e+03
   7.0642365e+03
   7.0628296e+03
   7.0604699e+03
   7.0571307e+03
   7.0527748e+03
   7.0473545e+03
   7.0408121e+03
   7.0330796e+03
   7.0240794e+03
   7.0137243e+03
   7.0019179e+03
   6.9885550e+03
   6.9735222e+03
   6.9566982e+03
   6.9379542e+03
   6.9171550e+03
   6.8941591e+03
   6.8688198e+03
   6.8409861e+03
   6.8105030e+03
   6.7772133e+03
   6.7409577e+03
   6.7015765e+03
   6.6589106e+03
   6.6128026e+03
   6.5630982e+03
   6.5096475e+03
   6.4523064e+03
   6.3909379e+03
   6.3254141e+03
   6.2556169e+03
   6.1814402e+03
   6.1027912e+03
   6.0195920e+03
   5.9317812e+03
   5.8393150e+03
   5.7421694e+03
   5.6403408e+03
   5.5338480e+03
   5.4227327e+03
   5.3070612e+03
   5.1869252e+03
   5.0624422e+03
   4.9337566e+03
   4.8010399e+03
   4.6644909e+03
   4.5243357e+03
   4.3808273e+03
   4.2342454e+03
   4.0848953e+03
   3.9331071e+03
   3.7792339e+03
   3.6236509e+03
   3.4667530e+03
   3.3089528e+03
   3.1506782e+03
   2.9923698e+03
   2.8344783e+03
   2.6774608e+03
   2.5217783e+03
   2.3678918e+03
   2.2162593e+03
   2.0673319e+03
   1.9215504e+03
   1.7793415e+03
   1.6411149e+03
   1.5072592e+03
   1.3781389e+03
   1.2540914e+03
   1.1354238e+03
   1.0224108e+03
   9.1529173e+02
   8.1426912e+02
   7.1950667e+02
   6.3112816e+02
   5.4921658e+02
   4.7381364e+02
   4.0491983e+02
   3.4249478e+02
   2.8645812e+02
   2.3669073e+02
   1.9303643e+02
   1.5530393e+02
   1.2326932e+02
   9.6678668e+01
   7.5251076e+01
   5.8681852e+01
   4.6645947e+01
   3.8801509e+01
   3.4793548e+01
   3.4257654e+01
   3.6823706e+01
   4.2119550e+01
   4.9774571e+01
   5.9423136e+01
   7.0707855e+01
   8.3282631e+01
   9.6815454e+01
   1.1099093e+02
   1.2551249e+02
   1.4010433e+02
   1.5451293e+02
   1.6850835e+02
   1.8188508e+02
   1.9446267e+02
   2.0608589e+02
   2.1662472e+02
   2.2597397e+02
   2.3405261e+02
   2.4080291e+02
   2.4618931e+02
   2.5019711e+02
   2.5283101e+02
   2.5411346e+02
   2.5408299e+02
   2.5279240e+02
   2.5030694e+02
   2.4670245e+02
   2.4206352e+02
   2.3648171e+02
   2.3005378e+02
   2.2288006e+02
   2.1506284e+02
   2.0670491e+02
   1.9790826e+02
   1.8877278e+02
   1.7939527e+02
   1.6986841e+02
   1.6028002e+02
   1.5071233e+02
   1.4124151e+02
   1.3193719e+02
   1.2286223e+02
   1.1407252e+02
   1.0561692e+02
   9.7537317e+01
   8.9868687e+01
   8.2639345e+01
   7.5871174e+01
   6.9579948e+01
   6.3775693e+01
   5.8463078e+01
   5.3641841e+01
   4.9307225e+01
   4.5450430e+01
   4.2059063e+01
   3.9117587e+01
   3.6607759e+01
   3.4509054e+01
   3.2799073e+01
   3.1453926e+01
   3.0448593e+01
   2.9757261e+01
   2.9353630e+01
   2.9211188e+01
   2.9303473e+01
   2.9604285e+01
   3.0087889e+01
   3.0729186e+01
   3.1503852e+01
   3.2388466e+01
   3.3360603e+01
   3.4398919e+01
   3.5483212e+01
   3.6594462e+01
   3.7714867e+01
   3.8827856e+01
   3.9918102e+01
   4.0971516e+01
   4.1975241e+01
   4.2917635e+01
   4.3788258e+01
   4.4577845e+01
   4.5278292e+01
   4.5882625e+01
   4.6384988e+01
   4.6780615e+01
   4.7065820e+01
   4.7237980e+01
   4.7295526e+01
   4.7237935e+01
   4.7065729e+01
   4.6780478e+01
   4.6384806e+01
   4.5882400e+01
   4.5278024e+01
   4.4577536e+01
   4.3787909e+01
   4.2917248e+01
   4.1974818e+01
   4.0971061e+01
   3.9917617e+01
   3.8827344e+01
   3.7714332e+01
   3.6593909e+01
   3.5482646e+01
   3.4398346e+01
   3.3360029e+01
   3.2387899e+01
   3.1503300e+01
   3.0728658e+01
   3.0087395e+01
   2.9603835e+01
   2.9303080e+01
   2.9210866e+01
   2.9353391e+01
   2.9757122e+01
   3.0448570e+01
   3.1454037e+01
   3.2799337e+01
   3.4509492e+01
   3.6608392e+01
   3.9118438e+01
   4.2060155e+01
   4.5451787e+01
   4.9308873e+01
   5.3643807e+01
   5.8465389e+01
   6.3778377e+01
   6.9583032e+01
   7.5874685e+01
   8.2643311e+01
   8.9873136e+01
   9.7542273e+01
   1.0562241e+02
   1.1407856e+02
   1.2286885e+02
   1.3194441e+02
   1.4124934e+02
   1.5072079e+02
   1.6028910e+02
   1.6987813e+02
   1.7940563e+02
   1.8878378e+02
   1.9791988e+02
   2.0671714e+02
   2.1507565e+02
   2.2289343e+02
   2.3006767e+02
   2.3649608e+02
   2.4207833e+02
   2.4671764e+02
   2.5032246e+02
   2.5280817e+02
   2.5409894e+02
   2.5412951e+02
   2.5284709e+02
   2.5021314e+02
   2.4620519e+02
   2.4081856e+02
   2.3406794e+02
   2.2598889e+02
   2.1663915e+02
   2.0609975e+02
   1.9447588e+02
   1.8189758e+02
   1.6852007e+02
   1.5452384e+02
   1.4011438e+02
   1.2552167e+02
   1.1099923e+02
   9.6822888e+01
   8.3289231e+01
   7.0713673e+01
   5.9428245e+01
   4.9779067e+01
   4.2123551e+01
   3.6827355e+01
   3.4261117e+01
   3.4797016e+01
   3.8805196e+01
   4.6650090e+01
   5.8686710e+01
   7.5256929e+01
   9.6685815e+01
   1.2327808e+02
   1.5531464e+02
   1.9304942e+02
   2.3670638e+02
   2.8647677e+02
   3.4251682e+02
   4.0494563e+02
   4.7384357e+02
   5.4925101e+02
   6.3116746e+02
   7.1955117e+02
   8.1431917e+02
   9.1534765e+02
   1.0224729e+03
   1.1354923e+03
   1.2541666e+03
   1.3782211e+03
   1.5073485e+03
   1.6412115e+03
   1.7794455e+03
   1.9216618e+03
   2.0674509e+03
   2.2163859e+03
   2.3680260e+03
   2.5219199e+03
   2.6776098e+03
   2.8346346e+03
   2.9925332e+03
   3.1508485e+03
   3.3091297e+03
   3.4669364e+03
   3.6238404e+03
   3.7794292e+03
   3.9333078e+03
   4.0851011e+03
   4.2344558e+03
   4.3810420e+03
   4.5245542e+03
   4.6647128e+03
   4.8012647e+03
   4.9339839e+03
   5.0626714e+03
   5.1871559e+03
   5.3072930e+03
   5.4229650e+03
   5.5340803e+03
   5.6405728e+03
   5.7424005e+03
   5.8395448e+03
   5.9320092e+03
   6.0198179e+03
   6.1030145e+03
   6.1816605e+03
   6.2558338e+03
   6.3256272e+03
   6.3911470e+03
   6.4525109e+03
   6.5098472e+03
   6.5632928e+03
   6.6129918e+03
   6.6590941e+03
   6.7017540e+03
   6.7411290e+03
   6.7773782e+03
   6.8106613e+03
   6.8411375e+03
   6.8689642e+03
   6.8942963e+03
   6.9172849e+03
   6.9380766e+03
   6.9568130e+03
   6.9736293e+03
   6.9886542e+03
   7.0020091e+03
   7.0138075e+03
   7.0241545e+03
   7.0331465e+03
   7.0408707e+03
   7.0474049e+03
   7.0528168e+03
   7.0571644e+03
   7.0604952e+03
   7.0628465e+03
   7.0642449e+03
   7.0647064e+03
