   2.5933393e+01
   2.5934098e+01
   2.5936207e+01
   2.5939716e+01
   2.5944615e+01
   2.5950891e+01
   2.5958528e+01
   2.5967504e+01
   2.5977795e+01
   2.5989375e+01
   2.6002210e+01
   2.6016267e+01
   2.6031507e+01
   2.6047887e+01
   2.6065361e+01
   2.6083882e+01
   2.6103395e+01
   2.6123844e+01
   2.6145172e+01
   2.6167314e+01
   2.6190206e+01
   2.6213777e+01
   2.6237957e+01
   2.6262670e+01
   2.6287838e+01
   2.6313381e+01
   2.6339215e+01
   2.6365254e+01
   2.6391409e+01
   2.6417590e+01
   2.6443702e+01
   2.6469652e+01
   2.6495340e+01
   2.6520669e+01
   2.6545536e+01
   2.6569839e+01
   2.6593474e+01
   2.6616335e+01
   2.6638317e+01
   2.6659310e+01
   2.6679208e+01
   2.6697901e+01
   2.6715279e+01
   2.6731235e+01
   2.6745657e+01
   2.6758438e+01
   2.6769468e+01
   2.6778639e+01
   2.6785843e+01
   2.6790976e+01
   2.6793931e+01
   2.6794605e+01
   2.6792897e+01
   2.6788707e+01
   2.6781938e+01
   2.6772494e+01
   2.6760283e+01
   2.6745216e+01
   2.6727205e+01
   2.6706169e+01
   2.6682026e+01
   2.6654701e+01
   2.6624123e+01
   2.6590222e+01
   2.6552936e+01
   2.6512205e+01
   2.6467974e+01
   2.6420194e+01
   2.6368821e+01
   2.6313813e+01
   2.6255138e+01
   2.6192765e+01
   2.6126671e+01
   2.6056839e+01
   2.5983255e+01
   2.5905913e+01
   2.5824813e+01
   2.5739958e+01
   2.5651360e+01
   2.5559035e+01
   2.5463006e+01
   2.5363302e+01
   2.5259955e+01
   2.5153007e+01
   2.5042502e+01
   2.4928493e+01
   2.4811036e+01
   2.4690192e+01
   2.4566031e+01
   2.4438624e+01
   2.4308050e+01
   2.4174391e+01
   2.4037735e+01
   2.3898174e+01
   2.3755805e+01
   2.3610728e+01
   2.3463048e+01
   2.3312874e+01
   2.3160318e+01
   2.3005495e+01
   2.2848524e+01
   2.2689526e+01
   2.2528625e+01
   2.2365948e+01
   2.2201622e+01
   2.2035779e+01
   2.1868550e+01
   2.1700069e+01
   2.1530470e+01
   2.1359889e+01
   2.1188462e+01
   2.1016324e+01
   2.0843613e+01
   2.0670466e+01
   2.0497017e+01
   2.0323403e+01
   2.0149759e+01
   1.9976219e+01
   1.9802915e+01
   1.9629980e+01
   1.9457542e+01
   1.9285730e+01
   1.9114670e+01
   1.8944487e+01
   1.8775303e+01
   1.8607238e+01
   1.8440409e+01
   1.8274931e+01
   1.8110917e+01
   1.7948476e+01
   1.7787715e+01
   1.7628737e+01
   1.7471644e+01
   1.7316533e+01
   1.7163500e+01
   1.7012636e+01
   1.6864030e+01
   1.6717768e+01
   1.6573932e+01
   1.6432602e+01
   1.6293853e+01
   1.6157759e+01
   1.6024391e+01
   1.5893815e+01
   1.5766096e+01
   1.5641294e+01
   1.5519469e+01
   1.5400675e+01
   1.5284966e+01
   1.5172392e+01
   1.5062999e+01
   1.4956833e+01
   1.4853937e+01
   1.4754349e+01
   1.4658108e+01
   1.4565249e+01
   1.4475805e+01
   1.4389808e+01
   1.4307285e+01
   1.4228265e+01
   1.4152773e+01
   1.4080832e+01
   1.4012463e+01
   1.3947688e+01
   1.3886524e+01
   1.3828989e+01
   1.3775098e+01
   1.3724866e+01
   1.3678306e+01
   1.3635429e+01
   1.3596247e+01
   1.3560768e+01
   1.3529002e+01
   1.3500956e+01
   1.3476637e+01
   1.3456049e+01
   1.3439198e+01
   1.3426088e+01
   1.3416721e+01
   1.3411099e+01
   1.3409224e+01
   1.3411097e+01
   1.3416716e+01
   1.3426080e+01
   1.3439188e+01
   1.3456036e+01
   1.3476621e+01
   1.3500937e+01
   1.3528981e+01
   1.3560744e+01
   1.3596220e+01
   1.3635399e+01
   1.3678273e+01
   1.3724831e+01
   1.3775060e+01
   1.3828948e+01
   1.3886481e+01
   1.3947642e+01
   1.4012414e+01
   1.4080780e+01
   1.4152718e+01
   1.4228208e+01
   1.4307225e+01
   1.4389744e+01
   1.4475739e+01
   1.4565180e+01
   1.4658036e+01
   1.4754274e+01
   1.4853858e+01
   1.4956752e+01
   1.5062915e+01
   1.5172305e+01
   1.5284876e+01
   1.5400582e+01
   1.5519373e+01
   1.5641195e+01
   1.5765994e+01
   1.5893710e+01
   1.6024283e+01
   1.6157648e+01
   1.6293739e+01
   1.6432484e+01
   1.6573812e+01
   1.6717645e+01
   1.6863904e+01
   1.7012507e+01
   1.7163368e+01
   1.7316398e+01
   1.7471506e+01
   1.7628596e+01
   1.7787571e+01
   1.7948329e+01
   1.8110768e+01
   1.8274779e+01
   1.8440254e+01
   1.8607080e+01
   1.8775142e+01
   1.8944324e+01
   1.9114504e+01
   1.9285561e+01
   1.9457370e+01
   1.9629806e+01
   1.9802739e+01
   1.9976041e+01
   2.0149578e+01
   2.0323220e+01
   2.0496832e+01
   2.0670278e+01
   2.0843424e+01
   2.1016132e+01
   2.1188268e+01
   2.1359694e+01
   2.1530273e+01
   2.1699870e+01
   2.1868350e+01
   2.2035577e+01
   2.2201419e+01
   2.2365743e+01
   2.2528419e+01
   2.2689319e+01
   2.2848316e+01
   2.3005286e+01
   2.3160108e+01
   2.3312664e+01
   2.3462837e+01
   2.3610516e+01
   2.3755593e+01
   2.3897962e+01
   2.4037522e+01
   2.4174178e+01
   2.4307837e+01
   2.4438412e+01
   2.4565819e+01
   2.4689981e+01
   2.4810825e+01
   2.4928283e+01
   2.5042293e+01
   2.5152798e+01
   2.5259747e+01
   2.5363095e+01
   2.5462800e+01
   2.5558831e+01
   2.5651156e+01
   2.5739756e+01
   2.5824612e+01
   2.5905715e+01
   2.5983058e+01
   2.6056644e+01
   2.6126478e+01
   2.6192573e+01
   2.6254948e+01
   2.6313626e+01
   2.6368635e+01
   2.6420011e+01
   2.6467794e+01
   2.6512026e+01
   2.6552760e+01
   2.6590049e+01
   2.6623952e+01
   2.6654533e+01
   2.6681860e+01
   2.6706006e+01
   2.6727045e+01
   2.6745058e+01
   2.6760128e+01
   2.6772342e+01
   2.6781789e+01
   2.6788561e+01
   2.6792754e+01
   2.6794465e+01
   2.6793793e+01
   2.6790841e+01
   2.6785712e+01
   2.6778510e+01
   2.6769342e+01
   2.6758316e+01
   2.6745538e+01
   2.6731118e+01
   2.6715166e+01
   2.6697790e+01
   2.6679100e+01
   2.6659206e+01
   2.6638215e+01
   2.6616237e+01
   2.6593378e+01
   2.6569746e+01
   2.6545446e+01
   2.6520582e+01
   2.6495256e+01
   2.6469571e+01
   2.6443624e+01
   2.6417514e+01
   2.6391336e+01
   2.6365184e+01
   2.6339148e+01
   2.6313317e+01
   2.6287777e+01
   2.6262612e+01
   2.6237901e+01
   2.6213724e+01
   2.6190155e+01
   2.6167266e+01
   2.6145127e+01
   2.6123802e+01
   2.6103354e+01
   2.6083844e+01
   2.6065326e+01
   2.6047854e+01
   2.6031477e+01
   2.6016240e+01
   2.6002185e+01
   2.5989352e+01
   2.5977775e+01
   2.5967486e+01
   2.5958513e+01
   2.5950879e+01
   2.5944606e+01
   2.5939709e+01
   2.5936203e+01
   2.5934095e+01
   2.5933393e+01
