   4.6625144e+04
   4.6617874e+04
   4.6596050e+04
   4.6559500e+04
   4.6507939e+04
   4.6440969e+04
   4.6358084e+04
   4.6258672e+04
   4.6142014e+04
   4.6007297e+04
   4.5853611e+04
   4.5679961e+04
   4.5485269e+04
   4.5268385e+04
   4.5028094e+04
   4.4763128e+04
   4.4472172e+04
   4.4153880e+04
   4.3806888e+04
   4.3429822e+04
   4.3021322e+04
   4.2580049e+04
   4.2104707e+04
   4.1594060e+04
   4.1046952e+04
   4.0462323e+04
   3.9839233e+04
   3.9176878e+04
   3.8474619e+04
   3.7731995e+04
   3.6948748e+04
   3.6124844e+04
   3.5260490e+04
   3.4356158e+04
   3.3412599e+04
   3.2430859e+04
   3.1412296e+04
   3.0358586e+04
   2.9271740e+04
   2.8154103e+04
   2.7008357e+04
   2.5837524e+04
   2.4644954e+04
   2.3434317e+04
   2.2209590e+04
   2.0975035e+04
   1.9735172e+04
   1.8494755e+04
   1.7258731e+04
   1.6032205e+04
   1.4820392e+04
   1.3628573e+04
   1.2462039e+04
   1.1326039e+04
   1.0225722e+04
   9.1660746e+03
   8.1518643e+03
   7.1875778e+03
   6.2773616e+03
   5.4249649e+03
   4.6336853e+03
   3.9063185e+03
   3.2451133e+03
   2.6517328e+03
   2.1272222e+03
   1.6719852e+03
   1.2857682e+03
   9.6765451e+02
   7.1606797e+02
   5.2878620e+02
   4.0296438e+02
   3.3516873e+02
   3.2141965e+02
   3.5724405e+02
   4.3773600e+02
   5.5762491e+02
   7.1135017e+02
   8.9314095e+02
   1.0970998e+03
   1.3172889e+03
   1.5478162e+03
   1.7829224e+03
   2.0170636e+03
   2.2449917e+03
   2.4618285e+03
   2.6631331e+03
   2.8449614e+03
   3.0039165e+03
   3.1371891e+03
   3.2425870e+03
   3.3185537e+03
   3.3641757e+03
   3.3791781e+03
   3.3639099e+03
   3.3193182e+03
   3.2469126e+03
   3.1487210e+03
   3.0272376e+03
   2.8853637e+03
   2.7263440e+03
   2.5536984e+03
   2.3711517e+03
   2.1825621e+03
   1.9918500e+03
   1.8029290e+03
   1.6196390e+03
   1.4456847e+03
   1.2845780e+03
   1.1395869e+03
   1.0136916e+03
   9.0954658e+02
   8.2945155e+02
   7.7532896e+02
   7.4870977e+02
   7.5072657e+02
   7.8211386e+02
   8.4321503e+02
   9.3399558e+02
   1.0540618e+03
   1.2026845e+03
   1.3788262e+03
   1.5811726e+03
   1.8081652e+03
   2.0580371e+03
   2.3288483e+03
   2.6185224e+03
   2.9248818e+03
   3.2456828e+03
   3.5786486e+03
   3.9215002e+03
   4.2719852e+03
   4.6279039e+03
   4.9871322e+03
   5.3476416e+03
   5.7075166e+03
   6.0649682e+03
   6.4183447e+03
   6.7661400e+03
   7.1069983e+03
   7.4397169e+03
   7.7632467e+03
   8.0766895e+03
   8.3792950e+03
   8.6704551e+03
   8.9496968e+03
   9.2166750e+03
   9.4711630e+03
   9.7130439e+03
   9.9423001e+03
   1.0159004e+04
   1.0363306e+04
   1.0555429e+04
   1.0735653e+04
   1.0904309e+04
   1.1061770e+04
   1.1208443e+04
   1.1344757e+04
   1.1471164e+04
   1.1588122e+04
   1.1696098e+04
   1.1795558e+04
   1.1886963e+04
   1.1970765e+04
   1.2047406e+04
   1.2117309e+04
   1.2180881e+04
   1.2238510e+04
   1.2290561e+04
   1.2337375e+04
   1.2379272e+04
   1.2416544e+04
   1.2449460e+04
   1.2478262e+04
   1.2503167e+04
   1.2524367e+04
   1.2542027e+04
   1.2556285e+04
   1.2567257e+04
   1.2575030e+04
   1.2579668e+04
   1.2581209e+04
   1.2579664e+04
   1.2575022e+04
   1.2567245e+04
   1.2556269e+04
   1.2542007e+04
   1.2524343e+04
   1.2503139e+04
   1.2478229e+04
   1.2449422e+04
   1.2416501e+04
   1.2379224e+04
   1.2337322e+04
   1.2290502e+04
   1.2238445e+04
   1.2180809e+04
   1.2117230e+04
   1.2047320e+04
   1.1970672e+04
   1.1886861e+04
   1.1795447e+04
   1.1695979e+04
   1.1587993e+04
   1.1471025e+04
   1.1344609e+04
   1.1208283e+04
   1.1061600e+04
   1.0904127e+04
   1.0735459e+04
   1.0555224e+04
   1.0363089e+04
   1.0158774e+04
   9.9420582e+03
   9.7127897e+03
   9.4708965e+03
   9.2163963e+03
   8.9494062e+03
   8.6701530e+03
   8.3789819e+03
   8.0763659e+03
   7.7629134e+03
   7.4393748e+03
   7.1066482e+03
   6.7657830e+03
   6.4179821e+03
   6.0646012e+03
   5.7071467e+03
   5.3472702e+03
   4.9867609e+03
   4.6275344e+03
   4.2716192e+03
   3.9211394e+03
   3.5782949e+03
   3.2453379e+03
   2.9245475e+03
   2.6182005e+03
   2.3285406e+03
   2.0577451e+03
   1.8078904e+03
   1.5809165e+03
   1.3785902e+03
   1.2024696e+03
   1.0538691e+03
   9.3382578e+02
   8.4306882e+02
   7.8199167e+02
   7.5062862e+02
   7.4863605e+02
   7.7527925e+02
   8.2942542e+02
   9.0954337e+02
   1.0137104e+03
   1.1396267e+03
   1.2846375e+03
   1.4457626e+03
   1.6197335e+03
   1.8030384e+03
   1.9919725e+03
   2.1826956e+03
   2.3712943e+03
   2.5538478e+03
   2.7264981e+03
   2.8855202e+03
   3.0273944e+03
   3.1488760e+03
   3.2470637e+03
   3.3194634e+03
   3.3640473e+03
   3.3793060e+03
   3.3642925e+03
   3.3186580e+03
   3.2426775e+03
   3.1372649e+03
   3.0039767e+03
   2.8450055e+03
   2.6631608e+03
   2.4618398e+03
   2.2449868e+03
   2.0170430e+03
   1.7828869e+03
   1.5477669e+03
   1.3172270e+03
   1.0970270e+03
   8.9305898e+02
   7.1126109e+02
   5.5753096e+02
   4.3763962e+02
   3.5714785e+02
   3.2132638e+02
   3.3508126e+02
   4.0288569e+02
   5.2871933e+02
   7.1601596e+02
   9.6762042e+02
   1.2857550e+03
   1.6719959e+03
   2.1272596e+03
   2.6517995e+03
   3.2452120e+03
   3.9064514e+03
   4.6338547e+03
   5.4251726e+03
   6.2776092e+03
   7.1878667e+03
   8.1521956e+03
   9.1664490e+03
   1.0226140e+04
   1.1326501e+04
   1.2462544e+04
   1.3629121e+04
   1.4820983e+04
   1.6032838e+04
   1.7259404e+04
   1.8495467e+04
   1.9735920e+04
   2.0975817e+04
   2.2210405e+04
   2.3435162e+04
   2.4645826e+04
   2.5838422e+04
   2.7009277e+04
   2.8155041e+04
   2.9272695e+04
   3.0359554e+04
   3.1413274e+04
   3.2431844e+04
   3.3413588e+04
   3.4357149e+04
   3.5261478e+04
   3.6125827e+04
   3.6949724e+04
   3.7732961e+04
   3.8475572e+04
   3.9177816e+04
   3.9840153e+04
   4.0463224e+04
   4.1047831e+04
   4.1594915e+04
   4.2105535e+04
   4.2580850e+04
   4.3022094e+04
   4.3430563e+04
   4.3807597e+04
   4.4154556e+04
   4.4472813e+04
   4.4763733e+04
   4.5028663e+04
   4.5268916e+04
   4.5485762e+04
   4.5680415e+04
   4.5854026e+04
   4.6007672e+04
   4.6142348e+04
   4.6258965e+04
   4.6358336e+04
   4.6441179e+04
   4.6508107e+04
   4.6559627e+04
   4.6596135e+04
   4.6617916e+04
   4.6625144e+04
