   5.3230394e+00
   5.3256627e+00
   5.3333128e+00
   5.3460184e+00
   5.3638265e+00
   5.3868030e+00
   5.4150318e+00
   5.4486148e+00
   5.4876717e+00
   5.5323392e+00
   5.5827711e+00
   5.6391369e+00
   5.7016221e+00
   5.7704266e+00
   5.8457646e+00
   5.9278634e+00
   6.0169622e+00
   6.1133114e+00
   6.2171713e+00
   6.3288106e+00
   6.4485053e+00
   6.5765372e+00
   6.7131919e+00
   6.8587576e+00
   7.0135230e+00
   7.1777754e+00
   7.3517989e+00
   7.5358718e+00
   7.7302651e+00
   7.9352394e+00
   8.1510431e+00
   8.3779097e+00
   8.6160552e+00
   8.8656757e+00
   9.1269449e+00
   9.4000110e+00
   9.6849943e+00
   9.9819847e+00
   1.0291039e+01
   1.0612178e+01
   1.0945383e+01
   1.1290598e+01
   1.1647720e+01
   1.2016603e+01
   1.2397053e+01
   1.2788826e+01
   1.3191627e+01
   1.3605109e+01
   1.4028871e+01
   1.4462456e+01
   1.4905353e+01
   1.5356994e+01
   1.5816753e+01
   1.6283951e+01
   1.6757850e+01
   1.7237659e+01
   1.7722534e+01
   1.8211578e+01
   1.8703842e+01
   1.9198333e+01
   1.9694010e+01
   2.0189791e+01
   2.0684556e+01
   2.1177150e+01
   2.1666386e+01
   2.2151052e+01
   2.2629916e+01
   2.3101726e+01
   2.3565222e+01
   2.4019137e+01
   2.4462204e+01
   2.4893161e+01
   2.5310760e+01
   2.5713769e+01
   2.6100980e+01
   2.6471216e+01
   2.6823334e+01
   2.7156234e+01
   2.7468864e+01
   2.7760224e+01
   2.8029373e+01
   2.8275434e+01
   2.8497598e+01
   2.8695129e+01
   2.8867369e+01
   2.9013738e+01
   2.9133743e+01
   2.9226978e+01
   2.9293123e+01
   2.9331951e+01
   2.9343328e+01
   2.9327213e+01
   2.9283656e+01
   2.9212803e+01
   2.9114889e+01
   2.8990244e+01
   2.8839283e+01
   2.8662510e+01
   2.8460513e+01
   2.8233958e+01
   2.7983590e+01
   2.7710225e+01
   2.7414750e+01
   2.7098112e+01
   2.6761318e+01
   2.6405426e+01
   2.6031543e+01
   2.5640815e+01
   2.5234427e+01
   2.4813589e+01
   2.4379538e+01
   2.3933525e+01
   2.3476815e+01
   2.3010677e+01
   2.2536379e+01
   2.2055184e+01
   2.1568342e+01
   2.1077087e+01
   2.0582631e+01
   2.0086160e+01
   1.9588826e+01
   1.9091748e+01
   1.8596008e+01
   1.8102641e+01
   1.7612640e+01
   1.7126949e+01
   1.6646461e+01
   1.6172017e+01
   1.5704404e+01
   1.5244355e+01
   1.4792545e+01
   1.4349595e+01
   1.3916067e+01
   1.3492468e+01
   1.3079250e+01
   1.2676807e+01
   1.2285483e+01
   1.1905566e+01
   1.1537295e+01
   1.1180859e+01
   1.0836398e+01
   1.0504009e+01
   1.0183746e+01
   9.8756192e+00
   9.5796044e+00
   9.2956395e+00
   9.0236300e+00
   8.7634509e+00
   8.5149495e+00
   8.2779480e+00
   8.0522462e+00
   7.8376240e+00
   7.6338441e+00
   7.4406548e+00
   7.2577918e+00
   7.0849813e+00
   6.9219416e+00
   6.7683860e+00
   6.6240246e+00
   6.4885662e+00
   6.3617204e+00
   6.2431993e+00
   6.1327194e+00
   6.0300030e+00
   5.9347797e+00
   5.8467879e+00
   5.7657760e+00
   5.6915034e+00
   5.6237421e+00
   5.5622771e+00
   5.5069076e+00
   5.4574478e+00
   5.4137275e+00
   5.3755928e+00
   5.3429066e+00
   5.3155493e+00
   5.2934187e+00
   5.2764311e+00
   5.2645209e+00
   5.2576411e+00
   5.2557634e+00
   5.2588785e+00
   5.2669956e+00
   5.2801430e+00
   5.2983676e+00
   5.3217348e+00
   5.3503283e+00
   5.3842500e+00
   5.4236195e+00
   5.4685736e+00
   5.5192658e+00
   5.5758661e+00
   5.6385599e+00
   5.7075477e+00
   5.7830437e+00
   5.8652757e+00
   5.9544833e+00
   6.0509176e+00
   6.1548394e+00
   6.2665182e+00
   6.3862306e+00
   6.5142593e+00
   6.6508909e+00
   6.7964146e+00
   6.9511203e+00
   7.1152964e+00
   7.2892283e+00
   7.4731959e+00
   7.6674714e+00
   7.8723172e+00
   8.0879833e+00
   8.3147052e+00
   8.5527007e+00
   8.8021680e+00
   9.0632828e+00
   9.3361955e+00
   9.6210290e+00
   9.9178754e+00
   1.0226794e+01
   1.0547808e+01
   1.0880903e+01
   1.1226024e+01
   1.1583071e+01
   1.1951902e+01
   1.2332325e+01
   1.2724099e+01
   1.3126933e+01
   1.3540483e+01
   1.3964351e+01
   1.4398084e+01
   1.4841173e+01
   1.5293053e+01
   1.5753103e+01
   1.6220645e+01
   1.6694945e+01
   1.7175217e+01
   1.7660617e+01
   1.8150251e+01
   1.8643175e+01
   1.9138398e+01
   1.9634880e+01
   2.0131543e+01
   2.0627269e+01
   2.1120904e+01
   2.1611263e+01
   2.2097137e+01
   2.2577293e+01
   2.3050482e+01
   2.3515444e+01
   2.3970912e+01
   2.4415620e+01
   2.4848307e+01
   2.5267723e+01
   2.5672637e+01
   2.6061838e+01
   2.6434149e+01
   2.6788426e+01
   2.7123567e+01
   2.7438516e+01
   2.7732273e+01
   2.8003893e+01
   2.8252496e+01
   2.8477269e+01
   2.8677474e+01
   2.8852447e+01
   2.9001606e+01
   2.9124452e+01
   2.9220574e+01
   2.9289649e+01
   2.9331445e+01
   2.9345821e+01
   2.9332731e+01
   2.9292220e+01
   2.9224428e+01
   2.9129586e+01
   2.9008015e+01
   2.8860128e+01
   2.8686420e+01
   2.8487474e+01
   2.8263952e+01
   2.8016592e+01
   2.7746205e+01
   2.7453671e+01
   2.7139933e+01
   2.6805992e+01
   2.6452901e+01
   2.6081763e+01
   2.5693720e+01
   2.5289950e+01
   2.4871661e+01
   2.4440084e+01
   2.3996469e+01
   2.3542076e+01
   2.3078170e+01
   2.2606019e+01
   2.2126880e+01
   2.1642004e+01
   2.1152622e+01
   2.0659943e+01
   2.0165152e+01
   1.9669403e+01
   1.9173812e+01
   1.8679459e+01
   1.8187382e+01
   1.7698573e+01
   1.7213976e+01
   1.6734486e+01
   1.6260944e+01
   1.5794139e+01
   1.5334804e+01
   1.4883618e+01
   1.4441201e+01
   1.4008120e+01
   1.3584883e+01
   1.3171945e+01
   1.2769702e+01
   1.2378501e+01
   1.1998633e+01
   1.1630340e+01
   1.1273813e+01
   1.0929198e+01
   1.0596592e+01
   1.0276053e+01
   9.9675966e+00
   9.6711996e+00
   9.3868041e+00
   9.1143189e+00
   8.8536221e+00
   8.6045645e+00
   8.3669713e+00
   8.1406456e+00
   7.9253705e+00
   7.7209118e+00
   7.5270206e+00
   7.3434358e+00
   7.1698862e+00
   7.0060931e+00
   6.8517723e+00
   6.7066366e+00
   6.5703972e+00
   6.4427662e+00
   6.3234580e+00
   6.2121913e+00
   6.1086904e+00
   6.0126870e+00
   5.9239213e+00
   5.8421435e+00
   5.7671149e+00
   5.6986089e+00
   5.6364120e+00
   5.5803250e+00
   5.5301633e+00
   5.4857579e+00
   5.4469560e+00
   5.4136218e+00
   5.3856364e+00
   5.3628987e+00
   5.3453257e+00
   5.3328526e+00
   5.3254330e+00
   5.3230394e+00
