   1.9238075e+03
   1.9237597e+03
   1.9236181e+03
   1.9233790e+03
   1.9230360e+03
   1.9225802e+03
   1.9220003e+03
   1.9212824e+03
   1.9204103e+03
   1.9193653e+03
   1.9181265e+03
   1.9166703e+03
   1.9149714e+03
   1.9130018e+03
   1.9107320e+03
   1.9081299e+03
   1.9051620e+03
   1.9017927e+03
   1.8979849e+03
   1.8937000e+03
   1.8888980e+03
   1.8835377e+03
   1.8775770e+03
   1.8709730e+03
   1.8636821e+03
   1.8556604e+03
   1.8468641e+03
   1.8372492e+03
   1.8267726e+03
   1.8153914e+03
   1.8030642e+03
   1.7897508e+03
   1.7754126e+03
   1.7600132e+03
   1.7435185e+03
   1.7258970e+03
   1.7071206e+03
   1.6871644e+03
   1.6660074e+03
   1.6436327e+03
   1.6200278e+03
   1.5951853e+03
   1.5691026e+03
   1.5417828e+03
   1.5132343e+03
   1.4834719e+03
   1.4525163e+03
   1.4203942e+03
   1.3871393e+03
   1.3527914e+03
   1.3173970e+03
   1.2810091e+03
   1.2436872e+03
   1.2054972e+03
   1.1665111e+03
   1.1268071e+03
   1.0864688e+03
   1.0455853e+03
   1.0042506e+03
   9.6256314e+02
   9.2062534e+02
   8.7854304e+02
   8.3642487e+02
   7.9438162e+02
   7.5252550e+02
   7.1096951e+02
   6.6982661e+02
   6.2920901e+02
   5.8922739e+02
   5.4999011e+02
   5.1160246e+02
   4.7416591e+02
   4.3777734e+02
   4.0252837e+02
   3.6850469e+02
   3.3578544e+02
   3.0444262e+02
   2.7454059e+02
   2.4613568e+02
   2.1927572e+02
   1.9399982e+02
   1.7033815e+02
   1.4831173e+02
   1.2793248e+02
   1.0920316e+02
   9.2117539e+01
   7.6660548e+01
   6.2808582e+01
   5.0529829e+01
   3.9784689e+01
   3.0526253e+01
   2.2700845e+01
   1.6248603e+01
   1.1104120e+01
   7.1971106e+00
   4.4531042e+00
   2.7941637e+00
   2.1396108e+00
   2.4067541e+00
   3.5116113e+00
   5.3696172e+00
   7.8963105e+00
   1.1007993e+01
   1.4622353e+01
   1.8659048e+01
   2.3040244e+01
   2.7691104e+01
   3.2540222e+01
   3.7520006e+01
   4.2567000e+01
   4.7622154e+01
   5.2631029e+01
   5.7543948e+01
   6.2316097e+01
   6.6907566e+01
   7.1283339e+01
   7.5413246e+01
   7.9271854e+01
   8.2838341e+01
   8.6096310e+01
   8.9033592e+01
   9.1642011e+01
   9.3917130e+01
   9.5857980e+01
   9.7466773e+01
   9.8748612e+01
   9.9711189e+01
   1.0036449e+02
   1.0072049e+02
   1.0079286e+02
   1.0059672e+02
   1.0014829e+02
   9.9464719e+01
   9.8563776e+01
   9.7463656e+01
   9.6182757e+01
   9.4739491e+01
   9.3152110e+01
   9.1438555e+01
   8.9616313e+01
   8.7702306e+01
   8.5712789e+01
   8.3663269e+01
   8.1568439e+01
   7.9442126e+01
   7.7297259e+01
   7.5145842e+01
   7.2998948e+01
   7.0866716e+01
   6.8758363e+01
   6.6682204e+01
   6.4645675e+01
   6.2655369e+01
   6.0717072e+01
   5.8835806e+01
   5.7015874e+01
   5.5260909e+01
   5.3573920e+01
   5.1957348e+01
   5.0413114e+01
   4.8942667e+01
   4.7547039e+01
   4.6226892e+01
   4.4982563e+01
   4.3814111e+01
   4.2721363e+01
   4.1703949e+01
   4.0761347e+01
   3.9892916e+01
   3.9097929e+01
   3.8375608e+01
   3.7725146e+01
   3.7145740e+01
   3.6636610e+01
   3.6197017e+01
   3.5826289e+01
   3.5523828e+01
   3.5289129e+01
   3.5121788e+01
   3.5021510e+01
   3.4988117e+01
   3.5021548e+01
   3.5121864e+01
   3.5289244e+01
   3.5523982e+01
   3.5826484e+01
   3.6197254e+01
   3.6636890e+01
   3.7146066e+01
   3.7725519e+01
   3.8376030e+01
   3.9098404e+01
   3.9893446e+01
   4.0761935e+01
   4.1704599e+01
   4.2722078e+01
   4.3814896e+01
   4.4983421e+01
   4.6227829e+01
   4.7548059e+01
   4.8943775e+01
   5.0414316e+01
   5.1958649e+01
   5.3575326e+01
   5.5262426e+01
   5.7017508e+01
   5.8837563e+01
   6.0718959e+01
   6.2657392e+01
   6.4647841e+01
   6.6684519e+01
   6.8760834e+01
   7.0869348e+01
   7.3001747e+01
   7.5148814e+01
   7.7300408e+01
   7.9445458e+01
   8.1571957e+01
   8.3666976e+01
   8.5716688e+01
   8.7706399e+01
   8.9620600e+01
   9.1443036e+01
   9.3156784e+01
   9.4744353e+01
   9.6187803e+01
   9.7468881e+01
   9.8569172e+01
   9.9470276e+01
   1.0015400e+02
   1.0060256e+02
   1.0079883e+02
   1.0072656e+02
   1.0037065e+02
   9.9717423e+01
   9.8754893e+01
   9.7473078e+01
   9.5864285e+01
   9.3923409e+01
   9.1648237e+01
   8.9039738e+01
   8.6102347e+01
   8.2844240e+01
   7.9277588e+01
   7.5418785e+01
   7.1288658e+01
   6.6912637e+01
   6.2320897e+01
   5.7548454e+01
   5.2635222e+01
   4.7626019e+01
   4.2570523e+01
   3.7523178e+01
   3.2543040e+01
   2.7693570e+01
   2.3042365e+01
   1.8660837e+01
   1.4623829e+01
   1.1009184e+01
   7.8972499e+00
   5.3703465e+00
   3.5121797e+00
   2.4072187e+00
   2.1400370e+00
   2.7946246e+00
   4.4536801e+00
   7.1978896e+00
   1.1105198e+01
   1.6250081e+01
   2.2702833e+01
   3.0528868e+01
   3.9788049e+01
   5.0534060e+01
   6.2813813e+01
   7.6666911e+01
   9.2125169e+01
   1.0921220e+02
   1.2794305e+02
   1.4832398e+02
   1.7035220e+02
   1.9401581e+02
   2.1929377e+02
   2.4615592e+02
   2.7456313e+02
   3.0446757e+02
   3.3581290e+02
   3.6853476e+02
   4.0256112e+02
   4.3781285e+02
   4.7420424e+02
   5.1164366e+02
   5.5003421e+02
   5.8927442e+02
   6.2925898e+02
   6.6987952e+02
   7.1102535e+02
   7.5258424e+02
   7.9444321e+02
   8.3648927e+02
   8.7861018e+02
   9.2069514e+02
   9.6263552e+02
   1.0043255e+03
   1.0456626e+03
   1.0865483e+03
   1.1268887e+03
   1.1665947e+03
   1.2055825e+03
   1.2437742e+03
   1.2810976e+03
   1.3174869e+03
   1.3528825e+03
   1.3872314e+03
   1.4204872e+03
   1.4526099e+03
   1.4835661e+03
   1.5133288e+03
   1.5418774e+03
   1.5691972e+03
   1.5952797e+03
   1.6201219e+03
   1.6437262e+03
   1.6661002e+03
   1.6872564e+03
   1.7072116e+03
   1.7259869e+03
   1.7436070e+03
   1.7601004e+03
   1.7754982e+03
   1.7898347e+03
   1.8031464e+03
   1.8154717e+03
   1.8268509e+03
   1.8373255e+03
   1.8469381e+03
   1.8557322e+03
   1.8637515e+03
   1.8710400e+03
   1.8776415e+03
   1.8835996e+03
   1.8889572e+03
   1.8937566e+03
   1.8980388e+03
   1.9018438e+03
   1.9052103e+03
   1.9081753e+03
   1.9107745e+03
   1.9130415e+03
   1.9150080e+03
   1.9167040e+03
   1.9181571e+03
   1.9193930e+03
   1.9204350e+03
   1.9213040e+03
   1.9220188e+03
   1.9225956e+03
   1.9230484e+03
   1.9233883e+03
   1.9236243e+03
   1.9237628e+03
   1.9238075e+03
