   7.1827342e+03
   7.1823695e+03
   7.1812839e+03
   7.1794562e+03
   7.1768513e+03
   7.1734202e+03
   7.1691001e+03
   7.1638147e+03
   7.1574742e+03
   7.1499760e+03
   7.1412046e+03
   7.1310322e+03
   7.1193192e+03
   7.1059147e+03
   7.0906571e+03
   7.0733749e+03
   7.0538872e+03
   7.0320049e+03
   7.0075316e+03
   6.9802643e+03
   6.9499951e+03
   6.9165124e+03
   6.8796018e+03
   6.8390482e+03
   6.7946370e+03
   6.7461561e+03
   6.6933976e+03
   6.6361598e+03
   6.5742489e+03
   6.5074818e+03
   6.4356874e+03
   6.3587095e+03
   6.2764089e+03
   6.1886653e+03
   6.0953803e+03
   5.9964791e+03
   5.8919127e+03
   5.7816607e+03
   5.6657323e+03
   5.5441692e+03
   5.4170466e+03
   5.2844751e+03
   5.1466018e+03
   5.0036114e+03
   4.8557268e+03
   4.7032097e+03
   4.5463603e+03
   4.3855171e+03
   4.2210561e+03
   4.0533898e+03
   3.8829651e+03
   3.7102615e+03
   3.5357887e+03
   3.3600831e+03
   3.1837052e+03
   3.0072350e+03
   2.8312681e+03
   2.6564113e+03
   2.4832775e+03
   2.3124809e+03
   2.1446310e+03
   1.9803281e+03
   1.8201569e+03
   1.6646814e+03
   1.5144393e+03
   1.3699367e+03
   1.2316428e+03
   1.0999854e+03
   9.7534630e+02
   8.5805711e+02
   7.4839606e+02
   6.4658495e+02
   5.5278685e+02
   4.6710451e+02
   3.8957942e+02
   3.2019163e+02
   2.5886030e+02
   2.0544497e+02
   1.5974760e+02
   1.2151526e+02
   9.0443522e+01
   6.6180456e+01
   4.8331196e+01
   3.6462988e+01
   3.0110650e+01
   2.8782376e+01
   3.1965774e+01
   3.9134054e+01
   4.9752279e+01
   6.3283568e+01
   7.9195180e+01
   9.6964365e+01
   1.1608392e+02
   1.3606738e+02
   1.5645369e+02
   1.7681149e+02
   1.9674272e+02
   2.1588571e+02
   2.3391760e+02
   2.5055614e+02
   2.6556089e+02
   2.7873370e+02
   2.8991865e+02
   2.9900136e+02
   3.0590782e+02
   3.1060263e+02
   3.1308683e+02
   3.1339539e+02
   3.1159427e+02
   3.0777732e+02
   3.0206289e+02
   2.9459037e+02
   2.8551664e+02
   2.7501250e+02
   2.6325916e+02
   2.5044482e+02
   2.3676142e+02
   2.2240157e+02
   2.0755569e+02
   1.9240942e+02
   1.7714132e+02
   1.6192082e+02
   1.4690654e+02
   1.3224482e+02
   1.1806864e+02
   1.0449680e+02
   9.1633354e+01
   7.9567360e+01
   6.8372847e+01
   5.8109011e+01
   4.8820616e+01
   4.0538568e+01
   3.3280641e+01
   2.7052323e+01
   2.1847767e+01
   1.7650808e+01
   1.4436038e+01
   1.2169902e+01
   1.0811809e+01
   1.0315224e+01
   1.0628746e+01
   1.1697131e+01
   1.3462278e+01
   1.5864143e+01
   1.8841590e+01
   2.2333165e+01
   2.6277793e+01
   3.0615396e+01
   3.5287427e+01
   4.0237334e+01
   4.5410937e+01
   5.0756734e+01
   5.6226145e+01
   6.1773682e+01
   6.7357058e+01
   7.2937253e+01
   7.8478518e+01
   8.3948341e+01
   8.9317381e+01
   9.4559357e+01
   9.9650923e+01
   1.0457151e+02
   1.0930318e+02
   1.1383039e+02
   1.1813987e+02
   1.2222037e+02
   1.2606251e+02
   1.2965854e+02
   1.3300220e+02
   1.3608847e+02
   1.3891346e+02
   1.4147418e+02
   1.4376844e+02
   1.4579467e+02
   1.4755180e+02
   1.4903915e+02
   1.5025631e+02
   1.5120306e+02
   1.5187932e+02
   1.5228507e+02
   1.5242030e+02
   1.5228501e+02
   1.5187922e+02
   1.5120290e+02
   1.5025609e+02
   1.4903888e+02
   1.4755148e+02
   1.4579429e+02
   1.4376800e+02
   1.4147368e+02
   1.3891290e+02
   1.3608786e+02
   1.3300152e+02
   1.2965780e+02
   1.2606170e+02
   1.2221950e+02
   1.1813893e+02
   1.1382938e+02
   1.0930210e+02
   1.0457037e+02
   9.9649715e+01
   9.4558084e+01
   8.9316044e+01
   8.3946943e+01
   7.8477062e+01
   7.2935744e+01
   6.7355502e+01
   6.1772086e+01
   5.6224518e+01
   5.0755087e+01
   4.5409282e+01
   4.0235687e+01
   3.5285804e+01
   3.0613817e+01
   2.6276281e+01
   2.2331744e+01
   1.8840289e+01
   1.5862993e+01
   1.3461315e+01
   1.1696393e+01
   1.0628275e+01
   1.0315067e+01
   1.0812015e+01
   1.2170524e+01
   1.4437131e+01
   1.7652432e+01
   2.1849982e+01
   2.7055194e+01
   3.3284232e+01
   4.0542947e+01
   4.8825850e+01
   5.8115167e+01
   6.8379992e+01
   7.9575558e+01
   9.1642666e+01
   1.0450729e+02
   1.1808035e+02
   1.3225780e+02
   1.4692082e+02
   1.6193644e+02
   1.7715828e+02
   1.9242774e+02
   2.0757536e+02
   2.2242258e+02
   2.3678372e+02
   2.5046836e+02
   2.6328388e+02
   2.7503831e+02
   2.8554343e+02
   2.9461803e+02
   3.0209128e+02
   3.0780630e+02
   3.1162367e+02
   3.1342503e+02
   3.1311652e+02
   3.1063217e+02
   3.0593702e+02
   2.9903000e+02
   2.8994652e+02
   2.7876062e+02
   2.6558666e+02
   2.5058057e+02
   2.3394053e+02
   2.1590701e+02
   1.9676226e+02
   1.7682919e+02
   1.5646950e+02
   1.3608128e+02
   1.1609596e+02
   9.6974599e+01
   7.9203742e+01
   6.3290635e+01
   4.9758082e+01
   3.9138878e+01
   3.1969960e+01
   2.8786322e+01
   3.0114806e+01
   3.6467859e+01
   4.8337336e+01
   6.6188464e+01
   9.0454043e+01
   1.2152898e+02
   1.5976523e+02
   2.0546724e+02
   2.5888798e+02
   3.2022549e+02
   3.8962025e+02
   4.6715308e+02
   5.5284393e+02
   6.4665129e+02
   7.4847239e+02
   8.5814412e+02
   9.7544465e+02
   1.1000957e+03
   1.2317656e+03
   1.3700724e+03
   1.5145885e+03
   1.6648444e+03
   1.8203339e+03
   1.9805194e+03
   2.1448367e+03
   2.3127009e+03
   2.4835120e+03
   2.6566600e+03
   2.8315309e+03
   3.0075116e+03
   3.1839953e+03
   3.3603862e+03
   3.5361042e+03
   3.7105890e+03
   3.8833039e+03
   4.0537393e+03
   4.2214155e+03
   4.3858855e+03
   4.5467370e+03
   4.7035938e+03
   4.8561175e+03
   5.0040077e+03
   5.1470028e+03
   5.2848798e+03
   5.4174541e+03
   5.5445785e+03
   5.6661425e+03
   5.7820708e+03
   5.8923219e+03
   5.9968863e+03
   6.0957848e+03
   6.1890662e+03
   6.2768053e+03
   6.3591007e+03
   6.4360725e+03
   6.5078601e+03
   6.5746197e+03
   6.6365223e+03
   6.6937513e+03
   6.7465004e+03
   6.7949713e+03
   6.8393719e+03
   6.8799145e+03
   6.9168136e+03
   6.9502844e+03
   6.9805411e+03
   7.0077957e+03
   7.0322560e+03
   7.0541249e+03
   7.0735990e+03
   7.0908673e+03
   7.1061107e+03
   7.1195009e+03
   7.1311993e+03
   7.1413570e+03
   7.1501136e+03
   7.1575968e+03
   7.1639222e+03
   7.1691924e+03
   7.1734972e+03
   7.1769130e+03
   7.1795025e+03
   7.1813148e+03
   7.1823850e+03
   7.1827342e+03
