   1.7651866e+04
   1.7650339e+04
   1.7645772e+04
   1.7638106e+04
   1.7627244e+04
   1.7613053e+04
   1.7595361e+04
   1.7573959e+04
   1.7548602e+04
   1.7519011e+04
   1.7484872e+04
   1.7445839e+04
   1.7401538e+04
   1.7351561e+04
   1.7295478e+04
   1.7232833e+04
   1.7163147e+04
   1.7085925e+04
   1.7000654e+04
   1.6906812e+04
   1.6803866e+04
   1.6691282e+04
   1.6568524e+04
   1.6435064e+04
   1.6290384e+04
   1.6133981e+04
   1.5965377e+04
   1.5784118e+04
   1.5589788e+04
   1.5382008e+04
   1.5160447e+04
   1.4924830e+04
   1.4674939e+04
   1.4410623e+04
   1.4131805e+04
   1.3838485e+04
   1.3530749e+04
   1.3208773e+04
   1.2872828e+04
   1.2523283e+04
   1.2160609e+04
   1.1785383e+04
   1.1398289e+04
   1.1000118e+04
   1.0591767e+04
   1.0174240e+04
   9.7486424e+03
   9.3161771e+03
   8.8781408e+03
   8.4359152e+03
   7.9909598e+03
   7.5448014e+03
   7.0990237e+03
   6.6552552e+03
   6.2151552e+03
   5.7804005e+03
   5.3526695e+03
   4.9336264e+03
   4.5249052e+03
   4.1280926e+03
   3.7447117e+03
   3.3762050e+03
   3.0239188e+03
   2.6890870e+03
   2.3728176e+03
   2.0760783e+03
   1.7996855e+03
   1.5442936e+03
   1.3103865e+03
   1.0982717e+03
   9.0807596e+02
   7.3974340e+02
   5.9303609e+02
   4.6753710e+02
   3.6265583e+02
   2.7763585e+02
   2.1156494e+02
   1.6338728e+02
   1.3191763e+02
   1.1585725e+02
   1.1381137e+02
   1.2430777e+02
   1.4581641e+02
   1.7676954e+02
   2.1558218e+02
   2.6067242e+02
   3.1048140e+02
   3.6349244e+02
   4.1824926e+02
   4.7337270e+02
   5.2757599e+02
   5.7967810e+02
   6.2861512e+02
   6.7344949e+02
   7.1337694e+02
   7.4773119e+02
   7.7598627e+02
   7.9775662e+02
   8.1279491e+02
   8.2098786e+02
   8.2235008e+02
   8.1701624e+02
   8.0523159e+02
   7.8734133e+02
   7.6377886e+02
   7.3505325e+02
   7.0173622e+02
   6.6444882e+02
   6.2384815e+02
   5.8061424e+02
   5.3543747e+02
   4.8900648e+02
   4.4199712e+02
   3.9506213e+02
   3.4882210e+02
   3.0385748e+02
   2.6070188e+02
   2.1983662e+02
   1.8168661e+02
   1.4661736e+02
   1.1493336e+02
   8.6877483e+01
   6.2631501e+01
   4.2317599e+01
   2.6000714e+01
   1.3691654e+01
   5.3508334e+00
   8.9253674e-01
   1.8956450e-01
   3.0781603e+00
   9.3630993e+00
   1.8822844e+01
   3.1214660e+01
   4.6279610e+01
   6.3747360e+01
   8.3340721e+01
   1.0477988e+02
   1.2778628e+02
   1.5208613e+02
   1.7741345e+02
   2.0351284e+02
   2.3014164e+02
   2.5707188e+02
   2.8409166e+02
   3.1100630e+02
   3.3763900e+02
   3.6383130e+02
   3.8944313e+02
   4.1435267e+02
   4.3845595e+02
   4.6166621e+02
   4.8391318e+02
   5.0514213e+02
   5.2531284e+02
   5.4439854e+02
   5.6238469e+02
   5.7926785e+02
   5.9505440e+02
   6.0975941e+02
   6.2340541e+02
   6.3602129e+02
   6.4764115e+02
   6.5830329e+02
   6.6804921e+02
   6.7692269e+02
   6.8496893e+02
   6.9223378e+02
   6.9876303e+02
   7.0460171e+02
   7.0979358e+02
   7.1438056e+02
   7.1840227e+02
   7.2189566e+02
   7.2489464e+02
   7.2742977e+02
   7.2952803e+02
   7.3121256e+02
   7.3250257e+02
   7.3341309e+02
   7.3395496e+02
   7.3413470e+02
   7.3395449e+02
   7.3341216e+02
   7.3250117e+02
   7.3121071e+02
   7.2952571e+02
   7.2742699e+02
   7.2489141e+02
   7.2189198e+02
   7.1839814e+02
   7.1437599e+02
   7.0978858e+02
   7.0459628e+02
   6.9875717e+02
   6.9222751e+02
   6.8496225e+02
   6.7691562e+02
   6.6804176e+02
   6.5829547e+02
   6.4763297e+02
   6.3601277e+02
   6.2339656e+02
   6.0975024e+02
   5.9504494e+02
   5.7925811e+02
   5.6237471e+02
   5.4438832e+02
   5.2530241e+02
   5.0513151e+02
   4.8390241e+02
   4.6165531e+02
   4.3844495e+02
   4.1434160e+02
   3.8943203e+02
   3.6382020e+02
   3.3762795e+02
   3.1099533e+02
   2.8408082e+02
   2.5706122e+02
   2.3013121e+02
   2.0350270e+02
   1.7740366e+02
   1.5207674e+02
   1.2777738e+02
   1.0477154e+02
   8.3333017e+01
   6.3740382e+01
   4.6273451e+01
   3.1209419e+01
   1.8818628e+01
   9.3600194e+00
   3.0763346e+00
   1.8911478e-01
   8.9359715e-01
   5.3535335e+00
   1.3696130e+01
   2.6007105e+01
   4.2326043e+01
   6.2642137e+01
   8.6890445e+01
   1.1494878e+02
   1.4663536e+02
   1.8170729e+02
   2.1986009e+02
   2.6072821e+02
   3.0388675e+02
   3.4885434e+02
   3.9509735e+02
   4.4203530e+02
   4.8904759e+02
   5.3548142e+02
   5.8066093e+02
   6.2389742e+02
   6.6450048e+02
   7.0179005e+02
   7.3510898e+02
   7.6383619e+02
   7.8739993e+02
   8.0529109e+02
   8.1707625e+02
   8.2241019e+02
   8.2104763e+02
   8.1285390e+02
   7.9781439e+02
   7.7604239e+02
   7.4778523e+02
   7.1342852e+02
   6.7349825e+02
   6.2866075e+02
   5.7972035e+02
   5.2761467e+02
   4.7340770e+02
   4.1828056e+02
   3.6352012e+02
   3.1050562e+02
   2.6069349e+02
   2.1560048e+02
   1.7678559e+02
   1.4583086e+02
   1.2432138e+02
   1.1382501e+02
   1.1587192e+02
   1.3193442e+02
   1.6340742e+02
   2.1158972e+02
   2.7766666e+02
   3.6269411e+02
   4.6758438e+02
   5.9309392e+02
   7.3981336e+02
   9.0815965e+02
   1.0983707e+03
   1.3105023e+03
   1.5444278e+03
   1.7998397e+03
   2.0762537e+03
   2.3730155e+03
   2.6893087e+03
   3.0241652e+03
   3.3764772e+03
   3.7450104e+03
   4.1284185e+03
   4.5252587e+03
   4.9340078e+03
   5.3530790e+03
   5.7808381e+03
   6.2156206e+03
   6.6557480e+03
   7.0995435e+03
   7.5453474e+03
   7.9915311e+03
   8.4365109e+03
   8.8787595e+03
   9.3168177e+03
   9.7493035e+03
   1.0174920e+04
   1.0592465e+04
   1.1000831e+04
   1.1399016e+04
   1.1786122e+04
   1.2161358e+04
   1.2524040e+04
   1.2873592e+04
   1.3209541e+04
   1.3531519e+04
   1.3839255e+04
   1.4132574e+04
   1.4411389e+04
   1.4675700e+04
   1.4925584e+04
   1.5161192e+04
   1.5382742e+04
   1.5590510e+04
   1.5784827e+04
   1.5966071e+04
   1.6134659e+04
   1.6291043e+04
   1.6435704e+04
   1.6569144e+04
   1.6691880e+04
   1.6804442e+04
   1.6907365e+04
   1.7001183e+04
   1.7086428e+04
   1.7163624e+04
   1.7233283e+04
   1.7295901e+04
   1.7351956e+04
   1.7401904e+04
   1.7446177e+04
   1.7485180e+04
   1.7519289e+04
   1.7548850e+04
   1.7574177e+04
   1.7595548e+04
   1.7613210e+04
   1.7627370e+04
   1.7638200e+04
   1.7645835e+04
   1.7650371e+04
   1.7651866e+04
