   1.0011455e+04
   1.0010603e+04
   1.0008050e+04
   1.0003773e+04
   9.9977346e+03
   9.9898803e+03
   9.9801417e+03
   9.9684360e+03
   9.9546655e+03
   9.9387190e+03
   9.9204717e+03
   9.8997859e+03
   9.8765118e+03
   9.8504880e+03
   9.8215424e+03
   9.7894928e+03
   9.7541487e+03
   9.7153112e+03
   9.6727753e+03
   9.6263305e+03
   9.5757623e+03
   9.5208537e+03
   9.4613869e+03
   9.3971451e+03
   9.3279136e+03
   9.2534827e+03
   9.1736487e+03
   9.0882166e+03
   8.9970019e+03
   8.8998327e+03
   8.7965522e+03
   8.6870207e+03
   8.5711181e+03
   8.4487458e+03
   8.3198292e+03
   8.1843198e+03
   8.0421973e+03
   7.8934716e+03
   7.7381848e+03
   7.5764125e+03
   7.4082659e+03
   7.2338928e+03
   7.0534789e+03
   6.8672482e+03
   6.6754641e+03
   6.4784291e+03
   6.2764852e+03
   6.0700127e+03
   5.8594302e+03
   5.6451926e+03
   5.4277897e+03
   5.2077442e+03
   4.9856091e+03
   4.7619650e+03
   4.5374164e+03
   4.3125887e+03
   4.0881236e+03
   3.8646752e+03
   3.6429052e+03
   3.4234780e+03
   3.2070559e+03
   2.9942939e+03
   2.7858342e+03
   2.5823010e+03
   2.3842955e+03
   2.1923903e+03
   2.0071249e+03
   1.8290005e+03
   1.6584758e+03
   1.4959627e+03
   1.3418228e+03
   1.1963642e+03
   1.0598384e+03
   9.3243867e+02
   8.1429828e+02
   7.0548952e+02
   6.0602355e+02
   5.1585075e+02
   4.3486175e+02
   3.6288912e+02
   2.9970969e+02
   2.4504745e+02
   1.9857701e+02
   1.5992756e+02
   1.2868733e+02
   1.0440839e+02
   8.6611791e+01
   7.4792994e+01
   6.8427441e+01
   6.6976246e+01
   6.9891907e+01
   7.6623970e+01
   8.6624563e+01
   9.9353730e+01
   1.1428450e+02
   1.3090764e+02
   1.4873600e+02
   1.6730842e+02
   1.8619327e+02
   2.0499130e+02
   2.2333815e+02
   2.4090622e+02
   2.5740605e+02
   2.7258709e+02
   2.8623806e+02
   2.9818671e+02
   3.0829914e+02
   3.1647868e+02
   3.2266437e+02
   3.2682908e+02
   3.2897729e+02
   3.2914264e+02
   3.2738526e+02
   3.2378893e+02
   3.1845813e+02
   3.1151504e+02
   3.0309651e+02
   2.9335107e+02
   2.8243600e+02
   2.7051453e+02
   2.5775317e+02
   2.4431919e+02
   2.3037829e+02
   2.1609254e+02
   2.0161846e+02
   1.8710541e+02
   1.7269413e+02
   1.5851560e+02
   1.4469010e+02
   1.3132649e+02
   1.1852170e+02
   1.0636047e+02
   9.4915237e+01
   8.4246196e+01
   7.4401553e+01
   6.5417882e+01
   5.7320620e+01
   5.0124654e+01
   4.3834999e+01
   3.8447532e+01
   3.3949782e+01
   3.0321742e+01
   2.7536708e+01
   2.5562113e+01
   2.4360354e+01
   2.3889604e+01
   2.4104587e+01
   2.4957323e+01
   2.6397822e+01
   2.8374744e+01
   3.0835989e+01
   3.3729246e+01
   3.7002486e+01
   4.0604388e+01
   4.4484725e+01
   4.8594683e+01
   5.2887138e+01
   5.7316876e+01
   6.1840772e+01
   6.6417924e+01
   7.1009745e+01
   7.5580024e+01
   8.0094952e+01
   8.4523122e+01
   8.8835502e+01
   9.3005388e+01
   9.7008346e+01
   1.0082213e+02
   1.0442660e+02
   1.0780364e+02
   1.1093702e+02
   1.1381235e+02
   1.1641696e+02
   1.1873979e+02
   1.2077132e+02
   1.2250348e+02
   1.2392958e+02
   1.2504423e+02
   1.2584330e+02
   1.2632388e+02
   1.2648422e+02
   1.2632376e+02
   1.2584306e+02
   1.2504388e+02
   1.2392911e+02
   1.2250290e+02
   1.2077063e+02
   1.1873899e+02
   1.1641605e+02
   1.1381134e+02
   1.1093590e+02
   1.0780242e+02
   1.0442529e+02
   1.0082073e+02
   9.7006856e+01
   9.3003818e+01
   8.8833858e+01
   8.4521412e+01
   8.0093183e+01
   7.5578206e+01
   7.1007887e+01
   6.6416039e+01
   6.1838872e+01
   5.7314974e+01
   5.2885249e+01
   4.8592824e+01
   4.4482913e+01
   4.0602643e+01
   3.7000828e+01
   3.3727699e+01
   3.0834575e+01
   2.8373490e+01
   2.6396755e+01
   2.4956471e+01
   2.4103983e+01
   2.3889278e+01
   2.4360341e+01
   2.5562447e+01
   2.7537426e+01
   3.0322880e+01
   3.3951378e+01
   3.8449626e+01
   4.3837627e+01
   5.0127856e+01
   5.7324434e+01
   6.5422346e+01
   7.4406703e+01
   8.4252066e+01
   9.4921859e+01
   1.0636788e+02
   1.1852991e+02
   1.3133553e+02
   1.4469999e+02
   1.5852635e+02
   1.7270575e+02
   1.8711790e+02
   2.0163182e+02
   2.1610675e+02
   2.3039333e+02
   2.4433504e+02
   2.5776979e+02
   2.7053187e+02
   2.8245400e+02
   2.9336968e+02
   3.0311566e+02
   3.1153465e+02
   3.1847811e+02
   3.2380918e+02
   3.2740569e+02
   3.2916314e+02
   3.2899775e+02
   3.2684939e+02
   3.2268442e+02
   3.1649834e+02
   3.0831831e+02
   2.9820528e+02
   2.8625592e+02
   2.7260415e+02
   2.5742222e+02
   2.4092144e+02
   2.2335235e+02
   2.0500444e+02
   1.8620533e+02
   1.6731942e+02
   1.4874593e+02
   1.3091658e+02
   1.1429251e+02
   9.9360918e+01
   8.6631062e+01
   7.6629944e+01
   6.9897552e+01
   6.6981789e+01
   6.8433138e+01
   7.4799133e+01
   8.6618688e+01
   1.0441639e+02
   1.2869681e+02
   1.5993891e+02
   1.9859064e+02
   2.4506381e+02
   2.9972922e+02
   3.6291228e+02
   4.3488902e+02
   5.1588261e+02
   6.0606048e+02
   7.0553198e+02
   8.1434674e+02
   9.3249360e+02
   1.0599002e+03
   1.1964333e+03
   1.3418997e+03
   1.4960476e+03
   1.6585691e+03
   1.8291026e+03
   2.0072359e+03
   2.1925105e+03
   2.3844250e+03
   2.5824400e+03
   2.7859828e+03
   2.9944521e+03
   3.2072237e+03
   3.4236553e+03
   3.6430919e+03
   3.8648712e+03
   4.0883287e+03
   4.3128026e+03
   4.5376388e+03
   4.7621956e+03
   4.9858476e+03
   5.2079901e+03
   5.4280425e+03
   5.6454519e+03
   5.8596955e+03
   6.0702835e+03
   6.2767608e+03
   6.4787090e+03
   6.6757477e+03
   6.8675350e+03
   7.0537682e+03
   7.2341841e+03
   7.4085585e+03
   7.5767057e+03
   7.7384781e+03
   7.8937644e+03
   8.0424890e+03
   8.1846097e+03
   8.3201168e+03
   8.4490306e+03
   8.5713995e+03
   8.6872982e+03
   8.7968252e+03
   8.9001008e+03
   8.9972646e+03
   9.0884735e+03
   9.1738993e+03
   9.2537266e+03
   9.3281504e+03
   9.3973744e+03
   9.4616085e+03
   9.5210671e+03
   9.5759673e+03
   9.6265268e+03
   9.6729627e+03
   9.7154894e+03
   9.7543174e+03
   9.7896520e+03
   9.8216916e+03
   9.8506273e+03
   9.8766410e+03
   9.8999048e+03
   9.9205801e+03
   9.9388169e+03
   9.9547527e+03
   9.9685125e+03
   9.9802075e+03
   9.9899351e+03
   9.9977786e+03
   1.0003806e+04
   1.0008072e+04
   1.0010614e+04
   1.0011455e+04
