   1.0456007e+05
   1.0452102e+05
   1.0440380e+05
   1.0420803e+05
   1.0393311e+05
   1.0357816e+05
   1.0314211e+05
   1.0262369e+05
   1.0202143e+05
   1.0133373e+05
   1.0055886e+05
   9.9694979e+04
   9.8740228e+04
   9.7692723e+04
   9.6550621e+04
   9.5312163e+04
   9.3975732e+04
   9.2539901e+04
   9.1003495e+04
   8.9365647e+04
   8.7625862e+04
   8.5784072e+04
   8.3840702e+04
   8.1796725e+04
   7.9653721e+04
   7.7413932e+04
   7.5080308e+04
   7.2656556e+04
   7.0147174e+04
   6.7557479e+04
   6.4893633e+04
   6.2162644e+04
   5.9372374e+04
   5.6531515e+04
   5.3649566e+04
   5.0736790e+04
   4.7804152e+04
   4.4863252e+04
   4.1926230e+04
   3.9005670e+04
   3.6114473e+04
   3.3265736e+04
   3.0472599e+04
   2.7748101e+04
   2.5105010e+04
   2.2555662e+04
   2.0111788e+04
   1.7784348e+04
   1.5583363e+04
   1.3517756e+04
   1.1595209e+04
   9.8220262e+03
   8.2030218e+03
   6.7414264e+03
   5.4388180e+03
   4.2950803e+03
   3.3083893e+03
   2.4752313e+03
   1.7904511e+03
   1.2473319e+03
   8.3770569e+02
   5.5209217e+02
   3.7986429e+02
   3.0943721e+02
   3.2847662e+02
   4.2412208e+02
   5.8322034e+02
   7.9256346e+02
   1.0391257e+03
   1.3102941e+03
   1.5940860e+03
   1.8793503e+03
   2.1559448e+03
   2.4148879e+03
   2.6484797e+03
   2.8503898e+03
   3.0157113e+03
   3.1409787e+03
   3.2241509e+03
   3.2645609e+03
   3.2628339e+03
   3.2207768e+03
   3.1412445e+03
   3.0279855e+03
   2.8854736e+03
   2.7187306e+03
   2.5331445e+03
   2.3342901e+03
   2.1277563e+03
   1.9189843e+03
   1.7131219e+03
   1.5148965e+03
   1.3285102e+03
   1.1575574e+03
   1.0049672e+03
   8.7297066e+02
   7.6309095e+02
   6.7615602e+02
   6.1233146e+02
   5.7117071e+02
   5.5167976e+02
   5.5239297e+02
   5.7145661e+02
   6.0671689e+02
   6.5580890e+02
   7.1624375e+02
   7.8549111e+02
   8.6105484e+02
   9.4053997e+02
   1.0217097e+03
   1.1025313e+03
   1.1812115e+03
   1.2562199e+03
   1.3263019e+03
   1.3904824e+03
   1.4480599e+03
   1.4985935e+03
   1.5418836e+03
   1.5779476e+03
   1.6069934e+03
   1.6293894e+03
   1.6456352e+03
   1.6563322e+03
   1.6621558e+03
   1.6638293e+03
   1.6621015e+03
   1.6577264e+03
   1.6514466e+03
   1.6439803e+03
   1.6360109e+03
   1.6281800e+03
   1.6210828e+03
   1.6152659e+03
   1.6112267e+03
   1.6094145e+03
   1.6102325e+03
   1.6140402e+03
   1.6211564e+03
   1.6318617e+03
   1.6464014e+03
   1.6649873e+03
   1.6877993e+03
   1.7149863e+03
   1.7466666e+03
   1.7829275e+03
   1.8238242e+03
   1.8693793e+03
   1.9195808e+03
   1.9743806e+03
   2.0336929e+03
   2.0973927e+03
   2.1653148e+03
   2.2372525e+03
   2.3129573e+03
   2.3921394e+03
   2.4744678e+03
   2.5595719e+03
   2.6470435e+03
   2.7364391e+03
   2.8272829e+03
   2.9190708e+03
   3.0112742e+03
   3.1033445e+03
   3.1947183e+03
   3.2848220e+03
   3.3730779e+03
   3.4589086e+03
   3.5417435e+03
   3.6210237e+03
   3.6962074e+03
   3.7667750e+03
   3.8322342e+03
   3.8921248e+03
   3.9460224e+03
   3.9935433e+03
   4.0343472e+03
   4.0681407e+03
   4.0946802e+03
   4.1137738e+03
   4.1252833e+03
   4.1291251e+03
   4.1252714e+03
   4.1137502e+03
   4.0946450e+03
   4.0680941e+03
   4.0342897e+03
   3.9934753e+03
   3.9459445e+03
   3.8920374e+03
   3.8321382e+03
   3.7666709e+03
   3.6960962e+03
   3.6209062e+03
   3.5416206e+03
   3.4587811e+03
   3.3729467e+03
   3.2846882e+03
   3.1945827e+03
   3.1032081e+03
   3.0111379e+03
   2.9189355e+03
   2.8271494e+03
   2.7363082e+03
   2.6469159e+03
   2.5594482e+03
   2.4743486e+03
   2.3920251e+03
   2.3128483e+03
   2.2371489e+03
   2.1652167e+03
   2.0973001e+03
   2.0336055e+03
   1.9742982e+03
   1.9195029e+03
   1.8693052e+03
   1.8237532e+03
   1.7828586e+03
   1.7465988e+03
   1.7149184e+03
   1.6877300e+03
   1.6649151e+03
   1.6463250e+03
   1.6317794e+03
   1.6210667e+03
   1.6139415e+03
   1.6101231e+03
   1.6092928e+03
   1.6110912e+03
   1.6151152e+03
   1.6209155e+03
   1.6279950e+03
   1.6358071e+03
   1.6437570e+03
   1.6512032e+03
   1.6574626e+03
   1.6618172e+03
   1.6635247e+03
   1.6618312e+03
   1.6559885e+03
   1.6452733e+03
   1.6290105e+03
   1.6065991e+03
   1.5775395e+03
   1.5414635e+03
   1.4981635e+03
   1.4476221e+03
   1.3900389e+03
   1.3258549e+03
   1.2557715e+03
   1.1807640e+03
   1.1020865e+03
   1.0212694e+03
   9.4010605e+02
   8.6062869e+02
   7.8507398e+02
   7.1583665e+02
   6.5541263e+02
   6.0633200e+02
   5.7108343e+02
   5.5203161e+02
   5.5133018e+02
   5.7083269e+02
   6.1200467e+02
   6.7584004e+02
   7.6278532e+02
   8.7267489e+02
   1.0046808e+03
   1.1572799e+03
   1.3282414e+03
   1.5146360e+03
   1.7128695e+03
   1.9187400e+03
   2.1275200e+03
   2.3340619e+03
   2.5329244e+03
   2.7185188e+03
   2.8852701e+03
   3.0277904e+03
   3.1410577e+03
   3.2205981e+03
   3.2626629e+03
   3.2643972e+03
   3.2239936e+03
   3.1408268e+03
   3.0155637e+03
   2.8502448e+03
   2.6483357e+03
   2.4147431e+03
   2.1557970e+03
   1.8791974e+03
   1.5939257e+03
   1.3101242e+03
   1.0389441e+03
   7.9236800e+02
   5.8300927e+02
   4.2389384e+02
   3.2823000e+02
   3.0917136e+02
   3.7957882e+02
   5.5178720e+02
   8.3738190e+02
   1.2469905e+03
   1.7900939e+03
   2.4748606e+03
   3.3080080e+03
   4.2946917e+03
   5.4384259e+03
   6.7410350e+03
   8.2026357e+03
   9.8216502e+03
   1.1594848e+04
   1.3517416e+04
   1.5583048e+04
   1.7784063e+04
   2.0111538e+04
   2.2555451e+04
   2.5104844e+04
   2.7747983e+04
   3.0472534e+04
   3.3265725e+04
   3.6114520e+04
   3.9005775e+04
   4.1926397e+04
   4.4863480e+04
   4.7804442e+04
   5.0737140e+04
   5.3649977e+04
   5.6531984e+04
   5.9372899e+04
   6.2163222e+04
   6.4894261e+04
   6.7558154e+04
   7.0147891e+04
   7.2657311e+04
   7.5081096e+04
   7.7414747e+04
   7.9654559e+04
   8.1797580e+04
   8.3841569e+04
   8.5784946e+04
   8.7626736e+04
   8.9366517e+04
   9.1004354e+04
   9.2540745e+04
   9.3976555e+04
   9.5312961e+04
   9.6551389e+04
   9.7693456e+04
   9.8740922e+04
   9.9695629e+04
   1.0055946e+05
   1.0133429e+05
   1.0202193e+05
   1.0262413e+05
   1.0314249e+05
   1.0357848e+05
   1.0393337e+05
   1.0420823e+05
   1.0440393e+05
   1.0452108e+05
   1.0456007e+05
