   2.7342242e+03
   2.7340949e+03
   2.7337076e+03
   2.7330585e+03
   2.7321408e+03
   2.7309456e+03
   2.7294611e+03
   2.7276730e+03
   2.7255647e+03
   2.7231170e+03
   2.7203082e+03
   2.7171146e+03
   2.7135100e+03
   2.7094662e+03
   2.7049527e+03
   2.6999374e+03
   2.6943860e+03
   2.6882627e+03
   2.6815302e+03
   2.6741495e+03
   2.6660805e+03
   2.6572822e+03
   2.6477124e+03
   2.6373284e+03
   2.6260870e+03
   2.6139447e+03
   2.6008581e+03
   2.5867839e+03
   2.5716796e+03
   2.5555031e+03
   2.5382138e+03
   2.5197722e+03
   2.5001406e+03
   2.4792831e+03
   2.4571665e+03
   2.4337597e+03
   2.4090351e+03
   2.3829679e+03
   2.3555371e+03
   2.3267257e+03
   2.2965206e+03
   2.2649134e+03
   2.2319004e+03
   2.1974830e+03
   2.1616678e+03
   2.1244668e+03
   2.0858978e+03
   2.0459845e+03
   2.0047566e+03
   1.9622497e+03
   1.9185058e+03
   1.8735729e+03
   1.8275052e+03
   1.7803632e+03
   1.7322133e+03
   1.6831277e+03
   1.6331844e+03
   1.5824669e+03
   1.5310636e+03
   1.4790681e+03
   1.4265783e+03
   1.3736960e+03
   1.3205269e+03
   1.2671796e+03
   1.2137653e+03
   1.1603972e+03
   1.1071900e+03
   1.0542591e+03
   1.0017201e+03
   9.4968808e+02
   8.9827714e+02
   8.4759945e+02
   7.9776477e+02
   7.4887981e+02
   7.0104752e+02
   6.5436656e+02
   6.0893066e+02
   5.6482812e+02
   5.2214125e+02
   4.8094594e+02
   4.4131121e+02
   4.0329885e+02
   3.6696310e+02
   3.3235040e+02
   2.9949916e+02
   2.6843965e+02
   2.3919393e+02
   2.1177579e+02
   1.8619084e+02
   1.6243663e+02
   1.4050276e+02
   1.2037117e+02
   1.0201640e+02
   8.5405900e+01
   7.0500447e+01
   5.7254541e+01
   4.5616874e+01
   3.5530824e+01
   2.6934970e+01
   1.9763637e+01
   1.3947453e+01
   9.4139154e+00
   6.0879624e+00
   3.8925465e+00
   2.7491987e+00
   2.5785827e+00
   3.3010325e+00
   4.8370705e+00
   7.1079004e+00
   1.0035872e+01
   1.3544917e+01
   1.7560947e+01
   2.2012218e+01
   2.6829662e+01
   3.1947169e+01
   3.7301840e+01
   4.2834197e+01
   4.8488351e+01
   5.4212134e+01
   5.9957198e+01
   6.5679066e+01
   7.1337161e+01
   7.6894798e+01
   8.2319141e+01
   8.7581141e+01
   9.2655442e+01
   9.7520266e+01
   1.0215728e+02
   1.0655145e+02
   1.1069087e+02
   1.1456657e+02
   1.1817235e+02
   1.2150460e+02
   1.2456205e+02
   1.2734563e+02
   1.2985822e+02
   1.3210447e+02
   1.3409064e+02
   1.3582435e+02
   1.3731441e+02
   1.3857070e+02
   1.3960393e+02
   1.4042550e+02
   1.4104739e+02
   1.4148197e+02
   1.4174190e+02
   1.4184002e+02
   1.4178921e+02
   1.4160231e+02
   1.4129206e+02
   1.4087097e+02
   1.4035130e+02
   1.3974499e+02
   1.3906360e+02
   1.3831829e+02
   1.3751976e+02
   1.3667825e+02
   1.3580351e+02
   1.3490479e+02
   1.3399084e+02
   1.3306988e+02
   1.3214965e+02
   1.3123735e+02
   1.3033972e+02
   1.2946298e+02
   1.2861291e+02
   1.2779481e+02
   1.2701354e+02
   1.2627353e+02
   1.2557881e+02
   1.2493301e+02
   1.2433937e+02
   1.2380079e+02
   1.2331980e+02
   1.2289861e+02
   1.2253911e+02
   1.2224286e+02
   1.2201115e+02
   1.2184496e+02
   1.2174498e+02
   1.2171163e+02
   1.2174504e+02
   1.2184509e+02
   1.2201135e+02
   1.2224313e+02
   1.2253945e+02
   1.2289902e+02
   1.2332028e+02
   1.2380133e+02
   1.2433998e+02
   1.2493369e+02
   1.2557957e+02
   1.2627436e+02
   1.2701444e+02
   1.2779578e+02
   1.2861396e+02
   1.2946411e+02
   1.3034092e+02
   1.3123863e+02
   1.3215100e+02
   1.3307131e+02
   1.3399234e+02
   1.3490638e+02
   1.3580517e+02
   1.3667999e+02
   1.3752158e+02
   1.3832019e+02
   1.3906558e+02
   1.3974705e+02
   1.4035343e+02
   1.4087317e+02
   1.4129433e+02
   1.4160466e+02
   1.4179162e+02
   1.4184250e+02
   1.4174444e+02
   1.4148456e+02
   1.4105003e+02
   1.4042819e+02
   1.3960666e+02
   1.3857348e+02
   1.3731722e+02
   1.3582717e+02
   1.3409348e+02
   1.3210732e+02
   1.2986106e+02
   1.2734847e+02
   1.2456487e+02
   1.2150739e+02
   1.1817511e+02
   1.1456927e+02
   1.1069352e+02
   1.0655404e+02
   1.0215979e+02
   9.7522688e+01
   9.2657769e+01
   8.7583365e+01
   8.2321253e+01
   7.6896791e+01
   7.1339029e+01
   6.5680802e+01
   5.9958799e+01
   5.4213598e+01
   4.8489676e+01
   4.2835384e+01
   3.7302891e+01
   3.1948089e+01
   2.6830457e+01
   2.2012898e+01
   1.7561523e+01
   1.3545405e+01
   1.0036289e+01
   7.1082660e+00
   4.8374083e+00
   3.3013690e+00
   2.5789477e+00
   2.7496253e+00
   3.8930707e+00
   6.0886234e+00
   9.4147555e+00
   1.3948518e+01
   1.9764974e+01
   2.6936631e+01
   3.5532863e+01
   4.5619347e+01
   5.7257506e+01
   7.0503965e+01
   8.5410033e+01
   1.0202121e+02
   1.2037672e+02
   1.4050912e+02
   1.6244386e+02
   1.8619901e+02
   2.1178496e+02
   2.3920417e+02
   2.6845102e+02
   2.9951172e+02
   3.3236421e+02
   3.6697821e+02
   4.0331532e+02
   4.4132909e+02
   4.8096527e+02
   5.2216207e+02
   5.6485047e+02
   6.0895458e+02
   6.5439206e+02
   7.0107463e+02
   7.4890855e+02
   7.9779515e+02
   8.4763146e+02
   8.9831080e+02
   9.4972337e+02
   1.0017570e+03
   1.0542976e+03
   1.1072301e+03
   1.1604389e+03
   1.2138085e+03
   1.2672242e+03
   1.3205730e+03
   1.3737434e+03
   1.4266270e+03
   1.4791181e+03
   1.5311147e+03
   1.5825191e+03
   1.6332377e+03
   1.6831819e+03
   1.7322683e+03
   1.7804191e+03
   1.8275617e+03
   1.8736300e+03
   1.9185634e+03
   1.9623078e+03
   2.0048150e+03
   2.0460432e+03
   2.0859566e+03
   2.1245256e+03
   2.1617266e+03
   2.1975417e+03
   2.2319589e+03
   2.2649716e+03
   2.2965784e+03
   2.3267830e+03
   2.3555939e+03
   2.3830240e+03
   2.4090905e+03
   2.4338143e+03
   2.4572202e+03
   2.4793360e+03
   2.5001924e+03
   2.5198230e+03
   2.5382635e+03
   2.5555516e+03
   2.5717268e+03
   2.5868298e+03
   2.6009026e+03
   2.6139879e+03
   2.6261287e+03
   2.6373687e+03
   2.6477512e+03
   2.6573194e+03
   2.6661162e+03
   2.6741835e+03
   2.6815626e+03
   2.6882935e+03
   2.6944150e+03
   2.6999647e+03
   2.7049783e+03
   2.7094900e+03
   2.7135321e+03
   2.7171349e+03
   2.7203267e+03
   2.7231336e+03
   2.7255795e+03
   2.7276860e+03
   2.7294722e+03
   2.7309549e+03
   2.7321483e+03
   2.7330641e+03
   2.7337114e+03
   2.7340968e+03
   2.7342242e+03
