   8.5378195e+04
   8.5353978e+04
   8.5281398e+04
   8.5160146e+04
   8.4989711e+04
   8.4769383e+04
   8.4498264e+04
   8.4175277e+04
   8.3799177e+04
   8.3368569e+04
   8.2881919e+04
   8.2337583e+04
   8.1733818e+04
   8.1068815e+04
   8.0340723e+04
   7.9547675e+04
   7.8687824e+04
   7.7759375e+04
   7.6760621e+04
   7.5689979e+04
   7.4546035e+04
   7.3327577e+04
   7.2033644e+04
   7.0663567e+04
   6.9217011e+04
   6.7694016e+04
   6.6095046e+04
   6.4421023e+04
   6.2673368e+04
   6.0854038e+04
   5.8965556e+04
   5.7011037e+04
   5.4994217e+04
   5.2919460e+04
   5.0791774e+04
   4.8616806e+04
   4.6400841e+04
   4.4150779e+04
   4.1874111e+04
   3.9578884e+04
   3.7273648e+04
   3.4967400e+04
   3.2669518e+04
   3.0389674e+04
   2.8137751e+04
   2.5923741e+04
   2.3757636e+04
   2.1649318e+04
   1.9608436e+04
   1.7644285e+04
   1.5765679e+04
   1.3980828e+04
   1.2297218e+04
   1.0721488e+04
   9.2593292e+03
   7.9153813e+03
   6.6931484e+03
   5.5949278e+03
   4.6217562e+03
   3.7733756e+03
   3.0482185e+03
   2.4434164e+03
   1.9548297e+03
   1.5771015e+03
   1.3037328e+03
   1.1271805e+03
   1.0389757e+03
   1.0298600e+03
   1.0899387e+03
   1.2088468e+03
   1.3759258e+03
   1.5804054e+03
   1.8115898e+03
   2.0590404e+03
   2.3127541e+03
   2.5633313e+03
   2.8021307e+03
   3.0214062e+03
   3.2144240e+03
   3.3755562e+03
   3.5003491e+03
   3.5855646e+03
   3.6291942e+03
   3.6304449e+03
   3.5896983e+03
   3.5084440e+03
   3.3891890e+03
   3.2353465e+03
   3.0511066e+03
   2.8412930e+03
   2.6112093e+03
   2.3664798e+03
   2.1128880e+03
   1.8562181e+03
   1.6021028e+03
   1.3558818e+03
   1.1224738e+03
   9.0626517e+02
   7.1101830e+02
   5.3979973e+02
   3.9493102e+02
   2.7796148e+02
   1.8966320e+02
   1.3004727e+02
   9.8399872e+01
   9.3336378e+01
   1.1287098e+02
   1.5449937e+02
   2.1529143e+02
   2.9199104e+02
   3.8111961e+02
   4.7908060e+02
   5.8226204e+02
   6.8713429e+02
   7.9034073e+02
   8.8877932e+02
   9.7967333e+02
   1.0606300e+03
   1.1296861e+03
   1.1853407e+03
   1.2265733e+03
   1.2528504e+03
   1.2641184e+03
   1.2607858e+03
   1.2436944e+03
   1.2140824e+03
   1.1735394e+03
   1.1239560e+03
   1.0674690e+03
   1.0064044e+03
   9.4321866e+02
   8.8044125e+02
   8.2061827e+02
   7.6625926e+02
   7.1978782e+02
   6.8349698e+02
   6.5950984e+02
   6.4974599e+02
   6.5589401e+02
   6.7939003e+02
   7.2140239e+02
   7.8282222e+02
   8.6425955e+02
   9.6604460e+02
   1.0882338e+03
   1.2306199e+03
   1.3927458e+03
   1.5739214e+03
   1.7732423e+03
   1.9896115e+03
   2.2217609e+03
   2.4682751e+03
   2.7276138e+03
   2.9981359e+03
   3.2781212e+03
   3.5657926e+03
   3.8593367e+03
   4.1569229e+03
   4.4567211e+03
   4.7569181e+03
   5.0557318e+03
   5.3514241e+03
   5.6423121e+03
   5.9267771e+03
   6.2032729e+03
   6.4703322e+03
   6.7265712e+03
   6.9706939e+03
   7.2014944e+03
   7.4178590e+03
   7.6187669e+03
   7.8032904e+03
   7.9705948e+03
   8.1199378e+03
   8.2506680e+03
   8.3622246e+03
   8.4541352e+03
   8.5260157e+03
   8.5775681e+03
   8.6085806e+03
   8.6189263e+03
   8.6085631e+03
   8.5775332e+03
   8.5259636e+03
   8.4540665e+03
   8.3621397e+03
   8.2505677e+03
   8.1198228e+03
   7.9704662e+03
   7.8031490e+03
   7.6186140e+03
   7.4176959e+03
   7.2013223e+03
   6.9705142e+03
   6.7263854e+03
   6.4701417e+03
   6.2030793e+03
   5.9265819e+03
   5.6421168e+03
   5.3512304e+03
   5.0555410e+03
   4.7567318e+03
   4.4565407e+03
   4.1567497e+03
   3.8591719e+03
   3.5656374e+03
   3.2779766e+03
   2.9980028e+03
   2.7274929e+03
   2.4681670e+03
   2.2216661e+03
   1.9895302e+03
   1.7731747e+03
   1.5738674e+03
   1.3927052e+03
   1.2305922e+03
   1.0882185e+03
   9.6604103e+02
   8.6426684e+02
   7.8283938e+02
   7.2142831e+02
   6.7942352e+02
   6.5593379e+02
   6.4979070e+02
   6.5955809e+02
   6.8354738e+02
   7.1983895e+02
   7.6630973e+02
   8.2066676e+02
   8.8048649e+02
   9.4325948e+02
   1.0064397e+03
   1.0674980e+03
   1.1239778e+03
   1.1735534e+03
   1.2140881e+03
   1.2436916e+03
   1.2607743e+03
   1.2640984e+03
   1.2528222e+03
   1.2265375e+03
   1.1852979e+03
   1.1296373e+03
   1.0605760e+03
   9.7961556e+02
   8.8871908e+02
   7.9027951e+02
   6.8707371e+02
   5.8220380e+02
   4.7902647e+02
   3.8107142e+02
   2.9195065e+02
   2.1526068e+02
   1.5448007e+02
   1.1286492e+02
   9.3345238e+01
   9.8425239e+01
   1.3009057e+02
   1.8972568e+02
   2.7804419e+02
   3.9503478e+02
   5.3992512e+02
   7.1116561e+02
   9.0643443e+02
   1.1226646e+03
   1.3560937e+03
   1.6023347e+03
   1.8564688e+03
   2.1131558e+03
   2.3667628e+03
   2.6115053e+03
   2.8415994e+03
   3.0514208e+03
   3.2356654e+03
   3.3895097e+03
   3.5087632e+03
   3.5900129e+03
   3.6307518e+03
   3.6294903e+03
   3.5858472e+03
   3.5006156e+03
   3.3758045e+03
   3.2146524e+03
   3.0216135e+03
   2.8023163e+03
   2.5634952e+03
   2.3128970e+03
   2.0591639e+03
   1.8116960e+03
   1.5804974e+03
   1.3760073e+03
   1.2089226e+03
   1.0900140e+03
   1.0299409e+03
   1.0390691e+03
   1.1272936e+03
   1.3038735e+03
   1.5772782e+03
   1.9550510e+03
   2.4436910e+03
   3.0485555e+03
   3.7737838e+03
   4.6222446e+03
   5.5955047e+03
   6.6938222e+03
   7.9161596e+03
   9.2602190e+03
   1.0722496e+04
   1.2298349e+04
   1.3982088e+04
   1.5767071e+04
   1.7645812e+04
   1.9610100e+04
   2.1651119e+04
   2.3759575e+04
   2.5925816e+04
   2.8139960e+04
   3.0392014e+04
   3.2671983e+04
   3.4969986e+04
   3.7276348e+04
   3.9581692e+04
   4.1877019e+04
   4.4153777e+04
   4.6403921e+04
   4.8619958e+04
   5.0794988e+04
   5.2922726e+04
   5.4997524e+04
   5.7014374e+04
   5.8968911e+04
   6.0857402e+04
   6.2676728e+04
   6.4424368e+04
   6.6098366e+04
   6.7697300e+04
   6.9220247e+04
   7.0666747e+04
   7.2036757e+04
   7.3330613e+04
   7.4548986e+04
   7.5692836e+04
   7.6763375e+04
   7.7762019e+04
   7.8690350e+04
   7.9550076e+04
   8.0342992e+04
   8.1070947e+04
   8.1735807e+04
   8.2339423e+04
   8.2883607e+04
   8.3370099e+04
   8.3800547e+04
   8.4176483e+04
   8.4499303e+04
   8.4770253e+04
   8.4990409e+04
   8.5160671e+04
   8.5281749e+04
   8.5354154e+04
   8.5378195e+04
