   1.6614109e-03
   2.3538371e-03
   4.3715871e-03
   7.7119067e-03
   1.2371393e-02
   1.8345119e-02
   2.5626646e-02
   3.4208079e-02
   4.4080087e-02
   5.5231916e-02
   6.7651403e-02
   8.1324979e-02
   9.6237685e-02
   1.1237318e-01
   1.2971375e-01
   1.4824032e-01
   1.6793249e-01
   1.8876849e-01
   2.1072528e-01
   2.3377848e-01
   2.5790248e-01
   2.8307036e-01
   3.0925399e-01
   3.3642403e-01
   3.6454991e-01
   3.9359993e-01
   4.2354124e-01
   4.5433985e-01
   4.8596071e-01
   5.1836772e-01
   5.5152374e-01
   5.8539064e-01
   6.1992937e-01
   6.5509991e-01
   6.9086142e-01
   7.2717219e-01
   7.6398971e-01
   8.0127073e-01
   8.3897129e-01
   8.7704678e-01
   9.1545196e-01
   9.5414102e-01
   9.9306766e-01
   1.0321851e+00
   1.0714462e+00
   1.1108033e+00
   1.1502087e+00
   1.1896143e+00
   1.2289718e+00
   1.2682329e+00
   1.3073491e+00
   1.3462720e+00
   1.3849532e+00
   1.4233445e+00
   1.4613979e+00
   1.4990656e+00
   1.5363000e+00
   1.5730542e+00
   1.6092815e+00
   1.6449357e+00
   1.6799714e+00
   1.7143436e+00
   1.7480082e+00
   1.7809219e+00
   1.8130420e+00
   1.8443270e+00
   1.8747362e+00
   1.9042300e+00
   1.9327697e+00
   1.9603181e+00
   1.9868390e+00
   2.0122975e+00
   2.0366600e+00
   2.0598942e+00
   2.0819695e+00
   2.1028565e+00
   2.1225275e+00
   2.1409563e+00
   2.1581183e+00
   2.1739905e+00
   2.1885519e+00
   2.2017827e+00
   2.2136654e+00
   2.2241840e+00
   2.2333243e+00
   2.2410740e+00
   2.2474228e+00
   2.2523620e+00
   2.2558850e+00
   2.2579871e+00
   2.2586655e+00
   2.2579191e+00
   2.2557491e+00
   2.2521583e+00
   2.2471516e+00
   2.2407357e+00
   2.2329192e+00
   2.2237127e+00
   2.2131285e+00
   2.2011808e+00
   2.1878858e+00
   2.1732611e+00
   2.1573263e+00
   2.1401028e+00
   2.1216136e+00
   2.1018833e+00
   2.0809382e+00
   2.0588061e+00
   2.0355164e+00
   2.0110999e+00
   1.9855889e+00
   1.9590170e+00
   1.9314191e+00
   1.9028315e+00
   1.8732917e+00
   1.8428382e+00
   1.8115107e+00
   1.7793499e+00
   1.7463975e+00
   1.7126960e+00
   1.6782890e+00
   1.6432205e+00
   1.6075355e+00
   1.5712796e+00
   1.5344989e+00
   1.4972400e+00
   1.4595501e+00
   1.4214766e+00
   1.3830674e+00
   1.3443705e+00
   1.3054341e+00
   1.2663067e+00
   1.2270366e+00
   1.1876723e+00
   1.1482622e+00
   1.1088545e+00
   1.0694972e+00
   1.0302383e+00
   9.9112517e-01
   9.5220504e-01
   9.1352465e-01
   8.7513031e-01
   8.3706778e-01
   7.9938228e-01
   7.6211840e-01
   7.2532008e-01
   6.8903053e-01
   6.5329222e-01
   6.1814682e-01
   5.8363516e-01
   5.4979719e-01
   5.1667194e-01
   4.8429748e-01
   4.5271092e-01
   4.2194830e-01
   3.9204465e-01
   3.6303387e-01
   3.3494878e-01
   3.0782103e-01
   2.8168112e-01
   2.5655835e-01
   2.3248080e-01
   2.0947530e-01
   1.8756743e-01
   1.6678149e-01
   1.4714049e-01
   1.2866611e-01
   1.1137869e-01
   9.5297249e-02
   8.0439435e-02
   6.6821525e-02
   5.4458412e-02
   4.3363601e-02
   3.3549190e-02
   2.5025870e-02
   1.7802911e-02
   1.1888155e-02
   7.2880016e-03
   4.0073775e-03
   2.0497083e-03
   1.4174064e-03
   2.1120112e-03
   4.1318755e-03
   7.4745594e-03
   1.2136564e-02
   1.8112889e-02
   2.5397065e-02
   3.3981177e-02
   4.3855887e-02
   5.5010435e-02
   6.7432652e-02
   8.1108967e-02
   9.6024419e-02
   1.1216266e-01
   1.2950598e-01
   1.4803531e-01
   1.6773023e-01
   1.8856898e-01
   2.1052851e-01
   2.3358446e-01
   2.5771120e-01
   2.8288181e-01
   3.0906818e-01
   3.3624093e-01
   3.6436954e-01
   3.9342227e-01
   4.2336629e-01
   4.5416760e-01
   4.8579117e-01
   5.1820088e-01
   5.5135960e-01
   5.8522921e-01
   6.1977063e-01
   6.5494388e-01
   6.9070810e-01
   7.2702158e-01
   7.6384183e-01
   8.0112559e-01
   8.3882890e-01
   8.7690715e-01
   9.1531510e-01
   9.5400697e-01
   9.9293642e-01
   1.0320567e+00
   1.0713206e+00
   1.1106807e+00
   1.1500890e+00
   1.1894975e+00
   1.2288580e+00
   1.2681222e+00
   1.3072414e+00
   1.3461675e+00
   1.3848519e+00
   1.4232464e+00
   1.4613031e+00
   1.4989740e+00
   1.5362119e+00
   1.5729695e+00
   1.6092002e+00
   1.6448580e+00
   1.6798973e+00
   1.7142732e+00
   1.7479416e+00
   1.7808590e+00
   1.8129831e+00
   1.8442720e+00
   1.8746852e+00
   1.9041830e+00
   1.9327269e+00
   1.9602796e+00
   1.9868048e+00
   2.0122676e+00
   2.0366345e+00
   2.0598733e+00
   2.0819532e+00
   2.1028449e+00
   2.1225206e+00
   2.1409542e+00
   2.1581210e+00
   2.1739982e+00
   2.1885645e+00
   2.2018004e+00
   2.2136882e+00
   2.2242120e+00
   2.2333575e+00
   2.2411125e+00
   2.2474666e+00
   2.2524112e+00
   2.2559396e+00
   2.2580472e+00
   2.2587310e+00
   2.2579901e+00
   2.2558256e+00
   2.2522404e+00
   2.2472393e+00
   2.2408289e+00
   2.2330181e+00
   2.2238172e+00
   2.2132386e+00
   2.2012965e+00
   2.1880070e+00
   2.1733879e+00
   2.1574587e+00
   2.1402408e+00
   2.1217570e+00
   2.1020322e+00
   2.0810925e+00
   2.0589658e+00
   2.0356814e+00
   2.0112702e+00
   1.9857644e+00
   1.9591976e+00
   1.9316048e+00
   1.9030222e+00
   1.8734873e+00
   1.8430386e+00
   1.8117159e+00
   1.7795597e+00
   1.7466119e+00
   1.7129149e+00
   1.6785121e+00
   1.6434479e+00
   1.6077670e+00
   1.5715151e+00
   1.5347382e+00
   1.4974831e+00
   1.4597968e+00
   1.4217268e+00
   1.3833210e+00
   1.3446272e+00
   1.3056940e+00
   1.2665694e+00
   1.2273022e+00
   1.1879405e+00
   1.1485329e+00
   1.1091275e+00
   1.0697725e+00
   1.0305156e+00
   9.9140443e-01
   9.5248606e-01
   9.1380729e-01
   8.7541440e-01
   8.3735319e-01
   7.9966885e-01
   7.6240598e-01
   7.2560853e-01
   6.8931970e-01
   6.5358197e-01
   6.1843700e-01
   5.8392563e-01
   5.5008782e-01
   5.1696258e-01
   4.8458802e-01
   4.5300120e-01
   4.2223821e-01
   3.9233404e-01
   3.6332263e-01
   3.3523679e-01
   3.0810817e-01
   2.8196728e-01
   2.5684341e-01
   2.3276465e-01
   2.0975784e-01
   1.8784857e-01
   1.6706113e-01
   1.4741852e-01
   1.2894245e-01
   1.1165325e-01
   9.5569956e-02
   8.0710204e-02
   6.7090280e-02
   5.4725082e-02
   4.3628115e-02
   3.3811481e-02
   2.5285869e-02
   1.8060548e-02
   1.2143348e-02
   7.5406415e-03
   4.2572863e-03
   2.2966217e-03
   1.6614109e-03
