   1.1834991e+02
   1.1835127e+02
   1.1835724e+02
   1.1836793e+02
   1.1838350e+02
   1.1840418e+02
   1.1843029e+02
   1.1846219e+02
   1.1850030e+02
   1.1854511e+02
   1.1859717e+02
   1.1865707e+02
   1.1872548e+02
   1.1880309e+02
   1.1889065e+02
   1.1898895e+02
   1.1909883e+02
   1.1922115e+02
   1.1935680e+02
   1.1950670e+02
   1.1967180e+02
   1.1985304e+02
   1.2005140e+02
   1.2026784e+02
   1.2050334e+02
   1.2075885e+02
   1.2103531e+02
   1.2133366e+02
   1.2165479e+02
   1.2199956e+02
   1.2236881e+02
   1.2276330e+02
   1.2318377e+02
   1.2363088e+02
   1.2410521e+02
   1.2460731e+02
   1.2513760e+02
   1.2569644e+02
   1.2628411e+02
   1.2690075e+02
   1.2754644e+02
   1.2822113e+02
   1.2892465e+02
   1.2965673e+02
   1.3041695e+02
   1.3120480e+02
   1.3201961e+02
   1.3286059e+02
   1.3372683e+02
   1.3461727e+02
   1.3553071e+02
   1.3646583e+02
   1.3742117e+02
   1.3839515e+02
   1.3938605e+02
   1.4039201e+02
   1.4141108e+02
   1.4244118e+02
   1.4348010e+02
   1.4452556e+02
   1.4557516e+02
   1.4662641e+02
   1.4767675e+02
   1.4872354e+02
   1.4976408e+02
   1.5079562e+02
   1.5181538e+02
   1.5282053e+02
   1.5380824e+02
   1.5477566e+02
   1.5571997e+02
   1.5663836e+02
   1.5752804e+02
   1.5838630e+02
   1.5921044e+02
   1.5999789e+02
   1.6074612e+02
   1.6145272e+02
   1.6211538e+02
   1.6273192e+02
   1.6330029e+02
   1.6381859e+02
   1.6428504e+02
   1.6469807e+02
   1.6505625e+02
   1.6535833e+02
   1.6560325e+02
   1.6579014e+02
   1.6591833e+02
   1.6598734e+02
   1.6599690e+02
   1.6594693e+02
   1.6583756e+02
   1.6566913e+02
   1.6544217e+02
   1.6515741e+02
   1.6481578e+02
   1.6441839e+02
   1.6396654e+02
   1.6346171e+02
   1.6290554e+02
   1.6229984e+02
   1.6164656e+02
   1.6094781e+02
   1.6020580e+02
   1.5942288e+02
   1.5860152e+02
   1.5774426e+02
   1.5685373e+02
   1.5593263e+02
   1.5498373e+02
   1.5400983e+02
   1.5301376e+02
   1.5199838e+02
   1.5096655e+02
   1.4992111e+02
   1.4886491e+02
   1.4780073e+02
   1.4673134e+02
   1.4565945e+02
   1.4458768e+02
   1.4351861e+02
   1.4245471e+02
   1.4139839e+02
   1.4035192e+02
   1.3931749e+02
   1.3829717e+02
   1.3729292e+02
   1.3630655e+02
   1.3533978e+02
   1.3439417e+02
   1.3347116e+02
   1.3257205e+02
   1.3169800e+02
   1.3085006e+02
   1.3002911e+02
   1.2923591e+02
   1.2847110e+02
   1.2773518e+02
   1.2702852e+02
   1.2635137e+02
   1.2570385e+02
   1.2508600e+02
   1.2449772e+02
   1.2393880e+02
   1.2340896e+02
   1.2290781e+02
   1.2243488e+02
   1.2198961e+02
   1.2157137e+02
   1.2117948e+02
   1.2081317e+02
   1.2047165e+02
   1.2015405e+02
   1.1985950e+02
   1.1958705e+02
   1.1933577e+02
   1.1910467e+02
   1.1889279e+02
   1.1869911e+02
   1.1852266e+02
   1.1836244e+02
   1.1821749e+02
   1.1808683e+02
   1.1796953e+02
   1.1786468e+02
   1.1777140e+02
   1.1768884e+02
   1.1761619e+02
   1.1755269e+02
   1.1749764e+02
   1.1745035e+02
   1.1741023e+02
   1.1737671e+02
   1.1734931e+02
   1.1732758e+02
   1.1731115e+02
   1.1729973e+02
   1.1729306e+02
   1.1729097e+02
   1.1729336e+02
   1.1730018e+02
   1.1731146e+02
   1.1732731e+02
   1.1734789e+02
   1.1737342e+02
   1.1740421e+02
   1.1744062e+02
   1.1748307e+02
   1.1753205e+02
   1.1758810e+02
   1.1765183e+02
   1.1772389e+02
   1.1780497e+02
   1.1789585e+02
   1.1799730e+02
   1.1811018e+02
   1.1823534e+02
   1.1837369e+02
   1.1852616e+02
   1.1869370e+02
   1.1887728e+02
   1.1907787e+02
   1.1929645e+02
   1.1953401e+02
   1.1979152e+02
   1.2006994e+02
   1.2037021e+02
   1.2069325e+02
   1.2103994e+02
   1.2141113e+02
   1.2180761e+02
   1.2223012e+02
   1.2267936e+02
   1.2315595e+02
   1.2366042e+02
   1.2419324e+02
   1.2475481e+02
   1.2534539e+02
   1.2596519e+02
   1.2661429e+02
   1.2729268e+02
   1.2800021e+02
   1.2873663e+02
   1.2950156e+02
   1.3029452e+02
   1.3111485e+02
   1.3196182e+02
   1.3283451e+02
   1.3373189e+02
   1.3465282e+02
   1.3559598e+02
   1.3655994e+02
   1.3754315e+02
   1.3854390e+02
   1.3956038e+02
   1.4059063e+02
   1.4163261e+02
   1.4268413e+02
   1.4374293e+02
   1.4480661e+02
   1.4587271e+02
   1.4693869e+02
   1.4800191e+02
   1.4905968e+02
   1.5010927e+02
   1.5114789e+02
   1.5217272e+02
   1.5318094e+02
   1.5416970e+02
   1.5513617e+02
   1.5607753e+02
   1.5699099e+02
   1.5787382e+02
   1.5872334e+02
   1.5953693e+02
   1.6031206e+02
   1.6104630e+02
   1.6173731e+02
   1.6238290e+02
   1.6298099e+02
   1.6352963e+02
   1.6402704e+02
   1.6447160e+02
   1.6486184e+02
   1.6519649e+02
   1.6547444e+02
   1.6569480e+02
   1.6585683e+02
   1.6596002e+02
   1.6600404e+02
   1.6598879e+02
   1.6591435e+02
   1.6578099e+02
   1.6558921e+02
   1.6533969e+02
   1.6503331e+02
   1.6467112e+02
   1.6425439e+02
   1.6378453e+02
   1.6326315e+02
   1.6269200e+02
   1.6207298e+02
   1.6140815e+02
   1.6069969e+02
   1.5994990e+02
   1.5916120e+02
   1.5833608e+02
   1.5747715e+02
   1.5658706e+02
   1.5566853e+02
   1.5472435e+02
   1.5375730e+02
   1.5277020e+02
   1.5176590e+02
   1.5074720e+02
   1.4971692e+02
   1.4867784e+02
   1.4763268e+02
   1.4658415e+02
   1.4553485e+02
   1.4448735e+02
   1.4344410e+02
   1.4240750e+02
   1.4137983e+02
   1.4036326e+02
   1.3935986e+02
   1.3837159e+02
   1.3740027e+02
   1.3644762e+02
   1.3551520e+02
   1.3460446e+02
   1.3371671e+02
   1.3285314e+02
   1.3201479e+02
   1.3120256e+02
   1.3041725e+02
   1.2965948e+02
   1.2892980e+02
   1.2822858e+02
   1.2755610e+02
   1.2691252e+02
   1.2629788e+02
   1.2571210e+02
   1.2515503e+02
   1.2462638e+02
   1.2412581e+02
   1.2365286e+02
   1.2320701e+02
   1.2278765e+02
   1.2239413e+02
   1.2202572e+02
   1.2168164e+02
   1.2136106e+02
   1.2106312e+02
   1.2078692e+02
   1.2053155e+02
   1.2029604e+02
   1.2007946e+02
   1.1988082e+02
   1.1969917e+02
   1.1953355e+02
   1.1938300e+02
   1.1924658e+02
   1.1912338e+02
   1.1901251e+02
   1.1891312e+02
   1.1882437e+02
   1.1874549e+02
   1.1867572e+02
   1.1861437e+02
   1.1856080e+02
   1.1851441e+02
   1.1847467e+02
   1.1844108e+02
   1.1841324e+02
   1.1839079e+02
   1.1837342e+02
   1.1836092e+02
   1.1835311e+02
   1.1834991e+02
