   4.7978115e+03
   4.7977711e+03
   4.7976443e+03
   4.7974217e+03
   4.7970872e+03
   4.7966186e+03
   4.7959872e+03
   4.7951581e+03
   4.7940903e+03
   4.7927367e+03
   4.7910440e+03
   4.7889534e+03
   4.7864000e+03
   4.7833137e+03
   4.7796187e+03
   4.7752342e+03
   4.7700746e+03
   4.7640494e+03
   4.7570639e+03
   4.7490193e+03
   4.7398133e+03
   4.7293401e+03
   4.7174915e+03
   4.7041564e+03
   4.6892225e+03
   4.6725760e+03
   4.6541023e+03
   4.6336871e+03
   4.6112166e+03
   4.5865785e+03
   4.5596626e+03
   4.5303617e+03
   4.4985724e+03
   4.4641959e+03
   4.4271388e+03
   4.3873142e+03
   4.3446424e+03
   4.2990519e+03
   4.2504803e+03
   4.1988753e+03
   4.1441952e+03
   4.0864102e+03
   4.0255029e+03
   3.9614692e+03
   3.8943192e+03
   3.8240774e+03
   3.7507837e+03
   3.6744935e+03
   3.5952785e+03
   3.5132267e+03
   3.4284429e+03
   3.3410481e+03
   3.2511801e+03
   3.1589933e+03
   3.0646576e+03
   2.9683587e+03
   2.8702972e+03
   2.7706878e+03
   2.6697581e+03
   2.5677483e+03
   2.4649090e+03
   2.3615007e+03
   2.2577918e+03
   2.1540573e+03
   2.0505770e+03
   1.9476339e+03
   1.8455121e+03
   1.7444951e+03
   1.6448638e+03
   1.5468945e+03
   1.4508572e+03
   1.3570133e+03
   1.2656139e+03
   1.1768980e+03
   1.0910907e+03
   1.0084016e+03
   9.2902311e+02
   8.5312930e+02
   7.8087452e+02
   7.1239237e+02
   6.4779483e+02
   5.8717155e+02
   5.3058938e+02
   4.7809209e+02
   4.2970030e+02
   3.8541159e+02
   3.4520087e+02
   3.0902093e+02
   2.7680320e+02
   2.4845862e+02
   2.2387881e+02
   2.0293732e+02
   1.8549099e+02
   1.7138155e+02
   1.6043720e+02
   1.5247439e+02
   1.4729956e+02
   1.4471100e+02
   1.4450070e+02
   1.4645622e+02
   1.5036249e+02
   1.5600368e+02
   1.6316485e+02
   1.7163368e+02
   1.8120205e+02
   1.9166744e+02
   2.0283436e+02
   2.1451551e+02
   2.2653291e+02
   2.3871880e+02
   2.5091649e+02
   2.6298096e+02
   2.7477939e+02
   2.8619150e+02
   2.9710978e+02
   3.0743953e+02
   3.1709885e+02
   3.2601843e+02
   3.3414128e+02
   3.4142233e+02
   3.4782796e+02
   3.5333543e+02
   3.5793223e+02
   3.6161545e+02
   3.6439098e+02
   3.6627282e+02
   3.6728223e+02
   3.6744697e+02
   3.6680047e+02
   3.6538109e+02
   3.6323128e+02
   3.6039690e+02
   3.5692643e+02
   3.5287032e+02
   3.4828034e+02
   3.4320897e+02
   3.3770886e+02
   3.3183231e+02
   3.2563082e+02
   3.1915469e+02
   3.1245266e+02
   3.0557161e+02
   2.9855630e+02
   2.9144920e+02
   2.8429026e+02
   2.7711684e+02
   2.6996361e+02
   2.6286253e+02
   2.5584278e+02
   2.4893086e+02
   2.4215055e+02
   2.3552306e+02
   2.2906703e+02
   2.2279872e+02
   2.1673209e+02
   2.1087892e+02
   2.0524897e+02
   1.9985013e+02
   1.9468857e+02
   1.8976886e+02
   1.8509418e+02
   1.8066644e+02
   1.7648643e+02
   1.7255397e+02
   1.6886808e+02
   1.6542706e+02
   1.6222867e+02
   1.5927024e+02
   1.5654878e+02
   1.5406107e+02
   1.5180380e+02
   1.4977365e+02
   1.4796734e+02
   1.4638176e+02
   1.4501400e+02
   1.4386141e+02
   1.4292167e+02
   1.4219283e+02
   1.4167332e+02
   1.4136200e+02
   1.4125820e+02
   1.4136168e+02
   1.4167267e+02
   1.4219187e+02
   1.4292039e+02
   1.4385980e+02
   1.4501207e+02
   1.4637951e+02
   1.4796476e+02
   1.4977073e+02
   1.5180055e+02
   1.5405749e+02
   1.5654487e+02
   1.5926600e+02
   1.6222409e+02
   1.6542213e+02
   1.6886281e+02
   1.7254836e+02
   1.7648046e+02
   1.8066013e+02
   1.8508752e+02
   1.8976184e+02
   1.9468119e+02
   1.9984241e+02
   2.0524089e+02
   2.1087048e+02
   2.1672329e+02
   2.2278956e+02
   2.2905751e+02
   2.3551318e+02
   2.4214033e+02
   2.4892028e+02
   2.5583186e+02
   2.6285126e+02
   2.6995201e+02
   2.7710491e+02
   2.8427802e+02
   2.9143665e+02
   2.9854346e+02
   3.0555848e+02
   3.1243926e+02
   3.1914104e+02
   3.2561694e+02
   3.3181821e+02
   3.3769456e+02
   3.4319449e+02
   3.4826571e+02
   3.5285556e+02
   3.5691156e+02
   3.6038195e+02
   3.6321627e+02
   3.6536604e+02
   3.6678541e+02
   3.6743193e+02
   3.6726723e+02
   3.6625789e+02
   3.6437613e+02
   3.6160070e+02
   3.5791761e+02
   3.5332095e+02
   3.4781363e+02
   3.4140817e+02
   3.3412728e+02
   3.2600460e+02
   3.1708518e+02
   3.0742602e+02
   2.9709641e+02
   2.8617826e+02
   2.7476625e+02
   2.6296788e+02
   2.5090344e+02
   2.3870573e+02
   2.2651977e+02
   2.1450225e+02
   2.0282091e+02
   1.9165373e+02
   1.8118800e+02
   1.7161921e+02
   1.6314985e+02
   1.5598807e+02
   1.5034617e+02
   1.4643908e+02
   1.4448263e+02
   1.4469189e+02
   1.4727929e+02
   1.5245285e+02
   1.6041427e+02
   1.7135710e+02
   1.8546492e+02
   2.0290950e+02
   2.2384915e+02
   2.4842699e+02
   2.7676951e+02
   3.0898508e+02
   3.4516276e+02
   3.8537115e+02
   4.2965745e+02
   4.7804676e+02
   5.3054151e+02
   5.8712110e+02
   6.4774176e+02
   7.1233667e+02
   7.8081616e+02
   8.5306828e+02
   9.2895945e+02
   1.0083353e+03
   1.0910218e+03
   1.1768266e+03
   1.2655400e+03
   1.3569370e+03
   1.4507786e+03
   1.5468136e+03
   1.6447807e+03
   1.7444100e+03
   1.8454251e+03
   1.9475451e+03
   2.0504866e+03
   2.1539653e+03
   2.2576985e+03
   2.3614062e+03
   2.4648134e+03
   2.5676518e+03
   2.6696608e+03
   2.7705899e+03
   2.8701989e+03
   2.9682601e+03
   3.0645588e+03
   3.1588945e+03
   3.2510816e+03
   3.3409498e+03
   3.4283451e+03
   3.5131296e+03
   3.5951821e+03
   3.6743979e+03
   3.7506891e+03
   3.8239840e+03
   3.8942271e+03
   3.9613784e+03
   4.0254135e+03
   4.0863223e+03
   4.1441090e+03
   4.1987908e+03
   4.2503976e+03
   4.2989710e+03
   4.3445634e+03
   4.3872372e+03
   4.4270638e+03
   4.4641230e+03
   4.4985017e+03
   4.5302931e+03
   4.5595961e+03
   4.5865142e+03
   4.6111546e+03
   4.6336273e+03
   4.6540448e+03
   4.6725207e+03
   4.6891696e+03
   4.7041057e+03
   4.7174430e+03
   4.7292940e+03
   4.7397694e+03
   4.7489777e+03
   4.7570245e+03
   4.7640123e+03
   4.7700398e+03
   4.7752016e+03
   4.7795883e+03
   4.7832855e+03
   4.7863741e+03
   4.7889296e+03
   4.7910224e+03
   4.7927173e+03
   4.7940731e+03
   4.7951431e+03
   4.7959743e+03
   4.7966079e+03
   4.7970787e+03
   4.7974153e+03
   4.7976400e+03
   4.7977689e+03
   4.7978115e+03
