   7.8037039e-05
   7.8037014e-05
   7.8036974e-05
   7.8036917e-05
   7.8036843e-05
   7.8036750e-05
   7.8036638e-05
   7.8036504e-05
   7.8036347e-05
   7.8036163e-05
   7.8035950e-05
   7.8035704e-05
   7.8035424e-05
   7.8035104e-05
   7.8034741e-05
   7.8034331e-05
   7.8033868e-05
   7.8033349e-05
   7.8032768e-05
   7.8032120e-05
   7.8031399e-05
   7.8030599e-05
   7.8029714e-05
   7.8028738e-05
   7.8027664e-05
   7.8026486e-05
   7.8025197e-05
   7.8023790e-05
   7.8022256e-05
   7.8020590e-05
   7.8018783e-05
   7.8016828e-05
   7.8014717e-05
   7.8012441e-05
   7.8009993e-05
   7.8007365e-05
   7.8004549e-05
   7.8001536e-05
   7.7998318e-05
   7.7994887e-05
   7.7991234e-05
   7.7987351e-05
   7.7983230e-05
   7.7978862e-05
   7.7974240e-05
   7.7969355e-05
   7.7964199e-05
   7.7958763e-05
   7.7953041e-05
   7.7947024e-05
   7.7940705e-05
   7.7934076e-05
   7.7927129e-05
   7.7919858e-05
   7.7912255e-05
   7.7904314e-05
   7.7896028e-05
   7.7887391e-05
   7.7878396e-05
   7.7869038e-05
   7.7859311e-05
   7.7849210e-05
   7.7838729e-05
   7.7827865e-05
   7.7816611e-05
   7.7804966e-05
   7.7792923e-05
   7.7780481e-05
   7.7767636e-05
   7.7754385e-05
   7.7740726e-05
   7.7726657e-05
   7.7712177e-05
   7.7697283e-05
   7.7681976e-05
   7.7666256e-05
   7.7650121e-05
   7.7633573e-05
   7.7616612e-05
   7.7599241e-05
   7.7581459e-05
   7.7563271e-05
   7.7544678e-05
   7.7525683e-05
   7.7506291e-05
   7.7486504e-05
   7.7466328e-05
   7.7445768e-05
   7.7424828e-05
   7.7403514e-05
   7.7381834e-05
   7.7359792e-05
   7.7337398e-05
   7.7314657e-05
   7.7291579e-05
   7.7268171e-05
   7.7244443e-05
   7.7220403e-05
   7.7196062e-05
   7.7171429e-05
   7.7146515e-05
   7.7121332e-05
   7.7095890e-05
   7.7070200e-05
   7.7044276e-05
   7.7018129e-05
   7.6991773e-05
   7.6965220e-05
   7.6938483e-05
   7.6911577e-05
   7.6884516e-05
   7.6857314e-05
   7.6829986e-05
   7.6802546e-05
   7.6775010e-05
   7.6747393e-05
   7.6719711e-05
   7.6691980e-05
   7.6664216e-05
   7.6636435e-05
   7.6608654e-05
   7.6580888e-05
   7.6553156e-05
   7.6525474e-05
   7.6497858e-05
   7.6470327e-05
   7.6442896e-05
   7.6415584e-05
   7.6388408e-05
   7.6361384e-05
   7.6334531e-05
   7.6307865e-05
   7.6281405e-05
   7.6255167e-05
   7.6229168e-05
   7.6203426e-05
   7.6177958e-05
   7.6152781e-05
   7.6127911e-05
   7.6103366e-05
   7.6079162e-05
   7.6055315e-05
   7.6031842e-05
   7.6008759e-05
   7.5986082e-05
   7.5963827e-05
   7.5942008e-05
   7.5920641e-05
   7.5899741e-05
   7.5879322e-05
   7.5859399e-05
   7.5839986e-05
   7.5821096e-05
   7.5802744e-05
   7.5784941e-05
   7.5767700e-05
   7.5751035e-05
   7.5734956e-05
   7.5719475e-05
   7.5704603e-05
   7.5690351e-05
   7.5676729e-05
   7.5663747e-05
   7.5651415e-05
   7.5639740e-05
   7.5628732e-05
   7.5618399e-05
   7.5608747e-05
   7.5599785e-05
   7.5591518e-05
   7.5583953e-05
   7.5577095e-05
   7.5570949e-05
   7.5565519e-05
   7.5560810e-05
   7.5556824e-05
   7.5553566e-05
   7.5551037e-05
   7.5549239e-05
   7.5548173e-05
   7.5547840e-05
   7.5548241e-05
   7.5549375e-05
   7.5551241e-05
   7.5553838e-05
   7.5557164e-05
   7.5561217e-05
   7.5565994e-05
   7.5571490e-05
   7.5577703e-05
   7.5584628e-05
   7.5592260e-05
   7.5600592e-05
   7.5609620e-05
   7.5619336e-05
   7.5629734e-05
   7.5640806e-05
   7.5652544e-05
   7.5664939e-05
   7.5677983e-05
   7.5691667e-05
   7.5705980e-05
   7.5720912e-05
   7.5736452e-05
   7.5752590e-05
   7.5769314e-05
   7.5786611e-05
   7.5804470e-05
   7.5822878e-05
   7.5841823e-05
   7.5861289e-05
   7.5881265e-05
   7.5901735e-05
   7.5922686e-05
   7.5944103e-05
   7.5965970e-05
   7.5988274e-05
   7.6010997e-05
   7.6034126e-05
   7.6057643e-05
   7.6081533e-05
   7.6105779e-05
   7.6130365e-05
   7.6155274e-05
   7.6180490e-05
   7.6205996e-05
   7.6231774e-05
   7.6257807e-05
   7.6284079e-05
   7.6310572e-05
   7.6337269e-05
   7.6364152e-05
   7.6391204e-05
   7.6418407e-05
   7.6445746e-05
   7.6473201e-05
   7.6500756e-05
   7.6528393e-05
   7.6556097e-05
   7.6583848e-05
   7.6611632e-05
   7.6639430e-05
   7.6667227e-05
   7.6695005e-05
   7.6722749e-05
   7.6750443e-05
   7.6778070e-05
   7.6805615e-05
   7.6833063e-05
   7.6860398e-05
   7.6887605e-05
   7.6914670e-05
   7.6941579e-05
   7.6968317e-05
   7.6994871e-05
   7.7021226e-05
   7.7047371e-05
   7.7073292e-05
   7.7098977e-05
   7.7124414e-05
   7.7149591e-05
   7.7174497e-05
   7.7199121e-05
   7.7223452e-05
   7.7247480e-05
   7.7271197e-05
   7.7294592e-05
   7.7317656e-05
   7.7340381e-05
   7.7362760e-05
   7.7384784e-05
   7.7406447e-05
   7.7427742e-05
   7.7448662e-05
   7.7469202e-05
   7.7489357e-05
   7.7509121e-05
   7.7528490e-05
   7.7547461e-05
   7.7566030e-05
   7.7584193e-05
   7.7601948e-05
   7.7619294e-05
   7.7636227e-05
   7.7652747e-05
   7.7668853e-05
   7.7684545e-05
   7.7699822e-05
   7.7714686e-05
   7.7729136e-05
   7.7743173e-05
   7.7756801e-05
   7.7770020e-05
   7.7782832e-05
   7.7795242e-05
   7.7807251e-05
   7.7818863e-05
   7.7830083e-05
   7.7840913e-05
   7.7851359e-05
   7.7861426e-05
   7.7871118e-05
   7.7880441e-05
   7.7889400e-05
   7.7898002e-05
   7.7906252e-05
   7.7914157e-05
   7.7921723e-05
   7.7928958e-05
   7.7935869e-05
   7.7942462e-05
   7.7948745e-05
   7.7954725e-05
   7.7960411e-05
   7.7965809e-05
   7.7970929e-05
   7.7975777e-05
   7.7980363e-05
   7.7984694e-05
   7.7988778e-05
   7.7992625e-05
   7.7996241e-05
   7.7999636e-05
   7.8002818e-05
   7.8005795e-05
   7.8008575e-05
   7.8011167e-05
   7.8013578e-05
   7.8015818e-05
   7.8017893e-05
   7.8019813e-05
   7.8021584e-05
   7.8023215e-05
   7.8024712e-05
   7.8026085e-05
   7.8027339e-05
   7.8028481e-05
   7.8029520e-05
   7.8030461e-05
   7.8031311e-05
   7.8032076e-05
   7.8032763e-05
   7.8033377e-05
   7.8033923e-05
   7.8034408e-05
   7.8034836e-05
   7.8035213e-05
   7.8035541e-05
   7.8035827e-05
   7.8036074e-05
   7.8036285e-05
   7.8036465e-05
   7.8036615e-05
   7.8036739e-05
   7.8036839e-05
   7.8036918e-05
   7.8036977e-05
   7.8037017e-05
   7.8037041e-05
   7.8037048e-05
   7.8037039e-05
