   1.3130226e-05
   7.7565399e-05
   2.4533826e-04
   5.2030204e-04
   9.0282829e-04
   1.3926060e-03
   1.9891166e-03
   2.6916999e-03
   3.4995690e-03
   4.4118154e-03
   5.4274106e-03
   6.5452081e-03
   7.7639442e-03
   9.0822397e-03
   1.0498601e-02
   1.2011420e-02
   1.3618979e-02
   1.5319448e-02
   1.7110890e-02
   1.8991259e-02
   2.0958406e-02
   2.3010077e-02
   2.5143919e-02
   2.7357477e-02
   2.9648203e-02
   3.2013451e-02
   3.4450487e-02
   3.6956484e-02
   3.9528532e-02
   4.2163636e-02
   4.4858719e-02
   4.7610629e-02
   5.0416139e-02
   5.3271950e-02
   5.6174697e-02
   5.9120950e-02
   6.2107219e-02
   6.5129958e-02
   6.8185567e-02
   7.1270398e-02
   7.4380759e-02
   7.7512917e-02
   8.0663104e-02
   8.3827517e-02
   8.7002328e-02
   9.0183687e-02
   9.3367724e-02
   9.6550556e-02
   9.9728290e-02
   1.0289703e-01
   1.0605288e-01
   1.0919196e-01
   1.1231038e-01
   1.1540428e-01
   1.1846982e-01
   1.2150318e-01
   1.2450057e-01
   1.2745825e-01
   1.3037251e-01
   1.3323968e-01
   1.3605615e-01
   1.3881836e-01
   1.4152282e-01
   1.4416609e-01
   1.4674482e-01
   1.4925573e-01
   1.5169560e-01
   1.5406132e-01
   1.5634986e-01
   1.5855828e-01
   1.6068375e-01
   1.6272351e-01
   1.6467495e-01
   1.6653555e-01
   1.6830289e-01
   1.6997468e-01
   1.7154876e-01
   1.7302309e-01
   1.7439574e-01
   1.7566492e-01
   1.7682900e-01
   1.7788644e-01
   1.7883586e-01
   1.7967603e-01
   1.8040585e-01
   1.8102436e-01
   1.8153075e-01
   1.8192437e-01
   1.8220468e-01
   1.8237133e-01
   1.8242410e-01
   1.8236292e-01
   1.8218786e-01
   1.8189916e-01
   1.8149720e-01
   1.8098250e-01
   1.8035572e-01
   1.7961771e-01
   1.7876941e-01
   1.7781194e-01
   1.7674655e-01
   1.7557462e-01
   1.7429769e-01
   1.7291742e-01
   1.7143560e-01
   1.6985417e-01
   1.6817516e-01
   1.6640078e-01
   1.6453330e-01
   1.6257515e-01
   1.6052885e-01
   1.5839704e-01
   1.5618248e-01
   1.5388800e-01
   1.5151655e-01
   1.4907116e-01
   1.4655497e-01
   1.4397118e-01
   1.4132309e-01
   1.3861406e-01
   1.3584752e-01
   1.3302697e-01
   1.3015599e-01
   1.2723818e-01
   1.2427721e-01
   1.2127680e-01
   1.1824069e-01
   1.1517269e-01
   1.1207660e-01
   1.0895628e-01
   1.0581558e-01
   1.0265839e-01
   9.9488606e-02
   9.6310113e-02
   9.3126813e-02
   8.9942598e-02
   8.6761350e-02
   8.3586940e-02
   8.0423218e-02
   7.7274010e-02
   7.4143118e-02
   7.1034308e-02
   6.7951312e-02
   6.4897820e-02
   6.1877478e-02
   5.8893881e-02
   5.5950573e-02
   5.3051041e-02
   5.0198710e-02
   4.7396943e-02
   4.4649033e-02
   4.1958203e-02
   3.9327600e-02
   3.6760296e-02
   3.4259280e-02
   3.1827458e-02
   2.9467649e-02
   2.7182582e-02
   2.4974896e-02
   2.2847133e-02
   2.0801741e-02
   1.8841065e-02
   1.6967353e-02
   1.5182746e-02
   1.3489281e-02
   1.1888889e-02
   1.0383391e-02
   8.9744964e-03
   7.6638048e-03
   6.4528013e-03
   5.3428564e-03
   4.3352246e-03
   3.4310433e-03
   2.6313315e-03
   1.9369879e-03
   1.3487888e-03
   8.6738162e-04
   4.9326567e-04
   2.2670121e-04
   6.7000863e-05
   8.2177956e-06
   7.5852047e-05
   2.4394562e-04
   5.1905861e-04
   9.0171688e-04
   1.3916331e-03
   1.9882951e-03
   2.6910448e-03
   3.4990964e-03
   4.4115415e-03
   5.4273520e-03
   6.5453812e-03
   7.7643655e-03
   9.0829252e-03
   1.0499566e-02
   1.2012681e-02
   1.3620551e-02
   1.5321345e-02
   1.7113126e-02
   1.8993848e-02
   2.0961361e-02
   2.3013411e-02
   2.5147642e-02
   2.7361602e-02
   2.9652739e-02
   3.2018409e-02
   3.4455874e-02
   3.6962309e-02
   3.9534801e-02
   4.2170355e-02
   4.4865894e-02
   4.7618263e-02
   5.0424236e-02
   5.3280513e-02
   5.6183726e-02
   5.9130445e-02
   6.2117180e-02
   6.5140383e-02
   6.8196453e-02
   7.1281741e-02
   7.4392555e-02
   7.7525159e-02
   8.0675785e-02
   8.3840629e-02
   8.7015864e-02
   9.0197635e-02
   9.3382073e-02
   9.6565295e-02
   9.9743406e-02
   1.0291251e-01
   1.0606871e-01
   1.0920812e-01
   1.1232686e-01
   1.1542106e-01
   1.1848688e-01
   1.2152050e-01
   1.2451814e-01
   1.2747605e-01
   1.3039051e-01
   1.3325786e-01
   1.3607449e-01
   1.3883685e-01
   1.4154143e-01
   1.4418480e-01
   1.4676361e-01
   1.4927456e-01
   1.5171447e-01
   1.5408019e-01
   1.5636872e-01
   1.5857710e-01
   1.6070250e-01
   1.6274218e-01
   1.6469351e-01
   1.6655397e-01
   1.6832116e-01
   1.6999277e-01
   1.7156666e-01
   1.7304077e-01
   1.7441318e-01
   1.7568211e-01
   1.7684590e-01
   1.7790305e-01
   1.7885216e-01
   1.7969199e-01
   1.8042146e-01
   1.8103961e-01
   1.8154562e-01
   1.8193884e-01
   1.8221875e-01
   1.8238498e-01
   1.8243732e-01
   1.8237569e-01
   1.8220019e-01
   1.8191103e-01
   1.8150860e-01
   1.8099342e-01
   1.8036617e-01
   1.7962768e-01
   1.7877889e-01
   1.7782094e-01
   1.7675506e-01
   1.7558264e-01
   1.7430522e-01
   1.7292447e-01
   1.7144217e-01
   1.6986026e-01
   1.6818079e-01
   1.6640593e-01
   1.6453800e-01
   1.6257940e-01
   1.6053266e-01
   1.5840042e-01
   1.5618544e-01
   1.5389055e-01
   1.5151870e-01
   1.4907293e-01
   1.4655637e-01
   1.4397223e-01
   1.4132380e-01
   1.3861444e-01
   1.3584759e-01
   1.3302675e-01
   1.3015549e-01
   1.2723742e-01
   1.2427621e-01
   1.2127557e-01
   1.1823926e-01
   1.1517106e-01
   1.1207480e-01
   1.0895433e-01
   1.0581349e-01
   1.0265619e-01
   9.9486296e-02
   9.6307719e-02
   9.3124351e-02
   8.9940085e-02
   8.6758804e-02
   8.3584375e-02
   8.0420650e-02
   7.7271455e-02
   7.4140589e-02
   7.1031820e-02
   6.7948878e-02
   6.4895453e-02
   6.1875189e-02
   5.8891683e-02
   5.5948476e-02
   5.3049054e-02
   5.0196843e-02
   4.7395203e-02
   4.4647428e-02
   4.1956739e-02
   3.9326283e-02
   3.6759131e-02
   3.4258270e-02
   3.1826606e-02
   2.9466956e-02
   2.7182051e-02
   2.4974525e-02
   2.2846923e-02
   2.0801688e-02
   1.8841168e-02
   1.6967607e-02
   1.5183147e-02
   1.3489824e-02
   1.1889568e-02
   1.0384198e-02
   8.9754235e-03
   7.6648436e-03
   6.4539422e-03
   5.3440892e-03
   4.3365386e-03
   3.4324272e-03
   2.6327735e-03
   1.9384761e-03
   1.3503117e-03
   8.6892944e-04
   4.9483505e-04
   2.2831487e-04
   6.8868104e-05
   1.3130226e-05
