   4.3552824e-09
   1.0390322e-07
   3.9168157e-07
   8.6841119e-07
   1.5335418e-06
   2.3862701e-06
   3.4255624e-06
   4.6501579e-06
   6.0585707e-06
   7.6490920e-06
   9.4197917e-06
   1.1368521e-05
   1.3492915e-05
   1.5790395e-05
   1.8258173e-05
   2.0893254e-05
   2.3692438e-05
   2.6652328e-05
   2.9769330e-05
   3.3039660e-05
   3.6459346e-05
   4.0024236e-05
   4.3730000e-05
   4.7572137e-05
   5.1545981e-05
   5.5646703e-05
   5.9869320e-05
   6.4208703e-05
   6.8659578e-05
   7.3216534e-05
   7.7874033e-05
   8.2626413e-05
   8.7467895e-05
   9.2392592e-05
   9.7394515e-05
   1.0246758e-04
   1.0760561e-04
   1.1280237e-04
   1.1805152e-04
   1.2334667e-04
   1.2868139e-04
   1.3404918e-04
   1.3944350e-04
   1.4485778e-04
   1.5028543e-04
   1.5571985e-04
   1.6115439e-04
   1.6658246e-04
   1.7199743e-04
   1.7739270e-04
   1.8276169e-04
   1.8809787e-04
   1.9339472e-04
   1.9864579e-04
   2.0384466e-04
   2.0898500e-04
   2.1406054e-04
   2.1906509e-04
   2.2399253e-04
   2.2883686e-04
   2.3359215e-04
   2.3825261e-04
   2.4281255e-04
   2.4726639e-04
   2.5160870e-04
   2.5583417e-04
   2.5993765e-04
   2.6391411e-04
   2.6775870e-04
   2.7146673e-04
   2.7503366e-04
   2.7845513e-04
   2.8172695e-04
   2.8484514e-04
   2.8780588e-04
   2.9060554e-04
   2.9324071e-04
   2.9570816e-04
   2.9800488e-04
   3.0012805e-04
   3.0207508e-04
   3.0384359e-04
   3.0543141e-04
   3.0683661e-04
   3.0805746e-04
   3.0909246e-04
   3.0994037e-04
   3.1060013e-04
   3.1107093e-04
   3.1135221e-04
   3.1144362e-04
   3.1134504e-04
   3.1105661e-04
   3.1057866e-04
   3.0991178e-04
   3.0905680e-04
   3.0801475e-04
   3.0678691e-04
   3.0537478e-04
   3.0378010e-04
   3.0200480e-04
   3.0005106e-04
   2.9792128e-04
   2.9561805e-04
   2.9314419e-04
   2.9050273e-04
   2.8769690e-04
   2.8473012e-04
   2.8160603e-04
   2.7832844e-04
   2.7490136e-04
   2.7132898e-04
   2.6761567e-04
   2.6376595e-04
   2.5978455e-04
   2.5567631e-04
   2.5144627e-04
   2.4709958e-04
   2.4264156e-04
   2.3807765e-04
   2.3341342e-04
   2.2865457e-04
   2.2380691e-04
   2.1887635e-04
   2.1386892e-04
   2.0879071e-04
   2.0364794e-04
   1.9844687e-04
   1.9319385e-04
   1.8789529e-04
   1.8255764e-04
   1.7718742e-04
   1.7179117e-04
   1.6637547e-04
   1.6094691e-04
   1.5551213e-04
   1.5007773e-04
   1.4465035e-04
   1.3923658e-04
   1.3384302e-04
   1.2847625e-04
   1.2314279e-04
   1.1784914e-04
   1.1260174e-04
   1.0740698e-04
   1.0227118e-04
   9.7200593e-05
   9.2201380e-05
   8.7279626e-05
   8.2441315e-05
   7.7692333e-05
   7.3038454e-05
   6.8485335e-05
   6.4038512e-05
   5.9703389e-05
   5.5485235e-05
   5.1389177e-05
   4.7420190e-05
   4.3583097e-05
   3.9882559e-05
   3.6323072e-05
   3.2908958e-05
   2.9644364e-05
   2.6533254e-05
   2.3579406e-05
   2.0786407e-05
   1.8157646e-05
   1.5696316e-05
   1.3405404e-05
   1.1287690e-05
   9.3457465e-06
   7.5819289e-06
   5.9983781e-06
   4.5970160e-06
   3.3795430e-06
   2.3474366e-06
   1.5019489e-06
   8.4410510e-07
   3.7470025e-07
   9.4277463e-08
   1.0066169e-09
   1.0167892e-07
   3.8949315e-07
   8.6627364e-07
   1.5314668e-06
   2.3842689e-06
   3.4236460e-06
   4.6483375e-06
   6.0568574e-06
   7.6474968e-06
   9.4183254e-06
   1.1367194e-05
   1.3491738e-05
   1.5789379e-05
   1.8257328e-05
   2.0892589e-05
   2.3691964e-05
   2.6652053e-05
   2.9769264e-05
   3.3039810e-05
   3.6459722e-05
   4.0024844e-05
   4.3730849e-05
   4.7573233e-05
   5.1547330e-05
   5.5648311e-05
   5.9871193e-05
   6.4210845e-05
   6.8661993e-05
   7.3219227e-05
   7.7877006e-05
   8.2629668e-05
   8.7471435e-05
   9.2396417e-05
   9.7398626e-05
   1.0247198e-04
   1.0761030e-04
   1.1280734e-04
   1.1805677e-04
   1.2335220e-04
   1.2868720e-04
   1.3405526e-04
   1.3944984e-04
   1.4486439e-04
   1.5029230e-04
   1.5572696e-04
   1.6116175e-04
   1.6659006e-04
   1.7200525e-04
   1.7740074e-04
   1.8276995e-04
   1.8810633e-04
   1.9340337e-04
   1.9865462e-04
   2.0385366e-04
   2.0899416e-04
   2.1406985e-04
   2.1907453e-04
   2.2400210e-04
   2.2884654e-04
   2.3360193e-04
   2.3826248e-04
   2.4282249e-04
   2.4727639e-04
   2.5161874e-04
   2.5584425e-04
   2.5994774e-04
   2.6392421e-04
   2.6776879e-04
   2.7147680e-04
   2.7504369e-04
   2.7846511e-04
   2.8173687e-04
   2.8485499e-04
   2.8781563e-04
   2.9061520e-04
   2.9325025e-04
   2.9571758e-04
   2.9801416e-04
   3.0013718e-04
   3.0208405e-04
   3.0385239e-04
   3.0544004e-04
   3.0684504e-04
   3.0806569e-04
   3.0910049e-04
   3.0994818e-04
   3.1060771e-04
   3.1107829e-04
   3.1135933e-04
   3.1145050e-04
   3.1135167e-04
   3.1106298e-04
   3.1058477e-04
   3.0991764e-04
   3.0906239e-04
   3.0802007e-04
   3.0679196e-04
   3.0537957e-04
   3.0378461e-04
   3.0200904e-04
   3.0005504e-04
   2.9792499e-04
   2.9562149e-04
   2.9314737e-04
   2.9050565e-04
   2.8769956e-04
   2.8473253e-04
   2.8160820e-04
   2.7833037e-04
   2.7490305e-04
   2.7133044e-04
   2.6761691e-04
   2.6376698e-04
   2.5978537e-04
   2.5567694e-04
   2.5144670e-04
   2.4709983e-04
   2.4264164e-04
   2.3807757e-04
   2.3341319e-04
   2.2865419e-04
   2.2380640e-04
   2.1887572e-04
   2.1386818e-04
   2.0878987e-04
   2.0364701e-04
   1.9844587e-04
   1.9319278e-04
   1.8789416e-04
   1.8255646e-04
   1.7718620e-04
   1.7178993e-04
   1.6637421e-04
   1.6094566e-04
   1.5551088e-04
   1.5007649e-04
   1.4464913e-04
   1.3923540e-04
   1.3384188e-04
   1.2847516e-04
   1.2314176e-04
   1.1784818e-04
   1.1260086e-04
   1.0740618e-04
   1.0227047e-04
   9.7199973e-05
   9.2200860e-05
   8.7279210e-05
   8.2441009e-05
   7.7692140e-05
   7.3038378e-05
   6.8485378e-05
   6.4038676e-05
   5.9703677e-05
   5.5485647e-05
   5.1389713e-05
   4.7420851e-05
   4.3583882e-05
   3.9883468e-05
   3.6324101e-05
   3.2910106e-05
   2.9645627e-05
   2.6534630e-05
   2.3580889e-05
   2.0787993e-05
   1.8159330e-05
   1.5698092e-05
   1.3407266e-05
   1.1289633e-05
   9.3477612e-06
   7.5840083e-06
   6.0005143e-06
   4.5992004e-06
   3.3817669e-06
   2.3496907e-06
   1.5042237e-06
   8.4639043e-07
   3.7698492e-07
   9.6544912e-08
   4.3552824e-09
