   1.4612541e+03
   1.4612076e+03
   1.4610687e+03
   1.4608353e+03
   1.4605040e+03
   1.4600701e+03
   1.4595274e+03
   1.4588685e+03
   1.4580847e+03
   1.4571660e+03
   1.4561011e+03
   1.4548774e+03
   1.4534814e+03
   1.4518981e+03
   1.4501115e+03
   1.4481047e+03
   1.4458595e+03
   1.4433569e+03
   1.4405771e+03
   1.4374993e+03
   1.4341020e+03
   1.4303632e+03
   1.4262601e+03
   1.4217695e+03
   1.4168679e+03
   1.4115316e+03
   1.4057365e+03
   1.3994586e+03
   1.3926741e+03
   1.3853593e+03
   1.3774910e+03
   1.3690463e+03
   1.3600033e+03
   1.3503407e+03
   1.3400382e+03
   1.3290767e+03
   1.3174384e+03
   1.3051069e+03
   1.2920677e+03
   1.2783079e+03
   1.2638164e+03
   1.2485846e+03
   1.2326059e+03
   1.2158762e+03
   1.1983940e+03
   1.1801606e+03
   1.1611798e+03
   1.1414585e+03
   1.1210068e+03
   1.0998375e+03
   1.0779669e+03
   1.0554142e+03
   1.0322021e+03
   1.0083564e+03
   9.8390602e+02
   9.5888321e+02
   9.3332325e+02
   9.0726446e+02
   8.8074810e+02
   8.5381821e+02
   8.2652147e+02
   7.9890704e+02
   7.7102632e+02
   7.4293280e+02
   7.1468174e+02
   6.8632997e+02
   6.5793561e+02
   6.2955776e+02
   6.0125620e+02
   5.7309109e+02
   5.4512265e+02
   5.1741082e+02
   4.9001492e+02
   4.6299336e+02
   4.3640325e+02
   4.1030014e+02
   3.8473766e+02
   3.5976724e+02
   3.3543781e+02
   3.1179552e+02
   2.8888350e+02
   2.6674161e+02
   2.4540626e+02
   2.2491020e+02
   2.0528234e+02
   1.8654769e+02
   1.6872718e+02
   1.5183766e+02
   1.3589182e+02
   1.2089817e+02
   1.0686111e+02
   9.3780938e+01
   8.1653963e+01
   7.0472583e+01
   6.0225444e+01
   5.0897586e+01
   4.2470635e+01
   3.4923002e+01
   2.8230104e+01
   2.2364606e+01
   1.7296667e+01
   1.2994210e+01
   9.4231827e+00
   6.5478418e+00
   4.3310265e+00
   2.7344391e+00
   1.7189208e+00
   1.2447238e+00
   1.2717755e+00
   1.7599347e+00
   2.6692355e+00
   3.9601196e+00
   5.5936539e+00
   7.5317329e+00
   9.7372641e+00
   1.2174336e+01
   1.4808370e+01
   1.7606251e+01
   2.0536439e+01
   2.3569069e+01
   2.6676024e+01
   2.9830994e+01
   3.3009521e+01
   3.6189018e+01
   3.9348787e+01
   4.2470004e+01
   4.5535707e+01
   4.8530763e+01
   5.1441823e+01
   5.4257271e+01
   5.6967158e+01
   5.9563139e+01
   6.2038390e+01
   6.4387528e+01
   6.6606527e+01
   6.8692627e+01
   7.0644243e+01
   7.2460871e+01
   7.4143001e+01
   7.5692019e+01
   7.7110119e+01
   7.8400215e+01
   7.9565855e+01
   8.0611138e+01
   8.1540635e+01
   8.2359315e+01
   8.3072472e+01
   8.3685659e+01
   8.4204628e+01
   8.4635271e+01
   8.4983567e+01
   8.5255532e+01
   8.5457183e+01
   8.5594488e+01
   8.5673339e+01
   8.5699520e+01
   8.5678676e+01
   8.5616295e+01
   8.5517685e+01
   8.5387958e+01
   8.5232017e+01
   8.5054545e+01
   8.4859996e+01
   8.4652589e+01
   8.4436304e+01
   8.4214878e+01
   8.3991806e+01
   8.3770339e+01
   8.3553484e+01
   8.3344012e+01
   8.3144452e+01
   8.2957098e+01
   8.2784015e+01
   8.2627037e+01
   8.2487774e+01
   8.2367612e+01
   8.2267721e+01
   8.2189052e+01
   8.2132342e+01
   8.2098119e+01
   8.2086696e+01
   8.2098178e+01
   8.2132462e+01
   8.2189231e+01
   8.2267960e+01
   8.2367911e+01
   8.2488133e+01
   8.2627457e+01
   8.2784495e+01
   8.2957639e+01
   8.3145053e+01
   8.3344674e+01
   8.3554207e+01
   8.3771122e+01
   8.3992651e+01
   8.4215784e+01
   8.4437271e+01
   8.4653618e+01
   8.4861085e+01
   8.5055695e+01
   8.5233227e+01
   8.5389228e+01
   8.5519014e+01
   8.5617682e+01
   8.5680120e+01
   8.5701020e+01
   8.5674894e+01
   8.5596096e+01
   8.5458843e+01
   8.5257242e+01
   8.4985323e+01
   8.4637072e+01
   8.4206471e+01
   8.3687540e+01
   8.3074388e+01
   8.2361263e+01
   8.1542610e+01
   8.0613135e+01
   7.9567870e+01
   7.8402243e+01
   7.7112155e+01
   7.5694058e+01
   7.4145037e+01
   7.2462897e+01
   7.0646253e+01
   6.8694615e+01
   6.6608486e+01
   6.4389452e+01
   6.2040271e+01
   5.9564972e+01
   5.6968935e+01
   5.4258986e+01
   5.1443471e+01
   4.8532337e+01
   4.5537201e+01
   4.2471414e+01
   3.9350108e+01
   3.6190247e+01
   3.3010654e+01
   2.9832030e+01
   2.6676961e+01
   2.3569907e+01
   2.0537180e+01
   1.7606897e+01
   1.4808926e+01
   1.2174807e+01
   9.7376563e+00
   7.5320558e+00
   5.5939181e+00
   3.9603376e+00
   2.6694217e+00
   1.7601055e+00
   1.2719494e+00
   1.2449213e+00
   1.7191645e+00
   2.7347534e+00
   4.3314378e+00
   6.5483785e+00
   9.4238752e+00
   1.2995090e+01
   1.7297770e+01
   2.2365966e+01
   2.8231759e+01
   3.4924990e+01
   4.2472996e+01
   5.0900360e+01
   6.0228671e+01
   7.0476307e+01
   8.1658225e+01
   9.3785781e+01
   1.0686657e+02
   1.2090430e+02
   1.3589865e+02
   1.5184525e+02
   1.6873555e+02
   1.8655688e+02
   2.0529239e+02
   2.2492113e+02
   2.4541812e+02
   2.6675442e+02
   2.8889728e+02
   3.1181031e+02
   3.3545362e+02
   3.5978409e+02
   3.8475556e+02
   4.1031910e+02
   4.3642328e+02
   4.6301446e+02
   4.9003710e+02
   5.1743406e+02
   5.4514695e+02
   5.7311643e+02
   6.0128256e+02
   6.2958513e+02
   6.5796396e+02
   6.8635928e+02
   7.1471197e+02
   7.4296392e+02
   7.7105830e+02
   7.9893982e+02
   8.2655503e+02
   8.5385249e+02
   8.8078305e+02
   9.0730003e+02
   9.3335939e+02
   9.5891987e+02
   9.8394314e+02
   1.0083939e+03
   1.0322400e+03
   1.0554524e+03
   1.0780053e+03
   1.0998761e+03
   1.1210455e+03
   1.1414973e+03
   1.1612185e+03
   1.1801993e+03
   1.1984326e+03
   1.2159146e+03
   1.2326440e+03
   1.2486225e+03
   1.2638540e+03
   1.2783450e+03
   1.2921045e+03
   1.3051432e+03
   1.3174741e+03
   1.3291118e+03
   1.3400727e+03
   1.3503746e+03
   1.3600365e+03
   1.3690788e+03
   1.3775227e+03
   1.3853902e+03
   1.3927042e+03
   1.3994878e+03
   1.4057648e+03
   1.4115590e+03
   1.4168944e+03
   1.4217950e+03
   1.4262846e+03
   1.4303867e+03
   1.4341245e+03
   1.4375207e+03
   1.4405975e+03
   1.4433762e+03
   1.4458777e+03
   1.4481218e+03
   1.4501276e+03
   1.4519130e+03
   1.4534952e+03
   1.4548901e+03
   1.4561126e+03
   1.4571764e+03
   1.4580940e+03
   1.4588766e+03
   1.4595343e+03
   1.4600759e+03
   1.4605087e+03
   1.4608388e+03
   1.4610710e+03
   1.4612088e+03
   1.4612541e+03
