   1.6922475e+01
   1.6942378e+01
   1.7001091e+01
   1.7098649e+01
   1.7235114e+01
   1.7410565e+01
   1.7625108e+01
   1.7878866e+01
   1.8171982e+01
   1.8504616e+01
   1.8876942e+01
   1.9289149e+01
   1.9741435e+01
   2.0234006e+01
   2.0767072e+01
   2.1340846e+01
   2.1955536e+01
   2.2611348e+01
   2.3308475e+01
   2.4047100e+01
   2.4827386e+01
   2.5649473e+01
   2.6513477e+01
   2.7419481e+01
   2.8367531e+01
   2.9357635e+01
   3.0389753e+01
   3.1463794e+01
   3.2579611e+01
   3.3736998e+01
   3.4935680e+01
   3.6175313e+01
   3.7455477e+01
   3.8775672e+01
   4.0135312e+01
   4.1533720e+01
   4.2970127e+01
   4.4443666e+01
   4.5953366e+01
   4.7498155e+01
   4.9076847e+01
   5.0688150e+01
   5.2330656e+01
   5.4002840e+01
   5.5703063e+01
   5.7429567e+01
   5.9180474e+01
   6.0953789e+01
   6.2747399e+01
   6.4559074e+01
   6.6386468e+01
   6.8227124e+01
   7.0078475e+01
   7.1937848e+01
   7.3802468e+01
   7.5669464e+01
   7.7535873e+01
   7.9398649e+01
   8.1254665e+01
   8.3100727e+01
   8.4933576e+01
   8.6749900e+01
   8.8546341e+01
   9.0319507e+01
   9.2065980e+01
   9.3782329e+01
   9.5465117e+01
   9.7110916e+01
   9.8716316e+01
   1.0027794e+02
   1.0179245e+02
   1.0325656e+02
   1.0466706e+02
   1.0602081e+02
   1.0731476e+02
   1.0854597e+02
   1.0971161e+02
   1.1080896e+02
   1.1183546e+02
   1.1278869e+02
   1.1366636e+02
   1.1446638e+02
   1.1518681e+02
   1.1582590e+02
   1.1638209e+02
   1.1685403e+02
   1.1724053e+02
   1.1754065e+02
   1.1775365e+02
   1.1787898e+02
   1.1791634e+02
   1.1786562e+02
   1.1772695e+02
   1.1750066e+02
   1.1718730e+02
   1.1678766e+02
   1.1630269e+02
   1.1573359e+02
   1.1508175e+02
   1.1434873e+02
   1.1353632e+02
   1.1264646e+02
   1.1168128e+02
   1.1064306e+02
   1.0953424e+02
   1.0835742e+02
   1.0711532e+02
   1.0581078e+02
   1.0444676e+02
   1.0302632e+02
   1.0155261e+02
   1.0002886e+02
   9.8458343e+01
   9.6844419e+01
   9.5190469e+01
   9.3499910e+01
   9.1776174e+01
   9.0022700e+01
   8.8242923e+01
   8.6440263e+01
   8.4618112e+01
   8.2779827e+01
   8.0928719e+01
   7.9068043e+01
   7.7200993e+01
   7.5330689e+01
   7.3460173e+01
   7.1592403e+01
   6.9730243e+01
   6.7876461e+01
   6.6033722e+01
   6.4204584e+01
   6.2391497e+01
   6.0596796e+01
   5.8822701e+01
   5.7071316e+01
   5.5344625e+01
   5.3644494e+01
   5.1972670e+01
   5.0330783e+01
   4.8720344e+01
   4.7142749e+01
   4.5599280e+01
   4.4091109e+01
   4.2619299e+01
   4.1184807e+01
   3.9788489e+01
   3.8431104e+01
   3.7113314e+01
   3.5835696e+01
   3.4598738e+01
   3.3402849e+01
   3.2248365e+01
   3.1135546e+01
   3.0064591e+01
   2.9035636e+01
   2.8048763e+01
   2.7104001e+01
   2.6201336e+01
   2.5340712e+01
   2.4522038e+01
   2.3745190e+01
   2.3010020e+01
   2.2316358e+01
   2.1664015e+01
   2.1052791e+01
   2.0482475e+01
   1.9952852e+01
   1.9463704e+01
   1.9014817e+01
   1.8605980e+01
   1.8236989e+01
   1.7907655e+01
   1.7617797e+01
   1.7367254e+01
   1.7155878e+01
   1.6983545e+01
   1.6850147e+01
   1.6755601e+01
   1.6699847e+01
   1.6682845e+01
   1.6704582e+01
   1.6765068e+01
   1.6864338e+01
   1.7002448e+01
   1.7179479e+01
   1.7395533e+01
   1.7650732e+01
   1.7945218e+01
   1.8279150e+01
   1.8652703e+01
   1.9066064e+01
   1.9519432e+01
   2.0013013e+01
   2.0547018e+01
   2.1121659e+01
   2.1737149e+01
   2.2393692e+01
   2.3091486e+01
   2.3830713e+01
   2.4611540e+01
   2.5434110e+01
   2.6298542e+01
   2.7204921e+01
   2.8153299e+01
   2.9143686e+01
   3.0176046e+01
   3.1250294e+01
   3.2366288e+01
   3.3523825e+01
   3.4722638e+01
   3.5962388e+01
   3.7242660e+01
   3.8562961e+01
   3.9922711e+01
   4.1321241e+01
   4.2757788e+01
   4.4231492e+01
   4.5741391e+01
   4.7286418e+01
   4.8865398e+01
   5.0477045e+01
   5.2119958e+01
   5.3792623e+01
   5.5493409e+01
   5.7220564e+01
   5.8972220e+01
   6.0746391e+01
   6.2540971e+01
   6.4353739e+01
   6.6182358e+01
   6.8024379e+01
   6.9877242e+01
   7.1738284e+01
   7.3604735e+01
   7.5473734e+01
   7.7342324e+01
   7.9207465e+01
   8.1066040e+01
   8.2914857e+01
   8.4750665e+01
   8.6570156e+01
   8.8369979e+01
   9.0146745e+01
   9.1897041e+01
   9.3617437e+01
   9.5304501e+01
   9.6954806e+01
   9.8564944e+01
   1.0013154e+02
   1.0165125e+02
   1.0312079e+02
   1.0453696e+02
   1.0589660e+02
   1.0719668e+02
   1.0843423e+02
   1.0960643e+02
   1.1071057e+02
   1.1174405e+02
   1.1270447e+02
   1.1358952e+02
   1.1439711e+02
   1.1512529e+02
   1.1577230e+02
   1.1633658e+02
   1.1681675e+02
   1.1721162e+02
   1.1752025e+02
   1.1774186e+02
   1.1787592e+02
   1.1792209e+02
   1.1788027e+02
   1.1775056e+02
   1.1753328e+02
   1.1722899e+02
   1.1683842e+02
   1.1636254e+02
   1.1580253e+02
   1.1515975e+02
   1.1443578e+02
   1.1363235e+02
   1.1275143e+02
   1.1179510e+02
   1.1076565e+02
   1.0966551e+02
   1.0849724e+02
   1.0726357e+02
   1.0596732e+02
   1.0461144e+02
   1.0319898e+02
   1.0173307e+02
   1.0021693e+02
   9.8653839e+01
   9.7047135e+01
   9.5400194e+01
   9.3716423e+01
   9.1999247e+01
   9.0252099e+01
   8.8478408e+01
   8.6681588e+01
   8.4865026e+01
   8.3032075e+01
   8.1186042e+01
   7.9330182e+01
   7.7467684e+01
   7.5601668e+01
   7.3735177e+01
   7.1871166e+01
   7.0012501e+01
   6.8161951e+01
   6.6322182e+01
   6.4495758e+01
   6.2685128e+01
   6.0892632e+01
   5.9120495e+01
   5.7370823e+01
   5.5645608e+01
   5.3946719e+01
   5.2275911e+01
   5.0634818e+01
   4.9024958e+01
   4.7447734e+01
   4.5904437e+01
   4.4396243e+01
   4.2924225e+01
   4.1489346e+01
   4.0092472e+01
   3.8734367e+01
   3.7415704e+01
   3.6137067e+01
   3.4898952e+01
   3.3701777e+01
   3.2545886e+01
   3.1431547e+01
   3.0358968e+01
   2.9328294e+01
   2.8339612e+01
   2.7392963e+01
   2.6488338e+01
   2.5625689e+01
   2.4804934e+01
   2.4025956e+01
   2.3288615e+01
   2.2592748e+01
   2.1938172e+01
   2.1324695e+01
   2.0752113e+01
   2.0220215e+01
   1.9728792e+01
   1.9277634e+01
   1.8866536e+01
   1.8495302e+01
   1.8163745e+01
   1.7871691e+01
   1.7618982e+01
   1.7405478e+01
   1.7231055e+01
   1.7095612e+01
   1.6999069e+01
   1.6941368e+01
   1.6922475e+01
