   2.0612418e+02
   2.0611933e+02
   2.0610484e+02
   2.0608056e+02
   2.0604626e+02
   2.0600162e+02
   2.0594623e+02
   2.0587958e+02
   2.0580109e+02
   2.0571007e+02
   2.0560576e+02
   2.0548731e+02
   2.0535379e+02
   2.0520418e+02
   2.0503739e+02
   2.0485227e+02
   2.0464757e+02
   2.0442199e+02
   2.0417417e+02
   2.0390266e+02
   2.0360598e+02
   2.0328259e+02
   2.0293090e+02
   2.0254928e+02
   2.0213605e+02
   2.0168951e+02
   2.0120793e+02
   2.0068955e+02
   2.0013261e+02
   1.9953532e+02
   1.9889592e+02
   1.9821262e+02
   1.9748368e+02
   1.9670734e+02
   1.9588191e+02
   1.9500569e+02
   1.9407707e+02
   1.9309446e+02
   1.9205634e+02
   1.9096126e+02
   1.8980785e+02
   1.8859482e+02
   1.8732098e+02
   1.8598522e+02
   1.8458656e+02
   1.8312415e+02
   1.8159722e+02
   1.8000518e+02
   1.7834755e+02
   1.7662401e+02
   1.7483437e+02
   1.7297864e+02
   1.7105694e+02
   1.6906961e+02
   1.6701711e+02
   1.6490012e+02
   1.6271947e+02
   1.6047617e+02
   1.5817144e+02
   1.5580663e+02
   1.5338333e+02
   1.5090326e+02
   1.4836834e+02
   1.4578066e+02
   1.4314248e+02
   1.4045624e+02
   1.3772452e+02
   1.3495006e+02
   1.3213575e+02
   1.2928462e+02
   1.2639982e+02
   1.2348463e+02
   1.2054243e+02
   1.1757673e+02
   1.1459107e+02
   1.1158913e+02
   1.0857460e+02
   1.0555125e+02
   1.0252289e+02
   9.9493331e+01
   9.6466413e+01
   9.3445964e+01
   9.0435798e+01
   8.7439696e+01
   8.4461397e+01
   8.1504580e+01
   7.8572855e+01
   7.5669746e+01
   7.2798686e+01
   6.9962996e+01
   6.7165883e+01
   6.4410425e+01
   6.1699559e+01
   5.9036079e+01
   5.6422621e+01
   5.3861661e+01
   5.1355506e+01
   4.8906287e+01
   4.6515958e+01
   4.4186291e+01
   4.1918873e+01
   3.9715104e+01
   3.7576195e+01
   3.5503171e+01
   3.3496872e+01
   3.1557950e+01
   2.9686877e+01
   2.7883945e+01
   2.6149273e+01
   2.4482808e+01
   2.2884336e+01
   2.1353481e+01
   1.9889719e+01
   1.8492380e+01
   1.7160656e+01
   1.5893611e+01
   1.4690189e+01
   1.3549220e+01
   1.2469432e+01
   1.1449455e+01
   1.0487835e+01
   9.5830408e+00
   8.7334701e+00
   7.9374622e+00
   7.1933042e+00
   6.4992401e+00
   5.8534789e+00
   5.2542021e+00
   4.6995717e+00
   4.1877373e+00
   3.7168431e+00
   3.2850345e+00
   2.8904640e+00
   2.5312978e+00
   2.2057200e+00
   1.9119389e+00
   1.6481906e+00
   1.4127437e+00
   1.2039029e+00
   1.0200123e+00
   8.5945853e-01
   7.2067334e-01
   6.0213563e-01
   5.0237343e-01
   4.1996539e-01
   3.5354194e-01
   3.0178614e-01
   2.6343429e-01
   2.3727620e-01
   2.2215524e-01
   2.1696817e-01
   2.2066469e-01
   2.3224689e-01
   2.5076846e-01
   2.7533379e-01
   3.0509684e-01
   3.3926007e-01
   3.7707307e-01
   4.1783128e-01
   4.6087454e-01
   5.0558561e-01
   5.5138872e-01
   5.9774801e-01
   6.4416606e-01
   6.9018232e-01
   7.3537170e-01
   7.7934303e-01
   8.2173770e-01
   8.6222829e-01
   9.0051723e-01
   9.3633559e-01
   9.6944195e-01
   9.9962124e-01
   1.0266838e+00
   1.0504645e+00
   1.0708218e+00
   1.0876372e+00
   1.1008147e+00
   1.1102800e+00
   1.1159803e+00
   1.1178840e+00
   1.1159808e+00
   1.1102811e+00
   1.1008164e+00
   1.0876394e+00
   1.0708244e+00
   1.0504676e+00
   1.0266873e+00
   9.9962515e-01
   9.6944620e-01
   9.3634013e-01
   9.0052199e-01
   8.6223322e-01
   8.2174276e-01
   7.7934815e-01
   7.3537683e-01
   6.9018742e-01
   6.4417106e-01
   5.9775289e-01
   5.5139344e-01
   5.0559015e-01
   4.6087888e-01
   4.1783543e-01
   3.7707704e-01
   3.3926389e-01
   3.0510058e-01
   2.7533750e-01
   2.5077227e-01
   2.3225090e-01
   2.2066906e-01
   2.1697310e-01
   2.2216096e-01
   2.3728296e-01
   2.6344239e-01
   3.0179593e-01
   3.5355381e-01
   4.1997979e-01
   5.0239084e-01
   6.0215660e-01
   7.2069848e-01
   8.5948849e-01
   1.0200478e+00
   1.2039447e+00
   1.4127928e+00
   1.6482478e+00
   1.9120053e+00
   2.2057966e+00
   2.5313857e+00
   2.8905646e+00
   3.2851488e+00
   3.7169728e+00
   4.1878837e+00
   4.6997363e+00
   5.2543866e+00
   5.8536849e+00
   6.4994694e+00
   7.1935586e+00
   7.9377436e+00
   8.7337805e+00
   9.5833823e+00
   1.0488210e+01
   1.1449865e+01
   1.2469879e+01
   1.3549707e+01
   1.4690718e+01
   1.5894184e+01
   1.7161275e+01
   1.8493048e+01
   1.9890439e+01
   2.1354255e+01
   2.2885165e+01
   2.4483696e+01
   2.6150221e+01
   2.7884956e+01
   2.9687953e+01
   3.1559093e+01
   3.3498084e+01
   3.5504455e+01
   3.7577552e+01
   3.9716536e+01
   4.1920382e+01
   4.4187879e+01
   4.6517625e+01
   4.8908035e+01
   5.1357337e+01
   5.3863576e+01
   5.6424620e+01
   5.9038163e+01
   6.1701729e+01
   6.4412680e+01
   6.7168225e+01
   6.9965424e+01
   7.2801200e+01
   7.5672346e+01
   7.8575540e+01
   8.1507350e+01
   8.4464250e+01
   8.7442631e+01
   9.0438813e+01
   9.3449058e+01
   9.6469584e+01
   9.9496578e+01
   1.0252621e+02
   1.0555464e+02
   1.0857806e+02
   1.1159265e+02
   1.1459466e+02
   1.1758037e+02
   1.2054614e+02
   1.2348838e+02
   1.2640362e+02
   1.2928847e+02
   1.3213965e+02
   1.3495400e+02
   1.3772849e+02
   1.4046024e+02
   1.4314651e+02
   1.4578471e+02
   1.4837240e+02
   1.5090734e+02
   1.5338742e+02
   1.5581073e+02
   1.5817554e+02
   1.6048027e+02
   1.6272356e+02
   1.6490421e+02
   1.6702118e+02
   1.6907366e+02
   1.7106098e+02
   1.7298265e+02
   1.7483835e+02
   1.7662795e+02
   1.7835146e+02
   1.8000905e+02
   1.8160105e+02
   1.8312793e+02
   1.8459030e+02
   1.8598890e+02
   1.8732461e+02
   1.8859840e+02
   1.8981137e+02
   1.9096471e+02
   1.9205972e+02
   1.9309777e+02
   1.9408031e+02
   1.9500886e+02
   1.9588500e+02
   1.9671037e+02
   1.9748662e+02
   1.9821549e+02
   1.9889870e+02
   1.9953802e+02
   2.0013522e+02
   2.0069208e+02
   2.0121038e+02
   2.0169187e+02
   2.0213832e+02
   2.0255146e+02
   2.0293300e+02
   2.0328459e+02
   2.0360789e+02
   2.0390447e+02
   2.0417589e+02
   2.0442362e+02
   2.0464911e+02
   2.0485371e+02
   2.0503874e+02
   2.0520543e+02
   2.0535494e+02
   2.0548837e+02
   2.0560673e+02
   2.0571094e+02
   2.0580187e+02
   2.0588026e+02
   2.0594681e+02
   2.0600210e+02
   2.0604664e+02
   2.0608085e+02
   2.0610503e+02
   2.0611943e+02
   2.0612418e+02
