   6.0873097e+04
   6.0859863e+04
   6.0820222e+04
   6.0753947e+04
   6.0660658e+04
   6.0539830e+04
   6.0390794e+04
   6.0212744e+04
   6.0004743e+04
   5.9765732e+04
   5.9494541e+04
   5.9189896e+04
   5.8850437e+04
   5.8474728e+04
   5.8061272e+04
   5.7608533e+04
   5.7114949e+04
   5.6578956e+04
   5.5999009e+04
   5.5373604e+04
   5.4701301e+04
   5.3980754e+04
   5.3210736e+04
   5.2390165e+04
   5.1518134e+04
   5.0593940e+04
   4.9617112e+04
   4.8587442e+04
   4.7505010e+04
   4.6370214e+04
   4.5183794e+04
   4.3946858e+04
   4.2660901e+04
   4.1327823e+04
   3.9949947e+04
   3.8530026e+04
   3.7071252e+04
   3.5577255e+04
   3.4052099e+04
   3.2500272e+04
   3.0926667e+04
   2.9336561e+04
   2.7735581e+04
   2.6129671e+04
   2.4525042e+04
   2.2928126e+04
   2.1345515e+04
   1.9783902e+04
   1.8250008e+04
   1.6750511e+04
   1.5291971e+04
   1.3880750e+04
   1.2522930e+04
   1.1224241e+04
   9.9899707e+03
   8.8249018e+03
   7.7332332e+03
   6.7185191e+03
   5.7836114e+03
   4.9306117e+03
   4.1608339e+03
   3.4747779e+03
   2.8721154e+03
   2.3516894e+03
   1.9115266e+03
   1.5488637e+03
   1.2601874e+03
   1.0412875e+03
   8.8732214e+02
   7.9289484e+02
   7.5214150e+02
   7.5882562e+02
   8.0644036e+02
   8.8831509e+02
   9.9772433e+02
   1.1279969e+03
   1.2726227e+03
   1.4253554e+03
   1.5803079e+03
   1.7320394e+03
   1.8756321e+03
   2.0067551e+03
   2.1217157e+03
   2.2174953e+03
   2.2917711e+03
   2.3429222e+03
   2.3700207e+03
   2.3728085e+03
   2.3516603e+03
   2.3075343e+03
   2.2419125e+03
   2.1567317e+03
   2.0543075e+03
   1.9372533e+03
   1.8083972e+03
   1.6706976e+03
   1.5271608e+03
   1.3807621e+03
   1.2343720e+03
   1.0906903e+03
   9.5218711e+02
   8.2105485e+02
   6.9916925e+02
   5.8806156e+02
   4.8890137e+02
   4.0248998e+02
   3.2926395e+02
   2.6930806e+02
   2.2237673e+02
   1.8792287e+02
   1.6513284e+02
   1.5296619e+02
   1.5019889e+02
   1.5546845e+02
   1.6731985e+02
   1.8425074e+02
   2.0475490e+02
   2.2736286e+02
   2.5067880e+02
   2.7341300e+02
   2.9440930e+02
   3.1266723e+02
   3.2735860e+02
   3.3783849e+02
   3.4365082e+02
   3.4452877e+02
   3.4039039e+02
   3.3132986e+02
   3.1760508e+02
   2.9962203e+02
   2.7791665e+02
   2.5313479e+02
   2.2601104e+02
   1.9734681e+02
   1.6798843e+02
   1.3880568e+02
   1.1067128e+02
   8.4441696e+01
   6.0939537e+01
   4.0937925e+01
   2.5146892e+01
   1.4201997e+01
   8.6551819e+00
   8.9678883e+00
   1.5506264e+01
   2.8538550e+01
   4.8234427e+01
   7.4666075e+01
   1.0781084e+02
   1.4755530e+02
   1.9370053e+02
   2.4596828e+02
   3.0400802e+02
   3.6740440e+02
   4.3568528e+02
   5.0832974e+02
   5.8477635e+02
   6.6443119e+02
   7.4667575e+02
   8.3087447e+02
   9.1638194e+02
   1.0025496e+03
   1.0887319e+03
   1.1742922e+03
   1.2586075e+03
   1.3410737e+03
   1.4211089e+03
   1.4981577e+03
   1.5716935e+03
   1.6412220e+03
   1.7062825e+03
   1.7664504e+03
   1.8213385e+03
   1.8705978e+03
   1.9139189e+03
   1.9510327e+03
   1.9817107e+03
   2.0057655e+03
   2.0230510e+03
   2.0334629e+03
   2.0369385e+03
   2.0334570e+03
   2.0230392e+03
   2.0057479e+03
   1.9816875e+03
   1.9510040e+03
   1.9138850e+03
   1.8705588e+03
   1.8212949e+03
   1.7664025e+03
   1.7062306e+03
   1.6411666e+03
   1.5716350e+03
   1.4980965e+03
   1.4210456e+03
   1.3410087e+03
   1.2585413e+03
   1.1742253e+03
   1.0886648e+03
   1.0024828e+03
   9.1631590e+02
   8.3080969e+02
   7.4661267e+02
   6.6437024e+02
   5.8471793e+02
   5.0827422e+02
   4.3563299e+02
   3.6735563e+02
   3.0396301e+02
   2.4592724e+02
   1.9366361e+02
   1.4752261e+02
   1.0778243e+02
   7.4641950e+01
   4.8214541e+01
   2.8522808e+01
   1.5494522e+01
   8.9599543e+00
   8.6508254e+00
   1.4200951e+01
   2.5148847e+01
   4.0942540e+01
   6.0946446e+01
   8.4450510e+01
   1.1068160e+02
   1.3881708e+02
   1.6800051e+02
   1.9735915e+02
   2.2602324e+02
   2.5314647e+02
   2.7792745e+02
   2.9963163e+02
   3.1761319e+02
   3.3133624e+02
   3.4039487e+02
   3.4453123e+02
   3.4365120e+02
   3.3783682e+02
   3.2735498e+02
   3.1266184e+02
   2.9440241e+02
   2.7340499e+02
   2.5067013e+02
   2.2735408e+02
   2.0474666e+02
   1.8424378e+02
   1.6731500e+02
   1.5546661e+02
   1.5020104e+02
   1.5297337e+02
   1.6514613e+02
   1.8794339e+02
   2.2240559e+02
   2.6934637e+02
   3.2931280e+02
   4.0255039e+02
   4.8897428e+02
   5.8814781e+02
   6.9926955e+02
   8.2116974e+02
   9.5231696e+02
   1.0908352e+03
   1.2345321e+03
   1.3809369e+03
   1.5273498e+03
   1.6709000e+03
   1.8086119e+03
   1.9374789e+03
   2.0545425e+03
   2.1569744e+03
   2.2421608e+03
   2.3077860e+03
   2.3519131e+03
   2.3730602e+03
   2.3702688e+03
   2.3431643e+03
   2.2920050e+03
   2.2177189e+03
   2.1219272e+03
   2.0069529e+03
   1.8758148e+03
   1.7322064e+03
   1.5804588e+03
   1.4254904e+03
   1.2727425e+03
   1.1281027e+03
   9.9781828e+02
   8.8839975e+02
   8.0651897e+02
   7.5890205e+02
   7.5222022e+02
   7.9298091e+02
   8.8742111e+02
   1.0414055e+03
   1.2603308e+03
   1.5490392e+03
   1.9117413e+03
   2.3519505e+03
   2.8724301e+03
   3.4751535e+03
   4.1612775e+03
   4.9311301e+03
   5.7842112e+03
   6.7192064e+03
   7.7340137e+03
   8.8257806e+03
   9.9909523e+03
   1.1225329e+04
   1.2524128e+04
   1.3882059e+04
   1.5293394e+04
   1.6752048e+04
   1.8251658e+04
   1.9785665e+04
   2.1347388e+04
   2.2930106e+04
   2.4527126e+04
   2.6131855e+04
   2.7737860e+04
   2.9338929e+04
   3.0929118e+04
   3.2502798e+04
   3.4054694e+04
   3.5579911e+04
   3.7073961e+04
   3.8532780e+04
   3.9952737e+04
   4.1330640e+04
   4.2663737e+04
   4.3949704e+04
   4.5186641e+04
   4.6373052e+04
   4.7507832e+04
   4.8590238e+04
   4.9619875e+04
   5.0596662e+04
   5.1520807e+04
   5.2392781e+04
   5.3213288e+04
   5.3983235e+04
   5.4703704e+04
   5.5375923e+04
   5.6001240e+04
   5.6581091e+04
   5.7116984e+04
   5.7610462e+04
   5.8063092e+04
   5.8476434e+04
   5.8852027e+04
   5.9191365e+04
   5.9495885e+04
   5.9766950e+04
   6.0005831e+04
   6.0213701e+04
   6.0391618e+04
   6.0540519e+04
   6.0661211e+04
   6.0754363e+04
   6.0820500e+04
   6.0860002e+04
   6.0873097e+04
