   2.1317686e+02
   2.1332555e+02
   2.1376826e+02
   2.1450482e+02
   2.1553494e+02
   2.1685822e+02
   2.1847413e+02
   2.2038203e+02
   2.2258114e+02
   2.2507054e+02
   2.2784920e+02
   2.3091593e+02
   2.3426939e+02
   2.3790811e+02
   2.4183043e+02
   2.4603454e+02
   2.5051844e+02
   2.5527998e+02
   2.6031676e+02
   2.6562624e+02
   2.7120561e+02
   2.7705188e+02
   2.8316181e+02
   2.8953192e+02
   2.9615846e+02
   3.0303743e+02
   3.1016455e+02
   3.1753525e+02
   3.2514464e+02
   3.3298755e+02
   3.4105846e+02
   3.4935151e+02
   3.5786053e+02
   3.6657893e+02
   3.7549982e+02
   3.8461587e+02
   3.9391940e+02
   4.0340232e+02
   4.1305614e+02
   4.2287194e+02
   4.3284041e+02
   4.4295179e+02
   4.5319592e+02
   4.6356218e+02
   4.7403955e+02
   4.8461657e+02
   4.9528135e+02
   5.0602157e+02
   5.1682451e+02
   5.2767704e+02
   5.3856563e+02
   5.4947635e+02
   5.6039493e+02
   5.7130672e+02
   5.8219674e+02
   5.9304971e+02
   6.0385004e+02
   6.1458190e+02
   6.2522920e+02
   6.3577568e+02
   6.4620488e+02
   6.5650021e+02
   6.6664501e+02
   6.7662252e+02
   6.8641600e+02
   6.9600871e+02
   7.0538402e+02
   7.1452537e+02
   7.2341642e+02
   7.3204099e+02
   7.4038321e+02
   7.4842749e+02
   7.5615864e+02
   7.6356185e+02
   7.7062280e+02
   7.7732766e+02
   7.8366319e+02
   7.8961673e+02
   7.9517630e+02
   8.0033061e+02
   8.0506911e+02
   8.0938203e+02
   8.1326043e+02
   8.1669620e+02
   8.1968215e+02
   8.2221198e+02
   8.2428033e+02
   8.2588280e+02
   8.2701599e+02
   8.2767745e+02
   8.2786578e+02
   8.2758054e+02
   8.2682233e+02
   8.2559276e+02
   8.2389440e+02
   8.2173086e+02
   8.1910670e+02
   8.1602744e+02
   8.1249952e+02
   8.0853032e+02
   8.0412809e+02
   7.9930191e+02
   7.9406169e+02
   7.8841812e+02
   7.8238261e+02
   7.7596728e+02
   7.6918488e+02
   7.6204877e+02
   7.5457288e+02
   7.4677161e+02
   7.3865986e+02
   7.3025290e+02
   7.2156637e+02
   7.1261622e+02
   7.0341864e+02
   6.9399006e+02
   6.8434703e+02
   6.7450623e+02
   6.6448441e+02
   6.5429832e+02
   6.4396471e+02
   6.3350024e+02
   6.2292149e+02
   6.1224489e+02
   6.0148668e+02
   5.9066292e+02
   5.7978939e+02
   5.6888163e+02
   5.5795489e+02
   5.4702408e+02
   5.3610379e+02
   5.2520823e+02
   5.1435126e+02
   5.0354633e+02
   4.9280651e+02
   4.8214444e+02
   4.7157236e+02
   4.6110207e+02
   4.5074495e+02
   4.4051194e+02
   4.3041357e+02
   4.2045992e+02
   4.1066065e+02
   4.0102501e+02
   3.9156180e+02
   3.8227945e+02
   3.7318594e+02
   3.6428889e+02
   3.5559551e+02
   3.4711266e+02
   3.3884679e+02
   3.3080403e+02
   3.2299015e+02
   3.1541058e+02
   3.0807043e+02
   3.0097450e+02
   2.9412730e+02
   2.8753304e+02
   2.8119566e+02
   2.7511881e+02
   2.6930594e+02
   2.6376020e+02
   2.5848456e+02
   2.5348172e+02
   2.4875422e+02
   2.4430435e+02
   2.4013424e+02
   2.3624584e+02
   2.3264091e+02
   2.2932105e+02
   2.2628771e+02
   2.2354217e+02
   2.2108557e+02
   2.1891894e+02
   2.1704313e+02
   2.1545889e+02
   2.1416683e+02
   2.1316745e+02
   2.1246113e+02
   2.1204812e+02
   2.1192856e+02
   2.1210248e+02
   2.1256979e+02
   2.1333029e+02
   2.1438366e+02
   2.1572946e+02
   2.1736713e+02
   2.1929601e+02
   2.2151527e+02
   2.2402400e+02
   2.2682112e+02
   2.2990542e+02
   2.3327556e+02
   2.3693002e+02
   2.4086715e+02
   2.4508512e+02
   2.4958192e+02
   2.5435537e+02
   2.5940309e+02
   2.6472252e+02
   2.7031086e+02
   2.7616511e+02
   2.8228203e+02
   2.8865815e+02
   2.9528974e+02
   3.0217279e+02
   3.0930306e+02
   3.1667596e+02
   3.2428667e+02
   3.3213000e+02
   3.4020048e+02
   3.4849229e+02
   3.5699926e+02
   3.6571488e+02
   3.7463226e+02
   3.8374414e+02
   3.9304289e+02
   4.0252046e+02
   4.1216842e+02
   4.2197791e+02
   4.3193968e+02
   4.4204405e+02
   4.5228091e+02
   4.6263973e+02
   4.7310955e+02
   4.8367899e+02
   4.9433625e+02
   5.0506910e+02
   5.1586489e+02
   5.2671059e+02
   5.3759276e+02
   5.4849756e+02
   5.5941080e+02
   5.7031794e+02
   5.8120409e+02
   5.9205407e+02
   6.0285238e+02
   6.1358327e+02
   6.2423078e+02
   6.3477870e+02
   6.4521068e+02
   6.5551023e+02
   6.6566074e+02
   6.7564556e+02
   6.8544802e+02
   6.9505147e+02
   7.0443931e+02
   7.1359508e+02
   7.2250248e+02
   7.3114540e+02
   7.3950800e+02
   7.4757475e+02
   7.5533047e+02
   7.6276040e+02
   7.6985022e+02
   7.7658613e+02
   7.8295489e+02
   7.8894383e+02
   7.9454096e+02
   7.9973498e+02
   8.0451529e+02
   8.0887211e+02
   8.1279644e+02
   8.1628013e+02
   8.1931591e+02
   8.2189743e+02
   8.2401924e+02
   8.2567688e+02
   8.2686683e+02
   8.2758657e+02
   8.2783457e+02
   8.2761031e+02
   8.2691426e+02
   8.2574790e+02
   8.2411370e+02
   8.2201513e+02
   8.1945661e+02
   8.1644354e+02
   8.1298222e+02
   8.0907988e+02
   8.0474464e+02
   7.9998544e+02
   7.9481205e+02
   7.8923501e+02
   7.8326561e+02
   7.7691581e+02
   7.7019824e+02
   7.6312613e+02
   7.5571327e+02
   7.4797395e+02
   7.3992292e+02
   7.3157536e+02
   7.2294679e+02
   7.1405305e+02
   7.0491025e+02
   6.9553470e+02
   6.8594287e+02
   6.7615136e+02
   6.6617684e+02
   6.5603600e+02
   6.4574552e+02
   6.3532202e+02
   6.2478202e+02
   6.1414190e+02
   6.0341789e+02
   5.9262601e+02
   5.8178202e+02
   5.7090146e+02
   5.5999956e+02
   5.4909123e+02
   5.3819106e+02
   5.2731330e+02
   5.1647181e+02
   5.0568006e+02
   4.9495116e+02
   4.8429778e+02
   4.7373220e+02
   4.6326625e+02
   4.5291138e+02
   4.4267858e+02
   4.3257841e+02
   4.2262103e+02
   4.1281617e+02
   4.0317311e+02
   3.9370074e+02
   3.8440755e+02
   3.7530161e+02
   3.6639058e+02
   3.5768178e+02
   3.4918210e+02
   3.4089809e+02
   3.3283596e+02
   3.2500154e+02
   3.1740034e+02
   3.1003756e+02
   3.0291806e+02
   2.9604642e+02
   2.8942693e+02
   2.8306360e+02
   2.7696017e+02
   2.7112013e+02
   2.6554673e+02
   2.6024299e+02
   2.5521169e+02
   2.5045541e+02
   2.4597655e+02
   2.4177727e+02
   2.3785959e+02
   2.3422532e+02
   2.3087614e+02
   2.2781354e+02
   2.2503886e+02
   2.2255331e+02
   2.2035794e+02
   2.1845367e+02
   2.1684130e+02
   2.1552150e+02
   2.1449479e+02
   2.1376160e+02
   2.1332223e+02
   2.1317686e+02
