   8.1712600e+03
   8.1708102e+03
   8.1694700e+03
   8.1672147e+03
   8.1640037e+03
   8.1597800e+03
   8.1544708e+03
   8.1479875e+03
   8.1402260e+03
   8.1310673e+03
   8.1203774e+03
   8.1080084e+03
   8.0937985e+03
   8.0775731e+03
   8.0591452e+03
   8.0383163e+03
   8.0148777e+03
   7.9886109e+03
   7.9592894e+03
   7.9266794e+03
   7.8905416e+03
   7.8506328e+03
   7.8067071e+03
   7.7585180e+03
   7.7058204e+03
   7.6483724e+03
   7.5859377e+03
   7.5182875e+03
   7.4452034e+03
   7.3664797e+03
   7.2819255e+03
   7.1913681e+03
   7.0946550e+03
   6.9916569e+03
   6.8822704e+03
   6.7664205e+03
   6.6440631e+03
   6.5151877e+03
   6.3798195e+03
   6.2380216e+03
   6.0898970e+03
   5.9355903e+03
   5.7752891e+03
   5.6092247e+03
   5.4376736e+03
   5.2609567e+03
   5.0794401e+03
   4.8935340e+03
   4.7036919e+03
   4.5104085e+03
   4.3142182e+03
   4.1156917e+03
   3.9154338e+03
   3.7140786e+03
   3.5122861e+03
   3.3107373e+03
   3.1101288e+03
   2.9111677e+03
   2.7145655e+03
   2.5210320e+03
   2.3312691e+03
   2.1459641e+03
   1.9657831e+03
   1.7913649e+03
   1.6233142e+03
   1.4621957e+03
   1.3085278e+03
   1.1627778e+03
   1.0253562e+03
   8.9661286e+02
   7.7683280e+02
   6.6623335e+02
   5.6496181e+02
   4.7309394e+02
   3.9063338e+02
   3.1751189e+02
   2.5359049e+02
   1.9866147e+02
   1.5245126e+02
   1.1462414e+02
   8.4786652e+01
   6.2492808e+01
   4.7249830e+01
   3.8524489e+01
   3.5749866e+01
   3.8332444e+01
   4.5659431e+01
   5.7106198e+01
   7.2043711e+01
   8.9845847e+01
   1.0989649e+02
   1.3159629e+02
   1.5436901e+02
   1.7766733e+02
   2.0097808e+02
   2.2382686e+02
   2.4578182e+02
   2.6645688e+02
   2.8551402e+02
   3.0266487e+02
   3.1767155e+02
   3.3034669e+02
   3.4055278e+02
   3.4820083e+02
   3.5324839e+02
   3.5569702e+02
   3.5558929e+02
   3.5300530e+02
   3.4805893e+02
   3.4089378e+02
   3.3167897e+02
   3.2060477e+02
   3.0787833e+02
   2.9371933e+02
   2.7835581e+02
   2.6202017e+02
   2.4494543e+02
   2.2736165e+02
   2.0949282e+02
   1.9155396e+02
   1.7374864e+02
   1.5626691e+02
   1.3928346e+02
   1.2295639e+02
   1.0742609e+02
   9.2814676e+01
   7.9225663e+01
   6.6743945e+01
   5.5436089e+01
   4.5350861e+01
   3.6519976e+01
   2.8959033e+01
   2.2668611e+01
   1.7635473e+01
   1.3833875e+01
   1.1226929e+01
   9.7679936e+00
   9.4020824e+00
   1.0067247e+01
   1.1695926e+01
   1.4216248e+01
   1.7553251e+01
   2.1630035e+01
   2.6368817e+01
   3.1691889e+01
   3.7522479e+01
   4.3785507e+01
   5.0408238e+01
   5.7320829e+01
   6.4456788e+01
   7.1753326e+01
   7.9151632e+01
   8.6597054e+01
   9.4039216e+01
   1.0143206e+02
   1.0873381e+02
   1.1590693e+02
   1.2291797e+02
   1.2973745e+02
   1.3633962e+02
   1.4270227e+02
   1.4880648e+02
   1.5463639e+02
   1.6017892e+02
   1.6542348e+02
   1.7036176e+02
   1.7498743e+02
   1.7929587e+02
   1.8328395e+02
   1.8694977e+02
   1.9029246e+02
   1.9331194e+02
   1.9600873e+02
   1.9838381e+02
   2.0043840e+02
   2.0217386e+02
   2.0359154e+02
   2.0469271e+02
   2.0547843e+02
   2.0594951e+02
   2.0610645e+02
   2.0594944e+02
   2.0547829e+02
   2.0469249e+02
   2.0359125e+02
   2.0217350e+02
   2.0043796e+02
   1.9838330e+02
   1.9600815e+02
   1.9331127e+02
   1.9029172e+02
   1.8694895e+02
   1.8328305e+02
   1.7929489e+02
   1.7498637e+02
   1.7036062e+02
   1.6542225e+02
   1.6017760e+02
   1.5463500e+02
   1.4880500e+02
   1.4270070e+02
   1.3633797e+02
   1.2973572e+02
   1.2291616e+02
   1.1590504e+02
   1.0873185e+02
   1.0143003e+02
   9.4037133e+01
   8.6594920e+01
   7.9149457e+01
   7.1751123e+01
   6.4454571e+01
   5.7318615e+01
   5.0406046e+01
   4.3783360e+01
   3.7520401e+01
   3.1689908e+01
   2.6366966e+01
   2.1628349e+01
   1.7551769e+01
   1.4215013e+01
   1.1694986e+01
   1.0066652e+01
   9.4018896e+00
   9.7682628e+00
   1.1227723e+01
   1.3835262e+01
   1.7637520e+01
   2.2671391e+01
   2.8962620e+01
   3.6524445e+01
   4.5356290e+01
   5.5442553e+01
   6.6751520e+01
   7.9234422e+01
   9.2824688e+01
   1.0743742e+02
   1.2296910e+02
   1.3929760e+02
   1.5628252e+02
   1.7376576e+02
   1.9157259e+02
   2.0951299e+02
   2.2738334e+02
   2.4496862e+02
   2.6204482e+02
   2.7838186e+02
   2.9374670e+02
   3.0790693e+02
   3.2063448e+02
   3.3170964e+02
   3.4092528e+02
   3.4809107e+02
   3.5303790e+02
   3.5562215e+02
   3.5572993e+02
   3.5328112e+02
   3.4823315e+02
   3.4058446e+02
   3.3037750e+02
   3.1770127e+02
   3.0269328e+02
   2.8554092e+02
   2.6648210e+02
   2.4580520e+02
   2.2384828e+02
   2.0099745e+02
   1.7768459e+02
   1.5438418e+02
   1.3160940e+02
   1.0990765e+02
   8.9855202e+01
   7.2051479e+01
   5.7112654e+01
   4.5664911e+01
   3.8337348e+01
   3.5754657e+01
   3.8529689e+01
   4.7256019e+01
   6.2500621e+01
   8.4796775e+01
   1.1463730e+02
   1.5246824e+02
   1.9868307e+02
   2.5361755e+02
   3.1754526e+02
   3.9067392e+02
   4.7314252e+02
   5.6501929e+02
   6.6630058e+02
   7.7691060e+02
   8.9670202e+02
   1.0254575e+03
   1.1628919e+03
   1.3086554e+03
   1.4623373e+03
   1.6234704e+03
   1.7915360e+03
   1.9659696e+03
   2.1461662e+03
   2.3314870e+03
   2.5212659e+03
   2.7148152e+03
   2.9114332e+03
   3.1104100e+03
   3.3110338e+03
   3.5125977e+03
   3.7144047e+03
   3.9157739e+03
   4.1160453e+03
   4.3145845e+03
   4.5107869e+03
   4.7040815e+03
   4.8939340e+03
   5.0798496e+03
   5.2613747e+03
   5.4380991e+03
   5.6096569e+03
   5.7757267e+03
   5.9360325e+03
   6.0903426e+03
   6.2384695e+03
   6.3802688e+03
   6.5156373e+03
   6.6445120e+03
   6.7668676e+03
   6.8827148e+03
   6.9920975e+03
   7.0950909e+03
   7.1917984e+03
   7.2823494e+03
   7.3668963e+03
   7.4456120e+03
   7.5186872e+03
   7.5863278e+03
   7.6487523e+03
   7.7061893e+03
   7.7588754e+03
   7.8070524e+03
   7.8509655e+03
   7.8908612e+03
   7.9269854e+03
   7.9595814e+03
   7.9888885e+03
   8.0151406e+03
   8.0385642e+03
   8.0593777e+03
   8.0777900e+03
   8.0939996e+03
   8.1081934e+03
   8.1205461e+03
   8.1312196e+03
   8.1403617e+03
   8.1481065e+03
   8.1545730e+03
   8.1598653e+03
   8.1640720e+03
   8.1672660e+03
   8.1695042e+03
   8.1708274e+03
   8.1712600e+03
