   1.2630451e-04
   3.5534069e-04
   1.0140297e-03
   2.1024026e-03
   3.6196703e-03
   5.5642512e-03
   7.9340331e-03
   1.0726420e-02
   1.3938343e-02
   1.7566269e-02
   2.1606199e-02
   2.6053674e-02
   3.0903782e-02
   3.6151156e-02
   4.1789979e-02
   4.7813993e-02
   5.4216497e-02
   6.0990358e-02
   6.8128014e-02
   7.5621477e-02
   8.3462345e-02
   9.1641806e-02
   1.0015064e-01
   1.0897925e-01
   1.1811762e-01
   1.2755539e-01
   1.3728180e-01
   1.4728575e-01
   1.5755579e-01
   1.6808011e-01
   1.7884660e-01
   1.8984280e-01
   2.0105598e-01
   2.1247309e-01
   2.2408080e-01
   2.3586554e-01
   2.4781345e-01
   2.5991046e-01
   2.7214226e-01
   2.8449433e-01
   2.9695198e-01
   3.0950031e-01
   3.2212428e-01
   3.3480871e-01
   3.4753827e-01
   3.6029756e-01
   3.7307106e-01
   3.8584319e-01
   3.9859832e-01
   4.1132078e-01
   4.2399489e-01
   4.3660500e-01
   4.4913544e-01
   4.6157063e-01
   4.7389505e-01
   4.8609324e-01
   4.9814989e-01
   5.1004980e-01
   5.2177792e-01
   5.3331937e-01
   5.4465948e-01
   5.5578379e-01
   5.6667806e-01
   5.7732832e-01
   5.8772087e-01
   5.9784231e-01
   6.0767956e-01
   6.1721987e-01
   6.2645085e-01
   6.3536047e-01
   6.4393711e-01
   6.5216956e-01
   6.6004703e-01
   6.6755917e-01
   6.7469612e-01
   6.8144845e-01
   6.8780727e-01
   6.9376417e-01
   6.9931125e-01
   7.0444118e-01
   7.0914713e-01
   7.1342286e-01
   7.1726268e-01
   7.2066146e-01
   7.2361470e-01
   7.2611844e-01
   7.2816934e-01
   7.2976466e-01
   7.3090228e-01
   7.3158067e-01
   7.3179892e-01
   7.3155675e-01
   7.3085446e-01
   7.2969301e-01
   7.2807394e-01
   7.2599942e-01
   7.2347220e-01
   7.2049567e-01
   7.1707379e-01
   7.1321111e-01
   7.0891279e-01
   7.0418453e-01
   6.9903263e-01
   6.9346390e-01
   6.8748574e-01
   6.8110606e-01
   6.7433328e-01
   6.6717635e-01
   6.5964469e-01
   6.5174820e-01
   6.4349725e-01
   6.3490265e-01
   6.2597564e-01
   6.1672785e-01
   6.0717134e-01
   5.9731851e-01
   5.8718213e-01
   5.7677530e-01
   5.6611144e-01
   5.5520426e-01
   5.4406775e-01
   5.3271615e-01
   5.2116394e-01
   5.0942582e-01
   4.9751666e-01
   4.8545153e-01
   4.7324562e-01
   4.6091428e-01
   4.4847295e-01
   4.3593717e-01
   4.2332252e-01
   4.1064467e-01
   3.9791928e-01
   3.8516204e-01
   3.7238860e-01
   3.5961461e-01
   3.4685563e-01
   3.3412719e-01
   3.2144470e-01
   3.0882346e-01
   2.9627866e-01
   2.8382534e-01
   2.7147838e-01
   2.5925247e-01
   2.4716212e-01
   2.3522163e-01
   2.2344508e-01
   2.1184628e-01
   2.0043882e-01
   1.8923601e-01
   1.7825088e-01
   1.6749615e-01
   1.5698427e-01
   1.4672734e-01
   1.3673713e-01
   1.2702510e-01
   1.1760233e-01
   1.0847954e-01
   9.9667095e-02
   9.1174976e-02
   8.3012772e-02
   7.5189677e-02
   6.7714485e-02
   6.0595577e-02
   5.3840917e-02
   4.7458046e-02
   4.1454075e-02
   3.5835681e-02
   3.0609100e-02
   2.5780124e-02
   2.1354096e-02
   1.7335905e-02
   1.3729984e-02
   1.0540306e-02
   7.7703814e-03
   5.4232516e-03
   3.5014863e-03
   2.0071688e-03
   9.4183977e-04
   3.0613438e-04
   9.9600911e-05
   3.2985603e-04
   9.8909451e-04
   2.0779649e-03
   3.5957543e-03
   5.5408887e-03
   7.9112574e-03
   1.0704264e-02
   1.3916841e-02
   1.7545453e-02
   2.1586101e-02
   2.6034328e-02
   3.0885217e-02
   3.6133403e-02
   4.1773069e-02
   4.7797953e-02
   5.4201357e-02
   6.0976144e-02
   6.8114751e-02
   7.5609191e-02
   8.3451060e-02
   9.1631544e-02
   1.0014143e-01
   1.0897109e-01
   1.1811055e-01
   1.2754941e-01
   1.3727694e-01
   1.4728202e-01
   1.5755319e-01
   1.6807866e-01
   1.7884631e-01
   1.8984368e-01
   2.0105802e-01
   2.1247631e-01
   2.2408520e-01
   2.3587111e-01
   2.4782019e-01
   2.5991837e-01
   2.7215133e-01
   2.8450457e-01
   2.9696336e-01
   3.0951283e-01
   3.2213793e-01
   3.3482346e-01
   3.4755413e-01
   3.6031450e-01
   3.7308906e-01
   3.8586222e-01
   3.9861837e-01
   4.1134183e-01
   4.2401691e-01
   4.3662796e-01
   4.4915932e-01
   4.6159540e-01
   4.7392067e-01
   4.8611969e-01
   4.9817714e-01
   5.1007781e-01
   5.2180665e-01
   5.3334880e-01
   5.4468957e-01
   5.5581450e-01
   5.6670936e-01
   5.7736017e-01
   5.8775323e-01
   5.9787515e-01
   6.0771283e-01
   6.1725354e-01
   6.2648487e-01
   6.3539482e-01
   6.4397175e-01
   6.5220444e-01
   6.6008212e-01
   6.6759444e-01
   6.7473152e-01
   6.8148396e-01
   6.8784285e-01
   6.9379978e-01
   6.9934686e-01
   7.0447676e-01
   7.0918265e-01
   7.1345828e-01
   7.1729797e-01
   7.2069661e-01
   7.2364966e-01
   7.2615320e-01
   7.2820387e-01
   7.2979895e-01
   7.3093629e-01
   7.3161439e-01
   7.3183233e-01
   7.3158983e-01
   7.3088720e-01
   7.2972539e-01
   7.2810595e-01
   7.2603105e-01
   7.2350344e-01
   7.2052652e-01
   7.1710423e-01
   7.1324115e-01
   7.0894242e-01
   7.0421376e-01
   6.9906144e-01
   6.9349231e-01
   6.8751375e-01
   6.8113367e-01
   6.7436050e-01
   6.6720318e-01
   6.5967114e-01
   6.5177429e-01
   6.4352298e-01
   6.3492804e-01
   6.2600070e-01
   6.1675261e-01
   6.0719580e-01
   5.9734269e-01
   5.8720604e-01
   5.7679897e-01
   5.6613488e-01
   5.5522749e-01
   5.4409079e-01
   5.3273903e-01
   5.2118667e-01
   5.0944842e-01
   4.9753916e-01
   4.8547394e-01
   4.7326797e-01
   4.6093659e-01
   4.4849523e-01
   4.3595944e-01
   4.2334482e-01
   4.1066700e-01
   3.9794167e-01
   3.8518450e-01
   3.7241116e-01
   3.5963727e-01
   3.4687842e-01
   3.3415012e-01
   3.2146778e-01
   3.0884672e-01
   2.9630210e-01
   2.8384897e-01
   2.7150221e-01
   2.5927652e-01
   2.4718639e-01
   2.3524613e-01
   2.2346980e-01
   2.1187124e-01
   2.0046402e-01
   1.8926145e-01
   1.7827655e-01
   1.6752207e-01
   1.5701042e-01
   1.4675371e-01
   1.3676373e-01
   1.2705191e-01
   1.1762934e-01
   1.0850675e-01
   9.9694488e-02
   9.1202537e-02
   8.3040486e-02
   7.5217528e-02
   6.7742455e-02
   6.0623647e-02
   5.3869067e-02
   4.7486253e-02
   4.1482317e-02
   3.5863934e-02
   3.0637339e-02
   2.5808323e-02
   2.1382227e-02
   1.7363940e-02
   1.3757894e-02
   1.0568062e-02
   7.7979521e-03
   5.4506061e-03
   3.5285935e-03
   2.0339986e-03
   9.6837035e-04
   3.3243304e-04
   1.2630451e-04
