   2.2279682e-08
   7.2965212e-07
   2.7467175e-06
   6.0895653e-06
   1.0754593e-05
   1.6736209e-05
   2.4027178e-05
   3.2618672e-05
   4.2500279e-05
   5.3660025e-05
   6.6084385e-05
   7.9758299e-05
   9.4665193e-05
   1.1078700e-04
   1.2810416e-04
   1.4659569e-04
   1.6623917e-04
   1.8701076e-04
   2.0888529e-04
   2.3183621e-04
   2.5583569e-04
   2.8085461e-04
   3.0686260e-04
   3.3382812e-04
   3.6171842e-04
   3.9049967e-04
   4.2013690e-04
   4.5059415e-04
   4.8183441e-04
   5.1381976e-04
   5.4651132e-04
   5.7986939e-04
   6.1385343e-04
   6.4842213e-04
   6.8353347e-04
   7.1914477e-04
   7.5521273e-04
   7.9169347e-04
   8.2854262e-04
   8.6571535e-04
   9.0316642e-04
   9.4085026e-04
   9.7872098e-04
   1.0167325e-03
   1.0548385e-03
   1.0929925e-03
   1.1311482e-03
   1.1692590e-03
   1.2072784e-03
   1.2451601e-03
   1.2828580e-03
   1.3203261e-03
   1.3575186e-03
   1.3943902e-03
   1.4308959e-03
   1.4669912e-03
   1.5026320e-03
   1.5377748e-03
   1.5723767e-03
   1.6063955e-03
   1.6397896e-03
   1.6725181e-03
   1.7045412e-03
   1.7358197e-03
   1.7663154e-03
   1.7959909e-03
   1.8248101e-03
   1.8527376e-03
   1.8797394e-03
   1.9057823e-03
   1.9308347e-03
   1.9548657e-03
   1.9778460e-03
   1.9997475e-03
   2.0205434e-03
   2.0402082e-03
   2.0587178e-03
   2.0760497e-03
   2.0921825e-03
   2.1070966e-03
   2.1207737e-03
   2.1331969e-03
   2.1443512e-03
   2.1542228e-03
   2.1627997e-03
   2.1700713e-03
   2.1760288e-03
   2.1806648e-03
   2.1839737e-03
   2.1859514e-03
   2.1865955e-03
   2.1859051e-03
   2.1838813e-03
   2.1805263e-03
   2.1758444e-03
   2.1698412e-03
   2.1625242e-03
   2.1539022e-03
   2.1439859e-03
   2.1327873e-03
   2.1203202e-03
   2.1065999e-03
   2.0916432e-03
   2.0754683e-03
   2.0580950e-03
   2.0395448e-03
   2.0198401e-03
   1.9990052e-03
   1.9770656e-03
   1.9540481e-03
   1.9299809e-03
   1.9048933e-03
   1.8788162e-03
   1.8517814e-03
   1.8238219e-03
   1.7949720e-03
   1.7652669e-03
   1.7347429e-03
   1.7034374e-03
   1.6713886e-03
   1.6386356e-03
   1.6052186e-03
   1.5711782e-03
   1.5365561e-03
   1.5013946e-03
   1.4657365e-03
   1.4296255e-03
   1.3931055e-03
   1.3562212e-03
   1.3190176e-03
   1.2815400e-03
   1.2438341e-03
   1.2059460e-03
   1.1679217e-03
   1.1298078e-03
   1.0916505e-03
   1.0534965e-03
   1.0153922e-03
   9.7738391e-04
   9.3951806e-04
   9.0184071e-04
   8.6439773e-04
   8.2723468e-04
   7.9039679e-04
   7.5392889e-04
   7.1787534e-04
   6.8227998e-04
   6.4718610e-04
   6.1263638e-04
   5.7867281e-04
   5.4533666e-04
   5.1266846e-04
   4.8070790e-04
   4.4949379e-04
   4.1906406e-04
   3.8945567e-04
   3.6070455e-04
   3.3284563e-04
   3.0591272e-04
   2.7993850e-04
   2.5495451e-04
   2.3099106e-04
   2.0807723e-04
   1.8624080e-04
   1.6550828e-04
   1.4590480e-04
   1.2745415e-04
   1.1017869e-04
   9.4099379e-05
   7.9235704e-05
   6.5605687e-05
   5.3225852e-05
   4.2111205e-05
   3.2275217e-05
   2.3729809e-05
   1.6485337e-05
   1.0550577e-05
   5.9327136e-06
   2.6373078e-06
   6.6807330e-07
   7.4227172e-09
   7.1773679e-07
   2.7366788e-06
   6.0816605e-06
   1.0748907e-05
   1.6732798e-05
   2.4026090e-05
   3.2619948e-05
   4.2503955e-05
   5.3666131e-05
   6.6092945e-05
   7.9769333e-05
   9.4678713e-05
   1.1080301e-04
   1.2812267e-04
   1.4661670e-04
   1.6626266e-04
   1.8703673e-04
   2.0891370e-04
   2.3186705e-04
   2.5586893e-04
   2.8089020e-04
   3.0690052e-04
   3.3386831e-04
   3.6176083e-04
   3.9054424e-04
   4.2018358e-04
   4.5064286e-04
   4.8188509e-04
   5.1387233e-04
   5.4656570e-04
   5.7992550e-04
   6.1391118e-04
   6.4848143e-04
   6.8359424e-04
   7.1920690e-04
   7.5527612e-04
   7.9175802e-04
   8.2860822e-04
   8.6578190e-04
   9.0323381e-04
   9.4091838e-04
   9.7878972e-04
   1.0168017e-03
   1.0549081e-03
   1.0930625e-03
   1.1312183e-03
   1.1693291e-03
   1.2073485e-03
   1.2452301e-03
   1.2829277e-03
   1.3203953e-03
   1.3575873e-03
   1.3944583e-03
   1.4309634e-03
   1.4670578e-03
   1.5026977e-03
   1.5378396e-03
   1.5724404e-03
   1.6064580e-03
   1.6398508e-03
   1.6725780e-03
   1.7045996e-03
   1.7358766e-03
   1.7663707e-03
   1.7960446e-03
   1.8248621e-03
   1.8527879e-03
   1.8797878e-03
   1.9058289e-03
   1.9308794e-03
   1.9549084e-03
   1.9778868e-03
   1.9997863e-03
   2.0205802e-03
   2.0402430e-03
   2.0587506e-03
   2.0760805e-03
   2.0922113e-03
   2.1071233e-03
   2.1207984e-03
   2.1332197e-03
   2.1443720e-03
   2.1542417e-03
   2.1628166e-03
   2.1700864e-03
   2.1760420e-03
   2.1806763e-03
   2.1839835e-03
   2.1859595e-03
   2.1866020e-03
   2.1859101e-03
   2.1838848e-03
   2.1805284e-03
   2.1758452e-03
   2.1698408e-03
   2.1625226e-03
   2.1538995e-03
   2.1439822e-03
   2.1327827e-03
   2.1203148e-03
   2.1065938e-03
   2.0916364e-03
   2.0754610e-03
   2.0580873e-03
   2.0395367e-03
   2.0198318e-03
   1.9989968e-03
   1.9770571e-03
   1.9540396e-03
   1.9299725e-03
   1.9048851e-03
   1.8788083e-03
   1.8517739e-03
   1.8238149e-03
   1.7949655e-03
   1.7652610e-03
   1.7347378e-03
   1.7034330e-03
   1.6713851e-03
   1.6386331e-03
   1.6052170e-03
   1.5711777e-03
   1.5365567e-03
   1.5013963e-03
   1.4657395e-03
   1.4296297e-03
   1.3931110e-03
   1.3562281e-03
   1.3190258e-03
   1.2815495e-03
   1.2438451e-03
   1.2059583e-03
   1.1679355e-03
   1.1298230e-03
   1.0916671e-03
   1.0535145e-03
   1.0154115e-03
   9.7740467e-04
   9.3954018e-04
   9.0186415e-04
   8.6442246e-04
   8.2726067e-04
   7.9042399e-04
   7.5395726e-04
   7.1790481e-04
   6.8231051e-04
   6.4721763e-04
   6.1266883e-04
   5.7870611e-04
   5.4537075e-04
   5.1270326e-04
   4.8074332e-04
   4.4952976e-04
   4.1910049e-04
   3.8949246e-04
   3.6074162e-04
   3.3288288e-04
   3.0595005e-04
   2.7997582e-04
   2.5499172e-04
   2.3102805e-04
   2.0811390e-04
   1.8627706e-04
   1.6554402e-04
   1.4593992e-04
   1.2748854e-04
   1.1021226e-04
   9.4132017e-05
   7.9267313e-05
   6.5636168e-05
   5.3255107e-05
   4.2139138e-05
   3.2301733e-05
   2.3754816e-05
   1.6508743e-05
   1.0572291e-05
   5.9526384e-06
   2.6553177e-06
   6.8381999e-07
   2.2279682e-08
