   4.5455736e+02
   4.5454989e+02
   4.5452778e+02
   4.5449048e+02
   4.5443706e+02
   4.5436620e+02
   4.5427625e+02
   4.5416515e+02
   4.5403053e+02
   4.5386962e+02
   4.5367932e+02
   4.5345619e+02
   4.5319645e+02
   4.5289600e+02
   4.5255040e+02
   4.5215494e+02
   4.5170459e+02
   4.5119405e+02
   4.5061776e+02
   4.4996991e+02
   4.4924444e+02
   4.4843512e+02
   4.4753550e+02
   4.4653896e+02
   4.4543876e+02
   4.4422803e+02
   4.4289982e+02
   4.4144709e+02
   4.3986282e+02
   4.3813996e+02
   4.3627150e+02
   4.3425053e+02
   4.3207022e+02
   4.2972390e+02
   4.2720512e+02
   4.2450761e+02
   4.2162540e+02
   4.1855284e+02
   4.1528462e+02
   4.1181585e+02
   4.0814206e+02
   4.0425928e+02
   4.0016407e+02
   3.9585355e+02
   3.9132544e+02
   3.8657814e+02
   3.8161068e+02
   3.7642287e+02
   3.7101521e+02
   3.6538900e+02
   3.5954636e+02
   3.5349019e+02
   3.4722426e+02
   3.4075319e+02
   3.3408244e+02
   3.2721835e+02
   3.2016812e+02
   3.1293980e+02
   3.0554229e+02
   2.9798530e+02
   2.9027934e+02
   2.8243571e+02
   2.7446642e+02
   2.6638420e+02
   2.5820239e+02
   2.4993498e+02
   2.4159645e+02
   2.3320178e+02
   2.2476637e+02
   2.1630596e+02
   2.0783655e+02
   1.9937435e+02
   1.9093568e+02
   1.8253690e+02
   1.7419433e+02
   1.6592416e+02
   1.5774237e+02
   1.4966465e+02
   1.4170632e+02
   1.3388226e+02
   1.2620683e+02
   1.1869377e+02
   1.1135618e+02
   1.0420643e+02
   9.7256095e+01
   9.0515908e+01
   8.3995719e+01
   7.7704444e+01
   7.1650033e+01
   6.5839441e+01
   6.0278607e+01
   5.4972438e+01
   4.9924800e+01
   4.5138522e+01
   4.0615397e+01
   3.6356197e+01
   3.2360696e+01
   2.8627687e+01
   2.5155024e+01
   2.1939652e+01
   1.8977652e+01
   1.6264288e+01
   1.3794057e+01
   1.1560743e+01
   9.5574768e+00
   7.7767945e+00
   6.2106992e+00
   4.8507245e+00
   3.6879987e+00
   2.7133081e+00
   1.9171616e+00
   1.2898526e+00
   8.2152170e-01
   5.0221539e-01
   3.2194432e-01
   2.7073808e-01
   3.3869750e-01
   5.1604351e-01
   7.9316278e-01
   1.1606499e+00
   1.6093455e+00
   2.1303711e+00
   2.7151593e+00
   3.3554806e+00
   4.0434663e+00
   4.7716273e+00
   5.5328694e+00
   6.3205048e+00
   7.1282604e+00
   7.9502822e+00
   8.7811372e+00
   9.6158122e+00
   1.0449709e+01
   1.1278640e+01
   1.2098817e+01
   1.2906841e+01
   1.3699691e+01
   1.4474710e+01
   1.5229587e+01
   1.5962343e+01
   1.6671314e+01
   1.7355131e+01
   1.8012703e+01
   1.8643198e+01
   1.9246023e+01
   1.9820807e+01
   2.0367382e+01
   2.0885763e+01
   2.1376132e+01
   2.1838820e+01
   2.2274290e+01
   2.2683118e+01
   2.3065983e+01
   2.3423648e+01
   2.3756949e+01
   2.4066779e+01
   2.4354075e+01
   2.4619812e+01
   2.4864986e+01
   2.5090607e+01
   2.5297690e+01
   2.5487246e+01
   2.5660274e+01
   2.5817755e+01
   2.5960644e+01
   2.6089867e+01
   2.6206312e+01
   2.6310830e+01
   2.6404226e+01
   2.6487256e+01
   2.6560628e+01
   2.6624995e+01
   2.6680953e+01
   2.6729041e+01
   2.6769738e+01
   2.6803463e+01
   2.6830570e+01
   2.6851353e+01
   2.6866039e+01
   2.6874792e+01
   2.6877709e+01
   2.6874824e+01
   2.6866103e+01
   2.6851449e+01
   2.6830698e+01
   2.6803622e+01
   2.6769929e+01
   2.6729263e+01
   2.6681206e+01
   2.6625279e+01
   2.6560943e+01
   2.6487601e+01
   2.6404600e+01
   2.6311233e+01
   2.6206744e+01
   2.6090326e+01
   2.5961131e+01
   2.5818268e+01
   2.5660813e+01
   2.5487810e+01
   2.5298278e+01
   2.5091218e+01
   2.4865618e+01
   2.4620464e+01
   2.4354746e+01
   2.4067467e+01
   2.3757654e+01
   2.3424367e+01
   2.3066714e+01
   2.2683860e+01
   2.2275041e+01
   2.1839578e+01
   2.1376895e+01
   2.0886528e+01
   2.0368147e+01
   1.9821570e+01
   1.9246781e+01
   1.8643950e+01
   1.8013446e+01
   1.7355862e+01
   1.6672030e+01
   1.5963042e+01
   1.5230266e+01
   1.4475367e+01
   1.3700324e+01
   1.2907447e+01
   1.2099394e+01
   1.1279187e+01
   1.0450223e+01
   9.6162920e+00
   8.7815815e+00
   7.9506900e+00
   7.1286309e+00
   6.3208377e+00
   5.5331647e+00
   4.7718856e+00
   4.0436885e+00
   3.3556682e+00
   2.7153144e+00
   2.1304963e+00
   1.6094439e+00
   1.1607254e+00
   7.9322004e-01
   5.1608774e-01
   3.3873471e-01
   2.7077508e-01
   3.2198874e-01
   5.0227552e-01
   8.2160652e-01
   1.2899720e+00
   1.9173260e+00
   2.7135292e+00
   3.6882884e+00
   4.8510957e+00
   6.2111654e+00
   7.7773700e+00
   9.5581764e+00
   1.1561582e+01
   1.3795051e+01
   1.6265454e+01
   1.8979007e+01
   2.1941212e+01
   2.5156807e+01
   2.8629709e+01
   3.2362975e+01
   3.6358752e+01
   4.0618243e+01
   4.5141677e+01
   4.9928281e+01
   5.4976260e+01
   6.0282787e+01
   6.5843993e+01
   7.1654972e+01
   7.7709782e+01
   8.4001470e+01
   9.0522083e+01
   9.7262704e+01
   1.0421348e+02
   1.1136369e+02
   1.1870173e+02
   1.2621525e+02
   1.3389116e+02
   1.4171568e+02
   1.4967448e+02
   1.5775267e+02
   1.6593493e+02
   1.7420557e+02
   1.8254859e+02
   1.9094782e+02
   1.9938693e+02
   2.0784956e+02
   2.1631939e+02
   2.2478022e+02
   2.3321602e+02
   2.4161107e+02
   2.4994996e+02
   2.5821772e+02
   2.6639985e+02
   2.7448238e+02
   2.8245195e+02
   2.9029584e+02
   2.9800204e+02
   3.0555925e+02
   3.1295696e+02
   3.2018545e+02
   3.2723582e+02
   3.3410003e+02
   3.4077088e+02
   3.4724202e+02
   3.5350800e+02
   3.5956419e+02
   3.6540683e+02
   3.7103301e+02
   3.7644062e+02
   3.8162836e+02
   3.8659572e+02
   3.9134290e+02
   3.9587086e+02
   4.0018123e+02
   4.0427625e+02
   4.0815883e+02
   4.1183239e+02
   4.1530092e+02
   4.1856888e+02
   4.2164116e+02
   4.2452307e+02
   4.2722028e+02
   4.2973874e+02
   4.3208471e+02
   4.3426467e+02
   4.3628528e+02
   4.3815336e+02
   4.3987584e+02
   4.4145972e+02
   4.4291204e+02
   4.4423984e+02
   4.4545015e+02
   4.4654992e+02
   4.4754601e+02
   4.4844519e+02
   4.4925407e+02
   4.4997907e+02
   4.5062647e+02
   4.5120229e+02
   4.5171236e+02
   4.5216224e+02
   4.5255723e+02
   4.5290235e+02
   4.5320232e+02
   4.5346158e+02
   4.5368423e+02
   4.5387404e+02
   4.5403446e+02
   4.5416860e+02
   4.5427920e+02
   4.5436867e+02
   4.5443903e+02
   4.5449196e+02
   4.5452877e+02
   4.5455038e+02
   4.5455736e+02
