   3.1935360e+01
   3.1935400e+01
   3.1935517e+01
   3.1935705e+01
   3.1935951e+01
   3.1936241e+01
   3.1936555e+01
   3.1936867e+01
   3.1937151e+01
   3.1937371e+01
   3.1937492e+01
   3.1937472e+01
   3.1937265e+01
   3.1936822e+01
   3.1936089e+01
   3.1935008e+01
   3.1933519e+01
   3.1931556e+01
   3.1929052e+01
   3.1925933e+01
   3.1922126e+01
   3.1917550e+01
   3.1912126e+01
   3.1905768e+01
   3.1898389e+01
   3.1889899e+01
   3.1880207e+01
   3.1869217e+01
   3.1856833e+01
   3.1842957e+01
   3.1827488e+01
   3.1810326e+01
   3.1791367e+01
   3.1770508e+01
   3.1747643e+01
   3.1722668e+01
   3.1695478e+01
   3.1665965e+01
   3.1634026e+01
   3.1599555e+01
   3.1562447e+01
   3.1522600e+01
   3.1479910e+01
   3.1434277e+01
   3.1385602e+01
   3.1333787e+01
   3.1278738e+01
   3.1220362e+01
   3.1158569e+01
   3.1093274e+01
   3.1024391e+01
   3.0951842e+01
   3.0875551e+01
   3.0795445e+01
   3.0711457e+01
   3.0623524e+01
   3.0531587e+01
   3.0435593e+01
   3.0335494e+01
   3.0231246e+01
   3.0122811e+01
   3.0010160e+01
   2.9893265e+01
   2.9772106e+01
   2.9646671e+01
   2.9516951e+01
   2.9382946e+01
   2.9244661e+01
   2.9102109e+01
   2.8955308e+01
   2.8804283e+01
   2.8649066e+01
   2.8489696e+01
   2.8326218e+01
   2.8158684e+01
   2.7987152e+01
   2.7811687e+01
   2.7632361e+01
   2.7449252e+01
   2.7262442e+01
   2.7072022e+01
   2.6878088e+01
   2.6680742e+01
   2.6480089e+01
   2.6276243e+01
   2.6069322e+01
   2.5859447e+01
   2.5646746e+01
   2.5431349e+01
   2.5213394e+01
   2.4993018e+01
   2.4770366e+01
   2.4545584e+01
   2.4318821e+01
   2.4090228e+01
   2.3859962e+01
   2.3628177e+01
   2.3395033e+01
   2.3160689e+01
   2.2925306e+01
   2.2689047e+01
   2.2452072e+01
   2.2214545e+01
   2.1976628e+01
   2.1738484e+01
   2.1500273e+01
   2.1262156e+01
   2.1024292e+01
   2.0786839e+01
   2.0549952e+01
   2.0313786e+01
   2.0078493e+01
   1.9844220e+01
   1.9611116e+01
   1.9379323e+01
   1.9148982e+01
   1.8920230e+01
   1.8693201e+01
   1.8468026e+01
   1.8244830e+01
   1.8023738e+01
   1.7804867e+01
   1.7588333e+01
   1.7374247e+01
   1.7162715e+01
   1.6953839e+01
   1.6747719e+01
   1.6544448e+01
   1.6344115e+01
   1.6146807e+01
   1.5952605e+01
   1.5761585e+01
   1.5573821e+01
   1.5389382e+01
   1.5208332e+01
   1.5030732e+01
   1.4856639e+01
   1.4686106e+01
   1.4519182e+01
   1.4355913e+01
   1.4196341e+01
   1.4040504e+01
   1.3888439e+01
   1.3740177e+01
   1.3595747e+01
   1.3455176e+01
   1.3318486e+01
   1.3185700e+01
   1.3056835e+01
   1.2931907e+01
   1.2810930e+01
   1.2693915e+01
   1.2580872e+01
   1.2471808e+01
   1.2366731e+01
   1.2265644e+01
   1.2168551e+01
   1.2075453e+01
   1.1986351e+01
   1.1901245e+01
   1.1820134e+01
   1.1743016e+01
   1.1669888e+01
   1.1600746e+01
   1.1535588e+01
   1.1474409e+01
   1.1417205e+01
   1.1363971e+01
   1.1314703e+01
   1.1269397e+01
   1.1228047e+01
   1.1190650e+01
   1.1157202e+01
   1.1127698e+01
   1.1102136e+01
   1.1080512e+01
   1.1062823e+01
   1.1049067e+01
   1.1039243e+01
   1.1033349e+01
   1.1031385e+01
   1.1033349e+01
   1.1039243e+01
   1.1049067e+01
   1.1062822e+01
   1.1080511e+01
   1.1102135e+01
   1.1127697e+01
   1.1157200e+01
   1.1190648e+01
   1.1228045e+01
   1.1269394e+01
   1.1314700e+01
   1.1363968e+01
   1.1417202e+01
   1.1474406e+01
   1.1535584e+01
   1.1600742e+01
   1.1669883e+01
   1.1743011e+01
   1.1820129e+01
   1.1901240e+01
   1.1986345e+01
   1.2075447e+01
   1.2168544e+01
   1.2265637e+01
   1.2366724e+01
   1.2471801e+01
   1.2580864e+01
   1.2693906e+01
   1.2810921e+01
   1.2931897e+01
   1.3056825e+01
   1.3185690e+01
   1.3318475e+01
   1.3455164e+01
   1.3595735e+01
   1.3740164e+01
   1.3888426e+01
   1.4040490e+01
   1.4196326e+01
   1.4355898e+01
   1.4519166e+01
   1.4686089e+01
   1.4856622e+01
   1.5030714e+01
   1.5208313e+01
   1.5389362e+01
   1.5573801e+01
   1.5761564e+01
   1.5952582e+01
   1.6146784e+01
   1.6344091e+01
   1.6544423e+01
   1.6747693e+01
   1.6953812e+01
   1.7162687e+01
   1.7374218e+01
   1.7588303e+01
   1.7804836e+01
   1.8023706e+01
   1.8244797e+01
   1.8467992e+01
   1.8693166e+01
   1.8920193e+01
   1.9148944e+01
   1.9379284e+01
   1.9611076e+01
   1.9844180e+01
   2.0078451e+01
   2.0313744e+01
   2.0549908e+01
   2.0786794e+01
   2.1024246e+01
   2.1262109e+01
   2.1500225e+01
   2.1738435e+01
   2.1976578e+01
   2.2214494e+01
   2.2452020e+01
   2.2688993e+01
   2.2925252e+01
   2.3160634e+01
   2.3394977e+01
   2.3628120e+01
   2.3859903e+01
   2.4090169e+01
   2.4318761e+01
   2.4545523e+01
   2.4770305e+01
   2.4992956e+01
   2.5213331e+01
   2.5431285e+01
   2.5646681e+01
   2.5859382e+01
   2.6069256e+01
   2.6276177e+01
   2.6480022e+01
   2.6680674e+01
   2.6878020e+01
   2.7071954e+01
   2.7262373e+01
   2.7449183e+01
   2.7632292e+01
   2.7811618e+01
   2.7987082e+01
   2.8158614e+01
   2.8326148e+01
   2.8489626e+01
   2.8648996e+01
   2.8804213e+01
   2.8955238e+01
   2.9102040e+01
   2.9244592e+01
   2.9382877e+01
   2.9516882e+01
   2.9646602e+01
   2.9772038e+01
   2.9893197e+01
   3.0010093e+01
   3.0122745e+01
   3.0231179e+01
   3.0335428e+01
   3.0435528e+01
   3.0531523e+01
   3.0623461e+01
   3.0711394e+01
   3.0795383e+01
   3.0875490e+01
   3.0951782e+01
   3.1024331e+01
   3.1093215e+01
   3.1158511e+01
   3.1220305e+01
   3.1278682e+01
   3.1333732e+01
   3.1385548e+01
   3.1434224e+01
   3.1479858e+01
   3.1522549e+01
   3.1562397e+01
   3.1599506e+01
   3.1633978e+01
   3.1665919e+01
   3.1695432e+01
   3.1722624e+01
   3.1747600e+01
   3.1770466e+01
   3.1791327e+01
   3.1810287e+01
   3.1827450e+01
   3.1842920e+01
   3.1856797e+01
   3.1869182e+01
   3.1880173e+01
   3.1889867e+01
   3.1898358e+01
   3.1905738e+01
   3.1912098e+01
   3.1917523e+01
   3.1922100e+01
   3.1925909e+01
   3.1929029e+01
   3.1931534e+01
   3.1933498e+01
   3.1934989e+01
   3.1936071e+01
   3.1936805e+01
   3.1937250e+01
   3.1937458e+01
   3.1937479e+01
   3.1937360e+01
   3.1937140e+01
   3.1936858e+01
   3.1936547e+01
   3.1936235e+01
   3.1935946e+01
   3.1935701e+01
   3.1935515e+01
   3.1935399e+01
   3.1935360e+01
