   4.1428008e+04
   4.1412873e+04
   4.1367478e+04
   4.1291661e+04
   4.1185155e+04
   4.1047595e+04
   4.0878519e+04
   4.0677375e+04
   4.0443535e+04
   4.0176300e+04
   3.9874915e+04
   3.9538583e+04
   3.9166476e+04
   3.8757759e+04
   3.8311603e+04
   3.7827206e+04
   3.7303817e+04
   3.6740758e+04
   3.6137444e+04
   3.5493415e+04
   3.4808357e+04
   3.4082129e+04
   3.3314794e+04
   3.2506639e+04
   3.1658207e+04
   3.0770321e+04
   2.9844109e+04
   2.8881022e+04
   2.7882860e+04
   2.6851788e+04
   2.5790347e+04
   2.4701466e+04
   2.3588464e+04
   2.2455056e+04
   2.1305340e+04
   2.0143787e+04
   1.8975224e+04
   1.7804805e+04
   1.6637975e+04
   1.5480434e+04
   1.4338087e+04
   1.3216981e+04
   1.2123253e+04
   1.1063049e+04
   1.0042455e+04
   9.0674173e+03
   8.1436521e+03
   7.2765638e+03
   6.4711553e+03
   5.7319409e+03
   5.0628611e+03
   4.4672021e+03
   3.9475211e+03
   3.5055798e+03
   3.1422880e+03
   2.8576586e+03
   2.6507771e+03
   2.5197849e+03
   2.4618797e+03
   2.4733328e+03
   2.5495243e+03
   2.6849959e+03
   2.8735220e+03
   3.1081968e+03
   3.3815386e+03
   3.6856071e+03
   4.0121331e+03
   4.3526586e+03
   4.6986828e+03
   5.0418123e+03
   5.3739120e+03
   5.6872522e+03
   5.9746500e+03
   6.2296000e+03
   6.4463922e+03
   6.6202136e+03
   6.7472306e+03
   6.8246508e+03
   6.8507616e+03
   6.8249452e+03
   6.7476695e+03
   6.6204545e+03
   6.4458160e+03
   6.2271871e+03
   5.9688208e+03
   5.6756750e+03
   5.3532837e+03
   5.0076186e+03
   4.6449425e+03
   4.2716614e+03
   3.8941766e+03
   3.5187417e+03
   3.1513283e+03
   2.7975031e+03
   2.4623192e+03
   2.1502244e+03
   1.8649876e+03
   1.6096459e+03
   1.3864711e+03
   1.1969569e+03
   1.0418263e+03
   9.2105697e+02
   8.3392449e+02
   7.7906017e+02
   7.5452185e+02
   7.5787494e+02
   7.8628082e+02
   8.3659007e+02
   9.0543750e+02
   9.8933667e+02
   1.0847711e+03
   1.1882802e+03
   1.2965379e+03
   1.4064228e+03
   1.5150776e+03
   1.6199582e+03
   1.7188713e+03
   1.8100006e+03
   1.8919217e+03
   1.9636060e+03
   2.0244147e+03
   2.0740845e+03
   2.1127038e+03
   2.1406838e+03
   2.1587235e+03
   2.1677705e+03
   2.1689795e+03
   2.1636693e+03
   2.1532794e+03
   2.1393276e+03
   2.1233689e+03
   2.1069581e+03
   2.0916142e+03
   2.0787897e+03
   2.0698433e+03
   2.0660177e+03
   2.0684207e+03
   2.0780120e+03
   2.0955933e+03
   2.1218028e+03
   2.1571135e+03
   2.2018350e+03
   2.2561176e+03
   2.3199603e+03
   2.3932193e+03
   2.4756201e+03
   2.5667690e+03
   2.6661673e+03
   2.7732246e+03
   2.8872731e+03
   3.0075819e+03
   3.1333703e+03
   3.2638212e+03
   3.3980933e+03
   3.5353327e+03
   3.6746833e+03
   3.8152959e+03
   3.9563372e+03
   4.0969960e+03
   4.2364899e+03
   4.3740701e+03
   4.5090250e+03
   4.6406836e+03
   4.7684172e+03
   4.8916407e+03
   5.0098133e+03
   5.1224382e+03
   5.2290621e+03
   5.3292740e+03
   5.4227041e+03
   5.5090217e+03
   5.5879337e+03
   5.6591827e+03
   5.7225447e+03
   5.7778274e+03
   5.8248684e+03
   5.8635333e+03
   5.8937144e+03
   5.9153293e+03
   5.9283200e+03
   5.9326519e+03
   5.9283136e+03
   5.9153166e+03
   5.8936955e+03
   5.8635085e+03
   5.8248380e+03
   5.7777919e+03
   5.7225046e+03
   5.6591386e+03
   5.5878862e+03
   5.5089716e+03
   5.4226523e+03
   5.3292214e+03
   5.2290098e+03
   5.1223873e+03
   5.0097651e+03
   4.8915964e+03
   4.7683781e+03
   4.6406513e+03
   4.5090009e+03
   4.3740558e+03
   4.2364871e+03
   4.0970063e+03
   3.9563623e+03
   3.8153377e+03
   3.6747434e+03
   3.5354129e+03
   3.3981952e+03
   3.2639465e+03
   3.1335206e+03
   3.0077587e+03
   2.8874778e+03
   2.7734584e+03
   2.6664314e+03
   2.5670642e+03
   2.4759470e+03
   2.3935785e+03
   2.3203518e+03
   2.2565415e+03
   2.2022908e+03
   2.1576006e+03
   2.1223200e+03
   2.0961394e+03
   2.0785854e+03
   2.0690193e+03
   2.0666393e+03
   2.0704854e+03
   2.0794494e+03
   2.0922886e+03
   2.1076439e+03
   2.1240628e+03
   2.1400261e+03
   2.1539792e+03
   2.1643670e+03
   2.1696718e+03
   2.1684542e+03
   2.1593959e+03
   2.1413423e+03
   2.1133461e+03
   2.0747090e+03
   2.0250203e+03
   1.9641918e+03
   1.8924878e+03
   1.8105474e+03
   1.7193999e+03
   1.6204704e+03
   1.5155759e+03
   1.4069101e+03
   1.2970176e+03
   1.1887563e+03
   1.0852481e+03
   9.8981929e+02
   9.0593069e+02
   8.3709893e+02
   7.8681052e+02
   7.5843053e+02
   7.5510821e+02
   7.7968185e+02
   8.3458565e+02
   9.2176123e+02
   1.0425767e+03
   1.1977557e+03
   1.3873199e+03
   1.6105456e+03
   1.8659381e+03
   2.1512248e+03
   2.4633680e+03
   2.7985979e+03
   3.1524659e+03
   3.5199183e+03
   3.8953880e+03
   4.2729029e+03
   4.6462090e+03
   5.0089048e+03
   5.3545843e+03
   5.6769847e+03
   5.9701346e+03
   6.2285001e+03
   6.4471240e+03
   6.6217537e+03
   6.7489567e+03
   6.8262179e+03
   6.8520182e+03
   6.8258904e+03
   6.7484533e+03
   6.6214201e+03
   6.4475841e+03
   6.2307797e+03
   5.9758206e+03
   5.6884174e+03
   5.3750760e+03
   5.0429799e+03
   4.6998590e+03
   4.3538487e+03
   4.0133425e+03
   3.6868410e+03
   3.3828025e+03
   3.1094955e+03
   2.8748602e+03
   2.6863779e+03
   2.5509537e+03
   2.4748129e+03
   2.4634129e+03
   2.5213730e+03
   2.6524213e+03
   2.8593593e+03
   3.1440447e+03
   3.5073916e+03
   3.9493861e+03
   4.4691180e+03
   5.0648248e+03
   5.7339488e+03
   6.4732033e+03
   7.2786473e+03
   8.1457663e+03
   9.0695572e+03
   1.0044615e+04
   1.1065223e+04
   1.2125436e+04
   1.3219168e+04
   1.4340271e+04
   1.5482611e+04
   1.6640138e+04
   1.7806949e+04
   1.8977345e+04
   2.0145879e+04
   2.1307399e+04
   2.2457078e+04
   2.3590444e+04
   2.4703401e+04
   2.5792234e+04
   2.6853624e+04
   2.7884642e+04
   2.8882748e+04
   2.9845776e+04
   3.0771929e+04
   3.1659753e+04
   3.2508122e+04
   3.3316213e+04
   3.4083484e+04
   3.4809647e+04
   3.5494639e+04
   3.6138602e+04
   3.6741850e+04
   3.7304843e+04
   3.7828166e+04
   3.8312497e+04
   3.8758587e+04
   3.9167239e+04
   3.9539280e+04
   3.9875548e+04
   4.0176868e+04
   4.0444039e+04
   4.0677815e+04
   4.0878896e+04
   4.1047909e+04
   4.1185406e+04
   4.1291848e+04
   4.1367603e+04
   4.1412936e+04
   4.1428008e+04
