   9.6775640e-02
   1.0450529e-01
   1.2688610e-01
   1.6390157e-01
   2.1552559e-01
   2.8172236e-01
   3.6244600e-01
   4.5764031e-01
   5.6723860e-01
   6.9116358e-01
   8.2932721e-01
   9.8163049e-01
   1.1479633e+00
   1.3282044e+00
   1.5222207e+00
   1.7298676e+00
   1.9509885e+00
   2.1854145e+00
   2.4329643e+00
   2.6934439e+00
   2.9666462e+00
   3.2523511e+00
   3.5503249e+00
   3.8603202e+00
   4.1820756e+00
   4.5153157e+00
   4.8597505e+00
   5.2150757e+00
   5.5809722e+00
   5.9571058e+00
   6.3431274e+00
   6.7386731e+00
   7.1433632e+00
   7.5568034e+00
   7.9785838e+00
   8.4082793e+00
   8.8454499e+00
   9.2896405e+00
   9.7403810e+00
   1.0197187e+01
   1.0659559e+01
   1.1126984e+01
   1.1598936e+01
   1.2074874e+01
   1.2554245e+01
   1.3036483e+01
   1.3521012e+01
   1.4007242e+01
   1.4494574e+01
   1.4982401e+01
   1.5470103e+01
   1.5957054e+01
   1.6442622e+01
   1.6926166e+01
   1.7407041e+01
   1.7884597e+01
   1.8358182e+01
   1.8827140e+01
   1.9290815e+01
   1.9748551e+01
   2.0199694e+01
   2.0643591e+01
   2.1079596e+01
   2.1507065e+01
   2.1925361e+01
   2.2333858e+01
   2.2731936e+01
   2.3118987e+01
   2.3494416e+01
   2.3857638e+01
   2.4208087e+01
   2.4545210e+01
   2.4868473e+01
   2.5177359e+01
   2.5471374e+01
   2.5750041e+01
   2.6012909e+01
   2.6259549e+01
   2.6489555e+01
   2.6702550e+01
   2.6898180e+01
   2.7076122e+01
   2.7236078e+01
   2.7377781e+01
   2.7500994e+01
   2.7605510e+01
   2.7691153e+01
   2.7757778e+01
   2.7805273e+01
   2.7833558e+01
   2.7842584e+01
   2.7832336e+01
   2.7802832e+01
   2.7754120e+01
   2.7686284e+01
   2.7599437e+01
   2.7493726e+01
   2.7369328e+01
   2.7226452e+01
   2.7065337e+01
   2.6886253e+01
   2.6689496e+01
   2.6475394e+01
   2.6244300e+01
   2.5996594e+01
   2.5732684e+01
   2.5452998e+01
   2.5157990e+01
   2.4848138e+01
   2.4523938e+01
   2.4185906e+01
   2.3834580e+01
   2.3470511e+01
   2.3094269e+01
   2.2706438e+01
   2.2307613e+01
   2.1898405e+01
   2.1479433e+01
   2.1051325e+01
   2.0614718e+01
   2.0170255e+01
   1.9718585e+01
   1.9260360e+01
   1.8796234e+01
   1.8326864e+01
   1.7852906e+01
   1.7375015e+01
   1.6893845e+01
   1.6410045e+01
   1.5924259e+01
   1.5437129e+01
   1.4949287e+01
   1.4461358e+01
   1.3973962e+01
   1.3487705e+01
   1.3003187e+01
   1.2520997e+01
   1.2041710e+01
   1.1565891e+01
   1.1094094e+01
   1.0626858e+01
   1.0164709e+01
   9.7081594e+00
   9.2577076e+00
   8.8138376e+00
   8.3770186e+00
   7.9477048e+00
   7.5263355e+00
   7.1133350e+00
   6.7091122e+00
   6.3140608e+00
   5.9285593e+00
   5.5529710e+00
   5.1876440e+00
   4.8329114e+00
   4.4890915e+00
   4.1564879e+00
   3.8353894e+00
   3.5260705e+00
   3.2287919e+00
   2.9437997e+00
   2.6713269e+00
   2.4115928e+00
   2.1648033e+00
   1.9311516e+00
   1.7108182e+00
   1.5039709e+00
   1.3107655e+00
   1.1313457e+00
   9.6584359e-01
   8.1437966e-01
   6.7706313e-01
   5.5399210e-01
   4.4525378e-01
   3.5092463e-01
   2.7107049e-01
   2.0574675e-01
   1.5499848e-01
   1.1886062e-01
   9.7358290e-02
   9.0506935e-02
   9.8311599e-02
   1.2076628e-01
   1.5785465e-01
   2.0955068e-01
   2.7581853e-01
   3.5661224e-01
   4.5187549e-01
   5.6154152e-01
   6.8553296e-01
   8.2376171e-01
   9.7612874e-01
   1.1425239e+00
   1.3228258e+00
   1.5169015e+00
   1.7246063e+00
   1.9457837e+00
   2.1802647e+00
   2.4278680e+00
   2.6883997e+00
   2.9616527e+00
   3.2474070e+00
   3.5454288e+00
   3.8554708e+00
   4.1772718e+00
   4.5105564e+00
   4.8550347e+00
   5.2104024e+00
   5.5763404e+00
   5.9525149e+00
   6.3385768e+00
   6.7341621e+00
   7.1388915e+00
   7.5523706e+00
   7.9741898e+00
   8.4039241e+00
   8.8411335e+00
   9.2853631e+00
   9.7361431e+00
   1.0192989e+01
   1.0655402e+01
   1.1122869e+01
   1.1594863e+01
   1.2070845e+01
   1.2550260e+01
   1.3032545e+01
   1.3517122e+01
   1.4003402e+01
   1.4490786e+01
   1.4978667e+01
   1.5466425e+01
   1.5953435e+01
   1.6439064e+01
   1.6922672e+01
   1.7403614e+01
   1.7881240e+01
   1.8354897e+01
   1.8823931e+01
   1.9287686e+01
   1.9745505e+01
   2.0196734e+01
   2.0640722e+01
   2.1076820e+01
   2.1504387e+01
   2.1922785e+01
   2.2331387e+01
   2.2729575e+01
   2.3116739e+01
   2.3492285e+01
   2.3855629e+01
   2.4206204e+01
   2.4543456e+01
   2.4866853e+01
   2.5175877e+01
   2.5470033e+01
   2.5748847e+01
   2.6011864e+01
   2.6258657e+01
   2.6488820e+01
   2.6701975e+01
   2.6897769e+01
   2.7075878e+01
   2.7236005e+01
   2.7377881e+01
   2.7501271e+01
   2.7605966e+01
   2.7691791e+01
   2.7758600e+01
   2.7806281e+01
   2.7834754e+01
   2.7843970e+01
   2.7833914e+01
   2.7804602e+01
   2.7756085e+01
   2.7688443e+01
   2.7601792e+01
   2.7496277e+01
   2.7372075e+01
   2.7229395e+01
   2.7068475e+01
   2.6889585e+01
   2.6693023e+01
   2.6479114e+01
   2.6248211e+01
   2.6000696e+01
   2.5736973e+01
   2.5457473e+01
   2.5162649e+01
   2.4852978e+01
   2.4528955e+01
   2.4191099e+01
   2.3839945e+01
   2.3476044e+01
   2.3099967e+01
   2.2712296e+01
   2.2313628e+01
   2.1904572e+01
   2.1485748e+01
   2.1057783e+01
   2.0621315e+01
   2.0176986e+01
   1.9725444e+01
   1.9267342e+01
   1.8803335e+01
   1.8334077e+01
   1.7860227e+01
   1.7382438e+01
   1.6901364e+01
   1.6417654e+01
   1.5931954e+01
   1.5444903e+01
   1.4957134e+01
   1.4469273e+01
   1.3981938e+01
   1.3495738e+01
   1.3011271e+01
   1.2529125e+01
   1.2049877e+01
   1.1574092e+01
   1.1102323e+01
   1.0635109e+01
   1.0172977e+01
   9.7164399e+00
   9.2659949e+00
   8.8221267e+00
   8.3853043e+00
   7.9559825e+00
   7.5346005e+00
   7.1215827e+00
   6.7173382e+00
   6.3222608e+00
   5.9367293e+00
   5.5611069e+00
   5.1957420e+00
   4.8409680e+00
   4.4971032e+00
   4.1644514e+00
   3.8433015e+00
   3.5339285e+00
   3.2365928e+00
   2.9515410e+00
   2.6790063e+00
   2.4192079e+00
   2.1723521e+00
   1.9386323e+00
   1.7182290e+00
   1.5113103e+00
   1.3180322e+00
   1.1385385e+00
   9.7296150e-01
   8.2142179e-01
   6.8402877e-01
   5.6088071e-01
   4.5206494e-01
   3.5765805e-01
   2.7772602e-01
   2.1232433e-01
   1.6149817e-01
   1.2528266e-01
   1.0370320e-01
   9.6775640e-02
