   8.7105837e+01
   8.7264815e+01
   8.7726355e+01
   8.8491399e+01
   8.9561498e+01
   9.0938811e+01
   9.2626089e+01
   9.4626667e+01
   9.6944450e+01
   9.9583894e+01
   1.0254999e+02
   1.0584823e+02
   1.0948459e+02
   1.1346551e+02
   1.1779784e+02
   1.2248881e+02
   1.2754601e+02
   1.3297732e+02
   1.3879088e+02
   1.4499503e+02
   1.5159827e+02
   1.5860919e+02
   1.6603642e+02
   1.7388855e+02
   1.8217408e+02
   1.9090134e+02
   2.0007839e+02
   2.0971300e+02
   2.1981251e+02
   2.3038379e+02
   2.4143310e+02
   2.5296606e+02
   2.6498753e+02
   2.7750149e+02
   2.9051101e+02
   3.0401810e+02
   3.1802362e+02
   3.3252722e+02
   3.4752720e+02
   3.6302048e+02
   3.7900242e+02
   3.9546681e+02
   4.1240578e+02
   4.2980966e+02
   4.4766697e+02
   4.6596434e+02
   4.8468642e+02
   5.0381586e+02
   5.2333325e+02
   5.4321709e+02
   5.6344377e+02
   5.8398753e+02
   6.0482052e+02
   6.2591272e+02
   6.4723205e+02
   6.6874435e+02
   6.9041344e+02
   7.1220121e+02
   7.3406767e+02
   7.5597105e+02
   7.7786790e+02
   7.9971321e+02
   8.2146058e+02
   8.4306230e+02
   8.6446957e+02
   8.8563265e+02
   9.0650104e+02
   9.2702369e+02
   9.4714918e+02
   9.6682597e+02
   9.8600258e+02
   1.0046279e+03
   1.0226512e+03
   1.0400227e+03
   1.0566937e+03
   1.0726164e+03
   1.0877449e+03
   1.1020347e+03
   1.1154434e+03
   1.1279308e+03
   1.1394589e+03
   1.1499926e+03
   1.1594991e+03
   1.1679490e+03
   1.1753158e+03
   1.1815762e+03
   1.1867104e+03
   1.1907021e+03
   1.1935383e+03
   1.1952102e+03
   1.1957122e+03
   1.1950427e+03
   1.1932038e+03
   1.1902014e+03
   1.1860448e+03
   1.1807475e+03
   1.1743260e+03
   1.1668007e+03
   1.1581952e+03
   1.1485363e+03
   1.1378540e+03
   1.1261811e+03
   1.1135534e+03
   1.1000089e+03
   1.0855883e+03
   1.0703342e+03
   1.0542913e+03
   1.0375057e+03
   1.0200254e+03
   1.0018993e+03
   9.8317740e+02
   9.6391040e+02
   9.4414957e+02
   9.2394646e+02
   9.0335264e+02
   8.8241956e+02
   8.6119827e+02
   8.3973923e+02
   8.1809214e+02
   7.9630574e+02
   7.7442763e+02
   7.5250412e+02
   7.3058008e+02
   7.0869882e+02
   6.8690195e+02
   6.6522929e+02
   6.4371877e+02
   6.2240636e+02
   6.0132603e+02
   5.8050964e+02
   5.5998697e+02
   5.3978566e+02
   5.1993124e+02
   5.0044707e+02
   4.8135442e+02
   4.6267245e+02
   4.4441829e+02
   4.2660703e+02
   4.0925182e+02
   3.9236390e+02
   3.7595270e+02
   3.6002589e+02
   3.4458946e+02
   3.2964781e+02
   3.1520384e+02
   3.0125903e+02
   2.8781357e+02
   2.7486639e+02
   2.6241530e+02
   2.5045710e+02
   2.3898762e+02
   2.2800186e+02
   2.1749408e+02
   2.0745785e+02
   1.9788622e+02
   1.8877170e+02
   1.8010645e+02
   1.7188229e+02
   1.6409081e+02
   1.5672344e+02
   1.4977150e+02
   1.4322631e+02
   1.3707922e+02
   1.3132169e+02
   1.2594532e+02
   1.2094194e+02
   1.1630363e+02
   1.1202280e+02
   1.0809218e+02
   1.0450490e+02
   1.0125453e+02
   9.8335088e+01
   9.5741065e+01
   9.3467480e+01
   9.1509881e+01
   8.9864373e+01
   8.8527632e+01
   8.7496918e+01
   8.6770092e+01
   8.6345619e+01
   8.6222576e+01
   8.6400658e+01
   8.6880175e+01
   8.7662054e+01
   8.8747834e+01
   9.0139659e+01
   9.1840270e+01
   9.3852992e+01
   9.6181720e+01
   9.8830903e+01
   1.0180552e+02
   1.0511106e+02
   1.0875351e+02
   1.1273928e+02
   1.1707523e+02
   1.2176860e+02
   1.2682697e+02
   1.3225823e+02
   1.3807051e+02
   1.4427218e+02
   1.5087174e+02
   1.5787780e+02
   1.6529900e+02
   1.7314394e+02
   1.8142116e+02
   1.9013899e+02
   1.9930555e+02
   2.0892862e+02
   2.1901558e+02
   2.2957333e+02
   2.4060820e+02
   2.5212585e+02
   2.6413118e+02
   2.7662824e+02
   2.8962016e+02
   3.0310902e+02
   3.1709575e+02
   3.3158008e+02
   3.4656040e+02
   3.6203370e+02
   3.7799546e+02
   3.9443956e+02
   4.1135821e+02
   4.2874189e+02
   4.4657921e+02
   4.6485691e+02
   4.8355978e+02
   5.0267059e+02
   5.2217006e+02
   5.4203682e+02
   5.6224739e+02
   5.8277616e+02
   6.0359540e+02
   6.2467526e+02
   6.4598377e+02
   6.6748692e+02
   6.8914868e+02
   7.1093107e+02
   7.3279422e+02
   7.5469650e+02
   7.7659459e+02
   7.9844362e+02
   8.2019726e+02
   8.4180796e+02
   8.6322699e+02
   8.8440472e+02
   9.0529074e+02
   9.2583405e+02
   9.4598332e+02
   9.6568706e+02
   9.8489383e+02
   1.0035525e+03
   1.0216125e+03
   1.0390240e+03
   1.0557381e+03
   1.0717073e+03
   1.0868854e+03
   1.1012279e+03
   1.1146925e+03
   1.1272388e+03
   1.1388287e+03
   1.1494270e+03
   1.1590009e+03
   1.1675206e+03
   1.1749597e+03
   1.1812946e+03
   1.1865054e+03
   1.1905756e+03
   1.1934921e+03
   1.1952457e+03
   1.1958308e+03
   1.1952456e+03
   1.1934917e+03
   1.1905750e+03
   1.1865047e+03
   1.1812937e+03
   1.1749586e+03
   1.1675194e+03
   1.1589995e+03
   1.1494256e+03
   1.1388273e+03
   1.1272373e+03
   1.1146910e+03
   1.1012264e+03
   1.0868839e+03
   1.0717060e+03
   1.0557370e+03
   1.0390232e+03
   1.0216121e+03
   1.0035525e+03
   9.8489433e+02
   9.6568819e+02
   9.4598521e+02
   9.2583681e+02
   9.0529450e+02
   8.8440965e+02
   8.6323323e+02
   8.4181567e+02
   8.2020664e+02
   7.9845483e+02
   7.7660786e+02
   7.5471203e+02
   7.3281223e+02
   7.1095179e+02
   6.8917236e+02
   6.6751381e+02
   6.4601412e+02
   6.2470935e+02
   6.0363352e+02
   5.8281859e+02
   5.6229443e+02
   5.4208878e+02
   5.2222726e+02
   5.0273335e+02
   4.8362843e+02
   4.6493179e+02
   4.4666067e+02
   4.2883028e+02
   4.1145390e+02
   3.9454291e+02
   3.7810685e+02
   3.6215352e+02
   3.4668903e+02
   3.3171793e+02
   3.1724322e+02
   3.0326654e+02
   2.8978815e+02
   2.7680713e+02
   2.6432142e+02
   2.5232790e+02
   2.4082252e+02
   2.2980040e+02
   2.1925589e+02
   2.0918267e+02
   1.9957387e+02
   1.9042211e+02
   1.8171962e+02
   1.7345831e+02
   1.6562985e+02
   1.5822574e+02
   1.5123738e+02
   1.4465615e+02
   1.3847347e+02
   1.3268085e+02
   1.2726996e+02
   1.2223268e+02
   1.1756114e+02
   1.1324778e+02
   1.0928539e+02
   1.0566715e+02
   1.0238664e+02
   9.9437926e+01
   9.6815537e+01
   9.4514518e+01
   9.2530447e+01
   9.0859454e+01
   8.9498239e+01
   8.8444086e+01
   8.7694877e+01
   8.7249095e+01
   8.7105837e+01
