   5.9170400e+01
   5.9169797e+01
   5.9168016e+01
   5.9165023e+01
   5.9160758e+01
   5.9155138e+01
   5.9148058e+01
   5.9139387e+01
   5.9128975e+01
   5.9116646e+01
   5.9102204e+01
   5.9085429e+01
   5.9066080e+01
   5.9043898e+01
   5.9018598e+01
   5.8989880e+01
   5.8957422e+01
   5.8920885e+01
   5.8879911e+01
   5.8834126e+01
   5.8783138e+01
   5.8726543e+01
   5.8663919e+01
   5.8594835e+01
   5.8518846e+01
   5.8435495e+01
   5.8344317e+01
   5.8244841e+01
   5.8136585e+01
   5.8019066e+01
   5.7891794e+01
   5.7754279e+01
   5.7606030e+01
   5.7446557e+01
   5.7275375e+01
   5.7092002e+01
   5.6895962e+01
   5.6686792e+01
   5.6464035e+01
   5.6227249e+01
   5.5976007e+01
   5.5709898e+01
   5.5428529e+01
   5.5131530e+01
   5.4818551e+01
   5.4489269e+01
   5.4143387e+01
   5.3780636e+01
   5.3400778e+01
   5.3003607e+01
   5.2588950e+01
   5.2156673e+01
   5.1706675e+01
   5.1238896e+01
   5.0753316e+01
   5.0249954e+01
   4.9728873e+01
   4.9190178e+01
   4.8634019e+01
   4.8060590e+01
   4.7470128e+01
   4.6862917e+01
   4.6239286e+01
   4.5599607e+01
   4.4944298e+01
   4.4273821e+01
   4.3588681e+01
   4.2889425e+01
   4.2176642e+01
   4.1450959e+01
   4.0713044e+01
   3.9963600e+01
   3.9203364e+01
   3.8433106e+01
   3.7653629e+01
   3.6865760e+01
   3.6070355e+01
   3.5268289e+01
   3.4460461e+01
   3.3647785e+01
   3.2831189e+01
   3.2011614e+01
   3.1190006e+01
   3.0367318e+01
   2.9544505e+01
   2.8722519e+01
   2.7902309e+01
   2.7084814e+01
   2.6270965e+01
   2.5461677e+01
   2.4657849e+01
   2.3860360e+01
   2.3070067e+01
   2.2287801e+01
   2.1514368e+01
   2.0750540e+01
   1.9997062e+01
   1.9254642e+01
   1.8523951e+01
   1.7805627e+01
   1.7100264e+01
   1.6408420e+01
   1.5730611e+01
   1.5067308e+01
   1.4418944e+01
   1.3785906e+01
   1.3168539e+01
   1.2567144e+01
   1.1981979e+01
   1.1413260e+01
   1.0861159e+01
   1.0325808e+01
   9.8072978e+00
   9.3056792e+00
   8.8209645e+00
   8.3531282e+00
   7.9021093e+00
   7.4678117e+00
   7.0501068e+00
   6.6488343e+00
   6.2638044e+00
   5.8947994e+00
   5.5415756e+00
   5.2038652e+00
   4.8813778e+00
   4.5738029e+00
   4.2808113e+00
   4.0020571e+00
   3.7371799e+00
   3.4858059e+00
   3.2475503e+00
   3.0220190e+00
   2.8088100e+00
   2.6075152e+00
   2.4177221e+00
   2.2390151e+00
   2.0709770e+00
   1.9131905e+00
   1.7652393e+00
   1.6267095e+00
   1.4971906e+00
   1.3762766e+00
   1.2635669e+00
   1.1586673e+00
   1.0611909e+00
   9.7075844e-01
   8.8699944e-01
   8.0955252e-01
   7.3806597e-01
   6.7219821e-01
   6.1161817e-01
   5.5600560e-01
   5.0505137e-01
   4.5845765e-01
   4.1593807e-01
   3.7721786e-01
   3.4203388e-01
   3.1013470e-01
   2.8128053e-01
   2.5524327e-01
   2.3180636e-01
   2.1076473e-01
   1.9192472e-01
   1.7510390e-01
   1.6013095e-01
   1.4684553e-01
   1.3509808e-01
   1.2474970e-01
   1.1567195e-01
   1.0774671e-01
   1.0086598e-01
   9.4931779e-02
   8.9855935e-02
   8.5559981e-02
   8.1975009e-02
   7.9041553e-02
   7.6709483e-02
   7.4937912e-02
   7.3695119e-02
   7.2958491e-02
   7.2714479e-02
   7.2958569e-02
   7.3695276e-02
   7.4938152e-02
   7.6709811e-02
   7.9041977e-02
   8.1975536e-02
   8.5560624e-02
   8.9856707e-02
   9.4932697e-02
   1.0086707e-01
   1.0774798e-01
   1.1567344e-01
   1.2475144e-01
   1.3510011e-01
   1.4684790e-01
   1.6013371e-01
   1.7510710e-01
   1.9192843e-01
   2.1076903e-01
   2.3181132e-01
   2.5524900e-01
   2.8128713e-01
   3.1014228e-01
   3.4204259e-01
   3.7722783e-01
   4.1594947e-01
   4.5847065e-01
   5.0506617e-01
   5.5602241e-01
   6.1163722e-01
   6.7221975e-01
   7.3809027e-01
   8.0957988e-01
   8.8703017e-01
   9.7079288e-01
   1.0612294e+00
   1.1587103e+00
   1.2636148e+00
   1.3763298e+00
   1.4972496e+00
   1.6267748e+00
   1.7653114e+00
   1.9132699e+00
   2.0710644e+00
   2.2391111e+00
   2.4178273e+00
   2.6076303e+00
   2.8089356e+00
   3.0221559e+00
   3.2476993e+00
   3.4859676e+00
   3.7373553e+00
   4.0022470e+00
   4.2810164e+00
   4.5740242e+00
   4.8816161e+00
   5.2041215e+00
   5.5418509e+00
   5.8950944e+00
   6.2641202e+00
   6.6491718e+00
   7.0504669e+00
   7.4681955e+00
   7.9025175e+00
   8.3535620e+00
   8.8214247e+00
   9.3061668e+00
   9.8078137e+00
   1.0326353e+01
   1.0861734e+01
   1.1413866e+01
   1.1982617e+01
   1.2567814e+01
   1.3169243e+01
   1.3786644e+01
   1.4419716e+01
   1.5068115e+01
   1.5731453e+01
   1.6409299e+01
   1.7101179e+01
   1.7806579e+01
   1.8524941e+01
   1.9255669e+01
   1.9998127e+01
   2.0751643e+01
   2.1515508e+01
   2.2288979e+01
   2.3071282e+01
   2.3861612e+01
   2.4659138e+01
   2.5463003e+01
   2.6272327e+01
   2.7086211e+01
   2.7903741e+01
   2.8723985e+01
   2.9546004e+01
   3.0368849e+01
   3.1191568e+01
   3.2013207e+01
   3.2832812e+01
   3.3649435e+01
   3.4462138e+01
   3.5269992e+01
   3.6072081e+01
   3.6867509e+01
   3.7655399e+01
   3.8434896e+01
   3.9205172e+01
   3.9965424e+01
   4.0714883e+01
   4.1452812e+01
   4.2178506e+01
   4.2891299e+01
   4.3590563e+01
   4.4275709e+01
   4.4946190e+01
   4.5601502e+01
   4.6241182e+01
   4.6864813e+01
   4.7472021e+01
   4.8062479e+01
   4.8635903e+01
   4.9192054e+01
   4.9730739e+01
   5.0251810e+01
   5.0755159e+01
   5.1240726e+01
   5.1708490e+01
   5.2158471e+01
   5.2590730e+01
   5.3005366e+01
   5.3402516e+01
   5.3782352e+01
   5.4145080e+01
   5.4490937e+01
   5.4820193e+01
   5.5133145e+01
   5.5430116e+01
   5.5711456e+01
   5.5977535e+01
   5.6228747e+01
   5.6465501e+01
   5.6688226e+01
   5.6897363e+01
   5.7093368e+01
   5.7276707e+01
   5.7447855e+01
   5.7607292e+01
   5.7755504e+01
   5.7892983e+01
   5.8020218e+01
   5.8137700e+01
   5.8245918e+01
   5.8345356e+01
   5.8436495e+01
   5.8519807e+01
   5.8595758e+01
   5.8664803e+01
   5.8727387e+01
   5.8783943e+01
   5.8834891e+01
   5.8880636e+01
   5.8921570e+01
   5.8958068e+01
   5.8990485e+01
   5.9019163e+01
   5.9044422e+01
   5.9066565e+01
   5.9085873e+01
   5.9102608e+01
   5.9117010e+01
   5.9129298e+01
   5.9139670e+01
   5.9148300e+01
   5.9155340e+01
   5.9160920e+01
   5.9165144e+01
   5.9168097e+01
   5.9169837e+01
   5.9170400e+01
