   3.0032658e-09
   8.5359286e-08
   3.2337828e-07
   7.1764423e-07
   1.2676981e-06
   1.9728750e-06
   2.8323198e-06
   3.8449901e-06
   5.0096569e-06
   6.3249071e-06
   7.7891445e-06
   9.4005923e-06
   1.1157295e-05
   1.3057120e-05
   1.5097762e-05
   1.7276743e-05
   1.9591419e-05
   2.2038979e-05
   2.4616453e-05
   2.7320710e-05
   3.0148467e-05
   3.3096289e-05
   3.6160597e-05
   3.9337668e-05
   4.2623644e-05
   4.6014532e-05
   4.9506212e-05
   5.3094441e-05
   5.6774859e-05
   6.0542992e-05
   6.4394261e-05
   6.8323982e-05
   7.2327378e-05
   7.6399580e-05
   8.0535637e-05
   8.4730517e-05
   8.8979117e-05
   9.3276268e-05
   9.7616741e-05
   1.0199525e-04
   1.0640648e-04
   1.1084504e-04
   1.1530554e-04
   1.1978254e-04
   1.2427059e-04
   1.2876423e-04
   1.3325799e-04
   1.3774637e-04
   1.4222393e-04
   1.4668519e-04
   1.5112472e-04
   1.5553711e-04
   1.5991698e-04
   1.6425899e-04
   1.6855784e-04
   1.7280829e-04
   1.7700515e-04
   1.8114331e-04
   1.8521770e-04
   1.8922337e-04
   1.9315541e-04
   1.9700904e-04
   2.0077954e-04
   2.0446231e-04
   2.0805286e-04
   2.1154679e-04
   2.1493984e-04
   2.1822787e-04
   2.2140686e-04
   2.2447292e-04
   2.2742230e-04
   2.3025141e-04
   2.3295678e-04
   2.3553510e-04
   2.3798323e-04
   2.4029818e-04
   2.4247710e-04
   2.4451734e-04
   2.4641641e-04
   2.4817197e-04
   2.4978188e-04
   2.5124418e-04
   2.5255707e-04
   2.5371895e-04
   2.5472840e-04
   2.5558418e-04
   2.5628525e-04
   2.5683074e-04
   2.5721999e-04
   2.5745253e-04
   2.5752807e-04
   2.5744651e-04
   2.5720796e-04
   2.5681271e-04
   2.5626124e-04
   2.5555422e-04
   2.5469253e-04
   2.5367721e-04
   2.5250950e-04
   2.5119085e-04
   2.4972285e-04
   2.4810730e-04
   2.4634618e-04
   2.4444165e-04
   2.4239602e-04
   2.4021181e-04
   2.3789169e-04
   2.3543848e-04
   2.3285519e-04
   2.3014498e-04
   2.2731116e-04
   2.2435720e-04
   2.2128669e-04
   2.1810341e-04
   2.1481123e-04
   2.1141418e-04
   2.0791640e-04
   2.0432218e-04
   2.0063589e-04
   1.9686205e-04
   1.9300526e-04
   1.8907023e-04
   1.8506176e-04
   1.8098474e-04
   1.7684416e-04
   1.7264506e-04
   1.6839257e-04
   1.6409188e-04
   1.5974823e-04
   1.5536692e-04
   1.5095329e-04
   1.4651272e-04
   1.4205064e-04
   1.3757247e-04
   1.3308367e-04
   1.2858973e-04
   1.2409610e-04
   1.1960827e-04
   1.1513170e-04
   1.1067184e-04
   1.0623413e-04
   1.0182397e-04
   9.7446728e-05
   9.3107730e-05
   8.8812258e-05
   8.4565541e-05
   8.0372744e-05
   7.6238968e-05
   7.2169243e-05
   6.8168518e-05
   6.4241657e-05
   6.0393437e-05
   5.6628535e-05
   5.2951528e-05
   4.9366887e-05
   4.5878966e-05
   4.2492006e-05
   3.9210120e-05
   3.6037298e-05
   3.2977393e-05
   3.0034122e-05
   2.7211059e-05
   2.4511635e-05
   2.1939126e-05
   1.9496657e-05
   1.7187192e-05
   1.5013537e-05
   1.2978329e-05
   1.1084040e-05
   9.3329692e-06
   7.7272412e-06
   6.2688055e-06
   4.9594320e-06
   3.8007099e-06
   2.7940454e-06
   1.9406599e-06
   1.2415890e-06
   6.9768034e-07
   3.0959144e-07
   7.7772425e-08
   5.9525592e-10
   8.4012439e-08
   3.2206332e-07
   7.1637068e-07
   1.2664757e-06
   1.9717135e-06
   2.8312291e-06
   3.8439800e-06
   5.0087373e-06
   6.3240877e-06
   7.7884352e-06
   9.4000025e-06
   1.1156834e-05
   1.3056797e-05
   1.5097586e-05
   1.7276724e-05
   1.9591565e-05
   2.2039298e-05
   2.4616953e-05
   2.7321399e-05
   3.0149351e-05
   3.3097377e-05
   3.6161895e-05
   3.9339182e-05
   4.2625379e-05
   4.6016494e-05
   4.9508405e-05
   5.3096870e-05
   5.6777528e-05
   6.0545904e-05
   6.4397418e-05
   6.8327387e-05
   7.2331032e-05
   7.6403485e-05
   8.0539793e-05
   8.4734924e-05
   8.8983774e-05
   9.3281174e-05
   9.7621894e-05
   1.0200065e-04
   1.0641212e-04
   1.1085092e-04
   1.1531165e-04
   1.1978888e-04
   1.2427716e-04
   1.2877102e-04
   1.3326499e-04
   1.3775358e-04
   1.4223133e-04
   1.4669278e-04
   1.5113250e-04
   1.5554507e-04
   1.5992510e-04
   1.6426727e-04
   1.6856626e-04
   1.7281685e-04
   1.7701383e-04
   1.8115210e-04
   1.8522660e-04
   1.8923236e-04
   1.9316449e-04
   1.9701818e-04
   2.0078874e-04
   2.0447156e-04
   2.0806213e-04
   2.1155609e-04
   2.1494915e-04
   2.1823717e-04
   2.2141614e-04
   2.2448217e-04
   2.2743151e-04
   2.3026056e-04
   2.3296587e-04
   2.3554412e-04
   2.3799216e-04
   2.4030700e-04
   2.4248581e-04
   2.4452593e-04
   2.4642486e-04
   2.4818028e-04
   2.4979004e-04
   2.5125217e-04
   2.5256489e-04
   2.5372659e-04
   2.5473584e-04
   2.5559143e-04
   2.5629228e-04
   2.5683756e-04
   2.5722660e-04
   2.5745891e-04
   2.5753421e-04
   2.5745242e-04
   2.5721362e-04
   2.5681813e-04
   2.5626641e-04
   2.5555914e-04
   2.5469719e-04
   2.5368162e-04
   2.5251366e-04
   2.5119474e-04
   2.4972649e-04
   2.4811068e-04
   2.4634931e-04
   2.4444452e-04
   2.4239865e-04
   2.4021419e-04
   2.3789382e-04
   2.3544037e-04
   2.3285685e-04
   2.3014641e-04
   2.2731236e-04
   2.2435818e-04
   2.2128746e-04
   2.1810397e-04
   2.1481159e-04
   2.1141435e-04
   2.0791639e-04
   2.0432199e-04
   2.0063554e-04
   1.9686154e-04
   1.9300459e-04
   1.8906942e-04
   1.8506082e-04
   1.8098368e-04
   1.7684299e-04
   1.7264379e-04
   1.6839121e-04
   1.6409043e-04
   1.5974671e-04
   1.5536534e-04
   1.5095166e-04
   1.4651105e-04
   1.4204893e-04
   1.3757074e-04
   1.3308193e-04
   1.2858798e-04
   1.2409436e-04
   1.1960654e-04
   1.1512999e-04
   1.1067017e-04
   1.0623250e-04
   1.0182238e-04
   9.7445195e-05
   9.3106258e-05
   8.8810855e-05
   8.4564211e-05
   8.0371494e-05
   7.6237804e-05
   7.2168168e-05
   6.8167537e-05
   6.4240775e-05
   6.0392656e-05
   5.6627859e-05
   5.2950960e-05
   4.9366427e-05
   4.5878616e-05
   4.2491767e-05
   3.9209993e-05
   3.6037281e-05
   3.2977486e-05
   3.0034324e-05
   2.7211369e-05
   2.4512049e-05
   2.1939642e-05
   1.9497271e-05
   1.7187901e-05
   1.5014335e-05
   1.2979213e-05
   1.1085004e-05
   9.3340069e-06
   7.7283470e-06
   6.2699726e-06
   4.9606536e-06
   3.8019786e-06
   2.7953534e-06
   1.9419993e-06
   1.2429514e-06
   6.9905702e-07
   3.1097321e-07
   7.9148829e-08
   3.0032658e-09
