   3.0242317e+01
   3.0242119e+01
   3.0241545e+01
   3.0240579e+01
   3.0239192e+01
   3.0237348e+01
   3.0234996e+01
   3.0232078e+01
   3.0228523e+01
   3.0224250e+01
   3.0219169e+01
   3.0213177e+01
   3.0206165e+01
   3.0198010e+01
   3.0188582e+01
   3.0177741e+01
   3.0165339e+01
   3.0151218e+01
   3.0135212e+01
   3.0117147e+01
   3.0096841e+01
   3.0074105e+01
   3.0048745e+01
   3.0020557e+01
   2.9989334e+01
   2.9954863e+01
   2.9916927e+01
   2.9875302e+01
   2.9829765e+01
   2.9780085e+01
   2.9726033e+01
   2.9667377e+01
   2.9603883e+01
   2.9535318e+01
   2.9461450e+01
   2.9382049e+01
   2.9296885e+01
   2.9205734e+01
   2.9108373e+01
   2.9004588e+01
   2.8894166e+01
   2.8776905e+01
   2.8652608e+01
   2.8521086e+01
   2.8382162e+01
   2.8235667e+01
   2.8081444e+01
   2.7919348e+01
   2.7749246e+01
   2.7571019e+01
   2.7384563e+01
   2.7189790e+01
   2.6986625e+01
   2.6775013e+01
   2.6554913e+01
   2.6326305e+01
   2.6089185e+01
   2.5843569e+01
   2.5589492e+01
   2.5327008e+01
   2.5056193e+01
   2.4777140e+01
   2.4489965e+01
   2.4194802e+01
   2.3891807e+01
   2.3581155e+01
   2.3263042e+01
   2.2937682e+01
   2.2605309e+01
   2.2266177e+01
   2.1920557e+01
   2.1568738e+01
   2.1211026e+01
   2.0847743e+01
   2.0479226e+01
   2.0105828e+01
   1.9727913e+01
   1.9345859e+01
   1.8960055e+01
   1.8570900e+01
   1.8178802e+01
   1.7784176e+01
   1.7387444e+01
   1.6989034e+01
   1.6589374e+01
   1.6188899e+01
   1.5788042e+01
   1.5387236e+01
   1.4986913e+01
   1.4587502e+01
   1.4189425e+01
   1.3793102e+01
   1.3398945e+01
   1.3007355e+01
   1.2618727e+01
   1.2233443e+01
   1.1851877e+01
   1.1474386e+01
   1.1101315e+01
   1.0732998e+01
   1.0369748e+01
   1.0011867e+01
   9.6596369e+00
   9.3133255e+00
   8.9731813e+00
   8.6394352e+00
   8.3123000e+00
   7.9919698e+00
   7.6786202e+00
   7.3724082e+00
   7.0734721e+00
   6.7819313e+00
   6.4978873e+00
   6.2214231e+00
   5.9526039e+00
   5.6914773e+00
   5.4380740e+00
   5.1924079e+00
   4.9544770e+00
   4.7242638e+00
   4.5017356e+00
   4.2868460e+00
   4.0795345e+00
   3.8797283e+00
   3.6873421e+00
   3.5022795e+00
   3.3244335e+00
   3.1536871e+00
   2.9899145e+00
   2.8329816e+00
   2.6827468e+00
   2.5390619e+00
   2.4017726e+00
   2.2707195e+00
   2.1457389e+00
   2.0266629e+00
   1.9133211e+00
   1.8055401e+00
   1.7031453e+00
   1.6059604e+00
   1.5138090e+00
   1.4265144e+00
   1.3439005e+00
   1.2657921e+00
   1.1920156e+00
   1.1223992e+00
   1.0567734e+00
   9.9497140e-01
   9.3682938e-01
   8.8218685e-01
   8.3088693e-01
   7.8277658e-01
   7.3770686e-01
   6.9553313e-01
   6.5611523e-01
   6.1931761e-01
   5.8500951e-01
   5.5306506e-01
   5.2336336e-01
   4.9578858e-01
   4.7023003e-01
   4.4658218e-01
   4.2474473e-01
   4.0462262e-01
   3.8612604e-01
   3.6917046e-01
   3.5367660e-01
   3.3957043e-01
   3.2678317e-01
   3.1525127e-01
   3.0491636e-01
   2.9572527e-01
   2.8762999e-01
   2.8058763e-01
   2.7456043e-01
   2.6951569e-01
   2.6542579e-01
   2.6226818e-01
   2.6002530e-01
   2.5868465e-01
   2.5823871e-01
   2.5868499e-01
   2.6002600e-01
   2.6226923e-01
   2.6542722e-01
   2.6951750e-01
   2.7456264e-01
   2.8059027e-01
   2.8763308e-01
   2.9572884e-01
   3.0492044e-01
   3.1525591e-01
   3.2678842e-01
   3.3957633e-01
   3.5368321e-01
   3.6917784e-01
   3.8613426e-01
   4.0463175e-01
   4.2475486e-01
   4.4659341e-01
   4.7024245e-01
   4.9580230e-01
   5.2337849e-01
   5.5308173e-01
   5.8502786e-01
   6.1933779e-01
   6.5613739e-01
   6.9555744e-01
   7.3773351e-01
   7.8280575e-01
   8.3091884e-01
   8.8222172e-01
   9.3686743e-01
   9.9501289e-01
   1.0568186e+00
   1.1224484e+00
   1.1920690e+00
   1.2658501e+00
   1.3439634e+00
   1.4265826e+00
   1.5138828e+00
   1.6060402e+00
   1.7032313e+00
   1.8056330e+00
   1.9134211e+00
   2.0267705e+00
   2.1458545e+00
   2.2708437e+00
   2.4019057e+00
   2.5392045e+00
   2.6828994e+00
   2.8331446e+00
   2.9900885e+00
   3.1538727e+00
   3.3246312e+00
   3.5024899e+00
   3.6875657e+00
   3.8799656e+00
   4.0797861e+00
   4.2871124e+00
   4.5020175e+00
   4.7245616e+00
   4.9547914e+00
   5.1927393e+00
   5.4384230e+00
   5.6918445e+00
   5.9529897e+00
   6.2218281e+00
   6.4983120e+00
   6.7823761e+00
   7.0739374e+00
   7.3728946e+00
   7.6791280e+00
   7.9924993e+00
   8.3128516e+00
   8.6400093e+00
   8.9737780e+00
   9.3139452e+00
   9.6602797e+00
   1.0012533e+01
   1.0370437e+01
   1.0733711e+01
   1.1102052e+01
   1.1475146e+01
   1.1852660e+01
   1.2234250e+01
   1.2619557e+01
   1.3008208e+01
   1.3399820e+01
   1.3794001e+01
   1.4190346e+01
   1.4588444e+01
   1.4987877e+01
   1.5388221e+01
   1.5789047e+01
   1.6189923e+01
   1.6590418e+01
   1.6990095e+01
   1.7388524e+01
   1.7785272e+01
   1.8179914e+01
   1.8572028e+01
   1.8961197e+01
   1.9347015e+01
   1.9729081e+01
   2.0107008e+01
   2.0480417e+01
   2.0848944e+01
   2.1212236e+01
   2.1569956e+01
   2.1921782e+01
   2.2267407e+01
   2.2606544e+01
   2.2938919e+01
   2.3264282e+01
   2.3582397e+01
   2.3893049e+01
   2.4196043e+01
   2.4491204e+01
   2.4778377e+01
   2.5057425e+01
   2.5328236e+01
   2.5590713e+01
   2.5844783e+01
   2.6090391e+01
   2.6327502e+01
   2.6556101e+01
   2.6776190e+01
   2.6987791e+01
   2.7190943e+01
   2.7385703e+01
   2.7572145e+01
   2.7750357e+01
   2.7920443e+01
   2.8082524e+01
   2.8236730e+01
   2.8383207e+01
   2.8522113e+01
   2.8653615e+01
   2.8777893e+01
   2.8895135e+01
   2.9005536e+01
   2.9109301e+01
   2.9206640e+01
   2.9297770e+01
   2.9382911e+01
   2.9462291e+01
   2.9536136e+01
   2.9604677e+01
   2.9668148e+01
   2.9726781e+01
   2.9780809e+01
   2.9830465e+01
   2.9875978e+01
   2.9917579e+01
   2.9955491e+01
   2.9989937e+01
   3.0021135e+01
   3.0049298e+01
   3.0074634e+01
   3.0097344e+01
   3.0117625e+01
   3.0135666e+01
   3.0151647e+01
   3.0165743e+01
   3.0178120e+01
   3.0188935e+01
   3.0198337e+01
   3.0206467e+01
   3.0213455e+01
   3.0219421e+01
   3.0224477e+01
   3.0228725e+01
   3.0232254e+01
   3.0235147e+01
   3.0237474e+01
   3.0239293e+01
   3.0240654e+01
   3.0241596e+01
   3.0242145e+01
   3.0242317e+01
