   3.8051998e+04
   3.8044719e+04
   3.8022901e+04
   3.7986347e+04
   3.7934735e+04
   3.7867613e+04
   3.7784408e+04
   3.7684425e+04
   3.7566854e+04
   3.7430776e+04
   3.7275167e+04
   3.7098911e+04
   3.6900804e+04
   3.6679566e+04
   3.6433854e+04
   3.6162273e+04
   3.5863393e+04
   3.5535762e+04
   3.5177926e+04
   3.4788446e+04
   3.4365922e+04
   3.3909011e+04
   3.3416452e+04
   3.2887092e+04
   3.2319910e+04
   3.1714048e+04
   3.1068830e+04
   3.0383799e+04
   2.9658740e+04
   2.8893709e+04
   2.8089059e+04
   2.7245466e+04
   2.6363955e+04
   2.5445915e+04
   2.4493125e+04
   2.3507762e+04
   2.2492416e+04
   2.1450094e+04
   2.0384217e+04
   1.9298619e+04
   1.8197530e+04
   1.7085559e+04
   1.5967663e+04
   1.4849117e+04
   1.3735466e+04
   1.2632478e+04
   1.1546088e+04
   1.0482327e+04
   9.4472553e+03
   8.4468856e+03
   7.4870990e+03
   6.5735620e+03
   5.7116384e+03
   4.9063025e+03
   4.1620528e+03
   3.4828284e+03
   2.8719316e+03
   2.3319560e+03
   1.8647244e+03
   1.4712368e+03
   1.1516309e+03
   9.0515702e+02
   7.3016698e+02
   6.2412060e+02
   5.8360815e+02
   6.0439047e+02
   6.8145601e+02
   8.0909448e+02
   9.8098614e+02
   1.1903053e+03
   1.4298358e+03
   1.6920976e+03
   1.9694795e+03
   2.2543778e+03
   2.5393361e+03
   2.8171834e+03
   3.0811676e+03
   3.3250808e+03
   3.5433736e+03
   3.7312552e+03
   3.8847772e+03
   4.0008984e+03
   4.0775302e+03
   4.1135592e+03
   4.1088490e+03
   4.0642197e+03
   3.9814057e+03
   3.8629942e+03
   3.7123445e+03
   3.5334922e+03
   3.3310390e+03
   3.1100332e+03
   2.8758418e+03
   2.6340205e+03
   2.3901822e+03
   2.1498688e+03
   1.9184304e+03
   1.7009127e+03
   1.5019564e+03
   1.3257117e+03
   1.1757676e+03
   1.0550990e+03
   9.6603077e+02
   9.1022053e+02
   8.8865838e+02
   9.0168355e+02
   9.4901627e+02
   1.0298035e+03
   1.1426761e+03
   1.2858160e+03
   1.4570300e+03
   1.6538288e+03
   1.8735076e+03
   2.1132275e+03
   2.3700944e+03
   2.6412332e+03
   2.9238564e+03
   3.2153257e+03
   3.5132042e+03
   3.8152998e+03
   4.1196987e+03
   4.4247888e+03
   4.7292731e+03
   5.0321735e+03
   5.3328265e+03
   5.6308698e+03
   5.9262225e+03
   6.2190590e+03
   6.5097787e+03
   6.7989712e+03
   7.0873797e+03
   7.3758633e+03
   7.6653586e+03
   7.9568424e+03
   8.2512964e+03
   8.5496737e+03
   8.8528687e+03
   9.1616910e+03
   9.4768422e+03
   9.7988975e+03
   1.0128291e+04
   1.0465307e+04
   1.0810069e+04
   1.1162545e+04
   1.1522540e+04
   1.1889705e+04
   1.2263545e+04
   1.2643421e+04
   1.3028572e+04
   1.3418117e+04
   1.3811076e+04
   1.4206382e+04
   1.4602894e+04
   1.4999415e+04
   1.5394706e+04
   1.5787500e+04
   1.6176514e+04
   1.6560462e+04
   1.6938069e+04
   1.7308080e+04
   1.7669268e+04
   1.8020444e+04
   1.8360462e+04
   1.8688228e+04
   1.9002702e+04
   1.9302901e+04
   1.9587905e+04
   1.9856856e+04
   2.0108960e+04
   2.0343489e+04
   2.0559778e+04
   2.0757225e+04
   2.0935293e+04
   2.1093504e+04
   2.1231443e+04
   2.1348752e+04
   2.1445133e+04
   2.1520342e+04
   2.1574192e+04
   2.1606548e+04
   2.1617332e+04
   2.1606517e+04
   2.1574129e+04
   2.1520249e+04
   2.1445010e+04
   2.1348601e+04
   2.1231263e+04
   2.1093298e+04
   2.0935062e+04
   2.0756971e+04
   2.0559503e+04
   2.0343196e+04
   2.0108650e+04
   1.9856531e+04
   1.9587568e+04
   1.9302554e+04
   1.9002349e+04
   1.8687871e+04
   1.8360103e+04
   1.8020086e+04
   1.7668914e+04
   1.7307732e+04
   1.6937729e+04
   1.6560132e+04
   1.6176196e+04
   1.5787197e+04
   1.5394419e+04
   1.4999144e+04
   1.4602641e+04
   1.4206148e+04
   1.3810862e+04
   1.3417923e+04
   1.3028397e+04
   1.2643265e+04
   1.2263406e+04
   1.1889584e+04
   1.1522434e+04
   1.1162454e+04
   1.0809990e+04
   1.0465237e+04
   1.0128230e+04
   9.7988410e+03
   9.4767883e+03
   9.1616370e+03
   8.8528120e+03
   8.5496114e+03
   8.2512262e+03
   7.9567617e+03
   7.6652651e+03
   7.3757550e+03
   7.0872549e+03
   6.7988284e+03
   6.5096169e+03
   6.2188773e+03
   5.9260206e+03
   5.6306479e+03
   5.3325851e+03
   5.0319135e+03
   4.7289959e+03
   4.4244962e+03
   4.1193928e+03
   3.8149831e+03
   3.5128794e+03
   3.2149959e+03
   2.9235248e+03
   2.6409031e+03
   2.3697694e+03
   2.1129109e+03
   1.8732028e+03
   1.6535392e+03
   1.4567587e+03
   1.2855657e+03
   1.1424495e+03
   1.0296029e+03
   9.4884348e+02
   9.0154002e+02
   8.8854510e+02
   9.1013803e+02
   9.6597911e+02
   1.0550778e+03
   1.1757759e+03
   1.3257481e+03
   1.5020191e+03
   1.7009996e+03
   1.9185390e+03
   2.1499960e+03
   2.3903249e+03
   2.6341753e+03
   2.8760051e+03
   3.1102013e+03
   3.3312082e+03
   3.5336587e+03
   3.7125047e+03
   3.8631446e+03
   3.9815430e+03
   4.0643408e+03
   4.1089512e+03
   4.1136401e+03
   4.0775879e+03
   4.0009315e+03
   3.8847845e+03
   3.7312365e+03
   3.5433289e+03
   3.3250108e+03
   3.0810736e+03
   2.8170672e+03
   2.5392002e+03
   2.2542253e+03
   1.9693138e+03
   1.6919229e+03
   1.4296567e+03
   1.1901265e+03
   9.8081316e+02
   8.0893286e+02
   6.8131162e+02
   6.0426933e+02
   5.8351639e+02
   6.2406436e+02
   7.3015235e+02
   9.0518992e+02
   1.1517171e+03
   1.4713815e+03
   1.8649329e+03
   2.3322328e+03
   2.8722809e+03
   3.4832538e+03
   4.1625572e+03
   4.9068885e+03
   5.7123077e+03
   6.5743157e+03
   7.4879377e+03
   8.4478089e+03
   9.4482624e+03
   1.0483416e+04
   1.1547258e+04
   1.2633725e+04
   1.3736787e+04
   1.4850508e+04
   1.5969121e+04
   1.7087078e+04
   1.8199105e+04
   1.9300245e+04
   2.0385888e+04
   2.1451804e+04
   2.2494159e+04
   2.3509532e+04
   2.4494916e+04
   2.5447721e+04
   2.6365769e+04
   2.7247283e+04
   2.8090872e+04
   2.8895513e+04
   2.9660529e+04
   3.0385567e+04
   3.1070572e+04
   3.1715759e+04
   3.2321586e+04
   3.2888727e+04
   3.3418042e+04
   3.3910553e+04
   3.4367412e+04
   3.4789880e+04
   3.5179300e+04
   3.5537074e+04
   3.5864640e+04
   3.6163453e+04
   3.6434964e+04
   3.6680605e+04
   3.6901769e+04
   3.7099801e+04
   3.7275981e+04
   3.7431511e+04
   3.7567511e+04
   3.7685002e+04
   3.7784904e+04
   3.7868027e+04
   3.7935067e+04
   3.7986596e+04
   3.8023067e+04
   3.8044803e+04
   3.8051998e+04
