   1.4293860e-07
   2.6708485e-06
   9.9659971e-06
   2.2059336e-05
   3.8937561e-05
   6.0580366e-05
   8.6961521e-05
   1.1804901e-04
   1.5380510e-04
   1.9418638e-04
   2.3914381e-04
   2.8862281e-04
   3.4256330e-04
   4.0089977e-04
   4.6356138e-04
   5.3047202e-04
   6.0155042e-04
   6.7671026e-04
   7.5586023e-04
   8.3890417e-04
   9.2574121e-04
   1.0162658e-03
   1.1103680e-03
   1.2079335e-03
   1.3088436e-03
   1.4129757e-03
   1.5202032e-03
   1.6303959e-03
   1.7434196e-03
   1.8591371e-03
   1.9774075e-03
   2.0980871e-03
   2.2210291e-03
   2.3460839e-03
   2.4730994e-03
   2.6019211e-03
   2.7323921e-03
   2.8643538e-03
   2.9976456e-03
   3.1321051e-03
   3.2675687e-03
   3.4038714e-03
   3.5408473e-03
   3.6783296e-03
   3.8161508e-03
   3.9541431e-03
   4.0921383e-03
   4.2299682e-03
   4.3674650e-03
   4.5044610e-03
   4.6407893e-03
   4.7762837e-03
   4.9107790e-03
   5.0441112e-03
   5.1761177e-03
   5.3066375e-03
   5.4355114e-03
   5.5625822e-03
   5.6876948e-03
   5.8106967e-03
   5.9314376e-03
   6.0497703e-03
   6.1655503e-03
   6.2786363e-03
   6.3888902e-03
   6.4961774e-03
   6.6003669e-03
   6.7013314e-03
   6.7989477e-03
   6.8930965e-03
   6.9836629e-03
   7.0705361e-03
   7.1536100e-03
   7.2327833e-03
   7.3079590e-03
   7.3790453e-03
   7.4459555e-03
   7.5086076e-03
   7.5669252e-03
   7.6208369e-03
   7.6702768e-03
   7.7151846e-03
   7.7555053e-03
   7.7911896e-03
   7.8221939e-03
   7.8484803e-03
   7.8700166e-03
   7.8867766e-03
   7.8987397e-03
   7.9058913e-03
   7.9082227e-03
   7.9057309e-03
   7.8984192e-03
   7.8862963e-03
   7.8693771e-03
   7.8476823e-03
   7.8212384e-03
   7.7900778e-03
   7.7542386e-03
   7.7137645e-03
   7.6687050e-03
   7.6191152e-03
   7.5650558e-03
   7.5065928e-03
   7.4437976e-03
   7.3767471e-03
   7.3055231e-03
   7.2302127e-03
   7.1509079e-03
   7.0677056e-03
   6.9807075e-03
   6.8900199e-03
   6.7957535e-03
   6.6980235e-03
   6.5969493e-03
   6.4926542e-03
   6.3852657e-03
   6.2749149e-03
   6.1617365e-03
   6.0458687e-03
   5.9274529e-03
   5.8066336e-03
   5.6835584e-03
   5.5583774e-03
   5.4312433e-03
   5.3023113e-03
   5.1717386e-03
   5.0396845e-03
   4.9063100e-03
   4.7717779e-03
   4.6362520e-03
   4.4998978e-03
   4.3628813e-03
   4.2253696e-03
   4.0875303e-03
   3.9495313e-03
   3.8115409e-03
   3.6737270e-03
   3.5362576e-03
   3.3993001e-03
   3.2630212e-03
   3.1275871e-03
   2.9931624e-03
   2.8599110e-03
   2.7279949e-03
   2.5975747e-03
   2.4688092e-03
   2.3418550e-03
   2.2168666e-03
   2.0939960e-03
   1.9733928e-03
   1.8552035e-03
   1.7395719e-03
   1.6266387e-03
   1.5165411e-03
   1.4094129e-03
   1.3053845e-03
   1.2045823e-03
   1.1071287e-03
   1.0131423e-03
   9.2273720e-04
   8.3602327e-04
   7.5310588e-04
   6.7408577e-04
   5.9905892e-04
   5.2811648e-04
   4.6134461e-04
   3.9882442e-04
   3.4063184e-04
   2.8683754e-04
   2.3750684e-04
   1.9269964e-04
   1.5247036e-04
   1.1686784e-04
   8.5935300e-05
   5.9710300e-05
   3.8224663e-05
   2.1504439e-05
   9.5697780e-06
   2.4339490e-06
   1.2330796e-08
   2.5949830e-06
   9.8921143e-06
   2.1987644e-05
   3.8868114e-05
   6.0513195e-05
   8.6896651e-05
   1.1798646e-04
   1.5374489e-04
   1.9412852e-04
   2.3908832e-04
   2.8856968e-04
   3.4251254e-04
   4.0085137e-04
   4.6351534e-04
   5.3042833e-04
   6.0150907e-04
   6.7667122e-04
   7.5582349e-04
   8.3886970e-04
   9.2570898e-04
   1.0162358e-03
   1.1103402e-03
   1.2079078e-03
   1.3088200e-03
   1.4129541e-03
   1.5201837e-03
   1.6303783e-03
   1.7434040e-03
   1.8591233e-03
   1.9773956e-03
   2.0980769e-03
   2.2210206e-03
   2.3460771e-03
   2.4730942e-03
   2.6019173e-03
   2.7323899e-03
   2.8643530e-03
   2.9976460e-03
   3.1321068e-03
   3.2675716e-03
   3.4038755e-03
   3.5408525e-03
   3.6783359e-03
   3.8161580e-03
   3.9541512e-03
   4.0921472e-03
   4.2299779e-03
   4.3674755e-03
   4.5044722e-03
   4.6408011e-03
   4.7762961e-03
   4.9107919e-03
   5.0441245e-03
   5.1761314e-03
   5.3066516e-03
   5.4355259e-03
   5.5625970e-03
   5.6877099e-03
   5.8107120e-03
   5.9314532e-03
   6.0497861e-03
   6.1655662e-03
   6.2786523e-03
   6.3889064e-03
   6.4961937e-03
   6.6003833e-03
   6.7013479e-03
   6.7989643e-03
   6.8931132e-03
   6.9836796e-03
   7.0705530e-03
   7.1536270e-03
   7.2328004e-03
   7.3079763e-03
   7.3790628e-03
   7.4459731e-03
   7.5086254e-03
   7.5669432e-03
   7.6208552e-03
   7.6702955e-03
   7.7152036e-03
   7.7555246e-03
   7.7912093e-03
   7.8222141e-03
   7.8485010e-03
   7.8700378e-03
   7.8867984e-03
   7.8987621e-03
   7.9059144e-03
   7.9082465e-03
   7.9057556e-03
   7.8984446e-03
   7.8863226e-03
   7.8694044e-03
   7.8477106e-03
   7.8212678e-03
   7.7901083e-03
   7.7542702e-03
   7.7137973e-03
   7.6687391e-03
   7.6191506e-03
   7.5650926e-03
   7.5066310e-03
   7.4438373e-03
   7.3767883e-03
   7.3055658e-03
   7.2302570e-03
   7.1509539e-03
   7.0677533e-03
   6.9807569e-03
   6.8900710e-03
   6.7958064e-03
   6.6980782e-03
   6.5970057e-03
   6.4927125e-03
   6.3853259e-03
   6.2749770e-03
   6.1618004e-03
   6.0459345e-03
   5.9275206e-03
   5.8067033e-03
   5.6836300e-03
   5.5584508e-03
   5.4313186e-03
   5.3023885e-03
   5.1718176e-03
   5.0397653e-03
   4.9063927e-03
   4.7718623e-03
   4.6363382e-03
   4.4999856e-03
   4.3629708e-03
   4.2254607e-03
   4.0876230e-03
   3.9496255e-03
   3.8116365e-03
   3.6738240e-03
   3.5363559e-03
   3.3993997e-03
   3.2631221e-03
   3.1276890e-03
   2.9932654e-03
   2.8600149e-03
   2.7280997e-03
   2.5976804e-03
   2.4689156e-03
   2.3419620e-03
   2.2169742e-03
   2.0941041e-03
   1.9735012e-03
   1.8553122e-03
   1.7396808e-03
   1.6267477e-03
   1.5166501e-03
   1.4095219e-03
   1.3054933e-03
   1.2046907e-03
   1.1072368e-03
   1.0132499e-03
   9.2284422e-04
   8.3612963e-04
   7.5321148e-04
   6.7419052e-04
   5.9916273e-04
   5.2821925e-04
   4.6144627e-04
   3.9892487e-04
   3.4073100e-04
   2.8693532e-04
   2.3760316e-04
   1.9279444e-04
   1.5256354e-04
   1.1695934e-04
   8.6025046e-05
   5.9798217e-05
   3.8310675e-05
   2.1588456e-05
   9.6516538e-06
   2.5131935e-06
   1.4293860e-07
