   2.1570402e+03
   2.1570372e+03
   2.1570279e+03
   2.1570106e+03
   2.1569820e+03
   2.1569379e+03
   2.1568728e+03
   2.1567798e+03
   2.1566512e+03
   2.1564776e+03
   2.1562489e+03
   2.1559534e+03
   2.1555786e+03
   2.1551107e+03
   2.1545349e+03
   2.1538352e+03
   2.1529945e+03
   2.1519950e+03
   2.1508176e+03
   2.1494423e+03
   2.1478484e+03
   2.1460141e+03
   2.1439170e+03
   2.1415337e+03
   2.1388403e+03
   2.1358124e+03
   2.1324246e+03
   2.1286514e+03
   2.1244667e+03
   2.1198442e+03
   2.1147571e+03
   2.1091788e+03
   2.1030824e+03
   2.0964410e+03
   2.0892281e+03
   2.0814170e+03
   2.0729819e+03
   2.0638971e+03
   2.0541377e+03
   2.0436793e+03
   2.0324986e+03
   2.0205731e+03
   2.0078814e+03
   1.9944035e+03
   1.9801206e+03
   1.9650153e+03
   1.9490721e+03
   1.9322769e+03
   1.9146178e+03
   1.8960847e+03
   1.8766695e+03
   1.8563665e+03
   1.8351722e+03
   1.8130855e+03
   1.7901080e+03
   1.7662436e+03
   1.7414991e+03
   1.7158837e+03
   1.6894097e+03
   1.6620920e+03
   1.6339484e+03
   1.6049996e+03
   1.5752690e+03
   1.5447829e+03
   1.5135704e+03
   1.4816634e+03
   1.4490965e+03
   1.4159068e+03
   1.3821340e+03
   1.3478203e+03
   1.3130101e+03
   1.2777502e+03
   1.2420893e+03
   1.2060778e+03
   1.1697682e+03
   1.1332142e+03
   1.0964710e+03
   1.0595949e+03
   1.0226431e+03
   9.8567361e+02
   9.4874479e+02
   9.1191532e+02
   8.7524391e+02
   8.3878904e+02
   8.0260875e+02
   7.6676041e+02
   7.3130048e+02
   6.9628429e+02
   6.6176582e+02
   6.2779748e+02
   5.9442990e+02
   5.6171176e+02
   5.2968960e+02
   4.9840760e+02
   4.6790748e+02
   4.3822834e+02
   4.0940651e+02
   3.8147545e+02
   3.5446563e+02
   3.2840449e+02
   3.0331633e+02
   2.7922229e+02
   2.5614030e+02
   2.3408508e+02
   2.1306812e+02
   1.9309773e+02
   1.7417904e+02
   1.5631409e+02
   1.3950185e+02
   1.2373833e+02
   1.0901665e+02
   9.5327169e+01
   8.2657580e+01
   7.0993038e+01
   6.0316296e+01
   5.0607848e+01
   4.1846077e+01
   3.4007407e+01
   2.7066463e+01
   2.0996231e+01
   1.5768223e+01
   1.1352643e+01
   7.7185462e+00
   4.8340080e+00
   2.6662821e+00
   1.1819593e+00
   3.4712177e-01
   1.2749266e-01
   4.8858070e-01
   1.3958174e+00
   2.8146896e+00
   4.7108638e+00
   7.0503031e+00
   9.7993768e+00
   1.2924962e+01
   1.6394535e+01
   2.0176258e+01
   2.4239055e+01
   2.8552680e+01
   3.3087774e+01
   3.7815922e+01
   4.2709691e+01
   4.7742669e+01
   5.2889494e+01
   5.8125872e+01
   6.3428595e+01
   6.8775547e+01
   7.4145707e+01
   7.9519145e+01
   8.4877012e+01
   9.0201530e+01
   9.5475968e+01
   1.0068462e+02
   1.0581280e+02
   1.1084677e+02
   1.1577376e+02
   1.2058189e+02
   1.2526017e+02
   1.2979843e+02
   1.3418731e+02
   1.3841821e+02
   1.4248325e+02
   1.4637524e+02
   1.5008762e+02
   1.5361443e+02
   1.5695031e+02
   1.6009039e+02
   1.6303032e+02
   1.6576620e+02
   1.6829455e+02
   1.7061232e+02
   1.7271679e+02
   1.7460560e+02
   1.7627670e+02
   1.7772834e+02
   1.7895905e+02
   1.7996760e+02
   1.8075301e+02
   1.8131454e+02
   1.8165166e+02
   1.8176406e+02
   1.8165163e+02
   1.8131447e+02
   1.8075291e+02
   1.7996746e+02
   1.7895888e+02
   1.7772814e+02
   1.7627647e+02
   1.7460534e+02
   1.7271650e+02
   1.7061200e+02
   1.6829420e+02
   1.6576582e+02
   1.6302991e+02
   1.6008996e+02
   1.5694985e+02
   1.5361395e+02
   1.5008711e+02
   1.4637471e+02
   1.4248270e+02
   1.3841764e+02
   1.3418672e+02
   1.2979782e+02
   1.2525955e+02
   1.2058126e+02
   1.1577312e+02
   1.1084612e+02
   1.0581214e+02
   1.0068396e+02
   9.5475294e+01
   9.0200854e+01
   8.4876335e+01
   7.9518469e+01
   7.4145035e+01
   6.8774880e+01
   6.3427936e+01
   5.8125223e+01
   5.2888858e+01
   4.7742048e+01
   4.2709087e+01
   3.7815338e+01
   3.3087212e+01
   2.8552143e+01
   2.4238546e+01
   2.0175779e+01
   1.6394089e+01
   1.2924553e+01
   9.7990069e+00
   7.0499753e+00
   4.7105813e+00
   2.8144557e+00
   1.3956353e+00
   4.8845370e-01
   1.2742412e-01
   3.4711568e-01
   1.1820191e+00
   2.6664116e+00
   4.8342109e+00
   7.7188265e+00
   1.1353005e+01
   1.5768671e+01
   2.0996768e+01
   2.7067095e+01
   3.4008138e+01
   4.1846911e+01
   5.0608790e+01
   6.0317350e+01
   7.0994209e+01
   8.2658874e+01
   9.5328590e+01
   1.0901820e+02
   1.2374002e+02
   1.3950368e+02
   1.5631607e+02
   1.7418118e+02
   1.9310002e+02
   2.1307057e+02
   2.3408770e+02
   2.5614310e+02
   2.7922527e+02
   3.0331949e+02
   3.2840784e+02
   3.5446917e+02
   3.8147919e+02
   4.0941046e+02
   4.3823249e+02
   4.6791184e+02
   4.9841217e+02
   5.2969439e+02
   5.6171678e+02
   5.9443513e+02
   6.2780294e+02
   6.6177151e+02
   6.9629021e+02
   7.3130663e+02
   7.6676679e+02
   8.0261536e+02
   8.3879588e+02
   8.7525098e+02
   9.1192263e+02
   9.4875232e+02
   9.8568136e+02
   1.0226511e+03
   1.0596031e+03
   1.0964794e+03
   1.1332228e+03
   1.1697770e+03
   1.2060868e+03
   1.2420985e+03
   1.2777597e+03
   1.3130197e+03
   1.3478300e+03
   1.3821439e+03
   1.4159169e+03
   1.4491067e+03
   1.4816738e+03
   1.5135810e+03
   1.5447936e+03
   1.5752798e+03
   1.6050105e+03
   1.6339594e+03
   1.6621031e+03
   1.6894208e+03
   1.7158949e+03
   1.7415103e+03
   1.7662549e+03
   1.7901193e+03
   1.8130968e+03
   1.8351834e+03
   1.8563777e+03
   1.8766807e+03
   1.8960959e+03
   1.9146290e+03
   1.9322881e+03
   1.9490831e+03
   1.9650263e+03
   1.9801314e+03
   1.9944143e+03
   2.0078921e+03
   2.0205836e+03
   2.0325090e+03
   2.0436896e+03
   2.0541478e+03
   2.0639071e+03
   2.0729917e+03
   2.0814266e+03
   2.0892375e+03
   2.0964503e+03
   2.1030914e+03
   2.1091876e+03
   2.1147657e+03
   2.1198525e+03
   2.1244748e+03
   2.1286593e+03
   2.1324322e+03
   2.1358197e+03
   2.1388475e+03
   2.1415406e+03
   2.1439236e+03
   2.1460205e+03
   2.1478545e+03
   2.1494481e+03
   2.1508231e+03
   2.1520002e+03
   2.1529995e+03
   2.1538398e+03
   2.1545392e+03
   2.1551148e+03
   2.1555823e+03
   2.1559568e+03
   2.1562520e+03
   2.1564804e+03
   2.1566537e+03
   2.1567820e+03
   2.1568746e+03
   2.1569395e+03
   2.1569832e+03
   2.1570115e+03
   2.1570286e+03
   2.1570375e+03
   2.1570402e+03
