   6.8963150e+04
   6.8946612e+04
   6.8897064e+04
   6.8814252e+04
   6.8697753e+04
   6.8546981e+04
   6.8361193e+04
   6.8139493e+04
   6.7880842e+04
   6.7584070e+04
   6.7247885e+04
   6.6870888e+04
   6.6451588e+04
   6.5988420e+04
   6.5479761e+04
   6.4923957e+04
   6.4319336e+04
   6.3664243e+04
   6.2957057e+04
   6.2196222e+04
   6.1380279e+04
   6.0507891e+04
   5.9577878e+04
   5.8589248e+04
   5.7541231e+04
   5.6433310e+04
   5.5265258e+04
   5.4037167e+04
   5.2749481e+04
   5.1403026e+04
   4.9999039e+04
   4.8539189e+04
   4.7025607e+04
   4.5460896e+04
   4.3848147e+04
   4.2190952e+04
   4.0493398e+04
   3.8760073e+04
   3.6996046e+04
   3.5206857e+04
   3.3398483e+04
   3.1577316e+04
   2.9750108e+04
   2.7923934e+04
   2.6106125e+04
   2.4304210e+04
   2.2525840e+04
   2.0778712e+04
   1.9070485e+04
   1.7408693e+04
   1.5800651e+04
   1.4253368e+04
   1.2773449e+04
   1.1367007e+04
   1.0039574e+04
   8.7960165e+03
   7.6404622e+03
   6.5762298e+03
   5.6057727e+03
   4.7306330e+03
   3.9514090e+03
   3.2677370e+03
   2.6782886e+03
   2.1807838e+03
   1.7720200e+03
   1.4479176e+03
   1.2035813e+03
   1.0333757e+03
   9.3101530e+02
   8.8966670e+02
   9.0206045e+02
   9.6061176e+02
   1.0575467e+03
   1.1850313e+03
   1.3353016e+03
   1.5007909e+03
   1.6742519e+03
   1.8488708e+03
   2.0183719e+03
   2.1771081e+03
   2.3201380e+03
   2.4432861e+03
   2.5431859e+03
   2.6173041e+03
   2.6639471e+03
   2.6822486e+03
   2.6721395e+03
   2.6343016e+03
   2.5701058e+03
   2.4815375e+03
   2.3711104e+03
   2.2417729e+03
   2.0968073e+03
   1.9397271e+03
   1.7741725e+03
   1.6038095e+03
   1.4322327e+03
   1.2628756e+03
   1.0989297e+03
   9.4327475e+02
   7.9842031e+02
   6.6646119e+02
   5.4904595e+02
   4.4735919e+02
   3.6211735e+02
   2.9357734e+02
   2.4155705e+02
   2.0546654e+02
   1.8434846e+02
   1.7692604e+02
   1.8165692e+02
   1.9679093e+02
   2.2043016e+02
   2.5058932e+02
   2.8525491e+02
   3.2244166e+02
   3.6024467e+02
   3.9688646e+02
   4.3075773e+02
   4.6045120e+02
   4.8478827e+02
   5.0283798e+02
   5.1392860e+02
   5.1765179e+02
   5.1385999e+02
   5.0265728e+02
   4.8438478e+02
   4.5960094e+02
   4.2905798e+02
   3.9367499e+02
   3.5450886e+02
   3.1272380e+02
   2.6956020e+02
   2.2630387e+02
   1.8425599e+02
   1.4470479e+02
   1.0889912e+02
   7.8024675e+01
   5.3182853e+01
   3.5372800e+01
   2.5476558e+01
   2.4247461e+01
   3.2301698e+01
   5.0112944e+01
   7.8009974e+01
   1.1617696e+02
   1.6465621e+02
   2.2335313e+02
   2.9204302e+02
   3.7037949e+02
   4.5790416e+02
   5.5405726e+02
   6.5818908e+02
   7.6957164e+02
   8.8741073e+02
   1.0108578e+03
   1.1390216e+03
   1.2709796e+03
   1.4057885e+03
   1.5424948e+03
   1.6801437e+03
   1.8177879e+03
   1.9544955e+03
   2.0893569e+03
   2.2214909e+03
   2.3500502e+03
   2.4742259e+03
   2.5932512e+03
   2.7064049e+03
   2.8130137e+03
   2.9124547e+03
   3.0041564e+03
   3.0876004e+03
   3.1623217e+03
   3.2279100e+03
   3.2840092e+03
   3.3303181e+03
   3.3665905e+03
   3.3926348e+03
   3.4083144e+03
   3.4135471e+03
   3.4083058e+03
   3.3926178e+03
   3.3665651e+03
   3.3302846e+03
   3.2839678e+03
   3.2278611e+03
   3.1622657e+03
   3.0875376e+03
   3.0040875e+03
   2.9123802e+03
   2.8129342e+03
   2.7063210e+03
   2.5931637e+03
   2.4741354e+03
   2.3499575e+03
   2.2213967e+03
   2.0892619e+03
   1.9544005e+03
   1.8176936e+03
   1.6800509e+03
   1.5424042e+03
   1.4057007e+03
   1.2708953e+03
   1.1389413e+03
   1.0107822e+03
   8.8734020e+02
   7.6950663e+02
   6.5812995e+02
   5.5400431e+02
   4.5785759e+02
   3.7033944e+02
   2.9200955e+02
   2.2332622e+02
   1.6463576e+02
   1.1616278e+02
   7.8001832e+01
   5.0110510e+01
   3.2304582e+01
   2.4255218e+01
   2.5488688e+01
   3.5388751e+01
   5.3202030e+01
   7.8046453e+01
   1.0892286e+02
   1.4472982e+02
   1.8428167e+02
   2.2632955e+02
   2.6958525e+02
   3.1274761e+02
   3.5453089e+02
   3.9369473e+02
   4.2907498e+02
   4.5961483e+02
   4.8439525e+02
   5.0266414e+02
   5.1386312e+02
   5.1765118e+02
   5.1392434e+02
   5.0283029e+02
   4.8477746e+02
   4.6043771e+02
   4.3074211e+02
   3.9686939e+02
   3.6022692e+02
   3.2242413e+02
   2.8523860e+02
   2.5057529e+02
   2.2041960e+02
   1.9678507e+02
   1.8165704e+02
   1.7693347e+02
   1.8436454e+02
   2.0549260e+02
   2.4159439e+02
   2.9362719e+02
   3.6218086e+02
   4.4743740e+02
   5.4913976e+02
   6.6657133e+02
   7.9854732e+02
   9.4341894e+02
   1.0990912e+03
   1.2630541e+03
   1.4324278e+03
   1.6040205e+03
   1.7743983e+03
   1.9399664e+03
   2.0970586e+03
   2.2420342e+03
   2.3713797e+03
   2.4818124e+03
   2.5703840e+03
   2.6345804e+03
   2.6724163e+03
   2.6825207e+03
   2.6642120e+03
   2.6175592e+03
   2.5434290e+03
   2.4435153e+03
   2.3203515e+03
   2.1773047e+03
   2.0185508e+03
   1.8490319e+03
   1.6743953e+03
   1.5009178e+03
   1.3354135e+03
   1.1851306e+03
   1.0576364e+03
   9.6069562e+02
   9.0214281e+02
   8.8975260e+02
   9.3111040e+02
   1.0334862e+03
   1.2037139e+03
   1.4480795e+03
   1.7722185e+03
   2.1810266e+03
   2.6785837e+03
   3.2680921e+03
   3.9518320e+03
   4.7311315e+03
   5.6063541e+03
   6.5769010e+03
   7.6412298e+03
   8.7968865e+03
   1.0040552e+04
   1.1368097e+04
   1.2774655e+04
   1.4254693e+04
   1.5802098e+04
   1.7410262e+04
   1.9072177e+04
   2.0780526e+04
   2.2527775e+04
   2.4306263e+04
   2.6108293e+04
   2.7926213e+04
   2.9752493e+04
   3.1579800e+04
   3.3401062e+04
   3.5209522e+04
   3.6998791e+04
   3.8762888e+04
   4.0496276e+04
   4.2193882e+04
   4.3851122e+04
   4.5463905e+04
   4.7028642e+04
   4.8542240e+04
   5.0002095e+04
   5.1406079e+04
   5.2752521e+04
   5.4040184e+04
   5.5268243e+04
   5.6436254e+04
   5.7544125e+04
   5.8592084e+04
   5.9580648e+04
   6.0510587e+04
   6.1382893e+04
   6.2198747e+04
   6.2959486e+04
   6.3666571e+04
   6.4321557e+04
   6.4926064e+04
   6.5481750e+04
   6.5990286e+04
   6.6453327e+04
   6.6872496e+04
   6.7249358e+04
   6.7585405e+04
   6.7882036e+04
   6.8140543e+04
   6.8362097e+04
   6.8547737e+04
   6.8698359e+04
   6.8814708e+04
   6.8897369e+04
   6.8946764e+04
   6.8963150e+04
