   3.8255221e+04
   3.8249782e+04
   3.8233512e+04
   3.8206258e+04
   3.8167771e+04
   3.8117699e+04
   3.8055597e+04
   3.7980923e+04
   3.7893046e+04
   3.7791247e+04
   3.7674723e+04
   3.7542594e+04
   3.7393910e+04
   3.7227652e+04
   3.7042748e+04
   3.6838074e+04
   3.6612467e+04
   3.6364733e+04
   3.6093663e+04
   3.5798039e+04
   3.5476652e+04
   3.5128311e+04
   3.4751863e+04
   3.4346207e+04
   3.3910310e+04
   3.3443223e+04
   3.2944102e+04
   3.2412223e+04
   3.1847002e+04
   3.1248014e+04
   3.0615009e+04
   2.9947932e+04
   2.9246940e+04
   2.8512417e+04
   2.7744987e+04
   2.6945533e+04
   2.6115203e+04
   2.5255419e+04
   2.4367886e+04
   2.3454596e+04
   2.2517823e+04
   2.1560124e+04
   2.0584331e+04
   1.9593537e+04
   1.8591085e+04
   1.7580543e+04
   1.6565686e+04
   1.5550462e+04
   1.4538963e+04
   1.3535389e+04
   1.2544008e+04
   1.1569111e+04
   1.0614969e+04
   9.6857864e+03
   8.7856483e+03
   7.9184744e+03
   7.0879682e+03
   6.2975689e+03
   5.5504045e+03
   4.8492484e+03
   4.1964787e+03
   3.5940434e+03
   3.0434293e+03
   2.5456383e+03
   2.1011694e+03
   1.7100090e+03
   1.3716281e+03
   1.0849879e+03
   8.4855313e+02
   6.6031390e+02
   5.1781491e+02
   4.1819237e+02
   3.5821760e+02
   3.3434680e+02
   3.4277604e+02
   3.7950049e+02
   4.4037667e+02
   5.2118670e+02
   6.1770308e+02
   7.2575286e+02
   8.4127989e+02
   9.6040386e+02
   1.0794751e+03
   1.1951236e+03
   1.3043026e+03
   1.4043236e+03
   1.4928853e+03
   1.5680928e+03
   1.6284696e+03
   1.6729606e+03
   1.7009269e+03
   1.7121327e+03
   1.7067249e+03
   1.6852063e+03
   1.6484022e+03
   1.5974231e+03
   1.5336230e+03
   1.4585548e+03
   1.3739246e+03
   1.2815453e+03
   1.1832902e+03
   1.0810491e+03
   9.7668605e+02
   8.7200101e+02
   7.6869501e+02
   6.6834014e+02
   5.7235443e+02
   4.8198190e+02
   3.9827793e+02
   3.2210002e+02
   2.5410361e+02
   1.9474281e+02
   1.4427563e+02
   1.0277322e+02
   7.0132692e+01
   4.6092764e+01
   3.0251804e+01
   2.2087546e+01
   2.0977899e+01
   2.6222258e+01
   3.7062773e+01
   5.2705077e+01
   7.2338005e+01
   9.5151946e+01
   1.2035551e+02
   1.4719028e+02
   1.7494344e+02
   2.0295828e+02
   2.3064237e+02
   2.5747365e+02
   2.8300426e+02
   3.0686249e+02
   3.2875275e+02
   3.4845401e+02
   3.6581665e+02
   3.8075820e+02
   3.9325794e+02
   4.0335084e+02
   4.1112089e+02
   4.1669403e+02
   4.2023101e+02
   4.2192022e+02
   4.2197069e+02
   4.2060543e+02
   4.1805517e+02
   4.1455258e+02
   4.1032711e+02
   4.0560046e+02
   4.0058258e+02
   3.9546849e+02
   3.9043562e+02
   3.8564182e+02
   3.8122397e+02
   3.7729716e+02
   3.7395430e+02
   3.7126632e+02
   3.6928264e+02
   3.6803209e+02
   3.6752407e+02
   3.6774998e+02
   3.6868478e+02
   3.7028882e+02
   3.7250959e+02
   3.7528369e+02
   3.7853871e+02
   3.8219517e+02
   3.8616838e+02
   3.9037025e+02
   3.9471102e+02
   3.9910093e+02
   4.0345171e+02
   4.0767805e+02
   4.1169885e+02
   4.1543845e+02
   4.1882761e+02
   4.2180452e+02
   4.2431551e+02
   4.2631579e+02
   4.2776995e+02
   4.2865240e+02
   4.2894765e+02
   4.2865055e+02
   4.2776628e+02
   4.2631030e+02
   4.2430823e+02
   4.2179548e+02
   4.1881686e+02
   4.1542602e+02
   4.1168482e+02
   4.0766246e+02
   4.0343464e+02
   3.9908245e+02
   3.9469121e+02
   3.9034920e+02
   3.8614618e+02
   3.8217191e+02
   3.7851448e+02
   3.7525859e+02
   3.7248372e+02
   3.7026228e+02
   3.6865768e+02
   3.6772241e+02
   3.6749615e+02
   3.6800390e+02
   3.6925429e+02
   3.7123791e+02
   3.7392593e+02
   3.7726892e+02
   3.8119595e+02
   3.8561410e+02
   3.9040829e+02
   3.9544162e+02
   4.0055625e+02
   4.0557473e+02
   4.1030205e+02
   4.1452823e+02
   4.1803159e+02
   4.2058266e+02
   4.2194875e+02
   4.2189914e+02
   4.2021081e+02
   4.1667471e+02
   4.1110246e+02
   4.0333329e+02
   3.9324124e+02
   3.8074235e+02
   3.6580162e+02
   3.4843976e+02
   3.2873925e+02
   3.0684972e+02
   2.8299219e+02
   2.5746225e+02
   2.3063164e+02
   2.0294822e+02
   1.7493407e+02
   1.4718165e+02
   1.2034769e+02
   9.5145030e+01
   7.2332136e+01
   5.2700433e+01
   3.7059574e+01
   2.6220771e+01
   2.0978441e+01
   2.2090488e+01
   3.0257565e+01
   4.6101803e+01
   7.0145512e+01
   1.0279036e+02
   1.4429766e+02
   1.9477033e+02
   2.5413722e+02
   3.2214033e+02
   3.9832552e+02
   4.8203734e+02
   5.7241824e+02
   6.6841275e+02
   7.6877678e+02
   8.7209221e+02
   9.7678682e+02
   1.0811594e+03
   1.1834100e+03
   1.2816743e+03
   1.3740623e+03
   1.4587005e+03
   1.5337760e+03
   1.5975825e+03
   1.6485667e+03
   1.6853748e+03
   1.7068960e+03
   1.7123048e+03
   1.7010985e+03
   1.6731301e+03
   1.6286353e+03
   1.5682532e+03
   1.4930389e+03
   1.4044692e+03
   1.3044388e+03
   1.1952496e+03
   1.0795901e+03
   9.6050754e+02
   8.4137218e+02
   7.2583411e+02
   6.1777403e+02
   5.2124854e+02
   4.4043101e+02
   3.7954941e+02
   3.4282207e+02
   3.3439291e+02
   3.5826719e+02
   4.1824924e+02
   5.1788322e+02
   6.6039812e+02
   8.4865802e+02
   1.0851184e+03
   1.3717894e+03
   1.7102063e+03
   2.1014079e+03
   2.5459233e+03
   3.0437660e+03
   3.5944366e+03
   4.1969332e+03
   4.8497684e+03
   5.5509943e+03
   6.2982319e+03
   7.0887076e+03
   7.9192928e+03
   8.7865478e+03
   9.6867687e+03
   1.0616035e+04
   1.1570261e+04
   1.2545241e+04
   1.3536705e+04
   1.4540360e+04
   1.5551938e+04
   1.6567239e+04
   1.7582170e+04
   1.8592781e+04
   1.9595299e+04
   2.0586154e+04
   2.1562003e+04
   2.2519753e+04
   2.3456571e+04
   2.4369901e+04
   2.5257467e+04
   2.6117279e+04
   2.6947631e+04
   2.7747100e+04
   2.8514538e+04
   2.9249064e+04
   2.9950053e+04
   3.0617120e+04
   3.1250109e+04
   3.1849076e+04
   3.2414269e+04
   3.2946116e+04
   3.3445199e+04
   3.3912243e+04
   3.4348093e+04
   3.4753696e+04
   3.5130087e+04
   3.5478368e+04
   3.5799691e+04
   3.6095247e+04
   3.6366245e+04
   3.6613904e+04
   3.6839435e+04
   3.7044029e+04
   3.7228851e+04
   3.7395024e+04
   3.7543622e+04
   3.7675662e+04
   3.7792097e+04
   3.7893805e+04
   3.7981590e+04
   3.8056170e+04
   3.8118178e+04
   3.8168155e+04
   3.8206547e+04
   3.8233704e+04
   3.8249878e+04
   3.8255221e+04
