   1.4354171e+04
   1.4352430e+04
   1.4347239e+04
   1.4338558e+04
   1.4326325e+04
   1.4310449e+04
   1.4290819e+04
   1.4267295e+04
   1.4239718e+04
   1.4207905e+04
   1.4171651e+04
   1.4130732e+04
   1.4084905e+04
   1.4033911e+04
   1.3977474e+04
   1.3915305e+04
   1.3847105e+04
   1.3772564e+04
   1.3691368e+04
   1.3603198e+04
   1.3507732e+04
   1.3404654e+04
   1.3293650e+04
   1.3174417e+04
   1.3046663e+04
   1.2910113e+04
   1.2764510e+04
   1.2609624e+04
   1.2445248e+04
   1.2271212e+04
   1.2087376e+04
   1.1893644e+04
   1.1689962e+04
   1.1476321e+04
   1.1252765e+04
   1.1019391e+04
   1.0776353e+04
   1.0523864e+04
   1.0262199e+04
   9.9916959e+03
   9.7127571e+03
   9.4258504e+03
   9.1315085e+03
   8.8303287e+03
   8.5229712e+03
   8.2101572e+03
   7.8926663e+03
   7.5713322e+03
   7.2470387e+03
   6.9207149e+03
   6.5933283e+03
   6.2658794e+03
   5.9393935e+03
   5.6149132e+03
   5.2934902e+03
   4.9761763e+03
   4.6640143e+03
   4.3580285e+03
   4.0592155e+03
   3.7685348e+03
   3.4868990e+03
   3.2151654e+03
   2.9541270e+03
   2.7045046e+03
   2.4669394e+03
   2.2419865e+03
   2.0301090e+03
   1.8316740e+03
   1.6469483e+03
   1.4760965e+03
   1.3191801e+03
   1.1761570e+03
   1.0468837e+03
   9.3111750e+02
   8.2852049e+02
   7.3866491e+02
   6.6103918e+02
   5.9505520e+02
   5.4005649e+02
   4.9532708e+02
   4.6010108e+02
   4.3357267e+02
   4.1490642e+02
   4.0324778e+02
   3.9773353e+02
   3.9750204e+02
   4.0170323e+02
   4.0950796e+02
   4.2011693e+02
   4.3276865e+02
   4.4674672e+02
   4.6138604e+02
   4.7607808e+02
   4.9027508e+02
   5.0349315e+02
   5.1531423e+02
   5.2538712e+02
   5.3342729e+02
   5.3921584e+02
   5.4259747e+02
   5.4347767e+02
   5.4181909e+02
   5.3763737e+02
   5.3099636e+02
   5.2200299e+02
   5.1080184e+02
   4.9756942e+02
   4.8250857e+02
   4.6584270e+02
   4.4781027e+02
   4.2865944e+02
   4.0864303e+02
   3.8801383e+02
   3.6702029e+02
   3.4590271e+02
   3.2488988e+02
   3.0419621e+02
   2.8401939e+02
   2.6453855e+02
   2.4591286e+02
   2.2828067e+02
   2.1175903e+02
   1.9644363e+02
   1.8240912e+02
   1.6970975e+02
   1.5838024e+02
   1.4843699e+02
   1.3987936e+02
   1.3269118e+02
   1.2684233e+02
   1.2229037e+02
   1.1898227e+02
   1.1685603e+02
   1.1584233e+02
   1.1586616e+02
   1.1684828e+02
   1.1870661e+02
   1.2135760e+02
   1.2471736e+02
   1.2870272e+02
   1.3323215e+02
   1.3822662e+02
   1.4361019e+02
   1.4931061e+02
   1.5525977e+02
   1.6139398e+02
   1.6765426e+02
   1.7398640e+02
   1.8034109e+02
   1.8667385e+02
   1.9294496e+02
   1.9911935e+02
   2.0516638e+02
   2.1105965e+02
   2.1677675e+02
   2.2229897e+02
   2.2761107e+02
   2.3270094e+02
   2.3755934e+02
   2.4217958e+02
   2.4655727e+02
   2.5069000e+02
   2.5457709e+02
   2.5821935e+02
   2.6161879e+02
   2.6477846e+02
   2.6770216e+02
   2.7039431e+02
   2.7285973e+02
   2.7510348e+02
   2.7713075e+02
   2.7894665e+02
   2.8055618e+02
   2.8196406e+02
   2.8317465e+02
   2.8419191e+02
   2.8501927e+02
   2.8565962e+02
   2.8611528e+02
   2.8638788e+02
   2.8647845e+02
   2.8638732e+02
   2.8611415e+02
   2.8565793e+02
   2.8501700e+02
   2.8418906e+02
   2.8317120e+02
   2.8196000e+02
   2.8055149e+02
   2.7894132e+02
   2.7712475e+02
   2.7509680e+02
   2.7285234e+02
   2.7038619e+02
   2.6769329e+02
   2.6476882e+02
   2.6160837e+02
   2.5820812e+02
   2.5456504e+02
   2.5067711e+02
   2.4654354e+02
   2.4216500e+02
   2.3754391e+02
   2.3268466e+02
   2.2759396e+02
   2.2228105e+02
   2.1675803e+02
   2.1104018e+02
   2.0514620e+02
   1.9909851e+02
   1.9292352e+02
   1.8665188e+02
   1.8031868e+02
   1.7396365e+02
   1.6763127e+02
   1.6137088e+02
   1.5523668e+02
   1.4928768e+02
   1.4358757e+02
   1.3820449e+02
   1.3321069e+02
   1.2868211e+02
   1.2469781e+02
   1.2133931e+02
   1.1868979e+02
   1.1683315e+02
   1.1585295e+02
   1.1583126e+02
   1.1684730e+02
   1.1897612e+02
   1.2228700e+02
   1.2684193e+02
   1.3269394e+02
   1.3988545e+02
   1.4844655e+02
   1.5839339e+02
   1.6972659e+02
   1.8242971e+02
   1.9646800e+02
   2.1178717e+02
   2.2831253e+02
   2.4594834e+02
   2.6457752e+02
   2.8406166e+02
   3.0424155e+02
   3.2493802e+02
   3.4595331e+02
   3.6707299e+02
   3.8806821e+02
   4.0869863e+02
   4.2871577e+02
   4.4786681e+02
   4.6589890e+02
   4.8256387e+02
   4.9762324e+02
   5.1085360e+02
   5.2205214e+02
   5.3104234e+02
   5.3767968e+02
   5.4185726e+02
   5.4351129e+02
   5.4262619e+02
   5.3923939e+02
   5.3344550e+02
   5.2539993e+02
   5.1532169e+02
   5.0349543e+02
   4.9027250e+02
   4.7607108e+02
   4.6137523e+02
   4.4673286e+02
   4.3275266e+02
   4.2009988e+02
   4.0949109e+02
   4.0168792e+02
   3.9748984e+02
   3.9772611e+02
   4.0324696e+02
   4.1491414e+02
   4.3359096e+02
   4.6013209e+02
   4.9537301e+02
   5.4011961e+02
   5.9513781e+02
   6.6114360e+02
   7.3879344e+02
   8.2867541e+02
   9.3130102e+02
   1.0470980e+03
   1.1764041e+03
   1.3194619e+03
   1.4764149e+03
   1.6473048e+03
   1.8320702e+03
   2.0305461e+03
   2.2424655e+03
   2.4674613e+03
   2.7050699e+03
   2.9547361e+03
   3.2158184e+03
   3.4875959e+03
   3.7692751e+03
   4.0599988e+03
   4.3588539e+03
   4.6648807e+03
   4.9770826e+03
   5.2944348e+03
   5.6158944e+03
   5.9404095e+03
   6.2669281e+03
   6.5944076e+03
   6.9218223e+03
   7.2481719e+03
   7.5724886e+03
   7.8938433e+03
   8.2113520e+03
   8.5241810e+03
   8.8315508e+03
   9.1327401e+03
   9.4270887e+03
   9.7139992e+03
   9.9929390e+03
   1.0263441e+04
   1.0525101e+04
   1.0777583e+04
   1.1020611e+04
   1.1253973e+04
   1.1477515e+04
   1.1691139e+04
   1.1894803e+04
   1.2088514e+04
   1.2272326e+04
   1.2446338e+04
   1.2610686e+04
   1.2765545e+04
   1.2911117e+04
   1.3047636e+04
   1.3175357e+04
   1.3294557e+04
   1.3405525e+04
   1.3508568e+04
   1.3603996e+04
   1.3692129e+04
   1.3773287e+04
   1.3847788e+04
   1.3915948e+04
   1.3978076e+04
   1.4034472e+04
   1.4085425e+04
   1.4131209e+04
   1.4172086e+04
   1.4208297e+04
   1.4240067e+04
   1.4267601e+04
   1.4291081e+04
   1.4310668e+04
   1.4326500e+04
   1.4338690e+04
   1.4347326e+04
   1.4352474e+04
   1.4354171e+04
