   2.7797618e-02
   3.2672202e-02
   4.6710390e-02
   6.9898342e-02
   1.0221875e-01
   1.4364840e-01
   1.9415720e-01
   2.5370806e-01
   3.2225691e-01
   3.9975265e-01
   4.8613712e-01
   5.8134500e-01
   6.8530374e-01
   7.9793345e-01
   9.1914677e-01
   1.0488488e+00
   1.1869369e+00
   1.3333007e+00
   1.4878218e+00
   1.6503738e+00
   1.8208220e+00
   1.9990236e+00
   2.1848270e+00
   2.3780724e+00
   2.5785910e+00
   2.7862055e+00
   3.0007295e+00
   3.2219677e+00
   3.4497158e+00
   3.6837604e+00
   3.9238788e+00
   4.1698393e+00
   4.4214008e+00
   4.6783134e+00
   4.9403175e+00
   5.2071449e+00
   5.4785180e+00
   5.7541504e+00
   6.0337470e+00
   6.3170037e+00
   6.6036083e+00
   6.8932401e+00
   7.1855703e+00
   7.4802626e+00
   7.7769728e+00
   8.0753499e+00
   8.3750359e+00
   8.6756665e+00
   8.9768712e+00
   9.2782743e+00
   9.5794947e+00
   9.8801470e+00
   1.0179842e+01
   1.0478185e+01
   1.0774783e+01
   1.1069236e+01
   1.1361145e+01
   1.1650109e+01
   1.1935729e+01
   1.2217603e+01
   1.2495333e+01
   1.2768521e+01
   1.3036775e+01
   1.3299703e+01
   1.3556919e+01
   1.3808041e+01
   1.4052696e+01
   1.4290515e+01
   1.4521136e+01
   1.4744207e+01
   1.4959385e+01
   1.5166336e+01
   1.5364739e+01
   1.5554280e+01
   1.5734662e+01
   1.5905598e+01
   1.6066815e+01
   1.6218056e+01
   1.6359076e+01
   1.6489647e+01
   1.6609558e+01
   1.6718614e+01
   1.6816636e+01
   1.6903463e+01
   1.6978954e+01
   1.7042983e+01
   1.7095444e+01
   1.7136252e+01
   1.7165339e+01
   1.7182655e+01
   1.7188174e+01
   1.7181885e+01
   1.7163798e+01
   1.7133944e+01
   1.7092372e+01
   1.7039150e+01
   1.6974367e+01
   1.6898129e+01
   1.6810561e+01
   1.6711808e+01
   1.6602030e+01
   1.6481408e+01
   1.6350137e+01
   1.6208430e+01
   1.6056516e+01
   1.5894640e+01
   1.5723060e+01
   1.5542051e+01
   1.5351899e+01
   1.5152904e+01
   1.4945378e+01
   1.4729645e+01
   1.4506038e+01
   1.4274903e+01
   1.4036590e+01
   1.3791464e+01
   1.3539891e+01
   1.3282247e+01
   1.3018915e+01
   1.2750280e+01
   1.2476734e+01
   1.2198671e+01
   1.1916488e+01
   1.1630585e+01
   1.1341360e+01
   1.1049217e+01
   1.0754554e+01
   1.0457771e+01
   1.0159267e+01
   9.8594381e+00
   9.5586761e+00
   9.2573708e+00
   8.9559076e+00
   8.6546673e+00
   8.3540258e+00
   8.0543530e+00
   7.7560131e+00
   7.4593639e+00
   7.1647561e+00
   6.8725334e+00
   6.5830319e+00
   6.2965800e+00
   6.0134980e+00
   5.7340978e+00
   5.4586828e+00
   5.1875479e+00
   4.9209790e+00
   4.6592530e+00
   4.4026379e+00
   4.1513925e+00
   3.9057664e+00
   3.6660001e+00
   3.4323248e+00
   3.2049625e+00
   2.9841262e+00
   2.7700195e+00
   2.5628372e+00
   2.3627651e+00
   2.1699800e+00
   1.9846499e+00
   1.8069343e+00
   1.6369839e+00
   1.4749411e+00
   1.3209400e+00
   1.1751063e+00
   1.0375579e+00
   9.0840448e-01
   7.8774818e-01
   6.7568326e-01
   5.7229648e-01
   4.7766714e-01
   3.9186720e-01
   3.1496137e-01
   2.4700724e-01
   1.8805531e-01
   1.3814905e-01
   9.7324932e-02
   6.5612413e-02
   4.3033996e-02
   2.9606374e-02
   2.5343546e-02
   3.0252752e-02
   4.4325739e-02
   6.7548209e-02
   9.9902989e-02
   1.4136695e-01
   1.9191002e-01
   2.5149509e-01
   3.2007807e-01
   3.9760783e-01
   4.8402620e-01
   5.7926784e-01
   6.8326017e-01
   7.9592329e-01
   9.1716982e-01
   1.0469048e+00
   1.1850257e+00
   1.3314221e+00
   1.4859755e+00
   1.6485596e+00
   1.8190397e+00
   1.9972729e+00
   2.1831077e+00
   2.3763842e+00
   2.5769337e+00
   2.7845789e+00
   2.9991334e+00
   3.2204019e+00
   3.4481801e+00
   3.6822546e+00
   3.9224028e+00
   4.1683929e+00
   4.4199840e+00
   4.6769260e+00
   4.9389596e+00
   5.2058164e+00
   5.4772188e+00
   5.7528806e+00
   6.0325066e+00
   6.3157929e+00
   6.6024272e+00
   6.8920887e+00
   7.1844490e+00
   7.4791714e+00
   7.7759120e+00
   8.0743199e+00
   8.3740369e+00
   8.6746989e+00
   8.9759354e+00
   9.2773707e+00
   9.5786237e+00
   9.8793091e+00
   1.0179037e+01
   1.0477416e+01
   1.0774048e+01
   1.1068536e+01
   1.1360481e+01
   1.1649483e+01
   1.1935139e+01
   1.2217052e+01
   1.2494821e+01
   1.2768049e+01
   1.3036343e+01
   1.3299312e+01
   1.3556570e+01
   1.3807736e+01
   1.4052435e+01
   1.4290298e+01
   1.4520965e+01
   1.4744083e+01
   1.4959308e+01
   1.5166308e+01
   1.5364760e+01
   1.5554351e+01
   1.5734784e+01
   1.5905772e+01
   1.6067042e+01
   1.6218336e+01
   1.6359410e+01
   1.6490037e+01
   1.6610004e+01
   1.6719116e+01
   1.6817195e+01
   1.6904080e+01
   1.6979629e+01
   1.7043717e+01
   1.7096238e+01
   1.7137106e+01
   1.7166253e+01
   1.7183631e+01
   1.7189210e+01
   1.7182982e+01
   1.7164957e+01
   1.7135165e+01
   1.7093655e+01
   1.7040496e+01
   1.6975774e+01
   1.6899598e+01
   1.6812092e+01
   1.6713401e+01
   1.6603684e+01
   1.6483123e+01
   1.6351913e+01
   1.6210266e+01
   1.6058412e+01
   1.5896594e+01
   1.5725073e+01
   1.5544121e+01
   1.5354026e+01
   1.5155087e+01
   1.4947616e+01
   1.4731937e+01
   1.4508383e+01
   1.4277299e+01
   1.4039038e+01
   1.3793961e+01
   1.3542436e+01
   1.3284839e+01
   1.3021553e+01
   1.2752962e+01
   1.2479459e+01
   1.2201437e+01
   1.1919293e+01
   1.1633428e+01
   1.1344240e+01
   1.1052131e+01
   1.0757501e+01
   1.0460750e+01
   1.0162275e+01
   9.8624739e+00
   9.5617379e+00
   9.2604568e+00
   8.9590161e+00
   8.6577965e+00
   8.3571738e+00
   8.0575180e+00
   7.7591934e+00
   7.4625576e+00
   7.1679614e+00
   6.8757485e+00
   6.5862550e+00
   6.2998094e+00
   6.0167318e+00
   5.7373344e+00
   5.4619205e+00
   5.1907849e+00
   4.9242137e+00
   4.6624838e+00
   4.4058631e+00
   4.1546106e+00
   3.9089759e+00
   3.6691994e+00
   3.4355125e+00
   3.2081372e+00
   2.9872864e+00
   2.7731640e+00
   2.5659647e+00
   2.3658742e+00
   2.1730696e+00
   1.9877188e+00
   1.8099814e+00
   1.6400082e+00
   1.4779415e+00
   1.3239156e+00
   1.1780562e+00
   1.0404811e+00
   9.1130031e-01
   7.9061580e-01
   6.7852195e-01
   5.7510558e-01
   4.8044601e-01
   3.9461527e-01
   3.1767813e-01
   2.4969220e-01
   1.9070802e-01
   1.4076915e-01
   9.9912095e-02
   6.8166408e-02
   4.5554754e-02
   3.2093989e-02
   2.7797618e-02
