   1.0324356e+01
   1.0343654e+01
   1.0397189e+01
   1.0484911e+01
   1.0606736e+01
   1.0762546e+01
   1.0952194e+01
   1.1175495e+01
   1.1432237e+01
   1.1722172e+01
   1.2045023e+01
   1.2400477e+01
   1.2788194e+01
   1.3207797e+01
   1.3658881e+01
   1.4141006e+01
   1.4653702e+01
   1.5196465e+01
   1.5768761e+01
   1.6370021e+01
   1.6999646e+01
   1.7657003e+01
   1.8341428e+01
   1.9052225e+01
   1.9788663e+01
   2.0549984e+01
   2.1335394e+01
   2.2144070e+01
   2.2975157e+01
   2.3827769e+01
   2.4700991e+01
   2.5593878e+01
   2.6505454e+01
   2.7434717e+01
   2.8380637e+01
   2.9342155e+01
   3.0318188e+01
   3.1307627e+01
   3.2309340e+01
   3.3322169e+01
   3.4344937e+01
   3.5376445e+01
   3.6415475e+01
   3.7460790e+01
   3.8511136e+01
   3.9565246e+01
   4.0621836e+01
   4.1679612e+01
   4.2737268e+01
   4.3793489e+01
   4.4846955e+01
   4.5896338e+01
   4.6940306e+01
   4.7977528e+01
   4.9006670e+01
   5.0026403e+01
   5.1035398e+01
   5.2032336e+01
   5.3015904e+01
   5.3984799e+01
   5.4937729e+01
   5.5873419e+01
   5.6790609e+01
   5.7688055e+01
   5.8564536e+01
   5.9418853e+01
   6.0249831e+01
   6.1056322e+01
   6.1837205e+01
   6.2591393e+01
   6.3317829e+01
   6.4015491e+01
   6.4683394e+01
   6.5320591e+01
   6.5926176e+01
   6.6499284e+01
   6.7039094e+01
   6.7544831e+01
   6.8015766e+01
   6.8451219e+01
   6.8850559e+01
   6.9213207e+01
   6.9538635e+01
   6.9826369e+01
   7.0075991e+01
   7.0287135e+01
   7.0459494e+01
   7.0592816e+01
   7.0686906e+01
   7.0741629e+01
   7.0756904e+01
   7.0732711e+01
   7.0669088e+01
   7.0566129e+01
   7.0423989e+01
   7.0242876e+01
   7.0023060e+01
   6.9764864e+01
   6.9468667e+01
   6.9134904e+01
   6.8764063e+01
   6.8356686e+01
   6.7913366e+01
   6.7434746e+01
   6.6921519e+01
   6.6374426e+01
   6.5794253e+01
   6.5181831e+01
   6.4538035e+01
   6.3863781e+01
   6.3160022e+01
   6.2427753e+01
   6.1668002e+01
   6.0881830e+01
   6.0070333e+01
   5.9234634e+01
   5.8375885e+01
   5.7495263e+01
   5.6593972e+01
   5.5673233e+01
   5.4734291e+01
   5.3778405e+01
   5.2806851e+01
   5.1820919e+01
   5.0821911e+01
   4.9811137e+01
   4.8789914e+01
   4.7759565e+01
   4.6721419e+01
   4.5676802e+01
   4.4627042e+01
   4.3573466e+01
   4.2517395e+01
   4.1460144e+01
   4.0403023e+01
   3.9347329e+01
   3.8294351e+01
   3.7245365e+01
   3.6201631e+01
   3.5164397e+01
   3.4134891e+01
   3.3114324e+01
   3.2103887e+01
   3.1104751e+01
   3.0118064e+01
   2.9144951e+01
   2.8186515e+01
   2.7243830e+01
   2.6317946e+01
   2.5409888e+01
   2.4520650e+01
   2.3651199e+01
   2.2802474e+01
   2.1975382e+01
   2.1170803e+01
   2.0389585e+01
   1.9632543e+01
   1.8900465e+01
   1.8194103e+01
   1.7514181e+01
   1.6861388e+01
   1.6236384e+01
   1.5639795e+01
   1.5072214e+01
   1.4534203e+01
   1.4026294e+01
   1.3548982e+01
   1.3102735e+01
   1.2687985e+01
   1.2305136e+01
   1.1954556e+01
   1.1636584e+01
   1.1351527e+01
   1.1099658e+01
   1.0881220e+01
   1.0696423e+01
   1.0545446e+01
   1.0428433e+01
   1.0345498e+01
   1.0296722e+01
   1.0282151e+01
   1.0301800e+01
   1.0355651e+01
   1.0443652e+01
   1.0565720e+01
   1.0721738e+01
   1.0911556e+01
   1.1134991e+01
   1.1391831e+01
   1.1681829e+01
   1.2004706e+01
   1.2360151e+01
   1.2747824e+01
   1.3167348e+01
   1.3618319e+01
   1.4100298e+01
   1.4612815e+01
   1.5155368e+01
   1.5727422e+01
   1.6328410e+01
   1.6957734e+01
   1.7614763e+01
   1.8298833e+01
   1.9009249e+01
   1.9745285e+01
   2.0506180e+01
   2.1291144e+01
   2.2099355e+01
   2.2929961e+01
   2.3782077e+01
   2.4654791e+01
   2.5547159e+01
   2.6458209e+01
   2.7386940e+01
   2.8332326e+01
   2.9293309e+01
   3.0268811e+01
   3.1257724e+01
   3.2258920e+01
   3.3271244e+01
   3.4293523e+01
   3.5324560e+01
   3.6363142e+01
   3.7408034e+01
   3.8457987e+01
   3.9511737e+01
   4.0568004e+01
   4.1625497e+01
   4.2682915e+01
   4.3738948e+01
   4.4792276e+01
   4.5841578e+01
   4.6885525e+01
   4.7922790e+01
   4.8952042e+01
   4.9971955e+01
   5.0981207e+01
   5.1978478e+01
   5.2962460e+01
   5.3931853e+01
   5.4885370e+01
   5.5821736e+01
   5.6739693e+01
   5.7638001e+01
   5.8515441e+01
   5.9370814e+01
   6.0202948e+01
   6.1010694e+01
   6.1792935e+01
   6.2548582e+01
   6.3276577e+01
   6.3975900e+01
   6.4645564e+01
   6.5284621e+01
   6.5892164e+01
   6.6467325e+01
   6.7009281e+01
   6.7517255e+01
   6.7990514e+01
   6.8428374e+01
   6.8830202e+01
   6.9195412e+01
   6.9523475e+01
   6.9813910e+01
   7.0066293e+01
   7.0280253e+01
   7.0455478e+01
   7.0591709e+01
   7.0688746e+01
   7.0746445e+01
   7.0764721e+01
   7.0743546e+01
   7.0682950e+01
   7.0583022e+01
   7.0443908e+01
   7.0265811e+01
   7.0048993e+01
   6.9793769e+01
   6.9500512e+01
   6.9169650e+01
   6.8801666e+01
   6.8397093e+01
   6.7956519e+01
   6.7480581e+01
   6.6969966e+01
   6.6425409e+01
   6.5847691e+01
   6.5237639e+01
   6.4596124e+01
   6.3924055e+01
   6.3222385e+01
   6.2492103e+01
   6.1734234e+01
   6.0949839e+01
   6.0140008e+01
   5.9305866e+01
   5.8448561e+01
   5.7569271e+01
   5.6669198e+01
   5.5749564e+01
   5.4811612e+01
   5.3856604e+01
   5.2885817e+01
   5.1900542e+01
   5.0902082e+01
   4.9891748e+01
   4.8870861e+01
   4.7840748e+01
   4.6802736e+01
   4.5758159e+01
   4.4708346e+01
   4.3654628e+01
   4.2598329e+01
   4.1540769e+01
   4.0483260e+01
   3.9427106e+01
   3.8373597e+01
   3.7324015e+01
   3.6279625e+01
   3.5241677e+01
   3.4211405e+01
   3.3190024e+01
   3.2178730e+01
   3.1178697e+01
   3.0191077e+01
   2.9217001e+01
   2.8257574e+01
   2.7313875e+01
   2.6386959e+01
   2.5477852e+01
   2.4587554e+01
   2.3717035e+01
   2.2867237e+01
   2.2039071e+01
   2.1233419e+01
   2.0451133e+01
   1.9693031e+01
   1.8959902e+01
   1.8252503e+01
   1.7571558e+01
   1.6917761e+01
   1.6291772e+01
   1.5694219e+01
   1.5125698e+01
   1.4586773e+01
   1.4077975e+01
   1.3599803e+01
   1.3152725e+01
   1.2737175e+01
   1.2353556e+01
   1.2002239e+01
   1.1683563e+01
   1.1397836e+01
   1.1145331e+01
   1.0926291e+01
   1.0740928e+01
   1.0589419e+01
   1.0471911e+01
   1.0388516e+01
   1.0339315e+01
   1.0324356e+01
