   4.3280516e+04
   4.3275808e+04
   4.3261800e+04
   4.3238219e+04
   4.3204607e+04
   4.3160327e+04
   4.3104566e+04
   4.3036336e+04
   4.2954483e+04
   4.2857693e+04
   4.2744494e+04
   4.2613274e+04
   4.2462283e+04
   4.2289654e+04
   4.2093407e+04
   4.1871474e+04
   4.1621715e+04
   4.1341935e+04
   4.1029910e+04
   4.0683412e+04
   4.0300238e+04
   3.9878233e+04
   3.9415333e+04
   3.8909590e+04
   3.8359212e+04
   3.7762601e+04
   3.7118389e+04
   3.6425483e+04
   3.5683099e+04
   3.4890807e+04
   3.4048565e+04
   3.3156758e+04
   3.2216230e+04
   3.1228318e+04
   3.0194875e+04
   2.9118288e+04
   2.8001495e+04
   2.6847992e+04
   2.5661826e+04
   2.4447587e+04
   2.3210386e+04
   2.1955822e+04
   2.0689942e+04
   1.9419181e+04
   1.8150307e+04
   1.6890335e+04
   1.5646452e+04
   1.4425915e+04
   1.3235955e+04
   1.2083668e+04
   1.0975902e+04
   9.9191450e+03
   8.9194139e+03
   7.9821411e+03
   7.1120730e+03
   6.3131739e+03
   5.5885414e+03
   4.9403372e+03
   4.3697317e+03
   3.8768697e+03
   3.4608542e+03
   3.1197523e+03
   2.8506238e+03
   2.6495715e+03
   2.5118132e+03
   2.4317749e+03
   2.4032029e+03
   2.4192918e+03
   2.4728271e+03
   2.5563373e+03
   2.6622521e+03
   2.7830631e+03
   2.9114820e+03
   3.0405924e+03
   3.1639907e+03
   3.2759121e+03
   3.3713384e+03
   3.4460849e+03
   3.4968631e+03
   3.5213185e+03
   3.5180424e+03
   3.4865582e+03
   3.4272815e+03
   3.3414586e+03
   3.2310826e+03
   3.0987929e+03
   2.9477598e+03
   2.7815592e+03
   2.6040420e+03
   2.4192013e+03
   2.2310424e+03
   2.0434604e+03
   1.8601270e+03
   1.6843921e+03
   1.5192005e+03
   1.3670269e+03
   1.2298306e+03
   1.1090287e+03
   1.0054893e+03
   9.1954262e+02
   8.5100907e+02
   7.9924167e+02
   7.6318094e+02
   7.4141912e+02
   7.3227100e+02
   7.3384841e+02
   7.4413545e+02
   7.6106195e+02
   7.8257259e+02
   8.0668974e+02
   8.3156842e+02
   8.5554196e+02
   8.7715782e+02
   8.9520310e+02
   9.0871972e+02
   9.1700986e+02
   9.1963236e+02
   9.1639096e+02
   9.0731579e+02
   8.9263922e+02
   8.7276768e+02
   8.4825061e+02
   8.1974820e+02
   7.8799879e+02
   7.5378740e+02
   7.1791616e+02
   6.8117743e+02
   6.4433026e+02
   6.0808061e+02
   5.7306540e+02
   5.3984070e+02
   5.0887371e+02
   4.8053850e+02
   4.5511515e+02
   4.3279176e+02
   4.1366914e+02
   3.9776747e+02
   3.8503454e+02
   3.7535519e+02
   3.6856132e+02
   3.6444219e+02
   3.6275468e+02
   3.6323311e+02
   3.6559841e+02
   3.6956647e+02
   3.7485556e+02
   3.8119265e+02
   3.8831868e+02
   3.9599270e+02
   4.0399506e+02
   4.1212945e+02
   4.2022425e+02
   4.2813291e+02
   4.3573372e+02
   4.4292901e+02
   4.4964382e+02
   4.5582432e+02
   4.6143583e+02
   4.6646079e+02
   4.7089660e+02
   4.7475346e+02
   4.7805220e+02
   4.8082228e+02
   4.8309986e+02
   4.8492604e+02
   4.8634525e+02
   4.8740388e+02
   4.8814898e+02
   4.8862726e+02
   4.8888417e+02
   4.8896318e+02
   4.8890514e+02
   4.8874788e+02
   4.8852581e+02
   4.8826966e+02
   4.8800627e+02
   4.8775850e+02
   4.8754513e+02
   4.8738076e+02
   4.8727585e+02
   4.8723667e+02
   4.8726528e+02
   4.8735958e+02
   4.8751324e+02
   4.8771578e+02
   4.8795252e+02
   4.8820467e+02
   4.8844933e+02
   4.8865963e+02
   4.8880481e+02
   4.8885044e+02
   4.8875869e+02
   4.8848869e+02
   4.8799698e+02
   4.8723813e+02
   4.8616546e+02
   4.8473194e+02
   4.8289123e+02
   4.8059896e+02
   4.7781409e+02
   4.7450054e+02
   4.7062896e+02
   4.6617859e+02
   4.6113937e+02
   4.5551402e+02
   4.4932022e+02
   4.4259278e+02
   4.3538570e+02
   4.2777406e+02
   4.1985568e+02
   4.1175243e+02
   4.0361097e+02
   3.9560307e+02
   3.8792514e+02
   3.8079696e+02
   3.7445953e+02
   3.6917198e+02
   3.6520737e+02
   3.6284744e+02
   3.6237625e+02
   3.6407281e+02
   3.6820271e+02
   3.7500892e+02
   3.8470199e+02
   3.9744981e+02
   4.1336730e+02
   4.3250637e+02
   4.5484654e+02
   4.8028667e+02
   5.0863830e+02
   5.3962101e+02
   5.7286036e+02
   6.0788882e+02
   6.4415001e+02
   6.8100669e+02
   7.1775268e+02
   7.5362872e+02
   7.8784231e+02
   8.1959128e+02
   8.4809062e+02
   8.7260206e+02
   8.9246562e+02
   9.0713212e+02
   9.1619549e+02
   9.1942379e+02
   9.1678740e+02
   9.0848315e+02
   8.9495284e+02
   8.7689493e+02
   8.5526818e+02
   8.3128616e+02
   8.0640207e+02
   7.8228317e+02
   7.6077498e+02
   7.4385559e+02
   7.3358065e+02
   7.3202057e+02
   7.4119131e+02
   7.6298100e+02
   7.9907461e+02
   8.5087952e+02
   9.1945469e+02
   1.0054464e+03
   1.1090335e+03
   1.2298848e+03
   1.3671311e+03
   1.5193543e+03
   1.6845940e+03
   1.8603744e+03
   2.0437494e+03
   2.2313683e+03
   2.4195584e+03
   2.6044238e+03
   2.7819586e+03
   2.9481692e+03
   3.0992046e+03
   3.2314887e+03
   3.3418516e+03
   3.4276544e+03
   3.4869047e+03
   3.5183572e+03
   3.5215972e+03
   3.4971031e+03
   3.4462850e+03
   3.3714989e+03
   3.2760353e+03
   3.1640807e+03
   3.0406552e+03
   2.9115252e+03
   2.7830964e+03
   2.6622866e+03
   2.5563858e+03
   2.4729036e+03
   2.4194114e+03
   2.4033819e+03
   2.4320300e+03
   2.5121614e+03
   2.6500300e+03
   2.8512095e+03
   3.1204816e+03
   3.4617429e+03
   3.8779327e+03
   4.3709823e+03
   4.9417873e+03
   5.5902016e+03
   6.3150526e+03
   7.1141770e+03
   7.9844750e+03
   8.9219803e+03
   9.9219445e+03
   1.0978932e+04
   1.2086927e+04
   1.3239436e+04
   1.4429611e+04
   1.5650354e+04
   1.6894432e+04
   1.8154587e+04
   1.9423631e+04
   2.0694545e+04
   2.1960565e+04
   2.3215251e+04
   2.4452557e+04
   2.5666884e+04
   2.6853121e+04
   2.8006677e+04
   2.9123504e+04
   3.0200109e+04
   3.1233553e+04
   3.2221448e+04
   3.3161943e+04
   3.4053702e+04
   3.4895881e+04
   3.5688096e+04
   3.6430389e+04
   3.7123192e+04
   3.7767289e+04
   3.8363775e+04
   3.8914017e+04
   3.9419615e+04
   3.9882362e+04
   4.0304205e+04
   4.0687212e+04
   4.1033535e+04
   4.1345380e+04
   4.1624976e+04
   4.1874547e+04
   4.2096287e+04
   4.2292338e+04
   4.2464770e+04
   4.2615559e+04
   4.2746577e+04
   4.2859571e+04
   4.2956156e+04
   4.3037802e+04
   4.3105824e+04
   4.3161377e+04
   4.3205447e+04
   4.3238850e+04
   4.3262221e+04
   4.3276018e+04
   4.3280516e+04
