   6.7197014e-05
   2.3418714e-04
   7.0948597e-04
   1.4940255e-03
   2.5874022e-03
   3.9884963e-03
   5.6957853e-03
   7.7073922e-03
   1.0021097e-02
   1.2634342e-02
   1.5544235e-02
   1.8747550e-02
   2.2240731e-02
   2.6019896e-02
   3.0080839e-02
   3.4419032e-02
   3.9029631e-02
   4.3907476e-02
   4.9047101e-02
   5.4442732e-02
   6.0088295e-02
   6.5977423e-02
   7.2103457e-02
   7.8459452e-02
   8.5038188e-02
   9.1832170e-02
   9.8833639e-02
   1.0603458e-01
   1.1342671e-01
   1.2100154e-01
   1.2875030e-01
   1.3666402e-01
   1.4473351e-01
   1.5294935e-01
   1.6130196e-01
   1.6978152e-01
   1.7837806e-01
   1.8708145e-01
   1.9588136e-01
   2.0476735e-01
   2.1372883e-01
   2.2275507e-01
   2.3183526e-01
   2.4095846e-01
   2.5011365e-01
   2.5928973e-01
   2.6847556e-01
   2.7765993e-01
   2.8683160e-01
   2.9597931e-01
   3.0509179e-01
   3.1415778e-01
   3.2316605e-01
   3.3210539e-01
   3.4096466e-01
   3.4973276e-01
   3.5839870e-01
   3.6695156e-01
   3.7538056e-01
   3.8367501e-01
   3.9182439e-01
   3.9981833e-01
   4.0764661e-01
   4.1529922e-01
   4.2276634e-01
   4.3003836e-01
   4.3710591e-01
   4.4395985e-01
   4.5059130e-01
   4.5699164e-01
   4.6315256e-01
   4.6906602e-01
   4.7472429e-01
   4.8011997e-01
   4.8524599e-01
   4.9009561e-01
   4.9466245e-01
   4.9894050e-01
   5.0292412e-01
   5.0660803e-01
   5.0998737e-01
   5.1305766e-01
   5.1581484e-01
   5.1825524e-01
   5.2037563e-01
   5.2217318e-01
   5.2364551e-01
   5.2479066e-01
   5.2560710e-01
   5.2609374e-01
   5.2624994e-01
   5.2607549e-01
   5.2557062e-01
   5.2473600e-01
   5.2357274e-01
   5.2208239e-01
   5.2026693e-01
   5.1812877e-01
   5.1567075e-01
   5.1289613e-01
   5.0980860e-01
   5.0641224e-01
   5.0271156e-01
   4.9871143e-01
   4.9441716e-01
   4.8983439e-01
   4.8496917e-01
   4.7982789e-01
   4.7441731e-01
   4.6874452e-01
   4.6281694e-01
   4.5664231e-01
   4.5022868e-01
   4.4358439e-01
   4.3671808e-01
   4.2963863e-01
   4.2235519e-01
   4.1487716e-01
   4.0721416e-01
   3.9937601e-01
   3.9137275e-01
   3.8321459e-01
   3.7491191e-01
   3.6647527e-01
   3.5791533e-01
   3.4924290e-01
   3.4046890e-01
   3.3160433e-01
   3.2266030e-01
   3.1364794e-01
   3.0457847e-01
   2.9546313e-01
   2.8631319e-01
   2.7713990e-01
   2.6795453e-01
   2.5876833e-01
   2.4959249e-01
   2.4043816e-01
   2.3131645e-01
   2.2223837e-01
   2.1321484e-01
   2.0425669e-01
   1.9537463e-01
   1.8657924e-01
   1.7788098e-01
   1.6929014e-01
   1.6081687e-01
   1.5247113e-01
   1.4426270e-01
   1.3620120e-01
   1.2829600e-01
   1.2055629e-01
   1.1299105e-01
   1.0560900e-01
   9.8418656e-02
   9.1428266e-02
   8.4645837e-02
   7.8079116e-02
   7.1735582e-02
   6.5622442e-02
   5.9746626e-02
   5.4114776e-02
   4.8733246e-02
   4.3608092e-02
   3.8745071e-02
   3.4149634e-02
   2.9826922e-02
   2.5781762e-02
   2.2018664e-02
   1.8541817e-02
   1.5355083e-02
   1.2462000e-02
   9.8657734e-03
   7.5692774e-03
   5.5750497e-03
   3.8852900e-03
   2.5018539e-03
   1.4262393e-03
   6.5952451e-04
   2.0191682e-04
   5.1650377e-05
   2.2027528e-04
   6.9600824e-04
   1.4808903e-03
   2.5746228e-03
   3.9760983e-03
   5.6837973e-03
   7.6958437e-03
   1.0010018e-02
   1.2623762e-02
   1.5534183e-02
   1.8738055e-02
   2.2231822e-02
   2.6011601e-02
   3.0073186e-02
   3.4412047e-02
   3.9023340e-02
   4.3901904e-02
   4.9042272e-02
   5.4438669e-02
   6.0085021e-02
   6.5974959e-02
   7.2101821e-02
   7.8458664e-02
   8.5038265e-02
   9.1833128e-02
   9.8835492e-02
   1.0603734e-01
   1.1343040e-01
   1.2100615e-01
   1.2875585e-01
   1.3667051e-01
   1.4474095e-01
   1.5295775e-01
   1.6131131e-01
   1.6979183e-01
   1.7838933e-01
   1.8709366e-01
   1.9589452e-01
   2.0478145e-01
   2.1374386e-01
   2.2277103e-01
   2.3185212e-01
   2.4097622e-01
   2.5013229e-01
   2.5930924e-01
   2.6849592e-01
   2.7768111e-01
   2.8685359e-01
   2.9600208e-01
   3.0511532e-01
   3.1418205e-01
   3.2319103e-01
   3.3213105e-01
   3.4099097e-01
   3.4975969e-01
   3.5842622e-01
   3.6697965e-01
   3.7540917e-01
   3.8370411e-01
   3.9185395e-01
   3.9984831e-01
   4.0767698e-01
   4.1532994e-01
   4.2279737e-01
   4.3006967e-01
   4.3713746e-01
   4.4399160e-01
   4.5062322e-01
   4.5702369e-01
   4.6318470e-01
   4.6909822e-01
   4.7475651e-01
   4.8015217e-01
   4.8527814e-01
   4.9012767e-01
   4.9469439e-01
   4.9897228e-01
   5.0295570e-01
   5.0663940e-01
   5.1001848e-01
   5.1308849e-01
   5.1584536e-01
   5.1828542e-01
   5.2040544e-01
   5.2220260e-01
   5.2367452e-01
   5.2481922e-01
   5.2563520e-01
   5.2612137e-01
   5.2627707e-01
   5.2610211e-01
   5.2559671e-01
   5.2476155e-01
   5.2359773e-01
   5.2210682e-01
   5.2029078e-01
   5.1815204e-01
   5.1569344e-01
   5.1291823e-01
   5.0983011e-01
   5.0643316e-01
   5.0273188e-01
   4.9873117e-01
   4.9443631e-01
   4.8985297e-01
   4.8498718e-01
   4.7984534e-01
   4.7443421e-01
   4.6876088e-01
   4.6283277e-01
   4.5665763e-01
   4.5024350e-01
   4.4359874e-01
   4.3673196e-01
   4.2965207e-01
   4.2236821e-01
   4.1488977e-01
   4.0722638e-01
   3.9938787e-01
   3.9138427e-01
   3.8322579e-01
   3.7492283e-01
   3.6648591e-01
   3.5792573e-01
   3.4925308e-01
   3.4047888e-01
   3.3161414e-01
   3.2266996e-01
   3.1365748e-01
   3.0458791e-01
   2.9547250e-01
   2.8632250e-01
   2.7714918e-01
   2.6796381e-01
   2.5877762e-01
   2.4960181e-01
   2.4044755e-01
   2.3132591e-01
   2.2224792e-01
   2.1322451e-01
   2.0426648e-01
   1.9538457e-01
   1.8658934e-01
   1.7789125e-01
   1.6930060e-01
   1.6082752e-01
   1.5248199e-01
   1.4427378e-01
   1.3621249e-01
   1.2830752e-01
   1.2056804e-01
   1.1300303e-01
   1.0562122e-01
   9.8431106e-02
   9.1440948e-02
   8.4658748e-02
   7.8092251e-02
   7.1748935e-02
   6.5636006e-02
   5.9760392e-02
   5.4128733e-02
   4.8747382e-02
   4.3622394e-02
   3.8759525e-02
   3.4164224e-02
   2.9841631e-02
   2.5796572e-02
   2.2033555e-02
   1.8556768e-02
   1.5370073e-02
   1.2477005e-02
   9.8807713e-03
   7.5842430e-03
   5.5899580e-03
   3.9001154e-03
   2.5165712e-03
   1.4408257e-03
   6.7397064e-04
   2.1633593e-04
   6.7197014e-05
