   5.0160837e+00
   5.0160375e+00
   5.0159001e+00
   5.0156705e+00
   5.0153472e+00
   5.0149283e+00
   5.0144110e+00
   5.0137920e+00
   5.0130677e+00
   5.0122336e+00
   5.0112847e+00
   5.0102156e+00
   5.0090203e+00
   5.0076922e+00
   5.0062241e+00
   5.0046087e+00
   5.0028377e+00
   5.0009027e+00
   4.9987946e+00
   4.9965041e+00
   4.9940213e+00
   4.9913359e+00
   4.9884373e+00
   4.9853146e+00
   4.9819564e+00
   4.9783512e+00
   4.9744869e+00
   4.9703515e+00
   4.9659326e+00
   4.9612176e+00
   4.9561936e+00
   4.9508479e+00
   4.9451674e+00
   4.9391390e+00
   4.9327495e+00
   4.9259858e+00
   4.9188347e+00
   4.9112831e+00
   4.9033179e+00
   4.8949264e+00
   4.8860957e+00
   4.8768132e+00
   4.8670666e+00
   4.8568438e+00
   4.8461331e+00
   4.8349229e+00
   4.8232022e+00
   4.8109602e+00
   4.7981868e+00
   4.7848719e+00
   4.7710065e+00
   4.7565816e+00
   4.7415891e+00
   4.7260214e+00
   4.7098714e+00
   4.6931329e+00
   4.6758001e+00
   4.6578681e+00
   4.6393327e+00
   4.6201905e+00
   4.6004386e+00
   4.5800753e+00
   4.5590995e+00
   4.5375108e+00
   4.5153100e+00
   4.4924984e+00
   4.4690784e+00
   4.4450532e+00
   4.4204269e+00
   4.3952043e+00
   4.3693915e+00
   4.3429952e+00
   4.3160229e+00
   4.2884832e+00
   4.2603854e+00
   4.2317399e+00
   4.2025577e+00
   4.1728508e+00
   4.1426318e+00
   4.1119144e+00
   4.0807129e+00
   4.0490423e+00
   4.0169186e+00
   3.9843581e+00
   3.9513782e+00
   3.9179967e+00
   3.8842321e+00
   3.8501034e+00
   3.8156301e+00
   3.7808325e+00
   3.7457311e+00
   3.7103469e+00
   3.6747014e+00
   3.6388162e+00
   3.6027136e+00
   3.5664158e+00
   3.5299455e+00
   3.4933255e+00
   3.4565787e+00
   3.4197282e+00
   3.3827971e+00
   3.3458086e+00
   3.3087857e+00
   3.2717516e+00
   3.2347294e+00
   3.1977418e+00
   3.1608116e+00
   3.1239612e+00
   3.0872131e+00
   3.0505890e+00
   3.0141109e+00
   2.9777999e+00
   2.9416771e+00
   2.9057632e+00
   2.8700783e+00
   2.8346422e+00
   2.7994741e+00
   2.7645930e+00
   2.7300170e+00
   2.6957640e+00
   2.6618512e+00
   2.6282954e+00
   2.5951126e+00
   2.5623185e+00
   2.5299281e+00
   2.4979558e+00
   2.4664154e+00
   2.4353202e+00
   2.4046828e+00
   2.3745152e+00
   2.3448290e+00
   2.3156351e+00
   2.2869437e+00
   2.2587645e+00
   2.2311069e+00
   2.2039793e+00
   2.1773899e+00
   2.1513463e+00
   2.1258553e+00
   2.1009237e+00
   2.0765573e+00
   2.0527617e+00
   2.0295421e+00
   2.0069030e+00
   1.9848488e+00
   1.9633832e+00
   1.9425096e+00
   1.9222311e+00
   1.9025504e+00
   1.8834699e+00
   1.8649915e+00
   1.8471171e+00
   1.8298481e+00
   1.8131858e+00
   1.7971312e+00
   1.7816849e+00
   1.7668475e+00
   1.7526195e+00
   1.7390010e+00
   1.7259921e+00
   1.7135927e+00
   1.7018027e+00
   1.6906217e+00
   1.6800494e+00
   1.6700854e+00
   1.6607291e+00
   1.6519801e+00
   1.6438378e+00
   1.6363015e+00
   1.6293708e+00
   1.6230450e+00
   1.6173237e+00
   1.6122062e+00
   1.6076921e+00
   1.6037809e+00
   1.6004722e+00
   1.5977657e+00
   1.5956610e+00
   1.5941580e+00
   1.5932564e+00
   1.5929562e+00
   1.5932573e+00
   1.5941598e+00
   1.5956637e+00
   1.5977692e+00
   1.6004766e+00
   1.6037862e+00
   1.6076982e+00
   1.6122132e+00
   1.6173316e+00
   1.6230539e+00
   1.6293806e+00
   1.6363122e+00
   1.6438493e+00
   1.6519926e+00
   1.6607426e+00
   1.6700998e+00
   1.6800648e+00
   1.6906380e+00
   1.7018199e+00
   1.7136109e+00
   1.7260113e+00
   1.7390211e+00
   1.7526406e+00
   1.7668696e+00
   1.7817080e+00
   1.7971553e+00
   1.8132110e+00
   1.8298744e+00
   1.8471444e+00
   1.8650198e+00
   1.8834992e+00
   1.9025809e+00
   1.9222626e+00
   1.9425422e+00
   1.9634169e+00
   1.9848837e+00
   2.0069390e+00
   2.0295792e+00
   2.0527999e+00
   2.0765966e+00
   2.1009642e+00
   2.1258970e+00
   2.1513891e+00
   2.1774340e+00
   2.2040245e+00
   2.2311533e+00
   2.2588121e+00
   2.2869924e+00
   2.3156850e+00
   2.3448802e+00
   2.3745676e+00
   2.4047363e+00
   2.4353749e+00
   2.4664713e+00
   2.4980129e+00
   2.5299864e+00
   2.5623780e+00
   2.5951733e+00
   2.6283572e+00
   2.6619142e+00
   2.6958281e+00
   2.7300822e+00
   2.7646593e+00
   2.7995416e+00
   2.8347108e+00
   2.8701480e+00
   2.9058339e+00
   2.9417489e+00
   2.9778727e+00
   3.0141847e+00
   3.0506638e+00
   3.0872888e+00
   3.1240379e+00
   3.1608892e+00
   3.1978203e+00
   3.2348087e+00
   3.2718318e+00
   3.3088667e+00
   3.3458903e+00
   3.3828796e+00
   3.4198114e+00
   3.4566625e+00
   3.4934100e+00
   3.5300306e+00
   3.5665014e+00
   3.6027997e+00
   3.6389028e+00
   3.6747883e+00
   3.7104343e+00
   3.7458188e+00
   3.7809205e+00
   3.8157184e+00
   3.8501919e+00
   3.8843208e+00
   3.9180856e+00
   3.9514672e+00
   3.9844471e+00
   4.0170075e+00
   4.0491312e+00
   4.0808017e+00
   4.1120031e+00
   4.1427203e+00
   4.1729391e+00
   4.2026458e+00
   4.2318277e+00
   4.2604728e+00
   4.2885702e+00
   4.3161094e+00
   4.3430812e+00
   4.3694771e+00
   4.3952893e+00
   4.4205113e+00
   4.4451370e+00
   4.4691615e+00
   4.4925808e+00
   4.5153916e+00
   4.5375917e+00
   4.5591795e+00
   4.5801545e+00
   4.6005169e+00
   4.6202679e+00
   4.6394092e+00
   4.6579436e+00
   4.6758746e+00
   4.6932063e+00
   4.7099438e+00
   4.7260927e+00
   4.7416593e+00
   4.7566507e+00
   4.7710744e+00
   4.7849387e+00
   4.7982523e+00
   4.8110246e+00
   4.8232653e+00
   4.8349848e+00
   4.8461937e+00
   4.8569031e+00
   4.8671246e+00
   4.8768699e+00
   4.8861511e+00
   4.8949805e+00
   4.9033707e+00
   4.9113345e+00
   4.9188847e+00
   4.9260345e+00
   4.9327969e+00
   4.9391850e+00
   4.9452120e+00
   4.9508912e+00
   4.9562355e+00
   4.9612580e+00
   4.9659716e+00
   4.9703892e+00
   4.9745232e+00
   4.9783860e+00
   4.9819899e+00
   4.9853467e+00
   4.9884680e+00
   4.9913652e+00
   4.9940491e+00
   4.9965306e+00
   4.9988197e+00
   5.0009264e+00
   5.0028600e+00
   5.0046296e+00
   5.0062436e+00
   5.0077102e+00
   5.0090370e+00
   5.0102309e+00
   5.0112986e+00
   5.0122461e+00
   5.0130788e+00
   5.0138018e+00
   5.0144193e+00
   5.0149352e+00
   5.0153528e+00
   5.0156746e+00
   5.0159029e+00
   5.0160389e+00
   5.0160837e+00
