   1.8640295e+01
   1.8640207e+01
   1.8639957e+01
   1.8639537e+01
   1.8638930e+01
   1.8638117e+01
   1.8637068e+01
   1.8635750e+01
   1.8634125e+01
   1.8632147e+01
   1.8629764e+01
   1.8626920e+01
   1.8623552e+01
   1.8619593e+01
   1.8614968e+01
   1.8609600e+01
   1.8603404e+01
   1.8596292e+01
   1.8588171e+01
   1.8578942e+01
   1.8568504e+01
   1.8556749e+01
   1.8543567e+01
   1.8528845e+01
   1.8512465e+01
   1.8494307e+01
   1.8474247e+01
   1.8452160e+01
   1.8427917e+01
   1.8401389e+01
   1.8372445e+01
   1.8340952e+01
   1.8306778e+01
   1.8269790e+01
   1.8229853e+01
   1.8186836e+01
   1.8140608e+01
   1.8091037e+01
   1.8037996e+01
   1.7981359e+01
   1.7921004e+01
   1.7856809e+01
   1.7788660e+01
   1.7716445e+01
   1.7640057e+01
   1.7559395e+01
   1.7474362e+01
   1.7384870e+01
   1.7290835e+01
   1.7192181e+01
   1.7088841e+01
   1.6980753e+01
   1.6867867e+01
   1.6750139e+01
   1.6627536e+01
   1.6500032e+01
   1.6367613e+01
   1.6230275e+01
   1.6088024e+01
   1.5940876e+01
   1.5788858e+01
   1.5632007e+01
   1.5470375e+01
   1.5304019e+01
   1.5133012e+01
   1.4957436e+01
   1.4777385e+01
   1.4592962e+01
   1.4404283e+01
   1.4211473e+01
   1.4014668e+01
   1.3814016e+01
   1.3609671e+01
   1.3401798e+01
   1.3190574e+01
   1.2976179e+01
   1.2758805e+01
   1.2538652e+01
   1.2315923e+01
   1.2090833e+01
   1.1863597e+01
   1.1634440e+01
   1.1403589e+01
   1.1171276e+01
   1.0937736e+01
   1.0703204e+01
   1.0467922e+01
   1.0232128e+01
   9.9960633e+00
   9.7599676e+00
   9.5240798e+00
   9.2886371e+00
   9.0538742e+00
   8.8200224e+00
   8.5873096e+00
   8.3559587e+00
   8.1261881e+00
   7.8982102e+00
   7.6722313e+00
   7.4484510e+00
   7.2270617e+00
   7.0082482e+00
   6.7921871e+00
   6.5790467e+00
   6.3689864e+00
   6.1621569e+00
   5.9586991e+00
   5.7587449e+00
   5.5624161e+00
   5.3698251e+00
   5.1810742e+00
   4.9962558e+00
   4.8154526e+00
   4.6387372e+00
   4.4661727e+00
   4.2978123e+00
   4.1336998e+00
   3.9738695e+00
   3.8183469e+00
   3.6671483e+00
   3.5202815e+00
   3.3777460e+00
   3.2395332e+00
   3.1056268e+00
   2.9760032e+00
   2.8506317e+00
   2.7294752e+00
   2.6124901e+00
   2.4996271e+00
   2.3908314e+00
   2.2860431e+00
   2.1851977e+00
   2.0882265e+00
   1.9950567e+00
   1.9056123e+00
   1.8198140e+00
   1.7375800e+00
   1.6588259e+00
   1.5834656e+00
   1.5114113e+00
   1.4425737e+00
   1.3768629e+00
   1.3141882e+00
   1.2544584e+00
   1.1975825e+00
   1.1434696e+00
   1.0920294e+00
   1.0431722e+00
   9.9680915e-01
   9.5285287e-01
   9.1121713e-01
   8.7181730e-01
   8.3457050e-01
   7.9939570e-01
   7.6621393e-01
   7.3494836e-01
   7.0552444e-01
   6.7787003e-01
   6.5191545e-01
   6.2759362e-01
   6.0484010e-01
   5.8359318e-01
   5.6379391e-01
   5.4538620e-01
   5.2831684e-01
   5.1253551e-01
   4.9799487e-01
   4.8465055e-01
   4.7246118e-01
   4.6138841e-01
   4.5139692e-01
   4.4245446e-01
   4.3453180e-01
   4.2760281e-01
   4.2164442e-01
   4.1663660e-01
   4.1256245e-01
   4.0940809e-01
   4.0716277e-01
   4.0581879e-01
   4.0537152e-01
   4.0581943e-01
   4.0716407e-01
   4.0941005e-01
   4.1256508e-01
   4.1663992e-01
   4.2164845e-01
   4.2760758e-01
   4.3453733e-01
   4.4246078e-01
   4.5140408e-01
   4.6139645e-01
   4.7247015e-01
   4.8466050e-01
   4.9800586e-01
   5.1254760e-01
   5.2833010e-01
   5.4540072e-01
   5.6380976e-01
   5.8361045e-01
   6.0485889e-01
   6.2761403e-01
   6.5193759e-01
   6.7789402e-01
   7.0555041e-01
   7.3497643e-01
   7.6624425e-01
   7.9942843e-01
   8.3460578e-01
   8.7185532e-01
   9.1125805e-01
   9.5289688e-01
   9.9685646e-01
   1.0432229e+00
   1.0920839e+00
   1.1435281e+00
   1.1976451e+00
   1.2545254e+00
   1.3142599e+00
   1.3769396e+00
   1.4426556e+00
   1.5114986e+00
   1.5835588e+00
   1.6589252e+00
   1.7376856e+00
   1.8199264e+00
   1.9057317e+00
   1.9951835e+00
   2.0883611e+00
   2.1853404e+00
   2.2861942e+00
   2.3909913e+00
   2.4997961e+00
   2.6126687e+00
   2.7296637e+00
   2.8508304e+00
   2.9762125e+00
   3.1058471e+00
   3.2397649e+00
   3.3779895e+00
   3.5205371e+00
   3.6674164e+00
   3.8186278e+00
   3.9741636e+00
   4.1340073e+00
   4.2981337e+00
   4.4665082e+00
   4.6390871e+00
   4.8158172e+00
   4.9966354e+00
   5.1814689e+00
   5.3702353e+00
   5.5628420e+00
   5.7591866e+00
   5.9591569e+00
   6.1626307e+00
   6.3694766e+00
   6.5795531e+00
   6.7927099e+00
   7.0087875e+00
   7.2276175e+00
   7.4490232e+00
   7.6728198e+00
   7.8988150e+00
   8.1268091e+00
   8.3565957e+00
   8.5879623e+00
   8.8206908e+00
   9.0545579e+00
   9.2893360e+00
   9.5247934e+00
   9.7606956e+00
   9.9968054e+00
   1.0232884e+01
   1.0468691e+01
   1.0703986e+01
   1.0938529e+01
   1.1172082e+01
   1.1404406e+01
   1.1635268e+01
   1.1864435e+01
   1.2091680e+01
   1.2316779e+01
   1.2539516e+01
   1.2759677e+01
   1.2977057e+01
   1.3191458e+01
   1.3402688e+01
   1.3610565e+01
   1.3814914e+01
   1.4015570e+01
   1.4212377e+01
   1.4405189e+01
   1.4593869e+01
   1.4778292e+01
   1.4958343e+01
   1.5133918e+01
   1.5304923e+01
   1.5471276e+01
   1.5632905e+01
   1.5789751e+01
   1.5941765e+01
   1.6088908e+01
   1.6231153e+01
   1.6368484e+01
   1.6500895e+01
   1.6628391e+01
   1.6750986e+01
   1.6868705e+01
   1.6981581e+01
   1.7089658e+01
   1.7192988e+01
   1.7291630e+01
   1.7385653e+01
   1.7475133e+01
   1.7560153e+01
   1.7640803e+01
   1.7717177e+01
   1.7789378e+01
   1.7857513e+01
   1.7921693e+01
   1.7982034e+01
   1.8038656e+01
   1.8091681e+01
   1.8141236e+01
   1.8187449e+01
   1.8230449e+01
   1.8270370e+01
   1.8307342e+01
   1.8341499e+01
   1.8372975e+01
   1.8401902e+01
   1.8428413e+01
   1.8452638e+01
   1.8474709e+01
   1.8494751e+01
   1.8512892e+01
   1.8529254e+01
   1.8543959e+01
   1.8557123e+01
   1.8568860e+01
   1.8579281e+01
   1.8588492e+01
   1.8596595e+01
   1.8603689e+01
   1.8609867e+01
   1.8615218e+01
   1.8619824e+01
   1.8623766e+01
   1.8627116e+01
   1.8629942e+01
   1.8632307e+01
   1.8634268e+01
   1.8635875e+01
   1.8637175e+01
   1.8638206e+01
   1.8639002e+01
   1.8639590e+01
   1.8639993e+01
   1.8640225e+01
   1.8640295e+01
