   1.0284516e+03
   1.0283786e+03
   1.0281597e+03
   1.0277942e+03
   1.0272811e+03
   1.0266188e+03
   1.0258054e+03
   1.0248384e+03
   1.0237152e+03
   1.0224325e+03
   1.0209867e+03
   1.0193740e+03
   1.0175900e+03
   1.0156300e+03
   1.0134891e+03
   1.0111621e+03
   1.0086434e+03
   1.0059271e+03
   1.0030074e+03
   9.9987796e+02
   9.9653237e+02
   9.9296412e+02
   9.8916658e+02
   9.8513302e+02
   9.8085670e+02
   9.7633085e+02
   9.7154875e+02
   9.6650376e+02
   9.6118934e+02
   9.5559912e+02
   9.4972691e+02
   9.4356678e+02
   9.3711306e+02
   9.3036042e+02
   9.2330390e+02
   9.1593895e+02
   9.0826148e+02
   9.0026790e+02
   8.9195515e+02
   8.8332077e+02
   8.7436291e+02
   8.6508040e+02
   8.5547275e+02
   8.4554020e+02
   8.3528377e+02
   8.2470528e+02
   8.1380736e+02
   8.0259349e+02
   7.9106802e+02
   7.7923620e+02
   7.6710416e+02
   7.5467896e+02
   7.4196854e+02
   7.2898180e+02
   7.1572853e+02
   7.0221943e+02
   6.8846608e+02
   6.7448096e+02
   6.6027739e+02
   6.4586950e+02
   6.3127225e+02
   6.1650132e+02
   6.0157313e+02
   5.8650477e+02
   5.7131392e+02
   5.5601887e+02
   5.4063839e+02
   5.2519170e+02
   5.0969839e+02
   4.9417838e+02
   4.7865183e+02
   4.6313906e+02
   4.4766049e+02
   4.3223655e+02
   4.1688763e+02
   4.0163396e+02
   3.8649557e+02
   3.7149222e+02
   3.5664328e+02
   3.4196768e+02
   3.2748387e+02
   3.1320970e+02
   2.9916237e+02
   2.8535839e+02
   2.7181349e+02
   2.5854259e+02
   2.4555974e+02
   2.3287804e+02
   2.2050968e+02
   2.0846582e+02
   1.9675661e+02
   1.8539115e+02
   1.7437747e+02
   1.6372253e+02
   1.5343219e+02
   1.4351121e+02
   1.3396330e+02
   1.2479106e+02
   1.1599605e+02
   1.0757877e+02
   9.9538710e+01
   9.1874381e+01
   8.4583329e+01
   7.7662185e+01
   7.1106705e+01
   6.4911811e+01
   5.9071642e+01
   5.3579601e+01
   4.8428410e+01
   4.3610157e+01
   3.9116357e+01
   3.4938005e+01
   3.1065632e+01
   2.7489361e+01
   2.4198963e+01
   2.1183914e+01
   1.8433444e+01
   1.5936599e+01
   1.3682283e+01
   1.1659316e+01
   9.8564745e+00
   8.2625441e+00
   6.8663576e+00
   5.6568379e+00
   4.6230359e+00
   3.7541651e+00
   3.0396347e+00
   2.4690790e+00
   2.0323837e+00
   1.7197102e+00
   1.5215163e+00
   1.4285739e+00
   1.4319852e+00
   1.5231942e+00
   1.6939976e+00
   1.9365522e+00
   2.2433796e+00
   2.6073697e+00
   3.0217813e+00
   3.4802410e+00
   3.9767402e+00
   4.5056307e+00
   5.0616182e+00
   5.6397553e+00
   6.2354324e+00
   6.8443679e+00
   7.4625978e+00
   8.0864638e+00
   8.7126014e+00
   9.3379271e+00
   9.9596250e+00
   1.0575134e+01
   1.1182132e+01
   1.1778527e+01
   1.2362437e+01
   1.2932181e+01
   1.3486263e+01
   1.4023361e+01
   1.4542311e+01
   1.5042097e+01
   1.5521836e+01
   1.5980768e+01
   1.6418245e+01
   1.6833716e+01
   1.7226723e+01
   1.7596885e+01
   1.7943893e+01
   1.8267497e+01
   1.8567502e+01
   1.8843757e+01
   1.9096149e+01
   1.9324598e+01
   1.9529048e+01
   1.9709464e+01
   1.9865826e+01
   1.9998125e+01
   2.0106360e+01
   2.0190535e+01
   2.0250655e+01
   2.0286724e+01
   2.0298747e+01
   2.0286724e+01
   2.0250654e+01
   2.0190534e+01
   2.0106359e+01
   1.9998123e+01
   1.9865823e+01
   1.9709460e+01
   1.9529043e+01
   1.9324592e+01
   1.9096142e+01
   1.8843748e+01
   1.8567491e+01
   1.8267484e+01
   1.7943878e+01
   1.7596868e+01
   1.7226702e+01
   1.6833692e+01
   1.6418217e+01
   1.5980737e+01
   1.5521801e+01
   1.5042058e+01
   1.4542268e+01
   1.4023313e+01
   1.3486209e+01
   1.2932122e+01
   1.2362372e+01
   1.1778457e+01
   1.1182057e+01
   1.0575052e+01
   9.9595382e+00
   9.3378347e+00
   8.7125036e+00
   8.0863607e+00
   7.4624897e+00
   6.8442552e+00
   6.2353155e+00
   5.6396349e+00
   5.0614949e+00
   4.5055053e+00
   3.9766137e+00
   3.4801143e+00
   3.0216557e+00
   2.6072466e+00
   2.2432604e+00
   1.9364387e+00
   1.6938916e+00
   1.5230977e+00
   1.4319005e+00
   1.4285034e+00
   1.5214626e+00
   1.7196762e+00
   2.0323724e+00
   2.4690936e+00
   3.0396789e+00
   3.7542424e+00
   4.6231503e+00
   5.6569936e+00
   6.8665589e+00
   8.2627956e+00
   9.8567810e+00
   1.1659682e+01
   1.3682715e+01
   1.5937101e+01
   1.8434023e+01
   2.1184575e+01
   2.4199713e+01
   2.7490205e+01
   3.1066577e+01
   3.4939057e+01
   3.9117523e+01
   4.3611443e+01
   4.8429823e+01
   5.3581148e+01
   5.9073329e+01
   6.4913646e+01
   7.1108694e+01
   7.7664336e+01
   8.4585648e+01
   9.1876874e+01
   9.9541384e+01
   1.0758163e+02
   1.1599910e+02
   1.2479432e+02
   1.3396676e+02
   1.4351488e+02
   1.5343607e+02
   1.6372664e+02
   1.7438181e+02
   1.8539571e+02
   1.9676141e+02
   2.0847085e+02
   2.2051495e+02
   2.3288356e+02
   2.4556550e+02
   2.5854860e+02
   2.7181975e+02
   2.8536489e+02
   2.9916912e+02
   3.1321669e+02
   3.2749111e+02
   3.4197517e+02
   3.5665100e+02
   3.7150018e+02
   3.8650377e+02
   4.0164238e+02
   4.1689628e+02
   4.3224542e+02
   4.4766957e+02
   4.6314835e+02
   4.7866133e+02
   4.9418807e+02
   5.0970826e+02
   5.2520174e+02
   5.4064861e+02
   5.5602925e+02
   5.7132445e+02
   5.8651543e+02
   6.0158393e+02
   6.1651223e+02
   6.3128327e+02
   6.4588062e+02
   6.6028859e+02
   6.7449224e+02
   6.8847742e+02
   7.0223081e+02
   7.1573996e+02
   7.2899325e+02
   7.4198001e+02
   7.5469042e+02
   7.6711562e+02
   7.7924763e+02
   7.9107942e+02
   8.0260483e+02
   8.1381864e+02
   8.2471649e+02
   8.3529490e+02
   8.4555123e+02
   8.5548367e+02
   8.6509121e+02
   8.7437360e+02
   8.8333132e+02
   8.9196555e+02
   9.0027814e+02
   9.0827155e+02
   9.1594884e+02
   9.2331360e+02
   9.3036993e+02
   9.3712236e+02
   9.4357587e+02
   9.4973579e+02
   9.5560777e+02
   9.6119775e+02
   9.6651193e+02
   9.7155667e+02
   9.7633851e+02
   9.8086409e+02
   9.8514015e+02
   9.8917344e+02
   9.9297070e+02
   9.9653866e+02
   9.9988396e+02
   1.0030131e+03
   1.0059326e+03
   1.0086485e+03
   1.0111669e+03
   1.0134936e+03
   1.0156342e+03
   1.0175938e+03
   1.0193776e+03
   1.0209900e+03
   1.0224354e+03
   1.0237178e+03
   1.0248407e+03
   1.0258073e+03
   1.0266204e+03
   1.0272824e+03
   1.0277952e+03
   1.0281603e+03
   1.0283789e+03
   1.0284516e+03
