   3.5243092e+01
   3.5242837e+01
   3.5242093e+01
   3.5240840e+01
   3.5239046e+01
   3.5236665e+01
   3.5233638e+01
   3.5229895e+01
   3.5225351e+01
   3.5219909e+01
   3.5213462e+01
   3.5205886e+01
   3.5197051e+01
   3.5186810e+01
   3.5175008e+01
   3.5161478e+01
   3.5146042e+01
   3.5128511e+01
   3.5108688e+01
   3.5086364e+01
   3.5061322e+01
   3.5033337e+01
   3.5002176e+01
   3.4967597e+01
   3.4929352e+01
   3.4887188e+01
   3.4840844e+01
   3.4790056e+01
   3.4734555e+01
   3.4674069e+01
   3.4608323e+01
   3.4537042e+01
   3.4459948e+01
   3.4376763e+01
   3.4287213e+01
   3.4191023e+01
   3.4087923e+01
   3.3977645e+01
   3.3859928e+01
   3.3734516e+01
   3.3601161e+01
   3.3459622e+01
   3.3309669e+01
   3.3151080e+01
   3.2983648e+01
   3.2807175e+01
   3.2621480e+01
   3.2426393e+01
   3.2221763e+01
   3.2007453e+01
   3.1783345e+01
   3.1549341e+01
   3.1305359e+01
   3.1051340e+01
   3.0787244e+01
   3.0513054e+01
   3.0228776e+01
   2.9934436e+01
   2.9630086e+01
   2.9315801e+01
   2.8991679e+01
   2.8657844e+01
   2.8314443e+01
   2.7961647e+01
   2.7599653e+01
   2.7228682e+01
   2.6848976e+01
   2.6460805e+01
   2.6064458e+01
   2.5660249e+01
   2.5248512e+01
   2.4829603e+01
   2.4403899e+01
   2.3971793e+01
   2.3533699e+01
   2.3090047e+01
   2.2641282e+01
   2.2187864e+01
   2.1730266e+01
   2.1268971e+01
   2.0804474e+01
   2.0337278e+01
   1.9867893e+01
   1.9396832e+01
   1.8924615e+01
   1.8451761e+01
   1.7978792e+01
   1.7506227e+01
   1.7034581e+01
   1.6564368e+01
   1.6096091e+01
   1.5630249e+01
   1.5167330e+01
   1.4707812e+01
   1.4252160e+01
   1.3800827e+01
   1.3354248e+01
   1.2912846e+01
   1.2477024e+01
   1.2047169e+01
   1.1623649e+01
   1.1206809e+01
   1.0796978e+01
   1.0394461e+01
   9.9995421e+00
   9.6124835e+00
   9.2335250e+00
   8.8628835e+00
   8.5007536e+00
   8.1473068e+00
   7.8026923e+00
   7.4670367e+00
   7.1404442e+00
   6.8229974e+00
   6.5147573e+00
   6.2157640e+00
   5.9260372e+00
   5.6455769e+00
   5.3743641e+00
   5.1123612e+00
   4.8595133e+00
   4.6157489e+00
   4.3809804e+00
   4.1551055e+00
   3.9380078e+00
   3.7295577e+00
   3.5296138e+00
   3.3380231e+00
   3.1546228e+00
   2.9792406e+00
   2.8116959e+00
   2.6518009e+00
   2.4993610e+00
   2.3541765e+00
   2.2160425e+00
   2.0847508e+00
   1.9600897e+00
   1.8418456e+00
   1.7298033e+00
   1.6237468e+00
   1.5234601e+00
   1.4287279e+00
   1.3393357e+00
   1.2550711e+00
   1.1757240e+00
   1.1010869e+00
   1.0309556e+00
   9.6512956e-01
   9.0341232e-01
   8.4561174e-01
   7.9154042e-01
   7.4101590e-01
   6.9386096e-01
   6.4990379e-01
   6.0897822e-01
   5.7092385e-01
   5.3558620e-01
   5.0281679e-01
   4.7247327e-01
   4.4441948e-01
   4.1852548e-01
   3.9466758e-01
   3.7272839e-01
   3.5259680e-01
   3.3416800e-01
   3.1734343e-01
   3.0203079e-01
   2.8814399e-01
   2.7560312e-01
   2.6433442e-01
   2.5427024e-01
   2.4534897e-01
   2.3751505e-01
   2.3071888e-01
   2.2491678e-01
   2.2007102e-01
   2.1614971e-01
   2.1312678e-01
   2.1098202e-01
   2.0970099e-01
   2.0927503e-01
   2.0970126e-01
   2.1098256e-01
   2.1312759e-01
   2.1615080e-01
   2.2007242e-01
   2.2491850e-01
   2.3072092e-01
   2.3751746e-01
   2.4535177e-01
   2.5427346e-01
   2.6433810e-01
   2.7560730e-01
   2.8814872e-01
   3.0203613e-01
   3.1734944e-01
   3.3417474e-01
   3.5260435e-01
   3.7273682e-01
   3.9467699e-01
   4.1853597e-01
   4.4443115e-01
   4.7248624e-01
   5.0283118e-01
   5.3560215e-01
   5.7094152e-01
   6.0899776e-01
   6.4992538e-01
   6.9388478e-01
   7.4104215e-01
   7.9156932e-01
   8.4564352e-01
   9.0344721e-01
   9.6516784e-01
   1.0309975e+00
   1.1011328e+00
   1.1757742e+00
   1.2551259e+00
   1.3393953e+00
   1.4287928e+00
   1.5235308e+00
   1.6238235e+00
   1.7298865e+00
   1.8419358e+00
   1.9601872e+00
   2.0848561e+00
   2.2161562e+00
   2.3542990e+00
   2.4994929e+00
   2.6519427e+00
   2.8118482e+00
   2.9794039e+00
   3.1547977e+00
   3.3382102e+00
   3.5298136e+00
   3.7297710e+00
   3.9382351e+00
   4.1553475e+00
   4.3812377e+00
   4.6160221e+00
   4.8598031e+00
   5.1126681e+00
   5.3746888e+00
   5.6459201e+00
   5.9263995e+00
   6.2161459e+00
   6.5151595e+00
   6.8234205e+00
   7.1408887e+00
   7.4675032e+00
   7.8031814e+00
   8.1478189e+00
   8.5012891e+00
   8.8634430e+00
   9.2341088e+00
   9.6130920e+00
   1.0000176e+01
   1.0395120e+01
   1.0797663e+01
   1.1207520e+01
   1.1624385e+01
   1.2047932e+01
   1.2477813e+01
   1.2913661e+01
   1.3355089e+01
   1.3801694e+01
   1.4253054e+01
   1.4708732e+01
   1.5168275e+01
   1.5631219e+01
   1.6097086e+01
   1.6565387e+01
   1.7035625e+01
   1.7507294e+01
   1.7979883e+01
   1.8452874e+01
   1.8925750e+01
   1.9397988e+01
   1.9869069e+01
   2.0338474e+01
   2.0805689e+01
   2.1270203e+01
   2.1731514e+01
   2.2189129e+01
   2.2642561e+01
   2.3091340e+01
   2.3535005e+01
   2.3973110e+01
   2.4405227e+01
   2.4830940e+01
   2.5249857e+01
   2.5661601e+01
   2.6065816e+01
   2.6462168e+01
   2.6850342e+01
   2.7230050e+01
   2.7601023e+01
   2.7963016e+01
   2.8315810e+01
   2.8659209e+01
   2.8993040e+01
   2.9317157e+01
   2.9631436e+01
   2.9935779e+01
   3.0230111e+01
   3.0514380e+01
   3.0788559e+01
   3.1052643e+01
   3.1306650e+01
   3.1550619e+01
   3.1784609e+01
   3.2008701e+01
   3.2222995e+01
   3.2427608e+01
   3.2622677e+01
   3.2808354e+01
   3.2984808e+01
   3.3152220e+01
   3.3310788e+01
   3.3460720e+01
   3.3602237e+01
   3.3735570e+01
   3.3860959e+01
   3.3978653e+01
   3.4088907e+01
   3.4191983e+01
   3.4288148e+01
   3.4377673e+01
   3.4460831e+01
   3.4537900e+01
   3.4609155e+01
   3.4674875e+01
   3.4735334e+01
   3.4790808e+01
   3.4841569e+01
   3.4887886e+01
   3.4930023e+01
   3.4968240e+01
   3.5002792e+01
   3.5033926e+01
   3.5061883e+01
   3.5086897e+01
   3.5109193e+01
   3.5128989e+01
   3.5146491e+01
   3.5161900e+01
   3.5175402e+01
   3.5187175e+01
   3.5197388e+01
   3.5206195e+01
   3.5213743e+01
   3.5220162e+01
   3.5225576e+01
   3.5230092e+01
   3.5233807e+01
   3.5236805e+01
   3.5239158e+01
   3.5240924e+01
   3.5242149e+01
   3.5242865e+01
   3.5243092e+01
