   6.3969361e+03
   6.3959273e+03
   6.3930043e+03
   6.3881565e+03
   6.3813659e+03
   6.3726075e+03
   6.3618497e+03
   6.3490544e+03
   6.3341775e+03
   6.3171698e+03
   6.2979770e+03
   6.2765407e+03
   6.2527992e+03
   6.2266881e+03
   6.1981412e+03
   6.1670915e+03
   6.1334721e+03
   6.0972172e+03
   6.0582631e+03
   6.0165494e+03
   5.9720199e+03
   5.9246240e+03
   5.8743175e+03
   5.8210636e+03
   5.7648346e+03
   5.7056123e+03
   5.6433894e+03
   5.5781701e+03
   5.5099715e+03
   5.4388240e+03
   5.3647723e+03
   5.2878760e+03
   5.2082098e+03
   5.1258646e+03
   5.0409470e+03
   4.9535801e+03
   4.8639031e+03
   4.7720711e+03
   4.6782552e+03
   4.5826416e+03
   4.4854309e+03
   4.3868376e+03
   4.2870889e+03
   4.1864235e+03
   4.0850902e+03
   3.9833467e+03
   3.8814577e+03
   3.7796932e+03
   3.6783268e+03
   3.5776334e+03
   3.4778874e+03
   3.3793607e+03
   3.2823201e+03
   3.1870257e+03
   3.0937285e+03
   3.0026681e+03
   2.9140710e+03
   2.8281489e+03
   2.7450960e+03
   2.6650885e+03
   2.5882823e+03
   2.5148120e+03
   2.4447899e+03
   2.3783053e+03
   2.3154237e+03
   2.2561865e+03
   2.2006114e+03
   2.1486923e+03
   2.1004001e+03
   2.0556834e+03
   2.0144699e+03
   1.9766675e+03
   1.9421661e+03
   1.9108398e+03
   1.8825484e+03
   1.8571403e+03
   1.8344547e+03
   1.8143241e+03
   1.7965769e+03
   1.7810404e+03
   1.7675435e+03
   1.7559188e+03
   1.7460061e+03
   1.7376540e+03
   1.7307231e+03
   1.7250874e+03
   1.7206369e+03
   1.7172789e+03
   1.7149395e+03
   1.7135648e+03
   1.7131219e+03
   1.7135989e+03
   1.7150059e+03
   1.7173739e+03
   1.7207548e+03
   1.7252208e+03
   1.7308628e+03
   1.7377891e+03
   1.7461239e+03
   1.7560051e+03
   1.7675825e+03
   1.7810149e+03
   1.7964681e+03
   1.8141121e+03
   1.8341185e+03
   1.8566576e+03
   1.8818960e+03
   1.9099936e+03
   1.9411016e+03
   1.9753592e+03
   2.0128921e+03
   2.0538100e+03
   2.0982048e+03
   2.1461489e+03
   2.1976936e+03
   2.2528685e+03
   2.3116799e+03
   2.3741108e+03
   2.4401203e+03
   2.5096438e+03
   2.5825929e+03
   2.6588565e+03
   2.7383010e+03
   2.8207718e+03
   2.9060944e+03
   2.9940757e+03
   3.0845058e+03
   3.1771599e+03
   3.2718000e+03
   3.3681769e+03
   3.4660326e+03
   3.5651018e+03
   3.6651148e+03
   3.7657991e+03
   3.8668816e+03
   3.9680907e+03
   4.0691583e+03
   4.1698216e+03
   4.2698248e+03
   4.3689207e+03
   4.4668726e+03
   4.5634548e+03
   4.6584545e+03
   4.7516725e+03
   4.8429242e+03
   4.9320398e+03
   5.0188654e+03
   5.1032629e+03
   5.1851104e+03
   5.2643021e+03
   5.3407480e+03
   5.4143740e+03
   5.4851211e+03
   5.5529452e+03
   5.6178161e+03
   5.6797172e+03
   5.7386441e+03
   5.7946044e+03
   5.8476161e+03
   5.8977068e+03
   5.9449130e+03
   5.9892785e+03
   6.0308536e+03
   6.0696939e+03
   6.1058591e+03
   6.1394124e+03
   6.1704188e+03
   6.1989445e+03
   6.2250555e+03
   6.2488172e+03
   6.2702931e+03
   6.2895440e+03
   6.3066273e+03
   6.3215962e+03
   6.3344991e+03
   6.3453790e+03
   6.3542729e+03
   6.3612115e+03
   6.3662188e+03
   6.3693117e+03
   6.3705000e+03
   6.3697862e+03
   6.3671653e+03
   6.3626250e+03
   6.3561461e+03
   6.3477021e+03
   6.3372599e+03
   6.3247803e+03
   6.3102180e+03
   6.2935225e+03
   6.2746385e+03
   6.2535066e+03
   6.2300643e+03
   6.2042462e+03
   6.1759855e+03
   6.1452146e+03
   6.1118661e+03
   6.0758738e+03
   6.0371736e+03
   5.9957050e+03
   5.9514118e+03
   5.9042432e+03
   5.8541552e+03
   5.8011114e+03
   5.7450841e+03
   5.6860558e+03
   5.6240196e+03
   5.5589803e+03
   5.4909558e+03
   5.4199772e+03
   5.3460901e+03
   5.2693550e+03
   5.1898476e+03
   5.1076597e+03
   5.0228993e+03
   4.9356904e+03
   4.8461733e+03
   4.7545045e+03
   4.6608561e+03
   4.5654154e+03
   4.4683843e+03
   4.3699785e+03
   4.2704261e+03
   4.1699669e+03
   4.0688507e+03
   3.9673362e+03
   3.8656887e+03
   3.7641791e+03
   3.6630816e+03
   3.5626716e+03
   3.4632239e+03
   3.3650106e+03
   3.2682987e+03
   3.1733483e+03
   3.0804101e+03
   2.9897235e+03
   2.9015147e+03
   2.8159945e+03
   2.7333565e+03
   2.6537760e+03
   2.5774077e+03
   2.5043852e+03
   2.4348195e+03
   2.3687983e+03
   2.3063856e+03
   2.2476213e+03
   2.1925213e+03
   2.1410777e+03
   2.0932596e+03
   2.0490137e+03
   2.0082657e+03
   1.9709217e+03
   1.9368698e+03
   1.9059822e+03
   1.8781169e+03
   1.8531208e+03
   1.8308313e+03
   1.8110794e+03
   1.7936923e+03
   1.7784962e+03
   1.7653188e+03
   1.7539920e+03
   1.7443549e+03
   1.7362557e+03
   1.7295548e+03
   1.7241263e+03
   1.7198603e+03
   1.7166645e+03
   1.7144659e+03
   1.7132115e+03
   1.7128695e+03
   1.7134295e+03
   1.7149029e+03
   1.7173226e+03
   1.7207426e+03
   1.7252370e+03
   1.7308990e+03
   1.7378394e+03
   1.7461848e+03
   1.7560757e+03
   1.7676644e+03
   1.7811126e+03
   1.7965885e+03
   1.8142651e+03
   1.8343162e+03
   1.8569150e+03
   1.8822305e+03
   1.9104249e+03
   1.9416516e+03
   1.9760520e+03
   2.0137536e+03
   2.0548679e+03
   2.0994883e+03
   2.1476884e+03
   2.1995208e+03
   2.2550156e+03
   2.3141799e+03
   2.3769970e+03
   2.4434261e+03
   2.5134024e+03
   2.5868371e+03
   2.6636184e+03
   2.7436118e+03
   2.8266616e+03
   2.9125918e+03
   3.0012079e+03
   3.0922983e+03
   3.1856360e+03
   3.2809811e+03
   3.3780820e+03
   3.4766784e+03
   3.5765025e+03
   3.6772820e+03
   3.7787417e+03
   3.8806059e+03
   3.9826001e+03
   4.0844536e+03
   4.1859007e+03
   4.2866830e+03
   4.3865506e+03
   4.4852640e+03
   4.5825952e+03
   4.6783287e+03
   4.7722631e+03
   4.8642114e+03
   4.9540017e+03
   5.0414782e+03
   5.1265009e+03
   5.2089461e+03
   5.2887065e+03
   5.3656908e+03
   5.4398237e+03
   5.5110450e+03
   5.5793098e+03
   5.6445872e+03
   5.7068600e+03
   5.7661235e+03
   5.8223850e+03
   5.8756625e+03
   5.9259837e+03
   5.9733854e+03
   6.0179117e+03
   6.0596135e+03
   6.0985470e+03
   6.1347729e+03
   6.1683551e+03
   6.1993596e+03
   6.2278537e+03
   6.2539048e+03
   6.2775795e+03
   6.2989426e+03
   6.3180563e+03
   6.3349796e+03
   6.3497670e+03
   6.3624687e+03
   6.3731292e+03
   6.3817870e+03
   6.3884746e+03
   6.3932175e+03
   6.3960342e+03
   6.3969361e+03
