   4.4281959e+00
   4.4458541e+00
   4.4973220e+00
   4.5826160e+00
   4.7017625e+00
   4.8547980e+00
   5.0417682e+00
   5.2627269e+00
   5.5177354e+00
   5.8068608e+00
   6.1301747e+00
   6.4877516e+00
   6.8796671e+00
   7.3059958e+00
   7.7668092e+00
   8.2621735e+00
   8.7921468e+00
   9.3567770e+00
   9.9560985e+00
   1.0590130e+01
   1.1258869e+01
   1.1962295e+01
   1.2700358e+01
   1.3472980e+01
   1.4280054e+01
   1.5121433e+01
   1.5996933e+01
   1.6906330e+01
   1.7849350e+01
   1.8825673e+01
   1.9834924e+01
   2.0876673e+01
   2.1950431e+01
   2.3055646e+01
   2.4191700e+01
   2.5357907e+01
   2.6553509e+01
   2.7777675e+01
   2.9029498e+01
   3.0307990e+01
   3.1612087e+01
   3.2940638e+01
   3.4292414e+01
   3.5666097e+01
   3.7060286e+01
   3.8473497e+01
   3.9904156e+01
   4.1350608e+01
   4.2811113e+01
   4.4283848e+01
   4.5766909e+01
   4.7258314e+01
   4.8756003e+01
   5.0257845e+01
   5.1761637e+01
   5.3265111e+01
   5.4765938e+01
   5.6261732e+01
   5.7750055e+01
   5.9228422e+01
   6.0694312e+01
   6.2145166e+01
   6.3578401e+01
   6.4991413e+01
   6.6381588e+01
   6.7746304e+01
   6.9082946e+01
   7.0388907e+01
   7.1661604e+01
   7.2898478e+01
   7.4097011e+01
   7.5254727e+01
   7.6369206e+01
   7.7438090e+01
   7.8459092e+01
   7.9430005e+01
   8.0348709e+01
   8.1213178e+01
   8.2021493e+01
   8.2771843e+01
   8.3462533e+01
   8.4091997e+01
   8.4658794e+01
   8.5161623e+01
   8.5599322e+01
   8.5970876e+01
   8.6275419e+01
   8.6512242e+01
   8.6680787e+01
   8.6780659e+01
   8.6811621e+01
   8.6773600e+01
   8.6666681e+01
   8.6491113e+01
   8.6247304e+01
   8.5935822e+01
   8.5557390e+01
   8.5112885e+01
   8.4603333e+01
   8.4029906e+01
   8.3393919e+01
   8.2696819e+01
   8.1940185e+01
   8.1125721e+01
   8.0255246e+01
   7.9330690e+01
   7.8354086e+01
   7.7327562e+01
   7.6253332e+01
   7.5133689e+01
   7.3970999e+01
   7.2767686e+01
   7.1526232e+01
   7.0249159e+01
   6.8939029e+01
   6.7598431e+01
   6.6229972e+01
   6.4836271e+01
   6.3419949e+01
   6.1983624e+01
   6.0529899e+01
   5.9061357e+01
   5.7580556e+01
   5.6090017e+01
   5.4592223e+01
   5.3089610e+01
   5.1584561e+01
   5.0079402e+01
   4.8576399e+01
   4.7077750e+01
   4.5585582e+01
   4.4101951e+01
   4.2628834e+01
   4.1168131e+01
   3.9721658e+01
   3.8291150e+01
   3.6878258e+01
   3.5484548e+01
   3.4111500e+01
   3.2760508e+01
   3.1432883e+01
   3.0129849e+01
   2.8852549e+01
   2.7602043e+01
   2.6379310e+01
   2.5185252e+01
   2.4020695e+01
   2.2886388e+01
   2.1783013e+01
   2.0711180e+01
   1.9671436e+01
   1.8664265e+01
   1.7690089e+01
   1.6749279e+01
   1.5842149e+01
   1.4968966e+01
   1.4129952e+01
   1.3325285e+01
   1.2555104e+01
   1.1819515e+01
   1.1118591e+01
   1.0452375e+01
   9.8208865e+00
   9.2241225e+00
   8.6620609e+00
   8.1346635e+00
   7.6418793e+00
   7.1836469e+00
   6.7598971e+00
   6.3705556e+00
   6.0155451e+00
   5.6947875e+00
   5.4082061e+00
   5.1557269e+00
   4.9372810e+00
   4.7528052e+00
   4.6022439e+00
   4.4855499e+00
   4.4026854e+00
   4.3536224e+00
   4.3383437e+00
   4.3568427e+00
   4.4091237e+00
   4.4952018e+00
   4.6151027e+00
   4.7688619e+00
   4.9565243e+00
   5.1781433e+00
   5.4337795e+00
   5.7234998e+00
   6.0473754e+00
   6.4054808e+00
   6.7978914e+00
   7.2246821e+00
   7.6859245e+00
   8.1816850e+00
   8.7120224e+00
   9.2769850e+00
   9.8766079e+00
   1.0510910e+01
   1.1179892e+01
   1.1883532e+01
   1.2621782e+01
   1.3394566e+01
   1.4201777e+01
   1.5043272e+01
   1.5918867e+01
   1.6828339e+01
   1.7771419e+01
   1.8747785e+01
   1.9757068e+01
   2.0798839e+01
   2.1872611e+01
   2.2977835e+01
   2.4113896e+01
   2.5280110e+01
   2.6475723e+01
   2.7699906e+01
   2.8951755e+01
   3.0230287e+01
   3.1534438e+01
   3.2863065e+01
   3.4214937e+01
   3.5588743e+01
   3.6983086e+01
   3.8396482e+01
   3.9827364e+01
   4.1274079e+01
   4.2734890e+01
   4.4207979e+01
   4.5691444e+01
   4.7183307e+01
   4.8681512e+01
   5.0183930e+01
   5.1688362e+01
   5.3192544e+01
   5.4694149e+01
   5.6190794e+01
   5.7680044e+01
   5.9159417e+01
   6.0626393e+01
   6.2078417e+01
   6.3512907e+01
   6.4927262e+01
   6.6318868e+01
   6.7685106e+01
   6.9023360e+01
   7.0331028e+01
   7.1605523e+01
   7.2844291e+01
   7.4044810e+01
   7.5204606e+01
   7.6321259e+01
   7.7392409e+01
   7.8415769e+01
   7.9389129e+01
   8.0310370e+01
   8.1177463e+01
   8.1988486e+01
   8.2741626e+01
   8.3435187e+01
   8.4067597e+01
   8.4637414e+01
   8.5143333e+01
   8.5584187e+01
   8.5958958e+01
   8.6266777e+01
   8.6506927e+01
   8.6678849e+01
   8.6782140e+01
   8.6816561e+01
   8.6782031e+01
   8.6678631e+01
   8.6506605e+01
   8.6266355e+01
   8.5958443e+01
   8.5583587e+01
   8.5142656e+01
   8.4636674e+01
   8.4066804e+01
   8.3434357e+01
   8.2740773e+01
   8.1987628e+01
   8.1176617e+01
   8.0309556e+01
   7.9388368e+01
   7.8415082e+01
   7.7391820e+01
   7.6320792e+01
   7.5204286e+01
   7.4044662e+01
   7.2844343e+01
   7.1605803e+01
   7.0331564e+01
   6.9024181e+01
   6.7686242e+01
   6.6320349e+01
   6.4929120e+01
   6.3515173e+01
   6.2081122e+01
   6.0629570e+01
   5.9163097e+01
   5.7684261e+01
   5.6195580e+01
   5.4699538e+01
   5.3198568e+01
   5.1695055e+01
   5.0191324e+01
   4.8689641e+01
   4.7192204e+01
   4.5701143e+01
   4.4218511e+01
   4.2746290e+01
   4.1286378e+01
   3.9840595e+01
   3.8410678e+01
   3.6998279e+01
   3.5604966e+01
   3.4232221e+01
   3.2881441e+01
   3.1553939e+01
   3.0250944e+01
   2.8973599e+01
   2.7722969e+01
   2.6500035e+01
   2.5305703e+01
   2.4140800e+01
   2.3006082e+01
   2.1902231e+01
   2.0829863e+01
   1.9789526e+01
   1.8781708e+01
   1.7806837e+01
   1.6865284e+01
   1.5957368e+01
   1.5083360e+01
   1.4243484e+01
   1.3437922e+01
   1.2666818e+01
   1.1930279e+01
   1.1228381e+01
   1.0561172e+01
   9.9286740e+00
   9.3308866e+00
   8.7677909e+00
   8.2393518e+00
   7.7455209e+00
   7.2862396e+00
   6.8614415e+00
   6.4710547e+00
   6.1150045e+00
   5.7932153e+00
   5.5056124e+00
   5.2521244e+00
   5.0326843e+00
   4.8472310e+00
   4.6957108e+00
   4.5780783e+00
   4.4942975e+00
   4.4443420e+00
   4.4281959e+00
