   5.4769599e-01
   5.6189126e-01
   6.0323102e-01
   6.7168816e-01
   7.6721788e-01
   8.8975777e-01
   1.0392276e+00
   1.2155292e+00
   1.4185459e+00
   1.6481426e+00
   1.9041652e+00
   2.1864401e+00
   2.4947743e+00
   2.8289543e+00
   3.1887461e+00
   3.5738946e+00
   3.9841231e+00
   4.4191327e+00
   4.8786019e+00
   5.3621860e+00
   5.8695165e+00
   6.4002005e+00
   6.9538204e+00
   7.5299331e+00
   8.1280695e+00
   8.7477343e+00
   9.3884050e+00
   1.0049532e+01
   1.0730537e+01
   1.1430816e+01
   1.2149733e+01
   1.2886627e+01
   1.3640804e+01
   1.4411544e+01
   1.5198096e+01
   1.5999681e+01
   1.6815490e+01
   1.7644685e+01
   1.8486399e+01
   1.9339737e+01
   2.0203774e+01
   2.1077560e+01
   2.1960117e+01
   2.2850439e+01
   2.3747497e+01
   2.4650235e+01
   2.5557575e+01
   2.6468416e+01
   2.7381635e+01
   2.8296090e+01
   2.9210620e+01
   3.0124048e+01
   3.1035180e+01
   3.1942810e+01
   3.2845720e+01
   3.3742683e+01
   3.4632463e+01
   3.5513819e+01
   3.6385507e+01
   3.7246284e+01
   3.8094905e+01
   3.8930131e+01
   3.9750729e+01
   4.0555476e+01
   4.1343160e+01
   4.2112581e+01
   4.2862560e+01
   4.3591933e+01
   4.4299563e+01
   4.4984334e+01
   4.5645158e+01
   4.6280980e+01
   4.6890775e+01
   4.7473553e+01
   4.8028364e+01
   4.8554295e+01
   4.9050479e+01
   4.9516091e+01
   4.9950354e+01
   5.0352541e+01
   5.0721972e+01
   5.1058025e+01
   5.1360129e+01
   5.1627768e+01
   5.1860488e+01
   5.2057888e+01
   5.2219630e+01
   5.2345437e+01
   5.2435091e+01
   5.2488438e+01
   5.2505385e+01
   5.2485904e+01
   5.2430026e+01
   5.2337849e+01
   5.2209530e+01
   5.2045290e+01
   5.1845409e+01
   5.1610232e+01
   5.1340158e+01
   5.1035650e+01
   5.0697223e+01
   5.0325453e+01
   4.9920966e+01
   4.9484443e+01
   4.9016616e+01
   4.8518264e+01
   4.7990213e+01
   4.7433337e+01
   4.6848547e+01
   4.6236799e+01
   4.5599083e+01
   4.4936426e+01
   4.4249887e+01
   4.3540555e+01
   4.2809546e+01
   4.2058001e+01
   4.1287084e+01
   4.0497977e+01
   3.9691880e+01
   3.8870004e+01
   3.8033577e+01
   3.7183830e+01
   3.6322004e+01
   3.5449342e+01
   3.4567090e+01
   3.3676492e+01
   3.2778788e+01
   3.1875214e+01
   3.0966997e+01
   3.0055354e+01
   2.9141492e+01
   2.8226603e+01
   2.7311864e+01
   2.6398436e+01
   2.5487459e+01
   2.4580055e+01
   2.3677323e+01
   2.2780343e+01
   2.1890166e+01
   2.1007822e+01
   2.0134315e+01
   1.9270620e+01
   1.8417689e+01
   1.7576443e+01
   1.6747775e+01
   1.5932551e+01
   1.5131608e+01
   1.4345751e+01
   1.3575760e+01
   1.2822382e+01
   1.2086337e+01
   1.1368315e+01
   1.0668977e+01
   9.9889554e+00
   9.3288538e+00
   8.6892478e+00
   8.0706853e+00
   7.4736869e+00
   6.8987459e+00
   6.3463296e+00
   5.8168791e+00
   5.3108103e+00
   4.8285142e+00
   4.3703574e+00
   3.9366829e+00
   3.5278104e+00
   3.1440371e+00
   2.7856378e+00
   2.4528661e+00
   2.1459542e+00
   1.8651140e+00
   1.6105369e+00
   1.3823950e+00
   1.1808408e+00
   1.0060079e+00
   8.5801146e-01
   7.3694814e-01
   6.4289662e-01
   5.7591774e-01
   5.3605465e-01
   5.2333288e-01
   5.3776039e-01
   5.7932750e-01
   6.4800700e-01
   7.4375401e-01
   8.6650600e-01
   1.0161826e+00
   1.1926854e+00
   1.3958976e+00
   1.6256839e+00
   1.8818900e+00
   2.1643422e+00
   2.4728474e+00
   2.8071920e+00
   3.1671421e+00
   3.5524426e+00
   3.9628167e+00
   4.3979657e+00
   4.8575683e+00
   5.3412799e+00
   5.8487321e+00
   6.3795323e+00
   6.9332631e+00
   7.5094818e+00
   8.1077196e+00
   8.7274815e+00
   9.3682454e+00
   1.0029462e+01
   1.0710554e+01
   1.1410917e+01
   1.2129916e+01
   1.2866890e+01
   1.3621146e+01
   1.4391965e+01
   1.5178597e+01
   1.5980261e+01
   1.6796151e+01
   1.7625429e+01
   1.8467229e+01
   1.9320655e+01
   2.0184785e+01
   2.1058669e+01
   2.1941329e+01
   2.2831760e+01
   2.3728933e+01
   2.4631794e+01
   2.5539265e+01
   2.6450246e+01
   2.7363614e+01
   2.8278228e+01
   2.9192929e+01
   3.0106538e+01
   3.1017865e+01
   3.1925701e+01
   3.2828832e+01
   3.3726028e+01
   3.4616056e+01
   3.5497676e+01
   3.6369643e+01
   3.7230714e+01
   3.8079647e+01
   3.8915201e+01
   3.9736144e+01
   4.0541254e+01
   4.1329317e+01
   4.2099137e+01
   4.2849531e+01
   4.3579339e+01
   4.4287421e+01
   4.4972663e+01
   4.5633978e+01
   4.6270307e+01
   4.6880628e+01
   4.7463950e+01
   4.8019323e+01
   4.8545834e+01
   4.9042615e+01
   4.9508841e+01
   4.9943734e+01
   5.0346567e+01
   5.0716661e+01
   5.1053390e+01
   5.1356185e+01
   5.1624530e+01
   5.1857968e+01
   5.2056098e+01
   5.2218583e+01
   5.2345142e+01
   5.2435559e+01
   5.2489678e+01
   5.2507405e+01
   5.2488710e+01
   5.2433626e+01
   5.2342247e+01
   5.2214730e+01
   5.2051295e+01
   5.1852223e+01
   5.1617853e+01
   5.1348589e+01
   5.1044887e+01
   5.0707266e+01
   5.0336298e+01
   4.9932608e+01
   4.9496878e+01
   4.9029836e+01
   4.8532262e+01
   4.8004981e+01
   4.7448865e+01
   4.6864825e+01
   4.6253814e+01
   4.5616823e+01
   4.4954878e+01
   4.4269037e+01
   4.3560387e+01
   4.2830045e+01
   4.2079150e+01
   4.1308866e+01
   4.0520373e+01
   3.9714871e+01
   3.8893572e+01
   3.8057700e+01
   3.7208489e+01
   3.6347177e+01
   3.5475009e+01
   3.4593229e+01
   3.3703080e+01
   3.2805803e+01
   3.1902633e+01
   3.0994797e+01
   3.0083513e+01
   2.9169987e+01
   2.8255410e+01
   2.7340961e+01
   2.6427799e+01
   2.5517066e+01
   2.4609883e+01
   2.3707350e+01
   2.2810546e+01
   2.1920523e+01
   2.1038312e+01
   2.0164916e+01
   1.9301312e+01
   1.8448450e+01
   1.7607254e+01
   1.6778616e+01
   1.5963403e+01
   1.5162452e+01
   1.4376570e+01
   1.3606536e+01
   1.2853099e+01
   1.2116979e+01
   1.1398866e+01
   1.0699422e+01
   1.0019281e+01
   9.3590463e+00
   8.7192947e+00
   8.1005747e+00
   7.5034074e+00
   6.9282872e+00
   6.3756818e+00
   5.8460334e+00
   5.3397583e+00
   4.8572484e+00
   4.3988709e+00
   3.9649696e+00
   3.5558650e+00
   3.1718547e+00
   2.8132145e+00
   2.4801985e+00
   2.1730397e+00
   1.8919504e+00
   1.6371229e+00
   1.4087297e+00
   1.2069238e+00
   1.0318397e+00
   8.8359273e-01
   7.6228034e-01
   6.6798179e-01
   6.0075858e-01
   5.6065458e-01
   5.4769599e-01
