   2.5725473e+00
   2.5887290e+00
   2.6357066e+00
   2.7134907e+00
   2.8220985e+00
   2.9615536e+00
   3.1318855e+00
   3.3331286e+00
   3.5653212e+00
   3.8285049e+00
   4.1227230e+00
   4.4480190e+00
   4.8044352e+00
   5.1920113e+00
   5.6107818e+00
   6.0607747e+00
   6.5420092e+00
   7.0544931e+00
   7.5982210e+00
   8.1731716e+00
   8.7793051e+00
   9.4165605e+00
   1.0084853e+01
   1.0784072e+01
   1.1514076e+01
   1.2274692e+01
   1.3065712e+01
   1.3886890e+01
   1.4737938e+01
   1.5618526e+01
   1.6528276e+01
   1.7466760e+01
   1.8433498e+01
   1.9427956e+01
   2.0449542e+01
   2.1497604e+01
   2.2571428e+01
   2.3670236e+01
   2.4793184e+01
   2.5939360e+01
   2.7107782e+01
   2.8297399e+01
   2.9507086e+01
   3.0735648e+01
   3.1981817e+01
   3.3244250e+01
   3.4521534e+01
   3.5812182e+01
   3.7114636e+01
   3.8427269e+01
   3.9748384e+01
   4.1076218e+01
   4.2408944e+01
   4.3744673e+01
   4.5081458e+01
   4.6417297e+01
   4.7750137e+01
   4.9077876e+01
   5.0398372e+01
   5.1709444e+01
   5.3008880e+01
   5.4294440e+01
   5.5563863e+01
   5.6814875e+01
   5.8045191e+01
   5.9252526e+01
   6.0434600e+01
   6.1589143e+01
   6.2713906e+01
   6.3806666e+01
   6.4865233e+01
   6.5887458e+01
   6.6871240e+01
   6.7814534e+01
   6.8715357e+01
   6.9571797e+01
   7.0382018e+01
   7.1144268e+01
   7.1856882e+01
   7.2518297e+01
   7.3127046e+01
   7.3681774e+01
   7.4181238e+01
   7.4624312e+01
   7.5009992e+01
   7.5337402e+01
   7.5605795e+01
   7.5814555e+01
   7.5963204e+01
   7.6051398e+01
   7.6078934e+01
   7.6045747e+01
   7.5951912e+01
   7.5797641e+01
   7.5583289e+01
   7.5309343e+01
   7.4976428e+01
   7.4585300e+01
   7.4136847e+01
   7.3632079e+01
   7.3072131e+01
   7.2458255e+01
   7.1791815e+01
   7.1074283e+01
   7.0307234e+01
   6.9492336e+01
   6.8631349e+01
   6.7726115e+01
   6.6778554e+01
   6.5790652e+01
   6.4764460e+01
   6.3702084e+01
   6.2605676e+01
   6.1477431e+01
   6.0319574e+01
   5.9134357e+01
   5.7924053e+01
   5.6690944e+01
   5.5437315e+01
   5.4165453e+01
   5.2877633e+01
   5.1576115e+01
   5.0263139e+01
   4.8940916e+01
   4.7611627e+01
   4.6277412e+01
   4.4940370e+01
   4.3602552e+01
   4.2265958e+01
   4.0932532e+01
   3.9604161e+01
   3.8282667e+01
   3.6969810e+01
   3.5667282e+01
   3.4376708e+01
   3.3099641e+01
   3.1837562e+01
   3.0591882e+01
   2.9363936e+01
   2.8154990e+01
   2.6966234e+01
   2.5798786e+01
   2.4653693e+01
   2.3531932e+01
   2.2434410e+01
   2.1361966e+01
   2.0315374e+01
   1.9295340e+01
   1.8302514e+01
   1.7337482e+01
   1.6400773e+01
   1.5492863e+01
   1.4614174e+01
   1.3765079e+01
   1.2945906e+01
   1.2156937e+01
   1.1398414e+01
   1.0670542e+01
   9.9734891e+00
   9.3073924e+00
   8.6723597e+00
   8.0684722e+00
   7.4957873e+00
   6.9543418e+00
   6.4441538e+00
   5.9652260e+00
   5.5175475e+00
   5.1010966e+00
   4.7158430e+00
   4.3617495e+00
   4.0387745e+00
   3.7468734e+00
   3.4860008e+00
   3.2561115e+00
   3.0571622e+00
   2.8891128e+00
   2.7519274e+00
   2.6455751e+00
   2.5700310e+00
   2.5252765e+00
   2.5113001e+00
   2.5280971e+00
   2.5756702e+00
   2.6540291e+00
   2.7631906e+00
   2.9031776e+00
   3.0740190e+00
   3.2757488e+00
   3.5084052e+00
   3.7720294e+00
   4.0666644e+00
   4.3923537e+00
   4.7491396e+00
   5.1370617e+00
   5.5561547e+00
   6.0064469e+00
   6.4879575e+00
   7.0006950e+00
   7.5446544e+00
   8.1198148e+00
   8.7261371e+00
   9.3635611e+00
   1.0032003e+01
   1.0731352e+01
   1.1461470e+01
   1.2222183e+01
   1.3013285e+01
   1.3834531e+01
   1.4685635e+01
   1.5566268e+01
   1.6476053e+01
   1.7414564e+01
   1.8381323e+01
   1.9375798e+01
   2.0397399e+01
   2.1445475e+01
   2.2519316e+01
   2.3618143e+01
   2.4741117e+01
   2.5887326e+01
   2.7055792e+01
   2.8245465e+01
   2.9455224e+01
   3.0683875e+01
   3.1930152e+01
   3.3192716e+01
   3.4470155e+01
   3.5760986e+01
   3.7063652e+01
   3.8376529e+01
   3.9697922e+01
   4.1026072e+01
   4.2359152e+01
   4.3695277e+01
   4.5032502e+01
   4.6368826e+01
   4.7702198e+01
   4.9030521e+01
   5.0351652e+01
   5.1663413e+01
   5.2963593e+01
   5.4249954e+01
   5.5520237e+01
   5.6772168e+01
   5.8003465e+01
   5.9211842e+01
   6.0395020e+01
   6.1550732e+01
   6.2676727e+01
   6.3770784e+01
   6.4830711e+01
   6.5854361e+01
   6.6839632e+01
   6.7784479e+01
   6.8686918e+01
   6.9545035e+01
   7.0356995e+01
   7.1121042e+01
   7.1835513e+01
   7.2498840e+01
   7.3109556e+01
   7.3666304e+01
   7.4167838e+01
   7.4613030e+01
   7.5000874e+01
   7.5330490e+01
   7.5601128e+01
   7.5812170e+01
   7.5963134e+01
   7.6053673e+01
   7.6083581e+01
   7.6052788e+01
   7.5961367e+01
   7.5809526e+01
   7.5597614e+01
   7.5326117e+01
   7.4995655e+01
   7.4606980e+01
   7.4160975e+01
   7.3658648e+01
   7.3101129e+01
   7.2489665e+01
   7.1825619e+01
   7.1110457e+01
   7.0345749e+01
   6.9533163e+01
   6.8674452e+01
   6.7771457e+01
   6.6826092e+01
   6.5840342e+01
   6.4816255e+01
   6.3755932e+01
   6.2661524e+01
   6.1535221e+01
   6.0379249e+01
   5.9195855e+01
   5.7987311e+01
   5.6755895e+01
   5.5503894e+01
   5.4233589e+01
   5.2947257e+01
   5.1647155e+01
   5.0335523e+01
   4.9014570e+01
   4.7686477e+01
   4.6353384e+01
   4.5017389e+01
   4.3680543e+01
   4.2344847e+01
   4.1012244e+01
   3.9684621e+01
   3.8363803e+01
   3.7051548e+01
   3.5749552e+01
   3.4459438e+01
   3.3182761e+01
   3.1921004e+01
   3.0675580e+01
   2.9447825e+01
   2.8239005e+01
   2.7050314e+01
   2.5882871e+01
   2.4737726e+01
   2.3615857e+01
   2.2518174e+01
   2.1445516e+01
   2.0398660e+01
   1.9378318e+01
   1.8385137e+01
   1.7419708e+01
   1.6482562e+01
   1.5574177e+01
   1.4694978e+01
   1.3845341e+01
   1.3025595e+01
   1.2236025e+01
   1.1476876e+01
   1.0748354e+01
   1.0050630e+01
   9.3838436e+00
   8.7481049e+00
   8.1434972e+00
   7.5700802e+00
   7.0278927e+00
   6.5169549e+00
   6.0372716e+00
   5.5888339e+00
   5.1716221e+00
   4.7856076e+00
   4.4307552e+00
   4.1070249e+00
   3.8143739e+00
   3.5527584e+00
   3.3221349e+00
   3.1224616e+00
   2.9536998e+00
   2.8158151e+00
   2.7087780e+00
   2.6325647e+00
   2.5871580e+00
   2.5725473e+00
