   5.8589877e-05
   2.1398431e-04
   6.5485681e-04
   1.3823610e-03
   2.3961689e-03
   3.6952480e-03
   5.2781870e-03
   7.1432439e-03
   9.2883587e-03
   1.1711157e-02
   1.4408954e-02
   1.7378756e-02
   2.0617263e-02
   2.4120871e-02
   2.7885676e-02
   3.1907478e-02
   3.6181778e-02
   4.0703791e-02
   4.5468441e-02
   5.0470373e-02
   5.5703950e-02
   6.1163264e-02
   6.6842135e-02
   7.2734121e-02
   7.8832523e-02
   8.5130388e-02
   9.1620518e-02
   9.8295474e-02
   1.0514759e-01
   1.1216896e-01
   1.1935147e-01
   1.2668680e-01
   1.3416643e-01
   1.4178162e-01
   1.4952347e-01
   1.5738291e-01
   1.6535066e-01
   1.7341734e-01
   1.8157338e-01
   1.8980910e-01
   1.9811467e-01
   2.0648015e-01
   2.1489552e-01
   2.2335064e-01
   2.3183529e-01
   2.4033920e-01
   2.4885203e-01
   2.5736339e-01
   2.6586287e-01
   2.7434003e-01
   2.8278444e-01
   2.9118566e-01
   2.9953328e-01
   3.0781692e-01
   3.1602626e-01
   3.2415102e-01
   3.3218101e-01
   3.4010613e-01
   3.4791637e-01
   3.5560186e-01
   3.6315284e-01
   3.7055971e-01
   3.7781300e-01
   3.8490345e-01
   3.9182195e-01
   3.9855962e-01
   4.0510778e-01
   4.1145795e-01
   4.1760193e-01
   4.2353174e-01
   4.2923966e-01
   4.3471828e-01
   4.3996042e-01
   4.4495924e-01
   4.4970819e-01
   4.5420103e-01
   4.5843187e-01
   4.6239513e-01
   4.6608558e-01
   4.6949836e-01
   4.7262897e-01
   4.7547324e-01
   4.7802743e-01
   4.8028813e-01
   4.8225236e-01
   4.8391751e-01
   4.8528136e-01
   4.8634211e-01
   4.8709833e-01
   4.8754903e-01
   4.8769360e-01
   4.8753185e-01
   4.8706399e-01
   4.8629066e-01
   4.8521286e-01
   4.8383205e-01
   4.8215004e-01
   4.8016907e-01
   4.7789178e-01
   4.7532118e-01
   4.7246068e-01
   4.6931406e-01
   4.6588548e-01
   4.6217948e-01
   4.5820095e-01
   4.5395512e-01
   4.4944759e-01
   4.4468427e-01
   4.3967142e-01
   4.3441561e-01
   4.2892370e-01
   4.2320286e-01
   4.1726054e-01
   4.1110448e-01
   4.0474265e-01
   3.9818329e-01
   3.9143487e-01
   3.8450609e-01
   3.7740585e-01
   3.7014326e-01
   3.6272762e-01
   3.5516837e-01
   3.4747513e-01
   3.3965768e-01
   3.3172590e-01
   3.2368979e-01
   3.1555948e-01
   3.0734515e-01
   2.9905708e-01
   2.9070561e-01
   2.8230112e-01
   2.7385401e-01
   2.6537474e-01
   2.5687374e-01
   2.4836144e-01
   2.3984826e-01
   2.3134458e-01
   2.2286074e-01
   2.1440702e-01
   2.0599364e-01
   1.9763071e-01
   1.8932828e-01
   1.8109627e-01
   1.7294449e-01
   1.6488264e-01
   1.5692027e-01
   1.4906677e-01
   1.4133138e-01
   1.3372319e-01
   1.2625109e-01
   1.1892379e-01
   1.1174981e-01
   1.0473748e-01
   9.7894884e-02
   9.1229917e-02
   8.4750237e-02
   7.8463270e-02
   7.2376201e-02
   6.6495969e-02
   6.0829262e-02
   5.5382507e-02
   5.0161869e-02
   4.5173241e-02
   4.0422244e-02
   3.5914220e-02
   3.1654227e-02
   2.7647036e-02
   2.3897126e-02
   2.0408682e-02
   1.7185591e-02
   1.4231439e-02
   1.1549509e-02
   9.1427753e-03
   7.0139055e-03
   5.1652549e-03
   3.5988645e-03
   2.3164557e-03
   1.3194163e-03
   6.0873687e-04
   1.8454087e-04
   4.4732145e-05
   2.0187702e-04
   6.4316458e-04
   1.3709851e-03
   2.3851202e-03
   3.6845508e-03
   5.2678687e-03
   7.1333331e-03
   9.2788841e-03
   1.1702148e-02
   1.4400438e-02
   1.7370762e-02
   2.0609818e-02
   2.4114003e-02
   2.7879412e-02
   3.1901843e-02
   3.6176798e-02
   4.0699490e-02
   4.5464843e-02
   5.0467500e-02
   5.5701824e-02
   6.1161905e-02
   6.6841563e-02
   7.2734354e-02
   7.8833577e-02
   8.5132280e-02
   9.1623260e-02
   9.8299081e-02
   1.0515207e-01
   1.1217432e-01
   1.1935773e-01
   1.2669396e-01
   1.3417449e-01
   1.4179059e-01
   1.4953336e-01
   1.5739370e-01
   1.6536237e-01
   1.7342995e-01
   1.8158689e-01
   1.8982350e-01
   1.9812996e-01
   2.0649632e-01
   2.1491255e-01
   2.2336853e-01
   2.3185402e-01
   2.4035875e-01
   2.4887238e-01
   2.5738453e-01
   2.6588477e-01
   2.7436268e-01
   2.8280781e-01
   2.9120972e-01
   2.9955801e-01
   3.0784229e-01
   3.1605224e-01
   3.2417759e-01
   3.3220813e-01
   3.4013377e-01
   3.4794451e-01
   3.5563046e-01
   3.6318186e-01
   3.7058911e-01
   3.7784276e-01
   3.8493352e-01
   3.9185231e-01
   3.9859023e-01
   4.0513859e-01
   4.1148894e-01
   4.1763306e-01
   4.2356297e-01
   4.2927096e-01
   4.3474960e-01
   4.3999173e-01
   4.4499051e-01
   4.4973938e-01
   4.5423211e-01
   4.5846280e-01
   4.6242588e-01
   4.6611612e-01
   4.6952866e-01
   4.7265898e-01
   4.7550295e-01
   4.7805680e-01
   4.8031715e-01
   4.8228100e-01
   4.8394573e-01
   4.8530915e-01
   4.8636943e-01
   4.8712518e-01
   4.8757538e-01
   4.8771943e-01
   4.8755715e-01
   4.8708875e-01
   4.8631485e-01
   4.8523649e-01
   4.8385509e-01
   4.8217249e-01
   4.8019093e-01
   4.7791304e-01
   4.7534183e-01
   4.7248072e-01
   4.6933349e-01
   4.6590431e-01
   4.6219771e-01
   4.5821857e-01
   4.5397215e-01
   4.4946403e-01
   4.4470014e-01
   4.3968673e-01
   4.3443036e-01
   4.2893790e-01
   4.2321654e-01
   4.1727371e-01
   4.1111715e-01
   4.0475484e-01
   3.9819502e-01
   3.9144616e-01
   3.8451696e-01
   3.7741632e-01
   3.7015336e-01
   3.6273736e-01
   3.5517778e-01
   3.4748423e-01
   3.3966650e-01
   3.3173445e-01
   3.2369811e-01
   3.1556758e-01
   3.0735307e-01
   2.9906484e-01
   2.9071323e-01
   2.8230862e-01
   2.7386143e-01
   2.6538209e-01
   2.5688104e-01
   2.4836872e-01
   2.3985554e-01
   2.3135189e-01
   2.2286809e-01
   2.1441444e-01
   2.0600114e-01
   1.9763831e-01
   1.8933600e-01
   1.8110412e-01
   1.7295250e-01
   1.6489081e-01
   1.5692861e-01
   1.4907530e-01
   1.4134011e-01
   1.3373213e-01
   1.2626024e-01
   1.1893316e-01
   1.1175942e-01
   1.0474731e-01
   9.7904946e-02
   9.1240211e-02
   8.4760763e-02
   7.8474024e-02
   7.2387181e-02
   6.6507170e-02
   6.0840676e-02
   5.5394127e-02
   5.0173685e-02
   4.5185243e-02
   4.0434419e-02
   3.5926555e-02
   3.1666707e-02
   2.7659645e-02
   2.3909847e-02
   2.0421496e-02
   1.7198479e-02
   1.4244381e-02
   1.1562482e-02
   9.1557572e-03
   7.0268731e-03
   5.1781842e-03
   3.6117312e-03
   2.3292358e-03
   1.3320885e-03
   6.2129427e-04
   1.9710522e-04
   5.8589877e-05
