   5.7780006e-03
   8.4480982e-03
   1.6028370e-02
   2.8500522e-02
   4.5860315e-02
   6.8096941e-02
   9.5193790e-02
   1.2712954e-01
   1.6387859e-01
   2.0541117e-01
   2.5169338e-01
   3.0268723e-01
   3.5835055e-01
   4.1863702e-01
   4.8349609e-01
   5.5287296e-01
   6.2670855e-01
   7.0493941e-01
   7.8749772e-01
   8.7431125e-01
   9.6530327e-01
   1.0603926e+00
   1.1594934e+00
   1.2625153e+00
   1.3693634e+00
   1.4799381e+00
   1.5941351e+00
   1.7118453e+00
   1.8329553e+00
   1.9573465e+00
   2.0848960e+00
   2.2154760e+00
   2.3489542e+00
   2.4851935e+00
   2.6240524e+00
   2.7653846e+00
   2.9090397e+00
   3.0548625e+00
   3.2026938e+00
   3.3523701e+00
   3.5037238e+00
   3.6565831e+00
   3.8107728e+00
   3.9661138e+00
   4.1224234e+00
   4.2795157e+00
   4.4372016e+00
   4.5952892e+00
   4.7535838e+00
   4.9118883e+00
   5.0700034e+00
   5.2277278e+00
   5.3848586e+00
   5.5411916e+00
   5.6965214e+00
   5.8506419e+00
   6.0033468e+00
   6.1544295e+00
   6.3036836e+00
   6.4509036e+00
   6.5958848e+00
   6.7384240e+00
   6.8783197e+00
   7.0153723e+00
   7.1493851e+00
   7.2801640e+00
   7.4075183e+00
   7.5312610e+00
   7.6512092e+00
   7.7671842e+00
   7.8790124e+00
   7.9865253e+00
   8.0895600e+00
   8.1879594e+00
   8.2815730e+00
   8.3702565e+00
   8.4538729e+00
   8.5322924e+00
   8.6053926e+00
   8.6730591e+00
   8.7351858e+00
   8.7916746e+00
   8.8424364e+00
   8.8873907e+00
   8.9264660e+00
   8.9596003e+00
   8.9867407e+00
   9.0078438e+00
   9.0228759e+00
   9.0318129e+00
   9.0346404e+00
   9.0313540e+00
   9.0219587e+00
   9.0064696e+00
   8.9849114e+00
   8.9573185e+00
   8.9237349e+00
   8.8842140e+00
   8.8388187e+00
   8.7876208e+00
   8.7307016e+00
   8.6681508e+00
   8.6000668e+00
   8.5265566e+00
   8.4477350e+00
   8.3637249e+00
   8.2746566e+00
   8.1806678e+00
   8.0819030e+00
   7.9785134e+00
   7.8706564e+00
   7.7584953e+00
   7.6421992e+00
   7.5219419e+00
   7.3979025e+00
   7.2702643e+00
   7.1392145e+00
   7.0049443e+00
   6.8676478e+00
   6.7275222e+00
   6.5847672e+00
   6.4395845e+00
   6.2921775e+00
   6.1427511e+00
   5.9915109e+00
   5.8386635e+00
   5.6844153e+00
   5.5289730e+00
   5.3725427e+00
   5.2153296e+00
   5.0575381e+00
   4.8993711e+00
   4.7410298e+00
   4.5827134e+00
   4.4246190e+00
   4.2669411e+00
   4.1098717e+00
   3.9535996e+00
   3.7983107e+00
   3.6441873e+00
   3.4914085e+00
   3.3401493e+00
   3.1905813e+00
   3.0428718e+00
   2.8971841e+00
   2.7536773e+00
   2.6125060e+00
   2.4738208e+00
   2.3377674e+00
   2.2044871e+00
   2.0741166e+00
   1.9467882e+00
   1.8226290e+00
   1.7017619e+00
   1.5843050e+00
   1.4703715e+00
   1.3600700e+00
   1.2535045e+00
   1.1507744e+00
   1.0519740e+00
   9.5719362e-01
   8.6651850e-01
   7.8002953e-01
   6.9780308e-01
   6.1991100e-01
   5.4642076e-01
   4.7739540e-01
   4.1289365e-01
   3.5296993e-01
   2.9767440e-01
   2.4705301e-01
   2.0114751e-01
   1.5999554e-01
   1.2363058e-01
   9.2081973e-02
   6.5374886e-02
   4.3530095e-02
   2.6563407e-02
   1.4483966e-02
   7.2924341e-03
   5.0138612e-03
   7.7062639e-03
   1.5306538e-02
   2.7794681e-02
   4.5169424e-02
   6.7420887e-02
   9.4532744e-02
   1.2648378e-01
   1.6324841e-01
   2.0479690e-01
   2.5109535e-01
   3.0210576e-01
   3.5778596e-01
   4.1808961e-01
   4.8296617e-01
   5.5236081e-01
   6.2621445e-01
   7.0446362e-01
   7.8704050e-01
   8.7387283e-01
   9.6488388e-01
   1.0599924e+00
   1.1591127e+00
   1.2621542e+00
   1.3690221e+00
   1.4796168e+00
   1.5938338e+00
   1.7115643e+00
   1.8326946e+00
   1.9571062e+00
   2.0846762e+00
   2.2152768e+00
   2.3487756e+00
   2.4850355e+00
   2.6239150e+00
   2.7652679e+00
   2.9089436e+00
   3.0547871e+00
   3.2026390e+00
   3.3523357e+00
   3.5037098e+00
   3.6565895e+00
   3.8107994e+00
   3.9661604e+00
   4.1224899e+00
   4.2796020e+00
   4.4373076e+00
   4.5954146e+00
   4.7537285e+00
   4.9120520e+00
   5.0701859e+00
   5.2279289e+00
   5.3850781e+00
   5.5414292e+00
   5.6967768e+00
   5.8509149e+00
   6.0036371e+00
   6.1547367e+00
   6.3040076e+00
   6.4512440e+00
   6.5962413e+00
   6.7387962e+00
   6.8787073e+00
   7.0157750e+00
   7.1498026e+00
   7.2805960e+00
   7.4079644e+00
   7.5317209e+00
   7.6516824e+00
   7.7676706e+00
   7.8795115e+00
   7.9870368e+00
   8.0900836e+00
   8.1884948e+00
   8.2821197e+00
   8.3708143e+00
   8.4544415e+00
   8.5328714e+00
   8.6059818e+00
   8.6736582e+00
   8.7357943e+00
   8.7922924e+00
   8.8430631e+00
   8.8880261e+00
   8.9271099e+00
   8.9602524e+00
   8.9874006e+00
   9.0085114e+00
   9.0235510e+00
   9.0324952e+00
   9.0353297e+00
   9.0320501e+00
   9.0226615e+00
   9.0071788e+00
   8.9856269e+00
   8.9580402e+00
   8.9244626e+00
   8.8849475e+00
   8.8395579e+00
   8.7883657e+00
   8.7314519e+00
   8.6689065e+00
   8.6008278e+00
   8.5273228e+00
   8.4485063e+00
   8.3645013e+00
   8.2754381e+00
   8.1814542e+00
   8.0826943e+00
   7.9793095e+00
   7.8714574e+00
   7.7593011e+00
   7.6430097e+00
   7.5227571e+00
   7.3987224e+00
   7.2710888e+00
   7.1400437e+00
   7.0057780e+00
   6.8684861e+00
   6.7283650e+00
   6.5856145e+00
   6.4404362e+00
   6.2930336e+00
   6.1436115e+00
   5.9923757e+00
   5.8395324e+00
   5.6852884e+00
   5.5298502e+00
   5.3734239e+00
   5.2162148e+00
   5.0584272e+00
   4.9002639e+00
   4.7419262e+00
   4.5836133e+00
   4.4255223e+00
   4.2678476e+00
   4.1107813e+00
   3.9545121e+00
   3.7992259e+00
   3.6451051e+00
   3.4923286e+00
   3.3410716e+00
   3.1915055e+00
   3.0437977e+00
   2.8981114e+00
   2.7546058e+00
   2.6134355e+00
   2.4747509e+00
   2.3386978e+00
   2.2054176e+00
   2.0750469e+00
   1.9477179e+00
   1.8235579e+00
   1.7026896e+00
   1.5852310e+00
   1.4712956e+00
   1.3609918e+00
   1.2544237e+00
   1.1516905e+00
   1.0528867e+00
   9.5810247e-01
   8.6742312e-01
   7.8092951e-01
   6.9869801e-01
   6.2080047e-01
   5.4730433e-01
   4.7827267e-01
   4.1376419e-01
   3.5383330e-01
   2.9853018e-01
   2.4790077e-01
   2.0198684e-01
   1.6082602e-01
   1.2445180e-01
   9.2893562e-02
   6.6176522e-02
   4.4321576e-02
   2.7344861e-02
   1.5256569e-02
   8.0605236e-03
   5.7780006e-03
