   6.3837528e+03
   6.3831539e+03
   6.3813581e+03
   6.3783565e+03
   6.3741349e+03
   6.3686730e+03
   6.3619453e+03
   6.3539206e+03
   6.3445623e+03
   6.3338287e+03
   6.3216733e+03
   6.3080445e+03
   6.2928863e+03
   6.2761386e+03
   6.2577372e+03
   6.2376144e+03
   6.2156989e+03
   6.1919171e+03
   6.1661925e+03
   6.1384468e+03
   6.1086002e+03
   6.0765718e+03
   6.0422803e+03
   6.0056446e+03
   5.9665842e+03
   5.9250198e+03
   5.8808744e+03
   5.8340733e+03
   5.7845452e+03
   5.7322230e+03
   5.6770440e+03
   5.6189512e+03
   5.5578937e+03
   5.4938273e+03
   5.4267157e+03
   5.3565306e+03
   5.2832528e+03
   5.2068729e+03
   5.1273916e+03
   5.0448205e+03
   4.9591827e+03
   4.8705133e+03
   4.7788598e+03
   4.6842823e+03
   4.5868543e+03
   4.4866625e+03
   4.3838071e+03
   4.2784019e+03
   4.1705745e+03
   4.0604658e+03
   3.9482298e+03
   3.8340337e+03
   3.7180570e+03
   3.6004914e+03
   3.4815398e+03
   3.3614156e+03
   3.2403422e+03
   3.1185514e+03
   2.9962832e+03
   2.8737839e+03
   2.7513052e+03
   2.6291030e+03
   2.5074358e+03
   2.3865636e+03
   2.2667461e+03
   2.1482412e+03
   2.0313038e+03
   1.9161842e+03
   1.8031263e+03
   1.6923663e+03
   1.5841313e+03
   1.4786379e+03
   1.3760907e+03
   1.2766811e+03
   1.1805862e+03
   1.0879676e+03
   9.9897077e+02
   9.1372370e+02
   8.3233661e+02
   7.5490126e+02
   6.8149053e+02
   6.1215818e+02
   5.4693872e+02
   4.8584750e+02
   4.2888086e+02
   3.7601650e+02
   3.2721399e+02
   2.8241537e+02
   2.4154591e+02
   2.0451506e+02
   1.7121735e+02
   1.4153357e+02
   1.1533189e+02
   9.2469176e+01
   7.2792261e+01
   5.6139330e+01
   4.2341305e+01
   3.1223258e+01
   2.2605817e+01
   1.6306566e+01
   1.2141414e+01
   9.9259272e+00
   9.4766074e+00
   1.0612110e+01
   1.3154390e+01
   1.6929766e+01
   2.1769896e+01
   2.7512664e+01
   3.4002959e+01
   4.1093360e+01
   4.8644712e+01
   5.6526606e+01
   6.4617743e+01
   7.2806208e+01
   8.0989637e+01
   8.9075296e+01
   9.6980066e+01
   1.0463035e+02
   1.1196187e+02
   1.1891949e+02
   1.2545681e+02
   1.3153589e+02
   1.3712678e+02
   1.4220707e+02
   1.4676145e+02
   1.5078113e+02
   1.5426337e+02
   1.5721091e+02
   1.5963141e+02
   1.6153693e+02
   1.6294340e+02
   1.6387006e+02
   1.6433900e+02
   1.6437463e+02
   1.6400322e+02
   1.6325251e+02
   1.6215123e+02
   1.6072879e+02
   1.5901490e+02
   1.5703924e+02
   1.5483121e+02
   1.5241969e+02
   1.4983277e+02
   1.4709763e+02
   1.4424033e+02
   1.4128570e+02
   1.3825725e+02
   1.3517709e+02
   1.3206586e+02
   1.2894271e+02
   1.2582530e+02
   1.2272977e+02
   1.1967081e+02
   1.1666165e+02
   1.1371412e+02
   1.1083872e+02
   1.0804466e+02
   1.0533995e+02
   1.0273146e+02
   1.0022503e+02
   9.7825500e+01
   9.5536840e+01
   9.3362211e+01
   9.1304055e+01
   8.9364172e+01
   8.7543807e+01
   8.5843718e+01
   8.4264258e+01
   8.2805439e+01
   8.1467001e+01
   8.0248473e+01
   7.9149231e+01
   7.8168551e+01
   7.7305655e+01
   7.6559756e+01
   7.5930093e+01
   7.5415969e+01
   7.5016774e+01
   7.4732012e+01
   7.4561313e+01
   7.4504451e+01
   7.4561352e+01
   7.4732090e+01
   7.5016892e+01
   7.5416127e+01
   7.5930292e+01
   7.6559997e+01
   7.7305941e+01
   7.8168882e+01
   7.9149608e+01
   8.0248899e+01
   8.1467477e+01
   8.2805968e+01
   8.4264842e+01
   8.5844360e+01
   8.7544508e+01
   8.9364937e+01
   9.1304885e+01
   9.3363111e+01
   9.5537811e+01
   9.7826546e+01
   1.0022615e+02
   1.0273267e+02
   1.0534123e+02
   1.0804603e+02
   1.1084018e+02
   1.1371568e+02
   1.1666330e+02
   1.1967256e+02
   1.2273162e+02
   1.2582725e+02
   1.2894476e+02
   1.3206801e+02
   1.3517935e+02
   1.3825962e+02
   1.4128817e+02
   1.4424290e+02
   1.4710030e+02
   1.4983554e+02
   1.5242255e+02
   1.5483417e+02
   1.5704228e+02
   1.5901802e+02
   1.6073200e+02
   1.6215450e+02
   1.6325584e+02
   1.6400661e+02
   1.6437806e+02
   1.6434247e+02
   1.6387355e+02
   1.6294690e+02
   1.6154043e+02
   1.5963489e+02
   1.5721437e+02
   1.5426680e+02
   1.5078450e+02
   1.4676475e+02
   1.4221029e+02
   1.3712990e+02
   1.3153891e+02
   1.2545971e+02
   1.1892226e+02
   1.1196450e+02
   1.0463282e+02
   9.6982386e+01
   8.9077453e+01
   8.0991629e+01
   7.2808034e+01
   6.4619406e+01
   5.6528111e+01
   4.8646069e+01
   4.1094581e+01
   3.4004062e+01
   2.7513670e+01
   2.1770831e+01
   1.6930659e+01
   1.3155278e+01
   1.0613033e+01
   9.4776118e+00
   9.9270643e+00
   1.2142740e+01
   1.6308144e+01
   2.2607714e+01
   3.1225547e+01
   4.2344064e+01
   5.6142642e+01
   7.2796214e+01
   9.2473862e+01
   1.1533741e+02
   1.4154001e+02
   1.7122483e+02
   2.0452368e+02
   2.4155578e+02
   2.8242659e+02
   3.2722668e+02
   3.7603077e+02
   4.2889682e+02
   4.8586526e+02
   5.4695839e+02
   6.1217986e+02
   6.8151434e+02
   7.5492728e+02
   8.3236494e+02
   9.1375442e+02
   9.9900398e+02
   1.0880034e+03
   1.1806245e+03
   1.2767221e+03
   1.3761345e+03
   1.4786845e+03
   1.5841807e+03
   1.6924185e+03
   1.8031813e+03
   1.9162421e+03
   2.0313646e+03
   2.1483047e+03
   2.2668124e+03
   2.3866328e+03
   2.5075077e+03
   2.6291775e+03
   2.7513822e+03
   2.8738634e+03
   2.9963651e+03
   3.1186357e+03
   3.2404286e+03
   3.3615041e+03
   3.4816303e+03
   3.6005837e+03
   3.7181510e+03
   3.8341292e+03
   3.9483267e+03
   4.0605639e+03
   4.1706737e+03
   4.2785021e+03
   4.3839079e+03
   4.4867639e+03
   4.5869562e+03
   4.6843845e+03
   4.7789620e+03
   4.8706155e+03
   4.9592847e+03
   5.0449220e+03
   5.1274925e+03
   5.2069731e+03
   5.2833522e+03
   5.3566289e+03
   5.4268128e+03
   5.4939231e+03
   5.5579880e+03
   5.6190439e+03
   5.6771349e+03
   5.7323120e+03
   5.7846322e+03
   5.8341581e+03
   5.8809570e+03
   5.9251001e+03
   5.9666620e+03
   6.0057199e+03
   6.0423530e+03
   6.0766417e+03
   6.1086673e+03
   6.1385110e+03
   6.1662537e+03
   6.1919753e+03
   6.2157540e+03
   6.2376662e+03
   6.2577859e+03
   6.2761840e+03
   6.2929284e+03
   6.3080832e+03
   6.3217086e+03
   6.3338606e+03
   6.3445907e+03
   6.3539455e+03
   6.3619667e+03
   6.3686909e+03
   6.3741492e+03
   6.3783673e+03
   6.3813652e+03
   6.3831575e+03
   6.3837528e+03
