   6.4624687e+02
   6.4621384e+02
   6.4611484e+02
   6.4594941e+02
   6.4571683e+02
   6.4541607e+02
   6.4504583e+02
   6.4460451e+02
   6.4409023e+02
   6.4350085e+02
   6.4283397e+02
   6.4208690e+02
   6.4125674e+02
   6.4034032e+02
   6.3933425e+02
   6.3823493e+02
   6.3703854e+02
   6.3574107e+02
   6.3433835e+02
   6.3282603e+02
   6.3119961e+02
   6.2945447e+02
   6.2758588e+02
   6.2558902e+02
   6.2345900e+02
   6.2119087e+02
   6.1877967e+02
   6.1622042e+02
   6.1350816e+02
   6.1063800e+02
   6.0760509e+02
   6.0440468e+02
   6.0103217e+02
   5.9748308e+02
   5.9375311e+02
   5.8983819e+02
   5.8573444e+02
   5.8143828e+02
   5.7694640e+02
   5.7225581e+02
   5.6736386e+02
   5.6226826e+02
   5.5696714e+02
   5.5145903e+02
   5.4574291e+02
   5.3981823e+02
   5.3368493e+02
   5.2734345e+02
   5.2079476e+02
   5.1404039e+02
   5.0708240e+02
   4.9992345e+02
   4.9256675e+02
   4.8501612e+02
   4.7727597e+02
   4.6935129e+02
   4.6124768e+02
   4.5297133e+02
   4.4452900e+02
   4.3592804e+02
   4.2717635e+02
   4.1828239e+02
   4.0925514e+02
   4.0010409e+02
   3.9083920e+02
   3.8147090e+02
   3.7201004e+02
   3.6246785e+02
   3.5285594e+02
   3.4318622e+02
   3.3347088e+02
   3.2372234e+02
   3.1395324e+02
   3.0417633e+02
   2.9440450e+02
   2.8465067e+02
   2.7492778e+02
   2.6524871e+02
   2.5562626e+02
   2.4607311e+02
   2.3660173e+02
   2.2722436e+02
   2.1795298e+02
   2.0879923e+02
   1.9977438e+02
   1.9088932e+02
   1.8215446e+02
   1.7357976e+02
   1.6517465e+02
   1.5694802e+02
   1.4890818e+02
   1.4106285e+02
   1.3341912e+02
   1.2598346e+02
   1.1876168e+02
   1.1175891e+02
   1.0497964e+02
   9.8427663e+01
   9.2106108e+01
   8.6017426e+01
   8.0163404e+01
   7.4545170e+01
   6.9163208e+01
   6.4017372e+01
   5.9106902e+01
   5.4430450e+01
   4.9986097e+01
   4.5771380e+01
   4.1783320e+01
   3.8018451e+01
   3.4472847e+01
   3.1142157e+01
   2.8021632e+01
   2.5106166e+01
   2.2390323e+01
   1.9868372e+01
   1.7534323e+01
   1.5381959e+01
   1.3404870e+01
   1.1596486e+01
   9.9501071e+00
   8.4589381e+00
   7.1161163e+00
   5.9147411e+00
   4.8479017e+00
   3.9087031e+00
   3.0902916e+00
   2.3858773e+00
   1.7887560e+00
   1.2923293e+00
   8.9012261e-01
   5.7580199e-01
   3.4318878e-01
   1.8627290e-01
   9.9224334e-02
   7.6403043e-02
   1.1236726e-01
   2.0188023e-01
   3.3991552e-01
   5.2166092e-01
   7.4252096e-01
   9.9811824e-01
   1.2842935e+00
   1.5971048e+00
   1.9328252e+00
   2.2879402e+00
   2.6591438e+00
   3.0433341e+00
   3.4376080e+00
   3.8392554e+00
   4.2457532e+00
   4.6547585e+00
   5.0641012e+00
   5.4717771e+00
   5.8759404e+00
   6.2748954e+00
   6.6670894e+00
   7.0511043e+00
   7.4256493e+00
   7.7895526e+00
   8.1417541e+00
   8.4812978e+00
   8.8073245e+00
   9.1190646e+00
   9.4158313e+00
   9.6970138e+00
   9.9620714e+00
   1.0210527e+01
   1.0441962e+01
   1.0656011e+01
   1.0852354e+01
   1.1030718e+01
   1.1190867e+01
   1.1332601e+01
   1.1455749e+01
   1.1560174e+01
   1.1645759e+01
   1.1712416e+01
   1.1760076e+01
   1.1788691e+01
   1.1798233e+01
   1.1788692e+01
   1.1760079e+01
   1.1712421e+01
   1.1645765e+01
   1.1560181e+01
   1.1455758e+01
   1.1332611e+01
   1.1190879e+01
   1.1030731e+01
   1.0852367e+01
   1.0656024e+01
   1.0441976e+01
   1.0210541e+01
   9.9620856e+00
   9.6970277e+00
   9.4158447e+00
   9.1190773e+00
   8.8073363e+00
   8.4813084e+00
   8.1417632e+00
   7.7895601e+00
   7.4256549e+00
   7.0511079e+00
   6.6670908e+00
   6.2748944e+00
   5.8759369e+00
   5.4717710e+00
   5.0640923e+00
   4.6547469e+00
   4.2457390e+00
   3.8392385e+00
   3.4375886e+00
   3.0433125e+00
   2.6591201e+00
   2.2879147e+00
   1.9327984e+00
   1.5970772e+00
   1.2842656e+00
   9.9809079e-01
   7.4249473e-01
   5.2163681e-01
   3.3989455e-01
   2.0186354e-01
   1.1235611e-01
   7.6398889e-02
   9.9228776e-02
   1.8628761e-01
   3.4321560e-01
   5.7584291e-01
   8.9017980e-01
   1.2924051e+00
   1.7888529e+00
   2.3859980e+00
   3.0904390e+00
   3.9088802e+00
   4.8481116e+00
   5.9149873e+00
   7.1164023e+00
   8.4592675e+00
   9.9504839e+00
   1.1596914e+01
   1.3405354e+01
   1.5382503e+01
   1.7534931e+01
   1.9869049e+01
   2.2391074e+01
   2.5106996e+01
   2.8022545e+01
   3.1143158e+01
   3.4473942e+01
   3.8019644e+01
   4.1784617e+01
   4.5772786e+01
   4.9987617e+01
   5.4432089e+01
   5.9108666e+01
   6.4019264e+01
   6.9165235e+01
   7.4547336e+01
   8.0165714e+01
   8.6019884e+01
   9.2108718e+01
   9.8430430e+01
   1.0498257e+02
   1.1176200e+02
   1.1876494e+02
   1.2598689e+02
   1.3342273e+02
   1.4106663e+02
   1.4891214e+02
   1.5695216e+02
   1.6517898e+02
   1.7358427e+02
   1.8215915e+02
   1.9089419e+02
   1.9977944e+02
   2.0880447e+02
   2.1795841e+02
   2.2722997e+02
   2.3660751e+02
   2.4607907e+02
   2.5563240e+02
   2.6525501e+02
   2.7493425e+02
   2.8465731e+02
   2.9441130e+02
   3.0418328e+02
   3.1396033e+02
   3.2372958e+02
   3.3347825e+02
   3.4319372e+02
   3.5286357e+02
   3.6247560e+02
   3.7201789e+02
   3.8147886e+02
   3.9084725e+02
   4.0011222e+02
   4.0926336e+02
   4.1829068e+02
   4.2718470e+02
   4.3593643e+02
   4.4453744e+02
   4.5297980e+02
   4.6125618e+02
   4.6935981e+02
   4.7728449e+02
   4.8502465e+02
   4.9257527e+02
   4.9993195e+02
   5.0709087e+02
   5.1404882e+02
   5.2080315e+02
   5.2735178e+02
   5.3369320e+02
   5.3982643e+02
   5.4575104e+02
   5.5146707e+02
   5.5697509e+02
   5.6227611e+02
   5.6737160e+02
   5.7226343e+02
   5.7695391e+02
   5.8144566e+02
   5.8574168e+02
   5.8984529e+02
   5.9376007e+02
   5.9748988e+02
   6.0103882e+02
   6.0441117e+02
   6.0761140e+02
   6.1064414e+02
   6.1351413e+02
   6.1622620e+02
   6.1878527e+02
   6.2119628e+02
   6.2346422e+02
   6.2559405e+02
   6.2759071e+02
   6.2945909e+02
   6.3120403e+02
   6.3283024e+02
   6.3434236e+02
   6.3574487e+02
   6.3704212e+02
   6.3823829e+02
   6.3933740e+02
   6.4034325e+02
   6.4125945e+02
   6.4208939e+02
   6.4283623e+02
   6.4350289e+02
   6.4409205e+02
   6.4460610e+02
   6.4504720e+02
   6.4541721e+02
   6.4571774e+02
   6.4595009e+02
   6.4611529e+02
   6.4621407e+02
   6.4624687e+02
