   2.8738682e+04
   2.8732379e+04
   2.8713516e+04
   2.8681983e+04
   2.8637596e+04
   2.8580102e+04
   2.8509176e+04
   2.8424430e+04
   2.8325410e+04
   2.8211606e+04
   2.8082451e+04
   2.7937332e+04
   2.7775592e+04
   2.7596540e+04
   2.7399457e+04
   2.7183604e+04
   2.6948232e+04
   2.6692593e+04
   2.6415950e+04
   2.6117588e+04
   2.5796825e+04
   2.5453029e+04
   2.5085628e+04
   2.4694124e+04
   2.4278109e+04
   2.3837278e+04
   2.3371444e+04
   2.2880553e+04
   2.2364697e+04
   2.1824128e+04
   2.1259273e+04
   2.0670741e+04
   2.0059341e+04
   1.9426084e+04
   1.8772195e+04
   1.8099114e+04
   1.7408505e+04
   1.6702249e+04
   1.5982449e+04
   1.5251417e+04
   1.4511668e+04
   1.3765908e+04
   1.3017019e+04
   1.2268034e+04
   1.1522118e+04
   1.0782542e+04
   1.0052649e+04
   9.3358212e+03
   8.6354476e+03
   7.9548817e+03
   7.2974030e+03
   6.6661748e+03
   6.0642022e+03
   5.4942900e+03
   4.9590012e+03
   4.4606172e+03
   4.0011007e+03
   3.5820614e+03
   3.2047261e+03
   2.8699132e+03
   2.5780134e+03
   2.3289755e+03
   2.1222998e+03
   1.9570380e+03
   1.8318007e+03
   1.7447725e+03
   1.6937338e+03
   1.6760909e+03
   1.6889120e+03
   1.7289702e+03
   1.7927918e+03
   1.8767092e+03
   1.9769183e+03
   2.0895376e+03
   2.2106697e+03
   2.3364627e+03
   2.4631706e+03
   2.5872115e+03
   2.7052227e+03
   2.8141105e+03
   2.9110949e+03
   2.9937478e+03
   3.0600233e+03
   3.1082810e+03
   3.1372997e+03
   3.1462842e+03
   3.1348624e+03
   3.1030747e+03
   3.0513557e+03
   2.9805081e+03
   2.8916711e+03
   2.7862825e+03
   2.6660365e+03
   2.5328385e+03
   2.3887570e+03
   2.2359753e+03
   2.0767421e+03
   1.9133246e+03
   1.7479628e+03
   1.5828274e+03
   1.4199816e+03
   1.2613474e+03
   1.1086773e+03
   9.6353080e+02
   8.2725739e+02
   7.0098461e+02
   5.8561201e+02
   4.8181034e+02
   3.9002569e+02
   3.1048824e+02
   2.4322484e+02
   1.8807506e+02
   1.4470980e+02
   1.1265209e+02
   9.1299109e+01
   7.9945076e+01
   7.7804139e+01
   8.4032909e+01
   9.7752029e+01
   1.1806640e+02
   1.4408370e+02
   1.7493095e+02
   2.0976892e+02
   2.4780420e+02
   2.8829903e+02
   3.3057874e+02
   3.7403700e+02
   4.1813896e+02
   4.6242238e+02
   5.0649712e+02
   5.5004301e+02
   5.9280646e+02
   6.3459597e+02
   6.7527688e+02
   7.1476545e+02
   7.5302261e+02
   7.9004745e+02
   8.2587082e+02
   8.6054894e+02
   8.9415742e+02
   9.2678549e+02
   9.5853092e+02
   9.8949524e+02
   1.0197797e+03
   1.0494816e+03
   1.0786917e+03
   1.1074913e+03
   1.1359509e+03
   1.1641287e+03
   1.1920698e+03
   1.2198057e+03
   1.2473545e+03
   1.2747209e+03
   1.3018969e+03
   1.3288628e+03
   1.3555878e+03
   1.3820312e+03
   1.4081438e+03
   1.4338689e+03
   1.4591435e+03
   1.4838997e+03
   1.5080658e+03
   1.5315677e+03
   1.5543296e+03
   1.5762752e+03
   1.5973287e+03
   1.6174157e+03
   1.6364636e+03
   1.6544027e+03
   1.6711668e+03
   1.6866931e+03
   1.7009235e+03
   1.7138044e+03
   1.7252870e+03
   1.7353281e+03
   1.7438896e+03
   1.7509391e+03
   1.7564500e+03
   1.7604014e+03
   1.7627785e+03
   1.7635723e+03
   1.7627797e+03
   1.7604038e+03
   1.7564535e+03
   1.7509438e+03
   1.7438955e+03
   1.7353353e+03
   1.7252956e+03
   1.7138143e+03
   1.7009348e+03
   1.6867059e+03
   1.6711812e+03
   1.6544188e+03
   1.6364813e+03
   1.6174352e+03
   1.5973502e+03
   1.5762987e+03
   1.5543551e+03
   1.5315954e+03
   1.5080958e+03
   1.4839319e+03
   1.4591781e+03
   1.4339060e+03
   1.4081835e+03
   1.3820734e+03
   1.3556325e+03
   1.3289101e+03
   1.3019468e+03
   1.2747733e+03
   1.2474093e+03
   1.2198629e+03
   1.1921292e+03
   1.1641902e+03
   1.1360142e+03
   1.1075562e+03
   1.0787580e+03
   1.0495491e+03
   1.0198479e+03
   9.8956396e+02
   9.5859973e+02
   9.2685400e+02
   8.9422522e+02
   8.6061564e+02
   8.2593600e+02
   7.9011073e+02
   7.5308360e+02
   7.1482381e+02
   6.7533230e+02
   6.3464819e+02
   5.9285528e+02
   5.5008833e+02
   5.0653889e+02
   4.6246068e+02
   4.1817397e+02
   3.7406902e+02
   3.3060818e+02
   2.8832645e+02
   2.4783030e+02
   2.0979454e+02
   1.7495706e+02
   1.4411141e+02
   1.1809694e+02
   9.7786760e+01
   8.4073287e+01
   7.7851711e+01
   8.0001456e+01
   9.1365949e+01
   1.1273105e+02
   1.4480253e+02
   1.8818314e+02
   2.4334979e+02
   3.1063145e+02
   3.9018841e+02
   4.8199363e+02
   5.8581674e+02
   7.0121139e+02
   8.2750656e+02
   9.6380244e+02
   1.1089712e+03
   1.2616630e+03
   1.4203180e+03
   1.5831835e+03
   1.7483372e+03
   1.9137157e+03
   2.0771478e+03
   2.2363935e+03
   2.3891854e+03
   2.5332747e+03
   2.6664781e+03
   2.7867271e+03
   2.8921163e+03
   2.9809517e+03
   3.0517957e+03
   3.1035095e+03
   3.1352905e+03
   3.1467046e+03
   3.1377120e+03
   3.1086850e+03
   3.0604197e+03
   2.9941375e+03
   2.9114797e+03
   2.8144925e+03
   2.7056048e+03
   2.5875971e+03
   2.4635635e+03
   2.3368673e+03
   2.2110909e+03
   2.0899807e+03
   1.9773887e+03
   1.8772128e+03
   1.7933344e+03
   1.7295578e+03
   1.6895506e+03
   1.6767863e+03
   1.6944917e+03
   1.7455982e+03
   1.8326992e+03
   1.9580137e+03
   2.1233569e+03
   2.3301173e+03
   2.5792427e+03
   2.8712321e+03
   3.2061359e+03
   3.5835628e+03
   4.0026937e+03
   4.4623009e+03
   4.9607741e+03
   5.4961498e+03
   6.0661459e+03
   6.6681988e+03
   7.2995032e+03
   7.9570533e+03
   8.6376854e+03
   9.3381195e+03
   1.0055001e+04
   1.0784943e+04
   1.1524561e+04
   1.2270510e+04
   1.3019523e+04
   1.3768433e+04
   1.4514206e+04
   1.5253962e+04
   1.5984994e+04
   1.6704788e+04
   1.7411030e+04
   1.8101619e+04
   1.8774674e+04
   1.9428532e+04
   2.0061752e+04
   2.0673110e+04
   2.1261595e+04
   2.1826399e+04
   2.2366912e+04
   2.2882709e+04
   2.3373537e+04
   2.3839305e+04
   2.4280067e+04
   2.4696010e+04
   2.5087441e+04
   2.5454766e+04
   2.5798485e+04
   2.6119169e+04
   2.6417452e+04
   2.6694015e+04
   2.6949571e+04
   2.7184861e+04
   2.7400631e+04
   2.7597631e+04
   2.7776599e+04
   2.7938255e+04
   2.8083290e+04
   2.8212361e+04
   2.8326081e+04
   2.8425017e+04
   2.8509680e+04
   2.8580521e+04
   2.8637931e+04
   2.8682234e+04
   2.8713683e+04
   2.8732462e+04
   2.8738682e+04
