   2.7824505e-01
   2.8875725e-01
   3.1877843e-01
   3.6830321e-01
   4.3732418e-01
   5.2583226e-01
   6.3381633e-01
   7.6126254e-01
   9.0815372e-01
   1.0744687e+00
   1.2601815e+00
   1.4652612e+00
   1.6896705e+00
   1.9333653e+00
   2.1962940e+00
   2.4783960e+00
   2.7796014e+00
   3.0998295e+00
   3.4389878e+00
   3.7969711e+00
   4.1736600e+00
   4.5689201e+00
   4.9826003e+00
   5.4145319e+00
   5.8645274e+00
   6.3323790e+00
   6.8178572e+00
   7.3207103e+00
   7.8406621e+00
   8.3774115e+00
   8.9306311e+00
   9.4999657e+00
   1.0085032e+01
   1.0685416e+01
   1.1300675e+01
   1.1930333e+01
   1.2573882e+01
   1.3230781e+01
   1.3900456e+01
   1.4582298e+01
   1.5275663e+01
   1.5979874e+01
   1.6694216e+01
   1.7417941e+01
   1.8150265e+01
   1.8890369e+01
   1.9637402e+01
   2.0390476e+01
   2.1148671e+01
   2.1911036e+01
   2.2676589e+01
   2.3444316e+01
   2.4213176e+01
   2.4982102e+01
   2.5750001e+01
   2.6515756e+01
   2.7278231e+01
   2.8036269e+01
   2.8788698e+01
   2.9534332e+01
   3.0271974e+01
   3.1000417e+01
   3.1718450e+01
   3.2424859e+01
   3.3118431e+01
   3.3797958e+01
   3.4462237e+01
   3.5110078e+01
   3.5740303e+01
   3.6351754e+01
   3.6943292e+01
   3.7513803e+01
   3.8062201e+01
   3.8587433e+01
   3.9088479e+01
   3.9564357e+01
   4.0014128e+01
   4.0436896e+01
   4.0831814e+01
   4.1198083e+01
   4.1534960e+01
   4.1841756e+01
   4.2117841e+01
   4.2362645e+01
   4.2575660e+01
   4.2756444e+01
   4.2904618e+01
   4.3019873e+01
   4.3101966e+01
   4.3150725e+01
   4.3166047e+01
   4.3147900e+01
   4.3096320e+01
   4.3011415e+01
   4.2893363e+01
   4.2742411e+01
   4.2558873e+01
   4.2343131e+01
   4.2095634e+01
   4.1816893e+01
   4.1507482e+01
   4.1168036e+01
   4.0799247e+01
   4.0401863e+01
   3.9976687e+01
   3.9524568e+01
   3.9046406e+01
   3.8543145e+01
   3.8015768e+01
   3.7465297e+01
   3.6892791e+01
   3.6299337e+01
   3.5686050e+01
   3.5054072e+01
   3.4404564e+01
   3.3738703e+01
   3.3057683e+01
   3.2362707e+01
   3.1654984e+01
   3.0935728e+01
   3.0206155e+01
   2.9467474e+01
   2.8720894e+01
   2.7967611e+01
   2.7208810e+01
   2.6445666e+01
   2.5679332e+01
   2.4910946e+01
   2.4141622e+01
   2.3372452e+01
   2.2604504e+01
   2.1838816e+01
   2.1076401e+01
   2.0318239e+01
   1.9565281e+01
   1.8818444e+01
   1.8078613e+01
   1.7346640e+01
   1.6623339e+01
   1.5909494e+01
   1.5205851e+01
   1.4513121e+01
   1.3831980e+01
   1.3163070e+01
   1.2506997e+01
   1.1864333e+01
   1.1235617e+01
   1.0621354e+01
   1.0022018e+01
   9.4380502e+00
   8.8698612e+00
   8.3178325e+00
   7.7823170e+00
   7.2636399e+00
   6.7621001e+00
   6.2779715e+00
   5.8115041e+00
   5.3629249e+00
   4.9324399e+00
   4.5202345e+00
   4.1264757e+00
   3.7513124e+00
   3.3948775e+00
   3.0572884e+00
   2.7386486e+00
   2.4390491e+00
   2.1585688e+00
   1.8972761e+00
   1.6552301e+00
   1.4324809e+00
   1.2290713e+00
   1.0450371e+00
   8.8040809e-01
   7.3520884e-01
   6.0945934e-01
   5.0317558e-01
   4.1637020e-01
   3.4905309e-01
   3.0123202e-01
   2.7291299e-01
   2.6409998e-01
   2.7479402e-01
   3.0499269e-01
   3.5469073e-01
   4.2388088e-01
   5.1255414e-01
   6.2069933e-01
   7.4830252e-01
   8.9534637e-01
   1.0618096e+00
   1.2476661e+00
   1.4528849e+00
   1.6774285e+00
   1.9212530e+00
   2.1843065e+00
   2.4665287e+00
   2.7678494e+00
   3.0881882e+00
   3.4274527e+00
   3.7855376e+00
   4.1623237e+00
   4.5576768e+00
   4.9714459e+00
   5.4034625e+00
   5.8535393e+00
   6.3214686e+00
   6.8070214e+00
   7.3099459e+00
   7.8299665e+00
   8.3667822e+00
   8.9200660e+00
   9.4894631e+00
   1.0074590e+01
   1.0675035e+01
   1.1290353e+01
   1.1920069e+01
   1.2563677e+01
   1.3220636e+01
   1.3890371e+01
   1.4572275e+01
   1.5265704e+01
   1.5969981e+01
   1.6684392e+01
   1.7408188e+01
   1.8140588e+01
   1.8880773e+01
   1.9627890e+01
   2.0381054e+01
   2.1139344e+01
   2.1901811e+01
   2.2667472e+01
   2.3435314e+01
   2.4204297e+01
   2.4973353e+01
   2.5741391e+01
   2.6507294e+01
   2.7269926e+01
   2.8028131e+01
   2.8780737e+01
   2.9526557e+01
   3.0264396e+01
   3.0993048e+01
   3.1711300e+01
   3.2417940e+01
   3.3111755e+01
   3.3791536e+01
   3.4456081e+01
   3.5104200e+01
   3.5734716e+01
   3.6346470e+01
   3.6938322e+01
   3.7509160e+01
   3.8057898e+01
   3.8583481e+01
   3.9084890e+01
   3.9561143e+01
   4.0011300e+01
   4.0434465e+01
   4.0829791e+01
   4.1196479e+01
   4.1533785e+01
   4.1841020e+01
   4.2117553e+01
   4.2362814e+01
   4.2576295e+01
   4.2757552e+01
   4.2906206e+01
   4.3021948e+01
   4.3104535e+01
   4.3153793e+01
   4.3169618e+01
   4.3151978e+01
   4.3100909e+01
   4.3016517e+01
   4.2898980e+01
   4.2748544e+01
   4.2565523e+01
   4.2350298e+01
   4.2103315e+01
   4.1825087e+01
   4.1516186e+01
   4.1177246e+01
   4.0808960e+01
   4.0412073e+01
   3.9987388e+01
   3.9535754e+01
   3.9058070e+01
   3.8555278e+01
   3.8028362e+01
   3.7478343e+01
   3.6906278e+01
   3.6313255e+01
   3.5700389e+01
   3.5068819e+01
   3.4419706e+01
   3.3754229e+01
   3.3073579e+01
   3.2378960e+01
   3.1671579e+01
   3.0952652e+01
   3.0223391e+01
   2.9485010e+01
   2.8738712e+01
   2.7985697e+01
   2.7227149e+01
   2.6464240e+01
   2.5698127e+01
   2.4929945e+01
   2.4160810e+01
   2.3391813e+01
   2.2624021e+01
   2.1858475e+01
   2.1096184e+01
   2.0338132e+01
   1.9585267e+01
   1.8838509e+01
   1.8098742e+01
   1.7366817e+01
   1.6643551e+01
   1.5929726e+01
   1.5226089e+01
   1.4533351e+01
   1.3852190e+01
   1.3183246e+01
   1.2527127e+01
   1.1884406e+01
   1.1255620e+01
   1.0641277e+01
   1.0041850e+01
   9.4577809e+00
   8.8894809e+00
   8.3373321e+00
   7.8016877e+00
   7.2828734e+00
   6.7811888e+00
   6.2969081e+00
   5.8302818e+00
   5.3815375e+00
   4.9508816e+00
   4.5385002e+00
   4.1445605e+00
   3.7692121e+00
   3.4125882e+00
   3.0748068e+00
   2.7559720e+00
   2.4561749e+00
   2.1754951e+00
   1.9140014e+00
   1.6717532e+00
   1.4488012e+00
   1.2451884e+00
   1.0609510e+00
   8.9611915e-01
   7.5071783e-01
   6.2476728e-01
   5.1828383e-01
   4.3128046e-01
   3.6376747e-01
   3.1575317e-01
   2.8724417e-01
   2.7824505e-01
