   2.5187213e+03
   2.5187912e+03
   2.5189983e+03
   2.5193373e+03
   2.5197997e+03
   2.5203731e+03
   2.5210419e+03
   2.5217870e+03
   2.5225859e+03
   2.5234125e+03
   2.5242377e+03
   2.5250287e+03
   2.5257498e+03
   2.5263618e+03
   2.5268225e+03
   2.5270867e+03
   2.5271062e+03
   2.5268299e+03
   2.5262041e+03
   2.5251725e+03
   2.5236764e+03
   2.5216549e+03
   2.5190452e+03
   2.5157824e+03
   2.5118006e+03
   2.5070321e+03
   2.5014088e+03
   2.4948615e+03
   2.4873212e+03
   2.4787185e+03
   2.4689851e+03
   2.4580530e+03
   2.4458562e+03
   2.4323300e+03
   2.4174125e+03
   2.4010443e+03
   2.3831694e+03
   2.3637359e+03
   2.3426960e+03
   2.3200070e+03
   2.2956317e+03
   2.2695386e+03
   2.2417031e+03
   2.2121073e+03
   2.1807409e+03
   2.1476014e+03
   2.1126947e+03
   2.0760354e+03
   2.0376468e+03
   1.9975619e+03
   1.9558228e+03
   1.9124813e+03
   1.8675988e+03
   1.8212465e+03
   1.7735051e+03
   1.7244646e+03
   1.6742242e+03
   1.6228919e+03
   1.5705842e+03
   1.5174253e+03
   1.4635469e+03
   1.4090869e+03
   1.3541896e+03
   1.2990038e+03
   1.2436827e+03
   1.1883825e+03
   1.1332617e+03
   1.0784797e+03
   1.0241959e+03
   9.7056862e+02
   9.1775384e+02
   8.6590416e+02
   8.1516761e+02
   7.6568660e+02
   7.1759680e+02
   6.7102618e+02
   6.2609402e+02
   5.8291001e+02
   5.4157349e+02
   5.0217267e+02
   4.6478407e+02
   4.2947197e+02
   3.9628805e+02
   3.6527109e+02
   3.3644681e+02
   3.0982784e+02
   2.8541385e+02
   2.6319166e+02
   2.4313570e+02
   2.2520835e+02
   2.0936052e+02
   1.9553234e+02
   1.8365383e+02
   1.7364579e+02
   1.6542065e+02
   1.5888346e+02
   1.5393284e+02
   1.5046205e+02
   1.4836006e+02
   1.4751258e+02
   1.4780312e+02
   1.4911409e+02
   1.5132774e+02
   1.5432722e+02
   1.5799744e+02
   1.6222602e+02
   1.6690404e+02
   1.7192679e+02
   1.7719448e+02
   1.8261276e+02
   1.8809324e+02
   1.9355393e+02
   1.9891951e+02
   2.0412160e+02
   2.0909891e+02
   2.1379732e+02
   2.1816985e+02
   2.2217662e+02
   2.2578465e+02
   2.2896773e+02
   2.3170607e+02
   2.3398607e+02
   2.3579991e+02
   2.3714518e+02
   2.3802451e+02
   2.3844504e+02
   2.3841806e+02
   2.3795853e+02
   2.3708457e+02
   2.3581708e+02
   2.3417924e+02
   2.3219610e+02
   2.2989418e+02
   2.2730103e+02
   2.2444490e+02
   2.2135439e+02
   2.1805809e+02
   2.1458438e+02
   2.1096108e+02
   2.0721528e+02
   2.0337310e+02
   1.9945959e+02
   1.9549851e+02
   1.9151225e+02
   1.8752179e+02
   1.8354655e+02
   1.7960443e+02
   1.7571174e+02
   1.7188323e+02
   1.6813210e+02
   1.6447005e+02
   1.6090727e+02
   1.5745259e+02
   1.5411345e+02
   1.5089605e+02
   1.4780539e+02
   1.4484538e+02
   1.4201891e+02
   1.3932794e+02
   1.3677361e+02
   1.3435632e+02
   1.3207581e+02
   1.2993127e+02
   1.2792140e+02
   1.2604452e+02
   1.2429861e+02
   1.2268143e+02
   1.2119055e+02
   1.1982344e+02
   1.1857751e+02
   1.1745019e+02
   1.1643896e+02
   1.1554140e+02
   1.1475524e+02
   1.1407840e+02
   1.1350900e+02
   1.1304542e+02
   1.1268628e+02
   1.1243051e+02
   1.1227732e+02
   1.1222623e+02
   1.1227710e+02
   1.1243007e+02
   1.1268563e+02
   1.1304455e+02
   1.1350791e+02
   1.1407709e+02
   1.1475371e+02
   1.1553964e+02
   1.1643698e+02
   1.1744799e+02
   1.1857509e+02
   1.1982079e+02
   1.2118768e+02
   1.2267833e+02
   1.2429528e+02
   1.2604095e+02
   1.2791760e+02
   1.2992724e+02
   1.3207154e+02
   1.3435182e+02
   1.3676888e+02
   1.3932297e+02
   1.4201371e+02
   1.4483995e+02
   1.4779972e+02
   1.5089015e+02
   1.5410732e+02
   1.5744623e+02
   1.6090069e+02
   1.6446325e+02
   1.6812509e+02
   1.7187600e+02
   1.7570431e+02
   1.7959681e+02
   1.8353875e+02
   1.8751381e+02
   1.9150411e+02
   1.9549021e+02
   1.9945115e+02
   2.0336454e+02
   2.0720659e+02
   2.1095230e+02
   2.1457552e+02
   2.1804917e+02
   2.2134541e+02
   2.2443590e+02
   2.2729202e+02
   2.2988517e+02
   2.3218712e+02
   2.3417030e+02
   2.3580821e+02
   2.3707579e+02
   2.3794985e+02
   2.3840950e+02
   2.3843661e+02
   2.3801623e+02
   2.3713707e+02
   2.3579196e+02
   2.3397831e+02
   2.3169850e+02
   2.2896035e+02
   2.2577747e+02
   2.2216962e+02
   2.1816304e+02
   2.1379067e+02
   2.0909242e+02
   2.0411524e+02
   1.9891327e+02
   1.9354778e+02
   1.8808715e+02
   1.8260668e+02
   1.7718838e+02
   1.7192063e+02
   1.6689776e+02
   1.6221957e+02
   1.5799077e+02
   1.5432026e+02
   1.5132043e+02
   1.4910636e+02
   1.4779491e+02
   1.4750381e+02
   1.4835067e+02
   1.5045195e+02
   1.5392196e+02
   1.5887174e+02
   1.6540801e+02
   1.7363216e+02
   1.8363914e+02
   1.9551653e+02
   2.0934353e+02
   2.2519011e+02
   2.4311617e+02
   2.6317079e+02
   2.8539159e+02
   3.0980417e+02
   3.3642168e+02
   3.6524450e+02
   3.9625997e+02
   4.2944240e+02
   4.6475300e+02
   5.0214012e+02
   5.4153947e+02
   5.8287455e+02
   6.2605714e+02
   6.7098792e+02
   7.1755721e+02
   7.6564573e+02
   8.1512552e+02
   8.6586091e+02
   9.1770951e+02
   9.7052327e+02
   1.0241496e+03
   1.0784326e+03
   1.1332138e+03
   1.1883340e+03
   1.2436336e+03
   1.2989542e+03
   1.3541396e+03
   1.4090366e+03
   1.4634963e+03
   1.5173747e+03
   1.5705336e+03
   1.6228413e+03
   1.6741738e+03
   1.7244144e+03
   1.7734553e+03
   1.8211972e+03
   1.8675499e+03
   1.9124330e+03
   1.9557751e+03
   1.9975150e+03
   2.0376006e+03
   2.0759900e+03
   2.1126502e+03
   2.1475578e+03
   2.1806983e+03
   2.2120657e+03
   2.2416625e+03
   2.2694991e+03
   2.2955932e+03
   2.3199697e+03
   2.3426598e+03
   2.3637008e+03
   2.3831355e+03
   2.4010114e+03
   2.4173808e+03
   2.4322995e+03
   2.4458268e+03
   2.4580248e+03
   2.4689579e+03
   2.4786925e+03
   2.4872963e+03
   2.4948377e+03
   2.5013860e+03
   2.5070105e+03
   2.5117799e+03
   2.5157628e+03
   2.5190266e+03
   2.5216374e+03
   2.5236598e+03
   2.5251569e+03
   2.5261894e+03
   2.5268161e+03
   2.5270933e+03
   2.5270747e+03
   2.5268114e+03
   2.5263515e+03
   2.5257404e+03
   2.5250202e+03
   2.5242299e+03
   2.5234056e+03
   2.5225798e+03
   2.5217817e+03
   2.5210374e+03
   2.5203693e+03
   2.5197967e+03
   2.5193351e+03
   2.5189968e+03
   2.5187904e+03
   2.5187213e+03
