   5.6431630e+02
   5.6442426e+02
   5.6475942e+02
   5.6531392e+02
   5.6607471e+02
   5.6702371e+02
   5.6813794e+02
   5.6938976e+02
   5.7074711e+02
   5.7217381e+02
   5.7362993e+02
   5.7507219e+02
   5.7645436e+02
   5.7772779e+02
   5.7884188e+02
   5.7974466e+02
   5.8038340e+02
   5.8070520e+02
   5.8065767e+02
   5.8018956e+02
   5.7925154e+02
   5.7779681e+02
   5.7578190e+02
   5.7316735e+02
   5.6991845e+02
   5.6600592e+02
   5.6140661e+02
   5.5610417e+02
   5.5008964e+02
   5.4336206e+02
   5.3592895e+02
   5.2780678e+02
   5.1902138e+02
   5.0960815e+02
   4.9961237e+02
   4.8908920e+02
   4.7810373e+02
   4.6673084e+02
   4.5505493e+02
   4.4316957e+02
   4.3117698e+02
   4.1918737e+02
   4.0731820e+02
   3.9569323e+02
   3.8444152e+02
   3.7369624e+02
   3.6359341e+02
   3.5427048e+02
   3.4586491e+02
   3.3851255e+02
   3.3234604e+02
   3.2749313e+02
   3.2407497e+02
   3.2220442e+02
   3.2198434e+02
   3.2350594e+02
   3.2684718e+02
   3.3207129e+02
   3.3922536e+02
   3.4833912e+02
   3.5942379e+02
   3.7247124e+02
   3.8745325e+02
   4.0432105e+02
   4.2300503e+02
   4.4341481e+02
   4.6543947e+02
   4.8894809e+02
   5.1379056e+02
   5.3979864e+02
   5.6678731e+02
   5.9455634e+02
   6.2289211e+02
   6.5156966e+02
   6.8035492e+02
   7.0900713e+02
   7.3728136e+02
   7.6493122e+02
   7.9171152e+02
   8.1738112e+02
   8.4170567e+02
   8.6446033e+02
   8.8543243e+02
   9.0442406e+02
   9.2125440e+02
   9.3576195e+02
   9.4780651e+02
   9.5727092e+02
   9.6406249e+02
   9.6811419e+02
   9.6938546e+02
   9.6786273e+02
   9.6355963e+02
   9.5651675e+02
   9.4680123e+02
   9.3450584e+02
   9.1974789e+02
   9.0266777e+02
   8.8342720e+02
   8.6220730e+02
   8.3920633e+02
   8.1463737e+02
   7.8872572e+02
   7.6170630e+02
   7.3382085e+02
   7.0531521e+02
   6.7643651e+02
   6.4743047e+02
   6.1853866e+02
   5.8999604e+02
   5.6202845e+02
   5.3485044e+02
   5.0866318e+02
   4.8365262e+02
   4.5998793e+02
   4.3782013e+02
   4.1728102e+02
   3.9848236e+02
   3.8151531e+02
   3.6645021e+02
   3.5333648e+02
   3.4220292e+02
   3.3305816e+02
   3.2589134e+02
   3.2067304e+02
   3.1735637e+02
   3.1587817e+02
   3.1616045e+02
   3.1811186e+02
   3.2162930e+02
   3.2659956e+02
   3.3290100e+02
   3.4040532e+02
   3.4897920e+02
   3.5848603e+02
   3.6878752e+02
   3.7974527e+02
   3.9122228e+02
   4.0308430e+02
   4.1520116e+02
   4.2744793e+02
   4.3970594e+02
   4.5186375e+02
   4.6381788e+02
   4.7547350e+02
   4.8674492e+02
   4.9755601e+02
   5.0784043e+02
   5.1754175e+02
   5.2661353e+02
   5.3501915e+02
   5.4273168e+02
   5.4973353e+02
   5.5601614e+02
   5.6157950e+02
   5.6643160e+02
   5.7058794e+02
   5.7407085e+02
   5.7690883e+02
   5.7913593e+02
   5.8079096e+02
   5.8191685e+02
   5.8255988e+02
   5.8276896e+02
   5.8259494e+02
   5.8208991e+02
   5.8130652e+02
   5.8029730e+02
   5.7911407e+02
   5.7780733e+02
   5.7642571e+02
   5.7501542e+02
   5.7361982e+02
   5.7227892e+02
   5.7102904e+02
   5.6990240e+02
   5.6892687e+02
   5.6812566e+02
   5.6751713e+02
   5.6711463e+02
   5.6692636e+02
   5.6695529e+02
   5.6719916e+02
   5.6765050e+02
   5.6829666e+02
   5.6912000e+02
   5.7009796e+02
   5.7120336e+02
   5.7240462e+02
   5.7366605e+02
   5.7494821e+02
   5.7620834e+02
   5.7740073e+02
   5.7847727e+02
   5.7938790e+02
   5.8008122e+02
   5.8050506e+02
   5.8060710e+02
   5.8033553e+02
   5.7963972e+02
   5.7847092e+02
   5.7678297e+02
   5.7453302e+02
   5.7168224e+02
   5.6819656e+02
   5.6404736e+02
   5.5921214e+02
   5.5367520e+02
   5.4742827e+02
   5.4047105e+02
   5.3281171e+02
   5.2446742e+02
   5.1546466e+02
   5.0583950e+02
   4.9563785e+02
   4.8491555e+02
   4.7373831e+02
   4.6218162e+02
   4.5033048e+02
   4.3827904e+02
   4.2613007e+02
   4.1399431e+02
   4.0198971e+02
   3.9024048e+02
   3.7887610e+02
   3.6803012e+02
   3.5783888e+02
   3.4844014e+02
   3.3997157e+02
   3.3256923e+02
   3.2636587e+02
   3.2148932e+02
   3.1806077e+02
   3.1619303e+02
   3.1598888e+02
   3.1753937e+02
   3.2092229e+02
   3.2620060e+02
   3.3342110e+02
   3.4261316e+02
   3.5378764e+02
   3.6693597e+02
   3.8202948e+02
   3.9901888e+02
   4.1783408e+02
   4.3838416e+02
   4.6055764e+02
   4.8422305e+02
   5.0922973e+02
   5.3540889e+02
   5.6257496e+02
   5.9052718e+02
   6.1905143e+02
   6.4792226e+02
   6.7690514e+02
   7.0575889e+02
   7.3423819e+02
   7.6209627e+02
   7.8908767e+02
   8.1497095e+02
   8.3951151e+02
   8.6248430e+02
   8.8367651e+02
   9.0289007e+02
   9.1994405e+02
   9.3467688e+02
   9.4694828e+02
   9.5664104e+02
   9.6366243e+02
   9.6794537e+02
   9.6944926e+02
   9.6816048e+02
   9.6409256e+02
   9.5728601e+02
   9.4780783e+02
   9.3575063e+02
   9.2123151e+02
   9.0439060e+02
   8.8538933e+02
   8.6440844e+02
   8.4164580e+02
   8.1731401e+02
   7.9163785e+02
   7.6485164e+02
   7.3719650e+02
   7.0891758e+02
   6.8026128e+02
   6.5147250e+02
   6.2279204e+02
   5.9445398e+02
   5.6668330e+02
   5.3969364e+02
   5.1368529e+02
   4.8884328e+02
   4.6533591e+02
   4.4331332e+02
   4.2290646e+02
   4.0422628e+02
   3.8736321e+02
   3.7238684e+02
   3.5934597e+02
   3.4826883e+02
   3.3916353e+02
   3.3201883e+02
   3.2680497e+02
   3.2347482e+02
   3.2196510e+02
   3.2219778e+02
   3.2408158e+02
   3.2751356e+02
   3.3238078e+02
   3.3856198e+02
   3.4592931e+02
   3.5435003e+02
   3.6368816e+02
   3.7380615e+02
   3.8456642e+02
   3.9583285e+02
   4.0747214e+02
   4.1935516e+02
   4.3135802e+02
   4.4336317e+02
   4.5526032e+02
   4.6694716e+02
   4.7833006e+02
   4.8932454e+02
   4.9985569e+02
   5.0985837e+02
   5.1927738e+02
   5.2806743e+02
   5.3619308e+02
   5.4362854e+02
   5.5035731e+02
   5.5637190e+02
   5.6167329e+02
   5.6627046e+02
   5.7017981e+02
   5.7342453e+02
   5.7603393e+02
   5.7804279e+02
   5.7949061e+02
   5.8042092e+02
   5.8088056e+02
   5.8091895e+02
   5.8058736e+02
   5.7993826e+02
   5.7902459e+02
   5.7789915e+02
   5.7661394e+02
   5.7521962e+02
   5.7376488e+02
   5.7229599e+02
   5.7085628e+02
   5.6948572e+02
   5.6822050e+02
   5.6709271e+02
   5.6613005e+02
   5.6535550e+02
   5.6478718e+02
   5.6443815e+02
   5.6431630e+02
