   5.6889475e+03
   5.6890567e+03
   5.6893727e+03
   5.6898733e+03
   5.6905212e+03
   5.6912645e+03
   5.6920365e+03
   5.6927560e+03
   5.6933270e+03
   5.6936395e+03
   5.6935695e+03
   5.6929788e+03
   5.6917161e+03
   5.6896169e+03
   5.6865040e+03
   5.6821883e+03
   5.6764692e+03
   5.6691355e+03
   5.6599662e+03
   5.6487316e+03
   5.6351941e+03
   5.6191099e+03
   5.6002301e+03
   5.5783022e+03
   5.5530719e+03
   5.5242851e+03
   5.4916896e+03
   5.4550371e+03
   5.4140863e+03
   5.3686041e+03
   5.3183693e+03
   5.2631744e+03
   5.2028287e+03
   5.1371612e+03
   5.0660231e+03
   4.9892908e+03
   4.9068688e+03
   4.8186925e+03
   4.7247306e+03
   4.6249879e+03
   4.5195075e+03
   4.4083730e+03
   4.2917103e+03
   4.1696892e+03
   4.0425245e+03
   3.9104766e+03
   3.7738522e+03
   3.6330037e+03
   3.4883287e+03
   3.3402687e+03
   3.1893072e+03
   3.0359673e+03
   2.8808086e+03
   2.7244236e+03
   2.5674338e+03
   2.4104841e+03
   2.2542386e+03
   2.0993741e+03
   1.9465739e+03
   1.7965217e+03
   1.6498945e+03
   1.5073558e+03
   1.3695482e+03
   1.2370863e+03
   1.1105503e+03
   9.9047861e+02
   8.7736153e+02
   7.7163551e+02
   6.7367750e+02
   5.8380023e+02
   5.0224808e+02
   4.2919392e+02
   3.6473670e+02
   3.0890012e+02
   2.6163216e+02
   2.2280576e+02
   1.9222043e+02
   1.6960495e+02
   1.5462096e+02
   1.4686758e+02
   1.4588686e+02
   1.5117000e+02
   1.6216431e+02
   1.7828066e+02
   1.9890149e+02
   2.2338904e+02
   2.5109385e+02
   2.8136319e+02
   3.1354953e+02
   3.4701863e+02
   3.8115733e+02
   4.1538086e+02
   4.4913942e+02
   4.8192422e+02
   5.1327254e+02
   5.4277208e+02
   5.7006422e+02
   5.9484655e+02
   6.1687419e+02
   6.3596037e+02
   6.5197594e+02
   6.6484806e+02
   6.7455802e+02
   6.8113836e+02
   6.8466923e+02
   6.8527427e+02
   6.8311592e+02
   6.7839042e+02
   6.7132253e+02
   6.6216004e+02
   6.5116836e+02
   6.3862500e+02
   6.2481431e+02
   6.1002243e+02
   5.9453248e+02
   5.7862025e+02
   5.6255018e+02
   5.4657193e+02
   5.3091735e+02
   5.1579807e+02
   5.0140355e+02
   4.8789965e+02
   4.7542774e+02
   4.6410433e+02
   4.5402103e+02
   4.4524508e+02
   4.3782016e+02
   4.3176756e+02
   4.2708762e+02
   4.2376140e+02
   4.2175256e+02
   4.2100935e+02
   4.2146664e+02
   4.2304807e+02
   4.2566814e+02
   4.2923429e+02
   4.3364888e+02
   4.3881106e+02
   4.4461859e+02
   4.5096943e+02
   4.5776319e+02
   4.6490246e+02
   4.7229390e+02
   4.7984923e+02
   4.8748594e+02
   4.9512796e+02
   5.0270607e+02
   5.1015821e+02
   5.1742960e+02
   5.2447282e+02
   5.3124767e+02
   5.3772101e+02
   5.4386649e+02
   5.4966419e+02
   5.5510022e+02
   5.6016628e+02
   5.6485915e+02
   5.6918025e+02
   5.7313504e+02
   5.7673258e+02
   5.7998497e+02
   5.8290687e+02
   5.8551501e+02
   5.8782775e+02
   5.8986461e+02
   5.9164589e+02
   5.9319230e+02
   5.9452462e+02
   5.9566333e+02
   5.9662842e+02
   5.9743907e+02
   5.9811344e+02
   5.9866851e+02
   5.9911984e+02
   5.9948151e+02
   5.9976593e+02
   5.9998378e+02
   6.0014389e+02
   6.0025321e+02
   6.0031672e+02
   6.0033744e+02
   6.0031638e+02
   6.0025252e+02
   6.0014286e+02
   5.9998240e+02
   5.9976421e+02
   5.9947945e+02
   5.9911745e+02
   5.9866578e+02
   5.9811040e+02
   5.9743570e+02
   5.9662474e+02
   5.9565934e+02
   5.9452031e+02
   5.9318770e+02
   5.9164099e+02
   5.8985941e+02
   5.8782227e+02
   5.8550924e+02
   5.8290081e+02
   5.7997863e+02
   5.7672595e+02
   5.7312812e+02
   5.6917304e+02
   5.6485164e+02
   5.6015846e+02
   5.5509209e+02
   5.4965572e+02
   5.4385767e+02
   5.3771182e+02
   5.3123809e+02
   5.2446282e+02
   5.1741916e+02
   5.1014728e+02
   5.0269463e+02
   4.9511597e+02
   4.8747335e+02
   4.7983600e+02
   4.7227999e+02
   4.6488781e+02
   4.5774776e+02
   4.5095316e+02
   4.4460144e+02
   4.3879298e+02
   4.3362982e+02
   4.2921421e+02
   4.2564700e+02
   4.2302583e+02
   4.2144328e+02
   4.2098486e+02
   4.2172692e+02
   4.2373461e+02
   4.2705970e+02
   4.3173854e+02
   4.3779008e+02
   4.4521400e+02
   4.5398902e+02
   4.6407149e+02
   4.7539419e+02
   4.8786551e+02
   5.0136898e+02
   5.1576324e+02
   5.3088243e+02
   5.4653713e+02
   5.6251573e+02
   5.7858637e+02
   5.9449941e+02
   6.0999042e+02
   6.2478363e+02
   6.3859590e+02
   6.5114109e+02
   6.6213486e+02
   6.7129967e+02
   6.7837012e+02
   6.8309837e+02
   6.8525965e+02
   6.8465770e+02
   6.8113004e+02
   6.7455299e+02
   6.6484636e+02
   6.5197758e+02
   6.3596529e+02
   6.1688228e+02
   5.9485766e+02
   5.7007816e+02
   5.4278856e+02
   5.1329127e+02
   4.8194482e+02
   4.4916148e+02
   4.1540390e+02
   3.8118087e+02
   3.4704210e+02
   3.1357235e+02
   2.8138476e+02
   2.5111352e+02
   2.2340618e+02
   1.9891544e+02
   1.7829076e+02
   1.6216990e+02
   1.5117046e+02
   1.4588155e+02
   1.4685593e+02
   1.5460242e+02
   1.6957900e+02
   1.9218662e+02
   2.2276367e+02
   2.6158144e+02
   3.0884049e+02
   3.6466794e+02
   4.2911586e+02
   5.0216064e+02
   5.8370338e+02
   6.7357130e+02
   7.7152006e+02
   8.7723703e+02
   9.9034529e+02
   1.1104085e+03
   1.2369363e+03
   1.3693904e+03
   1.5071908e+03
   1.6497227e+03
   1.7963436e+03
   1.9463900e+03
   2.0991851e+03
   2.2540451e+03
   2.4102867e+03
   2.5672330e+03
   2.7242202e+03
   2.8806030e+03
   3.0357602e+03
   3.1890993e+03
   3.3400605e+03
   3.4881207e+03
   3.6327965e+03
   3.7736463e+03
   3.9102725e+03
   4.0423226e+03
   4.1694900e+03
   4.2915142e+03
   4.4081802e+03
   4.5193184e+03
   4.6248029e+03
   4.7245498e+03
   4.8185162e+03
   4.9066972e+03
   4.9891240e+03
   5.0658613e+03
   5.1370046e+03
   5.2026773e+03
   5.2630283e+03
   5.3182285e+03
   5.3684687e+03
   5.4139563e+03
   5.4549125e+03
   5.4915703e+03
   5.5241712e+03
   5.5529633e+03
   5.5781988e+03
   5.6001319e+03
   5.6190169e+03
   5.6351062e+03
   5.6486486e+03
   5.6598882e+03
   5.6690623e+03
   5.6764008e+03
   5.6821246e+03
   5.6864449e+03
   5.6895623e+03
   5.6916661e+03
   5.6929332e+03
   5.6935282e+03
   5.6936025e+03
   5.6932942e+03
   5.6927274e+03
   5.6920122e+03
   5.6912443e+03
   5.6905050e+03
   5.6898612e+03
   5.6893646e+03
   5.6890526e+03
   5.6889475e+03
