   1.2380493e+04
   1.2379624e+04
   1.2377026e+04
   1.2372660e+04
   1.2366461e+04
   1.2358338e+04
   1.2348175e+04
   1.2335828e+04
   1.2321133e+04
   1.2303899e+04
   1.2283911e+04
   1.2260935e+04
   1.2234713e+04
   1.2204968e+04
   1.2171402e+04
   1.2133704e+04
   1.2091542e+04
   1.2044575e+04
   1.1992445e+04
   1.1934790e+04
   1.1871236e+04
   1.1801406e+04
   1.1724923e+04
   1.1641410e+04
   1.1550495e+04
   1.1451812e+04
   1.1345012e+04
   1.1229757e+04
   1.1105730e+04
   1.0972641e+04
   1.0830223e+04
   1.0678246e+04
   1.0516516e+04
   1.0344877e+04
   1.0163224e+04
   9.9714982e+03
   9.7696952e+03
   9.5578690e+03
   9.3361343e+03
   9.1046704e+03
   8.8637235e+03
   8.6136091e+03
   8.3547140e+03
   8.0874968e+03
   7.8124886e+03
   7.5302930e+03
   7.2415843e+03
   6.9471060e+03
   6.6476678e+03
   6.3441421e+03
   6.0374593e+03
   5.7286021e+03
   5.4185997e+03
   5.1085199e+03
   4.7994619e+03
   4.4925468e+03
   4.1889089e+03
   3.8896852e+03
   3.5960055e+03
   3.3089814e+03
   3.0296954e+03
   2.7591901e+03
   2.4984573e+03
   2.2484271e+03
   2.0099583e+03
   1.7838284e+03
   1.5707246e+03
   1.3712365e+03
   1.1858485e+03
   1.0149345e+03
   8.5875326e+02
   7.1744534e+02
   5.9103157e+02
   4.7941289e+02
   3.8237180e+02
   2.9957535e+02
   2.3057963e+02
   1.7483571e+02
   1.3169698e+02
   1.0042780e+02
   8.0213233e+01
   7.0169798e+01
   6.9357092e+01
   7.6790014e+01
   9.1451452e+01
   1.1230522e+02
   1.3830901e+02
   1.6842721e+02
   2.0164333e+02
   2.3697181e+02
   2.7346919e+02
   3.1024425e+02
   3.4646713e+02
   3.8137732e+02
   4.1429027e+02
   4.4460272e+02
   4.7179660e+02
   4.9544148e+02
   5.1519569e+02
   5.3080596e+02
   5.4210583e+02
   5.4901276e+02
   5.5152415e+02
   5.4971231e+02
   5.4371857e+02
   5.3374666e+02
   5.2005542e+02
   5.0295122e+02
   4.8277995e+02
   4.5991898e+02
   4.3476908e+02
   4.0774657e+02
   3.7927561e+02
   3.4978107e+02
   3.1968173e+02
   2.8938411e+02
   2.5927701e+02
   2.2972662e+02
   2.0107242e+02
   1.7362384e+02
   1.4765763e+02
   1.2341593e+02
   1.0110512e+02
   8.0895280e+01
   6.2920302e+01
   4.7278552e+01
   3.4034054e+01
   2.3218118e+01
   1.4831338e+01
   8.8459085e+00
   5.2081795e+00
   3.8413945e+00
   4.6485349e+00
   7.5152116e+00
   1.2312583e+01
   1.8900212e+01
   2.7128833e+01
   3.6842989e+01
   4.7883513e+01
   6.0089831e+01
   7.3302056e+01
   8.7362875e+01
   1.0211921e+02
   1.1742364e+02
   1.3313562e+02
   1.4912250e+02
   1.6526023e+02
   1.8143402e+02
   1.9753867e+02
   2.1347883e+02
   2.2916901e+02
   2.4453355e+02
   2.5950642e+02
   2.7403085e+02
   2.8805899e+02
   3.0155142e+02
   3.1447661e+02
   3.2681036e+02
   3.3853517e+02
   3.4963965e+02
   3.6011783e+02
   3.6996859e+02
   3.7919498e+02
   3.8780362e+02
   3.9580412e+02
   4.0320854e+02
   4.1003077e+02
   4.1628613e+02
   4.2199082e+02
   4.2716151e+02
   4.3181497e+02
   4.3596765e+02
   4.3963541e+02
   4.4283318e+02
   4.4557473e+02
   4.4787244e+02
   4.4973709e+02
   4.5117773e+02
   4.5220152e+02
   4.5281366e+02
   4.5301729e+02
   4.5281346e+02
   4.5220111e+02
   4.5117712e+02
   4.4973627e+02
   4.4787142e+02
   4.4557351e+02
   4.4283176e+02
   4.3963378e+02
   4.3596582e+02
   4.3181294e+02
   4.2715928e+02
   4.2198839e+02
   4.1628351e+02
   4.1002796e+02
   4.0320553e+02
   3.9580093e+02
   3.8780024e+02
   3.7919141e+02
   3.6996485e+02
   3.6011391e+02
   3.4963556e+02
   3.3853092e+02
   3.2680594e+02
   3.1447204e+02
   3.0154671e+02
   2.8805414e+02
   2.7402588e+02
   2.5950133e+02
   2.4452837e+02
   2.2916374e+02
   2.1347349e+02
   1.9753329e+02
   1.8142861e+02
   1.6525482e+02
   1.4911711e+02
   1.3313029e+02
   1.1741839e+02
   1.0211409e+02
   8.7357927e+01
   7.3297325e+01
   6.0085369e+01
   4.7879378e+01
   3.6839242e+01
   2.7125542e+01
   1.8897449e+01
   1.2310427e+01
   7.5137455e+00
   4.6478477e+00
   3.8415836e+00
   5.2093480e+00
   8.8481582e+00
   1.4834773e+01
   2.3222846e+01
   3.4040185e+01
   4.7286194e+01
   6.2929564e+01
   8.0906267e+01
   1.0111793e+02
   1.2343066e+02
   1.4767437e+02
   1.7364266e+02
   2.0109337e+02
   2.2974975e+02
   2.5930236e+02
   2.8941168e+02
   3.1971150e+02
   3.4981301e+02
   3.7930965e+02
   4.0778262e+02
   4.3480703e+02
   4.5995868e+02
   4.8282123e+02
   5.0299387e+02
   5.2009922e+02
   5.3379135e+02
   5.4376388e+02
   5.4975793e+02
   5.5156977e+02
   5.4905807e+02
   5.4215049e+02
   5.3084964e+02
   5.1523806e+02
   4.9548223e+02
   4.7183543e+02
   4.4463936e+02
   4.1432449e+02
   3.8140892e+02
   3.4649597e+02
   3.1027024e+02
   2.7349231e+02
   2.3699210e+02
   2.0166091e+02
   1.6844228e+02
   1.3832185e+02
   1.1231620e+02
   9.1461043e+01
   7.6798761e+01
   6.9365634e+01
   7.0178862e+01
   8.0223631e+01
   1.0044042e+02
   1.3171278e+02
   1.7485572e+02
   2.3060494e+02
   2.9960709e+02
   3.8241113e+02
   4.7946100e+02
   5.9108968e+02
   7.1751466e+02
   8.5883499e+02
   1.0150298e+03
   1.1859585e+03
   1.3713623e+03
   1.5708673e+03
   1.7839888e+03
   2.0101374e+03
   2.2486256e+03
   2.4986759e+03
   2.7594294e+03
   3.0299558e+03
   3.3092632e+03
   3.5963089e+03
   3.8900103e+03
   4.1892556e+03
   4.4929150e+03
   4.7998512e+03
   5.1089299e+03
   5.4190297e+03
   5.7290516e+03
   6.0379274e+03
   6.3446280e+03
   6.6481704e+03
   6.9476242e+03
   7.2421170e+03
   7.5308390e+03
   7.8130465e+03
   8.0880652e+03
   8.3552917e+03
   8.6141946e+03
   8.8643153e+03
   9.1052670e+03
   9.3367344e+03
   9.5584710e+03
   9.7702977e+03
   9.9720996e+03
   1.0163823e+04
   1.0345473e+04
   1.0517106e+04
   1.0678830e+04
   1.0830799e+04
   1.0973208e+04
   1.1106287e+04
   1.1230302e+04
   1.1345545e+04
   1.1452332e+04
   1.1551000e+04
   1.1641901e+04
   1.1725398e+04
   1.1801864e+04
   1.1871675e+04
   1.1935211e+04
   1.1992848e+04
   1.2044958e+04
   1.2091905e+04
   1.2134046e+04
   1.2171724e+04
   1.2205268e+04
   1.2234991e+04
   1.2261191e+04
   1.2284145e+04
   1.2304110e+04
   1.2321321e+04
   1.2335993e+04
   1.2348317e+04
   1.2358457e+04
   1.2366556e+04
   1.2372731e+04
   1.2377073e+04
   1.2379647e+04
   1.2380493e+04
