   2.9044345e+03
   2.9043117e+03
   2.9038831e+03
   2.9031508e+03
   2.9021178e+03
   2.9007885e+03
   2.8991685e+03
   2.8972645e+03
   2.8950847e+03
   2.8926385e+03
   2.8899365e+03
   2.8869907e+03
   2.8838144e+03
   2.8804221e+03
   2.8768299e+03
   2.8730550e+03
   2.8691163e+03
   2.8650338e+03
   2.8608289e+03
   2.8565244e+03
   2.8521445e+03
   2.8477147e+03
   2.8432617e+03
   2.8388136e+03
   2.8343997e+03
   2.8300502e+03
   2.8257966e+03
   2.8216714e+03
   2.8177078e+03
   2.8139399e+03
   2.8104024e+03
   2.8071305e+03
   2.8041597e+03
   2.8015257e+03
   2.7992642e+03
   2.7974107e+03
   2.7960003e+03
   2.7950673e+03
   2.7946453e+03
   2.7947668e+03
   2.7954629e+03
   2.7967630e+03
   2.7986946e+03
   2.8012833e+03
   2.8045520e+03
   2.8085212e+03
   2.8132082e+03
   2.8186273e+03
   2.8247893e+03
   2.8317014e+03
   2.8393669e+03
   2.8477849e+03
   2.8569505e+03
   2.8668543e+03
   2.8774822e+03
   2.8888157e+03
   2.9008315e+03
   2.9135015e+03
   2.9267929e+03
   2.9406683e+03
   2.9550854e+03
   2.9699977e+03
   2.9853541e+03
   3.0010993e+03
   3.0171741e+03
   3.0335158e+03
   3.0500579e+03
   3.0667312e+03
   3.0834637e+03
   3.1001812e+03
   3.1168077e+03
   3.1332657e+03
   3.1494771e+03
   3.1653633e+03
   3.1808459e+03
   3.1958472e+03
   3.2102908e+03
   3.2241021e+03
   3.2372087e+03
   3.2495414e+03
   3.2610340e+03
   3.2716244e+03
   3.2812548e+03
   3.2898722e+03
   3.2974288e+03
   3.3038823e+03
   3.3091964e+03
   3.3133410e+03
   3.3162923e+03
   3.3180334e+03
   3.3185537e+03
   3.3178500e+03
   3.3159255e+03
   3.3127904e+03
   3.3084618e+03
   3.3029631e+03
   3.2963245e+03
   3.2885822e+03
   3.2797784e+03
   3.2699607e+03
   3.2591821e+03
   3.2475004e+03
   3.2349777e+03
   3.2216800e+03
   3.2076766e+03
   3.1930400e+03
   3.1778447e+03
   3.1621671e+03
   3.1460851e+03
   3.1296771e+03
   3.1130217e+03
   3.0961973e+03
   3.0792813e+03
   3.0623500e+03
   3.0454777e+03
   3.0287365e+03
   3.0121959e+03
   2.9959224e+03
   2.9799791e+03
   2.9644252e+03
   2.9493163e+03
   2.9347037e+03
   2.9206342e+03
   2.9071501e+03
   2.8942893e+03
   2.8820846e+03
   2.8705644e+03
   2.8597523e+03
   2.8496669e+03
   2.8403225e+03
   2.8317287e+03
   2.8238908e+03
   2.8168097e+03
   2.8104823e+03
   2.8049016e+03
   2.8000570e+03
   2.7959342e+03
   2.7925162e+03
   2.7897826e+03
   2.7877104e+03
   2.7862745e+03
   2.7854472e+03
   2.7851992e+03
   2.7854995e+03
   2.7863156e+03
   2.7876142e+03
   2.7893606e+03
   2.7915200e+03
   2.7940568e+03
   2.7969354e+03
   2.8001199e+03
   2.8035749e+03
   2.8072651e+03
   2.8111558e+03
   2.8152128e+03
   2.8194028e+03
   2.8236933e+03
   2.8280529e+03
   2.8324509e+03
   2.8368582e+03
   2.8412467e+03
   2.8455894e+03
   2.8498608e+03
   2.8540366e+03
   2.8580940e+03
   2.8620114e+03
   2.8657687e+03
   2.8693471e+03
   2.8727292e+03
   2.8758989e+03
   2.8788416e+03
   2.8815439e+03
   2.8839939e+03
   2.8861807e+03
   2.8880951e+03
   2.8897289e+03
   2.8910752e+03
   2.8921285e+03
   2.8928845e+03
   2.8933400e+03
   2.8934932e+03
   2.8933434e+03
   2.8928912e+03
   2.8921384e+03
   2.8910880e+03
   2.8897444e+03
   2.8881131e+03
   2.8862008e+03
   2.8840156e+03
   2.8815669e+03
   2.8788654e+03
   2.8759230e+03
   2.8727530e+03
   2.8693702e+03
   2.8657905e+03
   2.8620315e+03
   2.8581118e+03
   2.8540518e+03
   2.8498729e+03
   2.8455981e+03
   2.8412518e+03
   2.8368595e+03
   2.8324483e+03
   2.8280463e+03
   2.8236830e+03
   2.8193888e+03
   2.8151956e+03
   2.8111358e+03
   2.8072429e+03
   2.8035513e+03
   2.8000957e+03
   2.7969116e+03
   2.7940347e+03
   2.7915008e+03
   2.7893459e+03
   2.7876054e+03
   2.7863145e+03
   2.7855079e+03
   2.7852191e+03
   2.7854807e+03
   2.7863237e+03
   2.7877775e+03
   2.7898698e+03
   2.7926259e+03
   2.7960688e+03
   2.8002187e+03
   2.8050928e+03
   2.8107052e+03
   2.8170665e+03
   2.8241836e+03
   2.8320595e+03
   2.8406930e+03
   2.8500788e+03
   2.8602071e+03
   2.8710634e+03
   2.8826287e+03
   2.8948791e+03
   2.9077862e+03
   2.9213165e+03
   2.9354321e+03
   2.9500902e+03
   2.9652435e+03
   2.9808404e+03
   2.9968251e+03
   3.0131378e+03
   3.0297149e+03
   3.0464897e+03
   3.0633921e+03
   3.0803497e+03
   3.0972877e+03
   3.1141295e+03
   3.1307973e+03
   3.1472124e+03
   3.1632957e+03
   3.1789685e+03
   3.1941528e+03
   3.2087718e+03
   3.2227507e+03
   3.2360170e+03
   3.2485011e+03
   3.2601370e+03
   3.2708624e+03
   3.2806196e+03
   3.2893556e+03
   3.2970228e+03
   3.3035791e+03
   3.3089884e+03
   3.3132210e+03
   3.3162534e+03
   3.3180691e+03
   3.3186580e+03
   3.3180172e+03
   3.3161507e+03
   3.3130691e+03
   3.3087901e+03
   3.3033379e+03
   3.2967431e+03
   3.2890427e+03
   3.2802794e+03
   3.2705016e+03
   3.2597630e+03
   3.2481220e+03
   3.2356413e+03
   3.2223876e+03
   3.2084309e+03
   3.1938440e+03
   3.1787023e+03
   3.1630826e+03
   3.1470632e+03
   3.1307231e+03
   3.1141412e+03
   3.0973962e+03
   3.0805660e+03
   3.0637270e+03
   3.0469538e+03
   3.0303187e+03
   3.0138913e+03
   2.9977380e+03
   2.9819220e+03
   2.9665026e+03
   2.9515352e+03
   2.9370709e+03
   2.9231564e+03
   2.9098338e+03
   2.8971406e+03
   2.8851095e+03
   2.8737685e+03
   2.8631406e+03
   2.8532444e+03
   2.8440935e+03
   2.8356971e+03
   2.8280601e+03
   2.8211829e+03
   2.8150619e+03
   2.8096896e+03
   2.8050549e+03
   2.8011431e+03
   2.7979366e+03
   2.7954145e+03
   2.7935535e+03
   2.7923277e+03
   2.7917093e+03
   2.7916683e+03
   2.7921734e+03
   2.7931917e+03
   2.7946894e+03
   2.7966316e+03
   2.7989831e+03
   2.8017079e+03
   2.8047702e+03
   2.8081339e+03
   2.8117633e+03
   2.8156229e+03
   2.8196777e+03
   2.8238936e+03
   2.8282371e+03
   2.8326754e+03
   2.8371772e+03
   2.8417118e+03
   2.8462499e+03
   2.8507635e+03
   2.8552256e+03
   2.8596107e+03
   2.8638947e+03
   2.8680547e+03
   2.8720692e+03
   2.8759182e+03
   2.8795830e+03
   2.8830464e+03
   2.8862924e+03
   2.8893065e+03
   2.8920755e+03
   2.8945874e+03
   2.8968318e+03
   2.8987995e+03
   2.9004823e+03
   2.9018738e+03
   2.9029683e+03
   2.9037617e+03
   2.9042510e+03
   2.9044345e+03
