   4.0343283e+04
   4.0338636e+04
   4.0324686e+04
   4.0301273e+04
   4.0268135e+04
   4.0224902e+04
   4.0171106e+04
   4.0106174e+04
   4.0029440e+04
   3.9940138e+04
   3.9837415e+04
   3.9720331e+04
   3.9587861e+04
   3.9438907e+04
   3.9272303e+04
   3.9086816e+04
   3.8881166e+04
   3.8654022e+04
   3.8404025e+04
   3.8129789e+04
   3.7829919e+04
   3.7503023e+04
   3.7147726e+04
   3.6762686e+04
   3.6346610e+04
   3.5898271e+04
   3.5416528e+04
   3.4900342e+04
   3.4348801e+04
   3.3761132e+04
   3.3136731e+04
   3.2475174e+04
   3.1776244e+04
   3.1039950e+04
   3.0266541e+04
   2.9456532e+04
   2.8610714e+04
   2.7730171e+04
   2.6816294e+04
   2.5870789e+04
   2.4895686e+04
   2.3893340e+04
   2.2866435e+04
   2.1817977e+04
   2.0751288e+04
   1.9669990e+04
   1.8577993e+04
   1.7479467e+04
   1.6378818e+04
   1.5280654e+04
   1.4189751e+04
   1.3111006e+04
   1.2049395e+04
   1.1009923e+04
   9.9975698e+03
   9.0172328e+03
   8.0736715e+03
   7.1714471e+03
   6.3148630e+03
   5.5079064e+03
   4.7541915e+03
   4.0569047e+03
   3.4187547e+03
   2.8419267e+03
   2.3280428e+03
   1.8781295e+03
   1.4925924e+03
   1.1711998e+03
   9.1307549e+02
   7.1670094e+02
   5.7992747e+02
   4.9999861e+02
   4.7358231e+02
   4.9681291e+02
   5.6534226e+02
   6.7439933e+02
   8.1885745e+02
   9.9330805e+02
   1.1921397e+03
   1.4096209e+03
   1.6399858e+03
   1.8775199e+03
   2.1166457e+03
   2.3520062e+03
   2.5785434e+03
   2.7915723e+03
   2.9868480e+03
   3.1606241e+03
   3.3097025e+03
   3.4314730e+03
   3.5239418e+03
   3.5857494e+03
   3.6161766e+03
   3.6151392e+03
   3.5831724e+03
   3.5214033e+03
   3.4315153e+03
   3.3157020e+03
   3.1766146e+03
   3.0173020e+03
   2.8411464e+03
   2.6517946e+03
   2.4530873e+03
   2.2489872e+03
   2.0435085e+03
   1.8406471e+03
   1.6443153e+03
   1.4582795e+03
   1.2861045e+03
   1.1311026e+03
   9.9629046e+02
   8.8435305e+02
   7.9761463e+02
   7.3801802e+02
   7.0711119e+02
   7.0604139e+02
   7.3555635e+02
   7.9601214e+02
   8.8738700e+02
   1.0093007e+03
   1.1610382e+03
   1.3415780e+03
   1.5496225e+03
   1.7836315e+03
   2.0418570e+03
   2.3223787e+03
   2.6231395e+03
   2.9419807e+03
   3.2766759e+03
   3.6249635e+03
   3.9845764e+03
   4.3532705e+03
   4.7288492e+03
   5.1091864e+03
   5.4922452e+03
   5.8760945e+03
   6.2589226e+03
   6.6390469e+03
   7.0149222e+03
   7.3851452e+03
   7.7484573e+03
   8.1037444e+03
   8.4500357e+03
   8.7865000e+03
   9.1124405e+03
   9.4272889e+03
   9.7305979e+03
   1.0022033e+04
   1.0301365e+04
   1.0568458e+04
   1.0823265e+04
   1.1065813e+04
   1.1296199e+04
   1.1514578e+04
   1.1721154e+04
   1.1916176e+04
   1.2099926e+04
   1.2272711e+04
   1.2434862e+04
   1.2586722e+04
   1.2728644e+04
   1.2860986e+04
   1.2984103e+04
   1.3098349e+04
   1.3204067e+04
   1.3301592e+04
   1.3391246e+04
   1.3473334e+04
   1.3548146e+04
   1.3615953e+04
   1.3677006e+04
   1.3731538e+04
   1.3779760e+04
   1.3821860e+04
   1.3858006e+04
   1.3888344e+04
   1.3912997e+04
   1.3932066e+04
   1.3945630e+04
   1.3953745e+04
   1.3956444e+04
   1.3953738e+04
   1.3945617e+04
   1.3932047e+04
   1.3912971e+04
   1.3888312e+04
   1.3857967e+04
   1.3821814e+04
   1.3779708e+04
   1.3731480e+04
   1.3676941e+04
   1.3615880e+04
   1.3548067e+04
   1.3473248e+04
   1.3391153e+04
   1.3301492e+04
   1.3203959e+04
   1.3098234e+04
   1.2983981e+04
   1.2860856e+04
   1.2728506e+04
   1.2586576e+04
   1.2434707e+04
   1.2272548e+04
   1.2099755e+04
   1.1915997e+04
   1.1720966e+04
   1.1514380e+04
   1.1295993e+04
   1.1065598e+04
   1.0823041e+04
   1.0568225e+04
   1.0301123e+04
   1.0021782e+04
   9.7303385e+03
   9.4270210e+03
   9.1121645e+03
   8.7862162e+03
   8.4497446e+03
   8.1034465e+03
   7.7481533e+03
   7.3848358e+03
   7.0146081e+03
   6.6387290e+03
   6.2586019e+03
   5.8757720e+03
   5.4919220e+03
   5.1088638e+03
   4.7285284e+03
   4.3529527e+03
   3.9842631e+03
   3.6246559e+03
   3.2763756e+03
   2.9416889e+03
   2.6228577e+03
   2.3221083e+03
   2.0415993e+03
   1.7833878e+03
   1.5493939e+03
   1.3413658e+03
   1.1608434e+03
   1.0091241e+03
   8.8722949e+02
   7.9587434e+02
   7.3543875e+02
   7.0594431e+02
   7.0703482e+02
   7.3796234e+02
   7.9757945e+02
   8.8433799e+02
   9.9629498e+02
   1.1311259e+03
   1.2861458e+03
   1.4583377e+03
   1.6443891e+03
   1.8407351e+03
   2.0436092e+03
   2.2490991e+03
   2.4532085e+03
   2.6519234e+03
   2.8412807e+03
   3.0174399e+03
   3.1767542e+03
   3.3158413e+03
   3.4316523e+03
   3.5215361e+03
   3.5832990e+03
   3.6152579e+03
   3.6162857e+03
   3.5858474e+03
   3.5240273e+03
   3.4315447e+03
   3.3097595e+03
   3.1606656e+03
   2.9868734e+03
   2.7915814e+03
   2.5785360e+03
   2.3519827e+03
   2.1166065e+03
   1.8774656e+03
   1.6399177e+03
   1.4095403e+03
   1.1920481e+03
   9.9320741e+02
   8.1874985e+02
   6.7428712e+02
   5.6522798e+02
   4.9669930e+02
   4.7347226e+02
   4.9989514e+02
   5.7983372e+02
   7.1662009e+02
   9.1301076e+02
   1.1711544e+03
   1.4925695e+03
   1.8781322e+03
   2.3280741e+03
   2.8419894e+03
   3.4188515e+03
   4.0570381e+03
   4.7543636e+03
   5.5081192e+03
   6.3151182e+03
   7.1717461e+03
   8.0740155e+03
   9.0176224e+03
   9.9980054e+03
   1.1010405e+04
   1.2049923e+04
   1.3111579e+04
   1.4190369e+04
   1.5281316e+04
   1.6379521e+04
   1.7480210e+04
   1.8578775e+04
   1.9670808e+04
   2.0752139e+04
   2.1818860e+04
   2.2867346e+04
   2.3894277e+04
   2.4896645e+04
   2.5871768e+04
   2.6817289e+04
   2.7731179e+04
   2.8611732e+04
   2.9457557e+04
   3.0267569e+04
   3.1040978e+04
   3.1777270e+04
   3.2476195e+04
   3.3137743e+04
   3.3762134e+04
   3.4349789e+04
   3.4901314e+04
   3.5417480e+04
   3.5899203e+04
   3.6347518e+04
   3.6763570e+04
   3.7148583e+04
   3.7503851e+04
   3.7830716e+04
   3.8130554e+04
   3.8404757e+04
   3.8654719e+04
   3.8881827e+04
   3.9087441e+04
   3.9272889e+04
   3.9439455e+04
   3.9588369e+04
   3.9720798e+04
   3.9837843e+04
   3.9940524e+04
   4.0029784e+04
   4.0106476e+04
   4.0171365e+04
   4.0225119e+04
   4.0268308e+04
   4.0301403e+04
   4.0324773e+04
   4.0338680e+04
   4.0343283e+04
