   2.9981991e+03
   2.9980481e+03
   2.9975956e+03
   2.9968373e+03
   2.9957660e+03
   2.9943717e+03
   2.9926416e+03
   2.9905601e+03
   2.9881088e+03
   2.9852666e+03
   2.9820101e+03
   2.9783129e+03
   2.9741466e+03
   2.9694800e+03
   2.9642801e+03
   2.9585115e+03
   2.9521369e+03
   2.9451170e+03
   2.9374111e+03
   2.9289766e+03
   2.9197700e+03
   2.9097462e+03
   2.8988596e+03
   2.8870635e+03
   2.8743111e+03
   2.8605552e+03
   2.8457486e+03
   2.8298447e+03
   2.8127972e+03
   2.7945610e+03
   2.7750922e+03
   2.7543484e+03
   2.7322893e+03
   2.7088767e+03
   2.6840752e+03
   2.6578520e+03
   2.6301781e+03
   2.6010278e+03
   2.5703795e+03
   2.5382162e+03
   2.5045251e+03
   2.4692989e+03
   2.4325352e+03
   2.3942374e+03
   2.3544148e+03
   2.3130826e+03
   2.2702623e+03
   2.2259820e+03
   2.1802763e+03
   2.1331866e+03
   2.0847609e+03
   2.0350541e+03
   1.9841278e+03
   1.9320504e+03
   1.8788968e+03
   1.8247482e+03
   1.7696921e+03
   1.7138218e+03
   1.6572362e+03
   1.6000393e+03
   1.5423401e+03
   1.4842516e+03
   1.4258908e+03
   1.3673779e+03
   1.3088356e+03
   1.2503886e+03
   1.1921632e+03
   1.1342860e+03
   1.0768839e+03
   1.0200827e+03
   9.6400691e+02
   9.0877891e+02
   8.5451802e+02
   8.0133998e+02
   7.4935623e+02
   6.9867323e+02
   6.4939181e+02
   6.0160665e+02
   5.5540564e+02
   5.1086944e+02
   4.6807102e+02
   4.2707523e+02
   3.8793853e+02
   3.5070870e+02
   3.1542460e+02
   2.8211612e+02
   2.5080404e+02
   2.2150011e+02
   1.9420706e+02
   1.6891880e+02
   1.4562059e+02
   1.2428934e+02
   1.0489392e+02
   8.7395579e+01
   7.1748336e+01
   5.7899502e+01
   4.5790187e+01
   3.5355856e+01
   2.6526916e+01
   1.9229321e+01
   1.3385195e+01
   8.9134599e+00
   5.7304745e+00
   3.7506600e+00
   2.8871244e+00
   3.0522688e+00
   4.1583749e+00
   6.1181682e+00
   8.8453522e+00
   1.2255110e+01
   1.6264572e+01
   2.0793241e+01
   2.5763381e+01
   3.1100359e+01
   3.6732953e+01
   4.2593600e+01
   4.8618618e+01
   5.4748370e+01
   6.0927396e+01
   6.7104498e+01
   7.3232784e+01
   7.9269682e+01
   8.5176915e+01
   9.0920437e+01
   9.6470352e+01
   1.0180080e+02
   1.0688980e+02
   1.1171913e+02
   1.1627412e+02
   1.2054344e+02
   1.2451896e+02
   1.2819548e+02
   1.3157054e+02
   1.3464419e+02
   1.3741875e+02
   1.3989863e+02
   1.4209005e+02
   1.4400089e+02
   1.4564043e+02
   1.4701918e+02
   1.4814866e+02
   1.4904125e+02
   1.4971000e+02
   1.5016847e+02
   1.5043059e+02
   1.5051051e+02
   1.5042248e+02
   1.5018076e+02
   1.4979948e+02
   1.4929258e+02
   1.4867373e+02
   1.4795625e+02
   1.4715306e+02
   1.4627662e+02
   1.4533892e+02
   1.4435141e+02
   1.4332503e+02
   1.4227014e+02
   1.4119655e+02
   1.4011348e+02
   1.3902959e+02
   1.3795299e+02
   1.3689122e+02
   1.3585129e+02
   1.3483967e+02
   1.3386232e+02
   1.3292472e+02
   1.3203187e+02
   1.3118831e+02
   1.3039815e+02
   1.2966509e+02
   1.2899242e+02
   1.2838308e+02
   1.2783963e+02
   1.2736429e+02
   1.2695896e+02
   1.2662521e+02
   1.2636434e+02
   1.2617731e+02
   1.2606483e+02
   1.2602731e+02
   1.2606490e+02
   1.2617744e+02
   1.2636454e+02
   1.2662548e+02
   1.2695929e+02
   1.2736469e+02
   1.2784010e+02
   1.2838362e+02
   1.2899303e+02
   1.2966577e+02
   1.3039890e+02
   1.3118913e+02
   1.3203277e+02
   1.3292570e+02
   1.3386337e+02
   1.3484079e+02
   1.3585249e+02
   1.3689250e+02
   1.3795435e+02
   1.3903103e+02
   1.4011499e+02
   1.4119815e+02
   1.4227182e+02
   1.4332679e+02
   1.4435326e+02
   1.4534084e+02
   1.4627862e+02
   1.4715514e+02
   1.4795842e+02
   1.4867598e+02
   1.4929490e+02
   1.4980187e+02
   1.5018322e+02
   1.5042501e+02
   1.5051310e+02
   1.5043325e+02
   1.5017119e+02
   1.4971277e+02
   1.4904406e+02
   1.4815151e+02
   1.4702206e+02
   1.4564335e+02
   1.4400383e+02
   1.4209300e+02
   1.3990158e+02
   1.3742170e+02
   1.3464712e+02
   1.3157345e+02
   1.2819836e+02
   1.2452179e+02
   1.2054622e+02
   1.1627683e+02
   1.1172177e+02
   1.0689236e+02
   1.0180326e+02
   9.6472708e+01
   9.0922680e+01
   8.5179037e+01
   7.9271677e+01
   7.3234645e+01
   6.7106220e+01
   6.0928977e+01
   5.4749806e+01
   4.8619910e+01
   4.2594750e+01
   3.6733965e+01
   3.1101240e+01
   2.5764139e+01
   2.0793888e+01
   1.6265122e+01
   1.2255581e+01
   8.8457633e+00
   6.1185437e+00
   4.1587417e+00
   3.0526572e+00
   2.8875684e+00
   3.7511967e+00
   5.7311441e+00
   8.9143063e+00
   1.3386265e+01
   1.9230666e+01
   2.6528588e+01
   3.5357912e+01
   4.5792685e+01
   5.7902504e+01
   7.1751905e+01
   8.7399781e+01
   1.0489883e+02
   1.2429501e+02
   1.4562710e+02
   1.6892621e+02
   1.9421545e+02
   2.2150954e+02
   2.5081459e+02
   2.8212784e+02
   3.1543757e+02
   3.5072297e+02
   3.8795418e+02
   4.2709230e+02
   4.6808957e+02
   5.1088952e+02
   5.5542730e+02
   6.0162992e+02
   6.4941674e+02
   6.9869983e+02
   7.4938455e+02
   8.0137002e+02
   8.5454980e+02
   9.0881243e+02
   9.6404218e+02
   1.0201197e+03
   1.0769226e+03
   1.1343265e+03
   1.1922053e+03
   1.2504324e+03
   1.3088810e+03
   1.3674249e+03
   1.4259393e+03
   1.4843016e+03
   1.5423914e+03
   1.6000920e+03
   1.6572901e+03
   1.7138770e+03
   1.7697484e+03
   1.8248055e+03
   1.8789551e+03
   1.9321096e+03
   1.9841877e+03
   2.0351146e+03
   2.0848220e+03
   2.1332482e+03
   2.1803383e+03
   2.2260443e+03
   2.2703248e+03
   2.3131451e+03
   2.3544774e+03
   2.3942999e+03
   2.4325974e+03
   2.4693608e+03
   2.5045867e+03
   2.5382772e+03
   2.5704400e+03
   2.6010876e+03
   2.6302372e+03
   2.6579103e+03
   2.6841325e+03
   2.7089331e+03
   2.7323447e+03
   2.7544026e+03
   2.7751452e+03
   2.7946128e+03
   2.8128477e+03
   2.8298938e+03
   2.8457963e+03
   2.8606014e+03
   2.8743558e+03
   2.8871067e+03
   2.8989011e+03
   2.9097861e+03
   2.9198081e+03
   2.9290131e+03
   2.9374457e+03
   2.9451499e+03
   2.9521680e+03
   2.9585408e+03
   2.9643075e+03
   2.9695056e+03
   2.9741702e+03
   2.9783346e+03
   2.9820299e+03
   2.9852845e+03
   2.9881247e+03
   2.9905740e+03
   2.9926536e+03
   2.9943817e+03
   2.9957740e+03
   2.9968433e+03
   2.9975996e+03
   2.9980501e+03
   2.9981991e+03
