   8.1603452e+02
   8.1640621e+02
   8.1747139e+02
   8.1923169e+02
   8.2168983e+02
   8.2484959e+02
   8.2871576e+02
   8.3329417e+02
   8.3859161e+02
   8.4461582e+02
   8.5137544e+02
   8.5887993e+02
   8.6713957e+02
   8.7616534e+02
   8.8596891e+02
   8.9656248e+02
   9.0795879e+02
   9.2017097e+02
   9.3321246e+02
   9.4709693e+02
   9.6183813e+02
   9.7744981e+02
   9.9394558e+02
   1.0113388e+03
   1.0296424e+03
   1.0488688e+03
   1.0690298e+03
   1.0901362e+03
   1.1121981e+03
   1.1352241e+03
   1.1592217e+03
   1.1841971e+03
   1.2101545e+03
   1.2370966e+03
   1.2650238e+03
   1.2939348e+03
   1.3238256e+03
   1.3546899e+03
   1.3865188e+03
   1.4193005e+03
   1.4530204e+03
   1.4876606e+03
   1.5232001e+03
   1.5596146e+03
   1.5968763e+03
   1.6349539e+03
   1.6738122e+03
   1.7134127e+03
   1.7537126e+03
   1.7946658e+03
   1.8362220e+03
   1.8783272e+03
   1.9209236e+03
   1.9639495e+03
   2.0073397e+03
   2.0510252e+03
   2.0949336e+03
   2.1389890e+03
   2.1831125e+03
   2.2272219e+03
   2.2712324e+03
   2.3150566e+03
   2.3586046e+03
   2.4017847e+03
   2.4445033e+03
   2.4866655e+03
   2.5281750e+03
   2.5689352e+03
   2.6088489e+03
   2.6478189e+03
   2.6857486e+03
   2.7225421e+03
   2.7581047e+03
   2.7923437e+03
   2.8251680e+03
   2.8564893e+03
   2.8862222e+03
   2.9142846e+03
   2.9405981e+03
   2.9650882e+03
   2.9876853e+03
   3.0083242e+03
   3.0269452e+03
   3.0434937e+03
   3.0579211e+03
   3.0701847e+03
   3.0802480e+03
   3.0880809e+03
   3.0936599e+03
   3.0969681e+03
   3.0979956e+03
   3.0967389e+03
   3.0932018e+03
   3.0873946e+03
   3.0793347e+03
   3.0690458e+03
   3.0565584e+03
   3.0419093e+03
   3.0251417e+03
   3.0063045e+03
   2.9854525e+03
   2.9626458e+03
   2.9379498e+03
   2.9114346e+03
   2.8831748e+03
   2.8532491e+03
   2.8217399e+03
   2.7887328e+03
   2.7543164e+03
   2.7185818e+03
   2.6816220e+03
   2.6435320e+03
   2.6044077e+03
   2.5643459e+03
   2.5234439e+03
   2.4817989e+03
   2.4395078e+03
   2.3966668e+03
   2.3533708e+03
   2.3097135e+03
   2.2657868e+03
   2.2216803e+03
   2.1774815e+03
   2.1332752e+03
   2.0891435e+03
   2.0451653e+03
   2.0014164e+03
   1.9579690e+03
   1.9148921e+03
   1.8722508e+03
   1.8301067e+03
   1.7885173e+03
   1.7475367e+03
   1.7072147e+03
   1.6675977e+03
   1.6287279e+03
   1.5906440e+03
   1.5533807e+03
   1.5169693e+03
   1.4814373e+03
   1.4468090e+03
   1.4131051e+03
   1.3803433e+03
   1.3485379e+03
   1.3177007e+03
   1.2878404e+03
   1.2589630e+03
   1.2310723e+03
   1.2041696e+03
   1.1782542e+03
   1.1533232e+03
   1.1293722e+03
   1.1063950e+03
   1.0843839e+03
   1.0633300e+03
   1.0432232e+03
   1.0240525e+03
   1.0058060e+03
   9.8847107e+02
   9.7203474e+02
   9.5648352e+02
   9.4180369e+02
   9.2798140e+02
   9.1500279e+02
   9.0285413e+02
   8.9152189e+02
   8.8099287e+02
   8.7125427e+02
   8.6229382e+02
   8.5409982e+02
   8.4666123e+02
   8.3996774e+02
   8.3400985e+02
   8.2877890e+02
   8.2426714e+02
   8.2046775e+02
   8.1737490e+02
   8.1498379e+02
   8.1329065e+02
   8.1229277e+02
   8.1198852e+02
   8.1237735e+02
   8.1345981e+02
   8.1523752e+02
   8.1771318e+02
   8.2089056e+02
   8.2477446e+02
   8.2937070e+02
   8.3468607e+02
   8.4072833e+02
   8.4750610e+02
   8.5502887e+02
   8.6330694e+02
   8.7235130e+02
   8.8217362e+02
   8.9278616e+02
   9.0420165e+02
   9.1643325e+02
   9.2949445e+02
   9.4339892e+02
   9.5816046e+02
   9.7379283e+02
   9.9030970e+02
   1.0077244e+03
   1.0260500e+03
   1.0452989e+03
   1.0654829e+03
   1.0866129e+03
   1.1086990e+03
   1.1317498e+03
   1.1557730e+03
   1.1807746e+03
   1.2067589e+03
   1.2337287e+03
   1.2616845e+03
   1.2906249e+03
   1.3205459e+03
   1.3514414e+03
   1.3833024e+03
   1.4161171e+03
   1.4498709e+03
   1.4845461e+03
   1.5201216e+03
   1.5565732e+03
   1.5938730e+03
   1.6319898e+03
   1.6708884e+03
   1.7105301e+03
   1.7508726e+03
   1.7918693e+03
   1.8334702e+03
   1.8756213e+03
   1.9182647e+03
   1.9613388e+03
   2.0047782e+03
   2.0485142e+03
   2.0924742e+03
   2.1365824e+03
   2.1807597e+03
   2.2249242e+03
   2.2689910e+03
   2.3128726e+03
   2.3564792e+03
   2.3997191e+03
   2.4424986e+03
   2.4847229e+03
   2.5262957e+03
   2.5671203e+03
   2.6070997e+03
   2.6461365e+03
   2.6841342e+03
   2.7209970e+03
   2.7566301e+03
   2.7909406e+03
   2.8238378e+03
   2.8552332e+03
   2.8850414e+03
   2.9131803e+03
   2.9395714e+03
   2.9641405e+03
   2.9868177e+03
   3.0075380e+03
   3.0262416e+03
   3.0428739e+03
   3.0573862e+03
   3.0697360e+03
   3.0798866e+03
   3.0878079e+03
   3.0934765e+03
   3.0968754e+03
   3.0979944e+03
   3.0968305e+03
   3.0933870e+03
   3.0876744e+03
   3.0797099e+03
   3.0695172e+03
   3.0571268e+03
   3.0425754e+03
   3.0259060e+03
   3.0071675e+03
   2.9864147e+03
   2.9637075e+03
   2.9391112e+03
   2.9126959e+03
   2.8845360e+03
   2.8547101e+03
   2.8233005e+03
   2.7903927e+03
   2.7560753e+03
   2.7204390e+03
   2.6835770e+03
   2.6455840e+03
   2.6065557e+03
   2.5665889e+03
   2.5257808e+03
   2.4842285e+03
   2.4420286e+03
   2.3992774e+03
   2.3560696e+03
   2.3124987e+03
   2.2686566e+03
   2.2246328e+03
   2.1805147e+03
   2.1363870e+03
   2.0923317e+03
   2.0484276e+03
   2.0047504e+03
   1.9613724e+03
   1.9183624e+03
   1.8757855e+03
   1.8337032e+03
   1.7921730e+03
   1.7512489e+03
   1.7109809e+03
   1.6714152e+03
   1.6325939e+03
   1.5945559e+03
   1.5573358e+03
   1.5209649e+03
   1.4854708e+03
   1.4508778e+03
   1.4172066e+03
   1.3844749e+03
   1.3526972e+03
   1.3218852e+03
   1.2920476e+03
   1.2631906e+03
   1.2353181e+03
   1.2084313e+03
   1.1825296e+03
   1.1576104e+03
   1.1336690e+03
   1.1106996e+03
   1.0886944e+03
   1.0676446e+03
   1.0475403e+03
   1.0283703e+03
   1.0101231e+03
   9.9278606e+02
   9.7634621e+02
   9.6079017e+02
   9.4610431e+02
   9.3227485e+02
   9.1928803e+02
   9.0713017e+02
   8.9578783e+02
   8.8524786e+02
   8.7549754e+02
   8.6652467e+02
   8.5831759e+02
   8.5086534e+02
   8.4415767e+02
   8.3818512e+02
   8.3293908e+02
   8.2841184e+02
   8.2459664e+02
   8.2148768e+02
   8.1908020e+02
   8.1737045e+02
   8.1635576e+02
   8.1603452e+02
