   2.4659739e+02
   2.4659084e+02
   2.4657122e+02
   2.4653837e+02
   2.4649202e+02
   2.4643177e+02
   2.4635713e+02
   2.4626749e+02
   2.4616213e+02
   2.4604024e+02
   2.4590089e+02
   2.4574306e+02
   2.4556563e+02
   2.4536737e+02
   2.4514698e+02
   2.4490306e+02
   2.4463411e+02
   2.4433856e+02
   2.4401478e+02
   2.4366104e+02
   2.4327556e+02
   2.4285648e+02
   2.4240191e+02
   2.4190987e+02
   2.4137838e+02
   2.4080540e+02
   2.4018885e+02
   2.3952664e+02
   2.3881668e+02
   2.3805683e+02
   2.3724500e+02
   2.3637908e+02
   2.3545699e+02
   2.3447667e+02
   2.3343610e+02
   2.3233332e+02
   2.3116640e+02
   2.2993351e+02
   2.2863287e+02
   2.2726280e+02
   2.2582172e+02
   2.2430815e+02
   2.2272072e+02
   2.2105820e+02
   2.1931950e+02
   2.1750366e+02
   2.1560989e+02
   2.1363755e+02
   2.1158618e+02
   2.0945549e+02
   2.0724541e+02
   2.0495602e+02
   2.0258762e+02
   2.0014073e+02
   1.9761605e+02
   1.9501451e+02
   1.9233725e+02
   1.8958564e+02
   1.8676127e+02
   1.8386592e+02
   1.8090162e+02
   1.7787060e+02
   1.7477531e+02
   1.7161842e+02
   1.6840277e+02
   1.6513144e+02
   1.6180766e+02
   1.5843487e+02
   1.5501668e+02
   1.5155685e+02
   1.4805930e+02
   1.4452808e+02
   1.4096739e+02
   1.3738150e+02
   1.3377483e+02
   1.3015184e+02
   1.2651708e+02
   1.2287514e+02
   1.1923067e+02
   1.1558830e+02
   1.1195270e+02
   1.0832850e+02
   1.0472030e+02
   1.0113267e+02
   9.7570110e+01
   9.4037021e+01
   9.0537728e+01
   8.7076438e+01
   8.3657233e+01
   8.0284054e+01
   7.6960691e+01
   7.3690771e+01
   7.0477741e+01
   6.7324865e+01
   6.4235211e+01
   6.1211640e+01
   5.8256807e+01
   5.5373145e+01
   5.2562869e+01
   4.9827966e+01
   4.7170196e+01
   4.4591088e+01
   4.2091941e+01
   3.9673827e+01
   3.7337588e+01
   3.5083842e+01
   3.2912988e+01
   3.0825207e+01
   2.8820472e+01
   2.6898550e+01
   2.5059015e+01
   2.3301248e+01
   2.1624456e+01
   2.0027670e+01
   1.8509765e+01
   1.7069460e+01
   1.5705338e+01
   1.4415848e+01
   1.3199324e+01
   1.2053988e+01
   1.0977965e+01
   9.9692958e+00
   9.0259428e+00
   8.1458041e+00
   7.3267230e+00
   6.5664979e+00
   5.8628927e+00
   5.2136457e+00
   4.6164791e+00
   4.0691076e+00
   3.5692466e+00
   3.1146203e+00
   2.7029685e+00
   2.3320538e+00
   1.9996677e+00
   1.7036365e+00
   1.4418266e+00
   1.2121491e+00
   1.0125641e+00
   8.4108461e-01
   6.9577950e-01
   5.7477659e-01
   4.7626480e-01
   3.9849613e-01
   3.3978708e-01
   2.9851977e-01
   2.7314262e-01
   2.6217074e-01
   2.6418592e-01
   2.7783643e-01
   3.0183642e-01
   3.3496518e-01
   3.7606612e-01
   4.2404553e-01
   4.7787126e-01
   5.3657117e-01
   5.9923142e-01
   6.6499479e-01
   7.3305878e-01
   8.0267370e-01
   8.7314075e-01
   9.4380999e-01
   1.0140784e+00
   1.0833878e+00
   1.1512232e+00
   1.2171102e+00
   1.2806141e+00
   1.3413370e+00
   1.3989169e+00
   1.4530256e+00
   1.5033675e+00
   1.5496774e+00
   1.5917201e+00
   1.6292884e+00
   1.6622022e+00
   1.6903076e+00
   1.7134758e+00
   1.7316026e+00
   1.7446075e+00
   1.7524333e+00
   1.7550459e+00
   1.7524340e+00
   1.7446090e+00
   1.7316049e+00
   1.7134788e+00
   1.6903112e+00
   1.6622065e+00
   1.6292933e+00
   1.5917255e+00
   1.5496833e+00
   1.5033738e+00
   1.4530323e+00
   1.3989238e+00
   1.3413441e+00
   1.2806213e+00
   1.2171175e+00
   1.1512304e+00
   1.0833950e+00
   1.0140853e+00
   9.4381670e-01
   8.7314718e-01
   8.0267981e-01
   7.3306454e-01
   6.6500020e-01
   5.9923648e-01
   5.3657590e-01
   4.7787572e-01
   4.2404979e-01
   3.7607028e-01
   3.3496939e-01
   3.0184084e-01
   2.7784126e-01
   2.6419141e-01
   2.6217718e-01
   2.7315037e-01
   2.9852920e-01
   3.3979863e-01
   3.9851030e-01
   4.7628216e-01
   5.7479774e-01
   6.9580514e-01
   8.4111549e-01
   1.0126011e+00
   1.2121930e+00
   1.4418785e+00
   1.7036974e+00
   1.9997387e+00
   2.3321362e+00
   2.7030636e+00
   3.1147295e+00
   3.5693714e+00
   4.0692495e+00
   4.6166398e+00
   5.2138270e+00
   5.8630964e+00
   6.5667259e+00
   7.3269772e+00
   8.1460868e+00
   9.0262560e+00
   9.9696419e+00
   1.0978346e+01
   1.2054406e+01
   1.3199782e+01
   1.4416349e+01
   1.5705884e+01
   1.7070053e+01
   1.8510408e+01
   2.0028367e+01
   2.1625208e+01
   2.3302058e+01
   2.5059885e+01
   2.6899484e+01
   2.8821472e+01
   3.0826276e+01
   3.2914128e+01
   3.5085056e+01
   3.7338877e+01
   3.9675195e+01
   4.2093390e+01
   4.4592619e+01
   4.7171813e+01
   4.9829670e+01
   5.2564662e+01
   5.5375028e+01
   5.8258781e+01
   6.1213708e+01
   6.4237372e+01
   6.7327122e+01
   7.0480094e+01
   7.3693220e+01
   7.6963237e+01
   8.0286697e+01
   8.3659973e+01
   8.7079275e+01
   9.0540661e+01
   9.4040050e+01
   9.7573232e+01
   1.0113589e+02
   1.0472361e+02
   1.0833189e+02
   1.1195619e+02
   1.1559188e+02
   1.1923433e+02
   1.2287888e+02
   1.2652089e+02
   1.3015573e+02
   1.3377879e+02
   1.3738554e+02
   1.4097148e+02
   1.4453224e+02
   1.4806352e+02
   1.5156113e+02
   1.5502101e+02
   1.5843924e+02
   1.6181207e+02
   1.6513589e+02
   1.6840726e+02
   1.7162293e+02
   1.7477985e+02
   1.7787515e+02
   1.8090619e+02
   1.8387050e+02
   1.8676585e+02
   1.8959023e+02
   1.9234184e+02
   1.9501908e+02
   1.9762061e+02
   2.0014528e+02
   2.0259215e+02
   2.0496052e+02
   2.0724988e+02
   2.0945993e+02
   2.1159057e+02
   2.1364190e+02
   2.1561420e+02
   2.1750792e+02
   2.1932371e+02
   2.2106236e+02
   2.2272481e+02
   2.2431218e+02
   2.2582568e+02
   2.2726670e+02
   2.2863669e+02
   2.2993725e+02
   2.3117007e+02
   2.3233690e+02
   2.3343960e+02
   2.3448009e+02
   2.3546032e+02
   2.3638233e+02
   2.3724816e+02
   2.3805989e+02
   2.3881964e+02
   2.3952951e+02
   2.4019162e+02
   2.4080807e+02
   2.4138096e+02
   2.4191235e+02
   2.4240428e+02
   2.4285875e+02
   2.4327773e+02
   2.4366311e+02
   2.4401674e+02
   2.4434042e+02
   2.4463585e+02
   2.4490470e+02
   2.4514852e+02
   2.4536880e+02
   2.4556695e+02
   2.4574427e+02
   2.4590199e+02
   2.4604123e+02
   2.4616301e+02
   2.4626826e+02
   2.4635779e+02
   2.4643232e+02
   2.4649246e+02
   2.4653870e+02
   2.4657144e+02
   2.4659095e+02
   2.4659739e+02
