   4.7706684e+04
   4.7698283e+04
   4.7673131e+04
   4.7631046e+04
   4.7571719e+04
   4.7494727e+04
   4.7399524e+04
   4.7285457e+04
   4.7151759e+04
   4.6997563e+04
   4.6821904e+04
   4.6623729e+04
   4.6401903e+04
   4.6155220e+04
   4.5882413e+04
   4.5582167e+04
   4.5253132e+04
   4.4893933e+04
   4.4503192e+04
   4.4079540e+04
   4.3621636e+04
   4.3128184e+04
   4.2597955e+04
   4.2029808e+04
   4.1422709e+04
   4.0775755e+04
   4.0088194e+04
   3.9359452e+04
   3.8589151e+04
   3.7777135e+04
   3.6923489e+04
   3.6028560e+04
   3.5092980e+04
   3.4117679e+04
   3.3103902e+04
   3.2053224e+04
   3.0967557e+04
   2.9849159e+04
   2.8700635e+04
   2.7524937e+04
   2.6325357e+04
   2.5105518e+04
   2.3869356e+04
   2.2621103e+04
   2.1365254e+04
   2.0106545e+04
   1.8849907e+04
   1.7600430e+04
   1.6363315e+04
   1.5143824e+04
   1.3947224e+04
   1.2778731e+04
   1.1643451e+04
   1.0546317e+04
   9.4920290e+03
   8.4849917e+03
   7.5292569e+03
   6.6284654e+03
   5.7857951e+03
   5.0039136e+03
   4.2849361e+03
   3.6303915e+03
   3.0411960e+03
   2.5176356e+03
   2.0593579e+03
   1.6653743e+03
   1.3340715e+03
   1.0632343e+03
   8.5007732e+02
   6.9128763e+02
   5.8307526e+02
   5.2123267e+02
   5.0120114e+02
   5.1814314e+02
   5.6701932e+02
   6.4266851e+02
   7.3988929e+02
   8.5352121e+02
   9.7852436e+02
   1.1100553e+03
   1.2435381e+03
   1.3747286e+03
   1.4997713e+03
   1.6152471e+03
   1.7182115e+03
   1.8062218e+03
   1.8773546e+03
   1.9302112e+03
   1.9639132e+03
   1.9780869e+03
   1.9728392e+03
   1.9487230e+03
   1.9066965e+03
   1.8480751e+03
   1.7744782e+03
   1.6877726e+03
   1.5900131e+03
   1.4833836e+03
   1.3701372e+03
   1.2525398e+03
   1.1328162e+03
   1.0131013e+03
   8.9539591e+02
   7.8152924e+02
   6.7312801e+02
   5.7159237e+02
   4.7807914e+02
   3.9349213e+02
   3.1847932e+02
   2.5343660e+02
   1.9851729e+02
   1.5364705e+02
   1.1854324e+02
   9.2737919e+01
   7.5603711e+01
   6.6381545e+01
   6.4209496e+01
   6.8151865e+01
   7.7227747e+01
   9.0438381e+01
   1.0679271e+02
   1.2533063e+02
   1.4514350e+02
   1.6539173e+02
   1.8531911e+02
   2.0426388e+02
   2.2166660e+02
   2.3707476e+02
   2.5014444e+02
   2.6063920e+02
   2.6842643e+02
   2.7347160e+02
   2.7583056e+02
   2.7564051e+02
   2.7310969e+02
   2.6850645e+02
   2.6214777e+02
   2.5438770e+02
   2.4560598e+02
   2.3619699e+02
   2.2655943e+02
   2.1708665e+02
   2.0815806e+02
   2.0013143e+02
   1.9333639e+02
   1.8806898e+02
   1.8458739e+02
   1.8310878e+02
   1.8380714e+02
   1.8681215e+02
   1.9220904e+02
   2.0003915e+02
   2.1030132e+02
   2.2295388e+02
   2.3791717e+02
   2.5507647e+02
   2.7428534e+02
   2.9536910e+02
   3.1812854e+02
   3.4234369e+02
   3.6777761e+02
   3.9418012e+02
   4.2129146e+02
   4.4884577e+02
   4.7657442e+02
   5.0420920e+02
   5.3148517e+02
   5.5814338e+02
   5.8393336e+02
   6.0861531e+02
   6.3196210e+02
   6.5376110e+02
   6.7381565e+02
   6.9194652e+02
   7.0799301e+02
   7.2181400e+02
   7.3328873e+02
   7.4231754e+02
   7.4882234e+02
   7.5274711e+02
   7.5405810e+02
   7.5274405e+02
   7.4881625e+02
   7.4230845e+02
   7.3327671e+02
   7.2179912e+02
   7.0797538e+02
   6.9192624e+02
   6.7379286e+02
   6.5373595e+02
   6.3193476e+02
   6.0858593e+02
   5.8390215e+02
   5.5811053e+02
   5.3145088e+02
   5.0417369e+02
   4.7653790e+02
   4.4880845e+02
   4.2125357e+02
   3.9414188e+02
   3.6773923e+02
   3.4230538e+02
   3.1809051e+02
   2.9533154e+02
   2.7424844e+02
   2.5504041e+02
   2.3788210e+02
   2.2291995e+02
   2.1026867e+02
   2.0000789e+02
   1.9217927e+02
   1.8678396e+02
   1.8378059e+02
   1.8308393e+02
   1.8456425e+02
   1.8804755e+02
   1.9331667e+02
   2.0011340e+02
   2.0814166e+02
   2.1707183e+02
   2.2654610e+02
   2.3618506e+02
   2.4559534e+02
   2.5437824e+02
   2.6213936e+02
   2.6849895e+02
   2.7310296e+02
   2.7563441e+02
   2.7582495e+02
   2.7346634e+02
   2.6842141e+02
   2.6063429e+02
   2.5013955e+02
   2.3706981e+02
   2.2166156e+02
   2.0425873e+02
   1.8531387e+02
   1.6538648e+02
   1.4513836e+02
   1.2532577e+02
   1.0678837e+02
   9.0434843e+01
   7.7225373e+01
   6.8151081e+01
   6.4210791e+01
   6.6385479e+01
   7.5610903e+01
   9.2749043e+01
   1.1855902e+02
   1.5366824e+02
   1.9854469e+02
   2.5347101e+02
   3.1852154e+02
   3.9354294e+02
   4.7813930e+02
   5.7166256e+02
   6.7320883e+02
   7.8162119e+02
   8.9549938e+02
   1.0132166e+03
   1.1329433e+03
   1.2526786e+03
   1.3702875e+03
   1.4835448e+03
   1.5901845e+03
   1.6879533e+03
   1.7746671e+03
   1.8482709e+03
   1.9068976e+03
   1.9489278e+03
   1.9730459e+03
   1.9782938e+03
   1.9641181e+03
   1.9304124e+03
   1.8775501e+03
   1.8064098e+03
   1.7183903e+03
   1.6154153e+03
   1.4999276e+03
   1.3748722e+03
   1.2436685e+03
   1.1101723e+03
   9.7862831e+02
   8.5361289e+02
   7.3997001e+02
   6.4274011e+02
   5.6708415e+02
   5.1820411e+02
   5.0126168e+02
   5.2129670e+02
   5.8314719e+02
   6.9137228e+02
   8.5017991e+02
   1.0633603e+03
   1.3342269e+03
   1.6655649e+03
   2.0595899e+03
   2.5179151e+03
   3.0415291e+03
   3.6307842e+03
   4.2853942e+03
   5.0044426e+03
   5.7864002e+03
   6.6291511e+03
   7.5300275e+03
   8.4858510e+03
   9.4929799e+03
   1.0547362e+04
   1.1644592e+04
   1.2779969e+04
   1.3948559e+04
   1.5145256e+04
   1.6364843e+04
   1.7602052e+04
   1.8851621e+04
   2.0108347e+04
   2.1367141e+04
   2.2623070e+04
   2.3871399e+04
   2.5107631e+04
   2.6327534e+04
   2.7527173e+04
   2.8702923e+04
   2.9851492e+04
   3.0969928e+04
   3.2055626e+04
   3.3106327e+04
   3.4120120e+04
   3.5095430e+04
   3.6031011e+04
   3.6925933e+04
   3.7779567e+04
   3.8591563e+04
   3.9361836e+04
   4.0090544e+04
   4.0778065e+04
   4.1424973e+04
   4.2032019e+04
   4.2600108e+04
   4.3130273e+04
   4.3623657e+04
   4.4081488e+04
   4.4505062e+04
   4.4895720e+04
   4.5254833e+04
   4.5583778e+04
   4.5883931e+04
   4.6156641e+04
   4.6403225e+04
   4.6624950e+04
   4.6823021e+04
   4.6998574e+04
   4.7152662e+04
   4.7286250e+04
   4.7400207e+04
   4.7495297e+04
   4.7572177e+04
   4.7631390e+04
   4.7673361e+04
   4.7698398e+04
   4.7706684e+04
