   3.4438273e+00
   3.4438045e+00
   3.4437370e+00
   3.4436241e+00
   3.4434648e+00
   3.4432579e+00
   3.4430013e+00
   3.4426931e+00
   3.4423305e+00
   3.4419106e+00
   3.4414301e+00
   3.4408853e+00
   3.4402721e+00
   3.4395860e+00
   3.4388222e+00
   3.4379757e+00
   3.4370409e+00
   3.4360120e+00
   3.4348829e+00
   3.4336473e+00
   3.4322985e+00
   3.4308294e+00
   3.4292328e+00
   3.4275013e+00
   3.4256271e+00
   3.4236023e+00
   3.4214189e+00
   3.4190684e+00
   3.4165424e+00
   3.4138323e+00
   3.4109293e+00
   3.4078246e+00
   3.4045092e+00
   3.4009741e+00
   3.3972101e+00
   3.3932083e+00
   3.3889596e+00
   3.3844547e+00
   3.3796848e+00
   3.3746407e+00
   3.3693137e+00
   3.3636948e+00
   3.3577756e+00
   3.3515474e+00
   3.3450019e+00
   3.3381311e+00
   3.3309270e+00
   3.3233819e+00
   3.3154886e+00
   3.3072399e+00
   3.2986290e+00
   3.2896496e+00
   3.2802956e+00
   3.2705612e+00
   3.2604413e+00
   3.2499310e+00
   3.2390258e+00
   3.2277218e+00
   3.2160155e+00
   3.2039040e+00
   3.1913847e+00
   3.1784558e+00
   3.1651157e+00
   3.1513636e+00
   3.1371992e+00
   3.1226228e+00
   3.1076351e+00
   3.0922377e+00
   3.0764324e+00
   3.0602219e+00
   3.0436094e+00
   3.0265987e+00
   3.0091941e+00
   2.9914007e+00
   2.9732239e+00
   2.9546699e+00
   2.9357455e+00
   2.9164579e+00
   2.8968150e+00
   2.8768252e+00
   2.8564975e+00
   2.8358413e+00
   2.8148665e+00
   2.7935838e+00
   2.7720039e+00
   2.7501383e+00
   2.7279988e+00
   2.7055977e+00
   2.6829476e+00
   2.6600615e+00
   2.6369528e+00
   2.6136352e+00
   2.5901227e+00
   2.5664294e+00
   2.5425699e+00
   2.5185589e+00
   2.4944113e+00
   2.4701421e+00
   2.4457667e+00
   2.4213002e+00
   2.3967581e+00
   2.3721558e+00
   2.3475089e+00
   2.3228328e+00
   2.2981430e+00
   2.2734548e+00
   2.2487837e+00
   2.2241448e+00
   2.1995533e+00
   2.1750242e+00
   2.1505721e+00
   2.1262119e+00
   2.1019578e+00
   2.0778241e+00
   2.0538246e+00
   2.0299730e+00
   2.0062828e+00
   1.9827669e+00
   1.9594382e+00
   1.9363092e+00
   1.9133918e+00
   1.8906980e+00
   1.8682392e+00
   1.8460263e+00
   1.8240702e+00
   1.8023810e+00
   1.7809688e+00
   1.7598432e+00
   1.7390132e+00
   1.7184878e+00
   1.6982752e+00
   1.6783836e+00
   1.6588206e+00
   1.6395935e+00
   1.6207091e+00
   1.6021740e+00
   1.5839943e+00
   1.5661759e+00
   1.5487242e+00
   1.5316443e+00
   1.5149410e+00
   1.4986188e+00
   1.4826818e+00
   1.4671339e+00
   1.4519785e+00
   1.4372190e+00
   1.4228584e+00
   1.4088993e+00
   1.3953443e+00
   1.3821955e+00
   1.3694550e+00
   1.3571247e+00
   1.3452061e+00
   1.3337005e+00
   1.3226094e+00
   1.3119336e+00
   1.3016743e+00
   1.2918320e+00
   1.2824075e+00
   1.2734013e+00
   1.2648138e+00
   1.2566453e+00
   1.2488961e+00
   1.2415664e+00
   1.2346562e+00
   1.2281656e+00
   1.2220945e+00
   1.2164429e+00
   1.2112108e+00
   1.2063979e+00
   1.2020043e+00
   1.1980296e+00
   1.1944739e+00
   1.1913370e+00
   1.1886187e+00
   1.1863189e+00
   1.1844375e+00
   1.1829743e+00
   1.1819294e+00
   1.1813026e+00
   1.1810939e+00
   1.1813034e+00
   1.1819309e+00
   1.1829766e+00
   1.1844405e+00
   1.1863227e+00
   1.1886233e+00
   1.1913424e+00
   1.1944801e+00
   1.1980365e+00
   1.2020119e+00
   1.2064064e+00
   1.2112200e+00
   1.2164529e+00
   1.2221053e+00
   1.2281772e+00
   1.2346686e+00
   1.2415796e+00
   1.2489102e+00
   1.2566602e+00
   1.2648295e+00
   1.2734178e+00
   1.2824248e+00
   1.2918502e+00
   1.3016933e+00
   1.3119536e+00
   1.3226302e+00
   1.3337222e+00
   1.3452286e+00
   1.3571481e+00
   1.3694794e+00
   1.3822207e+00
   1.3953704e+00
   1.4089263e+00
   1.4228863e+00
   1.4372479e+00
   1.4520084e+00
   1.4671646e+00
   1.4827135e+00
   1.4986515e+00
   1.5149746e+00
   1.5316789e+00
   1.5487597e+00
   1.5662124e+00
   1.5840317e+00
   1.6022124e+00
   1.6207485e+00
   1.6396338e+00
   1.6588620e+00
   1.6784260e+00
   1.6983185e+00
   1.7185320e+00
   1.7390585e+00
   1.7598894e+00
   1.7810160e+00
   1.8024291e+00
   1.8241192e+00
   1.8460763e+00
   1.8682901e+00
   1.8907499e+00
   1.9134447e+00
   1.9363629e+00
   1.9594929e+00
   1.9828225e+00
   2.0063392e+00
   2.0300303e+00
   2.0538827e+00
   2.0778830e+00
   2.1020176e+00
   2.1262725e+00
   2.1506335e+00
   2.1750863e+00
   2.1996162e+00
   2.2242084e+00
   2.2488480e+00
   2.2735198e+00
   2.2982086e+00
   2.3228990e+00
   2.3475757e+00
   2.3722232e+00
   2.3968260e+00
   2.4213686e+00
   2.4458356e+00
   2.4702115e+00
   2.4944811e+00
   2.5186290e+00
   2.5426404e+00
   2.5665002e+00
   2.5901938e+00
   2.6137066e+00
   2.6370245e+00
   2.6601333e+00
   2.6830196e+00
   2.7056698e+00
   2.7280709e+00
   2.7502105e+00
   2.7720761e+00
   2.7936559e+00
   2.8149387e+00
   2.8359133e+00
   2.8565694e+00
   2.8768970e+00
   2.8968865e+00
   2.9165292e+00
   2.9358165e+00
   2.9547406e+00
   2.9732942e+00
   2.9914706e+00
   3.0092637e+00
   3.0266678e+00
   3.0436781e+00
   3.0602901e+00
   3.0765000e+00
   3.0923047e+00
   3.1077016e+00
   3.1226886e+00
   3.1372644e+00
   3.1514281e+00
   3.1651794e+00
   3.1785188e+00
   3.1914470e+00
   3.2039655e+00
   3.2160763e+00
   3.2277817e+00
   3.2390849e+00
   3.2499892e+00
   3.2604986e+00
   3.2706176e+00
   3.2803510e+00
   3.2897041e+00
   3.2986826e+00
   3.3072925e+00
   3.3155402e+00
   3.3234326e+00
   3.3309766e+00
   3.3381797e+00
   3.3450495e+00
   3.3515940e+00
   3.3578211e+00
   3.3637393e+00
   3.3693571e+00
   3.3746831e+00
   3.3797261e+00
   3.3844949e+00
   3.3889987e+00
   3.3932464e+00
   3.3972471e+00
   3.4010099e+00
   3.4045440e+00
   3.4078583e+00
   3.4109619e+00
   3.4138638e+00
   3.4165728e+00
   3.4190977e+00
   3.4214471e+00
   3.4236294e+00
   3.4256531e+00
   3.4275262e+00
   3.4292566e+00
   3.4308521e+00
   3.4323201e+00
   3.4336678e+00
   3.4349024e+00
   3.4360303e+00
   3.4370581e+00
   3.4379918e+00
   3.4388373e+00
   3.4396000e+00
   3.4402850e+00
   3.4408971e+00
   3.4414409e+00
   3.4419203e+00
   3.4423391e+00
   3.4427006e+00
   3.4430078e+00
   3.4432632e+00
   3.4434691e+00
   3.4436273e+00
   3.4437391e+00
   3.4438056e+00
   3.4438273e+00
