   3.1659351e+02
   3.1658925e+02
   3.1657671e+02
   3.1655552e+02
   3.1652508e+02
   3.1648453e+02
   3.1643277e+02
   3.1636847e+02
   3.1629005e+02
   3.1619570e+02
   3.1608338e+02
   3.1595084e+02
   3.1579558e+02
   3.1561491e+02
   3.1540591e+02
   3.1516548e+02
   3.1489031e+02
   3.1457691e+02
   3.1422160e+02
   3.1382055e+02
   3.1336977e+02
   3.1286514e+02
   3.1230238e+02
   3.1167712e+02
   3.1098488e+02
   3.1022110e+02
   3.0938116e+02
   3.0846038e+02
   3.0745405e+02
   3.0635747e+02
   3.0516593e+02
   3.0387478e+02
   3.0247943e+02
   3.0097534e+02
   2.9935812e+02
   2.9762350e+02
   2.9576736e+02
   2.9378580e+02
   2.9167509e+02
   2.8943179e+02
   2.8705271e+02
   2.8453495e+02
   2.8187594e+02
   2.7907349e+02
   2.7612574e+02
   2.7303127e+02
   2.6978907e+02
   2.6639859e+02
   2.6285974e+02
   2.5917293e+02
   2.5533908e+02
   2.5135961e+02
   2.4723650e+02
   2.4297227e+02
   2.3856998e+02
   2.3403326e+02
   2.2936631e+02
   2.2457385e+02
   2.1966120e+02
   2.1463419e+02
   2.0949918e+02
   2.0426306e+02
   1.9893322e+02
   1.9351750e+02
   1.8802422e+02
   1.8246209e+02
   1.7684021e+02
   1.7116803e+02
   1.6545533e+02
   1.5971214e+02
   1.5394870e+02
   1.4817547e+02
   1.4240300e+02
   1.3664196e+02
   1.3090301e+02
   1.2519683e+02
   1.1953400e+02
   1.1392500e+02
   1.0838012e+02
   1.0290943e+02
   9.7522734e+01
   9.2229504e+01
   8.7038853e+01
   8.1959481e+01
   7.6999640e+01
   7.2167091e+01
   6.7469074e+01
   6.2912275e+01
   5.8502798e+01
   5.4246145e+01
   5.0147193e+01
   4.6210181e+01
   4.2438701e+01
   3.8835686e+01
   3.5403414e+01
   3.2143509e+01
   2.9056942e+01
   2.6144048e+01
   2.3404537e+01
   2.0837511e+01
   1.8441489e+01
   1.6214426e+01
   1.4153745e+01
   1.2256364e+01
   1.0518733e+01
   8.9368594e+00
   7.5063541e+00
   6.2224617e+00
   5.0801015e+00
   4.0739059e+00
   3.1982591e+00
   2.4473368e+00
   1.8151445e+00
   1.2955557e+00
   8.8234965e-01
   5.6924667e-01
   3.4994351e-01
   2.1814629e-01
   1.6760194e-01
   1.9212779e-01
   2.8563886e-01
   4.4217319e-01
   6.5591502e-01
   9.2121556e-01
   1.2326115e+00
   1.5848412e+00
   1.9728585e+00
   2.3918445e+00
   2.8372168e+00
   3.3046370e+00
   3.7900157e+00
   4.2895160e+00
   4.7995547e+00
   5.3168022e+00
   5.8381806e+00
   6.3608603e+00
   6.8822552e+00
   7.4000169e+00
   7.9120279e+00
   8.4163932e+00
   8.9114323e+00
   9.3956691e+00
   9.8678227e+00
   1.0326796e+01
   1.0771668e+01
   1.1201676e+01
   1.1616214e+01
   1.2014815e+01
   1.2397141e+01
   1.2762975e+01
   1.3112206e+01
   1.3444824e+01
   1.3760903e+01
   1.4060599e+01
   1.4344133e+01
   1.4611789e+01
   1.4863900e+01
   1.5100842e+01
   1.5323026e+01
   1.5530892e+01
   1.5724901e+01
   1.5905527e+01
   1.6073255e+01
   1.6228572e+01
   1.6371964e+01
   1.6503912e+01
   1.6624884e+01
   1.6735336e+01
   1.6835703e+01
   1.6926404e+01
   1.7007829e+01
   1.7080345e+01
   1.7144289e+01
   1.7199968e+01
   1.7247657e+01
   1.7287597e+01
   1.7319992e+01
   1.7345014e+01
   1.7362794e+01
   1.7373429e+01
   1.7376976e+01
   1.7373453e+01
   1.7362842e+01
   1.7345085e+01
   1.7320087e+01
   1.7287714e+01
   1.7247798e+01
   1.7200132e+01
   1.7144475e+01
   1.7080553e+01
   1.7008059e+01
   1.6926655e+01
   1.6835976e+01
   1.6735629e+01
   1.6625197e+01
   1.6504245e+01
   1.6372315e+01
   1.6228941e+01
   1.6073641e+01
   1.5905929e+01
   1.5725318e+01
   1.5531324e+01
   1.5323471e+01
   1.5101299e+01
   1.4864368e+01
   1.4612267e+01
   1.4344619e+01
   1.4061092e+01
   1.3761402e+01
   1.3445326e+01
   1.3112711e+01
   1.2763481e+01
   1.2397647e+01
   1.2015318e+01
   1.1616713e+01
   1.1202169e+01
   1.0772152e+01
   1.0327272e+01
   9.8682870e+00
   9.3961204e+00
   8.9118690e+00
   8.4168137e+00
   7.9124305e+00
   7.4004003e+00
   6.8826179e+00
   6.3612012e+00
   5.8384985e+00
   5.3170962e+00
   4.7998241e+00
   4.2897603e+00
   3.7902348e+00
   3.3048308e+00
   2.8373856e+00
   2.3919890e+00
   1.9729797e+00
   1.5849405e+00
   1.2326907e+00
   9.2127683e-01
   6.5596104e-01
   4.4220709e-01
   2.8566426e-01
   1.9214884e-01
   1.6762338e-01
   2.1817339e-01
   3.4998199e-01
   5.6930280e-01
   8.8243026e-01
   1.2956683e+00
   1.8152968e+00
   2.4475376e+00
   3.1985173e+00
   4.0742311e+00
   5.0805039e+00
   6.2229517e+00
   7.5069428e+00
   8.9375582e+00
   1.0519553e+01
   1.2257319e+01
   1.4154845e+01
   1.6215685e+01
   1.8442920e+01
   2.0839127e+01
   2.3406350e+01
   2.6146071e+01
   2.9059188e+01
   3.2145990e+01
   3.5406144e+01
   3.8838676e+01
   4.2441962e+01
   4.6213726e+01
   5.0151032e+01
   5.4250288e+01
   5.8507254e+01
   6.2917054e+01
   6.7474183e+01
   7.2172538e+01
   7.7005431e+01
   8.1965621e+01
   8.7045346e+01
   9.2236354e+01
   9.7529943e+01
   1.0291700e+02
   1.0838805e+02
   1.1393329e+02
   1.1954265e+02
   1.2520583e+02
   1.3091236e+02
   1.3665165e+02
   1.4241303e+02
   1.4818583e+02
   1.5395938e+02
   1.5972312e+02
   1.6546662e+02
   1.7117960e+02
   1.7685205e+02
   1.8247419e+02
   1.8803657e+02
   1.9353008e+02
   1.9894601e+02
   2.0427605e+02
   2.0951235e+02
   2.1464752e+02
   2.1967469e+02
   2.2458747e+02
   2.2938003e+02
   2.3404707e+02
   2.3858386e+02
   2.4298620e+02
   2.4725047e+02
   2.5137360e+02
   2.5535306e+02
   2.5918690e+02
   2.6287367e+02
   2.6641246e+02
   2.6980286e+02
   2.7304497e+02
   2.7613933e+02
   2.7908696e+02
   2.8188927e+02
   2.8454812e+02
   2.8706571e+02
   2.8944461e+02
   2.9168771e+02
   2.9379821e+02
   2.9577955e+02
   2.9763545e+02
   2.9936983e+02
   3.0098679e+02
   3.0249061e+02
   3.0388569e+02
   3.0517655e+02
   3.0636779e+02
   3.0746407e+02
   3.0847009e+02
   3.0939056e+02
   3.1023018e+02
   3.1099362e+02
   3.1168553e+02
   3.1231045e+02
   3.1287287e+02
   3.1337716e+02
   3.1382758e+02
   3.1422827e+02
   3.1458323e+02
   3.1489627e+02
   3.1517108e+02
   3.1541115e+02
   3.1561977e+02
   3.1580008e+02
   3.1595496e+02
   3.1608714e+02
   3.1619908e+02
   3.1629306e+02
   3.1637110e+02
   3.1643503e+02
   3.1648642e+02
   3.1652659e+02
   3.1655665e+02
   3.1657746e+02
   3.1658963e+02
   3.1659351e+02
