   1.5324090e+02
   1.5340290e+02
   1.5387762e+02
   1.5466550e+02
   1.5576733e+02
   1.5718417e+02
   1.5891735e+02
   1.6096851e+02
   1.6333953e+02
   1.6603254e+02
   1.6904991e+02
   1.7239421e+02
   1.7606820e+02
   1.8007482e+02
   1.8441714e+02
   1.8909833e+02
   1.9412165e+02
   1.9949041e+02
   2.0520793e+02
   2.1127751e+02
   2.1770236e+02
   2.2448561e+02
   2.3163023e+02
   2.3913899e+02
   2.4701444e+02
   2.5525882e+02
   2.6387403e+02
   2.7286160e+02
   2.8222260e+02
   2.9195760e+02
   3.0206665e+02
   3.1254918e+02
   3.2340397e+02
   3.3462908e+02
   3.4622182e+02
   3.5817869e+02
   3.7049531e+02
   3.8316640e+02
   3.9618572e+02
   4.0954600e+02
   4.2323894e+02
   4.3725515e+02
   4.5158409e+02
   4.6621409e+02
   4.8113227e+02
   4.9632455e+02
   5.1177561e+02
   5.2746888e+02
   5.4338656e+02
   5.5950955e+02
   5.7581755e+02
   5.9228899e+02
   6.0890108e+02
   6.2562983e+02
   6.4245008e+02
   6.5933557e+02
   6.7625894e+02
   6.9319178e+02
   7.1010477e+02
   7.2696764e+02
   7.4374935e+02
   7.6041809e+02
   7.7694143e+02
   7.9328637e+02
   8.0941949e+02
   8.2530701e+02
   8.4091497e+02
   8.5620926e+02
   8.7115583e+02
   8.8572076e+02
   8.9987041e+02
   9.1357157e+02
   9.2679155e+02
   9.3949836e+02
   9.5166081e+02
   9.6324866e+02
   9.7423274e+02
   9.8458510e+02
   9.9427910e+02
   1.0032896e+03
   1.0115929e+03
   1.0191671e+03
   1.0259921e+03
   1.0320496e+03
   1.0373232e+03
   1.0417986e+03
   1.0454637e+03
   1.0483084e+03
   1.0503250e+03
   1.0515078e+03
   1.0518536e+03
   1.0513615e+03
   1.0500326e+03
   1.0478707e+03
   1.0448816e+03
   1.0410735e+03
   1.0364567e+03
   1.0310437e+03
   1.0248491e+03
   1.0178896e+03
   1.0101836e+03
   1.0017517e+03
   9.9261604e+02
   9.8280048e+02
   9.7233042e+02
   9.6123273e+02
   9.4953555e+02
   9.3726823e+02
   9.2446119e+02
   9.1114575e+02
   8.9735404e+02
   8.8311886e+02
   8.6847353e+02
   8.5345174e+02
   8.3808748e+02
   8.2241484e+02
   8.0646793e+02
   7.9028075e+02
   7.7388704e+02
   7.5732021e+02
   7.4061320e+02
   7.2379838e+02
   7.0690749e+02
   6.8997149e+02
   6.7302053e+02
   6.5608385e+02
   6.3918970e+02
   6.2236532e+02
   6.0563683e+02
   5.8902925e+02
   5.7256640e+02
   5.5627089e+02
   5.4016414e+02
   5.2426628e+02
   5.0859621e+02
   4.9317157e+02
   4.7800873e+02
   4.6312283e+02
   4.4852776e+02
   4.3423623e+02
   4.2025973e+02
   4.0660859e+02
   3.9329205e+02
   3.8031822e+02
   3.6769419e+02
   3.5542604e+02
   3.4351889e+02
   3.3197695e+02
   3.2080357e+02
   3.1000129e+02
   2.9957190e+02
   2.8951648e+02
   2.7983547e+02
   2.7052870e+02
   2.6159548e+02
   2.5303461e+02
   2.4484447e+02
   2.3702305e+02
   2.2956801e+02
   2.2247671e+02
   2.1574631e+02
   2.0937375e+02
   2.0335585e+02
   1.9768929e+02
   1.9237075e+02
   1.8739683e+02
   1.8276418e+02
   1.7846951e+02
   1.7450958e+02
   1.7088130e+02
   1.6758170e+02
   1.6460799e+02
   1.6195758e+02
   1.5962807e+02
   1.5761732e+02
   1.5592343e+02
   1.5454477e+02
   1.5347998e+02
   1.5272799e+02
   1.5228805e+02
   1.5215967e+02
   1.5234269e+02
   1.5283726e+02
   1.5364383e+02
   1.5476313e+02
   1.5619621e+02
   1.5794441e+02
   1.6000933e+02
   1.6239285e+02
   1.6509708e+02
   1.6812438e+02
   1.7147733e+02
   1.7515867e+02
   1.7917135e+02
   1.8351842e+02
   1.8820307e+02
   1.9322857e+02
   1.9859822e+02
   2.0431537e+02
   2.1038331e+02
   2.1680528e+02
   2.2358444e+02
   2.3072376e+02
   2.3822606e+02
   2.4609391e+02
   2.5432958e+02
   2.6293501e+02
   2.7191177e+02
   2.8126097e+02
   2.9098325e+02
   3.0107870e+02
   3.1154681e+02
   3.2238641e+02
   3.3359565e+02
   3.4517190e+02
   3.5711173e+02
   3.6941085e+02
   3.8206408e+02
   3.9506523e+02
   4.0840716e+02
   4.2208166e+02
   4.3607943e+02
   4.5039005e+02
   4.6500196e+02
   4.7990239e+02
   4.9507737e+02
   5.1051170e+02
   5.2618896e+02
   5.4209143e+02
   5.5820018e+02
   5.7449502e+02
   5.9095449e+02
   6.0755596e+02
   6.2427556e+02
   6.4108826e+02
   6.5796792e+02
   6.7488729e+02
   6.9181813e+02
   7.0873119e+02
   7.2559636e+02
   7.4238267e+02
   7.5905845e+02
   7.7559135e+02
   7.9194847e+02
   8.0809648e+02
   8.2400169e+02
   8.3963019e+02
   8.5494794e+02
   8.6992095e+02
   8.8451534e+02
   8.9869750e+02
   9.1243425e+02
   9.2569290e+02
   9.3844146e+02
   9.5064874e+02
   9.6228446e+02
   9.7331942e+02
   9.8372563e+02
   9.9347638e+02
   1.0025464e+03
   1.0109121e+03
   1.0185513e+03
   1.0254438e+03
   1.0315711e+03
   1.0369170e+03
   1.0414667e+03
   1.0452082e+03
   1.0481311e+03
   1.0502275e+03
   1.0514917e+03
   1.0519202e+03
   1.0515118e+03
   1.0502677e+03
   1.0481912e+03
   1.0452881e+03
   1.0415663e+03
   1.0370359e+03
   1.0317092e+03
   1.0256006e+03
   1.0187266e+03
   1.0111054e+03
   1.0027574e+03
   9.9370451e+02
   9.8397042e+02
   9.7358036e+02
   9.6256099e+02
   9.5094030e+02
   9.3874746e+02
   9.2601273e+02
   9.1276729e+02
   8.9904314e+02
   8.8487294e+02
   8.7028988e+02
   8.5532757e+02
   8.4001988e+02
   8.2440083e+02
   8.0850445e+02
   7.9236467e+02
   7.7601518e+02
   7.5948936e+02
   7.4282011e+02
   7.2603980e+02
   7.0918014e+02
   6.9227211e+02
   6.7534586e+02
   6.5843066e+02
   6.4155480e+02
   6.2474554e+02
   6.0802908e+02
   5.9143048e+02
   5.7497362e+02
   5.5868120e+02
   5.4257471e+02
   5.2667436e+02
   5.1099916e+02
   4.9556682e+02
   4.8039383e+02
   4.6549542e+02
   4.5088561e+02
   4.3657719e+02
   4.2258177e+02
   4.0890981e+02
   3.9557064e+02
   3.8257251e+02
   3.6992261e+02
   3.5762714e+02
   3.4569133e+02
   3.3411951e+02
   3.2291514e+02
   3.1208087e+02
   3.0161860e+02
   2.9152952e+02
   2.8181418e+02
   2.7247251e+02
   2.6350391e+02
   2.5490729e+02
   2.4668113e+02
   2.3882349e+02
   2.3133213e+02
   2.2420452e+02
   2.1743786e+02
   2.1102920e+02
   2.0497541e+02
   1.9927328e+02
   1.9391952e+02
   1.8891083e+02
   1.8424391e+02
   1.7991552e+02
   1.7592249e+02
   1.7226179e+02
   1.6893048e+02
   1.6592585e+02
   1.6324532e+02
   1.6088657e+02
   1.5884749e+02
   1.5712620e+02
   1.5572113e+02
   1.5463096e+02
   1.5385463e+02
   1.5339143e+02
   1.5324090e+02
