   7.6726958e+02
   7.6756444e+02
   7.6840697e+02
   7.6979874e+02
   7.7174234e+02
   7.7424138e+02
   7.7730048e+02
   7.8092523e+02
   7.8512215e+02
   7.8989871e+02
   7.9526325e+02
   8.0122493e+02
   8.0779372e+02
   8.1498033e+02
   8.2279612e+02
   8.3125308e+02
   8.4036374e+02
   8.5014110e+02
   8.6059851e+02
   8.7174966e+02
   8.8360838e+02
   8.9618865e+02
   9.0950440e+02
   9.2356946e+02
   9.3839739e+02
   9.5400142e+02
   9.7039423e+02
   9.8758793e+02
   1.0055938e+03
   1.0244222e+03
   1.0440826e+03
   1.0645829e+03
   1.0859300e+03
   1.1081290e+03
   1.1311835e+03
   1.1550951e+03
   1.1798636e+03
   1.2054865e+03
   1.2319590e+03
   1.2592738e+03
   1.2874212e+03
   1.3163886e+03
   1.3461604e+03
   1.3767183e+03
   1.4080407e+03
   1.4401027e+03
   1.4728764e+03
   1.5063301e+03
   1.5404291e+03
   1.5751347e+03
   1.6104052e+03
   1.6461949e+03
   1.6824549e+03
   1.7191326e+03
   1.7561720e+03
   1.7935138e+03
   1.8310952e+03
   1.8688505e+03
   1.9067107e+03
   1.9446042e+03
   1.9824563e+03
   2.0201903e+03
   2.0577268e+03
   2.0949847e+03
   2.1318811e+03
   2.1683315e+03
   2.2042505e+03
   2.2395516e+03
   2.2741482e+03
   2.3079533e+03
   2.3408802e+03
   2.3728429e+03
   2.4037564e+03
   2.4335371e+03
   2.4621031e+03
   2.4893747e+03
   2.5152750e+03
   2.5397296e+03
   2.5626677e+03
   2.5840221e+03
   2.6037297e+03
   2.6217315e+03
   2.6379733e+03
   2.6524058e+03
   2.6649849e+03
   2.6756720e+03
   2.6844340e+03
   2.6912437e+03
   2.6960797e+03
   2.6989270e+03
   2.6997766e+03
   2.6986255e+03
   2.6954774e+03
   2.6903417e+03
   2.6832343e+03
   2.6741771e+03
   2.6631978e+03
   2.6503303e+03
   2.6356136e+03
   2.6190924e+03
   2.6008167e+03
   2.5808410e+03
   2.5592249e+03
   2.5360318e+03
   2.5113296e+03
   2.4851893e+03
   2.4576857e+03
   2.4288962e+03
   2.3989006e+03
   2.3677812e+03
   2.3356218e+03
   2.3025077e+03
   2.2685249e+03
   2.2337604e+03
   2.1983012e+03
   2.1622341e+03
   2.1256454e+03
   2.0886208e+03
   2.0512445e+03
   2.0135995e+03
   1.9757669e+03
   1.9378258e+03
   1.8998530e+03
   1.8619227e+03
   1.8241065e+03
   1.7864733e+03
   1.7490884e+03
   1.7120144e+03
   1.6753104e+03
   1.6390322e+03
   1.6032318e+03
   1.5679582e+03
   1.5332564e+03
   1.4991681e+03
   1.4657314e+03
   1.4329810e+03
   1.4009479e+03
   1.3696600e+03
   1.3391417e+03
   1.3094142e+03
   1.2804957e+03
   1.2524013e+03
   1.2251432e+03
   1.1987310e+03
   1.1731716e+03
   1.1484694e+03
   1.1246268e+03
   1.1016436e+03
   1.0795179e+03
   1.0582459e+03
   1.0378222e+03
   1.0182398e+03
   9.9949032e+02
   9.8156424e+02
   9.6445096e+02
   9.4813897e+02
   9.3261601e+02
   9.1786920e+02
   9.0388516e+02
   8.9065016e+02
   8.7815025e+02
   8.6637135e+02
   8.5529938e+02
   8.4492037e+02
   8.3522056e+02
   8.2618648e+02
   8.1780507e+02
   8.1006372e+02
   8.0295038e+02
   7.9645362e+02
   7.9056269e+02
   7.8526758e+02
   7.8055910e+02
   7.7642887e+02
   7.7286941e+02
   7.6987419e+02
   7.6743759e+02
   7.6555501e+02
   7.6422282e+02
   7.6343846e+02
   7.6320035e+02
   7.6350797e+02
   7.6436187e+02
   7.6576359e+02
   7.6771574e+02
   7.7022193e+02
   7.7328678e+02
   7.7691590e+02
   7.8111583e+02
   7.8589406e+02
   7.9125893e+02
   7.9721965e+02
   8.0378621e+02
   8.1096935e+02
   8.1878047e+02
   8.2723161e+02
   8.3633533e+02
   8.4610468e+02
   8.5655308e+02
   8.6769425e+02
   8.7954210e+02
   8.9211067e+02
   9.0541396e+02
   9.1946586e+02
   9.3428004e+02
   9.4986979e+02
   9.6624789e+02
   9.8342653e+02
   1.0014171e+03
   1.0202301e+03
   1.0398750e+03
   1.0603600e+03
   1.0816919e+03
   1.1038761e+03
   1.1269162e+03
   1.1508141e+03
   1.1755696e+03
   1.2011804e+03
   1.2276418e+03
   1.2549469e+03
   1.2830858e+03
   1.3120462e+03
   1.3418128e+03
   1.3723673e+03
   1.4036883e+03
   1.4357513e+03
   1.4685283e+03
   1.5019879e+03
   1.5360956e+03
   1.5708129e+03
   1.6060981e+03
   1.6419060e+03
   1.6781876e+03
   1.7148906e+03
   1.7519592e+03
   1.7893342e+03
   1.8269531e+03
   1.8647501e+03
   1.9026566e+03
   1.9406009e+03
   1.9785088e+03
   2.0163033e+03
   2.0539054e+03
   2.0912341e+03
   2.1282063e+03
   2.1647379e+03
   2.2007434e+03
   2.2361364e+03
   2.2708302e+03
   2.3047379e+03
   2.3377728e+03
   2.3698489e+03
   2.4008811e+03
   2.4307857e+03
   2.4594808e+03
   2.4868866e+03
   2.5129259e+03
   2.5375244e+03
   2.5606109e+03
   2.5821183e+03
   2.6019829e+03
   2.6201458e+03
   2.6365525e+03
   2.6511535e+03
   2.6639043e+03
   2.6747660e+03
   2.6837052e+03
   2.6906945e+03
   2.6957123e+03
   2.6987430e+03
   2.6997772e+03
   2.6988119e+03
   2.6958501e+03
   2.6909011e+03
   2.6839803e+03
   2.6751093e+03
   2.6643155e+03
   2.6516322e+03
   2.6370982e+03
   2.6207580e+03
   2.6026610e+03
   2.5828615e+03
   2.5614187e+03
   2.5383959e+03
   2.5138604e+03
   2.4878832e+03
   2.4605385e+03
   2.4319037e+03
   2.4020584e+03
   2.3710845e+03
   2.3390658e+03
   2.3060871e+03
   2.2722346e+03
   2.2375950e+03
   2.2022551e+03
   2.1663016e+03
   2.1298210e+03
   2.0928986e+03
   2.0556188e+03
   2.0180643e+03
   1.9803165e+03
   1.9424543e+03
   1.9045546e+03
   1.8666917e+03
   1.8289373e+03
   1.7913601e+03
   1.7540259e+03
   1.7169972e+03
   1.6803332e+03
   1.6440897e+03
   1.6083193e+03
   1.5730707e+03
   1.5383893e+03
   1.5043169e+03
   1.4708919e+03
   1.4381489e+03
   1.4061195e+03
   1.3748314e+03
   1.3443093e+03
   1.3145748e+03
   1.2856461e+03
   1.2575386e+03
   1.2302646e+03
   1.2038341e+03
   1.1782539e+03
   1.1535290e+03
   1.1296615e+03
   1.1066517e+03
   1.0844979e+03
   1.0631965e+03
   1.0427421e+03
   1.0231279e+03
   1.0043458e+03
   9.8638634e+02
   9.6923914e+02
   9.5289283e+02
   9.3733528e+02
   9.2255373e+02
   9.0853496e+02
   8.9526534e+02
   8.8273104e+02
   8.7091810e+02
   8.5981253e+02
   8.4940048e+02
   8.3966826e+02
   8.3060249e+02
   8.2219020e+02
   8.1441884e+02
   8.0727644e+02
   8.0075163e+02
   7.9483371e+02
   7.8951275e+02
   7.8477957e+02
   7.8062586e+02
   7.7704418e+02
   7.7402800e+02
   7.7157177e+02
   7.6967090e+02
   7.6832178e+02
   7.6752185e+02
   7.6726958e+02
