   1.8844954e-09
   6.5764162e-08
   2.5027331e-07
   5.5586050e-07
   9.8216720e-07
   1.5286777e-06
   2.1947292e-06
   2.9795137e-06
   3.8820788e-06
   4.9013292e-06
   6.0360281e-06
   7.2847983e-06
   8.6461243e-06
   1.0118354e-05
   1.1699700e-05
   1.3388242e-05
   1.5181932e-05
   1.7078591e-05
   1.9075917e-05
   2.1171484e-05
   2.3362748e-05
   2.5647047e-05
   2.8021608e-05
   3.0483545e-05
   3.3029868e-05
   3.5657484e-05
   3.8363199e-05
   4.1143727e-05
   4.3995687e-05
   4.6915614e-05
   4.9899957e-05
   5.2945090e-05
   5.6047308e-05
   5.9202840e-05
   6.2407847e-05
   6.5658432e-05
   6.8950640e-05
   7.2280466e-05
   7.5643857e-05
   7.9036720e-05
   8.2454925e-05
   8.5894312e-05
   8.9350692e-05
   9.2819857e-05
   9.6297582e-05
   9.9779630e-05
   1.0326176e-04
   1.0673973e-04
   1.1020930e-04
   1.1366624e-04
   1.1710634e-04
   1.2052541e-04
   1.2391927e-04
   1.2728379e-04
   1.3061486e-04
   1.3390842e-04
   1.3716046e-04
   1.4036700e-04
   1.4352413e-04
   1.4662800e-04
   1.4967482e-04
   1.5266087e-04
   1.5558251e-04
   1.5843617e-04
   1.6121836e-04
   1.6392568e-04
   1.6655483e-04
   1.6910260e-04
   1.7156587e-04
   1.7394163e-04
   1.7622699e-04
   1.7841914e-04
   1.8051541e-04
   1.8251323e-04
   1.8441017e-04
   1.8620391e-04
   1.8789224e-04
   1.8947311e-04
   1.9094459e-04
   1.9230487e-04
   1.9355229e-04
   1.9468533e-04
   1.9570259e-04
   1.9660284e-04
   1.9738498e-04
   1.9804804e-04
   1.9859121e-04
   1.9901384e-04
   1.9931540e-04
   1.9949553e-04
   1.9955400e-04
   1.9949075e-04
   1.9930585e-04
   1.9899952e-04
   1.9857214e-04
   1.9802424e-04
   1.9735648e-04
   1.9656968e-04
   1.9566481e-04
   1.9464296e-04
   1.9350540e-04
   1.9225350e-04
   1.9088881e-04
   1.8941299e-04
   1.8782784e-04
   1.8613530e-04
   1.8433745e-04
   1.8243648e-04
   1.8043471e-04
   1.7833460e-04
   1.7613870e-04
   1.7384971e-04
   1.7147041e-04
   1.6900373e-04
   1.6645266e-04
   1.6382033e-04
   1.6110995e-04
   1.5832484e-04
   1.5546839e-04
   1.5254410e-04
   1.4955553e-04
   1.4650634e-04
   1.4340023e-04
   1.4024102e-04
   1.3703255e-04
   1.3377874e-04
   1.3048355e-04
   1.2715101e-04
   1.2378519e-04
   1.2039018e-04
   1.1697013e-04
   1.1352921e-04
   1.1007161e-04
   1.0660155e-04
   1.0312325e-04
   9.9640967e-05
   9.6158928e-05
   9.2681380e-05
   8.9212558e-05
   8.5756689e-05
   8.2317980e-05
   7.8900617e-05
   7.5508762e-05
   7.2146544e-05
   6.8818054e-05
   6.5527342e-05
   6.2278414e-05
   5.9075220e-05
   5.5921659e-05
   5.2821566e-05
   4.9778710e-05
   4.6796792e-05
   4.3879437e-05
   4.1030192e-05
   3.8252520e-05
   3.5549798e-05
   3.2925309e-05
   3.0382242e-05
   2.7923689e-05
   2.5552635e-05
   2.3271961e-05
   2.1084436e-05
   1.8992719e-05
   1.6999349e-05
   1.5106746e-05
   1.3317209e-05
   1.1632911e-05
   1.0055897e-05
   8.5880802e-06
   7.2312434e-06
   5.9870335e-06
   4.8569606e-06
   3.8423964e-06
   2.9445723e-06
   2.1645778e-06
   1.5033597e-06
   9.6172011e-07
   5.4031606e-07
   2.3965714e-07
   6.0093349e-08
   3.3733243e-10
   6.5070424e-08
   2.4960514e-07
   5.5522420e-07
   9.8157077e-07
   1.5281294e-06
   2.1942375e-06
   2.9790870e-06
   3.8817255e-06
   4.9010577e-06
   6.0358467e-06
   7.2847153e-06
   8.6461477e-06
   1.0118492e-05
   1.1699960e-05
   1.3388632e-05
   1.5182459e-05
   1.7079263e-05
   1.9076740e-05
   2.1172465e-05
   2.3363893e-05
   2.5648363e-05
   2.8023099e-05
   3.0485218e-05
   3.3031728e-05
   3.5659534e-05
   3.8365445e-05
   4.1146171e-05
   4.3998334e-05
   4.6918465e-05
   4.9903016e-05
   5.2948357e-05
   5.6050786e-05
   5.9206529e-05
   6.2411749e-05
   6.5662546e-05
   6.8954965e-05
   7.2285001e-05
   7.5648601e-05
   7.9041671e-05
   8.2460081e-05
   8.5899669e-05
   8.9356247e-05
   9.2825605e-05
   9.6303519e-05
   9.9785752e-05
   1.0326806e-04
   1.0674620e-04
   1.1021594e-04
   1.1367304e-04
   1.1711330e-04
   1.2053251e-04
   1.2392651e-04
   1.2729115e-04
   1.3062235e-04
   1.3391602e-04
   1.3716816e-04
   1.4037480e-04
   1.4353201e-04
   1.4663596e-04
   1.4968284e-04
   1.5266895e-04
   1.5559063e-04
   1.5844432e-04
   1.6122653e-04
   1.6393387e-04
   1.6656302e-04
   1.6911077e-04
   1.7157402e-04
   1.7394976e-04
   1.7623507e-04
   1.7842717e-04
   1.8052337e-04
   1.8252113e-04
   1.8441798e-04
   1.8621162e-04
   1.8789985e-04
   1.8948061e-04
   1.9095196e-04
   1.9231211e-04
   1.9355939e-04
   1.9469228e-04
   1.9570938e-04
   1.9660947e-04
   1.9739143e-04
   1.9805431e-04
   1.9859730e-04
   1.9901973e-04
   1.9932110e-04
   1.9950102e-04
   1.9955928e-04
   1.9949581e-04
   1.9931069e-04
   1.9900414e-04
   1.9857654e-04
   1.9802841e-04
   1.9736043e-04
   1.9657340e-04
   1.9566829e-04
   1.9464621e-04
   1.9350842e-04
   1.9225629e-04
   1.9089137e-04
   1.8941531e-04
   1.8782994e-04
   1.8613718e-04
   1.8433911e-04
   1.8243792e-04
   1.8043594e-04
   1.7833561e-04
   1.7613951e-04
   1.7385032e-04
   1.7147083e-04
   1.6900395e-04
   1.6645270e-04
   1.6382020e-04
   1.6110965e-04
   1.5832438e-04
   1.5546778e-04
   1.5254334e-04
   1.4955463e-04
   1.4650530e-04
   1.4339908e-04
   1.4023975e-04
   1.3703118e-04
   1.3377727e-04
   1.3048199e-04
   1.2714937e-04
   1.2378348e-04
   1.2038841e-04
   1.1696831e-04
   1.1352734e-04
   1.1006971e-04
   1.0659962e-04
   1.0312131e-04
   9.9639011e-05
   9.6156970e-05
   9.2679428e-05
   8.9210621e-05
   8.5754772e-05
   8.2316092e-05
   7.8898765e-05
   7.5506952e-05
   7.2144782e-05
   6.8816346e-05
   6.5525694e-05
   6.2276831e-05
   5.9073708e-05
   5.5920222e-05
   5.2820207e-05
   4.9777433e-05
   4.6795601e-05
   4.3878334e-05
   4.1029180e-05
   3.8251601e-05
   3.5548972e-05
   3.2924578e-05
   3.0381607e-05
   2.7923149e-05
   2.5552190e-05
   2.3271610e-05
   2.1084178e-05
   1.8992552e-05
   1.6999271e-05
   1.5106754e-05
   1.3317300e-05
   1.1633082e-05
   1.0056143e-05
   8.5883970e-06
   7.2316266e-06
   5.9874778e-06
   4.8574607e-06
   3.8429463e-06
   2.9451659e-06
   2.1652087e-06
   1.5040210e-06
   9.6240488e-07
   5.4101701e-07
   2.4036681e-07
   6.0804923e-08
   1.8844954e-09
