   9.8184169e+02
   9.8206764e+02
   9.8270939e+02
   9.8376841e+02
   9.8524710e+02
   9.8714886e+02
   9.8947797e+02
   9.9223967e+02
   9.9544008e+02
   9.9908619e+02
   1.0031858e+03
   1.0077476e+03
   1.0127809e+03
   1.0182960e+03
   1.0243034e+03
   1.0308147e+03
   1.0378419e+03
   1.0453972e+03
   1.0534937e+03
   1.0621446e+03
   1.0713632e+03
   1.0811634e+03
   1.0915587e+03
   1.1025630e+03
   1.1141898e+03
   1.1264526e+03
   1.1393644e+03
   1.1529377e+03
   1.1671846e+03
   1.1821164e+03
   1.1977436e+03
   1.2140755e+03
   1.2311207e+03
   1.2488861e+03
   1.2673775e+03
   1.2865990e+03
   1.3065532e+03
   1.3272405e+03
   1.3486598e+03
   1.3708075e+03
   1.3936779e+03
   1.4172628e+03
   1.4415518e+03
   1.4665315e+03
   1.4921860e+03
   1.5184964e+03
   1.5454410e+03
   1.5729950e+03
   1.6011305e+03
   1.6298166e+03
   1.6590190e+03
   1.6887005e+03
   1.7188205e+03
   1.7493352e+03
   1.7801979e+03
   1.8113584e+03
   1.8427640e+03
   1.8743586e+03
   1.9060835e+03
   1.9378774e+03
   1.9696764e+03
   2.0014143e+03
   2.0330227e+03
   2.0644313e+03
   2.0955682e+03
   2.1263601e+03
   2.1567324e+03
   2.1866099e+03
   2.2159166e+03
   2.2445765e+03
   2.2725135e+03
   2.2996521e+03
   2.3259176e+03
   2.3512363e+03
   2.3755361e+03
   2.3987467e+03
   2.4208001e+03
   2.4416306e+03
   2.4611756e+03
   2.4793757e+03
   2.4961748e+03
   2.5115208e+03
   2.5253657e+03
   2.5376658e+03
   2.5483819e+03
   2.5574799e+03
   2.5649303e+03
   2.5707092e+03
   2.5747977e+03
   2.5771825e+03
   2.5778555e+03
   2.5768146e+03
   2.5740627e+03
   2.5696088e+03
   2.5634669e+03
   2.5556566e+03
   2.5462028e+03
   2.5351356e+03
   2.5224900e+03
   2.5083057e+03
   2.4926272e+03
   2.4755032e+03
   2.4569864e+03
   2.4371335e+03
   2.4160043e+03
   2.3936621e+03
   2.3701730e+03
   2.3456054e+03
   2.3200300e+03
   2.2935193e+03
   2.2661472e+03
   2.2379887e+03
   2.2091195e+03
   2.1796159e+03
   2.1495540e+03
   2.1190098e+03
   2.0880586e+03
   2.0567750e+03
   2.0252322e+03
   1.9935020e+03
   1.9616547e+03
   1.9297583e+03
   1.8978789e+03
   1.8660802e+03
   1.8344233e+03
   1.8029666e+03
   1.7717656e+03
   1.7408731e+03
   1.7103386e+03
   1.6802087e+03
   1.6505266e+03
   1.6213325e+03
   1.5926634e+03
   1.5645529e+03
   1.5370316e+03
   1.5101270e+03
   1.4838634e+03
   1.4582621e+03
   1.4333415e+03
   1.4091172e+03
   1.3856019e+03
   1.3628059e+03
   1.3407368e+03
   1.3194000e+03
   1.2987985e+03
   1.2789332e+03
   1.2598033e+03
   1.2414057e+03
   1.2237361e+03
   1.2067884e+03
   1.1905551e+03
   1.1750277e+03
   1.1601962e+03
   1.1460501e+03
   1.1325776e+03
   1.1197666e+03
   1.1076043e+03
   1.0960773e+03
   1.0851721e+03
   1.0748748e+03
   1.0651717e+03
   1.0560486e+03
   1.0474920e+03
   1.0394880e+03
   1.0320235e+03
   1.0250854e+03
   1.0186611e+03
   1.0127386e+03
   1.0073065e+03
   1.0023538e+03
   9.9787041e+02
   9.9384687e+02
   9.9027450e+02
   9.8714543e+02
   9.8445264e+02
   9.8218998e+02
   9.8035223e+02
   9.7893506e+02
   9.7793510e+02
   9.7734992e+02
   9.7717808e+02
   9.7741909e+02
   9.7807344e+02
   9.7914259e+02
   9.8062896e+02
   9.8253592e+02
   9.8486781e+02
   9.8762984e+02
   9.9082818e+02
   9.9446982e+02
   9.9856263e+02
   1.0031153e+03
   1.0081372e+03
   1.0136385e+03
   1.0196301e+03
   1.0261235e+03
   1.0331305e+03
   1.0406639e+03
   1.0487364e+03
   1.0573614e+03
   1.0665524e+03
   1.0763233e+03
   1.0866878e+03
   1.0976598e+03
   1.1092531e+03
   1.1214810e+03
   1.1343569e+03
   1.1478934e+03
   1.1621028e+03
   1.1769964e+03
   1.1925849e+03
   1.2088780e+03
   1.2258841e+03
   1.2436107e+03
   1.2620636e+03
   1.2812472e+03
   1.3011642e+03
   1.3218154e+03
   1.3431997e+03
   1.3653140e+03
   1.3881528e+03
   1.4117083e+03
   1.4359700e+03
   1.4609251e+03
   1.4865579e+03
   1.5128497e+03
   1.5397792e+03
   1.5673219e+03
   1.5954502e+03
   1.6241334e+03
   1.6533376e+03
   1.6830259e+03
   1.7131579e+03
   1.7436903e+03
   1.7745764e+03
   1.8057665e+03
   1.8372080e+03
   1.8688451e+03
   1.9006195e+03
   1.9324700e+03
   1.9643328e+03
   1.9961420e+03
   2.0278294e+03
   2.0593249e+03
   2.0905567e+03
   2.1214515e+03
   2.1519349e+03
   2.1819317e+03
   2.2113659e+03
   2.2401616e+03
   2.2682427e+03
   2.2955335e+03
   2.3219593e+03
   2.3474462e+03
   2.3719221e+03
   2.3953164e+03
   2.4175609e+03
   2.4385897e+03
   2.4583399e+03
   2.4767518e+03
   2.4937690e+03
   2.5093390e+03
   2.5234134e+03
   2.5359481e+03
   2.5469036e+03
   2.5562451e+03
   2.5639428e+03
   2.5699723e+03
   2.5743140e+03
   2.5769543e+03
   2.5778845e+03
   2.5771018e+03
   2.5746089e+03
   2.5704138e+03
   2.5645303e+03
   2.5569773e+03
   2.5477792e+03
   2.5369655e+03
   2.5245706e+03
   2.5106340e+03
   2.4951993e+03
   2.4783149e+03
   2.4600330e+03
   2.4404097e+03
   2.4195047e+03
   2.3973806e+03
   2.3741032e+03
   2.3497406e+03
   2.3243632e+03
   2.2980431e+03
   2.2708539e+03
   2.2428705e+03
   2.2141684e+03
   2.1848235e+03
   2.1549120e+03
   2.1245097e+03
   2.0936918e+03
   2.0625328e+03
   2.0311060e+03
   1.9994832e+03
   1.9677346e+03
   1.9359284e+03
   1.9041308e+03
   1.8724055e+03
   1.8408138e+03
   1.8094143e+03
   1.7782627e+03
   1.7474119e+03
   1.7169116e+03
   1.6868088e+03
   1.6571468e+03
   1.6279662e+03
   1.5993040e+03
   1.5711945e+03
   1.5436683e+03
   1.5167533e+03
   1.4904740e+03
   1.4648521e+03
   1.4399064e+03
   1.4156525e+03
   1.3921038e+03
   1.3692706e+03
   1.3471610e+03
   1.3257806e+03
   1.3051328e+03
   1.2852187e+03
   1.2660377e+03
   1.2475872e+03
   1.2298630e+03
   1.2128593e+03
   1.1965689e+03
   1.1809835e+03
   1.1660934e+03
   1.1518882e+03
   1.1383566e+03
   1.1254864e+03
   1.1132650e+03
   1.1016794e+03
   1.0907162e+03
   1.0803617e+03
   1.0706021e+03
   1.0614238e+03
   1.0528130e+03
   1.0447563e+03
   1.0372404e+03
   1.0302525e+03
   1.0237802e+03
   1.0178114e+03
   1.0123348e+03
   1.0073396e+03
   1.0028157e+03
   9.9875378e+02
   9.9514516e+02
   9.9198205e+02
   9.8925747e+02
   9.8696534e+02
   9.8510044e+02
   9.8365850e+02
   9.8263616e+02
   9.8203104e+02
   9.8184169e+02
