   4.2414261e+02
   4.2412628e+02
   4.2407735e+02
   4.2399553e+02
   4.2388033e+02
   4.2373109e+02
   4.2354692e+02
   4.2332678e+02
   4.2306941e+02
   4.2277340e+02
   4.2243715e+02
   4.2205887e+02
   4.2163662e+02
   4.2116830e+02
   4.2065163e+02
   4.2008420e+02
   4.1946345e+02
   4.1878668e+02
   4.1805107e+02
   4.1725368e+02
   4.1639147e+02
   4.1546127e+02
   4.1445987e+02
   4.1338396e+02
   4.1223016e+02
   4.1099506e+02
   4.0967519e+02
   4.0826709e+02
   4.0676726e+02
   4.0517224e+02
   4.0347855e+02
   4.0168279e+02
   3.9978160e+02
   3.9777170e+02
   3.9564988e+02
   3.9341307e+02
   3.9105830e+02
   3.8858275e+02
   3.8598377e+02
   3.8325888e+02
   3.8040580e+02
   3.7742247e+02
   3.7430707e+02
   3.7105800e+02
   3.6767395e+02
   3.6415390e+02
   3.6049710e+02
   3.5670314e+02
   3.5277190e+02
   3.4870363e+02
   3.4449892e+02
   3.4015871e+02
   3.3568431e+02
   3.3107741e+02
   3.2634007e+02
   3.2147475e+02
   3.1648428e+02
   3.1137189e+02
   3.0614120e+02
   3.0079619e+02
   2.9534124e+02
   2.8978110e+02
   2.8412087e+02
   2.7836602e+02
   2.7252234e+02
   2.6659596e+02
   2.6059331e+02
   2.5452113e+02
   2.4838639e+02
   2.4219636e+02
   2.3595849e+02
   2.2968046e+02
   2.2337013e+02
   2.1703548e+02
   2.1068464e+02
   2.0432582e+02
   1.9796729e+02
   1.9161735e+02
   1.8528431e+02
   1.7897646e+02
   1.7270202e+02
   1.6646910e+02
   1.6028573e+02
   1.5415977e+02
   1.4809890e+02
   1.4211060e+02
   1.3620211e+02
   1.3038043e+02
   1.2465226e+02
   1.1902401e+02
   1.1350174e+02
   1.0809121e+02
   1.0279777e+02
   9.7626431e+01
   9.2581792e+01
   8.7668061e+01
   8.2889037e+01
   7.8248098e+01
   7.3748206e+01
   6.9391896e+01
   6.5181283e+01
   6.1118058e+01
   5.7203495e+01
   5.3438455e+01
   4.9823396e+01
   4.6358378e+01
   4.3043080e+01
   3.9876809e+01
   3.6858513e+01
   3.3986798e+01
   3.1259947e+01
   2.8675933e+01
   2.6232438e+01
   2.3926877e+01
   2.1756412e+01
   1.9717975e+01
   1.7808287e+01
   1.6023882e+01
   1.4361124e+01
   1.2816228e+01
   1.1385283e+01
   1.0064270e+01
   8.8490808e+00
   7.7355409e+00
   6.7194236e+00
   5.7964704e+00
   4.9624072e+00
   4.2129607e+00
   3.5438735e+00
   2.9509186e+00
   2.4299131e+00
   1.9767299e+00
   1.5873098e+00
   1.2576717e+00
   9.8392186e-01
   7.6226228e-01
   5.8899832e-01
   4.6054494e-01
   3.7343224e-01
   3.2430996e-01
   3.0995119e-01
   3.2725519e-01
   3.7324943e-01
   4.4509082e-01
   5.4006627e-01
   6.5559264e-01
   7.8921595e-01
   9.3861014e-01
   1.1015753e+00
   1.2760352e+00
   1.4600352e+00
   1.6517383e+00
   1.8494228e+00
   2.0514779e+00
   2.2564001e+00
   2.4627896e+00
   2.6693453e+00
   2.8748612e+00
   3.0782220e+00
   3.2783982e+00
   3.4744423e+00
   3.6654843e+00
   3.8507273e+00
   4.0294433e+00
   4.2009691e+00
   4.3647025e+00
   4.5200982e+00
   4.6666643e+00
   4.8039587e+00
   4.9315860e+00
   5.0491940e+00
   5.1564711e+00
   5.2531438e+00
   5.3389739e+00
   5.4137564e+00
   5.4773177e+00
   5.5295138e+00
   5.5702288e+00
   5.5993738e+00
   5.6168861e+00
   5.6227281e+00
   5.6168875e+00
   5.5993767e+00
   5.5702331e+00
   5.5295195e+00
   5.4773248e+00
   5.4137647e+00
   5.3389834e+00
   5.2531544e+00
   5.1564826e+00
   5.0492063e+00
   4.9315990e+00
   4.8039724e+00
   4.6666784e+00
   4.5201125e+00
   4.3647170e+00
   4.2009835e+00
   4.0294575e+00
   3.8507412e+00
   3.6654977e+00
   3.4744550e+00
   3.2784100e+00
   3.0782329e+00
   2.8748712e+00
   2.6693541e+00
   2.4627972e+00
   2.2564065e+00
   2.0514830e+00
   1.8494266e+00
   1.6517409e+00
   1.4600367e+00
   1.2760357e+00
   1.1015750e+00
   9.3860926e-01
   7.8921479e-01
   6.5559156e-01
   5.4006569e-01
   4.4509123e-01
   3.7325141e-01
   3.2725939e-01
   3.0995836e-01
   3.2432095e-01
   3.7344798e-01
   4.6056646e-01
   5.8902675e-01
   7.6229886e-01
   9.8396795e-01
   1.2577288e+00
   1.5873795e+00
   1.9768138e+00
   2.4300132e+00
   2.9510368e+00
   3.5440119e+00
   4.2131215e+00
   4.9625929e+00
   5.7966833e+00
   6.7196664e+00
   7.7358164e+00
   8.8493918e+00
   1.0064619e+01
   1.1385674e+01
   1.2816664e+01
   1.4361608e+01
   1.6024418e+01
   1.7808878e+01
   1.9718624e+01
   2.1757124e+01
   2.3927655e+01
   2.6233286e+01
   2.8676854e+01
   3.1260946e+01
   3.3987879e+01
   3.6859679e+01
   3.9878064e+01
   4.3044428e+01
   4.6359823e+01
   4.9824941e+01
   5.3440105e+01
   5.7205253e+01
   6.1119927e+01
   6.5183266e+01
   6.9393997e+01
   7.3750427e+01
   7.8250443e+01
   8.2891507e+01
   8.7670661e+01
   9.2584522e+01
   9.7629293e+01
   1.0280077e+02
   1.0809434e+02
   1.1350501e+02
   1.1902741e+02
   1.2465581e+02
   1.3038412e+02
   1.3620594e+02
   1.4211456e+02
   1.4810300e+02
   1.5416401e+02
   1.6029010e+02
   1.6647361e+02
   1.7270665e+02
   1.7898123e+02
   1.8528921e+02
   1.9162236e+02
   1.9797242e+02
   2.0433107e+02
   2.1069001e+02
   2.1704096e+02
   2.2337571e+02
   2.2968614e+02
   2.3596426e+02
   2.4220222e+02
   2.4839234e+02
   2.5452715e+02
   2.6059941e+02
   2.6660212e+02
   2.7252856e+02
   2.7837230e+02
   2.8412720e+02
   2.8978747e+02
   2.9534764e+02
   3.0080262e+02
   3.0614765e+02
   3.1137836e+02
   3.1649076e+02
   3.2148122e+02
   3.2634654e+02
   3.3108387e+02
   3.3569075e+02
   3.4016513e+02
   3.4450531e+02
   3.4870998e+02
   3.5277821e+02
   3.5670939e+02
   3.6050330e+02
   3.6416004e+02
   3.6768002e+02
   3.7106400e+02
   3.7431299e+02
   3.7742831e+02
   3.8041155e+02
   3.8326453e+02
   3.8598932e+02
   3.8858820e+02
   3.9106365e+02
   3.9341831e+02
   3.9565501e+02
   3.9777671e+02
   3.9978649e+02
   4.0168755e+02
   4.0348318e+02
   4.0517674e+02
   4.0677163e+02
   4.0827132e+02
   4.0967929e+02
   4.1099901e+02
   4.1223397e+02
   4.1338762e+02
   4.1446339e+02
   4.1546464e+02
   4.1639468e+02
   4.1725675e+02
   4.1805398e+02
   4.1878943e+02
   4.1946605e+02
   4.2008664e+02
   4.2065391e+02
   4.2117042e+02
   4.2163859e+02
   4.2206067e+02
   4.2243879e+02
   4.2277488e+02
   4.2307073e+02
   4.2332793e+02
   4.2354791e+02
   4.2373191e+02
   4.2388099e+02
   4.2399602e+02
   4.2407768e+02
   4.2412644e+02
   4.2414261e+02
