   6.2129020e-10
   3.3232058e-08
   1.2725785e-07
   2.8290509e-07
   4.9998880e-07
   7.7824599e-07
   1.1173391e-06
   1.5168565e-06
   1.9763133e-06
   2.4951519e-06
   3.0727424e-06
   3.7083838e-06
   4.4013045e-06
   5.1506631e-06
   5.9555501e-06
   6.8149881e-06
   7.7279337e-06
   8.6932783e-06
   9.7098495e-06
   1.0776413e-05
   1.1891673e-05
   1.3054276e-05
   1.4262808e-05
   1.5515802e-05
   1.6811735e-05
   1.8149033e-05
   1.9526071e-05
   2.0941174e-05
   2.2392624e-05
   2.3878655e-05
   2.5397462e-05
   2.6947197e-05
   2.8525975e-05
   3.0131878e-05
   3.1762951e-05
   3.3417211e-05
   3.5092644e-05
   3.6787213e-05
   3.8498855e-05
   4.0225487e-05
   4.1965007e-05
   4.3715297e-05
   4.5474227e-05
   4.7239655e-05
   4.9009429e-05
   5.0781396e-05
   5.2553395e-05
   5.4323269e-05
   5.6088860e-05
   5.7848016e-05
   5.9598594e-05
   6.1338459e-05
   6.3065490e-05
   6.4777582e-05
   6.6472645e-05
   6.8148613e-05
   6.9803442e-05
   7.1435112e-05
   7.3041632e-05
   7.4621043e-05
   7.6171415e-05
   7.7690858e-05
   7.9177516e-05
   8.0629573e-05
   8.2045258e-05
   8.3422841e-05
   8.4760640e-05
   8.6057020e-05
   8.7310399e-05
   8.8519244e-05
   8.9682079e-05
   9.0797483e-05
   9.1864093e-05
   9.2880606e-05
   9.3845778e-05
   9.4758431e-05
   9.5617449e-05
   9.6421780e-05
   9.7170443e-05
   9.7862522e-05
   9.8497170e-05
   9.9073611e-05
   9.9591141e-05
   1.0004913e-04
   1.0044701e-04
   1.0078430e-04
   1.0106058e-04
   1.0127553e-04
   1.0142887e-04
   1.0152042e-04
   1.0155006e-04
   1.0151776e-04
   1.0142356e-04
   1.0126758e-04
   1.0105000e-04
   1.0077109e-04
   1.0043120e-04
   1.0003073e-04
   9.9570174e-05
   9.9050102e-05
   9.8471147e-05
   9.7834015e-05
   9.7139487e-05
   9.6388411e-05
   9.5581705e-05
   9.4720356e-05
   9.3805417e-05
   9.2838005e-05
   9.1819304e-05
   9.0750558e-05
   8.9633074e-05
   8.8468216e-05
   8.7257409e-05
   8.6002131e-05
   8.4703917e-05
   8.3364351e-05
   8.1985070e-05
   8.0567759e-05
   7.9114149e-05
   7.7626013e-05
   7.6105170e-05
   7.4553475e-05
   7.2972824e-05
   7.1365144e-05
   6.9732398e-05
   6.8076578e-05
   6.6399704e-05
   6.4703822e-05
   6.2991001e-05
   6.1263329e-05
   5.9522913e-05
   5.7771875e-05
   5.6012349e-05
   5.4246482e-05
   5.2476424e-05
   5.0704332e-05
   4.8932367e-05
   4.7162686e-05
   4.5397446e-05
   4.3638796e-05
   4.1888878e-05
   4.0149823e-05
   3.8423748e-05
   3.6712755e-05
   3.5018926e-05
   3.3344321e-05
   3.1690980e-05
   3.0060914e-05
   2.8456105e-05
   2.6878506e-05
   2.5330036e-05
   2.3812578e-05
   2.2327976e-05
   2.0878037e-05
   1.9464522e-05
   1.8089150e-05
   1.6753593e-05
   1.5459474e-05
   1.4208365e-05
   1.3001786e-05
   1.1841205e-05
   1.0728029e-05
   9.6636128e-06
   8.6492481e-06
   7.6861672e-06
   6.7755397e-06
   5.9184715e-06
   5.1160033e-06
   4.3691097e-06
   3.6786974e-06
   3.0456047e-06
   2.4706003e-06
   1.9543823e-06
   1.4975772e-06
   1.1007398e-06
   7.6435159e-07
   4.8882101e-07
   2.7448235e-07
   1.2159512e-07
   3.0339191e-08
   1.7531891e-10
   3.3125562e-08
   1.2716501e-07
   2.8282952e-07
   4.9993566e-07
   7.7822069e-07
   1.1173471e-06
   1.5169034e-06
   1.9764046e-06
   2.4952931e-06
   3.0729391e-06
   3.7086414e-06
   4.4016283e-06
   5.1510585e-06
   5.9560222e-06
   6.8155420e-06
   7.7285743e-06
   8.6940103e-06
   9.7106777e-06
   1.0777342e-05
   1.1892707e-05
   1.3055418e-05
   1.4264063e-05
   1.5517173e-05
   1.6813226e-05
   1.8150646e-05
   1.9527809e-05
   2.0943041e-05
   2.2394620e-05
   2.3880784e-05
   2.5399724e-05
   2.6949594e-05
   2.8528509e-05
   3.0134548e-05
   3.1765758e-05
   3.3420155e-05
   3.5095725e-05
   3.6790430e-05
   3.8502208e-05
   4.0228973e-05
   4.1968626e-05
   4.3719047e-05
   4.5478104e-05
   4.7243657e-05
   4.9013555e-05
   5.0785640e-05
   5.2557756e-05
   5.4327741e-05
   5.6093440e-05
   5.7852700e-05
   5.9603376e-05
   6.1343335e-05
   6.3070455e-05
   6.4782629e-05
   6.6477770e-05
   6.8153810e-05
   6.9808704e-05
   7.1440433e-05
   7.3047007e-05
   7.4626463e-05
   7.6176875e-05
   7.7696351e-05
   7.9183034e-05
   8.0635110e-05
   8.2050807e-05
   8.3428394e-05
   8.4766189e-05
   8.6062559e-05
   8.7315920e-05
   8.8524741e-05
   8.9687544e-05
   9.0802909e-05
   9.1869473e-05
   9.2885932e-05
   9.3851044e-05
   9.4763630e-05
   9.5622573e-05
   9.6426825e-05
   9.7175401e-05
   9.7867387e-05
   9.8501936e-05
   9.9078273e-05
   9.9595692e-05
   1.0005356e-04
   1.0045132e-04
   1.0078849e-04
   1.0106464e-04
   1.0127945e-04
   1.0143265e-04
   1.0152406e-04
   1.0155356e-04
   1.0152111e-04
   1.0142676e-04
   1.0127062e-04
   1.0105289e-04
   1.0077382e-04
   1.0043377e-04
   1.0003314e-04
   9.9572425e-05
   9.9052192e-05
   9.8473075e-05
   9.7835782e-05
   9.7141093e-05
   9.6389857e-05
   9.5582993e-05
   9.4721487e-05
   9.3806393e-05
   9.2838829e-05
   9.1819978e-05
   9.0751084e-05
   8.9633456e-05
   8.8468457e-05
   8.7257513e-05
   8.6002102e-05
   8.4703759e-05
   8.3364068e-05
   8.1984667e-05
   8.0567241e-05
   7.9113520e-05
   7.7625280e-05
   7.6104337e-05
   7.4552548e-05
   7.2971807e-05
   7.1364044e-05
   6.9731221e-05
   6.8075329e-05
   6.6398390e-05
   6.4702449e-05
   6.2989574e-05
   6.1261854e-05
   5.9521396e-05
   5.7770323e-05
   5.6010768e-05
   5.4244876e-05
   5.2474800e-05
   5.0702696e-05
   4.8930724e-05
   4.7161042e-05
   4.5395806e-05
   4.3637166e-05
   4.1887262e-05
   4.0148226e-05
   3.8422175e-05
   3.6711210e-05
   3.5017413e-05
   3.3342845e-05
   3.1689544e-05
   3.0059521e-05
   2.8454759e-05
   2.6877210e-05
   2.5328793e-05
   2.3811389e-05
   2.2326845e-05
   2.0876964e-05
   1.9463509e-05
   1.8088199e-05
   1.6752704e-05
   1.5458648e-05
   1.4207602e-05
   1.3001086e-05
   1.1840567e-05
   1.0727454e-05
   9.6630989e-06
   8.6487940e-06
   7.6857713e-06
   6.7752002e-06
   5.9181863e-06
   5.1157700e-06
   4.3689254e-06
   3.6785593e-06
   3.0455095e-06
   2.4705446e-06
   1.9543623e-06
   1.4975891e-06
   1.1007793e-06
   7.6441450e-07
   4.8890278e-07
   2.7457831e-07
   1.2170057e-07
   3.0450342e-08
   6.2129020e-10
