   4.9577434e+02
   4.9576579e+02
   4.9574048e+02
   4.9569778e+02
   4.9563666e+02
   4.9555568e+02
   4.9545300e+02
   4.9532636e+02
   4.9517313e+02
   4.9499025e+02
   4.9477431e+02
   4.9452151e+02
   4.9422766e+02
   4.9388823e+02
   4.9349835e+02
   4.9305279e+02
   4.9254600e+02
   4.9197215e+02
   4.9132509e+02
   4.9059841e+02
   4.8978544e+02
   4.8887929e+02
   4.8787285e+02
   4.8675885e+02
   4.8552984e+02
   4.8417825e+02
   4.8269643e+02
   4.8107666e+02
   4.7931119e+02
   4.7739227e+02
   4.7531221e+02
   4.7306342e+02
   4.7063841e+02
   4.6802987e+02
   4.6523072e+02
   4.6223414e+02
   4.5903359e+02
   4.5562292e+02
   4.5199635e+02
   4.4814858e+02
   4.4407478e+02
   4.3977069e+02
   4.3523262e+02
   4.3045753e+02
   4.2544305e+02
   4.2018753e+02
   4.1469010e+02
   4.0895067e+02
   4.0296999e+02
   3.9674967e+02
   3.9029223e+02
   3.8360109e+02
   3.7668059e+02
   3.6953603e+02
   3.6217367e+02
   3.5460071e+02
   3.4682532e+02
   3.3885659e+02
   3.3070458e+02
   3.2238021e+02
   3.1389531e+02
   3.0526254e+02
   2.9649539e+02
   2.8760808e+02
   2.7861555e+02
   2.6953338e+02
   2.6037775e+02
   2.5116534e+02
   2.4191327e+02
   2.3263903e+02
   2.2336039e+02
   2.1409530e+02
   2.0486185e+02
   1.9567811e+02
   1.8656211e+02
   1.7753168e+02
   1.6860444e+02
   1.5979761e+02
   1.5112803e+02
   1.4261197e+02
   1.3426512e+02
   1.2610248e+02
   1.1813830e+02
   1.1038597e+02
   1.0285803e+02
   9.5566025e+01
   8.8520517e+01
   8.1731015e+01
   7.5205938e+01
   6.8952593e+01
   6.2977144e+01
   5.7284604e+01
   5.1878830e+01
   4.6762516e+01
   4.1937213e+01
   3.7403339e+01
   3.3160205e+01
   2.9206049e+01
   2.5538067e+01
   2.2152463e+01
   1.9044497e+01
   1.6208534e+01
   1.3638111e+01
   1.1325992e+01
   9.2642388e+00
   7.4442749e+00
   5.8569588e+00
   4.4926539e+00
   3.3413001e+00
   2.3924863e+00
   1.6355211e+00
   1.0595033e+00
   6.5339005e-01
   4.0606305e-01
   3.0639229e-01
   3.4329664e-01
   5.0580087e-01
   7.8308922e-01
   1.1645551e+00
   1.6398465e+00
   2.1989072e+00
   2.8320139e+00
   3.5298081e+00
   4.2833247e+00
   5.0840154e+00
   5.9237679e+00
   6.7949213e+00
   7.6902770e+00
   8.6031063e+00
   9.5271536e+00
   1.0456637e+01
   1.1386244e+01
   1.2311127e+01
   1.3226895e+01
   1.4129601e+01
   1.5015727e+01
   1.5882176e+01
   1.6726245e+01
   1.7545617e+01
   1.8338334e+01
   1.9102780e+01
   1.9837663e+01
   2.0541989e+01
   2.1215043e+01
   2.1856369e+01
   2.2465745e+01
   2.3043165e+01
   2.3588819e+01
   2.4103071e+01
   2.4586438e+01
   2.5039578e+01
   2.5463264e+01
   2.5858372e+01
   2.6225863e+01
   2.6566769e+01
   2.6882177e+01
   2.7173218e+01
   2.7441051e+01
   2.7686856e+01
   2.7911818e+01
   2.8117123e+01
   2.8303945e+01
   2.8473440e+01
   2.8626736e+01
   2.8764930e+01
   2.8889081e+01
   2.9000203e+01
   2.9099263e+01
   2.9187174e+01
   2.9264793e+01
   2.9332920e+01
   2.9392290e+01
   2.9443577e+01
   2.9487386e+01
   2.9524256e+01
   2.9554657e+01
   2.9578986e+01
   2.9597571e+01
   2.9610669e+01
   2.9618461e+01
   2.9621057e+01
   2.9618495e+01
   2.9610737e+01
   2.9597674e+01
   2.9579122e+01
   2.9554827e+01
   2.9524460e+01
   2.9487623e+01
   2.9443847e+01
   2.9392594e+01
   2.9333256e+01
   2.9265161e+01
   2.9187574e+01
   2.9099694e+01
   2.9000665e+01
   2.8889573e+01
   2.8765452e+01
   2.8627286e+01
   2.8474018e+01
   2.8304551e+01
   2.8117755e+01
   2.7912475e+01
   2.7687536e+01
   2.7441754e+01
   2.7173942e+01
   2.6882921e+01
   2.6567531e+01
   2.6226641e+01
   2.5859165e+01
   2.5464070e+01
   2.5040395e+01
   2.4587264e+01
   2.4103902e+01
   2.3589655e+01
   2.3044003e+01
   2.2466582e+01
   2.1857202e+01
   2.1215871e+01
   2.0542808e+01
   1.9838471e+01
   1.9103574e+01
   1.8339110e+01
   1.7546374e+01
   1.6726980e+01
   1.5882886e+01
   1.5016410e+01
   1.4130253e+01
   1.3227515e+01
   1.2311713e+01
   1.1386793e+01
   1.0457148e+01
   9.5276263e+00
   8.6035388e+00
   7.6906687e+00
   6.7952719e+00
   5.9240777e+00
   5.0842852e+00
   4.2835556e+00
   3.5300019e+00
   2.8321731e+00
   2.1990349e+00
   1.6399464e+00
   1.1646317e+00
   7.8314782e-01
   5.0584740e-01
   3.4333794e-01
   3.0643611e-01
   4.0611791e-01
   6.5346522e-01
   1.0596089e+00
   1.6356680e+00
   2.3926864e+00
   3.3415660e+00
   4.4929990e+00
   5.8573974e+00
   7.4448218e+00
   9.2649097e+00
   1.1326803e+01
   1.3639079e+01
   1.6209677e+01
   1.9045831e+01
   2.2154008e+01
   2.5539840e+01
   2.9208069e+01
   3.3162491e+01
   3.7405909e+01
   4.1940086e+01
   4.6765710e+01
   5.1882363e+01
   5.7288495e+01
   6.2981408e+01
   6.8957247e+01
   7.5210998e+01
   8.1736495e+01
   8.8526432e+01
   9.5572386e+01
   1.0286485e+02
   1.1039326e+02
   1.1814606e+02
   1.2611073e+02
   1.3427386e+02
   1.4262121e+02
   1.5113776e+02
   1.5980785e+02
   1.6861518e+02
   1.7754292e+02
   1.8657384e+02
   1.9569033e+02
   2.0487456e+02
   2.1410848e+02
   2.2337403e+02
   2.3265313e+02
   2.4192781e+02
   2.5118030e+02
   2.6039312e+02
   2.6954914e+02
   2.7863168e+02
   2.8762456e+02
   2.9651221e+02
   3.0527967e+02
   3.1391272e+02
   3.2239788e+02
   3.3072249e+02
   3.3887472e+02
   3.4684363e+02
   3.5461919e+02
   3.6219228e+02
   3.6955475e+02
   3.7669939e+02
   3.8361995e+02
   3.9031113e+02
   3.9676857e+02
   4.0298886e+02
   4.0896949e+02
   4.1470885e+02
   4.2020619e+02
   4.2546158e+02
   4.3047592e+02
   4.3525084e+02
   4.3978872e+02
   4.4409260e+02
   4.4816616e+02
   4.5201367e+02
   4.5563997e+02
   4.5905035e+02
   4.6225059e+02
   4.6524685e+02
   4.6804565e+02
   4.7065383e+02
   4.7307847e+02
   4.7532688e+02
   4.7740654e+02
   4.7932505e+02
   4.8109010e+02
   4.8270944e+02
   4.8419082e+02
   4.8554196e+02
   4.8677051e+02
   4.8788405e+02
   4.8889002e+02
   4.8979569e+02
   4.9060817e+02
   4.9133437e+02
   4.9198093e+02
   4.9255429e+02
   4.9306057e+02
   4.9350563e+02
   4.9389500e+02
   4.9423392e+02
   4.9452725e+02
   4.9477954e+02
   4.9499496e+02
   4.9517732e+02
   4.9533003e+02
   4.9545614e+02
   4.9555830e+02
   4.9563876e+02
   4.9569935e+02
   4.9574153e+02
   4.9576632e+02
   4.9577434e+02
