   3.1831701e+02
   3.1854942e+02
   3.1927682e+02
   3.2049339e+02
   3.2218954e+02
   3.2435194e+02
   3.2696374e+02
   3.3000471e+02
   3.3345150e+02
   3.3727790e+02
   3.4145517e+02
   3.4595238e+02
   3.5073680e+02
   3.5577434e+02
   3.6102998e+02
   3.6646832e+02
   3.7205404e+02
   3.7775248e+02
   3.8353022e+02
   3.8935566e+02
   3.9519959e+02
   4.0103587e+02
   4.0684197e+02
   4.1259965e+02
   4.1829551e+02
   4.2392157e+02
   4.2947587e+02
   4.3496296e+02
   4.4039437e+02
   4.4578905e+02
   4.5117374e+02
   4.5658326e+02
   4.6206071e+02
   4.6765764e+02
   4.7343400e+02
   4.7945818e+02
   4.8580672e+02
   4.9256405e+02
   4.9982208e+02
   5.0767961e+02
   5.1624166e+02
   5.2561867e+02
   5.3592552e+02
   5.4728049e+02
   5.5980402e+02
   5.7361746e+02
   5.8884160e+02
   6.0559517e+02
   6.2399323e+02
   6.4414554e+02
   6.6615480e+02
   6.9011494e+02
   7.1610934e+02
   7.4420912e+02
   7.7447140e+02
   8.0693769e+02
   8.4163234e+02
   8.7856108e+02
   9.1770974e+02
   9.5904312e+02
   1.0025041e+03
   1.0480127e+03
   1.0954660e+03
   1.1447374e+03
   1.1956769e+03
   1.2481117e+03
   1.3018460e+03
   1.3566627e+03
   1.4123241e+03
   1.4685734e+03
   1.5251367e+03
   1.5817248e+03
   1.6380355e+03
   1.6937561e+03
   1.7485660e+03
   1.8021400e+03
   1.8541507e+03
   1.9042721e+03
   1.9521826e+03
   1.9975683e+03
   2.0401260e+03
   2.0795668e+03
   2.1156187e+03
   2.1480297e+03
   2.1765704e+03
   2.2010370e+03
   2.2212527e+03
   2.2370706e+03
   2.2483747e+03
   2.2550812e+03
   2.2571401e+03
   2.2545350e+03
   2.2472836e+03
   2.2354378e+03
   2.2190826e+03
   2.1983355e+03
   2.1733450e+03
   2.1442893e+03
   2.1113737e+03
   2.0748289e+03
   2.0349082e+03
   1.9918851e+03
   1.9460497e+03
   1.8977066e+03
   1.8471707e+03
   1.7947650e+03
   1.7408164e+03
   1.6856533e+03
   1.6296021e+03
   1.5729841e+03
   1.5161128e+03
   1.4592911e+03
   1.4028088e+03
   1.3469405e+03
   1.2919433e+03
   1.2380551e+03
   1.1854935e+03
   1.1344541e+03
   1.0851098e+03
   1.0376106e+03
   9.9208268e+02
   9.4862875e+02
   9.0732825e+02
   8.6823776e+02
   8.3139183e+02
   7.9680385e+02
   7.6446722e+02
   7.3435664e+02
   7.0642958e+02
   6.8062778e+02
   6.5687895e+02
   6.3509847e+02
   6.1519109e+02
   5.9705276e+02
   5.8057236e+02
   5.6563338e+02
   5.5211567e+02
   5.3989699e+02
   5.2885454e+02
   5.1886642e+02
   5.0981292e+02
   5.0157775e+02
   4.9404908e+02
   4.8712053e+02
   4.8069199e+02
   4.7467028e+02
   4.6896977e+02
   4.6351272e+02
   4.5822969e+02
   4.5305964e+02
   4.4795009e+02
   4.4285701e+02
   4.3774475e+02
   4.3258581e+02
   4.2736054e+02
   4.2205677e+02
   4.1666941e+02
   4.1119995e+02
   4.0565591e+02
   4.0005034e+02
   3.9440122e+02
   3.8873080e+02
   3.8306508e+02
   3.7743313e+02
   3.7186647e+02
   3.6639851e+02
   3.6106393e+02
   3.5589809e+02
   3.5093652e+02
   3.4621434e+02
   3.4176582e+02
   3.3762386e+02
   3.3381963e+02
   3.3038209e+02
   3.2733770e+02
   3.2471008e+02
   3.2251974e+02
   3.2078382e+02
   3.1951595e+02
   3.1872604e+02
   3.1842020e+02
   3.1860067e+02
   3.1926581e+02
   3.2041010e+02
   3.2202421e+02
   3.2409510e+02
   3.2660619e+02
   3.2953753e+02
   3.3286602e+02
   3.3656573e+02
   3.4060816e+02
   3.4496264e+02
   3.4959669e+02
   3.5447645e+02
   3.5956716e+02
   3.6483364e+02
   3.7024081e+02
   3.7575427e+02
   3.8134082e+02
   3.8696911e+02
   3.9261020e+02
   3.9823819e+02
   4.0383085e+02
   4.0937021e+02
   4.1484318e+02
   4.2024210e+02
   4.2556536e+02
   4.3081787e+02
   4.3601153e+02
   4.4116574e+02
   4.4630766e+02
   4.5147258e+02
   4.5670413e+02
   4.6205437e+02
   4.6758384e+02
   4.7336153e+02
   4.7946461e+02
   4.8597819e+02
   4.9299489e+02
   5.0061425e+02
   5.0894207e+02
   5.1808956e+02
   5.2817245e+02
   5.3930986e+02
   5.5162313e+02
   5.6523447e+02
   5.8026560e+02
   5.9683615e+02
   6.1506213e+02
   6.3505420e+02
   6.5691600e+02
   6.8074237e+02
   7.0661758e+02
   7.3461363e+02
   7.6478851e+02
   7.9718454e+02
   8.3182684e+02
   8.6872190e+02
   9.0785625e+02
   9.4919532e+02
   9.9268254e+02
   1.0382386e+03
   1.0857607e+03
   1.1351230e+03
   1.1861757e+03
   1.2387460e+03
   1.2926384e+03
   1.3476359e+03
   1.4035007e+03
   1.4599759e+03
   1.5167875e+03
   1.5736458e+03
   1.6302484e+03
   1.6862819e+03
   1.7414255e+03
   1.7953530e+03
   1.8477365e+03
   1.8982492e+03
   1.9465685e+03
   1.9923795e+03
   2.0353782e+03
   2.0752745e+03
   2.1117951e+03
   2.1446870e+03
   2.1737196e+03
   2.1986875e+03
   2.2194129e+03
   2.2357472e+03
   2.2475731e+03
   2.2548055e+03
   2.2573927e+03
   2.2553170e+03
   2.2485945e+03
   2.2372757e+03
   2.2214441e+03
   2.2012157e+03
   2.1767375e+03
   2.1481862e+03
   2.1157657e+03
   2.0797054e+03
   2.0402572e+03
   1.9976930e+03
   1.9523021e+03
   1.9043873e+03
   1.8542628e+03
   1.8022502e+03
   1.7486754e+03
   1.6938659e+03
   1.6381470e+03
   1.5818392e+03
   1.5252554e+03
   1.4686976e+03
   1.4124553e+03
   1.3568023e+03
   1.3019954e+03
   1.2482723e+03
   1.1958502e+03
   1.1449246e+03
   1.0956686e+03
   1.0482320e+03
   1.0027413e+03
   9.5929951e+02
   9.1798637e+02
   8.7885897e+02
   8.4195238e+02
   8.0728066e+02
   7.7483792e+02
   7.4459969e+02
   7.1652429e+02
   6.9055444e+02
   6.6661886e+02
   6.4463399e+02
   6.2450573e+02
   6.0613121e+02
   5.8940050e+02
   5.7419836e+02
   5.6040591e+02
   5.4790220e+02
   5.3656575e+02
   5.2627597e+02
   5.1691445e+02
   5.0836620e+02
   5.0052070e+02
   4.9327283e+02
   4.8652372e+02
   4.8018142e+02
   4.7416145e+02
   4.6838724e+02
   4.6279040e+02
   4.5731097e+02
   4.5189743e+02
   4.4650671e+02
   4.4110402e+02
   4.3566268e+02
   4.3016380e+02
   4.2459591e+02
   4.1895454e+02
   4.1324176e+02
   4.0746560e+02
   4.0163956e+02
   3.9578199e+02
   3.8991550e+02
   3.8406634e+02
   3.7826379e+02
   3.7253956e+02
   3.6692715e+02
   3.6146132e+02
   3.5617746e+02
   3.5111106e+02
   3.4629721e+02
   3.4177006e+02
   3.3756242e+02
   3.3370526e+02
   3.3022740e+02
   3.2715509e+02
   3.2451172e+02
   3.2231757e+02
   3.2058954e+02
   3.1934097e+02
   3.1858151e+02
   3.1831701e+02
