   6.2236105e+03
   6.2232688e+03
   6.2222330e+03
   6.2204836e+03
   6.2179879e+03
   6.2147004e+03
   6.2105625e+03
   6.2055035e+03
   6.1994399e+03
   6.1922764e+03
   6.1839058e+03
   6.1742097e+03
   6.1630587e+03
   6.1503132e+03
   6.1358236e+03
   6.1194315e+03
   6.1009703e+03
   6.0802657e+03
   6.0571372e+03
   6.0313988e+03
   6.0028603e+03
   5.9713284e+03
   5.9366083e+03
   5.8985052e+03
   5.8568256e+03
   5.8113790e+03
   5.7619801e+03
   5.7084501e+03
   5.6506191e+03
   5.5883279e+03
   5.5214300e+03
   5.4497942e+03
   5.3733060e+03
   5.2918704e+03
   5.2054138e+03
   5.1138860e+03
   5.0172625e+03
   4.9155462e+03
   4.8087693e+03
   4.6969952e+03
   4.5803195e+03
   4.4588718e+03
   4.3328165e+03
   4.2023534e+03
   4.0677184e+03
   3.9291836e+03
   3.7870569e+03
   3.6416814e+03
   3.4934348e+03
   3.3427273e+03
   3.1900004e+03
   3.0357244e+03
   2.8803955e+03
   2.7245332e+03
   2.5686768e+03
   2.4133811e+03
   2.2592128e+03
   2.1067460e+03
   1.9565572e+03
   1.8092207e+03
   1.6653034e+03
   1.5253600e+03
   1.3899275e+03
   1.2595201e+03
   1.1346247e+03
   1.0156955e+03
   9.0314989e+02
   7.9736392e+02
   6.9866872e+02
   6.0734698e+02
   5.2363005e+02
   4.4769561e+02
   3.7966593e+02
   3.1960671e+02
   2.6752656e+02
   2.2337720e+02
   1.8705421e+02
   1.5839853e+02
   1.3719849e+02
   1.2319251e+02
   1.1607230e+02
   1.1548660e+02
   1.2104537e+02
   1.3232432e+02
   1.4886983e+02
   1.7020403e+02
   1.9583010e+02
   2.2523767e+02
   2.5790813e+02
   2.9332002e+02
   3.3095414e+02
   3.7029853e+02
   4.1085317e+02
   4.5213430e+02
   4.9367844e+02
   5.3504591e+02
   5.7582396e+02
   6.1562938e+02
   6.5411068e+02
   6.9094970e+02
   7.2586281e+02
   7.5860156e+02
   7.8895296e+02
   8.1673921e+02
   8.4181718e+02
   8.6407737e+02
   8.8344267e+02
   8.9986678e+02
   9.1333238e+02
   9.2384917e+02
   9.3145168e+02
   9.3619704e+02
   9.3816269e+02
   9.3744395e+02
   9.3415180e+02
   9.2841047e+02
   9.2035530e+02
   9.1013056e+02
   8.9788743e+02
   8.8378213e+02
   8.6797410e+02
   8.5062444e+02
   8.3189440e+02
   8.1194409e+02
   7.9093129e+02
   7.6901044e+02
   7.4633173e+02
   7.2304037e+02
   6.9927593e+02
   6.7517184e+02
   6.5085496e+02
   6.2644524e+02
   6.0205551e+02
   5.7779128e+02
   5.5375067e+02
   5.3002431e+02
   5.0669540e+02
   4.8383973e+02
   4.6152575e+02
   4.3981468e+02
   4.1876067e+02
   3.9841097e+02
   3.7880606e+02
   3.5997989e+02
   3.4196012e+02
   3.2476827e+02
   3.0842006e+02
   2.9292558e+02
   2.7828962e+02
   2.6451193e+02
   2.5158749e+02
   2.3950683e+02
   2.2825636e+02
   2.1781863e+02
   2.0817270e+02
   1.9929447e+02
   1.9115697e+02
   1.8373078e+02
   1.7698431e+02
   1.7088416e+02
   1.6539549e+02
   1.6048233e+02
   1.5610795e+02
   1.5223518e+02
   1.4882674e+02
   1.4584558e+02
   1.4325515e+02
   1.4101975e+02
   1.3910480e+02
   1.3747710e+02
   1.3610511e+02
   1.3495919e+02
   1.3401179e+02
   1.3323773e+02
   1.3261431e+02
   1.3212153e+02
   1.3174221e+02
   1.3146211e+02
   1.3127007e+02
   1.3115805e+02
   1.3112120e+02
   1.3115790e+02
   1.3126978e+02
   1.3146168e+02
   1.3174164e+02
   1.3212084e+02
   1.3261350e+02
   1.3323680e+02
   1.3401076e+02
   1.3495806e+02
   1.3610390e+02
   1.3747582e+02
   1.3910345e+02
   1.4101835e+02
   1.4325371e+02
   1.4584412e+02
   1.4882527e+02
   1.5223370e+02
   1.5610647e+02
   1.6048086e+02
   1.6539403e+02
   1.7088271e+02
   1.7698288e+02
   1.8372936e+02
   1.9115556e+02
   1.9929305e+02
   2.0817127e+02
   2.1781717e+02
   2.2825485e+02
   2.3950526e+02
   2.5158581e+02
   2.6451013e+02
   2.7828767e+02
   2.9292343e+02
   3.0841768e+02
   3.2476563e+02
   3.4195716e+02
   3.5997657e+02
   3.7880232e+02
   3.9840678e+02
   4.1875597e+02
   4.3980942e+02
   4.6151988e+02
   4.8383322e+02
   5.0668820e+02
   5.3001638e+02
   5.5374197e+02
   5.7778179e+02
   6.0204521e+02
   6.2643412e+02
   6.5084301e+02
   6.7515908e+02
   6.9926237e+02
   7.2302604e+02
   7.4631669e+02
   7.6899474e+02
   7.9091502e+02
   8.1192733e+02
   8.3187727e+02
   8.5060706e+02
   8.6795662e+02
   8.8376470e+02
   8.9787023e+02
   9.1011377e+02
   9.2033913e+02
   9.2839514e+02
   9.3413752e+02
   9.3743097e+02
   9.3815122e+02
   9.3618734e+02
   9.3144397e+02
   9.2384369e+02
   9.1332936e+02
   8.9986642e+02
   8.8344517e+02
   8.6408290e+02
   8.4182588e+02
   8.1675122e+02
   7.8896835e+02
   7.5862040e+02
   7.2588509e+02
   6.9097540e+02
   6.5413971e+02
   6.1566162e+02
   5.7585923e+02
   5.3508399e+02
   4.9371904e+02
   4.5217710e+02
   4.1089779e+02
   3.7034454e+02
   3.3100107e+02
   2.9336736e+02
   2.5795533e+02
   2.2528413e+02
   1.9587523e+02
   1.7024718e+02
   1.4891036e+02
   1.3236157e+02
   1.2107868e+02
   1.1551532e+02
   1.1609578e+02
   1.2321013e+02
   1.3720965e+02
   1.5840267e+02
   1.8705080e+02
   2.2336576e+02
   2.6750666e+02
   3.1957798e+02
   3.7962806e+02
   4.4764834e+02
   5.2357320e+02
   6.0728044e+02
   6.9859244e+02
   7.9727790e+02
   9.0305423e+02
   1.0155904e+03
   1.1345103e+03
   1.2593967e+03
   1.3897954e+03
   1.5252197e+03
   1.6651552e+03
   1.8090651e+03
   1.9563947e+03
   2.1065773e+03
   2.2590383e+03
   2.4132015e+03
   2.5684926e+03
   2.7243452e+03
   2.8802041e+03
   3.0355304e+03
   3.1898044e+03
   3.3425299e+03
   3.4932366e+03
   3.6414830e+03
   3.7868587e+03
   3.9289863e+03
   4.0675225e+03
   4.2021593e+03
   4.3326247e+03
   4.4586827e+03
   4.5801335e+03
   4.6968126e+03
   4.8085905e+03
   4.9153714e+03
   5.0170920e+03
   5.1137201e+03
   5.2052526e+03
   5.2917141e+03
   5.3731547e+03
   5.4496480e+03
   5.5212891e+03
   5.5881922e+03
   5.6504887e+03
   5.7083251e+03
   5.7618604e+03
   5.8112647e+03
   5.8567166e+03
   5.8984015e+03
   5.9365098e+03
   5.9712350e+03
   6.0027720e+03
   6.0313156e+03
   6.0570590e+03
   6.0801924e+03
   6.1009018e+03
   6.1193678e+03
   6.1357645e+03
   6.1502587e+03
   6.1630088e+03
   6.1741642e+03
   6.1838647e+03
   6.1922396e+03
   6.1994073e+03
   6.2054751e+03
   6.2105383e+03
   6.2146802e+03
   6.2179719e+03
   6.2204716e+03
   6.2222250e+03
   6.2232648e+03
   6.2236105e+03
