   2.8308404e+02
   2.8308046e+02
   2.8306994e+02
   2.8305218e+02
   2.8302663e+02
   2.8299254e+02
   2.8294896e+02
   2.8289471e+02
   2.8282840e+02
   2.8274847e+02
   2.8265311e+02
   2.8254036e+02
   2.8240802e+02
   2.8225373e+02
   2.8207494e+02
   2.8186892e+02
   2.8163278e+02
   2.8136344e+02
   2.8105769e+02
   2.8071217e+02
   2.8032336e+02
   2.7988766e+02
   2.7940130e+02
   2.7886045e+02
   2.7826117e+02
   2.7759945e+02
   2.7687122e+02
   2.7607237e+02
   2.7519876e+02
   2.7424623e+02
   2.7321064e+02
   2.7208789e+02
   2.7087391e+02
   2.6956470e+02
   2.6815636e+02
   2.6664511e+02
   2.6502730e+02
   2.6329943e+02
   2.6145821e+02
   2.5950054e+02
   2.5742354e+02
   2.5522462e+02
   2.5290145e+02
   2.5045199e+02
   2.4787454e+02
   2.4516776e+02
   2.4233065e+02
   2.3936262e+02
   2.3626348e+02
   2.3303345e+02
   2.2967321e+02
   2.2618389e+02
   2.2256707e+02
   2.1882482e+02
   2.1495968e+02
   2.1097468e+02
   2.0687334e+02
   2.0265966e+02
   1.9833813e+02
   1.9391371e+02
   1.8939182e+02
   1.8477835e+02
   1.8007962e+02
   1.7530237e+02
   1.7045373e+02
   1.6554120e+02
   1.6057265e+02
   1.5555624e+02
   1.5050042e+02
   1.4541388e+02
   1.4030554e+02
   1.3518445e+02
   1.3005984e+02
   1.2494099e+02
   1.1983724e+02
   1.1475792e+02
   1.0971233e+02
   1.0470967e+02
   9.9759020e+01
   9.4869260e+01
   9.0049070e+01
   8.5306860e+01
   8.0650742e+01
   7.6088487e+01
   7.1627490e+01
   6.7274737e+01
   6.3036774e+01
   5.8919678e+01
   5.4929036e+01
   5.1069918e+01
   4.7346863e+01
   4.3763861e+01
   4.0324348e+01
   3.7031193e+01
   3.3886696e+01
   3.0892590e+01
   2.8050043e+01
   2.5359667e+01
   2.2821526e+01
   2.0435151e+01
   1.8199558e+01
   1.6113266e+01
   1.4174319e+01
   1.2380313e+01
   1.0728421e+01
   9.2154206e+00
   7.8377249e+00
   6.5914150e+00
   5.4722708e+00
   4.4758042e+00
   3.5972930e+00
   2.8318138e+00
   2.1742755e+00
   1.6194525e+00
   1.1620166e+00
   7.9656895e-01
   5.1766996e-01
   3.1986874e-01
   1.9773083e-01
   1.4586434e-01
   1.5894462e-01
   2.3173687e-01
   3.5911706e-01
   5.3609104e-01
   7.5781160e-01
   1.0195936e+00
   1.3169270e+00
   1.6454884e+00
   2.0011500e+00
   2.3799874e+00
   2.7782850e+00
   3.1925405e+00
   3.6194665e+00
   4.0559922e+00
   4.4992622e+00
   4.9466350e+00
   5.3956796e+00
   5.8441715e+00
   6.2900877e+00
   6.7315999e+00
   7.1670688e+00
   7.5950357e+00
   8.0142149e+00
   8.4234854e+00
   8.8218818e+00
   9.2085855e+00
   9.5829154e+00
   9.9443186e+00
   1.0292361e+01
   1.0626719e+01
   1.0947168e+01
   1.1253576e+01
   1.1545894e+01
   1.1824147e+01
   1.2088426e+01
   1.2338879e+01
   1.2575708e+01
   1.2799153e+01
   1.3009495e+01
   1.3207044e+01
   1.3392132e+01
   1.3565112e+01
   1.3726346e+01
   1.3876207e+01
   1.4015070e+01
   1.4143309e+01
   1.4261292e+01
   1.4369380e+01
   1.4467922e+01
   1.4557250e+01
   1.4637681e+01
   1.4709510e+01
   1.4773011e+01
   1.4828434e+01
   1.4876003e+01
   1.4915915e+01
   1.4948338e+01
   1.4973413e+01
   1.4991248e+01
   1.5001922e+01
   1.5005482e+01
   1.5001943e+01
   1.4991290e+01
   1.4973477e+01
   1.4948423e+01
   1.4916020e+01
   1.4876129e+01
   1.4828580e+01
   1.4773178e+01
   1.4709696e+01
   1.4637887e+01
   1.4557475e+01
   1.4468166e+01
   1.4369642e+01
   1.4261571e+01
   1.4143605e+01
   1.4015382e+01
   1.3876535e+01
   1.3726689e+01
   1.3565468e+01
   1.3392502e+01
   1.3207426e+01
   1.3009888e+01
   1.2799556e+01
   1.2576119e+01
   1.2339299e+01
   1.2088852e+01
   1.1824578e+01
   1.1546329e+01
   1.1254014e+01
   1.0947606e+01
   1.0627157e+01
   1.0292797e+01
   9.9447512e+00
   9.5833430e+00
   9.2090065e+00
   8.8222947e+00
   8.4238886e+00
   8.0146069e+00
   7.5954150e+00
   7.1674340e+00
   6.7319496e+00
   6.2904205e+00
   5.8444863e+00
   5.3959752e+00
   4.9469105e+00
   4.4995169e+00
   4.0562254e+00
   3.6196778e+00
   3.1927296e+00
   2.7784521e+00
   2.3801326e+00
   2.0012740e+00
   1.6455921e+00
   1.3170116e+00
   1.0196607e+00
   7.5786321e-01
   5.3612948e-01
   3.5914510e-01
   2.3175773e-01
   1.5896199e-01
   1.4588245e-01
   1.9775437e-01
   3.1990279e-01
   5.1772008e-01
   7.9664125e-01
   1.1621177e+00
   1.6195894e+00
   2.1744560e+00
   2.8320459e+00
   3.5975853e+00
   4.4761657e+00
   5.4727109e+00
   6.5919436e+00
   7.8383523e+00
   9.2161572e+00
   1.0729278e+01
   1.2381302e+01
   1.4175450e+01
   1.6114551e+01
   1.8201009e+01
   2.0436780e+01
   2.2823344e+01
   2.5361686e+01
   2.8052275e+01
   3.0895045e+01
   3.3889386e+01
   3.7034129e+01
   4.0327541e+01
   4.3767321e+01
   4.7350598e+01
   5.1073938e+01
   5.4933349e+01
   5.8924292e+01
   6.3041695e+01
   6.7279972e+01
   7.1633044e+01
   7.6094365e+01
   8.0656947e+01
   8.5313394e+01
   9.0055934e+01
   9.4876456e+01
   9.9766547e+01
   1.0471753e+02
   1.0972051e+02
   1.1476643e+02
   1.1984606e+02
   1.2495013e+02
   1.3006928e+02
   1.3519420e+02
   1.4031557e+02
   1.4542420e+02
   1.5051101e+02
   1.5556709e+02
   1.6058374e+02
   1.6555253e+02
   1.7046527e+02
   1.7531412e+02
   1.8009156e+02
   1.8479047e+02
   1.8940410e+02
   1.9392613e+02
   1.9835068e+02
   2.0267232e+02
   2.0688610e+02
   2.1098752e+02
   2.1497258e+02
   2.1883776e+02
   2.2258004e+02
   2.2619686e+02
   2.2968618e+02
   2.3304639e+02
   2.3627637e+02
   2.3937546e+02
   2.4234342e+02
   2.4518044e+02
   2.4788712e+02
   2.5046444e+02
   2.5291377e+02
   2.5523680e+02
   2.5743555e+02
   2.5951237e+02
   2.6146986e+02
   2.6331089e+02
   2.6503854e+02
   2.6665614e+02
   2.6816716e+02
   2.6957525e+02
   2.7088421e+02
   2.7209794e+02
   2.7322043e+02
   2.7425574e+02
   2.7520799e+02
   2.7608132e+02
   2.7687988e+02
   2.7760781e+02
   2.7826922e+02
   2.7886819e+02
   2.7940873e+02
   2.7989477e+02
   2.8033016e+02
   2.8071864e+02
   2.8106384e+02
   2.8136926e+02
   2.8163826e+02
   2.8187407e+02
   2.8207976e+02
   2.8225821e+02
   2.8241216e+02
   2.8254415e+02
   2.8265657e+02
   2.8275158e+02
   2.8283117e+02
   2.8289713e+02
   2.8295104e+02
   2.8299428e+02
   2.8302802e+02
   2.8305322e+02
   2.8307064e+02
   2.8308080e+02
   2.8308404e+02
