   1.2830620e+02
   1.2847379e+02
   1.2896429e+02
   1.2977881e+02
   1.3091922e+02
   1.3238811e+02
   1.3418878e+02
   1.3632522e+02
   1.3880214e+02
   1.4162490e+02
   1.4479948e+02
   1.4833253e+02
   1.5223126e+02
   1.5650344e+02
   1.6115738e+02
   1.6620185e+02
   1.7164609e+02
   1.7749970e+02
   1.8377265e+02
   1.9047518e+02
   1.9761775e+02
   2.0521099e+02
   2.1326562e+02
   2.2179237e+02
   2.3080191e+02
   2.4030476e+02
   2.5031123e+02
   2.6083130e+02
   2.7187450e+02
   2.8344990e+02
   2.9556591e+02
   3.0823023e+02
   3.2144974e+02
   3.3523035e+02
   3.4957694e+02
   3.6449321e+02
   3.7998158e+02
   3.9604306e+02
   4.1267717e+02
   4.2988178e+02
   4.4765305e+02
   4.6598527e+02
   4.8487081e+02
   5.0429998e+02
   5.2426095e+02
   5.4473968e+02
   5.6571982e+02
   5.8718267e+02
   6.0910709e+02
   6.3146947e+02
   6.5424368e+02
   6.7740107e+02
   7.0091044e+02
   7.2473806e+02
   7.4884768e+02
   7.7320058e+02
   7.9775558e+02
   8.2246918e+02
   8.4729558e+02
   8.7218683e+02
   8.9709292e+02
   9.2196193e+02
   9.4674020e+02
   9.7137247e+02
   9.9580210e+02
   1.0199712e+03
   1.0438211e+03
   1.0672921e+03
   1.0903242e+03
   1.1128571e+03
   1.1348306e+03
   1.1561846e+03
   1.1768598e+03
   1.1967975e+03
   1.2159404e+03
   1.2342325e+03
   1.2516194e+03
   1.2680489e+03
   1.2834709e+03
   1.2978379e+03
   1.3111051e+03
   1.3232308e+03
   1.3341765e+03
   1.3439072e+03
   1.3523917e+03
   1.3596024e+03
   1.3655157e+03
   1.3701125e+03
   1.3733774e+03
   1.3752998e+03
   1.3758733e+03
   1.3750959e+03
   1.3729700e+03
   1.3695028e+03
   1.3647053e+03
   1.3585933e+03
   1.3511866e+03
   1.3425093e+03
   1.3325892e+03
   1.3214583e+03
   1.3091519e+03
   1.2957090e+03
   1.2811716e+03
   1.2655849e+03
   1.2489968e+03
   1.2314576e+03
   1.2130199e+03
   1.1937384e+03
   1.1736692e+03
   1.1528699e+03
   1.1313994e+03
   1.1093171e+03
   1.0866831e+03
   1.0635578e+03
   1.0400015e+03
   1.0160744e+03
   9.9183584e+02
   9.6734471e+02
   9.4265875e+02
   9.1783451e+02
   8.9292714e+02
   8.6799015e+02
   8.4307530e+02
   8.1823241e+02
   7.9350924e+02
   7.6895135e+02
   7.4460203e+02
   7.2050218e+02
   6.9669029e+02
   6.7320231e+02
   6.5007172e+02
   6.2732941e+02
   6.0500375e+02
   5.8312057e+02
   5.6170317e+02
   5.4077241e+02
   5.2034669e+02
   5.0044206e+02
   4.8107227e+02
   4.6224886e+02
   4.4398123e+02
   4.2627676e+02
   4.0914085e+02
   3.9257712e+02
   3.7658742e+02
   3.6117200e+02
   3.4632962e+02
   3.3205763e+02
   3.1835211e+02
   3.0520800e+02
   2.9261919e+02
   2.8057861e+02
   2.6907841e+02
   2.5811000e+02
   2.4766420e+02
   2.3773131e+02
   2.2830124e+02
   2.1936356e+02
   2.1090767e+02
   2.0292278e+02
   1.9539808e+02
   1.8832278e+02
   1.8168620e+02
   1.7547779e+02
   1.6968728e+02
   1.6430467e+02
   1.5932030e+02
   1.5472491e+02
   1.5050972e+02
   1.4666639e+02
   1.4318715e+02
   1.4006478e+02
   1.3729264e+02
   1.3486474e+02
   1.3277572e+02
   1.3102091e+02
   1.2959632e+02
   1.2849867e+02
   1.2772538e+02
   1.2727463e+02
   1.2714530e+02
   1.2733703e+02
   1.2785019e+02
   1.2868590e+02
   1.2984600e+02
   1.3133306e+02
   1.3315036e+02
   1.3530191e+02
   1.3779238e+02
   1.4062712e+02
   1.4381213e+02
   1.4735402e+02
   1.5126000e+02
   1.5553786e+02
   1.6019588e+02
   1.6524285e+02
   1.7068800e+02
   1.7654094e+02
   1.8281165e+02
   1.8951037e+02
   1.9664759e+02
   2.0423395e+02
   2.1228017e+02
   2.2079703e+02
   2.2979521e+02
   2.3928528e+02
   2.4927757e+02
   2.5978209e+02
   2.7080845e+02
   2.8236575e+02
   2.9446245e+02
   3.0710634e+02
   3.2030433e+02
   3.3406244e+02
   3.4838562e+02
   3.6327766e+02
   3.7874106e+02
   3.9477696e+02
   4.1138497e+02
   4.2856308e+02
   4.4630757e+02
   4.6461286e+02
   4.8347146e+02
   5.0287382e+02
   5.2280826e+02
   5.4326089e+02
   5.6421554e+02
   5.8565365e+02
   6.0755427e+02
   6.2989394e+02
   6.5264673e+02
   6.7578417e+02
   6.9927524e+02
   7.2308639e+02
   7.4718156e+02
   7.7152221e+02
   7.9606735e+02
   8.2077366e+02
   8.4559551e+02
   8.7048514e+02
   8.9539269e+02
   9.2026642e+02
   9.4505281e+02
   9.6969676e+02
   9.9414175e+02
   1.0183301e+03
   1.0422030e+03
   1.0657012e+03
   1.0887646e+03
   1.1113330e+03
   1.1333461e+03
   1.1547442e+03
   1.1754677e+03
   1.1954581e+03
   1.2146580e+03
   1.2330113e+03
   1.2504637e+03
   1.2669629e+03
   1.2824586e+03
   1.2969034e+03
   1.3102522e+03
   1.3224632e+03
   1.3334978e+03
   1.3433209e+03
   1.3519008e+03
   1.3592099e+03
   1.3652245e+03
   1.3699249e+03
   1.3732959e+03
   1.3753263e+03
   1.3760095e+03
   1.3753433e+03
   1.3733299e+03
   1.3699758e+03
   1.3652921e+03
   1.3592941e+03
   1.3520014e+03
   1.3434377e+03
   1.3336306e+03
   1.3226117e+03
   1.3104160e+03
   1.2970822e+03
   1.2826522e+03
   1.2671707e+03
   1.2506854e+03
   1.2332464e+03
   1.2149061e+03
   1.1957188e+03
   1.1757404e+03
   1.1550286e+03
   1.1336417e+03
   1.1116392e+03
   1.0890810e+03
   1.0660274e+03
   1.0425385e+03
   1.0186744e+03
   9.9449442e+02
   9.7005738e+02
   9.4542098e+02
   9.2064174e+02
   8.9577478e+02
   8.7087364e+02
   8.4599010e+02
   8.2117402e+02
   7.9647320e+02
   7.7193329e+02
   7.4759765e+02
   7.2350727e+02
   6.9970074e+02
   6.7621414e+02
   6.5308106e+02
   6.3033253e+02
   6.0799706e+02
   5.8610063e+02
   5.6466670e+02
   5.4371626e+02
   5.2326790e+02
   5.0333783e+02
   4.8393996e+02
   4.6508601e+02
   4.4678553e+02
   4.2904608e+02
   4.1187325e+02
   3.9527079e+02
   3.7924074e+02
   3.6378351e+02
   3.4889800e+02
   3.3458175e+02
   3.2083097e+02
   3.0764075e+02
   2.9500512e+02
   2.8291717e+02
   2.7136916e+02
   2.6035264e+02
   2.4985855e+02
   2.3987731e+02
   2.3039894e+02
   2.2141314e+02
   2.1290937e+02
   2.0487696e+02
   1.9730520e+02
   1.9018337e+02
   1.8350088e+02
   1.7724725e+02
   1.7141229e+02
   1.6598606e+02
   1.6095896e+02
   1.5632181e+02
   1.5206585e+02
   1.4818282e+02
   1.4466498e+02
   1.4150515e+02
   1.3869676e+02
   1.3623382e+02
   1.3411104e+02
   1.3232376e+02
   1.3086802e+02
   1.2974058e+02
   1.2893888e+02
   1.2846111e+02
   1.2830620e+02
