   5.3781232e-09
   1.1564283e-07
   4.3439791e-07
   9.6246233e-07
   1.6992306e-06
   2.6438135e-06
   3.7950661e-06
   5.1515919e-06
   6.7117451e-06
   8.4736326e-06
   1.0435116e-05
   1.2593816e-05
   1.4947112e-05
   1.7492149e-05
   2.0225836e-05
   2.3144857e-05
   2.6245668e-05
   2.9524504e-05
   3.2977385e-05
   3.6600119e-05
   4.0388306e-05
   4.4337347e-05
   4.8442444e-05
   5.2698614e-05
   5.7100684e-05
   6.1643308e-05
   6.6320966e-05
   7.1127975e-05
   7.6058491e-05
   8.1106524e-05
   8.6265937e-05
   9.1530457e-05
   9.6893684e-05
   1.0234910e-04
   1.0789006e-04
   1.1350983e-04
   1.1920158e-04
   1.2495837e-04
   1.3077321e-04
   1.3663902e-04
   1.4254866e-04
   1.4849493e-04
   1.5447059e-04
   1.6046837e-04
   1.6648096e-04
   1.7250104e-04
   1.7852128e-04
   1.8453434e-04
   1.9053288e-04
   1.9650961e-04
   2.0245724e-04
   2.0836851e-04
   2.1423622e-04
   2.2005321e-04
   2.2581239e-04
   2.3150673e-04
   2.3712929e-04
   2.4267320e-04
   2.4813170e-04
   2.5349813e-04
   2.5876593e-04
   2.6392868e-04
   2.6898007e-04
   2.7391394e-04
   2.7872425e-04
   2.8340514e-04
   2.8795088e-04
   2.9235592e-04
   2.9661489e-04
   3.0072256e-04
   3.0467394e-04
   3.0846418e-04
   3.1208865e-04
   3.1554292e-04
   3.1882277e-04
   3.2192420e-04
   3.2484340e-04
   3.2757680e-04
   3.3012107e-04
   3.3247310e-04
   3.3463000e-04
   3.3658914e-04
   3.3834812e-04
   3.3990479e-04
   3.4125724e-04
   3.4240383e-04
   3.4334314e-04
   3.4407404e-04
   3.4459562e-04
   3.4490724e-04
   3.4500853e-04
   3.4489936e-04
   3.4457986e-04
   3.4405043e-04
   3.4331172e-04
   3.4236461e-04
   3.4121029e-04
   3.3985015e-04
   3.3828586e-04
   3.3651933e-04
   3.3455273e-04
   3.3238846e-04
   3.3002916e-04
   3.2747773e-04
   3.2473728e-04
   3.2181116e-04
   3.1870295e-04
   3.1541646e-04
   3.1195569e-04
   3.0832489e-04
   3.0452848e-04
   3.0057112e-04
   2.9645762e-04
   2.9219303e-04
   2.8778256e-04
   2.8323158e-04
   2.7854567e-04
   2.7373054e-04
   2.6879208e-04
   2.6373632e-04
   2.5856942e-04
   2.5329771e-04
   2.4792762e-04
   2.4246569e-04
   2.3691860e-04
   2.3129312e-04
   2.2559611e-04
   2.1983452e-04
   2.1401538e-04
   2.0814579e-04
   2.0223290e-04
   1.9628392e-04
   1.9030611e-04
   1.8430675e-04
   1.7829316e-04
   1.7227266e-04
   1.6625260e-04
   1.6024029e-04
   1.5424308e-04
   1.4826825e-04
   1.4232309e-04
   1.3641484e-04
   1.3055068e-04
   1.2473777e-04
   1.1898316e-04
   1.1329387e-04
   1.0767681e-04
   1.0213882e-04
   9.6686638e-05
   9.1326892e-05
   8.6066101e-05
   8.0910660e-05
   7.5866839e-05
   7.0940768e-05
   6.6138435e-05
   6.1465676e-05
   5.6928170e-05
   5.2531429e-05
   4.8280795e-05
   4.4181433e-05
   4.0238321e-05
   3.6456248e-05
   3.2839808e-05
   2.9393392e-05
   2.6121185e-05
   2.3027160e-05
   2.0115073e-05
   1.7388460e-05
   1.4850629e-05
   1.2504662e-05
   1.0353406e-05
   8.3994714e-06
   6.6452302e-06
   5.0928109e-06
   3.7440975e-06
   2.6007265e-06
   1.6640851e-06
   9.3530896e-07
   4.1527867e-07
   1.0459533e-07
   1.3605345e-09
   1.1271486e-07
   4.3150657e-07
   9.5962793e-07
   1.6964663e-06
   2.6411315e-06
   3.7924784e-06
   5.1491103e-06
   6.7093813e-06
   8.4713984e-06
   1.0433023e-05
   1.2591876e-05
   1.4945336e-05
   1.7490547e-05
   2.0224420e-05
   2.3143637e-05
   2.6244654e-05
   2.9523706e-05
   3.2976813e-05
   3.6599781e-05
   4.0388211e-05
   4.4337504e-05
   4.8442861e-05
   5.2699296e-05
   5.7101640e-05
   6.1644543e-05
   6.6322487e-05
   7.1129785e-05
   7.6060596e-05
   8.1108928e-05
   8.6268642e-05
   9.1533466e-05
   9.6897000e-05
   1.0235272e-04
   1.0789399e-04
   1.1351407e-04
   1.1920612e-04
   1.2496323e-04
   1.3077837e-04
   1.3664448e-04
   1.4255441e-04
   1.4850097e-04
   1.5447693e-04
   1.6047499e-04
   1.6648786e-04
   1.7250821e-04
   1.7852871e-04
   1.8454203e-04
   1.9054082e-04
   1.9651779e-04
   2.0246565e-04
   2.0837714e-04
   2.1424506e-04
   2.2006225e-04
   2.2582161e-04
   2.3151613e-04
   2.3713885e-04
   2.4268291e-04
   2.4814155e-04
   2.5350810e-04
   2.5877601e-04
   2.6393886e-04
   2.6899034e-04
   2.7392427e-04
   2.7873464e-04
   2.8341557e-04
   2.8796134e-04
   2.9236640e-04
   2.9662536e-04
   3.0073302e-04
   3.0468437e-04
   3.0847456e-04
   3.1209898e-04
   3.1555318e-04
   3.1883295e-04
   3.2193428e-04
   3.2485337e-04
   3.2758665e-04
   3.3013079e-04
   3.3248267e-04
   3.3463941e-04
   3.3659838e-04
   3.3835718e-04
   3.3991366e-04
   3.4126592e-04
   3.4241229e-04
   3.4335139e-04
   3.4408206e-04
   3.4460341e-04
   3.4491479e-04
   3.4501584e-04
   3.4490641e-04
   3.4458666e-04
   3.4405697e-04
   3.4331799e-04
   3.4237062e-04
   3.4121602e-04
   3.3985561e-04
   3.3829105e-04
   3.3652425e-04
   3.3455738e-04
   3.3239283e-04
   3.3003327e-04
   3.2748156e-04
   3.2474085e-04
   3.2181447e-04
   3.1870600e-04
   3.1541926e-04
   3.1195824e-04
   3.0832720e-04
   3.0453055e-04
   3.0057296e-04
   2.9645924e-04
   2.9219444e-04
   2.8778375e-04
   2.8323258e-04
   2.7854648e-04
   2.7373117e-04
   2.6879254e-04
   2.6373662e-04
   2.5856958e-04
   2.5329773e-04
   2.4792750e-04
   2.4246546e-04
   2.3691826e-04
   2.3129269e-04
   2.2559559e-04
   2.1983393e-04
   2.1401472e-04
   2.0814508e-04
   2.0223215e-04
   1.9628314e-04
   1.9030531e-04
   1.8430595e-04
   1.7829236e-04
   1.7227188e-04
   1.6625183e-04
   1.6023956e-04
   1.5424239e-04
   1.4826762e-04
   1.4232252e-04
   1.3641433e-04
   1.3055026e-04
   1.2473742e-04
   1.1898291e-04
   1.1329371e-04
   1.0767676e-04
   1.0213888e-04
   9.6686811e-05
   9.1327184e-05
   8.6066515e-05
   8.0911201e-05
   7.5867508e-05
   7.0941568e-05
   6.6139367e-05
   6.1466741e-05
   5.6929368e-05
   5.2532760e-05
   4.8282258e-05
   4.4183026e-05
   4.0240041e-05
   3.6458094e-05
   3.2841776e-05
   2.9395478e-05
   2.6123384e-05
   2.3029467e-05
   2.0117482e-05
   1.7390965e-05
   1.4853223e-05
   1.2507338e-05
   1.0356156e-05
   8.4022876e-06
   6.6481037e-06
   5.0957326e-06
   3.7470578e-06
   2.6037155e-06
   1.6670924e-06
   9.3832341e-07
   4.1828755e-07
   1.0757619e-07
   5.3781232e-09
