   3.0663199e+02
   3.0690244e+02
   3.0769009e+02
   3.0899455e+02
   3.1081517e+02
   3.1315105e+02
   3.1600103e+02
   3.1936365e+02
   3.2323720e+02
   3.2761966e+02
   3.3250875e+02
   3.3790186e+02
   3.4379606e+02
   3.5018812e+02
   3.5707446e+02
   3.6445113e+02
   3.7231385e+02
   3.8065793e+02
   3.8947830e+02
   3.9876948e+02
   4.0852557e+02
   4.1874020e+02
   4.2940658e+02
   4.4051741e+02
   4.5206493e+02
   4.6404085e+02
   4.7643637e+02
   4.8924214e+02
   5.0244828e+02
   5.1604430e+02
   5.3001918e+02
   5.4436127e+02
   5.5905833e+02
   5.7409750e+02
   5.8946529e+02
   6.0514760e+02
   6.2112966e+02
   6.3739608e+02
   6.5393082e+02
   6.7071720e+02
   6.8773786e+02
   7.0497485e+02
   7.2240955e+02
   7.4002272e+02
   7.5779451e+02
   7.7570445e+02
   7.9373149e+02
   8.1185401e+02
   8.3004984e+02
   8.4829628e+02
   8.6657013e+02
   8.8484772e+02
   9.0310494e+02
   9.2131727e+02
   9.3945983e+02
   9.5750741e+02
   9.7543451e+02
   9.9321540e+02
   1.0108242e+03
   1.0282347e+03
   1.0454209e+03
   1.0623565e+03
   1.0790154e+03
   1.0953715e+03
   1.1113988e+03
   1.1270717e+03
   1.1423645e+03
   1.1572522e+03
   1.1717100e+03
   1.1857136e+03
   1.1992393e+03
   1.2122637e+03
   1.2247644e+03
   1.2367195e+03
   1.2481080e+03
   1.2589097e+03
   1.2691052e+03
   1.2786762e+03
   1.2876052e+03
   1.2958761e+03
   1.3034736e+03
   1.3103838e+03
   1.3165937e+03
   1.3220919e+03
   1.3268681e+03
   1.3309133e+03
   1.3342198e+03
   1.3367815e+03
   1.3385935e+03
   1.3396524e+03
   1.3399560e+03
   1.3395039e+03
   1.3382968e+03
   1.3363371e+03
   1.3336283e+03
   1.3301755e+03
   1.3259853e+03
   1.3210653e+03
   1.3154250e+03
   1.3090746e+03
   1.3020260e+03
   1.2942921e+03
   1.2858873e+03
   1.2768268e+03
   1.2671271e+03
   1.2568058e+03
   1.2458814e+03
   1.2343733e+03
   1.2223019e+03
   1.2096885e+03
   1.1965549e+03
   1.1829239e+03
   1.1688186e+03
   1.1542632e+03
   1.1392818e+03
   1.1238994e+03
   1.1081411e+03
   1.0920326e+03
   1.0755996e+03
   1.0588680e+03
   1.0418641e+03
   1.0246139e+03
   1.0071438e+03
   9.8947977e+02
   9.7164797e+02
   9.5367428e+02
   9.3558441e+02
   9.1740382e+02
   8.9915769e+02
   8.8087084e+02
   8.6256774e+02
   8.4427242e+02
   8.2600850e+02
   8.0779910e+02
   7.8966683e+02
   7.7163377e+02
   7.5372147e+02
   7.3595088e+02
   7.1834236e+02
   7.0091565e+02
   6.8368991e+02
   6.6668362e+02
   6.4991466e+02
   6.3340024e+02
   6.1715694e+02
   6.0120069e+02
   5.8554676e+02
   5.7020980e+02
   5.5520380e+02
   5.4054212e+02
   5.2623752e+02
   5.1230211e+02
   4.9874743e+02
   4.8558439e+02
   4.7282336e+02
   4.6047411e+02
   4.4854589e+02
   4.3704737e+02
   4.2598675e+02
   4.1537169e+02
   4.0520938e+02
   3.9550651e+02
   3.8626936e+02
   3.7750372e+02
   3.6921500e+02
   3.6140816e+02
   3.5408782e+02
   3.4725817e+02
   3.4092308e+02
   3.3508604e+02
   3.2975023e+02
   3.2491849e+02
   3.2059335e+02
   3.1677704e+02
   3.1347152e+02
   3.1067843e+02
   3.0839916e+02
   3.0663483e+02
   3.0538628e+02
   3.0465412e+02
   3.0443867e+02
   3.0474002e+02
   3.0555800e+02
   3.0689217e+02
   3.0874186e+02
   3.1110612e+02
   3.1398374e+02
   3.1737326e+02
   3.2127291e+02
   3.2568067e+02
   3.3059421e+02
   3.3601091e+02
   3.4192782e+02
   3.4834169e+02
   3.5524892e+02
   3.6264556e+02
   3.7052730e+02
   3.7888947e+02
   3.8772699e+02
   3.9703437e+02
   4.0680570e+02
   4.1703464e+02
   4.2771439e+02
   4.3883767e+02
   4.5039673e+02
   4.6238330e+02
   4.7478860e+02
   4.8760330e+02
   5.0081754e+02
   5.1442087e+02
   5.2840230e+02
   5.4275022e+02
   5.5745242e+02
   5.7249610e+02
   5.8786781e+02
   6.0355348e+02
   6.1953843e+02
   6.3580730e+02
   6.5234412e+02
   6.6913227e+02
   6.8615447e+02
   7.0339282e+02
   7.2082879e+02
   7.3844321e+02
   7.5621631e+02
   7.7412771e+02
   7.9215644e+02
   8.1028096e+02
   8.2847920e+02
   8.4672854e+02
   8.6500589e+02
   8.8328766e+02
   9.0154984e+02
   9.1976801e+02
   9.3791738e+02
   9.5597285e+02
   9.7390901e+02
   9.9170023e+02
   1.0093207e+03
   1.0267444e+03
   1.0439452e+03
   1.0608972e+03
   1.0775742e+03
   1.0939502e+03
   1.1099993e+03
   1.1256959e+03
   1.1410146e+03
   1.1559302e+03
   1.1704181e+03
   1.1844541e+03
   1.1980144e+03
   1.2110758e+03
   1.2236158e+03
   1.2356128e+03
   1.2470455e+03
   1.2578938e+03
   1.2681384e+03
   1.2777610e+03
   1.2867441e+03
   1.2950715e+03
   1.3027279e+03
   1.3096993e+03
   1.3159729e+03
   1.3215370e+03
   1.3263814e+03
   1.3304968e+03
   1.3338758e+03
   1.3365119e+03
   1.3384002e+03
   1.3395372e+03
   1.3399207e+03
   1.3395500e+03
   1.3384258e+03
   1.3365502e+03
   1.3339269e+03
   1.3305606e+03
   1.3264578e+03
   1.3216260e+03
   1.3160744e+03
   1.3098133e+03
   1.3028543e+03
   1.2952102e+03
   1.2868950e+03
   1.2779240e+03
   1.2683135e+03
   1.2580809e+03
   1.2472445e+03
   1.2358236e+03
   1.2238384e+03
   1.2113100e+03
   1.1982603e+03
   1.1847116e+03
   1.1706872e+03
   1.1562108e+03
   1.1413067e+03
   1.1259995e+03
   1.1103145e+03
   1.0942770e+03
   1.0779127e+03
   1.0612475e+03
   1.0443074e+03
   1.0271186e+03
   1.0097071e+03
   9.9209904e+02
   9.7432043e+02
   9.5639713e+02
   9.3835479e+02
   9.2021884e+02
   9.0201444e+02
   8.8376639e+02
   8.6549915e+02
   8.4723676e+02
   8.2900282e+02
   8.1082048e+02
   7.9271237e+02
   7.7470060e+02
   7.5680674e+02
   7.3905179e+02
   7.2145615e+02
   7.0403963e+02
   6.8682141e+02
   6.6982006e+02
   6.5305351e+02
   6.3653906e+02
   6.2029334e+02
   6.0433236e+02
   5.8867149e+02
   5.7332543e+02
   5.5830829e+02
   5.4363350e+02
   5.2931391e+02
   5.1536172e+02
   5.0178856e+02
   4.8860544e+02
   4.7582282e+02
   4.6345056e+02
   4.5149799e+02
   4.3997390e+02
   4.2888657e+02
   4.1824374e+02
   4.0805271e+02
   3.9832025e+02
   3.8905272e+02
   3.8025602e+02
   3.7193562e+02
   3.6409659e+02
   3.5674361e+02
   3.4988096e+02
   3.4351258e+02
   3.3764205e+02
   3.3227261e+02
   3.2740718e+02
   3.2304835e+02
   3.1919844e+02
   3.1585944e+02
   3.1303308e+02
   3.1072080e+02
   3.0892378e+02
   3.0764291e+02
   3.0687885e+02
   3.0663199e+02
