2.475153143693478608e+00
2.666733265815465437e+00
2.798658590508634525e+00
2.892137440062512610e+00
2.959978493905530694e+00
3.010247077784148129e+00
3.048206453228376578e+00
3.077399995269447075e+00
3.100278946955139503e+00
3.118580049893616035e+00
3.133559662444281191e+00
3.146142873250845184e+00
3.157020720343463260e+00
3.166714859343355837e+00
3.175621267721411289e+00
3.184040375374735277e+00
3.192197536787308554e+00
3.200257703186901281e+00
3.208335521533000723e+00
3.216502546323188660e+00
3.224792663212567856e+00
3.233206301924566262e+00
3.241714354502381656e+00
3.250262066273997164e+00
3.258773643871093473e+00
3.267157343936992309e+00
3.275311521384867142e+00
3.283131155673011836e+00
3.290514541644040669e+00
3.297369508294890394e+00
3.303618791311552449e+00
3.309203745750021408e+00
3.314086471063888872e+00
3.318250126591884452e+00
3.321697716929344679e+00
3.324449707873548210e+00
3.326540911325643446e+00
3.328017062263853187e+00
3.328931412048129257e+00
3.329341761815766354e+00
3.329307608103684757e+00
3.328888182477128144e+00
3.328140778585277904e+00
3.327119609338803130e+00
3.325875081716076931e+00
3.324453411691615123e+00
3.322896529946214983e+00
3.321242180826863510e+00
3.319524186150415446e+00
3.317772804719850477e+00
3.316015149038228582e+00
