   2.3273252e+03
   2.3273223e+03
   2.3273168e+03
   2.3273087e+03
   2.3272980e+03
   2.3272847e+03
   2.3272688e+03
   2.3272503e+03
   2.3272292e+03
   2.3272055e+03
   2.3271793e+03
   2.3271505e+03
   2.3271192e+03
   2.3270853e+03
   2.3270490e+03
   2.3270101e+03
   2.3269687e+03
   2.3269248e+03
   2.3268785e+03
   2.3268297e+03
   2.3267785e+03
   2.3267249e+03
   2.3266689e+03
   2.3266105e+03
   2.3265498e+03
   2.3264868e+03
   2.3264214e+03
   2.3263537e+03
   2.3262838e+03
   2.3262117e+03
   2.3261373e+03
   2.3260607e+03
   2.3259820e+03
   2.3259011e+03
   2.3258181e+03
   2.3257330e+03
   2.3256458e+03
   2.3255567e+03
   2.3254655e+03
   2.3253723e+03
   2.3252772e+03
   2.3251802e+03
   2.3250813e+03
   2.3249805e+03
   2.3248780e+03
   2.3247736e+03
   2.3246675e+03
   2.3245597e+03
   2.3244501e+03
   2.3243390e+03
   2.3242262e+03
   2.3241118e+03
   2.3239959e+03
   2.3238785e+03
   2.3237595e+03
   2.3236392e+03
   2.3235174e+03
   2.3233943e+03
   2.3232699e+03
   2.3231442e+03
   2.3230172e+03
   2.3228890e+03
   2.3227596e+03
   2.3226291e+03
   2.3224976e+03
   2.3223649e+03
   2.3222313e+03
   2.3220966e+03
   2.3219611e+03
   2.3218247e+03
   2.3216874e+03
   2.3215493e+03
   2.3214104e+03
   2.3212708e+03
   2.3211306e+03
   2.3209897e+03
   2.3208482e+03
   2.3207061e+03
   2.3205636e+03
   2.3204206e+03
   2.3202771e+03
   2.3201333e+03
   2.3199891e+03
   2.3198447e+03
   2.3197000e+03
   2.3195550e+03
   2.3194100e+03
   2.3192648e+03
   2.3191195e+03
   2.3189742e+03
   2.3188289e+03
   2.3186837e+03
   2.3185385e+03
   2.3183935e+03
   2.3182487e+03
   2.3181041e+03
   2.3179598e+03
   2.3178158e+03
   2.3176722e+03
   2.3175290e+03
   2.3173862e+03
   2.3172439e+03
   2.3171021e+03
   2.3169609e+03
   2.3168203e+03
   2.3166804e+03
   2.3165411e+03
   2.3164026e+03
   2.3162649e+03
   2.3161280e+03
   2.3159919e+03
   2.3158567e+03
   2.3157225e+03
   2.3155893e+03
   2.3154571e+03
   2.3153259e+03
   2.3151958e+03
   2.3150669e+03
   2.3149391e+03
   2.3148125e+03
   2.3146872e+03
   2.3145632e+03
   2.3144404e+03
   2.3143190e+03
   2.3141990e+03
   2.3140805e+03
   2.3139633e+03
   2.3138477e+03
   2.3137336e+03
   2.3136210e+03
   2.3135101e+03
   2.3134007e+03
   2.3132930e+03
   2.3131869e+03
   2.3130826e+03
   2.3129800e+03
   2.3128792e+03
   2.3127802e+03
   2.3126830e+03
   2.3125876e+03
   2.3124942e+03
   2.3124026e+03
   2.3123130e+03
   2.3122253e+03
   2.3121396e+03
   2.3120559e+03
   2.3119742e+03
   2.3118946e+03
   2.3118170e+03
   2.3117416e+03
   2.3116682e+03
   2.3115970e+03
   2.3115280e+03
   2.3114611e+03
   2.3113965e+03
   2.3113340e+03
   2.3112738e+03
   2.3112158e+03
   2.3111601e+03
   2.3111067e+03
   2.3110556e+03
   2.3110068e+03
   2.3109603e+03
   2.3109161e+03
   2.3108743e+03
   2.3108349e+03
   2.3107979e+03
   2.3107632e+03
   2.3107310e+03
   2.3107011e+03
   2.3106737e+03
   2.3106487e+03
   2.3106261e+03
   2.3106060e+03
   2.3105884e+03
   2.3105732e+03
   2.3105605e+03
   2.3105502e+03
   2.3105424e+03
   2.3105371e+03
   2.3105343e+03
   2.3105340e+03
   2.3105361e+03
   2.3105408e+03
   2.3105479e+03
   2.3105575e+03
   2.3105696e+03
   2.3105842e+03
   2.3106013e+03
   2.3106209e+03
   2.3106429e+03
   2.3106674e+03
   2.3106944e+03
   2.3107239e+03
   2.3107558e+03
   2.3107902e+03
   2.3108270e+03
   2.3108662e+03
   2.3109079e+03
   2.3109520e+03
   2.3109985e+03
   2.3110473e+03
   2.3110986e+03
   2.3111523e+03
   2.3112083e+03
   2.3112666e+03
   2.3113273e+03
   2.3113902e+03
   2.3114555e+03
   2.3115231e+03
   2.3115929e+03
   2.3116649e+03
   2.3117392e+03
   2.3118156e+03
   2.3118943e+03
   2.3119751e+03
   2.3120581e+03
   2.3121431e+03
   2.3122303e+03
   2.3123195e+03
   2.3124107e+03
   2.3125040e+03
   2.3125992e+03
   2.3126964e+03
   2.3127956e+03
   2.3128966e+03
   2.3129995e+03
   2.3131043e+03
   2.3132108e+03
   2.3133192e+03
   2.3134293e+03
   2.3135411e+03
   2.3136546e+03
   2.3137697e+03
   2.3138864e+03
   2.3140048e+03
   2.3141246e+03
   2.3142460e+03
   2.3143689e+03
   2.3144931e+03
   2.3146188e+03
   2.3147458e+03
   2.3148742e+03
   2.3150038e+03
   2.3151347e+03
   2.3152667e+03
   2.3154000e+03
   2.3155343e+03
   2.3156697e+03
   2.3158061e+03
   2.3159436e+03
   2.3160820e+03
   2.3162213e+03
   2.3163614e+03
   2.3165024e+03
   2.3166441e+03
   2.3167866e+03
   2.3169298e+03
   2.3170736e+03
   2.3172180e+03
   2.3173630e+03
   2.3175085e+03
   2.3176544e+03
   2.3178008e+03
   2.3179475e+03
   2.3180945e+03
   2.3182419e+03
   2.3183895e+03
   2.3185372e+03
   2.3186851e+03
   2.3188331e+03
   2.3189812e+03
   2.3191292e+03
   2.3192772e+03
   2.3194251e+03
   2.3195729e+03
   2.3197205e+03
   2.3198679e+03
   2.3200150e+03
   2.3201618e+03
   2.3203082e+03
   2.3204542e+03
   2.3205998e+03
   2.3207448e+03
   2.3208893e+03
   2.3210332e+03
   2.3211765e+03
   2.3213191e+03
   2.3214609e+03
   2.3216020e+03
   2.3217423e+03
   2.3218817e+03
   2.3220202e+03
   2.3221577e+03
   2.3222942e+03
   2.3224298e+03
   2.3225642e+03
   2.3226975e+03
   2.3228296e+03
   2.3229606e+03
   2.3230903e+03
   2.3232187e+03
   2.3233458e+03
   2.3234715e+03
   2.3235957e+03
   2.3237186e+03
   2.3238399e+03
   2.3239598e+03
   2.3240780e+03
   2.3241947e+03
   2.3243097e+03
   2.3244230e+03
   2.3245346e+03
   2.3246445e+03
   2.3247526e+03
   2.3248589e+03
   2.3249633e+03
   2.3250658e+03
   2.3251664e+03
   2.3252650e+03
   2.3253617e+03
   2.3254563e+03
   2.3255489e+03
   2.3256394e+03
   2.3257278e+03
   2.3258141e+03
   2.3258982e+03
   2.3259802e+03
   2.3260599e+03
   2.3261373e+03
   2.3262126e+03
   2.3262855e+03
   2.3263561e+03
   2.3264243e+03
   2.3264902e+03
   2.3265538e+03
   2.3266149e+03
   2.3266736e+03
   2.3267299e+03
   2.3267837e+03
   2.3268351e+03
   2.3268839e+03
   2.3269303e+03
   2.3269742e+03
   2.3270155e+03
   2.3270543e+03
   2.3270905e+03
   2.3271241e+03
   2.3271552e+03
   2.3271837e+03
   2.3272096e+03
   2.3272330e+03
   2.3272537e+03
   2.3272718e+03
   2.3272873e+03
   2.3273001e+03
   2.3273104e+03
   2.3273180e+03
   2.3273230e+03
   2.3273254e+03
   2.3273252e+03
