   1.7398256e+02
   1.7398235e+02
   1.7398199e+02
   1.7398150e+02
   1.7398085e+02
   1.7398007e+02
   1.7397914e+02
   1.7397807e+02
   1.7397685e+02
   1.7397550e+02
   1.7397400e+02
   1.7397236e+02
   1.7397058e+02
   1.7396865e+02
   1.7396659e+02
   1.7396439e+02
   1.7396204e+02
   1.7395956e+02
   1.7395694e+02
   1.7395419e+02
   1.7395130e+02
   1.7394827e+02
   1.7394510e+02
   1.7394180e+02
   1.7393837e+02
   1.7393480e+02
   1.7393110e+02
   1.7392727e+02
   1.7392331e+02
   1.7391922e+02
   1.7391500e+02
   1.7391065e+02
   1.7390617e+02
   1.7390157e+02
   1.7389685e+02
   1.7389200e+02
   1.7388703e+02
   1.7388194e+02
   1.7387672e+02
   1.7387139e+02
   1.7386594e+02
   1.7386038e+02
   1.7385469e+02
   1.7384890e+02
   1.7384299e+02
   1.7383697e+02
   1.7383085e+02
   1.7382461e+02
   1.7381827e+02
   1.7381182e+02
   1.7380527e+02
   1.7379862e+02
   1.7379186e+02
   1.7378501e+02
   1.7377806e+02
   1.7377102e+02
   1.7376388e+02
   1.7375665e+02
   1.7374933e+02
   1.7374193e+02
   1.7373444e+02
   1.7372686e+02
   1.7371920e+02
   1.7371146e+02
   1.7370364e+02
   1.7369575e+02
   1.7368778e+02
   1.7367974e+02
   1.7367163e+02
   1.7366346e+02
   1.7365521e+02
   1.7364691e+02
   1.7363854e+02
   1.7363012e+02
   1.7362164e+02
   1.7361310e+02
   1.7360451e+02
   1.7359588e+02
   1.7358719e+02
   1.7357847e+02
   1.7356970e+02
   1.7356089e+02
   1.7355205e+02
   1.7354317e+02
   1.7353426e+02
   1.7352532e+02
   1.7351635e+02
   1.7350737e+02
   1.7349836e+02
   1.7348933e+02
   1.7348028e+02
   1.7347123e+02
   1.7346216e+02
   1.7345309e+02
   1.7344401e+02
   1.7343493e+02
   1.7342585e+02
   1.7341678e+02
   1.7340771e+02
   1.7339865e+02
   1.7338961e+02
   1.7338058e+02
   1.7337157e+02
   1.7336258e+02
   1.7335361e+02
   1.7334467e+02
   1.7333576e+02
   1.7332688e+02
   1.7331804e+02
   1.7330924e+02
   1.7330048e+02
   1.7329176e+02
   1.7328309e+02
   1.7327447e+02
   1.7326591e+02
   1.7325739e+02
   1.7324894e+02
   1.7324055e+02
   1.7323222e+02
   1.7322396e+02
   1.7321578e+02
   1.7320766e+02
   1.7319962e+02
   1.7319165e+02
   1.7318377e+02
   1.7317597e+02
   1.7316826e+02
   1.7316064e+02
   1.7315310e+02
   1.7314567e+02
   1.7313833e+02
   1.7313108e+02
   1.7312394e+02
   1.7311691e+02
   1.7310998e+02
   1.7310316e+02
   1.7309646e+02
   1.7308986e+02
   1.7308339e+02
   1.7307703e+02
   1.7307079e+02
   1.7306468e+02
   1.7305869e+02
   1.7305283e+02
   1.7304710e+02
   1.7304150e+02
   1.7303603e+02
   1.7303070e+02
   1.7302551e+02
   1.7302046e+02
   1.7301554e+02
   1.7301078e+02
   1.7300615e+02
   1.7300168e+02
   1.7299735e+02
   1.7299317e+02
   1.7298914e+02
   1.7298527e+02
   1.7298155e+02
   1.7297798e+02
   1.7297458e+02
   1.7297133e+02
   1.7296824e+02
   1.7296531e+02
   1.7296254e+02
   1.7295994e+02
   1.7295750e+02
   1.7295522e+02
   1.7295311e+02
   1.7295117e+02
   1.7294940e+02
   1.7294779e+02
   1.7294635e+02
   1.7294508e+02
   1.7294398e+02
   1.7294305e+02
   1.7294229e+02
   1.7294171e+02
   1.7294129e+02
   1.7294105e+02
   1.7294097e+02
   1.7294107e+02
   1.7294135e+02
   1.7294179e+02
   1.7294240e+02
   1.7294319e+02
   1.7294415e+02
   1.7294528e+02
   1.7294658e+02
   1.7294805e+02
   1.7294969e+02
   1.7295150e+02
   1.7295348e+02
   1.7295563e+02
   1.7295794e+02
   1.7296042e+02
   1.7296307e+02
   1.7296589e+02
   1.7296886e+02
   1.7297200e+02
   1.7297530e+02
   1.7297877e+02
   1.7298239e+02
   1.7298617e+02
   1.7299010e+02
   1.7299420e+02
   1.7299844e+02
   1.7300284e+02
   1.7300740e+02
   1.7301210e+02
   1.7301694e+02
   1.7302194e+02
   1.7302708e+02
   1.7303236e+02
   1.7303778e+02
   1.7304334e+02
   1.7304904e+02
   1.7305487e+02
   1.7306083e+02
   1.7306693e+02
   1.7307315e+02
   1.7307950e+02
   1.7308597e+02
   1.7309257e+02
   1.7309928e+02
   1.7310611e+02
   1.7311305e+02
   1.7312011e+02
   1.7312727e+02
   1.7313455e+02
   1.7314192e+02
   1.7314940e+02
   1.7315697e+02
   1.7316465e+02
   1.7317241e+02
   1.7318027e+02
   1.7318821e+02
   1.7319624e+02
   1.7320435e+02
   1.7321254e+02
   1.7322081e+02
   1.7322915e+02
   1.7323756e+02
   1.7324604e+02
   1.7325458e+02
   1.7326319e+02
   1.7327185e+02
   1.7328057e+02
   1.7328934e+02
   1.7329817e+02
   1.7330704e+02
   1.7331595e+02
   1.7332490e+02
   1.7333390e+02
   1.7334292e+02
   1.7335198e+02
   1.7336107e+02
   1.7337018e+02
   1.7337931e+02
   1.7338847e+02
   1.7339764e+02
   1.7340682e+02
   1.7341602e+02
   1.7342522e+02
   1.7343443e+02
   1.7344364e+02
   1.7345284e+02
   1.7346205e+02
   1.7347124e+02
   1.7348043e+02
   1.7348960e+02
   1.7349875e+02
   1.7350789e+02
   1.7351701e+02
   1.7352610e+02
   1.7353516e+02
   1.7354420e+02
   1.7355320e+02
   1.7356216e+02
   1.7357109e+02
   1.7357998e+02
   1.7358882e+02
   1.7359762e+02
   1.7360636e+02
   1.7361506e+02
   1.7362370e+02
   1.7363229e+02
   1.7364082e+02
   1.7364928e+02
   1.7365769e+02
   1.7366602e+02
   1.7367429e+02
   1.7368249e+02
   1.7369062e+02
   1.7369867e+02
   1.7370664e+02
   1.7371453e+02
   1.7372234e+02
   1.7373007e+02
   1.7373771e+02
   1.7374527e+02
   1.7375273e+02
   1.7376010e+02
   1.7376738e+02
   1.7377457e+02
   1.7378165e+02
   1.7378864e+02
   1.7379552e+02
   1.7380231e+02
   1.7380898e+02
   1.7381556e+02
   1.7382202e+02
   1.7382837e+02
   1.7383462e+02
   1.7384075e+02
   1.7384677e+02
   1.7385267e+02
   1.7385845e+02
   1.7386412e+02
   1.7386967e+02
   1.7387509e+02
   1.7388040e+02
   1.7388558e+02
   1.7389064e+02
   1.7389557e+02
   1.7390037e+02
   1.7390505e+02
   1.7390960e+02
   1.7391401e+02
   1.7391830e+02
   1.7392245e+02
   1.7392648e+02
   1.7393036e+02
   1.7393412e+02
   1.7393774e+02
   1.7394122e+02
   1.7394457e+02
   1.7394778e+02
   1.7395085e+02
   1.7395378e+02
   1.7395657e+02
   1.7395922e+02
   1.7396174e+02
   1.7396411e+02
   1.7396634e+02
   1.7396843e+02
   1.7397037e+02
   1.7397218e+02
   1.7397384e+02
   1.7397536e+02
   1.7397673e+02
   1.7397796e+02
   1.7397905e+02
   1.7397999e+02
   1.7398079e+02
   1.7398145e+02
   1.7398196e+02
   1.7398232e+02
   1.7398255e+02
   1.7398263e+02
   1.7398256e+02
