   1.5911905e+00
   1.5911897e+00
   1.5911886e+00
   1.5911871e+00
   1.5911852e+00
   1.5911829e+00
   1.5911803e+00
   1.5911773e+00
   1.5911739e+00
   1.5911701e+00
   1.5911660e+00
   1.5911615e+00
   1.5911566e+00
   1.5911513e+00
   1.5911457e+00
   1.5911397e+00
   1.5911334e+00
   1.5911267e+00
   1.5911196e+00
   1.5911122e+00
   1.5911044e+00
   1.5910963e+00
   1.5910878e+00
   1.5910790e+00
   1.5910698e+00
   1.5910603e+00
   1.5910504e+00
   1.5910402e+00
   1.5910297e+00
   1.5910188e+00
   1.5910076e+00
   1.5909961e+00
   1.5909843e+00
   1.5909721e+00
   1.5909597e+00
   1.5909469e+00
   1.5909338e+00
   1.5909204e+00
   1.5909068e+00
   1.5908928e+00
   1.5908785e+00
   1.5908640e+00
   1.5908491e+00
   1.5908340e+00
   1.5908186e+00
   1.5908030e+00
   1.5907871e+00
   1.5907709e+00
   1.5907545e+00
   1.5907378e+00
   1.5907209e+00
   1.5907037e+00
   1.5906863e+00
   1.5906687e+00
   1.5906509e+00
   1.5906328e+00
   1.5906145e+00
   1.5905960e+00
   1.5905774e+00
   1.5905585e+00
   1.5905394e+00
   1.5905202e+00
   1.5905007e+00
   1.5904811e+00
   1.5904614e+00
   1.5904414e+00
   1.5904214e+00
   1.5904011e+00
   1.5903808e+00
   1.5903602e+00
   1.5903396e+00
   1.5903188e+00
   1.5902980e+00
   1.5902770e+00
   1.5902559e+00
   1.5902347e+00
   1.5902134e+00
   1.5901920e+00
   1.5901705e+00
   1.5901490e+00
   1.5901274e+00
   1.5901058e+00
   1.5900841e+00
   1.5900623e+00
   1.5900405e+00
   1.5900187e+00
   1.5899968e+00
   1.5899750e+00
   1.5899531e+00
   1.5899312e+00
   1.5899093e+00
   1.5898874e+00
   1.5898655e+00
   1.5898437e+00
   1.5898218e+00
   1.5898000e+00
   1.5897783e+00
   1.5897566e+00
   1.5897349e+00
   1.5897133e+00
   1.5896918e+00
   1.5896704e+00
   1.5896490e+00
   1.5896277e+00
   1.5896065e+00
   1.5895854e+00
   1.5895644e+00
   1.5895435e+00
   1.5895228e+00
   1.5895021e+00
   1.5894816e+00
   1.5894613e+00
   1.5894410e+00
   1.5894210e+00
   1.5894010e+00
   1.5893813e+00
   1.5893617e+00
   1.5893423e+00
   1.5893231e+00
   1.5893040e+00
   1.5892852e+00
   1.5892665e+00
   1.5892481e+00
   1.5892298e+00
   1.5892118e+00
   1.5891940e+00
   1.5891764e+00
   1.5891591e+00
   1.5891419e+00
   1.5891251e+00
   1.5891085e+00
   1.5890921e+00
   1.5890760e+00
   1.5890601e+00
   1.5890445e+00
   1.5890292e+00
   1.5890142e+00
   1.5889994e+00
   1.5889850e+00
   1.5889708e+00
   1.5889569e+00
   1.5889433e+00
   1.5889301e+00
   1.5889171e+00
   1.5889044e+00
   1.5888921e+00
   1.5888801e+00
   1.5888684e+00
   1.5888570e+00
   1.5888459e+00
   1.5888352e+00
   1.5888249e+00
   1.5888148e+00
   1.5888051e+00
   1.5887958e+00
   1.5887868e+00
   1.5887782e+00
   1.5887699e+00
   1.5887619e+00
   1.5887544e+00
   1.5887472e+00
   1.5887403e+00
   1.5887338e+00
   1.5887277e+00
   1.5887220e+00
   1.5887166e+00
   1.5887116e+00
   1.5887070e+00
   1.5887028e+00
   1.5886989e+00
   1.5886954e+00
   1.5886923e+00
   1.5886896e+00
   1.5886873e+00
   1.5886853e+00
   1.5886838e+00
   1.5886826e+00
   1.5886818e+00
   1.5886813e+00
   1.5886813e+00
   1.5886817e+00
   1.5886824e+00
   1.5886835e+00
   1.5886850e+00
   1.5886869e+00
   1.5886892e+00
   1.5886919e+00
   1.5886949e+00
   1.5886983e+00
   1.5887021e+00
   1.5887063e+00
   1.5887109e+00
   1.5887158e+00
   1.5887211e+00
   1.5887268e+00
   1.5887328e+00
   1.5887392e+00
   1.5887460e+00
   1.5887532e+00
   1.5887607e+00
   1.5887686e+00
   1.5887768e+00
   1.5887854e+00
   1.5887944e+00
   1.5888037e+00
   1.5888133e+00
   1.5888233e+00
   1.5888336e+00
   1.5888443e+00
   1.5888553e+00
   1.5888666e+00
   1.5888783e+00
   1.5888903e+00
   1.5889026e+00
   1.5889152e+00
   1.5889281e+00
   1.5889414e+00
   1.5889549e+00
   1.5889688e+00
   1.5889829e+00
   1.5889974e+00
   1.5890121e+00
   1.5890271e+00
   1.5890424e+00
   1.5890580e+00
   1.5890738e+00
   1.5890899e+00
   1.5891063e+00
   1.5891229e+00
   1.5891397e+00
   1.5891568e+00
   1.5891742e+00
   1.5891918e+00
   1.5892096e+00
   1.5892276e+00
   1.5892458e+00
   1.5892643e+00
   1.5892829e+00
   1.5893018e+00
   1.5893208e+00
   1.5893401e+00
   1.5893595e+00
   1.5893791e+00
   1.5893988e+00
   1.5894188e+00
   1.5894388e+00
   1.5894591e+00
   1.5894795e+00
   1.5895000e+00
   1.5895206e+00
   1.5895414e+00
   1.5895623e+00
   1.5895833e+00
   1.5896044e+00
   1.5896256e+00
   1.5896469e+00
   1.5896683e+00
   1.5896898e+00
   1.5897114e+00
   1.5897330e+00
   1.5897546e+00
   1.5897764e+00
   1.5897982e+00
   1.5898200e+00
   1.5898418e+00
   1.5898637e+00
   1.5898856e+00
   1.5899075e+00
   1.5899294e+00
   1.5899514e+00
   1.5899733e+00
   1.5899952e+00
   1.5900170e+00
   1.5900389e+00
   1.5900607e+00
   1.5900825e+00
   1.5901042e+00
   1.5901259e+00
   1.5901475e+00
   1.5901691e+00
   1.5901906e+00
   1.5902120e+00
   1.5902333e+00
   1.5902545e+00
   1.5902757e+00
   1.5902967e+00
   1.5903176e+00
   1.5903384e+00
   1.5903591e+00
   1.5903796e+00
   1.5904000e+00
   1.5904203e+00
   1.5904404e+00
   1.5904603e+00
   1.5904801e+00
   1.5904997e+00
   1.5905192e+00
   1.5905385e+00
   1.5905576e+00
   1.5905765e+00
   1.5905952e+00
   1.5906137e+00
   1.5906320e+00
   1.5906501e+00
   1.5906679e+00
   1.5906856e+00
   1.5907030e+00
   1.5907202e+00
   1.5907371e+00
   1.5907538e+00
   1.5907702e+00
   1.5907864e+00
   1.5908024e+00
   1.5908180e+00
   1.5908334e+00
   1.5908486e+00
   1.5908634e+00
   1.5908780e+00
   1.5908923e+00
   1.5909063e+00
   1.5909200e+00
   1.5909334e+00
   1.5909465e+00
   1.5909593e+00
   1.5909718e+00
   1.5909839e+00
   1.5909958e+00
   1.5910073e+00
   1.5910185e+00
   1.5910294e+00
   1.5910399e+00
   1.5910501e+00
   1.5910600e+00
   1.5910695e+00
   1.5910787e+00
   1.5910876e+00
   1.5910961e+00
   1.5911042e+00
   1.5911120e+00
   1.5911194e+00
   1.5911265e+00
   1.5911332e+00
   1.5911396e+00
   1.5911456e+00
   1.5911512e+00
   1.5911565e+00
   1.5911614e+00
   1.5911659e+00
   1.5911700e+00
   1.5911738e+00
   1.5911772e+00
   1.5911802e+00
   1.5911829e+00
   1.5911851e+00
   1.5911870e+00
   1.5911886e+00
   1.5911897e+00
   1.5911905e+00
   1.5911909e+00
   1.5911909e+00
   1.5911905e+00
