   5.8494231e-01
   5.8494201e-01
   5.8494172e-01
   5.8494143e-01
   5.8494116e-01
   5.8494090e-01
   5.8494065e-01
   5.8494040e-01
   5.8494017e-01
   5.8493995e-01
   5.8493973e-01
   5.8493953e-01
   5.8493934e-01
   5.8493915e-01
   5.8493898e-01
   5.8493882e-01
   5.8493866e-01
   5.8493852e-01
   5.8493839e-01
   5.8493826e-01
   5.8493815e-01
   5.8493805e-01
   5.8493796e-01
   5.8493788e-01
   5.8493780e-01
   5.8493774e-01
   5.8493769e-01
   5.8493765e-01
   5.8493761e-01
   5.8493759e-01
   5.8493758e-01
   5.8493757e-01
   5.8493758e-01
   5.8493760e-01
   5.8493762e-01
   5.8493765e-01
   5.8493770e-01
   5.8493775e-01
   5.8493781e-01
   5.8493788e-01
   5.8493796e-01
   5.8493805e-01
   5.8493815e-01
   5.8493825e-01
   5.8493837e-01
   5.8493849e-01
   5.8493862e-01
   5.8493876e-01
   5.8493891e-01
   5.8493906e-01
   5.8493923e-01
   5.8493940e-01
   5.8493958e-01
   5.8493976e-01
   5.8493995e-01
   5.8494015e-01
   5.8494036e-01
   5.8494058e-01
   5.8494080e-01
   5.8494103e-01
   5.8494126e-01
   5.8494150e-01
   5.8494175e-01
   5.8494200e-01
   5.8494226e-01
   5.8494253e-01
   5.8494280e-01
   5.8494307e-01
   5.8494336e-01
   5.8494364e-01
   5.8494394e-01
   5.8494423e-01
   5.8494454e-01
   5.8494485e-01
   5.8494516e-01
   5.8494548e-01
   5.8494580e-01
   5.8494612e-01
   5.8494646e-01
   5.8494679e-01
   5.8494713e-01
   5.8494747e-01
   5.8494782e-01
   5.8494817e-01
   5.8494852e-01
   5.8494888e-01
   5.8494924e-01
   5.8494961e-01
   5.8494997e-01
   5.8495034e-01
   5.8495072e-01
   5.8495109e-01
   5.8495147e-01
   5.8495185e-01
   5.8495224e-01
   5.8495262e-01
   5.8495301e-01
   5.8495340e-01
   5.8495380e-01
   5.8495419e-01
   5.8495459e-01
   5.8495499e-01
   5.8495539e-01
   5.8495579e-01
   5.8495620e-01
   5.8495660e-01
   5.8495701e-01
   5.8495742e-01
   5.8495783e-01
   5.8495824e-01
   5.8495865e-01
   5.8495907e-01
   5.8495948e-01
   5.8495990e-01
   5.8496031e-01
   5.8496073e-01
   5.8496115e-01
   5.8496157e-01
   5.8496199e-01
   5.8496241e-01
   5.8496283e-01
   5.8496325e-01
   5.8496367e-01
   5.8496409e-01
   5.8496451e-01
   5.8496493e-01
   5.8496535e-01
   5.8496577e-01
   5.8496619e-01
   5.8496662e-01
   5.8496704e-01
   5.8496746e-01
   5.8496788e-01
   5.8496830e-01
   5.8496872e-01
   5.8496914e-01
   5.8496955e-01
   5.8496997e-01
   5.8497039e-01
   5.8497080e-01
   5.8497122e-01
   5.8497163e-01
   5.8497205e-01
   5.8497246e-01
   5.8497287e-01
   5.8497328e-01
   5.8497369e-01
   5.8497410e-01
   5.8497450e-01
   5.8497491e-01
   5.8497531e-01
   5.8497571e-01
   5.8497611e-01
   5.8497651e-01
   5.8497691e-01
   5.8497730e-01
   5.8497769e-01
   5.8497808e-01
   5.8497847e-01
   5.8497886e-01
   5.8497924e-01
   5.8497962e-01
   5.8498000e-01
   5.8498038e-01
   5.8498075e-01
   5.8498112e-01
   5.8498149e-01
   5.8498186e-01
   5.8498222e-01
   5.8498258e-01
   5.8498293e-01
   5.8498329e-01
   5.8498364e-01
   5.8498398e-01
   5.8498433e-01
   5.8498467e-01
   5.8498500e-01
   5.8498533e-01
   5.8498566e-01
   5.8498599e-01
   5.8498631e-01
   5.8498662e-01
   5.8498693e-01
   5.8498724e-01
   5.8498754e-01
   5.8498784e-01
   5.8498813e-01
   5.8498842e-01
   5.8498871e-01
   5.8498899e-01
   5.8498926e-01
   5.8498953e-01
   5.8498979e-01
   5.8499005e-01
   5.8499030e-01
   5.8499055e-01
   5.8499079e-01
   5.8499103e-01
   5.8499126e-01
   5.8499148e-01
   5.8499170e-01
   5.8499191e-01
   5.8499211e-01
   5.8499231e-01
   5.8499250e-01
   5.8499269e-01
   5.8499287e-01
   5.8499304e-01
   5.8499320e-01
   5.8499336e-01
   5.8499351e-01
   5.8499366e-01
   5.8499379e-01
   5.8499392e-01
   5.8499404e-01
   5.8499415e-01
   5.8499426e-01
   5.8499436e-01
   5.8499445e-01
   5.8499453e-01
   5.8499460e-01
   5.8499467e-01
   5.8499472e-01
   5.8499477e-01
   5.8499481e-01
   5.8499484e-01
   5.8499486e-01
   5.8499488e-01
   5.8499488e-01
   5.8499488e-01
   5.8499487e-01
   5.8499485e-01
   5.8499481e-01
   5.8499477e-01
   5.8499473e-01
   5.8499467e-01
   5.8499460e-01
   5.8499452e-01
   5.8499444e-01
   5.8499434e-01
   5.8499424e-01
   5.8499412e-01
   5.8499400e-01
   5.8499386e-01
   5.8499372e-01
   5.8499357e-01
   5.8499341e-01
   5.8499323e-01
   5.8499305e-01
   5.8499286e-01
   5.8499266e-01
   5.8499245e-01
   5.8499223e-01
   5.8499200e-01
   5.8499176e-01
   5.8499151e-01
   5.8499126e-01
   5.8499099e-01
   5.8499071e-01
   5.8499043e-01
   5.8499013e-01
   5.8498983e-01
   5.8498952e-01
   5.8498919e-01
   5.8498886e-01
   5.8498852e-01
   5.8498817e-01
   5.8498782e-01
   5.8498745e-01
   5.8498708e-01
   5.8498669e-01
   5.8498630e-01
   5.8498590e-01
   5.8498550e-01
   5.8498508e-01
   5.8498466e-01
   5.8498423e-01
   5.8498379e-01
   5.8498335e-01
   5.8498289e-01
   5.8498243e-01
   5.8498197e-01
   5.8498150e-01
   5.8498102e-01
   5.8498053e-01
   5.8498004e-01
   5.8497954e-01
   5.8497904e-01
   5.8497853e-01
   5.8497802e-01
   5.8497750e-01
   5.8497697e-01
   5.8497645e-01
   5.8497591e-01
   5.8497538e-01
   5.8497483e-01
   5.8497429e-01
   5.8497374e-01
   5.8497319e-01
   5.8497263e-01
   5.8497207e-01
   5.8497151e-01
   5.8497095e-01
   5.8497038e-01
   5.8496982e-01
   5.8496925e-01
   5.8496868e-01
   5.8496811e-01
   5.8496753e-01
   5.8496696e-01
   5.8496639e-01
   5.8496581e-01
   5.8496524e-01
   5.8496467e-01
   5.8496409e-01
   5.8496352e-01
   5.8496295e-01
   5.8496238e-01
   5.8496181e-01
   5.8496124e-01
   5.8496068e-01
   5.8496012e-01
   5.8495956e-01
   5.8495900e-01
   5.8495845e-01
   5.8495790e-01
   5.8495735e-01
   5.8495681e-01
   5.8495627e-01
   5.8495573e-01
   5.8495520e-01
   5.8495467e-01
   5.8495415e-01
   5.8495364e-01
   5.8495313e-01
   5.8495262e-01
   5.8495212e-01
   5.8495163e-01
   5.8495114e-01
   5.8495066e-01
   5.8495018e-01
   5.8494971e-01
   5.8494925e-01
   5.8494880e-01
   5.8494835e-01
   5.8494791e-01
   5.8494748e-01
   5.8494706e-01
   5.8494664e-01
   5.8494623e-01
   5.8494583e-01
   5.8494544e-01
   5.8494506e-01
   5.8494468e-01
   5.8494432e-01
   5.8494396e-01
   5.8494361e-01
   5.8494327e-01
   5.8494294e-01
   5.8494262e-01
   5.8494231e-01
