   7.3303494e+02
   7.3303372e+02
   7.3303146e+02
   7.3302815e+02
   7.3302379e+02
   7.3301840e+02
   7.3301196e+02
   7.3300448e+02
   7.3299597e+02
   7.3298643e+02
   7.3297585e+02
   7.3296425e+02
   7.3295162e+02
   7.3293797e+02
   7.3292330e+02
   7.3290762e+02
   7.3289092e+02
   7.3287323e+02
   7.3285453e+02
   7.3283484e+02
   7.3281415e+02
   7.3279249e+02
   7.3276984e+02
   7.3274622e+02
   7.3272163e+02
   7.3269608e+02
   7.3266957e+02
   7.3264212e+02
   7.3261372e+02
   7.3258440e+02
   7.3255414e+02
   7.3252296e+02
   7.3249088e+02
   7.3245789e+02
   7.3242400e+02
   7.3238923e+02
   7.3235358e+02
   7.3231707e+02
   7.3227969e+02
   7.3224146e+02
   7.3220239e+02
   7.3216250e+02
   7.3212178e+02
   7.3208025e+02
   7.3203792e+02
   7.3199480e+02
   7.3195090e+02
   7.3190624e+02
   7.3186082e+02
   7.3181466e+02
   7.3176776e+02
   7.3172015e+02
   7.3167183e+02
   7.3162281e+02
   7.3157311e+02
   7.3152275e+02
   7.3147172e+02
   7.3142006e+02
   7.3136776e+02
   7.3131485e+02
   7.3126134e+02
   7.3120724e+02
   7.3115257e+02
   7.3109734e+02
   7.3104157e+02
   7.3098527e+02
   7.3092846e+02
   7.3087115e+02
   7.3081336e+02
   7.3075511e+02
   7.3069641e+02
   7.3063727e+02
   7.3057772e+02
   7.3051777e+02
   7.3045744e+02
   7.3039674e+02
   7.3033569e+02
   7.3027432e+02
   7.3021263e+02
   7.3015065e+02
   7.3008838e+02
   7.3002586e+02
   7.2996310e+02
   7.2990012e+02
   7.2983693e+02
   7.2977356e+02
   7.2971002e+02
   7.2964633e+02
   7.2958251e+02
   7.2951859e+02
   7.2945458e+02
   7.2939049e+02
   7.2932635e+02
   7.2926219e+02
   7.2919801e+02
   7.2913383e+02
   7.2906969e+02
   7.2900559e+02
   7.2894156e+02
   7.2887762e+02
   7.2881379e+02
   7.2875008e+02
   7.2868652e+02
   7.2862313e+02
   7.2855992e+02
   7.2849693e+02
   7.2843416e+02
   7.2837164e+02
   7.2830938e+02
   7.2824742e+02
   7.2818576e+02
   7.2812443e+02
   7.2806345e+02
   7.2800283e+02
   7.2794261e+02
   7.2788278e+02
   7.2782339e+02
   7.2776444e+02
   7.2770596e+02
   7.2764795e+02
   7.2759046e+02
   7.2753348e+02
   7.2747705e+02
   7.2742118e+02
   7.2736588e+02
   7.2731118e+02
   7.2725710e+02
   7.2720365e+02
   7.2715085e+02
   7.2709872e+02
   7.2704728e+02
   7.2699654e+02
   7.2694651e+02
   7.2689723e+02
   7.2684870e+02
   7.2680094e+02
   7.2675397e+02
   7.2670780e+02
   7.2666245e+02
   7.2661793e+02
   7.2657426e+02
   7.2653146e+02
   7.2648953e+02
   7.2644849e+02
   7.2640836e+02
   7.2636916e+02
   7.2633088e+02
   7.2629356e+02
   7.2625719e+02
   7.2622180e+02
   7.2618739e+02
   7.2615398e+02
   7.2612157e+02
   7.2609019e+02
   7.2605984e+02
   7.2603052e+02
   7.2600226e+02
   7.2597507e+02
   7.2594894e+02
   7.2592390e+02
   7.2589994e+02
   7.2587708e+02
   7.2585533e+02
   7.2583470e+02
   7.2581518e+02
   7.2579679e+02
   7.2577954e+02
   7.2576344e+02
   7.2574848e+02
   7.2573467e+02
   7.2572202e+02
   7.2571054e+02
   7.2570022e+02
   7.2569108e+02
   7.2568311e+02
   7.2567633e+02
   7.2567072e+02
   7.2566630e+02
   7.2566306e+02
   7.2566102e+02
   7.2566016e+02
   7.2566050e+02
   7.2566202e+02
   7.2566474e+02
   7.2566864e+02
   7.2567374e+02
   7.2568003e+02
   7.2568750e+02
   7.2569616e+02
   7.2570600e+02
   7.2571702e+02
   7.2572921e+02
   7.2574258e+02
   7.2575712e+02
   7.2577282e+02
   7.2578969e+02
   7.2580770e+02
   7.2582687e+02
   7.2584717e+02
   7.2586861e+02
   7.2589118e+02
   7.2591487e+02
   7.2593968e+02
   7.2596559e+02
   7.2599260e+02
   7.2602069e+02
   7.2604986e+02
   7.2608011e+02
   7.2611140e+02
   7.2614375e+02
   7.2617714e+02
   7.2621155e+02
   7.2624697e+02
   7.2628339e+02
   7.2632081e+02
   7.2635920e+02
   7.2639856e+02
   7.2643886e+02
   7.2648010e+02
   7.2652226e+02
   7.2656534e+02
   7.2660930e+02
   7.2665414e+02
   7.2669984e+02
   7.2674639e+02
   7.2679377e+02
   7.2684197e+02
   7.2689096e+02
   7.2694073e+02
   7.2699127e+02
   7.2704255e+02
   7.2709456e+02
   7.2714728e+02
   7.2720069e+02
   7.2725478e+02
   7.2730952e+02
   7.2736490e+02
   7.2742089e+02
   7.2747749e+02
   7.2753466e+02
   7.2759239e+02
   7.2765066e+02
   7.2770945e+02
   7.2776874e+02
   7.2782852e+02
   7.2788875e+02
   7.2794942e+02
   7.2801050e+02
   7.2807199e+02
   7.2813385e+02
   7.2819607e+02
   7.2825863e+02
   7.2832150e+02
   7.2838466e+02
   7.2844810e+02
   7.2851179e+02
   7.2857571e+02
   7.2863983e+02
   7.2870415e+02
   7.2876864e+02
   7.2883327e+02
   7.2889803e+02
   7.2896289e+02
   7.2902784e+02
   7.2909285e+02
   7.2915790e+02
   7.2922297e+02
   7.2928805e+02
   7.2935310e+02
   7.2941811e+02
   7.2948306e+02
   7.2954793e+02
   7.2961270e+02
   7.2967735e+02
   7.2974185e+02
   7.2980619e+02
   7.2987035e+02
   7.2993431e+02
   7.2999805e+02
   7.3006155e+02
   7.3012479e+02
   7.3018775e+02
   7.3025041e+02
   7.3031276e+02
   7.3037478e+02
   7.3043644e+02
   7.3049773e+02
   7.3055863e+02
   7.3061912e+02
   7.3067919e+02
   7.3073882e+02
   7.3079799e+02
   7.3085669e+02
   7.3091489e+02
   7.3097258e+02
   7.3102975e+02
   7.3108638e+02
   7.3114244e+02
   7.3119794e+02
   7.3125285e+02
   7.3130715e+02
   7.3136084e+02
   7.3141389e+02
   7.3146629e+02
   7.3151803e+02
   7.3156910e+02
   7.3161947e+02
   7.3166915e+02
   7.3171810e+02
   7.3176633e+02
   7.3181381e+02
   7.3186054e+02
   7.3190650e+02
   7.3195168e+02
   7.3199607e+02
   7.3203966e+02
   7.3208244e+02
   7.3212439e+02
   7.3216550e+02
   7.3220577e+02
   7.3224518e+02
   7.3228372e+02
   7.3232139e+02
   7.3235818e+02
   7.3239406e+02
   7.3242905e+02
   7.3246312e+02
   7.3249628e+02
   7.3252850e+02
   7.3255979e+02
   7.3259014e+02
   7.3261953e+02
   7.3264796e+02
   7.3267543e+02
   7.3270193e+02
   7.3272745e+02
   7.3275199e+02
   7.3277554e+02
   7.3279809e+02
   7.3281965e+02
   7.3284019e+02
   7.3285973e+02
   7.3287826e+02
   7.3289577e+02
   7.3291225e+02
   7.3292771e+02
   7.3294214e+02
   7.3295554e+02
   7.3296791e+02
   7.3297923e+02
   7.3298952e+02
   7.3299877e+02
   7.3300697e+02
   7.3301413e+02
   7.3302025e+02
   7.3302532e+02
   7.3302934e+02
   7.3303231e+02
   7.3303423e+02
   7.3303511e+02
   7.3303494e+02
