   1.3343169e+03
   1.3343174e+03
   1.3343197e+03
   1.3343236e+03
   1.3343293e+03
   1.3343366e+03
   1.3343456e+03
   1.3343563e+03
   1.3343687e+03
   1.3343828e+03
   1.3343986e+03
   1.3344160e+03
   1.3344351e+03
   1.3344559e+03
   1.3344783e+03
   1.3345024e+03
   1.3345281e+03
   1.3345555e+03
   1.3345845e+03
   1.3346152e+03
   1.3346475e+03
   1.3346814e+03
   1.3347169e+03
   1.3347540e+03
   1.3347926e+03
   1.3348329e+03
   1.3348747e+03
   1.3349181e+03
   1.3349630e+03
   1.3350094e+03
   1.3350574e+03
   1.3351068e+03
   1.3351578e+03
   1.3352102e+03
   1.3352641e+03
   1.3353194e+03
   1.3353762e+03
   1.3354344e+03
   1.3354940e+03
   1.3355549e+03
   1.3356173e+03
   1.3356810e+03
   1.3357460e+03
   1.3358123e+03
   1.3358799e+03
   1.3359488e+03
   1.3360190e+03
   1.3360904e+03
   1.3361630e+03
   1.3362368e+03
   1.3363117e+03
   1.3363879e+03
   1.3364651e+03
   1.3365435e+03
   1.3366229e+03
   1.3367034e+03
   1.3367849e+03
   1.3368675e+03
   1.3369510e+03
   1.3370355e+03
   1.3371210e+03
   1.3372073e+03
   1.3372946e+03
   1.3373827e+03
   1.3374716e+03
   1.3375614e+03
   1.3376519e+03
   1.3377432e+03
   1.3378352e+03
   1.3379280e+03
   1.3380214e+03
   1.3381154e+03
   1.3382101e+03
   1.3383054e+03
   1.3384012e+03
   1.3384975e+03
   1.3385944e+03
   1.3386917e+03
   1.3387895e+03
   1.3388877e+03
   1.3389863e+03
   1.3390852e+03
   1.3391845e+03
   1.3392840e+03
   1.3393838e+03
   1.3394839e+03
   1.3395842e+03
   1.3396846e+03
   1.3397852e+03
   1.3398859e+03
   1.3399866e+03
   1.3400874e+03
   1.3401883e+03
   1.3402891e+03
   1.3403899e+03
   1.3404906e+03
   1.3405912e+03
   1.3406916e+03
   1.3407919e+03
   1.3408920e+03
   1.3409919e+03
   1.3410915e+03
   1.3411908e+03
   1.3412898e+03
   1.3413884e+03
   1.3414866e+03
   1.3415845e+03
   1.3416818e+03
   1.3417787e+03
   1.3418751e+03
   1.3419710e+03
   1.3420663e+03
   1.3421609e+03
   1.3422550e+03
   1.3423484e+03
   1.3424411e+03
   1.3425331e+03
   1.3426243e+03
   1.3427148e+03
   1.3428044e+03
   1.3428932e+03
   1.3429812e+03
   1.3430683e+03
   1.3431544e+03
   1.3432396e+03
   1.3433238e+03
   1.3434070e+03
   1.3434892e+03
   1.3435704e+03
   1.3436504e+03
   1.3437294e+03
   1.3438072e+03
   1.3438839e+03
   1.3439593e+03
   1.3440336e+03
   1.3441067e+03
   1.3441784e+03
   1.3442489e+03
   1.3443181e+03
   1.3443860e+03
   1.3444526e+03
   1.3445177e+03
   1.3445815e+03
   1.3446439e+03
   1.3447048e+03
   1.3447643e+03
   1.3448223e+03
   1.3448788e+03
   1.3449338e+03
   1.3449873e+03
   1.3450392e+03
   1.3450896e+03
   1.3451384e+03
   1.3451856e+03
   1.3452312e+03
   1.3452752e+03
   1.3453176e+03
   1.3453583e+03
   1.3453973e+03
   1.3454346e+03
   1.3454703e+03
   1.3455042e+03
   1.3455365e+03
   1.3455670e+03
   1.3455958e+03
   1.3456228e+03
   1.3456481e+03
   1.3456717e+03
   1.3456934e+03
   1.3457134e+03
   1.3457316e+03
   1.3457481e+03
   1.3457627e+03
   1.3457756e+03
   1.3457866e+03
   1.3457959e+03
   1.3458033e+03
   1.3458089e+03
   1.3458128e+03
   1.3458148e+03
   1.3458150e+03
   1.3458134e+03
   1.3458100e+03
   1.3458048e+03
   1.3457978e+03
   1.3457890e+03
   1.3457784e+03
   1.3457660e+03
   1.3457518e+03
   1.3457358e+03
   1.3457180e+03
   1.3456985e+03
   1.3456772e+03
   1.3456542e+03
   1.3456294e+03
   1.3456029e+03
   1.3455746e+03
   1.3455447e+03
   1.3455130e+03
   1.3454796e+03
   1.3454445e+03
   1.3454078e+03
   1.3453694e+03
   1.3453293e+03
   1.3452876e+03
   1.3452443e+03
   1.3451994e+03
   1.3451529e+03
   1.3451048e+03
   1.3450552e+03
   1.3450040e+03
   1.3449513e+03
   1.3448971e+03
   1.3448413e+03
   1.3447842e+03
   1.3447255e+03
   1.3446654e+03
   1.3446040e+03
   1.3445411e+03
   1.3444768e+03
   1.3444112e+03
   1.3443443e+03
   1.3442760e+03
   1.3442065e+03
   1.3441357e+03
   1.3440637e+03
   1.3439904e+03
   1.3439159e+03
   1.3438403e+03
   1.3437635e+03
   1.3436856e+03
   1.3436067e+03
   1.3435266e+03
   1.3434455e+03
   1.3433634e+03
   1.3432802e+03
   1.3431961e+03
   1.3431111e+03
   1.3430251e+03
   1.3429383e+03
   1.3428506e+03
   1.3427621e+03
   1.3426727e+03
   1.3425826e+03
   1.3424918e+03
   1.3424002e+03
   1.3423079e+03
   1.3422150e+03
   1.3421214e+03
   1.3420272e+03
   1.3419325e+03
   1.3418372e+03
   1.3417414e+03
   1.3416451e+03
   1.3415483e+03
   1.3414512e+03
   1.3413536e+03
   1.3412556e+03
   1.3411573e+03
   1.3410588e+03
   1.3409599e+03
   1.3408608e+03
   1.3407614e+03
   1.3406619e+03
   1.3405623e+03
   1.3404625e+03
   1.3403626e+03
   1.3402626e+03
   1.3401626e+03
   1.3400626e+03
   1.3399627e+03
   1.3398628e+03
   1.3397630e+03
   1.3396633e+03
   1.3395637e+03
   1.3394643e+03
   1.3393652e+03
   1.3392662e+03
   1.3391676e+03
   1.3390692e+03
   1.3389712e+03
   1.3388735e+03
   1.3387762e+03
   1.3386793e+03
   1.3385828e+03
   1.3384869e+03
   1.3383914e+03
   1.3382964e+03
   1.3382020e+03
   1.3381082e+03
   1.3380150e+03
   1.3379224e+03
   1.3378305e+03
   1.3377393e+03
   1.3376488e+03
   1.3375591e+03
   1.3374701e+03
   1.3373819e+03
   1.3372945e+03
   1.3372080e+03
   1.3371224e+03
   1.3370376e+03
   1.3369538e+03
   1.3368709e+03
   1.3367890e+03
   1.3367081e+03
   1.3366282e+03
   1.3365493e+03
   1.3364715e+03
   1.3363948e+03
   1.3363192e+03
   1.3362447e+03
   1.3361714e+03
   1.3360992e+03
   1.3360282e+03
   1.3359584e+03
   1.3358899e+03
   1.3358226e+03
   1.3357565e+03
   1.3356918e+03
   1.3356283e+03
   1.3355662e+03
   1.3355054e+03
   1.3354460e+03
   1.3353879e+03
   1.3353312e+03
   1.3352759e+03
   1.3352221e+03
   1.3351697e+03
   1.3351187e+03
   1.3350692e+03
   1.3350211e+03
   1.3349746e+03
   1.3349295e+03
   1.3348860e+03
   1.3348440e+03
   1.3348035e+03
   1.3347646e+03
   1.3347272e+03
   1.3346915e+03
   1.3346572e+03
   1.3346246e+03
   1.3345936e+03
   1.3345642e+03
   1.3345364e+03
   1.3345103e+03
   1.3344857e+03
   1.3344628e+03
   1.3344416e+03
   1.3344220e+03
   1.3344041e+03
   1.3343878e+03
   1.3343732e+03
   1.3343603e+03
   1.3343490e+03
   1.3343394e+03
   1.3343315e+03
   1.3343253e+03
   1.3343208e+03
   1.3343180e+03
   1.3343169e+03
