   9.1874850e+01
   9.1874756e+01
   9.1874568e+01
   9.1874287e+01
   9.1873912e+01
   9.1873444e+01
   9.1872883e+01
   9.1872229e+01
   9.1871482e+01
   9.1870643e+01
   9.1869711e+01
   9.1868688e+01
   9.1867573e+01
   9.1866366e+01
   9.1865068e+01
   9.1863680e+01
   9.1862201e+01
   9.1860633e+01
   9.1858976e+01
   9.1857229e+01
   9.1855395e+01
   9.1853472e+01
   9.1851462e+01
   9.1849366e+01
   9.1847183e+01
   9.1844916e+01
   9.1842563e+01
   9.1840126e+01
   9.1837606e+01
   9.1835004e+01
   9.1832319e+01
   9.1829554e+01
   9.1826708e+01
   9.1823782e+01
   9.1820778e+01
   9.1817696e+01
   9.1814538e+01
   9.1811303e+01
   9.1807993e+01
   9.1804610e+01
   9.1801153e+01
   9.1797624e+01
   9.1794024e+01
   9.1790354e+01
   9.1786615e+01
   9.1782808e+01
   9.1778935e+01
   9.1774995e+01
   9.1770991e+01
   9.1766924e+01
   9.1762795e+01
   9.1758605e+01
   9.1754354e+01
   9.1750046e+01
   9.1745680e+01
   9.1741258e+01
   9.1736782e+01
   9.1732252e+01
   9.1727670e+01
   9.1723037e+01
   9.1718355e+01
   9.1713625e+01
   9.1708848e+01
   9.1704026e+01
   9.1699160e+01
   9.1694252e+01
   9.1689303e+01
   9.1684314e+01
   9.1679288e+01
   9.1674225e+01
   9.1669127e+01
   9.1663996e+01
   9.1658832e+01
   9.1653638e+01
   9.1648416e+01
   9.1643165e+01
   9.1637890e+01
   9.1632590e+01
   9.1627267e+01
   9.1621923e+01
   9.1616560e+01
   9.1611179e+01
   9.1605782e+01
   9.1600371e+01
   9.1594946e+01
   9.1589510e+01
   9.1584065e+01
   9.1578611e+01
   9.1573151e+01
   9.1567687e+01
   9.1562219e+01
   9.1556750e+01
   9.1551281e+01
   9.1545814e+01
   9.1540351e+01
   9.1534893e+01
   9.1529442e+01
   9.1523999e+01
   9.1518567e+01
   9.1513146e+01
   9.1507740e+01
   9.1502348e+01
   9.1496973e+01
   9.1491617e+01
   9.1486282e+01
   9.1480967e+01
   9.1475677e+01
   9.1470411e+01
   9.1465173e+01
   9.1459962e+01
   9.1454782e+01
   9.1449633e+01
   9.1444518e+01
   9.1439437e+01
   9.1434392e+01
   9.1429386e+01
   9.1424419e+01
   9.1419493e+01
   9.1414609e+01
   9.1409770e+01
   9.1404976e+01
   9.1400229e+01
   9.1395531e+01
   9.1390883e+01
   9.1386286e+01
   9.1381742e+01
   9.1377253e+01
   9.1372819e+01
   9.1368442e+01
   9.1364124e+01
   9.1359866e+01
   9.1355669e+01
   9.1351535e+01
   9.1347464e+01
   9.1343459e+01
   9.1339520e+01
   9.1335648e+01
   9.1331846e+01
   9.1328113e+01
   9.1324452e+01
   9.1320863e+01
   9.1317347e+01
   9.1313907e+01
   9.1310542e+01
   9.1307253e+01
   9.1304043e+01
   9.1300911e+01
   9.1297859e+01
   9.1294889e+01
   9.1291999e+01
   9.1289193e+01
   9.1286470e+01
   9.1283832e+01
   9.1281278e+01
   9.1278811e+01
   9.1276431e+01
   9.1274139e+01
   9.1271935e+01
   9.1269820e+01
   9.1267795e+01
   9.1265860e+01
   9.1264017e+01
   9.1262265e+01
   9.1260605e+01
   9.1259038e+01
   9.1257564e+01
   9.1256185e+01
   9.1254899e+01
   9.1253708e+01
   9.1252612e+01
   9.1251612e+01
   9.1250707e+01
   9.1249898e+01
   9.1249186e+01
   9.1248570e+01
   9.1248051e+01
   9.1247629e+01
   9.1247304e+01
   9.1247077e+01
   9.1246946e+01
   9.1246913e+01
   9.1246978e+01
   9.1247140e+01
   9.1247399e+01
   9.1247756e+01
   9.1248209e+01
   9.1248760e+01
   9.1249408e+01
   9.1250153e+01
   9.1250994e+01
   9.1251932e+01
   9.1252965e+01
   9.1254094e+01
   9.1255319e+01
   9.1256639e+01
   9.1258053e+01
   9.1259561e+01
   9.1261163e+01
   9.1262859e+01
   9.1264647e+01
   9.1266527e+01
   9.1268498e+01
   9.1270561e+01
   9.1272714e+01
   9.1274956e+01
   9.1277287e+01
   9.1279707e+01
   9.1282214e+01
   9.1284808e+01
   9.1287487e+01
   9.1290251e+01
   9.1293100e+01
   9.1296032e+01
   9.1299046e+01
   9.1302141e+01
   9.1305317e+01
   9.1308572e+01
   9.1311905e+01
   9.1315316e+01
   9.1318803e+01
   9.1322365e+01
   9.1326001e+01
   9.1329709e+01
   9.1333490e+01
   9.1337341e+01
   9.1341260e+01
   9.1345248e+01
   9.1349303e+01
   9.1353423e+01
   9.1357607e+01
   9.1361854e+01
   9.1366162e+01
   9.1370531e+01
   9.1374958e+01
   9.1379442e+01
   9.1383982e+01
   9.1388576e+01
   9.1393224e+01
   9.1397923e+01
   9.1402671e+01
   9.1407469e+01
   9.1412313e+01
   9.1417203e+01
   9.1422136e+01
   9.1427112e+01
   9.1432128e+01
   9.1437184e+01
   9.1442277e+01
   9.1447407e+01
   9.1452570e+01
   9.1457766e+01
   9.1462993e+01
   9.1468250e+01
   9.1473535e+01
   9.1478845e+01
   9.1484180e+01
   9.1489538e+01
   9.1494917e+01
   9.1500315e+01
   9.1505731e+01
   9.1511163e+01
   9.1516609e+01
   9.1522068e+01
   9.1527538e+01
   9.1533017e+01
   9.1538504e+01
   9.1543997e+01
   9.1549494e+01
   9.1554993e+01
   9.1560493e+01
   9.1565992e+01
   9.1571488e+01
   9.1576980e+01
   9.1582466e+01
   9.1587944e+01
   9.1593413e+01
   9.1598871e+01
   9.1604316e+01
   9.1609747e+01
   9.1615162e+01
   9.1620559e+01
   9.1625936e+01
   9.1631293e+01
   9.1636627e+01
   9.1641937e+01
   9.1647221e+01
   9.1652478e+01
   9.1657706e+01
   9.1662903e+01
   9.1668068e+01
   9.1673200e+01
   9.1678296e+01
   9.1683355e+01
   9.1688376e+01
   9.1693358e+01
   9.1698298e+01
   9.1703196e+01
   9.1708049e+01
   9.1712857e+01
   9.1717617e+01
   9.1722330e+01
   9.1726992e+01
   9.1731603e+01
   9.1736162e+01
   9.1740667e+01
   9.1745116e+01
   9.1749509e+01
   9.1753844e+01
   9.1758120e+01
   9.1762336e+01
   9.1766490e+01
   9.1770581e+01
   9.1774608e+01
   9.1778570e+01
   9.1782466e+01
   9.1786294e+01
   9.1790054e+01
   9.1793744e+01
   9.1797363e+01
   9.1800911e+01
   9.1804385e+01
   9.1807786e+01
   9.1811112e+01
   9.1814363e+01
   9.1817536e+01
   9.1820632e+01
   9.1823650e+01
   9.1826588e+01
   9.1829446e+01
   9.1832223e+01
   9.1834918e+01
   9.1837531e+01
   9.1840061e+01
   9.1842506e+01
   9.1844867e+01
   9.1847142e+01
   9.1849331e+01
   9.1851434e+01
   9.1853449e+01
   9.1855377e+01
   9.1857216e+01
   9.1858967e+01
   9.1860628e+01
   9.1862199e+01
   9.1863680e+01
   9.1865071e+01
   9.1866370e+01
   9.1867578e+01
   9.1868694e+01
   9.1869718e+01
   9.1870650e+01
   9.1871490e+01
   9.1872236e+01
   9.1872890e+01
   9.1873450e+01
   9.1873917e+01
   9.1874291e+01
   9.1874571e+01
   9.1874758e+01
   9.1874851e+01
   9.1874850e+01
