   1.2006316e+03
   1.2006324e+03
   1.2006352e+03
   1.2006401e+03
   1.2006469e+03
   1.2006558e+03
   1.2006667e+03
   1.2006797e+03
   1.2006946e+03
   1.2007116e+03
   1.2007305e+03
   1.2007515e+03
   1.2007744e+03
   1.2007994e+03
   1.2008263e+03
   1.2008553e+03
   1.2008861e+03
   1.2009190e+03
   1.2009538e+03
   1.2009906e+03
   1.2010292e+03
   1.2010698e+03
   1.2011124e+03
   1.2011568e+03
   1.2012031e+03
   1.2012513e+03
   1.2013014e+03
   1.2013533e+03
   1.2014070e+03
   1.2014626e+03
   1.2015200e+03
   1.2015791e+03
   1.2016401e+03
   1.2017028e+03
   1.2017672e+03
   1.2018334e+03
   1.2019012e+03
   1.2019708e+03
   1.2020420e+03
   1.2021148e+03
   1.2021893e+03
   1.2022654e+03
   1.2023431e+03
   1.2024223e+03
   1.2025030e+03
   1.2025853e+03
   1.2026691e+03
   1.2027543e+03
   1.2028409e+03
   1.2029290e+03
   1.2030185e+03
   1.2031093e+03
   1.2032014e+03
   1.2032949e+03
   1.2033897e+03
   1.2034857e+03
   1.2035829e+03
   1.2036813e+03
   1.2037809e+03
   1.2038817e+03
   1.2039835e+03
   1.2040865e+03
   1.2041905e+03
   1.2042955e+03
   1.2044014e+03
   1.2045084e+03
   1.2046162e+03
   1.2047250e+03
   1.2048346e+03
   1.2049451e+03
   1.2050563e+03
   1.2051683e+03
   1.2052810e+03
   1.2053944e+03
   1.2055085e+03
   1.2056232e+03
   1.2057385e+03
   1.2058543e+03
   1.2059707e+03
   1.2060875e+03
   1.2062048e+03
   1.2063225e+03
   1.2064406e+03
   1.2065590e+03
   1.2066778e+03
   1.2067968e+03
   1.2069160e+03
   1.2070354e+03
   1.2071550e+03
   1.2072747e+03
   1.2073945e+03
   1.2075144e+03
   1.2076342e+03
   1.2077541e+03
   1.2078738e+03
   1.2079935e+03
   1.2081131e+03
   1.2082324e+03
   1.2083516e+03
   1.2084705e+03
   1.2085891e+03
   1.2087075e+03
   1.2088254e+03
   1.2089430e+03
   1.2090601e+03
   1.2091768e+03
   1.2092930e+03
   1.2094086e+03
   1.2095236e+03
   1.2096381e+03
   1.2097519e+03
   1.2098650e+03
   1.2099774e+03
   1.2100890e+03
   1.2101999e+03
   1.2103099e+03
   1.2104191e+03
   1.2105273e+03
   1.2106347e+03
   1.2107411e+03
   1.2108465e+03
   1.2109508e+03
   1.2110541e+03
   1.2111563e+03
   1.2112574e+03
   1.2113573e+03
   1.2114561e+03
   1.2115536e+03
   1.2116498e+03
   1.2117448e+03
   1.2118384e+03
   1.2119307e+03
   1.2120217e+03
   1.2121112e+03
   1.2121993e+03
   1.2122859e+03
   1.2123711e+03
   1.2124547e+03
   1.2125368e+03
   1.2126173e+03
   1.2126962e+03
   1.2127735e+03
   1.2128491e+03
   1.2129231e+03
   1.2129954e+03
   1.2130659e+03
   1.2131347e+03
   1.2132018e+03
   1.2132671e+03
   1.2133305e+03
   1.2133921e+03
   1.2134519e+03
   1.2135099e+03
   1.2135659e+03
   1.2136200e+03
   1.2136722e+03
   1.2137225e+03
   1.2137708e+03
   1.2138171e+03
   1.2138615e+03
   1.2139039e+03
   1.2139442e+03
   1.2139825e+03
   1.2140188e+03
   1.2140530e+03
   1.2140852e+03
   1.2141153e+03
   1.2141433e+03
   1.2141692e+03
   1.2141931e+03
   1.2142148e+03
   1.2142344e+03
   1.2142519e+03
   1.2142673e+03
   1.2142805e+03
   1.2142916e+03
   1.2143006e+03
   1.2143075e+03
   1.2143122e+03
   1.2143147e+03
   1.2143151e+03
   1.2143134e+03
   1.2143095e+03
   1.2143035e+03
   1.2142954e+03
   1.2142851e+03
   1.2142727e+03
   1.2142582e+03
   1.2142416e+03
   1.2142228e+03
   1.2142020e+03
   1.2141790e+03
   1.2141540e+03
   1.2141268e+03
   1.2140976e+03
   1.2140664e+03
   1.2140331e+03
   1.2139977e+03
   1.2139603e+03
   1.2139209e+03
   1.2138795e+03
   1.2138361e+03
   1.2137907e+03
   1.2137434e+03
   1.2136941e+03
   1.2136429e+03
   1.2135898e+03
   1.2135348e+03
   1.2134780e+03
   1.2134192e+03
   1.2133587e+03
   1.2132963e+03
   1.2132321e+03
   1.2131661e+03
   1.2130984e+03
   1.2130290e+03
   1.2129579e+03
   1.2128850e+03
   1.2128105e+03
   1.2127344e+03
   1.2126567e+03
   1.2125773e+03
   1.2124964e+03
   1.2124140e+03
   1.2123301e+03
   1.2122446e+03
   1.2121578e+03
   1.2120694e+03
   1.2119797e+03
   1.2118887e+03
   1.2117962e+03
   1.2117025e+03
   1.2116075e+03
   1.2115112e+03
   1.2114137e+03
   1.2113150e+03
   1.2112152e+03
   1.2111142e+03
   1.2110121e+03
   1.2109090e+03
   1.2108048e+03
   1.2106996e+03
   1.2105935e+03
   1.2104864e+03
   1.2103785e+03
   1.2102696e+03
   1.2101599e+03
   1.2100495e+03
   1.2099382e+03
   1.2098262e+03
   1.2097136e+03
   1.2096003e+03
   1.2094863e+03
   1.2093718e+03
   1.2092567e+03
   1.2091411e+03
   1.2090250e+03
   1.2089084e+03
   1.2087915e+03
   1.2086741e+03
   1.2085564e+03
   1.2084385e+03
   1.2083202e+03
   1.2082017e+03
   1.2080831e+03
   1.2079642e+03
   1.2078453e+03
   1.2077262e+03
   1.2076072e+03
   1.2074880e+03
   1.2073690e+03
   1.2072499e+03
   1.2071310e+03
   1.2070122e+03
   1.2068936e+03
   1.2067751e+03
   1.2066569e+03
   1.2065390e+03
   1.2064214e+03
   1.2063041e+03
   1.2061872e+03
   1.2060708e+03
   1.2059547e+03
   1.2058392e+03
   1.2057242e+03
   1.2056097e+03
   1.2054958e+03
   1.2053825e+03
   1.2052699e+03
   1.2051580e+03
   1.2050468e+03
   1.2049363e+03
   1.2048266e+03
   1.2047178e+03
   1.2046098e+03
   1.2045027e+03
   1.2043964e+03
   1.2042912e+03
   1.2041869e+03
   1.2040836e+03
   1.2039814e+03
   1.2038802e+03
   1.2037801e+03
   1.2036811e+03
   1.2035833e+03
   1.2034867e+03
   1.2033912e+03
   1.2032970e+03
   1.2032041e+03
   1.2031125e+03
   1.2030221e+03
   1.2029332e+03
   1.2028456e+03
   1.2027593e+03
   1.2026745e+03
   1.2025912e+03
   1.2025093e+03
   1.2024288e+03
   1.2023499e+03
   1.2022726e+03
   1.2021968e+03
   1.2021225e+03
   1.2020499e+03
   1.2019789e+03
   1.2019095e+03
   1.2018418e+03
   1.2017757e+03
   1.2017114e+03
   1.2016487e+03
   1.2015878e+03
   1.2015287e+03
   1.2014713e+03
   1.2014157e+03
   1.2013619e+03
   1.2013099e+03
   1.2012597e+03
   1.2012114e+03
   1.2011649e+03
   1.2011203e+03
   1.2010776e+03
   1.2010367e+03
   1.2009978e+03
   1.2009608e+03
   1.2009257e+03
   1.2008926e+03
   1.2008614e+03
   1.2008321e+03
   1.2008048e+03
   1.2007795e+03
   1.2007562e+03
   1.2007348e+03
   1.2007155e+03
   1.2006981e+03
   1.2006827e+03
   1.2006694e+03
   1.2006581e+03
   1.2006487e+03
   1.2006414e+03
   1.2006361e+03
   1.2006329e+03
   1.2006316e+03
