   5.3541232e-03
   5.3541208e-03
   5.3541203e-03
   5.3541216e-03
   5.3541247e-03
   5.3541296e-03
   5.3541363e-03
   5.3541449e-03
   5.3541552e-03
   5.3541674e-03
   5.3541814e-03
   5.3541971e-03
   5.3542147e-03
   5.3542340e-03
   5.3542551e-03
   5.3542780e-03
   5.3543026e-03
   5.3543291e-03
   5.3543572e-03
   5.3543871e-03
   5.3544188e-03
   5.3544521e-03
   5.3544872e-03
   5.3545240e-03
   5.3545625e-03
   5.3546026e-03
   5.3546444e-03
   5.3546879e-03
   5.3547330e-03
   5.3547797e-03
   5.3548281e-03
   5.3548781e-03
   5.3549296e-03
   5.3549827e-03
   5.3550373e-03
   5.3550935e-03
   5.3551512e-03
   5.3552105e-03
   5.3552711e-03
   5.3553333e-03
   5.3553969e-03
   5.3554619e-03
   5.3555284e-03
   5.3555962e-03
   5.3556654e-03
   5.3557359e-03
   5.3558078e-03
   5.3558809e-03
   5.3559554e-03
   5.3560311e-03
   5.3561080e-03
   5.3561861e-03
   5.3562655e-03
   5.3563460e-03
   5.3564276e-03
   5.3565103e-03
   5.3565942e-03
   5.3566791e-03
   5.3567650e-03
   5.3568520e-03
   5.3569400e-03
   5.3570289e-03
   5.3571187e-03
   5.3572095e-03
   5.3573011e-03
   5.3573936e-03
   5.3574869e-03
   5.3575810e-03
   5.3576759e-03
   5.3577715e-03
   5.3578678e-03
   5.3579648e-03
   5.3580625e-03
   5.3581608e-03
   5.3582596e-03
   5.3583591e-03
   5.3584591e-03
   5.3585595e-03
   5.3586605e-03
   5.3587619e-03
   5.3588637e-03
   5.3589659e-03
   5.3590684e-03
   5.3591713e-03
   5.3592744e-03
   5.3593778e-03
   5.3594815e-03
   5.3595853e-03
   5.3596893e-03
   5.3597934e-03
   5.3598976e-03
   5.3600019e-03
   5.3601063e-03
   5.3602106e-03
   5.3603149e-03
   5.3604192e-03
   5.3605234e-03
   5.3606274e-03
   5.3607313e-03
   5.3608350e-03
   5.3609385e-03
   5.3610418e-03
   5.3611448e-03
   5.3612475e-03
   5.3613498e-03
   5.3614518e-03
   5.3615534e-03
   5.3616545e-03
   5.3617552e-03
   5.3618553e-03
   5.3619550e-03
   5.3620541e-03
   5.3621526e-03
   5.3622505e-03
   5.3623478e-03
   5.3624444e-03
   5.3625403e-03
   5.3626354e-03
   5.3627298e-03
   5.3628235e-03
   5.3629162e-03
   5.3630082e-03
   5.3630993e-03
   5.3631894e-03
   5.3632787e-03
   5.3633669e-03
   5.3634542e-03
   5.3635405e-03
   5.3636258e-03
   5.3637099e-03
   5.3637930e-03
   5.3638750e-03
   5.3639559e-03
   5.3640355e-03
   5.3641140e-03
   5.3641913e-03
   5.3642673e-03
   5.3643421e-03
   5.3644156e-03
   5.3644878e-03
   5.3645587e-03
   5.3646282e-03
   5.3646963e-03
   5.3647630e-03
   5.3648284e-03
   5.3648923e-03
   5.3649547e-03
   5.3650157e-03
   5.3650752e-03
   5.3651332e-03
   5.3651896e-03
   5.3652445e-03
   5.3652978e-03
   5.3653496e-03
   5.3653998e-03
   5.3654483e-03
   5.3654952e-03
   5.3655405e-03
   5.3655842e-03
   5.3656261e-03
   5.3656664e-03
   5.3657050e-03
   5.3657419e-03
   5.3657771e-03
   5.3658105e-03
   5.3658422e-03
   5.3658722e-03
   5.3659004e-03
   5.3659268e-03
   5.3659514e-03
   5.3659743e-03
   5.3659954e-03
   5.3660147e-03
   5.3660321e-03
   5.3660478e-03
   5.3660617e-03
   5.3660737e-03
   5.3660839e-03
   5.3660923e-03
   5.3660988e-03
   5.3661036e-03
   5.3661065e-03
   5.3661075e-03
   5.3661067e-03
   5.3661041e-03
   5.3660997e-03
   5.3660934e-03
   5.3660853e-03
   5.3660754e-03
   5.3660636e-03
   5.3660500e-03
   5.3660346e-03
   5.3660174e-03
   5.3659984e-03
   5.3659775e-03
   5.3659549e-03
   5.3659305e-03
   5.3659043e-03
   5.3658763e-03
   5.3658466e-03
   5.3658151e-03
   5.3657818e-03
   5.3657468e-03
   5.3657101e-03
   5.3656717e-03
   5.3656316e-03
   5.3655897e-03
   5.3655462e-03
   5.3655011e-03
   5.3654543e-03
   5.3654058e-03
   5.3653557e-03
   5.3653040e-03
   5.3652507e-03
   5.3651959e-03
   5.3651394e-03
   5.3650815e-03
   5.3650220e-03
   5.3649610e-03
   5.3648985e-03
   5.3648346e-03
   5.3647692e-03
   5.3647024e-03
   5.3646342e-03
   5.3645645e-03
   5.3644936e-03
   5.3644212e-03
   5.3643476e-03
   5.3642727e-03
   5.3641964e-03
   5.3641190e-03
   5.3640403e-03
   5.3639604e-03
   5.3638793e-03
   5.3637971e-03
   5.3637137e-03
   5.3636292e-03
   5.3635437e-03
   5.3634571e-03
   5.3633695e-03
   5.3632809e-03
   5.3631913e-03
   5.3631007e-03
   5.3630093e-03
   5.3629170e-03
   5.3628238e-03
   5.3627298e-03
   5.3626350e-03
   5.3625394e-03
   5.3624430e-03
   5.3623460e-03
   5.3622483e-03
   5.3621499e-03
   5.3620509e-03
   5.3619513e-03
   5.3618512e-03
   5.3617505e-03
   5.3616493e-03
   5.3615477e-03
   5.3614456e-03
   5.3613431e-03
   5.3612403e-03
   5.3611371e-03
   5.3610335e-03
   5.3609298e-03
   5.3608257e-03
   5.3607215e-03
   5.3606170e-03
   5.3605125e-03
   5.3604078e-03
   5.3603030e-03
   5.3601981e-03
   5.3600933e-03
   5.3599884e-03
   5.3598836e-03
   5.3597789e-03
   5.3596742e-03
   5.3595698e-03
   5.3594654e-03
   5.3593613e-03
   5.3592574e-03
   5.3591538e-03
   5.3590505e-03
   5.3589475e-03
   5.3588449e-03
   5.3587427e-03
   5.3586409e-03
   5.3585395e-03
   5.3584387e-03
   5.3583383e-03
   5.3582385e-03
   5.3581393e-03
   5.3580407e-03
   5.3579427e-03
   5.3578454e-03
   5.3577488e-03
   5.3576529e-03
   5.3575578e-03
   5.3574634e-03
   5.3573699e-03
   5.3572772e-03
   5.3571854e-03
   5.3570945e-03
   5.3570045e-03
   5.3569155e-03
   5.3568274e-03
   5.3567404e-03
   5.3566544e-03
   5.3565694e-03
   5.3564856e-03
   5.3564028e-03
   5.3563212e-03
   5.3562407e-03
   5.3561615e-03
   5.3560834e-03
   5.3560066e-03
   5.3559310e-03
   5.3558567e-03
   5.3557837e-03
   5.3557121e-03
   5.3556417e-03
   5.3555728e-03
   5.3555052e-03
   5.3554391e-03
   5.3553743e-03
   5.3553110e-03
   5.3552492e-03
   5.3551889e-03
   5.3551300e-03
   5.3550727e-03
   5.3550169e-03
   5.3549627e-03
   5.3549101e-03
   5.3548590e-03
   5.3548095e-03
   5.3547617e-03
   5.3547154e-03
   5.3546709e-03
   5.3546279e-03
   5.3545867e-03
   5.3545471e-03
   5.3545093e-03
   5.3544731e-03
   5.3544386e-03
   5.3544059e-03
   5.3543749e-03
   5.3543457e-03
   5.3543182e-03
   5.3542924e-03
   5.3542685e-03
   5.3542463e-03
   5.3542259e-03
   5.3542072e-03
   5.3541904e-03
   5.3541754e-03
   5.3541622e-03
   5.3541507e-03
   5.3541411e-03
   5.3541333e-03
   5.3541274e-03
   5.3541232e-03
