   2.9639297e+02
   2.9639258e+02
   2.9639181e+02
   2.9639066e+02
   2.9638913e+02
   2.9638723e+02
   2.9638496e+02
   2.9638231e+02
   2.9637929e+02
   2.9637589e+02
   2.9637212e+02
   2.9636798e+02
   2.9636347e+02
   2.9635860e+02
   2.9635335e+02
   2.9634774e+02
   2.9634177e+02
   2.9633544e+02
   2.9632874e+02
   2.9632169e+02
   2.9631428e+02
   2.9630651e+02
   2.9629840e+02
   2.9628993e+02
   2.9628112e+02
   2.9627196e+02
   2.9626246e+02
   2.9625261e+02
   2.9624243e+02
   2.9623192e+02
   2.9622108e+02
   2.9620990e+02
   2.9619840e+02
   2.9618658e+02
   2.9617444e+02
   2.9616198e+02
   2.9614921e+02
   2.9613613e+02
   2.9612275e+02
   2.9610907e+02
   2.9609508e+02
   2.9608081e+02
   2.9606624e+02
   2.9605138e+02
   2.9603625e+02
   2.9602084e+02
   2.9600515e+02
   2.9598919e+02
   2.9597297e+02
   2.9595649e+02
   2.9593976e+02
   2.9592277e+02
   2.9590553e+02
   2.9588806e+02
   2.9587035e+02
   2.9585240e+02
   2.9583423e+02
   2.9581584e+02
   2.9579723e+02
   2.9577841e+02
   2.9575938e+02
   2.9574016e+02
   2.9572074e+02
   2.9570113e+02
   2.9568133e+02
   2.9566136e+02
   2.9564121e+02
   2.9562090e+02
   2.9560043e+02
   2.9557980e+02
   2.9555902e+02
   2.9553810e+02
   2.9551704e+02
   2.9549586e+02
   2.9547454e+02
   2.9545311e+02
   2.9543157e+02
   2.9540992e+02
   2.9538817e+02
   2.9536633e+02
   2.9534440e+02
   2.9532239e+02
   2.9530031e+02
   2.9527816e+02
   2.9525595e+02
   2.9523368e+02
   2.9521137e+02
   2.9518902e+02
   2.9516664e+02
   2.9514422e+02
   2.9512179e+02
   2.9509935e+02
   2.9507689e+02
   2.9505444e+02
   2.9503200e+02
   2.9500957e+02
   2.9498716e+02
   2.9496478e+02
   2.9494243e+02
   2.9492012e+02
   2.9489787e+02
   2.9487566e+02
   2.9485353e+02
   2.9483145e+02
   2.9480946e+02
   2.9478755e+02
   2.9476573e+02
   2.9474400e+02
   2.9472238e+02
   2.9470087e+02
   2.9467947e+02
   2.9465820e+02
   2.9463706e+02
   2.9461605e+02
   2.9459519e+02
   2.9457448e+02
   2.9455393e+02
   2.9453354e+02
   2.9451332e+02
   2.9449327e+02
   2.9447341e+02
   2.9445374e+02
   2.9443426e+02
   2.9441499e+02
   2.9439592e+02
   2.9437707e+02
   2.9435843e+02
   2.9434002e+02
   2.9432185e+02
   2.9430391e+02
   2.9428621e+02
   2.9426876e+02
   2.9425157e+02
   2.9423464e+02
   2.9421798e+02
   2.9420158e+02
   2.9418546e+02
   2.9416963e+02
   2.9415408e+02
   2.9413882e+02
   2.9412386e+02
   2.9410921e+02
   2.9409485e+02
   2.9408081e+02
   2.9406709e+02
   2.9405369e+02
   2.9404061e+02
   2.9402786e+02
   2.9401544e+02
   2.9400336e+02
   2.9399163e+02
   2.9398024e+02
   2.9396919e+02
   2.9395850e+02
   2.9394817e+02
   2.9393820e+02
   2.9392859e+02
   2.9391934e+02
   2.9391047e+02
   2.9390197e+02
   2.9389384e+02
   2.9388609e+02
   2.9387872e+02
   2.9387174e+02
   2.9386514e+02
   2.9385892e+02
   2.9385310e+02
   2.9384767e+02
   2.9384264e+02
   2.9383799e+02
   2.9383375e+02
   2.9382991e+02
   2.9382646e+02
   2.9382342e+02
   2.9382078e+02
   2.9381854e+02
   2.9381671e+02
   2.9381528e+02
   2.9381426e+02
   2.9381364e+02
   2.9381343e+02
   2.9381363e+02
   2.9381423e+02
   2.9381524e+02
   2.9381666e+02
   2.9381848e+02
   2.9382071e+02
   2.9382334e+02
   2.9382638e+02
   2.9382982e+02
   2.9383366e+02
   2.9383791e+02
   2.9384255e+02
   2.9384759e+02
   2.9385303e+02
   2.9385887e+02
   2.9386510e+02
   2.9387172e+02
   2.9387873e+02
   2.9388612e+02
   2.9389390e+02
   2.9390207e+02
   2.9391061e+02
   2.9391953e+02
   2.9392883e+02
   2.9393850e+02
   2.9394853e+02
   2.9395893e+02
   2.9396969e+02
   2.9398081e+02
   2.9399229e+02
   2.9400411e+02
   2.9401629e+02
   2.9402880e+02
   2.9404166e+02
   2.9405485e+02
   2.9406836e+02
   2.9408221e+02
   2.9409638e+02
   2.9411086e+02
   2.9412566e+02
   2.9414076e+02
   2.9415617e+02
   2.9417187e+02
   2.9418786e+02
   2.9420415e+02
   2.9422071e+02
   2.9423755e+02
   2.9425466e+02
   2.9427203e+02
   2.9428967e+02
   2.9430755e+02
   2.9432569e+02
   2.9434406e+02
   2.9436268e+02
   2.9438152e+02
   2.9440058e+02
   2.9441986e+02
   2.9443936e+02
   2.9445905e+02
   2.9447895e+02
   2.9449903e+02
   2.9451930e+02
   2.9453975e+02
   2.9456037e+02
   2.9458116e+02
   2.9460210e+02
   2.9462320e+02
   2.9464443e+02
   2.9466581e+02
   2.9468732e+02
   2.9470895e+02
   2.9473070e+02
   2.9475256e+02
   2.9477452e+02
   2.9479657e+02
   2.9481872e+02
   2.9484094e+02
   2.9486324e+02
   2.9488561e+02
   2.9490804e+02
   2.9493052e+02
   2.9495305e+02
   2.9497562e+02
   2.9499822e+02
   2.9502084e+02
   2.9504348e+02
   2.9506613e+02
   2.9508879e+02
   2.9511144e+02
   2.9513408e+02
   2.9515670e+02
   2.9517930e+02
   2.9520187e+02
   2.9522440e+02
   2.9524688e+02
   2.9526931e+02
   2.9529168e+02
   2.9531398e+02
   2.9533622e+02
   2.9535837e+02
   2.9538044e+02
   2.9540241e+02
   2.9542428e+02
   2.9544605e+02
   2.9546771e+02
   2.9548924e+02
   2.9551065e+02
   2.9553193e+02
   2.9555307e+02
   2.9557406e+02
   2.9559491e+02
   2.9561560e+02
   2.9563612e+02
   2.9565648e+02
   2.9567666e+02
   2.9569666e+02
   2.9571647e+02
   2.9573609e+02
   2.9575551e+02
   2.9577473e+02
   2.9579374e+02
   2.9581254e+02
   2.9583111e+02
   2.9584946e+02
   2.9586758e+02
   2.9588547e+02
   2.9590311e+02
   2.9592051e+02
   2.9593765e+02
   2.9595454e+02
   2.9597117e+02
   2.9598754e+02
   2.9600364e+02
   2.9601946e+02
   2.9603500e+02
   2.9605026e+02
   2.9606524e+02
   2.9607992e+02
   2.9609431e+02
   2.9610839e+02
   2.9612218e+02
   2.9613566e+02
   2.9614883e+02
   2.9616168e+02
   2.9617421e+02
   2.9618643e+02
   2.9619832e+02
   2.9620988e+02
   2.9622112e+02
   2.9623202e+02
   2.9624258e+02
   2.9625280e+02
   2.9626268e+02
   2.9627222e+02
   2.9628141e+02
   2.9629025e+02
   2.9629874e+02
   2.9630687e+02
   2.9631465e+02
   2.9632207e+02
   2.9632912e+02
   2.9633582e+02
   2.9634215e+02
   2.9634812e+02
   2.9635372e+02
   2.9635895e+02
   2.9636381e+02
   2.9636831e+02
   2.9637243e+02
   2.9637617e+02
   2.9637954e+02
   2.9638254e+02
   2.9638516e+02
   2.9638741e+02
   2.9638928e+02
   2.9639077e+02
   2.9639189e+02
   2.9639263e+02
   2.9639299e+02
   2.9639297e+02
