   5.7356119e-02
   5.7356106e-02
   5.7356094e-02
   5.7356083e-02
   5.7356072e-02
   5.7356063e-02
   5.7356054e-02
   5.7356046e-02
   5.7356039e-02
   5.7356032e-02
   5.7356027e-02
   5.7356022e-02
   5.7356018e-02
   5.7356015e-02
   5.7356013e-02
   5.7356011e-02
   5.7356010e-02
   5.7356010e-02
   5.7356011e-02
   5.7356013e-02
   5.7356016e-02
   5.7356019e-02
   5.7356023e-02
   5.7356028e-02
   5.7356034e-02
   5.7356041e-02
   5.7356048e-02
   5.7356057e-02
   5.7356066e-02
   5.7356075e-02
   5.7356086e-02
   5.7356098e-02
   5.7356110e-02
   5.7356123e-02
   5.7356137e-02
   5.7356151e-02
   5.7356167e-02
   5.7356183e-02
   5.7356200e-02
   5.7356218e-02
   5.7356236e-02
   5.7356256e-02
   5.7356276e-02
   5.7356296e-02
   5.7356318e-02
   5.7356340e-02
   5.7356363e-02
   5.7356387e-02
   5.7356411e-02
   5.7356437e-02
   5.7356462e-02
   5.7356489e-02
   5.7356516e-02
   5.7356544e-02
   5.7356573e-02
   5.7356602e-02
   5.7356632e-02
   5.7356663e-02
   5.7356694e-02
   5.7356726e-02
   5.7356759e-02
   5.7356792e-02
   5.7356826e-02
   5.7356860e-02
   5.7356895e-02
   5.7356931e-02
   5.7356967e-02
   5.7357004e-02
   5.7357041e-02
   5.7357079e-02
   5.7357117e-02
   5.7357156e-02
   5.7357195e-02
   5.7357235e-02
   5.7357276e-02
   5.7357317e-02
   5.7357358e-02
   5.7357400e-02
   5.7357442e-02
   5.7357485e-02
   5.7357528e-02
   5.7357571e-02
   5.7357615e-02
   5.7357659e-02
   5.7357704e-02
   5.7357749e-02
   5.7357794e-02
   5.7357840e-02
   5.7357886e-02
   5.7357932e-02
   5.7357979e-02
   5.7358026e-02
   5.7358073e-02
   5.7358121e-02
   5.7358168e-02
   5.7358216e-02
   5.7358264e-02
   5.7358312e-02
   5.7358361e-02
   5.7358409e-02
   5.7358458e-02
   5.7358507e-02
   5.7358556e-02
   5.7358605e-02
   5.7358654e-02
   5.7358703e-02
   5.7358753e-02
   5.7358802e-02
   5.7358852e-02
   5.7358901e-02
   5.7358950e-02
   5.7359000e-02
   5.7359049e-02
   5.7359098e-02
   5.7359148e-02
   5.7359197e-02
   5.7359246e-02
   5.7359295e-02
   5.7359344e-02
   5.7359392e-02
   5.7359441e-02
   5.7359489e-02
   5.7359537e-02
   5.7359585e-02
   5.7359633e-02
   5.7359680e-02
   5.7359728e-02
   5.7359775e-02
   5.7359821e-02
   5.7359868e-02
   5.7359914e-02
   5.7359960e-02
   5.7360005e-02
   5.7360050e-02
   5.7360095e-02
   5.7360139e-02
   5.7360183e-02
   5.7360227e-02
   5.7360270e-02
   5.7360312e-02
   5.7360355e-02
   5.7360396e-02
   5.7360438e-02
   5.7360478e-02
   5.7360518e-02
   5.7360558e-02
   5.7360597e-02
   5.7360636e-02
   5.7360674e-02
   5.7360711e-02
   5.7360748e-02
   5.7360785e-02
   5.7360820e-02
   5.7360855e-02
   5.7360890e-02
   5.7360923e-02
   5.7360957e-02
   5.7360989e-02
   5.7361021e-02
   5.7361052e-02
   5.7361082e-02
   5.7361112e-02
   5.7361141e-02
   5.7361169e-02
   5.7361196e-02
   5.7361223e-02
   5.7361249e-02
   5.7361274e-02
   5.7361298e-02
   5.7361322e-02
   5.7361345e-02
   5.7361367e-02
   5.7361388e-02
   5.7361408e-02
   5.7361428e-02
   5.7361446e-02
   5.7361464e-02
   5.7361481e-02
   5.7361497e-02
   5.7361513e-02
   5.7361527e-02
   5.7361541e-02
   5.7361554e-02
   5.7361565e-02
   5.7361576e-02
   5.7361586e-02
   5.7361596e-02
   5.7361604e-02
   5.7361611e-02
   5.7361618e-02
   5.7361624e-02
   5.7361628e-02
   5.7361632e-02
   5.7361635e-02
   5.7361637e-02
   5.7361639e-02
   5.7361639e-02
   5.7361638e-02
   5.7361637e-02
   5.7361634e-02
   5.7361631e-02
   5.7361627e-02
   5.7361622e-02
   5.7361616e-02
   5.7361609e-02
   5.7361601e-02
   5.7361592e-02
   5.7361583e-02
   5.7361573e-02
   5.7361561e-02
   5.7361549e-02
   5.7361536e-02
   5.7361522e-02
   5.7361508e-02
   5.7361492e-02
   5.7361476e-02
   5.7361458e-02
   5.7361440e-02
   5.7361421e-02
   5.7361402e-02
   5.7361381e-02
   5.7361360e-02
   5.7361338e-02
   5.7361315e-02
   5.7361291e-02
   5.7361267e-02
   5.7361242e-02
   5.7361216e-02
   5.7361189e-02
   5.7361161e-02
   5.7361133e-02
   5.7361104e-02
   5.7361075e-02
   5.7361044e-02
   5.7361013e-02
   5.7360982e-02
   5.7360949e-02
   5.7360916e-02
   5.7360883e-02
   5.7360848e-02
   5.7360814e-02
   5.7360778e-02
   5.7360742e-02
   5.7360705e-02
   5.7360668e-02
   5.7360630e-02
   5.7360592e-02
   5.7360553e-02
   5.7360513e-02
   5.7360473e-02
   5.7360433e-02
   5.7360392e-02
   5.7360351e-02
   5.7360309e-02
   5.7360267e-02
   5.7360224e-02
   5.7360181e-02
   5.7360137e-02
   5.7360093e-02
   5.7360049e-02
   5.7360004e-02
   5.7359959e-02
   5.7359914e-02
   5.7359868e-02
   5.7359822e-02
   5.7359776e-02
   5.7359729e-02
   5.7359683e-02
   5.7359636e-02
   5.7359588e-02
   5.7359541e-02
   5.7359493e-02
   5.7359445e-02
   5.7359397e-02
   5.7359349e-02
   5.7359301e-02
   5.7359252e-02
   5.7359204e-02
   5.7359155e-02
   5.7359106e-02
   5.7359057e-02
   5.7359008e-02
   5.7358960e-02
   5.7358911e-02
   5.7358862e-02
   5.7358813e-02
   5.7358764e-02
   5.7358715e-02
   5.7358666e-02
   5.7358617e-02
   5.7358569e-02
   5.7358520e-02
   5.7358472e-02
   5.7358423e-02
   5.7358375e-02
   5.7358327e-02
   5.7358279e-02
   5.7358232e-02
   5.7358184e-02
   5.7358137e-02
   5.7358090e-02
   5.7358043e-02
   5.7357996e-02
   5.7357950e-02
   5.7357904e-02
   5.7357858e-02
   5.7357813e-02
   5.7357768e-02
   5.7357723e-02
   5.7357678e-02
   5.7357634e-02
   5.7357590e-02
   5.7357547e-02
   5.7357504e-02
   5.7357462e-02
   5.7357419e-02
   5.7357378e-02
   5.7357336e-02
   5.7357296e-02
   5.7357255e-02
   5.7357215e-02
   5.7357176e-02
   5.7357137e-02
   5.7357099e-02
   5.7357061e-02
   5.7357024e-02
   5.7356987e-02
   5.7356950e-02
   5.7356915e-02
   5.7356880e-02
   5.7356845e-02
   5.7356811e-02
   5.7356778e-02
   5.7356745e-02
   5.7356713e-02
   5.7356681e-02
   5.7356651e-02
   5.7356620e-02
   5.7356591e-02
   5.7356562e-02
   5.7356534e-02
   5.7356506e-02
   5.7356479e-02
   5.7356453e-02
   5.7356427e-02
   5.7356403e-02
   5.7356378e-02
   5.7356355e-02
   5.7356332e-02
   5.7356310e-02
   5.7356289e-02
   5.7356269e-02
   5.7356249e-02
   5.7356230e-02
   5.7356212e-02
   5.7356194e-02
   5.7356178e-02
   5.7356162e-02
   5.7356147e-02
   5.7356132e-02
   5.7356119e-02
