   7.6765576e+01
   7.6765498e+01
   7.6765347e+01
   7.6765122e+01
   7.6764826e+01
   7.6764456e+01
   7.6764014e+01
   7.6763500e+01
   7.6762913e+01
   7.6762254e+01
   7.6761523e+01
   7.6760721e+01
   7.6759847e+01
   7.6758902e+01
   7.6757886e+01
   7.6756799e+01
   7.6755642e+01
   7.6754415e+01
   7.6753118e+01
   7.6751753e+01
   7.6750318e+01
   7.6748815e+01
   7.6747244e+01
   7.6745605e+01
   7.6743899e+01
   7.6742127e+01
   7.6740288e+01
   7.6738384e+01
   7.6736415e+01
   7.6734381e+01
   7.6732284e+01
   7.6730123e+01
   7.6727899e+01
   7.6725614e+01
   7.6723267e+01
   7.6720859e+01
   7.6718391e+01
   7.6715864e+01
   7.6713278e+01
   7.6710635e+01
   7.6707934e+01
   7.6705177e+01
   7.6702364e+01
   7.6699496e+01
   7.6696575e+01
   7.6693600e+01
   7.6690573e+01
   7.6687495e+01
   7.6684366e+01
   7.6681188e+01
   7.6677960e+01
   7.6674685e+01
   7.6671363e+01
   7.6667995e+01
   7.6664583e+01
   7.6661126e+01
   7.6657626e+01
   7.6654085e+01
   7.6650502e+01
   7.6646880e+01
   7.6643219e+01
   7.6639520e+01
   7.6635784e+01
   7.6632013e+01
   7.6628207e+01
   7.6624368e+01
   7.6620496e+01
   7.6616593e+01
   7.6612661e+01
   7.6608699e+01
   7.6604710e+01
   7.6600695e+01
   7.6596654e+01
   7.6592589e+01
   7.6588501e+01
   7.6584391e+01
   7.6580261e+01
   7.6576111e+01
   7.6571944e+01
   7.6567760e+01
   7.6563560e+01
   7.6559346e+01
   7.6555119e+01
   7.6550880e+01
   7.6546631e+01
   7.6542372e+01
   7.6538106e+01
   7.6533833e+01
   7.6529554e+01
   7.6525272e+01
   7.6520987e+01
   7.6516700e+01
   7.6512413e+01
   7.6508128e+01
   7.6503845e+01
   7.6499565e+01
   7.6495291e+01
   7.6491023e+01
   7.6486763e+01
   7.6482512e+01
   7.6478271e+01
   7.6474042e+01
   7.6469826e+01
   7.6465624e+01
   7.6461437e+01
   7.6457268e+01
   7.6453116e+01
   7.6448984e+01
   7.6444872e+01
   7.6440783e+01
   7.6436717e+01
   7.6432675e+01
   7.6428659e+01
   7.6424670e+01
   7.6420709e+01
   7.6416778e+01
   7.6412877e+01
   7.6409009e+01
   7.6405173e+01
   7.6401372e+01
   7.6397607e+01
   7.6393878e+01
   7.6390187e+01
   7.6386535e+01
   7.6382924e+01
   7.6379354e+01
   7.6375826e+01
   7.6372342e+01
   7.6368903e+01
   7.6365509e+01
   7.6362163e+01
   7.6358864e+01
   7.6355615e+01
   7.6352415e+01
   7.6349266e+01
   7.6346170e+01
   7.6343126e+01
   7.6340137e+01
   7.6337203e+01
   7.6334324e+01
   7.6331502e+01
   7.6328738e+01
   7.6326033e+01
   7.6323387e+01
   7.6320801e+01
   7.6318277e+01
   7.6315814e+01
   7.6313415e+01
   7.6311078e+01
   7.6308807e+01
   7.6306600e+01
   7.6304458e+01
   7.6302384e+01
   7.6300376e+01
   7.6298436e+01
   7.6296565e+01
   7.6294762e+01
   7.6293029e+01
   7.6291367e+01
   7.6289774e+01
   7.6288254e+01
   7.6286804e+01
   7.6285427e+01
   7.6284123e+01
   7.6282892e+01
   7.6281734e+01
   7.6280650e+01
   7.6279640e+01
   7.6278705e+01
   7.6277845e+01
   7.6277059e+01
   7.6276350e+01
   7.6275716e+01
   7.6275157e+01
   7.6274675e+01
   7.6274269e+01
   7.6273940e+01
   7.6273687e+01
   7.6273511e+01
   7.6273411e+01
   7.6273388e+01
   7.6273442e+01
   7.6273573e+01
   7.6273780e+01
   7.6274065e+01
   7.6274425e+01
   7.6274863e+01
   7.6275376e+01
   7.6275966e+01
   7.6276632e+01
   7.6277374e+01
   7.6278191e+01
   7.6279084e+01
   7.6280052e+01
   7.6281095e+01
   7.6282212e+01
   7.6283404e+01
   7.6284669e+01
   7.6286007e+01
   7.6287419e+01
   7.6288903e+01
   7.6290459e+01
   7.6292087e+01
   7.6293786e+01
   7.6295555e+01
   7.6297395e+01
   7.6299303e+01
   7.6301281e+01
   7.6303327e+01
   7.6305440e+01
   7.6307620e+01
   7.6309866e+01
   7.6312177e+01
   7.6314554e+01
   7.6316994e+01
   7.6319497e+01
   7.6322063e+01
   7.6324690e+01
   7.6327378e+01
   7.6330125e+01
   7.6332932e+01
   7.6335796e+01
   7.6338718e+01
   7.6341696e+01
   7.6344729e+01
   7.6347816e+01
   7.6350957e+01
   7.6354150e+01
   7.6357394e+01
   7.6360688e+01
   7.6364031e+01
   7.6367423e+01
   7.6370861e+01
   7.6374346e+01
   7.6377875e+01
   7.6381447e+01
   7.6385062e+01
   7.6388719e+01
   7.6392415e+01
   7.6396151e+01
   7.6399924e+01
   7.6403734e+01
   7.6407579e+01
   7.6411458e+01
   7.6415371e+01
   7.6419314e+01
   7.6423289e+01
   7.6427292e+01
   7.6431323e+01
   7.6435381e+01
   7.6439464e+01
   7.6443571e+01
   7.6447700e+01
   7.6451852e+01
   7.6456023e+01
   7.6460213e+01
   7.6464420e+01
   7.6468643e+01
   7.6472881e+01
   7.6477133e+01
   7.6481397e+01
   7.6485671e+01
   7.6489955e+01
   7.6494248e+01
   7.6498546e+01
   7.6502851e+01
   7.6507159e+01
   7.6511470e+01
   7.6515783e+01
   7.6520096e+01
   7.6524407e+01
   7.6528716e+01
   7.6533021e+01
   7.6537321e+01
   7.6541614e+01
   7.6545900e+01
   7.6550176e+01
   7.6554442e+01
   7.6558696e+01
   7.6562937e+01
   7.6567163e+01
   7.6571374e+01
   7.6575568e+01
   7.6579744e+01
   7.6583901e+01
   7.6588037e+01
   7.6592150e+01
   7.6596241e+01
   7.6600307e+01
   7.6604348e+01
   7.6608362e+01
   7.6612348e+01
   7.6616304e+01
   7.6620231e+01
   7.6624125e+01
   7.6627987e+01
   7.6631815e+01
   7.6635609e+01
   7.6639366e+01
   7.6643086e+01
   7.6646767e+01
   7.6650410e+01
   7.6654011e+01
   7.6657572e+01
   7.6661090e+01
   7.6664564e+01
   7.6667994e+01
   7.6671378e+01
   7.6674715e+01
   7.6678005e+01
   7.6681247e+01
   7.6684439e+01
   7.6687581e+01
   7.6690672e+01
   7.6693711e+01
   7.6696696e+01
   7.6699628e+01
   7.6702505e+01
   7.6705327e+01
   7.6708092e+01
   7.6710801e+01
   7.6713451e+01
   7.6716043e+01
   7.6718576e+01
   7.6721048e+01
   7.6723460e+01
   7.6725810e+01
   7.6728098e+01
   7.6730324e+01
   7.6732486e+01
   7.6734584e+01
   7.6736617e+01
   7.6738586e+01
   7.6740489e+01
   7.6742325e+01
   7.6744095e+01
   7.6745798e+01
   7.6747433e+01
   7.6748999e+01
   7.6750498e+01
   7.6751927e+01
   7.6753287e+01
   7.6754577e+01
   7.6755798e+01
   7.6756947e+01
   7.6758026e+01
   7.6759035e+01
   7.6759971e+01
   7.6760837e+01
   7.6761630e+01
   7.6762351e+01
   7.6763001e+01
   7.6763578e+01
   7.6764082e+01
   7.6764514e+01
   7.6764873e+01
   7.6765160e+01
   7.6765373e+01
   7.6765514e+01
   7.6765581e+01
   7.6765576e+01
