   3.7375854e+01
   3.7375857e+01
   3.7375868e+01
   3.7375885e+01
   3.7375910e+01
   3.7375941e+01
   3.7375979e+01
   3.7376024e+01
   3.7376076e+01
   3.7376135e+01
   3.7376201e+01
   3.7376274e+01
   3.7376353e+01
   3.7376440e+01
   3.7376533e+01
   3.7376633e+01
   3.7376739e+01
   3.7376853e+01
   3.7376973e+01
   3.7377099e+01
   3.7377233e+01
   3.7377372e+01
   3.7377519e+01
   3.7377671e+01
   3.7377831e+01
   3.7377996e+01
   3.7378168e+01
   3.7378347e+01
   3.7378531e+01
   3.7378722e+01
   3.7378919e+01
   3.7379122e+01
   3.7379331e+01
   3.7379546e+01
   3.7379767e+01
   3.7379993e+01
   3.7380226e+01
   3.7380464e+01
   3.7380708e+01
   3.7380957e+01
   3.7381212e+01
   3.7381472e+01
   3.7381738e+01
   3.7382009e+01
   3.7382285e+01
   3.7382566e+01
   3.7382852e+01
   3.7383143e+01
   3.7383439e+01
   3.7383740e+01
   3.7384045e+01
   3.7384355e+01
   3.7384669e+01
   3.7384988e+01
   3.7385311e+01
   3.7385639e+01
   3.7385970e+01
   3.7386305e+01
   3.7386644e+01
   3.7386987e+01
   3.7387334e+01
   3.7387684e+01
   3.7388038e+01
   3.7388395e+01
   3.7388756e+01
   3.7389119e+01
   3.7389486e+01
   3.7389856e+01
   3.7390228e+01
   3.7390603e+01
   3.7390981e+01
   3.7391361e+01
   3.7391743e+01
   3.7392128e+01
   3.7392515e+01
   3.7392904e+01
   3.7393295e+01
   3.7393687e+01
   3.7394082e+01
   3.7394477e+01
   3.7394875e+01
   3.7395273e+01
   3.7395673e+01
   3.7396074e+01
   3.7396475e+01
   3.7396878e+01
   3.7397281e+01
   3.7397684e+01
   3.7398089e+01
   3.7398493e+01
   3.7398898e+01
   3.7399302e+01
   3.7399707e+01
   3.7400111e+01
   3.7400515e+01
   3.7400919e+01
   3.7401322e+01
   3.7401724e+01
   3.7402126e+01
   3.7402527e+01
   3.7402926e+01
   3.7403324e+01
   3.7403722e+01
   3.7404117e+01
   3.7404511e+01
   3.7404904e+01
   3.7405294e+01
   3.7405683e+01
   3.7406069e+01
   3.7406454e+01
   3.7406836e+01
   3.7407216e+01
   3.7407593e+01
   3.7407968e+01
   3.7408339e+01
   3.7408708e+01
   3.7409074e+01
   3.7409437e+01
   3.7409797e+01
   3.7410153e+01
   3.7410506e+01
   3.7410855e+01
   3.7411201e+01
   3.7411543e+01
   3.7411881e+01
   3.7412215e+01
   3.7412545e+01
   3.7412871e+01
   3.7413192e+01
   3.7413509e+01
   3.7413822e+01
   3.7414130e+01
   3.7414433e+01
   3.7414732e+01
   3.7415025e+01
   3.7415314e+01
   3.7415598e+01
   3.7415876e+01
   3.7416150e+01
   3.7416417e+01
   3.7416680e+01
   3.7416937e+01
   3.7417189e+01
   3.7417434e+01
   3.7417674e+01
   3.7417909e+01
   3.7418137e+01
   3.7418360e+01
   3.7418576e+01
   3.7418787e+01
   3.7418991e+01
   3.7419189e+01
   3.7419381e+01
   3.7419566e+01
   3.7419745e+01
   3.7419918e+01
   3.7420084e+01
   3.7420244e+01
   3.7420397e+01
   3.7420543e+01
   3.7420683e+01
   3.7420815e+01
   3.7420942e+01
   3.7421061e+01
   3.7421173e+01
   3.7421279e+01
   3.7421378e+01
   3.7421469e+01
   3.7421554e+01
   3.7421632e+01
   3.7421703e+01
   3.7421766e+01
   3.7421823e+01
   3.7421873e+01
   3.7421915e+01
   3.7421950e+01
   3.7421979e+01
   3.7422000e+01
   3.7422014e+01
   3.7422021e+01
   3.7422021e+01
   3.7422013e+01
   3.7421999e+01
   3.7421977e+01
   3.7421948e+01
   3.7421913e+01
   3.7421870e+01
   3.7421820e+01
   3.7421763e+01
   3.7421699e+01
   3.7421628e+01
   3.7421550e+01
   3.7421465e+01
   3.7421373e+01
   3.7421274e+01
   3.7421168e+01
   3.7421056e+01
   3.7420936e+01
   3.7420810e+01
   3.7420678e+01
   3.7420538e+01
   3.7420392e+01
   3.7420240e+01
   3.7420080e+01
   3.7419915e+01
   3.7419743e+01
   3.7419564e+01
   3.7419380e+01
   3.7419189e+01
   3.7418991e+01
   3.7418788e+01
   3.7418579e+01
   3.7418363e+01
   3.7418142e+01
   3.7417915e+01
   3.7417682e+01
   3.7417443e+01
   3.7417199e+01
   3.7416949e+01
   3.7416694e+01
   3.7416433e+01
   3.7416167e+01
   3.7415896e+01
   3.7415620e+01
   3.7415338e+01
   3.7415052e+01
   3.7414761e+01
   3.7414465e+01
   3.7414164e+01
   3.7413859e+01
   3.7413549e+01
   3.7413234e+01
   3.7412916e+01
   3.7412593e+01
   3.7412266e+01
   3.7411935e+01
   3.7411600e+01
   3.7411261e+01
   3.7410919e+01
   3.7410573e+01
   3.7410224e+01
   3.7409871e+01
   3.7409515e+01
   3.7409155e+01
   3.7408793e+01
   3.7408428e+01
   3.7408059e+01
   3.7407689e+01
   3.7407315e+01
   3.7406939e+01
   3.7406561e+01
   3.7406180e+01
   3.7405797e+01
   3.7405413e+01
   3.7405026e+01
   3.7404637e+01
   3.7404247e+01
   3.7403855e+01
   3.7403462e+01
   3.7403068e+01
   3.7402672e+01
   3.7402275e+01
   3.7401878e+01
   3.7401479e+01
   3.7401080e+01
   3.7400680e+01
   3.7400279e+01
   3.7399879e+01
   3.7399478e+01
   3.7399076e+01
   3.7398675e+01
   3.7398274e+01
   3.7397874e+01
   3.7397473e+01
   3.7397073e+01
   3.7396674e+01
   3.7396276e+01
   3.7395878e+01
   3.7395481e+01
   3.7395085e+01
   3.7394691e+01
   3.7394298e+01
   3.7393906e+01
   3.7393516e+01
   3.7393127e+01
   3.7392741e+01
   3.7392356e+01
   3.7391973e+01
   3.7391592e+01
   3.7391214e+01
   3.7390838e+01
   3.7390464e+01
   3.7390093e+01
   3.7389725e+01
   3.7389359e+01
   3.7388997e+01
   3.7388637e+01
   3.7388281e+01
   3.7387927e+01
   3.7387577e+01
   3.7387231e+01
   3.7386888e+01
   3.7386549e+01
   3.7386213e+01
   3.7385881e+01
   3.7385553e+01
   3.7385230e+01
   3.7384910e+01
   3.7384595e+01
   3.7384283e+01
   3.7383977e+01
   3.7383675e+01
   3.7383377e+01
   3.7383084e+01
   3.7382796e+01
   3.7382512e+01
   3.7382234e+01
   3.7381961e+01
   3.7381692e+01
   3.7381429e+01
   3.7381171e+01
   3.7380919e+01
   3.7380672e+01
   3.7380430e+01
   3.7380194e+01
   3.7379964e+01
   3.7379739e+01
   3.7379520e+01
   3.7379307e+01
   3.7379099e+01
   3.7378898e+01
   3.7378703e+01
   3.7378513e+01
   3.7378330e+01
   3.7378153e+01
   3.7377982e+01
   3.7377818e+01
   3.7377660e+01
   3.7377508e+01
   3.7377362e+01
   3.7377224e+01
   3.7377091e+01
   3.7376965e+01
   3.7376846e+01
   3.7376733e+01
   3.7376627e+01
   3.7376528e+01
   3.7376436e+01
   3.7376350e+01
   3.7376271e+01
   3.7376198e+01
   3.7376133e+01
   3.7376074e+01
   3.7376023e+01
   3.7375978e+01
   3.7375940e+01
   3.7375909e+01
   3.7375885e+01
   3.7375867e+01
   3.7375857e+01
   3.7375854e+01
