   7.0521274e+01
   7.0521202e+01
   7.0521066e+01
   7.0520867e+01
   7.0520603e+01
   7.0520275e+01
   7.0519883e+01
   7.0519427e+01
   7.0518908e+01
   7.0518326e+01
   7.0517680e+01
   7.0516971e+01
   7.0516199e+01
   7.0515364e+01
   7.0514467e+01
   7.0513508e+01
   7.0512487e+01
   7.0511404e+01
   7.0510260e+01
   7.0509055e+01
   7.0507790e+01
   7.0506464e+01
   7.0505078e+01
   7.0503633e+01
   7.0502129e+01
   7.0500565e+01
   7.0498944e+01
   7.0497265e+01
   7.0495529e+01
   7.0493736e+01
   7.0491886e+01
   7.0489981e+01
   7.0488021e+01
   7.0486005e+01
   7.0483936e+01
   7.0481813e+01
   7.0479637e+01
   7.0477409e+01
   7.0475130e+01
   7.0472799e+01
   7.0470417e+01
   7.0467986e+01
   7.0465506e+01
   7.0462978e+01
   7.0460402e+01
   7.0457779e+01
   7.0455110e+01
   7.0452396e+01
   7.0449637e+01
   7.0446834e+01
   7.0443988e+01
   7.0441100e+01
   7.0438170e+01
   7.0435200e+01
   7.0432190e+01
   7.0429142e+01
   7.0426055e+01
   7.0422931e+01
   7.0419771e+01
   7.0416576e+01
   7.0413346e+01
   7.0410083e+01
   7.0406788e+01
   7.0403461e+01
   7.0400103e+01
   7.0396716e+01
   7.0393300e+01
   7.0389857e+01
   7.0386387e+01
   7.0382891e+01
   7.0379371e+01
   7.0375827e+01
   7.0372261e+01
   7.0368673e+01
   7.0365065e+01
   7.0361438e+01
   7.0357792e+01
   7.0354129e+01
   7.0350451e+01
   7.0346757e+01
   7.0343049e+01
   7.0339328e+01
   7.0335596e+01
   7.0331853e+01
   7.0328101e+01
   7.0324341e+01
   7.0320573e+01
   7.0316800e+01
   7.0313021e+01
   7.0309239e+01
   7.0305454e+01
   7.0301667e+01
   7.0297881e+01
   7.0294095e+01
   7.0290311e+01
   7.0286531e+01
   7.0282754e+01
   7.0278983e+01
   7.0275219e+01
   7.0271463e+01
   7.0267715e+01
   7.0263978e+01
   7.0260252e+01
   7.0256538e+01
   7.0252838e+01
   7.0249153e+01
   7.0245483e+01
   7.0241830e+01
   7.0238196e+01
   7.0234581e+01
   7.0230986e+01
   7.0227412e+01
   7.0223862e+01
   7.0220335e+01
   7.0216833e+01
   7.0213356e+01
   7.0209907e+01
   7.0206486e+01
   7.0203094e+01
   7.0199733e+01
   7.0196403e+01
   7.0193105e+01
   7.0189840e+01
   7.0186610e+01
   7.0183416e+01
   7.0180258e+01
   7.0177137e+01
   7.0174055e+01
   7.0171013e+01
   7.0168011e+01
   7.0165050e+01
   7.0162132e+01
   7.0159256e+01
   7.0156426e+01
   7.0153640e+01
   7.0150900e+01
   7.0148207e+01
   7.0145562e+01
   7.0142965e+01
   7.0140418e+01
   7.0137921e+01
   7.0135475e+01
   7.0133081e+01
   7.0130739e+01
   7.0128451e+01
   7.0126217e+01
   7.0124038e+01
   7.0121914e+01
   7.0119847e+01
   7.0117836e+01
   7.0115883e+01
   7.0113988e+01
   7.0112152e+01
   7.0110375e+01
   7.0108659e+01
   7.0107002e+01
   7.0105407e+01
   7.0103874e+01
   7.0102402e+01
   7.0100993e+01
   7.0099648e+01
   7.0098365e+01
   7.0097147e+01
   7.0095993e+01
   7.0094904e+01
   7.0093879e+01
   7.0092921e+01
   7.0092028e+01
   7.0091201e+01
   7.0090440e+01
   7.0089746e+01
   7.0089119e+01
   7.0088558e+01
   7.0088065e+01
   7.0087640e+01
   7.0087282e+01
   7.0086992e+01
   7.0086769e+01
   7.0086614e+01
   7.0086528e+01
   7.0086509e+01
   7.0086558e+01
   7.0086676e+01
   7.0086861e+01
   7.0087114e+01
   7.0087436e+01
   7.0087825e+01
   7.0088281e+01
   7.0088806e+01
   7.0089397e+01
   7.0090056e+01
   7.0090782e+01
   7.0091574e+01
   7.0092434e+01
   7.0093359e+01
   7.0094350e+01
   7.0095408e+01
   7.0096530e+01
   7.0097718e+01
   7.0098970e+01
   7.0100286e+01
   7.0101666e+01
   7.0103110e+01
   7.0104616e+01
   7.0106185e+01
   7.0107816e+01
   7.0109509e+01
   7.0111262e+01
   7.0113075e+01
   7.0114949e+01
   7.0116881e+01
   7.0118872e+01
   7.0120921e+01
   7.0123027e+01
   7.0125189e+01
   7.0127408e+01
   7.0129681e+01
   7.0132010e+01
   7.0134391e+01
   7.0136826e+01
   7.0139312e+01
   7.0141850e+01
   7.0144439e+01
   7.0147077e+01
   7.0149764e+01
   7.0152499e+01
   7.0155280e+01
   7.0158108e+01
   7.0160982e+01
   7.0163899e+01
   7.0166860e+01
   7.0169863e+01
   7.0172908e+01
   7.0175993e+01
   7.0179118e+01
   7.0182281e+01
   7.0185481e+01
   7.0188718e+01
   7.0191991e+01
   7.0195297e+01
   7.0198637e+01
   7.0202009e+01
   7.0205412e+01
   7.0208845e+01
   7.0212307e+01
   7.0215797e+01
   7.0219314e+01
   7.0222856e+01
   7.0226422e+01
   7.0230012e+01
   7.0233624e+01
   7.0237257e+01
   7.0240910e+01
   7.0244581e+01
   7.0248270e+01
   7.0251975e+01
   7.0255696e+01
   7.0259430e+01
   7.0263178e+01
   7.0266937e+01
   7.0270706e+01
   7.0274485e+01
   7.0278272e+01
   7.0282066e+01
   7.0285865e+01
   7.0289670e+01
   7.0293477e+01
   7.0297287e+01
   7.0301098e+01
   7.0304908e+01
   7.0308717e+01
   7.0312524e+01
   7.0316327e+01
   7.0320125e+01
   7.0323917e+01
   7.0327702e+01
   7.0331478e+01
   7.0335246e+01
   7.0339002e+01
   7.0342746e+01
   7.0346478e+01
   7.0350196e+01
   7.0353898e+01
   7.0357584e+01
   7.0361253e+01
   7.0364903e+01
   7.0368534e+01
   7.0372144e+01
   7.0375732e+01
   7.0379297e+01
   7.0382838e+01
   7.0386355e+01
   7.0389845e+01
   7.0393308e+01
   7.0396744e+01
   7.0400150e+01
   7.0403526e+01
   7.0406871e+01
   7.0410184e+01
   7.0413464e+01
   7.0416710e+01
   7.0419921e+01
   7.0423096e+01
   7.0426234e+01
   7.0429335e+01
   7.0432397e+01
   7.0435420e+01
   7.0438402e+01
   7.0441343e+01
   7.0444242e+01
   7.0447098e+01
   7.0449910e+01
   7.0452678e+01
   7.0455401e+01
   7.0458077e+01
   7.0460707e+01
   7.0463289e+01
   7.0465823e+01
   7.0468307e+01
   7.0470742e+01
   7.0473127e+01
   7.0475460e+01
   7.0477742e+01
   7.0479971e+01
   7.0482147e+01
   7.0484269e+01
   7.0486338e+01
   7.0488351e+01
   7.0490309e+01
   7.0492212e+01
   7.0494057e+01
   7.0495846e+01
   7.0497578e+01
   7.0499251e+01
   7.0500866e+01
   7.0502423e+01
   7.0503920e+01
   7.0505357e+01
   7.0506735e+01
   7.0508052e+01
   7.0509308e+01
   7.0510503e+01
   7.0511637e+01
   7.0512708e+01
   7.0513718e+01
   7.0514666e+01
   7.0515551e+01
   7.0516373e+01
   7.0517132e+01
   7.0517828e+01
   7.0518461e+01
   7.0519030e+01
   7.0519535e+01
   7.0519977e+01
   7.0520355e+01
   7.0520668e+01
   7.0520918e+01
   7.0521103e+01
   7.0521224e+01
   7.0521281e+01
   7.0521274e+01
