   1.0011131e+01
   1.0011123e+01
   1.0011111e+01
   1.0011095e+01
   1.0011074e+01
   1.0011048e+01
   1.0011018e+01
   1.0010983e+01
   1.0010944e+01
   1.0010900e+01
   1.0010851e+01
   1.0010799e+01
   1.0010741e+01
   1.0010679e+01
   1.0010613e+01
   1.0010542e+01
   1.0010467e+01
   1.0010387e+01
   1.0010304e+01
   1.0010215e+01
   1.0010123e+01
   1.0010026e+01
   1.0009924e+01
   1.0009819e+01
   1.0009709e+01
   1.0009595e+01
   1.0009477e+01
   1.0009355e+01
   1.0009229e+01
   1.0009099e+01
   1.0008965e+01
   1.0008826e+01
   1.0008684e+01
   1.0008538e+01
   1.0008388e+01
   1.0008234e+01
   1.0008077e+01
   1.0007916e+01
   1.0007751e+01
   1.0007582e+01
   1.0007410e+01
   1.0007235e+01
   1.0007055e+01
   1.0006873e+01
   1.0006687e+01
   1.0006498e+01
   1.0006305e+01
   1.0006109e+01
   1.0005910e+01
   1.0005708e+01
   1.0005503e+01
   1.0005295e+01
   1.0005084e+01
   1.0004870e+01
   1.0004654e+01
   1.0004434e+01
   1.0004212e+01
   1.0003987e+01
   1.0003760e+01
   1.0003530e+01
   1.0003298e+01
   1.0003063e+01
   1.0002827e+01
   1.0002588e+01
   1.0002346e+01
   1.0002103e+01
   1.0001858e+01
   1.0001611e+01
   1.0001362e+01
   1.0001111e+01
   1.0000858e+01
   1.0000604e+01
   1.0000348e+01
   1.0000091e+01
   9.9998321e+00
   9.9995720e+00
   9.9993107e+00
   9.9990483e+00
   9.9987847e+00
   9.9985201e+00
   9.9982546e+00
   9.9979881e+00
   9.9977209e+00
   9.9974530e+00
   9.9971845e+00
   9.9969154e+00
   9.9966459e+00
   9.9963760e+00
   9.9961057e+00
   9.9958353e+00
   9.9955647e+00
   9.9952941e+00
   9.9950235e+00
   9.9947530e+00
   9.9944826e+00
   9.9942126e+00
   9.9939429e+00
   9.9936737e+00
   9.9934050e+00
   9.9931369e+00
   9.9928695e+00
   9.9926029e+00
   9.9923371e+00
   9.9920722e+00
   9.9918084e+00
   9.9915456e+00
   9.9912841e+00
   9.9910238e+00
   9.9907648e+00
   9.9905073e+00
   9.9902513e+00
   9.9899969e+00
   9.9897441e+00
   9.9894931e+00
   9.9892438e+00
   9.9889965e+00
   9.9887512e+00
   9.9885079e+00
   9.9882668e+00
   9.9880279e+00
   9.9877912e+00
   9.9875569e+00
   9.9873250e+00
   9.9870957e+00
   9.9868689e+00
   9.9866448e+00
   9.9864234e+00
   9.9862048e+00
   9.9859890e+00
   9.9857762e+00
   9.9855663e+00
   9.9853596e+00
   9.9851559e+00
   9.9849555e+00
   9.9847583e+00
   9.9845645e+00
   9.9843740e+00
   9.9841870e+00
   9.9840035e+00
   9.9838235e+00
   9.9836472e+00
   9.9834746e+00
   9.9833056e+00
   9.9831405e+00
   9.9829792e+00
   9.9828219e+00
   9.9826684e+00
   9.9825190e+00
   9.9823736e+00
   9.9822323e+00
   9.9820952e+00
   9.9819622e+00
   9.9818334e+00
   9.9817089e+00
   9.9815888e+00
   9.9814730e+00
   9.9813615e+00
   9.9812545e+00
   9.9811519e+00
   9.9810539e+00
   9.9809603e+00
   9.9808714e+00
   9.9807870e+00
   9.9807072e+00
   9.9806320e+00
   9.9805615e+00
   9.9804957e+00
   9.9804346e+00
   9.9803783e+00
   9.9803267e+00
   9.9802798e+00
   9.9802378e+00
   9.9802005e+00
   9.9801681e+00
   9.9801404e+00
   9.9801176e+00
   9.9800997e+00
   9.9800866e+00
   9.9800783e+00
   9.9800749e+00
   9.9800763e+00
   9.9800826e+00
   9.9800938e+00
   9.9801098e+00
   9.9801306e+00
   9.9801563e+00
   9.9801869e+00
   9.9802222e+00
   9.9802624e+00
   9.9803074e+00
   9.9803572e+00
   9.9804117e+00
   9.9804710e+00
   9.9805350e+00
   9.9806038e+00
   9.9806772e+00
   9.9807553e+00
   9.9808381e+00
   9.9809255e+00
   9.9810175e+00
   9.9811140e+00
   9.9812151e+00
   9.9813207e+00
   9.9814308e+00
   9.9815452e+00
   9.9816641e+00
   9.9817874e+00
   9.9819149e+00
   9.9820468e+00
   9.9821828e+00
   9.9823231e+00
   9.9824675e+00
   9.9826160e+00
   9.9827686e+00
   9.9829252e+00
   9.9830857e+00
   9.9832501e+00
   9.9834184e+00
   9.9835905e+00
   9.9837663e+00
   9.9839458e+00
   9.9841289e+00
   9.9843155e+00
   9.9845057e+00
   9.9846993e+00
   9.9848964e+00
   9.9850967e+00
   9.9853003e+00
   9.9855070e+00
   9.9857169e+00
   9.9859298e+00
   9.9861458e+00
   9.9863646e+00
   9.9865863e+00
   9.9868107e+00
   9.9870379e+00
   9.9872677e+00
   9.9875000e+00
   9.9877349e+00
   9.9879721e+00
   9.9882116e+00
   9.9884535e+00
   9.9886974e+00
   9.9889435e+00
   9.9891916e+00
   9.9894417e+00
   9.9896936e+00
   9.9899473e+00
   9.9902027e+00
   9.9904597e+00
   9.9907182e+00
   9.9909782e+00
   9.9912396e+00
   9.9915023e+00
   9.9917662e+00
   9.9920312e+00
   9.9922972e+00
   9.9925642e+00
   9.9928321e+00
   9.9931007e+00
   9.9933701e+00
   9.9936401e+00
   9.9939106e+00
   9.9941816e+00
   9.9944530e+00
   9.9947246e+00
   9.9949965e+00
   9.9952684e+00
   9.9955404e+00
   9.9958124e+00
   9.9960842e+00
   9.9963558e+00
   9.9966271e+00
   9.9968980e+00
   9.9971684e+00
   9.9974383e+00
   9.9977076e+00
   9.9979761e+00
   9.9982438e+00
   9.9985107e+00
   9.9987766e+00
   9.9990415e+00
   9.9993052e+00
   9.9995678e+00
   9.9998290e+00
   1.0000089e+01
   1.0000347e+01
   1.0000604e+01
   1.0000860e+01
   1.0001114e+01
   1.0001365e+01
   1.0001616e+01
   1.0001864e+01
   1.0002110e+01
   1.0002355e+01
   1.0002597e+01
   1.0002837e+01
   1.0003074e+01
   1.0003310e+01
   1.0003543e+01
   1.0003774e+01
   1.0004002e+01
   1.0004227e+01
   1.0004450e+01
   1.0004670e+01
   1.0004887e+01
   1.0005102e+01
   1.0005313e+01
   1.0005522e+01
   1.0005728e+01
   1.0005930e+01
   1.0006129e+01
   1.0006326e+01
   1.0006518e+01
   1.0006708e+01
   1.0006894e+01
   1.0007077e+01
   1.0007256e+01
   1.0007432e+01
   1.0007604e+01
   1.0007773e+01
   1.0007938e+01
   1.0008099e+01
   1.0008256e+01
   1.0008410e+01
   1.0008560e+01
   1.0008706e+01
   1.0008848e+01
   1.0008986e+01
   1.0009120e+01
   1.0009250e+01
   1.0009375e+01
   1.0009497e+01
   1.0009615e+01
   1.0009728e+01
   1.0009837e+01
   1.0009942e+01
   1.0010043e+01
   1.0010139e+01
   1.0010231e+01
   1.0010319e+01
   1.0010402e+01
   1.0010481e+01
   1.0010556e+01
   1.0010626e+01
   1.0010691e+01
   1.0010752e+01
   1.0010809e+01
   1.0010861e+01
   1.0010909e+01
   1.0010952e+01
   1.0010990e+01
   1.0011024e+01
   1.0011053e+01
   1.0011078e+01
   1.0011098e+01
   1.0011114e+01
   1.0011125e+01
   1.0011131e+01
   1.0011133e+01
   1.0011131e+01
