   3.2291103e+02
   3.2291060e+02
   3.2290974e+02
   3.2290846e+02
   3.2290675e+02
   3.2290462e+02
   3.2290207e+02
   3.2289909e+02
   3.2289570e+02
   3.2289188e+02
   3.2288764e+02
   3.2288299e+02
   3.2287792e+02
   3.2287243e+02
   3.2286653e+02
   3.2286022e+02
   3.2285349e+02
   3.2284636e+02
   3.2283883e+02
   3.2283089e+02
   3.2282254e+02
   3.2281380e+02
   3.2280466e+02
   3.2279513e+02
   3.2278521e+02
   3.2277489e+02
   3.2276419e+02
   3.2275311e+02
   3.2274165e+02
   3.2272981e+02
   3.2271760e+02
   3.2270502e+02
   3.2269207e+02
   3.2267876e+02
   3.2266509e+02
   3.2265106e+02
   3.2263668e+02
   3.2262196e+02
   3.2260689e+02
   3.2259148e+02
   3.2257574e+02
   3.2255966e+02
   3.2254326e+02
   3.2252654e+02
   3.2250951e+02
   3.2249216e+02
   3.2247450e+02
   3.2245654e+02
   3.2243828e+02
   3.2241973e+02
   3.2240090e+02
   3.2238178e+02
   3.2236239e+02
   3.2234272e+02
   3.2232279e+02
   3.2230260e+02
   3.2228216e+02
   3.2226147e+02
   3.2224053e+02
   3.2221936e+02
   3.2219796e+02
   3.2217634e+02
   3.2215449e+02
   3.2213244e+02
   3.2211018e+02
   3.2208772e+02
   3.2206507e+02
   3.2204223e+02
   3.2201921e+02
   3.2199602e+02
   3.2197266e+02
   3.2194915e+02
   3.2192548e+02
   3.2190166e+02
   3.2187771e+02
   3.2185363e+02
   3.2182942e+02
   3.2180509e+02
   3.2178066e+02
   3.2175612e+02
   3.2173148e+02
   3.2170676e+02
   3.2168196e+02
   3.2165708e+02
   3.2163213e+02
   3.2160713e+02
   3.2158208e+02
   3.2155698e+02
   3.2153185e+02
   3.2150668e+02
   3.2148150e+02
   3.2145631e+02
   3.2143110e+02
   3.2140590e+02
   3.2138071e+02
   3.2135554e+02
   3.2133039e+02
   3.2130528e+02
   3.2128021e+02
   3.2125518e+02
   3.2123021e+02
   3.2120531e+02
   3.2118047e+02
   3.2115572e+02
   3.2113105e+02
   3.2110647e+02
   3.2108200e+02
   3.2105764e+02
   3.2103340e+02
   3.2100928e+02
   3.2098529e+02
   3.2096144e+02
   3.2093774e+02
   3.2091420e+02
   3.2089082e+02
   3.2086761e+02
   3.2084457e+02
   3.2082172e+02
   3.2079906e+02
   3.2077660e+02
   3.2075435e+02
   3.2073230e+02
   3.2071048e+02
   3.2068889e+02
   3.2066753e+02
   3.2064641e+02
   3.2062554e+02
   3.2060492e+02
   3.2058456e+02
   3.2056447e+02
   3.2054465e+02
   3.2052511e+02
   3.2050586e+02
   3.2048690e+02
   3.2046824e+02
   3.2044989e+02
   3.2043184e+02
   3.2041411e+02
   3.2039671e+02
   3.2037963e+02
   3.2036288e+02
   3.2034647e+02
   3.2033041e+02
   3.2031469e+02
   3.2029933e+02
   3.2028433e+02
   3.2026969e+02
   3.2025542e+02
   3.2024153e+02
   3.2022801e+02
   3.2021488e+02
   3.2020213e+02
   3.2018977e+02
   3.2017781e+02
   3.2016625e+02
   3.2015509e+02
   3.2014433e+02
   3.2013399e+02
   3.2012406e+02
   3.2011454e+02
   3.2010545e+02
   3.2009678e+02
   3.2008854e+02
   3.2008072e+02
   3.2007333e+02
   3.2006638e+02
   3.2005987e+02
   3.2005379e+02
   3.2004815e+02
   3.2004296e+02
   3.2003821e+02
   3.2003391e+02
   3.2003005e+02
   3.2002664e+02
   3.2002369e+02
   3.2002118e+02
   3.2001912e+02
   3.2001752e+02
   3.2001637e+02
   3.2001568e+02
   3.2001544e+02
   3.2001566e+02
   3.2001633e+02
   3.2001745e+02
   3.2001903e+02
   3.2002106e+02
   3.2002355e+02
   3.2002649e+02
   3.2002988e+02
   3.2003372e+02
   3.2003801e+02
   3.2004275e+02
   3.2004794e+02
   3.2005357e+02
   3.2005965e+02
   3.2006617e+02
   3.2007313e+02
   3.2008053e+02
   3.2008836e+02
   3.2009663e+02
   3.2010533e+02
   3.2011445e+02
   3.2012400e+02
   3.2013397e+02
   3.2014436e+02
   3.2015517e+02
   3.2016639e+02
   3.2017802e+02
   3.2019005e+02
   3.2020248e+02
   3.2021531e+02
   3.2022853e+02
   3.2024214e+02
   3.2025614e+02
   3.2027051e+02
   3.2028526e+02
   3.2030038e+02
   3.2031587e+02
   3.2033171e+02
   3.2034791e+02
   3.2036446e+02
   3.2038136e+02
   3.2039859e+02
   3.2041616e+02
   3.2043405e+02
   3.2045227e+02
   3.2047080e+02
   3.2048965e+02
   3.2050879e+02
   3.2052824e+02
   3.2054797e+02
   3.2056799e+02
   3.2058829e+02
   3.2060886e+02
   3.2062969e+02
   3.2065078e+02
   3.2067213e+02
   3.2069371e+02
   3.2071554e+02
   3.2073759e+02
   3.2075987e+02
   3.2078237e+02
   3.2080507e+02
   3.2082797e+02
   3.2085107e+02
   3.2087435e+02
   3.2089781e+02
   3.2092144e+02
   3.2094524e+02
   3.2096919e+02
   3.2099329e+02
   3.2101753e+02
   3.2104191e+02
   3.2106640e+02
   3.2109102e+02
   3.2111574e+02
   3.2114057e+02
   3.2116549e+02
   3.2119049e+02
   3.2121557e+02
   3.2124072e+02
   3.2126593e+02
   3.2129120e+02
   3.2131651e+02
   3.2134186e+02
   3.2136724e+02
   3.2139264e+02
   3.2141806e+02
   3.2144348e+02
   3.2146890e+02
   3.2149430e+02
   3.2151970e+02
   3.2154506e+02
   3.2157039e+02
   3.2159568e+02
   3.2162093e+02
   3.2164611e+02
   3.2167123e+02
   3.2169628e+02
   3.2172125e+02
   3.2174613e+02
   3.2177092e+02
   3.2179560e+02
   3.2182018e+02
   3.2184463e+02
   3.2186897e+02
   3.2189317e+02
   3.2191723e+02
   3.2194114e+02
   3.2196490e+02
   3.2198851e+02
   3.2201194e+02
   3.2203520e+02
   3.2205828e+02
   3.2208117e+02
   3.2210386e+02
   3.2212636e+02
   3.2214864e+02
   3.2217071e+02
   3.2219256e+02
   3.2221419e+02
   3.2223558e+02
   3.2225673e+02
   3.2227763e+02
   3.2229828e+02
   3.2231867e+02
   3.2233880e+02
   3.2235867e+02
   3.2237825e+02
   3.2239756e+02
   3.2241657e+02
   3.2243530e+02
   3.2245373e+02
   3.2247186e+02
   3.2248968e+02
   3.2250719e+02
   3.2252438e+02
   3.2254125e+02
   3.2255779e+02
   3.2257400e+02
   3.2258988e+02
   3.2260541e+02
   3.2262060e+02
   3.2263545e+02
   3.2264993e+02
   3.2266407e+02
   3.2267784e+02
   3.2269124e+02
   3.2270428e+02
   3.2271695e+02
   3.2272924e+02
   3.2274115e+02
   3.2275269e+02
   3.2276383e+02
   3.2277459e+02
   3.2278496e+02
   3.2279493e+02
   3.2280451e+02
   3.2281369e+02
   3.2282247e+02
   3.2283084e+02
   3.2283881e+02
   3.2284637e+02
   3.2285352e+02
   3.2286026e+02
   3.2286659e+02
   3.2287250e+02
   3.2287799e+02
   3.2288307e+02
   3.2288772e+02
   3.2289196e+02
   3.2289577e+02
   3.2289917e+02
   3.2290214e+02
   3.2290468e+02
   3.2290680e+02
   3.2290850e+02
   3.2290977e+02
   3.2291061e+02
   3.2291103e+02
   3.2291103e+02
