   7.6418401e+02
   7.6418545e+02
   7.6418992e+02
   7.6419740e+02
   7.6420790e+02
   7.6422141e+02
   7.6423793e+02
   7.6425746e+02
   7.6427998e+02
   7.6430550e+02
   7.6433401e+02
   7.6436550e+02
   7.6439996e+02
   7.6443738e+02
   7.6447776e+02
   7.6452107e+02
   7.6456731e+02
   7.6461647e+02
   7.6466853e+02
   7.6472347e+02
   7.6478129e+02
   7.6484196e+02
   7.6490547e+02
   7.6497181e+02
   7.6504094e+02
   7.6511286e+02
   7.6518754e+02
   7.6526496e+02
   7.6534509e+02
   7.6542793e+02
   7.6551344e+02
   7.6560159e+02
   7.6569237e+02
   7.6578575e+02
   7.6588169e+02
   7.6598018e+02
   7.6608118e+02
   7.6618467e+02
   7.6629061e+02
   7.6639898e+02
   7.6650974e+02
   7.6662286e+02
   7.6673831e+02
   7.6685606e+02
   7.6697607e+02
   7.6709830e+02
   7.6722272e+02
   7.6734930e+02
   7.6747799e+02
   7.6760876e+02
   7.6774157e+02
   7.6787639e+02
   7.6801316e+02
   7.6815186e+02
   7.6829244e+02
   7.6843486e+02
   7.6857908e+02
   7.6872505e+02
   7.6887273e+02
   7.6902208e+02
   7.6917306e+02
   7.6932561e+02
   7.6947970e+02
   7.6963527e+02
   7.6979229e+02
   7.6995070e+02
   7.7011045e+02
   7.7027151e+02
   7.7043381e+02
   7.7059732e+02
   7.7076199e+02
   7.7092775e+02
   7.7109458e+02
   7.7126240e+02
   7.7143118e+02
   7.7160086e+02
   7.7177139e+02
   7.7194273e+02
   7.7211481e+02
   7.7228758e+02
   7.7246100e+02
   7.7263501e+02
   7.7280956e+02
   7.7298460e+02
   7.7316007e+02
   7.7333591e+02
   7.7351209e+02
   7.7368853e+02
   7.7386519e+02
   7.7404202e+02
   7.7421895e+02
   7.7439594e+02
   7.7457293e+02
   7.7474987e+02
   7.7492670e+02
   7.7510337e+02
   7.7527983e+02
   7.7545601e+02
   7.7563187e+02
   7.7580735e+02
   7.7598240e+02
   7.7615697e+02
   7.7633099e+02
   7.7650442e+02
   7.7667720e+02
   7.7684928e+02
   7.7702060e+02
   7.7719112e+02
   7.7736077e+02
   7.7752952e+02
   7.7769729e+02
   7.7786405e+02
   7.7802974e+02
   7.7819430e+02
   7.7835769e+02
   7.7851986e+02
   7.7868075e+02
   7.7884032e+02
   7.7899851e+02
   7.7915528e+02
   7.7931057e+02
   7.7946434e+02
   7.7961654e+02
   7.7976712e+02
   7.7991603e+02
   7.8006323e+02
   7.8020867e+02
   7.8035230e+02
   7.8049409e+02
   7.8063397e+02
   7.8077192e+02
   7.8090789e+02
   7.8104182e+02
   7.8117369e+02
   7.8130345e+02
   7.8143105e+02
   7.8155647e+02
   7.8167965e+02
   7.8180056e+02
   7.8191916e+02
   7.8203541e+02
   7.8214928e+02
   7.8226073e+02
   7.8236972e+02
   7.8247622e+02
   7.8258019e+02
   7.8268161e+02
   7.8278044e+02
   7.8287664e+02
   7.8297020e+02
   7.8306107e+02
   7.8314923e+02
   7.8323464e+02
   7.8331730e+02
   7.8339716e+02
   7.8347420e+02
   7.8354839e+02
   7.8361973e+02
   7.8368817e+02
   7.8375370e+02
   7.8381629e+02
   7.8387594e+02
   7.8393261e+02
   7.8398629e+02
   7.8403697e+02
   7.8408462e+02
   7.8412924e+02
   7.8417081e+02
   7.8420931e+02
   7.8424473e+02
   7.8427706e+02
   7.8430630e+02
   7.8433243e+02
   7.8435544e+02
   7.8437533e+02
   7.8439209e+02
   7.8440571e+02
   7.8441620e+02
   7.8442354e+02
   7.8442774e+02
   7.8442880e+02
   7.8442671e+02
   7.8442148e+02
   7.8441311e+02
   7.8440159e+02
   7.8438695e+02
   7.8436917e+02
   7.8434827e+02
   7.8432425e+02
   7.8429712e+02
   7.8426690e+02
   7.8423358e+02
   7.8419719e+02
   7.8415773e+02
   7.8411521e+02
   7.8406966e+02
   7.8402108e+02
   7.8396949e+02
   7.8391491e+02
   7.8385735e+02
   7.8379684e+02
   7.8373339e+02
   7.8366703e+02
   7.8359777e+02
   7.8352565e+02
   7.8345067e+02
   7.8337287e+02
   7.8329227e+02
   7.8320890e+02
   7.8312278e+02
   7.8303394e+02
   7.8294241e+02
   7.8284822e+02
   7.8275141e+02
   7.8265199e+02
   7.8255000e+02
   7.8244548e+02
   7.8233846e+02
   7.8222897e+02
   7.8211705e+02
   7.8200273e+02
   7.8188605e+02
   7.8176704e+02
   7.8164575e+02
   7.8152221e+02
   7.8139647e+02
   7.8126855e+02
   7.8113851e+02
   7.8100638e+02
   7.8087220e+02
   7.8073603e+02
   7.8059789e+02
   7.8045783e+02
   7.8031591e+02
   7.8017215e+02
   7.8002661e+02
   7.7987934e+02
   7.7973037e+02
   7.7957976e+02
   7.7942755e+02
   7.7927380e+02
   7.7911854e+02
   7.7896183e+02
   7.7880371e+02
   7.7864424e+02
   7.7848347e+02
   7.7832144e+02
   7.7815820e+02
   7.7799381e+02
   7.7782832e+02
   7.7766178e+02
   7.7749423e+02
   7.7732574e+02
   7.7715635e+02
   7.7698612e+02
   7.7681510e+02
   7.7664334e+02
   7.7647089e+02
   7.7629781e+02
   7.7612415e+02
   7.7594997e+02
   7.7577531e+02
   7.7560024e+02
   7.7542480e+02
   7.7524904e+02
   7.7507304e+02
   7.7489682e+02
   7.7472046e+02
   7.7454400e+02
   7.7436750e+02
   7.7419101e+02
   7.7401459e+02
   7.7383829e+02
   7.7366216e+02
   7.7348625e+02
   7.7331062e+02
   7.7313533e+02
   7.7296042e+02
   7.7278595e+02
   7.7261197e+02
   7.7243854e+02
   7.7226570e+02
   7.7209351e+02
   7.7192201e+02
   7.7175127e+02
   7.7158133e+02
   7.7141225e+02
   7.7124407e+02
   7.7107684e+02
   7.7091062e+02
   7.7074544e+02
   7.7058138e+02
   7.7041846e+02
   7.7025675e+02
   7.7009628e+02
   7.6993711e+02
   7.6977928e+02
   7.6962284e+02
   7.6946784e+02
   7.6931432e+02
   7.6916232e+02
   7.6901190e+02
   7.6886309e+02
   7.6871595e+02
   7.6857050e+02
   7.6842680e+02
   7.6828489e+02
   7.6814481e+02
   7.6800660e+02
   7.6787030e+02
   7.6773595e+02
   7.6760359e+02
   7.6747326e+02
   7.6734500e+02
   7.6721884e+02
   7.6709481e+02
   7.6697297e+02
   7.6685333e+02
   7.6673595e+02
   7.6662084e+02
   7.6650804e+02
   7.6639759e+02
   7.6628952e+02
   7.6618386e+02
   7.6608064e+02
   7.6597988e+02
   7.6588163e+02
   7.6578590e+02
   7.6569273e+02
   7.6560213e+02
   7.6551415e+02
   7.6542879e+02
   7.6534609e+02
   7.6526608e+02
   7.6518876e+02
   7.6511418e+02
   7.6504234e+02
   7.6497327e+02
   7.6490698e+02
   7.6484350e+02
   7.6478285e+02
   7.6472504e+02
   7.6467009e+02
   7.6461802e+02
   7.6456883e+02
   7.6452255e+02
   7.6447919e+02
   7.6443876e+02
   7.6440127e+02
   7.6436673e+02
   7.6433516e+02
   7.6430655e+02
   7.6428093e+02
   7.6425830e+02
   7.6423866e+02
   7.6422203e+02
   7.6420840e+02
   7.6419777e+02
   7.6419017e+02
   7.6418558e+02
   7.6418401e+02
