   2.9922769e+02
   2.9922742e+02
   2.9922683e+02
   2.9922592e+02
   2.9922469e+02
   2.9922314e+02
   2.9922128e+02
   2.9921910e+02
   2.9921661e+02
   2.9921380e+02
   2.9921067e+02
   2.9920724e+02
   2.9920349e+02
   2.9919943e+02
   2.9919506e+02
   2.9919038e+02
   2.9918539e+02
   2.9918010e+02
   2.9917451e+02
   2.9916861e+02
   2.9916241e+02
   2.9915592e+02
   2.9914913e+02
   2.9914204e+02
   2.9913466e+02
   2.9912700e+02
   2.9911904e+02
   2.9911080e+02
   2.9910228e+02
   2.9909348e+02
   2.9908440e+02
   2.9907505e+02
   2.9906542e+02
   2.9905553e+02
   2.9904537e+02
   2.9903495e+02
   2.9902427e+02
   2.9901334e+02
   2.9900215e+02
   2.9899071e+02
   2.9897903e+02
   2.9896710e+02
   2.9895493e+02
   2.9894253e+02
   2.9892990e+02
   2.9891704e+02
   2.9890396e+02
   2.9889066e+02
   2.9887714e+02
   2.9886341e+02
   2.9884948e+02
   2.9883534e+02
   2.9882100e+02
   2.9880647e+02
   2.9879174e+02
   2.9877683e+02
   2.9876174e+02
   2.9874647e+02
   2.9873104e+02
   2.9871543e+02
   2.9869966e+02
   2.9868373e+02
   2.9866765e+02
   2.9865142e+02
   2.9863505e+02
   2.9861854e+02
   2.9860189e+02
   2.9858512e+02
   2.9856822e+02
   2.9855121e+02
   2.9853408e+02
   2.9851684e+02
   2.9849950e+02
   2.9848206e+02
   2.9846453e+02
   2.9844692e+02
   2.9842922e+02
   2.9841144e+02
   2.9839360e+02
   2.9837569e+02
   2.9835771e+02
   2.9833969e+02
   2.9832161e+02
   2.9830349e+02
   2.9828533e+02
   2.9826714e+02
   2.9824892e+02
   2.9823068e+02
   2.9821243e+02
   2.9819416e+02
   2.9817589e+02
   2.9815761e+02
   2.9813935e+02
   2.9812109e+02
   2.9810285e+02
   2.9808463e+02
   2.9806645e+02
   2.9804829e+02
   2.9803017e+02
   2.9801210e+02
   2.9799408e+02
   2.9797611e+02
   2.9795821e+02
   2.9794037e+02
   2.9792260e+02
   2.9790491e+02
   2.9788730e+02
   2.9786978e+02
   2.9785236e+02
   2.9783503e+02
   2.9781780e+02
   2.9780069e+02
   2.9778369e+02
   2.9776681e+02
   2.9775005e+02
   2.9773342e+02
   2.9771693e+02
   2.9770057e+02
   2.9768436e+02
   2.9766830e+02
   2.9765240e+02
   2.9763665e+02
   2.9762107e+02
   2.9760566e+02
   2.9759042e+02
   2.9757535e+02
   2.9756048e+02
   2.9754578e+02
   2.9753128e+02
   2.9751698e+02
   2.9750288e+02
   2.9748898e+02
   2.9747529e+02
   2.9746181e+02
   2.9744855e+02
   2.9743551e+02
   2.9742270e+02
   2.9741011e+02
   2.9739776e+02
   2.9738565e+02
   2.9737377e+02
   2.9736214e+02
   2.9735076e+02
   2.9733963e+02
   2.9732875e+02
   2.9731813e+02
   2.9730777e+02
   2.9729768e+02
   2.9728785e+02
   2.9727830e+02
   2.9726901e+02
   2.9726000e+02
   2.9725127e+02
   2.9724283e+02
   2.9723466e+02
   2.9722679e+02
   2.9721920e+02
   2.9721190e+02
   2.9720490e+02
   2.9719819e+02
   2.9719178e+02
   2.9718567e+02
   2.9717986e+02
   2.9717435e+02
   2.9716915e+02
   2.9716426e+02
   2.9715967e+02
   2.9715539e+02
   2.9715143e+02
   2.9714778e+02
   2.9714444e+02
   2.9714141e+02
   2.9713870e+02
   2.9713631e+02
   2.9713423e+02
   2.9713248e+02
   2.9713104e+02
   2.9712992e+02
   2.9712911e+02
   2.9712863e+02
   2.9712847e+02
   2.9712863e+02
   2.9712911e+02
   2.9712991e+02
   2.9713102e+02
   2.9713246e+02
   2.9713422e+02
   2.9713629e+02
   2.9713869e+02
   2.9714140e+02
   2.9714442e+02
   2.9714777e+02
   2.9715142e+02
   2.9715540e+02
   2.9715968e+02
   2.9716427e+02
   2.9716918e+02
   2.9717439e+02
   2.9717992e+02
   2.9718574e+02
   2.9719187e+02
   2.9719831e+02
   2.9720504e+02
   2.9721207e+02
   2.9721940e+02
   2.9722702e+02
   2.9723493e+02
   2.9724313e+02
   2.9725162e+02
   2.9726039e+02
   2.9726944e+02
   2.9727877e+02
   2.9728838e+02
   2.9729826e+02
   2.9730841e+02
   2.9731883e+02
   2.9732951e+02
   2.9734046e+02
   2.9735166e+02
   2.9736311e+02
   2.9737481e+02
   2.9738677e+02
   2.9739896e+02
   2.9741139e+02
   2.9742406e+02
   2.9743696e+02
   2.9745009e+02
   2.9746344e+02
   2.9747701e+02
   2.9749080e+02
   2.9750480e+02
   2.9751901e+02
   2.9753341e+02
   2.9754802e+02
   2.9756282e+02
   2.9757781e+02
   2.9759298e+02
   2.9760834e+02
   2.9762387e+02
   2.9763957e+02
   2.9765543e+02
   2.9767146e+02
   2.9768764e+02
   2.9770397e+02
   2.9772044e+02
   2.9773706e+02
   2.9775381e+02
   2.9777070e+02
   2.9778771e+02
   2.9780483e+02
   2.9782208e+02
   2.9783943e+02
   2.9785688e+02
   2.9787444e+02
   2.9789208e+02
   2.9790982e+02
   2.9792763e+02
   2.9794553e+02
   2.9796349e+02
   2.9798152e+02
   2.9799961e+02
   2.9801775e+02
   2.9803594e+02
   2.9805418e+02
   2.9807245e+02
   2.9809076e+02
   2.9810909e+02
   2.9812744e+02
   2.9814581e+02
   2.9816418e+02
   2.9818256e+02
   2.9820094e+02
   2.9821931e+02
   2.9823766e+02
   2.9825600e+02
   2.9827431e+02
   2.9829260e+02
   2.9831084e+02
   2.9832905e+02
   2.9834721e+02
   2.9836531e+02
   2.9838336e+02
   2.9840135e+02
   2.9841926e+02
   2.9843710e+02
   2.9845486e+02
   2.9847254e+02
   2.9849012e+02
   2.9850761e+02
   2.9852499e+02
   2.9854227e+02
   2.9855944e+02
   2.9857649e+02
   2.9859341e+02
   2.9861021e+02
   2.9862687e+02
   2.9864340e+02
   2.9865979e+02
   2.9867602e+02
   2.9869210e+02
   2.9870803e+02
   2.9872379e+02
   2.9873938e+02
   2.9875481e+02
   2.9877005e+02
   2.9878511e+02
   2.9879999e+02
   2.9881468e+02
   2.9882917e+02
   2.9884346e+02
   2.9885755e+02
   2.9887143e+02
   2.9888509e+02
   2.9889854e+02
   2.9891177e+02
   2.9892477e+02
   2.9893755e+02
   2.9895009e+02
   2.9896240e+02
   2.9897447e+02
   2.9898629e+02
   2.9899787e+02
   2.9900919e+02
   2.9902026e+02
   2.9903108e+02
   2.9904163e+02
   2.9905192e+02
   2.9906194e+02
   2.9907169e+02
   2.9908117e+02
   2.9909037e+02
   2.9909930e+02
   2.9910794e+02
   2.9911630e+02
   2.9912437e+02
   2.9913215e+02
   2.9913965e+02
   2.9914685e+02
   2.9915375e+02
   2.9916035e+02
   2.9916666e+02
   2.9917267e+02
   2.9917837e+02
   2.9918377e+02
   2.9918886e+02
   2.9919364e+02
   2.9919811e+02
   2.9920227e+02
   2.9920612e+02
   2.9920966e+02
   2.9921288e+02
   2.9921579e+02
   2.9921838e+02
   2.9922066e+02
   2.9922262e+02
   2.9922426e+02
   2.9922558e+02
   2.9922659e+02
   2.9922727e+02
   2.9922764e+02
   2.9922769e+02
