   4.8693863e-03
   4.8693841e-03
   4.8693837e-03
   4.8693850e-03
   4.8693881e-03
   4.8693930e-03
   4.8693997e-03
   4.8694081e-03
   4.8694183e-03
   4.8694302e-03
   4.8694439e-03
   4.8694593e-03
   4.8694765e-03
   4.8694954e-03
   4.8695160e-03
   4.8695384e-03
   4.8695625e-03
   4.8695883e-03
   4.8696158e-03
   4.8696450e-03
   4.8696758e-03
   4.8697084e-03
   4.8697426e-03
   4.8697785e-03
   4.8698160e-03
   4.8698552e-03
   4.8698959e-03
   4.8699383e-03
   4.8699823e-03
   4.8700279e-03
   4.8700750e-03
   4.8701237e-03
   4.8701739e-03
   4.8702257e-03
   4.8702789e-03
   4.8703337e-03
   4.8703899e-03
   4.8704476e-03
   4.8705067e-03
   4.8705673e-03
   4.8706292e-03
   4.8706926e-03
   4.8707573e-03
   4.8708234e-03
   4.8708907e-03
   4.8709594e-03
   4.8710294e-03
   4.8711007e-03
   4.8711732e-03
   4.8712469e-03
   4.8713218e-03
   4.8713979e-03
   4.8714751e-03
   4.8715535e-03
   4.8716330e-03
   4.8717136e-03
   4.8717952e-03
   4.8718779e-03
   4.8719616e-03
   4.8720462e-03
   4.8721318e-03
   4.8722184e-03
   4.8723058e-03
   4.8723942e-03
   4.8724834e-03
   4.8725734e-03
   4.8726642e-03
   4.8727558e-03
   4.8728482e-03
   4.8729412e-03
   4.8730350e-03
   4.8731294e-03
   4.8732245e-03
   4.8733201e-03
   4.8734163e-03
   4.8735131e-03
   4.8736104e-03
   4.8737082e-03
   4.8738064e-03
   4.8739051e-03
   4.8740042e-03
   4.8741036e-03
   4.8742034e-03
   4.8743035e-03
   4.8744038e-03
   4.8745044e-03
   4.8746053e-03
   4.8747063e-03
   4.8748075e-03
   4.8749088e-03
   4.8750102e-03
   4.8751117e-03
   4.8752132e-03
   4.8753147e-03
   4.8754162e-03
   4.8755176e-03
   4.8756189e-03
   4.8757201e-03
   4.8758212e-03
   4.8759221e-03
   4.8760228e-03
   4.8761232e-03
   4.8762234e-03
   4.8763233e-03
   4.8764228e-03
   4.8765220e-03
   4.8766208e-03
   4.8767191e-03
   4.8768170e-03
   4.8769145e-03
   4.8770114e-03
   4.8771078e-03
   4.8772036e-03
   4.8772988e-03
   4.8773934e-03
   4.8774873e-03
   4.8775805e-03
   4.8776730e-03
   4.8777648e-03
   4.8778558e-03
   4.8779461e-03
   4.8780354e-03
   4.8781240e-03
   4.8782116e-03
   4.8782984e-03
   4.8783842e-03
   4.8784691e-03
   4.8785529e-03
   4.8786358e-03
   4.8787176e-03
   4.8787984e-03
   4.8788781e-03
   4.8789567e-03
   4.8790341e-03
   4.8791104e-03
   4.8791855e-03
   4.8792594e-03
   4.8793320e-03
   4.8794034e-03
   4.8794736e-03
   4.8795424e-03
   4.8796100e-03
   4.8796762e-03
   4.8797410e-03
   4.8798045e-03
   4.8798665e-03
   4.8799272e-03
   4.8799864e-03
   4.8800442e-03
   4.8801005e-03
   4.8801553e-03
   4.8802086e-03
   4.8802604e-03
   4.8803106e-03
   4.8803593e-03
   4.8804065e-03
   4.8804520e-03
   4.8804960e-03
   4.8805383e-03
   4.8805790e-03
   4.8806181e-03
   4.8806555e-03
   4.8806913e-03
   4.8807254e-03
   4.8807578e-03
   4.8807886e-03
   4.8808176e-03
   4.8808449e-03
   4.8808705e-03
   4.8808944e-03
   4.8809165e-03
   4.8809369e-03
   4.8809555e-03
   4.8809724e-03
   4.8809876e-03
   4.8810009e-03
   4.8810125e-03
   4.8810223e-03
   4.8810304e-03
   4.8810366e-03
   4.8810411e-03
   4.8810438e-03
   4.8810447e-03
   4.8810439e-03
   4.8810412e-03
   4.8810368e-03
   4.8810306e-03
   4.8810226e-03
   4.8810128e-03
   4.8810012e-03
   4.8809879e-03
   4.8809728e-03
   4.8809560e-03
   4.8809373e-03
   4.8809170e-03
   4.8808948e-03
   4.8808710e-03
   4.8808454e-03
   4.8808181e-03
   4.8807890e-03
   4.8807583e-03
   4.8807258e-03
   4.8806917e-03
   4.8806559e-03
   4.8806184e-03
   4.8805793e-03
   4.8805385e-03
   4.8804960e-03
   4.8804520e-03
   4.8804064e-03
   4.8803591e-03
   4.8803103e-03
   4.8802599e-03
   4.8802080e-03
   4.8801545e-03
   4.8800996e-03
   4.8800431e-03
   4.8799851e-03
   4.8799257e-03
   4.8798649e-03
   4.8798026e-03
   4.8797389e-03
   4.8796738e-03
   4.8796073e-03
   4.8795396e-03
   4.8794704e-03
   4.8794000e-03
   4.8793283e-03
   4.8792553e-03
   4.8791811e-03
   4.8791057e-03
   4.8790290e-03
   4.8789513e-03
   4.8788723e-03
   4.8787923e-03
   4.8787111e-03
   4.8786289e-03
   4.8785456e-03
   4.8784613e-03
   4.8783760e-03
   4.8782898e-03
   4.8782026e-03
   4.8781145e-03
   4.8780255e-03
   4.8779356e-03
   4.8778449e-03
   4.8777534e-03
   4.8776611e-03
   4.8775681e-03
   4.8774744e-03
   4.8773799e-03
   4.8772848e-03
   4.8771891e-03
   4.8770928e-03
   4.8769959e-03
   4.8768984e-03
   4.8768005e-03
   4.8767020e-03
   4.8766031e-03
   4.8765038e-03
   4.8764041e-03
   4.8763040e-03
   4.8762036e-03
   4.8761029e-03
   4.8760019e-03
   4.8759007e-03
   4.8757993e-03
   4.8756977e-03
   4.8755960e-03
   4.8754941e-03
   4.8753922e-03
   4.8752902e-03
   4.8751882e-03
   4.8750862e-03
   4.8749842e-03
   4.8748824e-03
   4.8747806e-03
   4.8746790e-03
   4.8745775e-03
   4.8744762e-03
   4.8743752e-03
   4.8742744e-03
   4.8741740e-03
   4.8740738e-03
   4.8739740e-03
   4.8738746e-03
   4.8737756e-03
   4.8736770e-03
   4.8735789e-03
   4.8734813e-03
   4.8733843e-03
   4.8732878e-03
   4.8731919e-03
   4.8730966e-03
   4.8730020e-03
   4.8729081e-03
   4.8728148e-03
   4.8727223e-03
   4.8726306e-03
   4.8725397e-03
   4.8724496e-03
   4.8723603e-03
   4.8722719e-03
   4.8721844e-03
   4.8720979e-03
   4.8720123e-03
   4.8719277e-03
   4.8718441e-03
   4.8717615e-03
   4.8716800e-03
   4.8715995e-03
   4.8715202e-03
   4.8714420e-03
   4.8713650e-03
   4.8712891e-03
   4.8712144e-03
   4.8711410e-03
   4.8710688e-03
   4.8709978e-03
   4.8709282e-03
   4.8708599e-03
   4.8707929e-03
   4.8707272e-03
   4.8706629e-03
   4.8706000e-03
   4.8705385e-03
   4.8704785e-03
   4.8704199e-03
   4.8703627e-03
   4.8703070e-03
   4.8702529e-03
   4.8702002e-03
   4.8701491e-03
   4.8700995e-03
   4.8700514e-03
   4.8700050e-03
   4.8699601e-03
   4.8699168e-03
   4.8698752e-03
   4.8698351e-03
   4.8697967e-03
   4.8697600e-03
   4.8697249e-03
   4.8696915e-03
   4.8696597e-03
   4.8696297e-03
   4.8696013e-03
   4.8695747e-03
   4.8695497e-03
   4.8695265e-03
   4.8695050e-03
   4.8694853e-03
   4.8694672e-03
   4.8694510e-03
   4.8694365e-03
   4.8694237e-03
   4.8694127e-03
   4.8694034e-03
   4.8693959e-03
   4.8693902e-03
   4.8693863e-03
