   1.8594495e+03
   1.8594486e+03
   1.8594473e+03
   1.8594457e+03
   1.8594436e+03
   1.8594411e+03
   1.8594382e+03
   1.8594349e+03
   1.8594312e+03
   1.8594271e+03
   1.8594226e+03
   1.8594177e+03
   1.8594124e+03
   1.8594067e+03
   1.8594007e+03
   1.8593943e+03
   1.8593874e+03
   1.8593803e+03
   1.8593727e+03
   1.8593648e+03
   1.8593565e+03
   1.8593478e+03
   1.8593388e+03
   1.8593295e+03
   1.8593198e+03
   1.8593097e+03
   1.8592993e+03
   1.8592886e+03
   1.8592776e+03
   1.8592662e+03
   1.8592545e+03
   1.8592425e+03
   1.8592302e+03
   1.8592176e+03
   1.8592046e+03
   1.8591914e+03
   1.8591779e+03
   1.8591641e+03
   1.8591501e+03
   1.8591358e+03
   1.8591212e+03
   1.8591063e+03
   1.8590912e+03
   1.8590758e+03
   1.8590602e+03
   1.8590444e+03
   1.8590283e+03
   1.8590120e+03
   1.8589955e+03
   1.8589787e+03
   1.8589618e+03
   1.8589446e+03
   1.8589273e+03
   1.8589097e+03
   1.8588920e+03
   1.8588741e+03
   1.8588561e+03
   1.8588378e+03
   1.8588194e+03
   1.8588009e+03
   1.8587822e+03
   1.8587634e+03
   1.8587444e+03
   1.8587253e+03
   1.8587061e+03
   1.8586868e+03
   1.8586673e+03
   1.8586478e+03
   1.8586282e+03
   1.8586084e+03
   1.8585886e+03
   1.8585687e+03
   1.8585488e+03
   1.8585287e+03
   1.8585087e+03
   1.8584885e+03
   1.8584683e+03
   1.8584481e+03
   1.8584278e+03
   1.8584076e+03
   1.8583872e+03
   1.8583669e+03
   1.8583466e+03
   1.8583262e+03
   1.8583059e+03
   1.8582855e+03
   1.8582652e+03
   1.8582449e+03
   1.8582247e+03
   1.8582044e+03
   1.8581842e+03
   1.8581640e+03
   1.8581439e+03
   1.8581239e+03
   1.8581039e+03
   1.8580839e+03
   1.8580641e+03
   1.8580443e+03
   1.8580246e+03
   1.8580050e+03
   1.8579854e+03
   1.8579660e+03
   1.8579467e+03
   1.8579275e+03
   1.8579084e+03
   1.8578894e+03
   1.8578705e+03
   1.8578518e+03
   1.8578332e+03
   1.8578147e+03
   1.8577964e+03
   1.8577782e+03
   1.8577602e+03
   1.8577423e+03
   1.8577246e+03
   1.8577071e+03
   1.8576897e+03
   1.8576725e+03
   1.8576555e+03
   1.8576386e+03
   1.8576220e+03
   1.8576055e+03
   1.8575892e+03
   1.8575731e+03
   1.8575572e+03
   1.8575415e+03
   1.8575260e+03
   1.8575108e+03
   1.8574957e+03
   1.8574809e+03
   1.8574662e+03
   1.8574518e+03
   1.8574377e+03
   1.8574237e+03
   1.8574100e+03
   1.8573965e+03
   1.8573832e+03
   1.8573702e+03
   1.8573574e+03
   1.8573449e+03
   1.8573326e+03
   1.8573206e+03
   1.8573088e+03
   1.8572972e+03
   1.8572860e+03
   1.8572749e+03
   1.8572642e+03
   1.8572537e+03
   1.8572434e+03
   1.8572334e+03
   1.8572237e+03
   1.8572143e+03
   1.8572051e+03
   1.8571962e+03
   1.8571876e+03
   1.8571792e+03
   1.8571712e+03
   1.8571634e+03
   1.8571559e+03
   1.8571486e+03
   1.8571417e+03
   1.8571350e+03
   1.8571287e+03
   1.8571226e+03
   1.8571168e+03
   1.8571113e+03
   1.8571061e+03
   1.8571012e+03
   1.8570966e+03
   1.8570923e+03
   1.8570883e+03
   1.8570846e+03
   1.8570812e+03
   1.8570781e+03
   1.8570753e+03
   1.8570728e+03
   1.8570706e+03
   1.8570687e+03
   1.8570672e+03
   1.8570659e+03
   1.8570650e+03
   1.8570643e+03
   1.8570640e+03
   1.8570640e+03
   1.8570643e+03
   1.8570650e+03
   1.8570659e+03
   1.8570672e+03
   1.8570688e+03
   1.8570707e+03
   1.8570729e+03
   1.8570755e+03
   1.8570784e+03
   1.8570816e+03
   1.8570851e+03
   1.8570889e+03
   1.8570931e+03
   1.8570976e+03
   1.8571024e+03
   1.8571075e+03
   1.8571130e+03
   1.8571188e+03
   1.8571249e+03
   1.8571313e+03
   1.8571381e+03
   1.8571452e+03
   1.8571526e+03
   1.8571603e+03
   1.8571684e+03
   1.8571767e+03
   1.8571854e+03
   1.8571944e+03
   1.8572037e+03
   1.8572133e+03
   1.8572233e+03
   1.8572335e+03
   1.8572441e+03
   1.8572550e+03
   1.8572661e+03
   1.8572776e+03
   1.8572894e+03
   1.8573015e+03
   1.8573139e+03
   1.8573265e+03
   1.8573395e+03
   1.8573527e+03
   1.8573663e+03
   1.8573801e+03
   1.8573942e+03
   1.8574086e+03
   1.8574232e+03
   1.8574381e+03
   1.8574533e+03
   1.8574687e+03
   1.8574844e+03
   1.8575004e+03
   1.8575166e+03
   1.8575330e+03
   1.8575497e+03
   1.8575666e+03
   1.8575837e+03
   1.8576011e+03
   1.8576187e+03
   1.8576365e+03
   1.8576545e+03
   1.8576728e+03
   1.8576912e+03
   1.8577098e+03
   1.8577286e+03
   1.8577476e+03
   1.8577668e+03
   1.8577862e+03
   1.8578057e+03
   1.8578254e+03
   1.8578452e+03
   1.8578652e+03
   1.8578853e+03
   1.8579056e+03
   1.8579259e+03
   1.8579465e+03
   1.8579671e+03
   1.8579878e+03
   1.8580087e+03
   1.8580296e+03
   1.8580507e+03
   1.8580718e+03
   1.8580930e+03
   1.8581143e+03
   1.8581356e+03
   1.8581570e+03
   1.8581785e+03
   1.8582000e+03
   1.8582215e+03
   1.8582431e+03
   1.8582646e+03
   1.8582862e+03
   1.8583078e+03
   1.8583294e+03
   1.8583510e+03
   1.8583726e+03
   1.8583942e+03
   1.8584157e+03
   1.8584372e+03
   1.8584587e+03
   1.8584801e+03
   1.8585014e+03
   1.8585227e+03
   1.8585439e+03
   1.8585650e+03
   1.8585861e+03
   1.8586070e+03
   1.8586279e+03
   1.8586486e+03
   1.8586692e+03
   1.8586897e+03
   1.8587101e+03
   1.8587303e+03
   1.8587504e+03
   1.8587703e+03
   1.8587901e+03
   1.8588097e+03
   1.8588291e+03
   1.8588483e+03
   1.8588674e+03
   1.8588862e+03
   1.8589049e+03
   1.8589233e+03
   1.8589415e+03
   1.8589595e+03
   1.8589773e+03
   1.8589948e+03
   1.8590121e+03
   1.8590291e+03
   1.8590459e+03
   1.8590624e+03
   1.8590786e+03
   1.8590946e+03
   1.8591103e+03
   1.8591257e+03
   1.8591408e+03
   1.8591555e+03
   1.8591700e+03
   1.8591842e+03
   1.8591981e+03
   1.8592116e+03
   1.8592248e+03
   1.8592376e+03
   1.8592502e+03
   1.8592624e+03
   1.8592742e+03
   1.8592857e+03
   1.8592968e+03
   1.8593076e+03
   1.8593180e+03
   1.8593280e+03
   1.8593376e+03
   1.8593469e+03
   1.8593558e+03
   1.8593643e+03
   1.8593724e+03
   1.8593801e+03
   1.8593875e+03
   1.8593944e+03
   1.8594009e+03
   1.8594071e+03
   1.8594128e+03
   1.8594181e+03
   1.8594230e+03
   1.8594275e+03
   1.8594316e+03
   1.8594353e+03
   1.8594386e+03
   1.8594415e+03
   1.8594439e+03
   1.8594459e+03
   1.8594476e+03
   1.8594488e+03
   1.8594496e+03
   1.8594499e+03
   1.8594499e+03
   1.8594495e+03
