   6.0391852e-07
   6.0391831e-07
   6.0391829e-07
   6.0391844e-07
   6.0391878e-07
   6.0391929e-07
   6.0391998e-07
   6.0392085e-07
   6.0392190e-07
   6.0392312e-07
   6.0392452e-07
   6.0392610e-07
   6.0392786e-07
   6.0392979e-07
   6.0393189e-07
   6.0393417e-07
   6.0393663e-07
   6.0393925e-07
   6.0394205e-07
   6.0394502e-07
   6.0394816e-07
   6.0395148e-07
   6.0395495e-07
   6.0395860e-07
   6.0396242e-07
   6.0396639e-07
   6.0397054e-07
   6.0397484e-07
   6.0397931e-07
   6.0398394e-07
   6.0398872e-07
   6.0399367e-07
   6.0399876e-07
   6.0400402e-07
   6.0400942e-07
   6.0401498e-07
   6.0402069e-07
   6.0402654e-07
   6.0403254e-07
   6.0403869e-07
   6.0404498e-07
   6.0405141e-07
   6.0405797e-07
   6.0406467e-07
   6.0407151e-07
   6.0407848e-07
   6.0408558e-07
   6.0409281e-07
   6.0410017e-07
   6.0410765e-07
   6.0411525e-07
   6.0412297e-07
   6.0413081e-07
   6.0413876e-07
   6.0414682e-07
   6.0415500e-07
   6.0416328e-07
   6.0417167e-07
   6.0418016e-07
   6.0418875e-07
   6.0419744e-07
   6.0420622e-07
   6.0421510e-07
   6.0422406e-07
   6.0423311e-07
   6.0424225e-07
   6.0425147e-07
   6.0426076e-07
   6.0427013e-07
   6.0427958e-07
   6.0428909e-07
   6.0429868e-07
   6.0430832e-07
   6.0431803e-07
   6.0432780e-07
   6.0433762e-07
   6.0434750e-07
   6.0435743e-07
   6.0436740e-07
   6.0437742e-07
   6.0438747e-07
   6.0439757e-07
   6.0440770e-07
   6.0441786e-07
   6.0442805e-07
   6.0443827e-07
   6.0444851e-07
   6.0445877e-07
   6.0446904e-07
   6.0447933e-07
   6.0448963e-07
   6.0449993e-07
   6.0451024e-07
   6.0452055e-07
   6.0453086e-07
   6.0454116e-07
   6.0455146e-07
   6.0456174e-07
   6.0457201e-07
   6.0458226e-07
   6.0459248e-07
   6.0460269e-07
   6.0461287e-07
   6.0462301e-07
   6.0463313e-07
   6.0464320e-07
   6.0465324e-07
   6.0466323e-07
   6.0467318e-07
   6.0468308e-07
   6.0469293e-07
   6.0470273e-07
   6.0471246e-07
   6.0472214e-07
   6.0473175e-07
   6.0474130e-07
   6.0475077e-07
   6.0476018e-07
   6.0476950e-07
   6.0477875e-07
   6.0478792e-07
   6.0479701e-07
   6.0480601e-07
   6.0481492e-07
   6.0482373e-07
   6.0483246e-07
   6.0484108e-07
   6.0484961e-07
   6.0485803e-07
   6.0486635e-07
   6.0487456e-07
   6.0488265e-07
   6.0489064e-07
   6.0489851e-07
   6.0490626e-07
   6.0491389e-07
   6.0492140e-07
   6.0492879e-07
   6.0493605e-07
   6.0494317e-07
   6.0495017e-07
   6.0495703e-07
   6.0496376e-07
   6.0497035e-07
   6.0497680e-07
   6.0498310e-07
   6.0498926e-07
   6.0499528e-07
   6.0500115e-07
   6.0500686e-07
   6.0501243e-07
   6.0501784e-07
   6.0502310e-07
   6.0502820e-07
   6.0503315e-07
   6.0503793e-07
   6.0504255e-07
   6.0504701e-07
   6.0505131e-07
   6.0505544e-07
   6.0505940e-07
   6.0506320e-07
   6.0506682e-07
   6.0507028e-07
   6.0507356e-07
   6.0507668e-07
   6.0507961e-07
   6.0508238e-07
   6.0508497e-07
   6.0508738e-07
   6.0508961e-07
   6.0509167e-07
   6.0509355e-07
   6.0509525e-07
   6.0509677e-07
   6.0509811e-07
   6.0509927e-07
   6.0510025e-07
   6.0510105e-07
   6.0510167e-07
   6.0510211e-07
   6.0510236e-07
   6.0510243e-07
   6.0510232e-07
   6.0510203e-07
   6.0510156e-07
   6.0510090e-07
   6.0510007e-07
   6.0509905e-07
   6.0509785e-07
   6.0509647e-07
   6.0509491e-07
   6.0509317e-07
   6.0509125e-07
   6.0508915e-07
   6.0508688e-07
   6.0508443e-07
   6.0508180e-07
   6.0507899e-07
   6.0507601e-07
   6.0507286e-07
   6.0506953e-07
   6.0506603e-07
   6.0506236e-07
   6.0505853e-07
   6.0505452e-07
   6.0505034e-07
   6.0504600e-07
   6.0504149e-07
   6.0503682e-07
   6.0503199e-07
   6.0502700e-07
   6.0502185e-07
   6.0501654e-07
   6.0501108e-07
   6.0500546e-07
   6.0499969e-07
   6.0499377e-07
   6.0498770e-07
   6.0498148e-07
   6.0497512e-07
   6.0496862e-07
   6.0496198e-07
   6.0495519e-07
   6.0494827e-07
   6.0494122e-07
   6.0493403e-07
   6.0492672e-07
   6.0491927e-07
   6.0491170e-07
   6.0490401e-07
   6.0489620e-07
   6.0488826e-07
   6.0488022e-07
   6.0487205e-07
   6.0486378e-07
   6.0485540e-07
   6.0484691e-07
   6.0483833e-07
   6.0482964e-07
   6.0482085e-07
   6.0481196e-07
   6.0480299e-07
   6.0479393e-07
   6.0478477e-07
   6.0477554e-07
   6.0476622e-07
   6.0475683e-07
   6.0474736e-07
   6.0473782e-07
   6.0472821e-07
   6.0471853e-07
   6.0470879e-07
   6.0469899e-07
   6.0468913e-07
   6.0467922e-07
   6.0466926e-07
   6.0465925e-07
   6.0464919e-07
   6.0463909e-07
   6.0462895e-07
   6.0461878e-07
   6.0460857e-07
   6.0459834e-07
   6.0458808e-07
   6.0457779e-07
   6.0456749e-07
   6.0455717e-07
   6.0454683e-07
   6.0453649e-07
   6.0452614e-07
   6.0451578e-07
   6.0450542e-07
   6.0449507e-07
   6.0448472e-07
   6.0447438e-07
   6.0446405e-07
   6.0445373e-07
   6.0444344e-07
   6.0443316e-07
   6.0442291e-07
   6.0441269e-07
   6.0440249e-07
   6.0439234e-07
   6.0438221e-07
   6.0437213e-07
   6.0436209e-07
   6.0435210e-07
   6.0434216e-07
   6.0433226e-07
   6.0432243e-07
   6.0431265e-07
   6.0430293e-07
   6.0429328e-07
   6.0428369e-07
   6.0427418e-07
   6.0426474e-07
   6.0425537e-07
   6.0424608e-07
   6.0423687e-07
   6.0422775e-07
   6.0421871e-07
   6.0420976e-07
   6.0420091e-07
   6.0419215e-07
   6.0418349e-07
   6.0417492e-07
   6.0416646e-07
   6.0415811e-07
   6.0414986e-07
   6.0414173e-07
   6.0413370e-07
   6.0412580e-07
   6.0411801e-07
   6.0411034e-07
   6.0410279e-07
   6.0409536e-07
   6.0408807e-07
   6.0408090e-07
   6.0407386e-07
   6.0406696e-07
   6.0406019e-07
   6.0405356e-07
   6.0404706e-07
   6.0404071e-07
   6.0403450e-07
   6.0402844e-07
   6.0402252e-07
   6.0401675e-07
   6.0401114e-07
   6.0400567e-07
   6.0400035e-07
   6.0399520e-07
   6.0399019e-07
   6.0398535e-07
   6.0398067e-07
   6.0397614e-07
   6.0397178e-07
   6.0396758e-07
   6.0396355e-07
   6.0395968e-07
   6.0395598e-07
   6.0395245e-07
   6.0394908e-07
   6.0394589e-07
   6.0394287e-07
   6.0394001e-07
   6.0393734e-07
   6.0393483e-07
   6.0393250e-07
   6.0393035e-07
   6.0392837e-07
   6.0392656e-07
   6.0392493e-07
   6.0392348e-07
   6.0392221e-07
   6.0392111e-07
   6.0392020e-07
   6.0391946e-07
   6.0391890e-07
   6.0391852e-07
