   3.7419079e-01
   3.7419060e-01
   3.7419049e-01
   3.7419046e-01
   3.7419051e-01
   3.7419064e-01
   3.7419085e-01
   3.7419114e-01
   3.7419151e-01
   3.7419196e-01
   3.7419249e-01
   3.7419310e-01
   3.7419379e-01
   3.7419455e-01
   3.7419540e-01
   3.7419632e-01
   3.7419733e-01
   3.7419841e-01
   3.7419957e-01
   3.7420080e-01
   3.7420211e-01
   3.7420350e-01
   3.7420496e-01
   3.7420650e-01
   3.7420812e-01
   3.7420980e-01
   3.7421157e-01
   3.7421340e-01
   3.7421531e-01
   3.7421729e-01
   3.7421934e-01
   3.7422146e-01
   3.7422365e-01
   3.7422591e-01
   3.7422823e-01
   3.7423063e-01
   3.7423309e-01
   3.7423562e-01
   3.7423821e-01
   3.7424087e-01
   3.7424359e-01
   3.7424637e-01
   3.7424921e-01
   3.7425212e-01
   3.7425508e-01
   3.7425811e-01
   3.7426119e-01
   3.7426432e-01
   3.7426752e-01
   3.7427077e-01
   3.7427407e-01
   3.7427742e-01
   3.7428083e-01
   3.7428429e-01
   3.7428779e-01
   3.7429135e-01
   3.7429495e-01
   3.7429859e-01
   3.7430229e-01
   3.7430602e-01
   3.7430980e-01
   3.7431362e-01
   3.7431748e-01
   3.7432138e-01
   3.7432531e-01
   3.7432928e-01
   3.7433329e-01
   3.7433733e-01
   3.7434141e-01
   3.7434551e-01
   3.7434965e-01
   3.7435381e-01
   3.7435800e-01
   3.7436222e-01
   3.7436646e-01
   3.7437072e-01
   3.7437501e-01
   3.7437932e-01
   3.7438365e-01
   3.7438799e-01
   3.7439236e-01
   3.7439674e-01
   3.7440113e-01
   3.7440553e-01
   3.7440995e-01
   3.7441438e-01
   3.7441881e-01
   3.7442326e-01
   3.7442771e-01
   3.7443216e-01
   3.7443662e-01
   3.7444108e-01
   3.7444554e-01
   3.7445000e-01
   3.7445445e-01
   3.7445891e-01
   3.7446336e-01
   3.7446780e-01
   3.7447224e-01
   3.7447667e-01
   3.7448108e-01
   3.7448549e-01
   3.7448988e-01
   3.7449426e-01
   3.7449863e-01
   3.7450297e-01
   3.7450730e-01
   3.7451162e-01
   3.7451591e-01
   3.7452018e-01
   3.7452442e-01
   3.7452864e-01
   3.7453284e-01
   3.7453701e-01
   3.7454115e-01
   3.7454526e-01
   3.7454935e-01
   3.7455340e-01
   3.7455742e-01
   3.7456140e-01
   3.7456535e-01
   3.7456927e-01
   3.7457314e-01
   3.7457698e-01
   3.7458078e-01
   3.7458454e-01
   3.7458825e-01
   3.7459192e-01
   3.7459555e-01
   3.7459914e-01
   3.7460268e-01
   3.7460617e-01
   3.7460961e-01
   3.7461301e-01
   3.7461635e-01
   3.7461964e-01
   3.7462289e-01
   3.7462607e-01
   3.7462921e-01
   3.7463229e-01
   3.7463531e-01
   3.7463828e-01
   3.7464119e-01
   3.7464405e-01
   3.7464684e-01
   3.7464957e-01
   3.7465225e-01
   3.7465486e-01
   3.7465741e-01
   3.7465990e-01
   3.7466232e-01
   3.7466468e-01
   3.7466698e-01
   3.7466921e-01
   3.7467137e-01
   3.7467347e-01
   3.7467549e-01
   3.7467746e-01
   3.7467935e-01
   3.7468117e-01
   3.7468293e-01
   3.7468461e-01
   3.7468622e-01
   3.7468776e-01
   3.7468923e-01
   3.7469063e-01
   3.7469196e-01
   3.7469321e-01
   3.7469439e-01
   3.7469550e-01
   3.7469653e-01
   3.7469749e-01
   3.7469838e-01
   3.7469919e-01
   3.7469992e-01
   3.7470058e-01
   3.7470117e-01
   3.7470168e-01
   3.7470211e-01
   3.7470247e-01
   3.7470275e-01
   3.7470296e-01
   3.7470309e-01
   3.7470315e-01
   3.7470313e-01
   3.7470303e-01
   3.7470286e-01
   3.7470261e-01
   3.7470228e-01
   3.7470188e-01
   3.7470140e-01
   3.7470085e-01
   3.7470022e-01
   3.7469952e-01
   3.7469874e-01
   3.7469789e-01
   3.7469696e-01
   3.7469596e-01
   3.7469488e-01
   3.7469373e-01
   3.7469251e-01
   3.7469121e-01
   3.7468984e-01
   3.7468840e-01
   3.7468689e-01
   3.7468530e-01
   3.7468364e-01
   3.7468192e-01
   3.7468012e-01
   3.7467825e-01
   3.7467632e-01
   3.7467431e-01
   3.7467224e-01
   3.7467010e-01
   3.7466789e-01
   3.7466561e-01
   3.7466327e-01
   3.7466087e-01
   3.7465840e-01
   3.7465587e-01
   3.7465327e-01
   3.7465061e-01
   3.7464789e-01
   3.7464511e-01
   3.7464227e-01
   3.7463938e-01
   3.7463642e-01
   3.7463341e-01
   3.7463033e-01
   3.7462721e-01
   3.7462403e-01
   3.7462079e-01
   3.7461750e-01
   3.7461416e-01
   3.7461077e-01
   3.7460733e-01
   3.7460384e-01
   3.7460031e-01
   3.7459672e-01
   3.7459309e-01
   3.7458942e-01
   3.7458570e-01
   3.7458193e-01
   3.7457813e-01
   3.7457429e-01
   3.7457040e-01
   3.7456648e-01
   3.7456252e-01
   3.7455853e-01
   3.7455450e-01
   3.7455044e-01
   3.7454634e-01
   3.7454221e-01
   3.7453806e-01
   3.7453387e-01
   3.7452966e-01
   3.7452542e-01
   3.7452116e-01
   3.7451687e-01
   3.7451256e-01
   3.7450823e-01
   3.7450388e-01
   3.7449951e-01
   3.7449512e-01
   3.7449072e-01
   3.7448630e-01
   3.7448188e-01
   3.7447743e-01
   3.7447298e-01
   3.7446852e-01
   3.7446405e-01
   3.7445958e-01
   3.7445510e-01
   3.7445061e-01
   3.7444613e-01
   3.7444164e-01
   3.7443715e-01
   3.7443267e-01
   3.7442819e-01
   3.7442371e-01
   3.7441924e-01
   3.7441477e-01
   3.7441032e-01
   3.7440587e-01
   3.7440144e-01
   3.7439702e-01
   3.7439261e-01
   3.7438822e-01
   3.7438385e-01
   3.7437950e-01
   3.7437516e-01
   3.7437085e-01
   3.7436655e-01
   3.7436229e-01
   3.7435804e-01
   3.7435383e-01
   3.7434964e-01
   3.7434548e-01
   3.7434135e-01
   3.7433726e-01
   3.7433319e-01
   3.7432916e-01
   3.7432517e-01
   3.7432121e-01
   3.7431730e-01
   3.7431342e-01
   3.7430958e-01
   3.7430578e-01
   3.7430203e-01
   3.7429832e-01
   3.7429466e-01
   3.7429104e-01
   3.7428748e-01
   3.7428396e-01
   3.7428049e-01
   3.7427707e-01
   3.7427370e-01
   3.7427039e-01
   3.7426714e-01
   3.7426393e-01
   3.7426079e-01
   3.7425770e-01
   3.7425467e-01
   3.7425170e-01
   3.7424880e-01
   3.7424595e-01
   3.7424316e-01
   3.7424044e-01
   3.7423779e-01
   3.7423519e-01
   3.7423267e-01
   3.7423021e-01
   3.7422782e-01
   3.7422550e-01
   3.7422324e-01
   3.7422106e-01
   3.7421894e-01
   3.7421690e-01
   3.7421493e-01
   3.7421303e-01
   3.7421121e-01
   3.7420946e-01
   3.7420778e-01
   3.7420618e-01
   3.7420465e-01
   3.7420320e-01
   3.7420183e-01
   3.7420053e-01
   3.7419931e-01
   3.7419816e-01
   3.7419710e-01
   3.7419611e-01
   3.7419520e-01
   3.7419437e-01
   3.7419362e-01
   3.7419295e-01
   3.7419236e-01
   3.7419185e-01
   3.7419142e-01
   3.7419107e-01
   3.7419079e-01
