   7.1076284e+02
   7.1076193e+02
   7.1076000e+02
   7.1075706e+02
   7.1075310e+02
   7.1074812e+02
   7.1074213e+02
   7.1073513e+02
   7.1072711e+02
   7.1071810e+02
   7.1070807e+02
   7.1069705e+02
   7.1068503e+02
   7.1067202e+02
   7.1065801e+02
   7.1064303e+02
   7.1062706e+02
   7.1061012e+02
   7.1059220e+02
   7.1057333e+02
   7.1055349e+02
   7.1053270e+02
   7.1051097e+02
   7.1048829e+02
   7.1046468e+02
   7.1044015e+02
   7.1041470e+02
   7.1038833e+02
   7.1036107e+02
   7.1033291e+02
   7.1030386e+02
   7.1027394e+02
   7.1024315e+02
   7.1021150e+02
   7.1017900e+02
   7.1014566e+02
   7.1011149e+02
   7.1007650e+02
   7.1004070e+02
   7.1000410e+02
   7.0996671e+02
   7.0992854e+02
   7.0988961e+02
   7.0984993e+02
   7.0980950e+02
   7.0976835e+02
   7.0972647e+02
   7.0968389e+02
   7.0964062e+02
   7.0959666e+02
   7.0955204e+02
   7.0950677e+02
   7.0946085e+02
   7.0941431e+02
   7.0936715e+02
   7.0931939e+02
   7.0927105e+02
   7.0922214e+02
   7.0917267e+02
   7.0912266e+02
   7.0907213e+02
   7.0902108e+02
   7.0896953e+02
   7.0891750e+02
   7.0886501e+02
   7.0881207e+02
   7.0875869e+02
   7.0870489e+02
   7.0865069e+02
   7.0859611e+02
   7.0854115e+02
   7.0848584e+02
   7.0843019e+02
   7.0837422e+02
   7.0831795e+02
   7.0826139e+02
   7.0820456e+02
   7.0814748e+02
   7.0809016e+02
   7.0803262e+02
   7.0797488e+02
   7.0791696e+02
   7.0785887e+02
   7.0780063e+02
   7.0774225e+02
   7.0768377e+02
   7.0762519e+02
   7.0756652e+02
   7.0750780e+02
   7.0744904e+02
   7.0739024e+02
   7.0733145e+02
   7.0727266e+02
   7.0721390e+02
   7.0715518e+02
   7.0709653e+02
   7.0703796e+02
   7.0697949e+02
   7.0692113e+02
   7.0686291e+02
   7.0680485e+02
   7.0674695e+02
   7.0668924e+02
   7.0663174e+02
   7.0657446e+02
   7.0651742e+02
   7.0646064e+02
   7.0640413e+02
   7.0634791e+02
   7.0629201e+02
   7.0623643e+02
   7.0618120e+02
   7.0612633e+02
   7.0607183e+02
   7.0601773e+02
   7.0596404e+02
   7.0591078e+02
   7.0585796e+02
   7.0580560e+02
   7.0575371e+02
   7.0570232e+02
   7.0565144e+02
   7.0560108e+02
   7.0555126e+02
   7.0550199e+02
   7.0545329e+02
   7.0540517e+02
   7.0535766e+02
   7.0531075e+02
   7.0526448e+02
   7.0521884e+02
   7.0517387e+02
   7.0512956e+02
   7.0508594e+02
   7.0504301e+02
   7.0500079e+02
   7.0495930e+02
   7.0491854e+02
   7.0487853e+02
   7.0483928e+02
   7.0480081e+02
   7.0476312e+02
   7.0472622e+02
   7.0469014e+02
   7.0465487e+02
   7.0462043e+02
   7.0458683e+02
   7.0455408e+02
   7.0452220e+02
   7.0449118e+02
   7.0446104e+02
   7.0443180e+02
   7.0440345e+02
   7.0437601e+02
   7.0434949e+02
   7.0432389e+02
   7.0429922e+02
   7.0427550e+02
   7.0425272e+02
   7.0423089e+02
   7.0421003e+02
   7.0419014e+02
   7.0417122e+02
   7.0415328e+02
   7.0413632e+02
   7.0412036e+02
   7.0410540e+02
   7.0409143e+02
   7.0407848e+02
   7.0406653e+02
   7.0405559e+02
   7.0404568e+02
   7.0403678e+02
   7.0402891e+02
   7.0402207e+02
   7.0401626e+02
   7.0401147e+02
   7.0400772e+02
   7.0400501e+02
   7.0400332e+02
   7.0400268e+02
   7.0400307e+02
   7.0400450e+02
   7.0400697e+02
   7.0401047e+02
   7.0401501e+02
   7.0402059e+02
   7.0402719e+02
   7.0403483e+02
   7.0404350e+02
   7.0405319e+02
   7.0406391e+02
   7.0407566e+02
   7.0408842e+02
   7.0410219e+02
   7.0411697e+02
   7.0413276e+02
   7.0414956e+02
   7.0416735e+02
   7.0418613e+02
   7.0420589e+02
   7.0422664e+02
   7.0424836e+02
   7.0427105e+02
   7.0429470e+02
   7.0431931e+02
   7.0434486e+02
   7.0437134e+02
   7.0439876e+02
   7.0442711e+02
   7.0445636e+02
   7.0448652e+02
   7.0451758e+02
   7.0454952e+02
   7.0458234e+02
   7.0461602e+02
   7.0465056e+02
   7.0468595e+02
   7.0472217e+02
   7.0475921e+02
   7.0479707e+02
   7.0483573e+02
   7.0487517e+02
   7.0491539e+02
   7.0495637e+02
   7.0499811e+02
   7.0504058e+02
   7.0508378e+02
   7.0512769e+02
   7.0517229e+02
   7.0521758e+02
   7.0526354e+02
   7.0531015e+02
   7.0535740e+02
   7.0540528e+02
   7.0545377e+02
   7.0550286e+02
   7.0555252e+02
   7.0560275e+02
   7.0565353e+02
   7.0570484e+02
   7.0575667e+02
   7.0580900e+02
   7.0586181e+02
   7.0591509e+02
   7.0596882e+02
   7.0602299e+02
   7.0607757e+02
   7.0613255e+02
   7.0618792e+02
   7.0624365e+02
   7.0629973e+02
   7.0635614e+02
   7.0641286e+02
   7.0646987e+02
   7.0652717e+02
   7.0658472e+02
   7.0664252e+02
   7.0670054e+02
   7.0675876e+02
   7.0681717e+02
   7.0687575e+02
   7.0693448e+02
   7.0699335e+02
   7.0705232e+02
   7.0711140e+02
   7.0717055e+02
   7.0722976e+02
   7.0728901e+02
   7.0734828e+02
   7.0740756e+02
   7.0746683e+02
   7.0752606e+02
   7.0758524e+02
   7.0764435e+02
   7.0770337e+02
   7.0776229e+02
   7.0782109e+02
   7.0787975e+02
   7.0793824e+02
   7.0799656e+02
   7.0805468e+02
   7.0811259e+02
   7.0817027e+02
   7.0822770e+02
   7.0828487e+02
   7.0834175e+02
   7.0839833e+02
   7.0845459e+02
   7.0851052e+02
   7.0856610e+02
   7.0862130e+02
   7.0867612e+02
   7.0873054e+02
   7.0878454e+02
   7.0883811e+02
   7.0889122e+02
   7.0894387e+02
   7.0899603e+02
   7.0904770e+02
   7.0909885e+02
   7.0914947e+02
   7.0919954e+02
   7.0924906e+02
   7.0929800e+02
   7.0934635e+02
   7.0939409e+02
   7.0944122e+02
   7.0948771e+02
   7.0953356e+02
   7.0957875e+02
   7.0962326e+02
   7.0966708e+02
   7.0971021e+02
   7.0975262e+02
   7.0979430e+02
   7.0983525e+02
   7.0987545e+02
   7.0991488e+02
   7.0995354e+02
   7.0999141e+02
   7.1002849e+02
   7.1006476e+02
   7.1010021e+02
   7.1013483e+02
   7.1016861e+02
   7.1020154e+02
   7.1023361e+02
   7.1026482e+02
   7.1029514e+02
   7.1032458e+02
   7.1035313e+02
   7.1038077e+02
   7.1040749e+02
   7.1043330e+02
   7.1045819e+02
   7.1048213e+02
   7.1050514e+02
   7.1052720e+02
   7.1054830e+02
   7.1056844e+02
   7.1058762e+02
   7.1060582e+02
   7.1062305e+02
   7.1063930e+02
   7.1065456e+02
   7.1066883e+02
   7.1068210e+02
   7.1069437e+02
   7.1070565e+02
   7.1071591e+02
   7.1072517e+02
   7.1073342e+02
   7.1074066e+02
   7.1074688e+02
   7.1075209e+02
   7.1075627e+02
   7.1075944e+02
   7.1076159e+02
   7.1076273e+02
   7.1076284e+02
