   4.2466033e+02
   4.2465976e+02
   4.2465859e+02
   4.2465682e+02
   4.2465444e+02
   4.2465147e+02
   4.2464791e+02
   4.2464374e+02
   4.2463898e+02
   4.2463363e+02
   4.2462768e+02
   4.2462114e+02
   4.2461402e+02
   4.2460630e+02
   4.2459801e+02
   4.2458913e+02
   4.2457967e+02
   4.2456964e+02
   4.2455903e+02
   4.2454785e+02
   4.2453611e+02
   4.2452380e+02
   4.2451093e+02
   4.2449751e+02
   4.2448353e+02
   4.2446901e+02
   4.2445394e+02
   4.2443833e+02
   4.2442219e+02
   4.2440551e+02
   4.2438831e+02
   4.2437059e+02
   4.2435236e+02
   4.2433361e+02
   4.2431436e+02
   4.2429461e+02
   4.2427437e+02
   4.2425363e+02
   4.2423242e+02
   4.2421073e+02
   4.2418857e+02
   4.2416595e+02
   4.2414286e+02
   4.2411933e+02
   4.2409536e+02
   4.2407095e+02
   4.2404611e+02
   4.2402084e+02
   4.2399516e+02
   4.2396908e+02
   4.2394259e+02
   4.2391571e+02
   4.2388844e+02
   4.2386080e+02
   4.2383279e+02
   4.2380441e+02
   4.2377569e+02
   4.2374662e+02
   4.2371721e+02
   4.2368747e+02
   4.2365742e+02
   4.2362705e+02
   4.2359639e+02
   4.2356543e+02
   4.2353419e+02
   4.2350267e+02
   4.2347089e+02
   4.2343885e+02
   4.2340656e+02
   4.2337404e+02
   4.2334129e+02
   4.2330832e+02
   4.2327514e+02
   4.2324177e+02
   4.2320821e+02
   4.2317446e+02
   4.2314055e+02
   4.2310648e+02
   4.2307227e+02
   4.2303791e+02
   4.2300343e+02
   4.2296882e+02
   4.2293411e+02
   4.2289931e+02
   4.2286442e+02
   4.2282945e+02
   4.2279441e+02
   4.2275932e+02
   4.2272419e+02
   4.2268902e+02
   4.2265383e+02
   4.2261863e+02
   4.2258342e+02
   4.2254823e+02
   4.2251305e+02
   4.2247791e+02
   4.2244280e+02
   4.2240775e+02
   4.2237276e+02
   4.2233784e+02
   4.2230301e+02
   4.2226827e+02
   4.2223364e+02
   4.2219912e+02
   4.2216473e+02
   4.2213048e+02
   4.2209638e+02
   4.2206243e+02
   4.2202865e+02
   4.2199505e+02
   4.2196165e+02
   4.2192844e+02
   4.2189544e+02
   4.2186267e+02
   4.2183012e+02
   4.2179782e+02
   4.2176576e+02
   4.2173397e+02
   4.2170245e+02
   4.2167121e+02
   4.2164026e+02
   4.2160961e+02
   4.2157927e+02
   4.2154925e+02
   4.2151956e+02
   4.2149021e+02
   4.2146121e+02
   4.2143256e+02
   4.2140428e+02
   4.2137637e+02
   4.2134884e+02
   4.2132171e+02
   4.2129498e+02
   4.2126866e+02
   4.2124275e+02
   4.2121727e+02
   4.2119222e+02
   4.2116762e+02
   4.2114346e+02
   4.2111976e+02
   4.2109653e+02
   4.2107376e+02
   4.2105148e+02
   4.2102968e+02
   4.2100837e+02
   4.2098757e+02
   4.2096727e+02
   4.2094748e+02
   4.2092821e+02
   4.2090947e+02
   4.2089126e+02
   4.2087359e+02
   4.2085645e+02
   4.2083987e+02
   4.2082384e+02
   4.2080837e+02
   4.2079346e+02
   4.2077913e+02
   4.2076536e+02
   4.2075217e+02
   4.2073957e+02
   4.2072755e+02
   4.2071612e+02
   4.2070528e+02
   4.2069504e+02
   4.2068540e+02
   4.2067637e+02
   4.2066794e+02
   4.2066013e+02
   4.2065292e+02
   4.2064633e+02
   4.2064036e+02
   4.2063500e+02
   4.2063027e+02
   4.2062616e+02
   4.2062267e+02
   4.2061981e+02
   4.2061757e+02
   4.2061597e+02
   4.2061499e+02
   4.2061464e+02
   4.2061491e+02
   4.2061582e+02
   4.2061736e+02
   4.2061952e+02
   4.2062231e+02
   4.2062573e+02
   4.2062978e+02
   4.2063445e+02
   4.2063974e+02
   4.2064566e+02
   4.2065220e+02
   4.2065935e+02
   4.2066713e+02
   4.2067551e+02
   4.2068451e+02
   4.2069412e+02
   4.2070434e+02
   4.2071516e+02
   4.2072658e+02
   4.2073859e+02
   4.2075120e+02
   4.2076440e+02
   4.2077818e+02
   4.2079254e+02
   4.2080748e+02
   4.2082299e+02
   4.2083906e+02
   4.2085570e+02
   4.2087290e+02
   4.2089064e+02
   4.2090893e+02
   4.2092776e+02
   4.2094713e+02
   4.2096702e+02
   4.2098743e+02
   4.2100836e+02
   4.2102980e+02
   4.2105173e+02
   4.2107417e+02
   4.2109708e+02
   4.2112048e+02
   4.2114435e+02
   4.2116869e+02
   4.2119349e+02
   4.2121873e+02
   4.2124441e+02
   4.2127053e+02
   4.2129707e+02
   4.2132403e+02
   4.2135139e+02
   4.2137916e+02
   4.2140731e+02
   4.2143585e+02
   4.2146475e+02
   4.2149402e+02
   4.2152364e+02
   4.2155361e+02
   4.2158391e+02
   4.2161453e+02
   4.2164547e+02
   4.2167672e+02
   4.2170825e+02
   4.2174008e+02
   4.2177217e+02
   4.2180454e+02
   4.2183715e+02
   4.2187001e+02
   4.2190310e+02
   4.2193642e+02
   4.2196994e+02
   4.2200367e+02
   4.2203759e+02
   4.2207169e+02
   4.2210596e+02
   4.2214038e+02
   4.2217496e+02
   4.2220966e+02
   4.2224450e+02
   4.2227945e+02
   4.2231450e+02
   4.2234965e+02
   4.2238488e+02
   4.2242018e+02
   4.2245553e+02
   4.2249094e+02
   4.2252638e+02
   4.2256185e+02
   4.2259734e+02
   4.2263283e+02
   4.2266831e+02
   4.2270378e+02
   4.2273922e+02
   4.2277462e+02
   4.2280996e+02
   4.2284525e+02
   4.2288046e+02
   4.2291560e+02
   4.2295063e+02
   4.2298557e+02
   4.2302039e+02
   4.2305508e+02
   4.2308964e+02
   4.2312405e+02
   4.2315830e+02
   4.2319239e+02
   4.2322629e+02
   4.2326001e+02
   4.2329354e+02
   4.2332685e+02
   4.2335995e+02
   4.2339282e+02
   4.2342545e+02
   4.2345783e+02
   4.2348995e+02
   4.2352181e+02
   4.2355339e+02
   4.2358469e+02
   4.2361569e+02
   4.2364639e+02
   4.2367677e+02
   4.2370684e+02
   4.2373657e+02
   4.2376596e+02
   4.2379500e+02
   4.2382369e+02
   4.2385201e+02
   4.2387995e+02
   4.2390752e+02
   4.2393469e+02
   4.2396147e+02
   4.2398785e+02
   4.2401380e+02
   4.2403934e+02
   4.2406445e+02
   4.2408913e+02
   4.2411336e+02
   4.2413715e+02
   4.2416047e+02
   4.2418334e+02
   4.2420573e+02
   4.2422765e+02
   4.2424909e+02
   4.2427004e+02
   4.2429049e+02
   4.2431045e+02
   4.2432990e+02
   4.2434883e+02
   4.2436725e+02
   4.2438515e+02
   4.2440252e+02
   4.2441937e+02
   4.2443567e+02
   4.2445143e+02
   4.2446665e+02
   4.2448132e+02
   4.2449543e+02
   4.2450899e+02
   4.2452198e+02
   4.2453441e+02
   4.2454627e+02
   4.2455756e+02
   4.2456828e+02
   4.2457841e+02
   4.2458797e+02
   4.2459694e+02
   4.2460533e+02
   4.2461313e+02
   4.2462034e+02
   4.2462696e+02
   4.2463298e+02
   4.2463841e+02
   4.2464325e+02
   4.2464748e+02
   4.2465112e+02
   4.2465415e+02
   4.2465659e+02
   4.2465843e+02
   4.2465966e+02
   4.2466029e+02
   4.2466033e+02
