   5.7101438e+02
   5.7101395e+02
   5.7101301e+02
   5.7101158e+02
   5.7100965e+02
   5.7100722e+02
   5.7100430e+02
   5.7100088e+02
   5.7099696e+02
   5.7099255e+02
   5.7098765e+02
   5.7098226e+02
   5.7097639e+02
   5.7097002e+02
   5.7096318e+02
   5.7095585e+02
   5.7094804e+02
   5.7093975e+02
   5.7093099e+02
   5.7092176e+02
   5.7091205e+02
   5.7090189e+02
   5.7089126e+02
   5.7088017e+02
   5.7086862e+02
   5.7085663e+02
   5.7084418e+02
   5.7083129e+02
   5.7081797e+02
   5.7080420e+02
   5.7079000e+02
   5.7077538e+02
   5.7076033e+02
   5.7074487e+02
   5.7072899e+02
   5.7071270e+02
   5.7069601e+02
   5.7067892e+02
   5.7066144e+02
   5.7064357e+02
   5.7062532e+02
   5.7060669e+02
   5.7058770e+02
   5.7056833e+02
   5.7054861e+02
   5.7052853e+02
   5.7050811e+02
   5.7048735e+02
   5.7046625e+02
   5.7044483e+02
   5.7042308e+02
   5.7040102e+02
   5.7037865e+02
   5.7035598e+02
   5.7033302e+02
   5.7030977e+02
   5.7028624e+02
   5.7026244e+02
   5.7023837e+02
   5.7021404e+02
   5.7018946e+02
   5.7016464e+02
   5.7013958e+02
   5.7011430e+02
   5.7008879e+02
   5.7006307e+02
   5.7003715e+02
   5.7001102e+02
   5.6998471e+02
   5.6995822e+02
   5.6993155e+02
   5.6990472e+02
   5.6987773e+02
   5.6985060e+02
   5.6982332e+02
   5.6979591e+02
   5.6976837e+02
   5.6974072e+02
   5.6971296e+02
   5.6968510e+02
   5.6965716e+02
   5.6962913e+02
   5.6960102e+02
   5.6957285e+02
   5.6954462e+02
   5.6951635e+02
   5.6948804e+02
   5.6945969e+02
   5.6943132e+02
   5.6940294e+02
   5.6937455e+02
   5.6934617e+02
   5.6931780e+02
   5.6928945e+02
   5.6926112e+02
   5.6923284e+02
   5.6920460e+02
   5.6917641e+02
   5.6914829e+02
   5.6912024e+02
   5.6909227e+02
   5.6906439e+02
   5.6903660e+02
   5.6900892e+02
   5.6898136e+02
   5.6895391e+02
   5.6892660e+02
   5.6889943e+02
   5.6887240e+02
   5.6884552e+02
   5.6881881e+02
   5.6879227e+02
   5.6876591e+02
   5.6873974e+02
   5.6871376e+02
   5.6868798e+02
   5.6866241e+02
   5.6863706e+02
   5.6861194e+02
   5.6858705e+02
   5.6856240e+02
   5.6853800e+02
   5.6851385e+02
   5.6848997e+02
   5.6846636e+02
   5.6844302e+02
   5.6841997e+02
   5.6839721e+02
   5.6837474e+02
   5.6835258e+02
   5.6833074e+02
   5.6830921e+02
   5.6828800e+02
   5.6826712e+02
   5.6824658e+02
   5.6822639e+02
   5.6820654e+02
   5.6818705e+02
   5.6816791e+02
   5.6814915e+02
   5.6813076e+02
   5.6811274e+02
   5.6809511e+02
   5.6807786e+02
   5.6806101e+02
   5.6804456e+02
   5.6802851e+02
   5.6801287e+02
   5.6799764e+02
   5.6798283e+02
   5.6796844e+02
   5.6795448e+02
   5.6794095e+02
   5.6792785e+02
   5.6791520e+02
   5.6790298e+02
   5.6789121e+02
   5.6787989e+02
   5.6786903e+02
   5.6785862e+02
   5.6784867e+02
   5.6783918e+02
   5.6783016e+02
   5.6782160e+02
   5.6781352e+02
   5.6780591e+02
   5.6779878e+02
   5.6779212e+02
   5.6778595e+02
   5.6778025e+02
   5.6777504e+02
   5.6777032e+02
   5.6776608e+02
   5.6776234e+02
   5.6775908e+02
   5.6775631e+02
   5.6775404e+02
   5.6775225e+02
   5.6775096e+02
   5.6775017e+02
   5.6774986e+02
   5.6775006e+02
   5.6775074e+02
   5.6775192e+02
   5.6775360e+02
   5.6775577e+02
   5.6775843e+02
   5.6776158e+02
   5.6776523e+02
   5.6776937e+02
   5.6777399e+02
   5.6777911e+02
   5.6778471e+02
   5.6779080e+02
   5.6779737e+02
   5.6780442e+02
   5.6781196e+02
   5.6781997e+02
   5.6782845e+02
   5.6783741e+02
   5.6784685e+02
   5.6785675e+02
   5.6786711e+02
   5.6787794e+02
   5.6788922e+02
   5.6790096e+02
   5.6791316e+02
   5.6792580e+02
   5.6793888e+02
   5.6795241e+02
   5.6796638e+02
   5.6798078e+02
   5.6799560e+02
   5.6801086e+02
   5.6802653e+02
   5.6804262e+02
   5.6805911e+02
   5.6807602e+02
   5.6809332e+02
   5.6811102e+02
   5.6812911e+02
   5.6814758e+02
   5.6816643e+02
   5.6818566e+02
   5.6820525e+02
   5.6822521e+02
   5.6824552e+02
   5.6826618e+02
   5.6828718e+02
   5.6830852e+02
   5.6833019e+02
   5.6835219e+02
   5.6837450e+02
   5.6839712e+02
   5.6842005e+02
   5.6844327e+02
   5.6846678e+02
   5.6849057e+02
   5.6851464e+02
   5.6853898e+02
   5.6856357e+02
   5.6858842e+02
   5.6861352e+02
   5.6863885e+02
   5.6866441e+02
   5.6869019e+02
   5.6871618e+02
   5.6874238e+02
   5.6876878e+02
   5.6879537e+02
   5.6882214e+02
   5.6884908e+02
   5.6887619e+02
   5.6890345e+02
   5.6893087e+02
   5.6895842e+02
   5.6898610e+02
   5.6901391e+02
   5.6904183e+02
   5.6906985e+02
   5.6909797e+02
   5.6912618e+02
   5.6915447e+02
   5.6918283e+02
   5.6921126e+02
   5.6923973e+02
   5.6926825e+02
   5.6929681e+02
   5.6932539e+02
   5.6935399e+02
   5.6938260e+02
   5.6941121e+02
   5.6943981e+02
   5.6946840e+02
   5.6949695e+02
   5.6952548e+02
   5.6955396e+02
   5.6958238e+02
   5.6961075e+02
   5.6963905e+02
   5.6966726e+02
   5.6969539e+02
   5.6972343e+02
   5.6975136e+02
   5.6977917e+02
   5.6980687e+02
   5.6983443e+02
   5.6986185e+02
   5.6988913e+02
   5.6991625e+02
   5.6994321e+02
   5.6997000e+02
   5.6999660e+02
   5.7002302e+02
   5.7004923e+02
   5.7007525e+02
   5.7010105e+02
   5.7012663e+02
   5.7015198e+02
   5.7017709e+02
   5.7020196e+02
   5.7022658e+02
   5.7025094e+02
   5.7027503e+02
   5.7029884e+02
   5.7032238e+02
   5.7034562e+02
   5.7036857e+02
   5.7039122e+02
   5.7041355e+02
   5.7043557e+02
   5.7045726e+02
   5.7047863e+02
   5.7049965e+02
   5.7052033e+02
   5.7054067e+02
   5.7056064e+02
   5.7058025e+02
   5.7059950e+02
   5.7061837e+02
   5.7063686e+02
   5.7065497e+02
   5.7067268e+02
   5.7068999e+02
   5.7070691e+02
   5.7072342e+02
   5.7073951e+02
   5.7075519e+02
   5.7077044e+02
   5.7078527e+02
   5.7079967e+02
   5.7081363e+02
   5.7082715e+02
   5.7084023e+02
   5.7085286e+02
   5.7086503e+02
   5.7087676e+02
   5.7088802e+02
   5.7089882e+02
   5.7090915e+02
   5.7091902e+02
   5.7092841e+02
   5.7093733e+02
   5.7094577e+02
   5.7095373e+02
   5.7096121e+02
   5.7096821e+02
   5.7097472e+02
   5.7098074e+02
   5.7098627e+02
   5.7099130e+02
   5.7099585e+02
   5.7099990e+02
   5.7100345e+02
   5.7100651e+02
   5.7100907e+02
   5.7101113e+02
   5.7101269e+02
   5.7101375e+02
   5.7101432e+02
   5.7101438e+02
