2.530284006336148472e+00
2.530280746592145302e+00
2.530277174920526395e+00
2.530273290918825690e+00
2.530269094149302234e+00
2.530264584138811834e+00
2.530259760378702261e+00
2.530254622324668023e+00
2.530249169396618480e+00
2.530243400978529067e+00
2.530237316418284088e+00
2.530230915027507965e+00
2.530224196081396038e+00
2.530217158818520939e+00
2.530209802440652744e+00
2.530202126112545802e+00
2.530194128961735789e+00
2.530185810077385966e+00
2.530177168513549901e+00
2.530168203284004491e+00
2.530158913365106788e+00
2.530149297694809452e+00
2.530139355172400073e+00
2.530129084658221394e+00
2.530118484973391979e+00
2.530107554899521105e+00
2.530096293178409006e+00
2.530084698511740893e+00
2.530072769560770762e+00
2.530060504946001654e+00
2.530047903246850360e+00
2.530034963001310810e+00
2.530021682705601904e+00
2.530008060813813131e+00
2.529994095737543969e+00
2.529979785845520635e+00
2.529965129463229712e+00
2.529950124872515804e+00
2.529934770311193404e+00
2.529919063972639659e+00
2.529903004005383593e+00
2.529886588512685108e+00
2.529869815552104662e+00
2.529852683135079161e+00
2.529835189226469438e+00
2.529817331744114384e+00
2.529799108558377974e+00
2.529780517491682978e+00
2.529761556318042892e+00
2.529742222762586756e+00
2.529722514501072439e+00
2.529702429159401689e+00
2.529681964313125420e+00
2.529661117486936561e+00
2.529639886154172679e+00
2.529618267736291948e+00
2.529596259602368669e+00
2.529573859068556363e+00
2.529551063397572630e+00
2.529527869798159134e+00
2.529504275424545590e+00
2.529480277375908415e+00
2.529455872695830720e+00
2.529431058371742758e+00
2.529405831334381460e+00
2.529380188457226897e+00
2.529354126555946713e+00
2.529327642387838804e+00
2.529300732651260653e+00
2.529273393985073337e+00
2.529245622968071316e+00
2.529217416118413109e+00
2.529188769893059519e+00
2.529159680687200762e+00
2.529130144833687588e+00
2.529100158602469506e+00
2.529069718200025019e+00
2.529038819768792301e+00
2.529007459386614087e+00
2.528975633066168349e+00
2.528943336754420290e+00
2.528910566332054355e+00
2.528877317612935105e+00
2.528843586343555661e+00
2.528809368202494134e+00
2.528774658799881170e+00
2.528739453676867921e+00
2.528703748305102472e+00
2.528667538086216027e+00
2.528630818351308651e+00
2.528593584360455004e+00
2.528555831302214063e+00
2.528517554293142400e+00
2.528478748377330110e+00
2.528439408525938514e+00
2.528399529636751186e+00
2.528359106533742295e+00
2.528318133966655612e+00
2.528276606610594168e+00
2.528234519065629904e+00
2.528191865856425302e+00
2.528148641431874122e+00
2.528104840164759004e+00
2.528060456351420182e+00
2.528015484211459718e+00
2.527969917908761577e+00
2.527923751467846980e+00
2.527876978896026472e+00
2.527829594103266242e+00
2.527781590921568622e+00
2.527732963104791342e+00
2.527683704328498315e+00
2.527633808189828191e+00
2.527583268207396650e+00
2.527532077821227574e+00
2.527480230392697091e+00
2.527427719204529577e+00
2.527374537460803428e+00
2.527320678286995026e+00
2.527266134730061342e+00
2.527210899758536300e+00
2.527154966262682656e+00
2.527098327054659421e+00
2.527040974868732359e+00
2.526982902361519123e+00
2.526924102112275694e+00
2.526864566623200581e+00
2.526804288319803415e+00
2.526743259551294862e+00
2.526681472591015165e+00
2.526618919636913319e+00
2.526555592812056439e+00
2.526491484165180434e+00
2.526426585671292635e+00
2.526360889232309059e+00
2.526294386677724990e+00
2.526227069765347721e+00
2.526158930182354823e+00
2.526089959549425945e+00
2.526020149410431070e+00
2.525949491244567913e+00
2.525877976463620556e+00
2.525805596412951104e+00
2.525732342372531303e+00
2.525658205510187937e+00
2.525583177064159024e+00
2.525507248085939072e+00
2.525430409605099236e+00
2.525352652591661418e+00
2.525273967957399002e+00
2.525194346557193104e+00
2.525113779190417684e+00
2.525032256602381509e+00
2.524949769485802076e+00
2.524866308482330624e+00
2.524781864184117541e+00
2.524696427135417753e+00
2.524609987834230740e+00
2.524522536733999178e+00
2.524434064245318687e+00
2.524344560737712850e+00
2.524254016541428669e+00
2.524162421949270652e+00
2.524069767218475313e+00
2.523976042572608769e+00
2.523881238203508737e+00
2.523785344273241638e+00
2.523688350916110767e+00
2.523590248240668465e+00
2.523491026331767362e+00
2.523390675252635162e+00
2.523289185046968974e+00
2.523186545741049613e+00
2.523082747345877230e+00
2.522977779859328695e+00
2.522871633268317648e+00
2.522764297550972756e+00
2.522655762678835067e+00
2.522546018619051367e+00
2.522435055336582632e+00
2.522322862796413823e+00
2.522209430965760557e+00
2.522094749816294001e+00
2.521978809326332893e+00
2.521861599483060878e+00
2.521743110284718981e+00
2.521623331742794960e+00
2.521502253884196243e+00
2.521379866753413523e+00
2.521256160414672376e+00
2.521131124954046676e+00
2.521004750481572465e+00
2.520877027133332948e+00
2.520747945073504859e+00
2.520617494496393274e+00
2.520485665628425576e+00
2.520352448730116990e+00
2.520217834098005483e+00
2.520081812066539584e+00
2.519944373009936900e+00
2.519805507343994666e+00
2.519665205527864327e+00
2.519523458065781263e+00
2.519380255636884058e+00
2.519235588594608277e+00
2.519089447706885032e+00
2.518941823674644365e+00
2.518792707251798824e+00
2.518642089246686311e+00
2.518489960523424998e+00
2.518336312003240707e+00
2.518181134665717469e+00
2.518024419549993453e+00
2.517866157755905387e+00
2.517706340445065472e+00
2.517544958841877012e+00
2.517382004234503867e+00
2.517217467975750189e+00
2.517051341483910853e+00
2.516883616243531296e+00
2.516714283806130492e+00
2.516543335790841773e+00
2.516370763885004802e+00
2.516196559844690483e+00
2.516020715495164151e+00
2.515843222731297235e+00
2.515664073517905219e+00
2.515483259890043399e+00
2.515300773953219160e+00
2.515116607883585598e+00
2.514930753928030338e+00
2.514743204404264798e+00
2.514553951700800649e+00
2.514362988276931166e+00
2.514170306662611765e+00
2.513975899458329000e+00
2.513779759334894948e+00
2.513581879033219835e+00
2.513382251364011388e+00
2.513180869207463086e+00
2.512977725512871796e+00
2.512772813298237651e+00
2.512566125649825732e+00
2.512357655721674909e+00
2.512147396735095572e+00
2.511935341978119851e+00
2.511721484804939841e+00
2.511505818635304088e+00
2.511288336953893641e+00
2.511069033309690113e+00
2.510847901315300668e+00
2.510624934646280781e+00
2.510400127040445906e+00
2.510173472297149377e+00
2.509944964276574542e+00
2.509714596898999783e+00
2.509482364144065336e+00
2.509248260050036539e+00
2.509012278713059096e+00
2.508774414286422783e+00
2.508534660979814479e+00
2.508293013058593424e+00
2.508049464843059795e+00
2.507804010707728626e+00
2.507556645080627700e+00
2.507307362442596776e+00
2.507056157326605028e+00
2.506803024317079132e+00
2.506547958049257563e+00
2.506290953208556438e+00
2.506032004529956669e+00
2.505771106797423986e+00
2.505508254525589340e+00
2.505243443209542953e+00
2.504976667478592045e+00
2.504707922307163770e+00
2.504437202716111699e+00
2.504164503772280170e+00
2.503889820588114823e+00
2.503613148321298443e+00
2.503334482174431219e+00
2.503053817394725655e+00
2.502771149273752105e+00
2.502486473147223389e+00
2.502199784394802506e+00
2.501911078439944536e+00
2.501620350749802935e+00
2.501327596835147826e+00
2.501032812250327808e+00
2.500735992593276169e+00
2.500437133505561516e+00
