1.650593554924716821e+00
1.650431431315716235e+00
1.650253909618637271e+00
1.650061001345181744e+00
1.649852719002569579e+00
1.649629076092146152e+00
1.649390087107894365e+00
1.649135767534827490e+00
1.648866133847265880e+00
1.648581203507012871e+00
1.648280994961411672e+00
1.647965527641287009e+00
1.647634821958785745e+00
1.647288899305092480e+00
1.646927782048033695e+00
1.646551493529585741e+00
1.646160058063244502e+00
1.645753500931298685e+00
1.645331848381982764e+00
1.644895127626522013e+00
1.644443366836052300e+00
1.643976595138442409e+00
1.643494842614980245e+00
1.642998140296965781e+00
1.642486520162178554e+00
1.641960015131226358e+00
1.641418659063789365e+00
1.640862486753518201e+00
1.640291533928716960e+00
1.639705837241516528e+00
1.639105434267945194e+00
1.638490363502565828e+00
1.637860664354014784e+00
1.637216377140425561e+00
1.636557543084751432e+00
1.635884204309950185e+00
1.635196403834069612e+00
1.634494185565211755e+00
1.633777594296371261e+00
1.633046675700179806e+00
1.632301476323504863e+00
1.631542043581958312e+00
1.630768425754280049e+00
1.629980671976591466e+00
1.629178832236561902e+00
1.628362957367430530e+00
1.627533099041933440e+00
1.626689309766104152e+00
1.625831642872968219e+00
1.624960152516109479e+00
1.624074893663139729e+00
1.623175922089042711e+00
1.622263294369405084e+00
1.621337067873541260e+00
1.620397300757500991e+00
1.619444051956964614e+00
1.618477381180029928e+00
1.617497348899885612e+00
1.616504016347377837e+00
1.615497445503466079e+00
1.614477699091569018e+00
1.613444840569800087e+00
1.612398934123110639e+00
1.611340044655307224e+00
1.610268237780972722e+00
1.609183579817294207e+00
1.608086137775761593e+00
1.606975979353797213e+00
1.605853172926253514e+00
1.604717787536833695e+00
1.603569892889400883e+00
1.602409559339196043e+00
1.601236857883958864e+00
1.600051860154954708e+00
1.598854638407904094e+00
1.597645265513828683e+00
1.596423814949796016e+00
1.595190360789591866e+00
1.593944977694287113e+00
1.592687740902733351e+00
1.591418726221966784e+00
1.590138010017536851e+00
1.588845669203746258e+00
1.587541781233824612e+00
1.586226424090013465e+00
1.584899676273583857e+00
1.583561616794783466e+00
1.582212325162705158e+00
1.580851881375099577e+00
1.579480365908102923e+00
1.578097859705926087e+00
1.576704444170457187e+00
1.575300201150820145e+00
1.573885212932873312e+00
1.572459562228646801e+00
1.571023332165731645e+00
1.569576606276625208e+00
1.568119468488015089e+00
1.566652003110026836e+00
1.565174294825431467e+00
1.563686428678798812e+00
1.562188490065635316e+00
1.560680564721462771e+00
1.559162738710879292e+00
1.557635098416590091e+00
1.556097730528402723e+00
1.554550722032207233e+00
1.552994160198920781e+00
1.551428132573437590e+00
1.549852726963533822e+00
1.548268031428774893e+00
1.546674134269415912e+00
1.545071124015278574e+00
1.543459089414637608e+00
1.541838119423097231e+00
1.540208303192466488e+00
1.538569730059645480e+00
1.536922489535509584e+00
1.535266671293807228e+00
1.533602365160071646e+00
1.531929661100532858e+00
1.530248649211072953e+00
1.528559419706171374e+00
1.526862062907901718e+00
1.525156669234927431e+00
1.523443329191553453e+00
1.521722133356785633e+00
1.519993172373439894e+00
1.518256536937278911e+00
1.516512317786195219e+00
1.514760605689433381e+00
1.513001491436859025e+00
1.511235065828273827e+00
1.509461419662783133e+00
1.507680643728217085e+00
1.505892828790602822e+00
1.504098065583706401e+00
1.502296444798619346e+00
1.500488057073424697e+00
1.498672992982919672e+00
1.496851343028412495e+00
1.495023197627583400e+00
1.493188647104425559e+00
1.491347781679261075e+00
1.489500691458830683e+00
1.487647466426468501e+00
1.485788196432358488e+00
1.483922971183874839e+00
1.482051880236009200e+00
1.480175012981889582e+00
1.478292458643383656e+00
1.476404306261809074e+00
1.474510644688726391e+00
1.472611562576830346e+00
1.470707148370948625e+00
1.468797490299131203e+00
1.466882676363853610e+00
1.464962794333315443e+00
1.463037931732846131e+00
1.461108175836424605e+00
1.459173613658302671e+00
1.457234331944740280e+00
1.455290417165855610e+00
1.453341955507584826e+00
1.451389032863761086e+00
1.449431734828306562e+00
1.447470146687547032e+00
1.445504353412636833e+00
1.443534439676946723e+00
1.441560489750374652e+00
1.439582587638240652e+00
1.437600816977740337e+00
1.435615261054870251e+00
1.433626002797591115e+00
1.431633124769122745e+00
1.429636709161351327e+00
1.427636837788384794e+00
1.425633592080212120e+00
1.423627053076510052e+00
1.421617301420567303e+00
1.419604417353338421e+00
1.417588480707637100e+00
1.415569570902441621e+00
1.413547766937351513e+00
1.411523147387153676e+00
1.409495790396535275e+00
1.407465773674914100e+00
1.405433174491413473e+00
1.403398069669954618e+00
1.401360535584485367e+00
1.399320648154340319e+00
1.397278482839731106e+00
1.395234114637365241e+00
1.393187618076193068e+00
1.391139067213287284e+00
1.389088535629853016e+00
1.387036096427364251e+00
1.384981822223826153e+00
1.382925785150171727e+00
1.380868056846780823e+00
1.378808708460128818e+00
1.376747810639560976e+00
1.374685433534189594e+00
1.372621646789921490e+00
1.370556519546602292e+00
1.368490120435296831e+00
1.366422517575675455e+00
1.364353778573534681e+00
1.362283970518435749e+00
1.360213159981461084e+00
1.358141413013091769e+00
1.356068795141201822e+00
1.353995371369170808e+00
1.351921206174112822e+00
1.349846363505218916e+00
1.347770906782217448e+00
1.345694898893938785e+00
1.343618402197002792e+00
1.341541478514610253e+00
1.339464189135437300e+00
1.337386594812657759e+00
1.335308755763052968e+00
1.333230731666232405e+00
1.331152581663965329e+00
1.329074364359609906e+00
1.326996137817638477e+00
1.324917959563281400e+00
1.322839886582247493e+00
1.320761975320555504e+00
1.318684281684466608e+00
1.316606861040492404e+00
1.314529768215516592e+00
1.312453057496999032e+00
1.310376782633272175e+00
1.308300996833923868e+00
1.306225752770277415e+00
1.304151102575940691e+00
1.302077097847460951e+00
1.300003789645050256e+00
1.297931228493391931e+00
1.295859464382533188e+00
1.293788546768856129e+00
1.291718524576123128e+00
1.289649446196600602e+00
1.287581359492254718e+00
1.285514311796027709e+00
1.283448349913172137e+00
1.281383520122672648e+00
1.279319868178718123e+00
1.277257439312256659e+00
1.275196278232605174e+00
1.273136429129131830e+00
1.271077935672992876e+00
1.269020841018938972e+00
1.266965187807172599e+00
1.264911018165275181e+00
1.262858373710177062e+00
1.260807295550196105e+00
1.258757824287124238e+00
1.256710000018363749e+00
1.254663862339124414e+00
1.252619450344655272e+00
1.250576802632545226e+00
1.248535957305051181e+00
1.246496951971483025e+00
1.244459823750633909e+00
1.242424609273241831e+00
1.240391344684509178e+00
1.238360065646651131e+00
1.236330807341484039e+00
1.234303604473058424e+00
1.232278491270321075e+00
1.230255501489817993e+00
1.228234668418425546e+00
1.226216024876118027e+00
1.224199603218768528e+00
1.222185435340974236e+00
1.220173552678919027e+00
1.218163986213250727e+00
1.216156766472003881e+00
1.214151923533526745e+00
1.212149487029453576e+00
1.210149486147683140e+00
1.208151949635388522e+00
1.206156905802049151e+00
1.204164382522492804e+00
1.202174407239969600e+00
1.200187006969233527e+00
1.198202208299647298e+00
1.196220037398300740e+00
1.194240520013141849e+00
