 Energy(eV)     Ext     Sca
 2.8 6949.98 5930.45
 2.81 7177.64 6123.39
 2.82 7414.99 6324.38
 2.83 7662.59 6533.87
 2.84 7921.04 6752.35
 2.85 8190.98 6980.34
 2.86 8473.08 7218.39
 2.87 8768.1 7467.09
 2.88 9076.84 7727.11
 2.89 9400.15 7999.13
 2.9 9738.98 8283.91
 2.91 10094.3 8582.26
 2.92 10467.3 8895.06
 2.93 10859.1 9223.26
 2.94 11271 9567.9
 2.95 11704.4 9930.11
 2.96 12160.9 10311.1
 2.97 12642.1 10712.2
 2.98 13150 11135
 2.99 13686.4 11580.9
 3 14253.7 12051.7
 3.01 14854.2 12549.5
 3.02 15490.8 13076.2
 3.03 16166.3 13634.2
 3.04 16884.1 14226.1
 3.05 17647.8 14854.8
 3.06 18461.5 15523.4
 3.07 19329.9 16235.4
 3.08 20257.9 16994.7
 3.09 21251.3 17805.8
 3.1 22316.5 18673.5
 3.11 23460.8 19603.4
 3.12 24692.4 20601.7
 3.13 26020.5 21675.4
 3.14 27455.9 22832.4
 3.15 29010.5 24081.7
 3.16 30698.3 25433.6
 3.17 32535.1 26899.9
 3.18 34539.3 28494
 3.19 36732 30231.3
 3.2 39137.8 32129.4
 3.21 41785.2 34208.7
 3.22 44707.1 36492.5
 3.23 47941.7 39007.8
 3.24 51533.5 41784.9
 3.25 55533.4 44858.5
 3.26 59999.3 48267.3
 3.27 64996.1 52052.9
 3.28 70594.3 56258.9
 3.29 76866.6 60927.1
 3.3 83881.4 66091.1
 3.31 91691.1 71765.8
 3.32 100313 77930.8
 3.33 109705 84507.3
 3.34 119731 91329.6
 3.35 130144 98121
 3.36 140585 104486
 3.37 150653 109936
 3.38 159988 113928
 3.39 168213 115810
 3.4 174304 114507
 3.41 175165 108130
 3.42 165878 95226
 3.43 146138 78498.2
 3.44 124021 63959
 3.45 107054 54724
 3.46 97096.5 50347.8
 3.47 93309 49611.2
 3.48 94715.2 51741.8
 3.49 100829 56459.2
 3.5 111485 63745.3
 3.51 126285 73479.5
 3.52 143624 84832.2
 3.53 159748 95610.4
 3.54 169539 102573
 3.55 170015 103495
 3.56 163024 99011.4
 3.57 153420 91839.3
 3.58 145215 84759.6
 3.59 138553 79181.4
 3.6 129603 74386.7
 3.61 116764 68938.4
 3.62 102918 62667.8
 3.63 90446.8 56116.7
 3.64 79897.9 49659.9
 3.65 71109.8 43431.8
 3.66 63914.1 37493.8
 3.67 58413.4 32016.4
 3.68 55133.2 27492.1
 3.69 54876.9 24839.4
 3.7 57660.3 24688.7
 3.71 61837.3 25913.9
 3.72 66202.5 26882.4
 3.73 70286.6 27668.2
 3.74 74173.4 29025.3
 3.75 80504.4 32147.5
 3.76 88869.2 37119.7
 3.77 94194.4 42026.7
 3.78 91180.6 44514.1
 3.79 81261 43635.1
 3.8 70195.2 40720.9
