 Energy(eV)     Ext_Z     Sca_Z     Ext_X     Sca_X
 442.801 0.0889834 0.00024244 0.0716766 0.000196887
 441.225 0.0913778 0.000249561 0.0735012 0.000202357
 439.66 0.0938612 0.00025694 0.075389 0.000208012
 438.107 0.0964377 0.000264588 0.0773431 0.000213858
 436.564 0.0991122 0.000272518 0.0793664 0.000219905
 435.032 0.101889 0.000280745 0.0814621 0.000226161
 433.511 0.104774 0.000289282 0.0836338 0.000232636
 432 0.107773 0.000298145 0.0858849 0.00023934
 430.5 0.110891 0.000307351 0.0882193 0.000246283
 429.011 0.114134 0.000316916 0.0906411 0.000253477
 427.532 0.11751 0.00032686 0.0931546 0.000260934
 426.062 0.121026 0.000337202 0.0957643 0.000268666
 424.603 0.124688 0.000347962 0.0984751 0.000276686
 423.154 0.128506 0.000359165 0.101292 0.000285009
 421.715 0.132487 0.000370832 0.104221 0.00029365
 420.285 0.136642 0.000382991 0.107268 0.000302624
 418.865 0.14098 0.000395669 0.110438 0.000311949
 417.455 0.145512 0.000408895 0.113739 0.000321644
 416.054 0.150249 0.0004227 0.117178 0.000331727
 414.663 0.155204 0.000437118 0.120762 0.000342219
 413.28 0.16039 0.000452187 0.124499 0.000353142
 411.907 0.165822 0.000467945 0.128399 0.00036452
 410.544 0.171515 0.000484433 0.13247 0.000376378
 409.189 0.177486 0.000501699 0.136723 0.000388743
 407.843 0.183752 0.000519789 0.141168 0.000401645
 406.505 0.190334 0.000538759 0.145817 0.000415114
 405.177 0.197252 0.000558664 0.150682 0.000429183
 403.857 0.20453 0.000579568 0.155777 0.00044389
 402.546 0.212192 0.000601537 0.161116 0.000459272
 401.243 0.220266 0.000624645 0.166715 0.000475371
 399.949 0.228781 0.000648971 0.17259 0.000492232
 398.663 0.23777 0.000674602 0.178761 0.000509904
 397.385 0.247267 0.000701633 0.185246 0.00052844
 396.115 0.257313 0.000730167 0.192068 0.000547896
 394.854 0.267947 0.000760317 0.199249 0.000568334
 393.6 0.279219 0.000792208 0.206816 0.000589822
 392.355 0.291178 0.000825976 0.214795 0.000612432
 391.117 0.303881 0.000861771 0.223217 0.000636244
 389.887 0.31739 0.000899758 0.232114 0.000661344
 388.665 0.331775 0.00094012 0.241524 0.000687828
 387.45 0.347112 0.00098306 0.251486 0.000715799
 386.243 0.363486 0.0010288 0.262043 0.000745371
 385.044 0.380991 0.00107759 0.273243 0.000776668
 383.852 0.399734 0.00112972 0.285139 0.000809828
 382.667 0.419833 0.00118548 0.297789 0.000845001
 381.49 0.44142 0.00124523 0.311258 0.000882357
 380.319 0.464645 0.00130935 0.325618 0.000922078
 379.156 0.489677 0.0013783 0.340948 0.00096437
 378 0.516707 0.00145256 0.357336 0.00100946
 376.851 0.545951 0.0015327 0.374883 0.00105761
 375.71 0.577656 0.00161935 0.393699 0.00110909
 374.574 0.612104 0.00171325 0.413909 0.00116422
 373.446 0.649619 0.00181523 0.435652 0.00122337
 372.325 0.690575 0.00192624 0.459089 0.00128693
 371.21 0.735401 0.0020474 0.484396 0.00135536
 370.102 0.784599 0.00217999 0.51178 0.00142917
 369 0.838753 0.0023255 0.541472 0.00150894
 367.905 0.898548 0.00248566 0.573737 0.00159534
 366.817 0.964791 0.00266253 0.608882 0.00168913
 365.735 1.03844 0.00285853 0.647259 0.00179119
 364.659 1.12064 0.00307653 0.689274 0.00190253
 363.59 1.21275 0.00331998 0.735403 0.00202432
 362.527 1.31643 0.00359302 0.786199 0.00215792
 361.47 1.43369 0.00390067 0.842313 0.00230492
 360.419 1.567 0.00424906 0.904514 0.00246721
 359.374 1.71942 0.00464577 0.973715 0.00264699
 358.336 1.89477 0.00510021 1.05101 0.0028469
 357.303 2.09785 0.00562419 1.1377 0.0030701
 356.276 2.33482 0.00623273 1.2354 0.0033204
 355.255 2.61362 0.00694514 1.34603 0.00360241
 354.24 2.94464 0.00778652 1.47201 0.0039218
 353.231 3.34169 0.00879006 1.61631 0.00428554
 352.228 3.82345 0.0100003 1.78267 0.00470234
 351.23 4.41559 0.0114781 1.97586 0.00518319
 350.238 5.15424 0.0133084 2.202 0.00574205
 349.251 6.0913 0.015612 2.4691 0.00639697
 348.27 7.30344 0.0185657 2.78776 0.00717151
 347.295 8.90711 0.0224348 3.1723 0.00809692
 346.324 11.085 0.0276303 3.6424 0.00921522
 345.36 14.133 0.03481 4.22542 0.0105836
 344.4 18.5435 0.0450612 4.95886 0.0122806
 343.446 25.1492 0.0602273 5.89248 0.0144187
 342.498 35.3895 0.0834236 7.10185 0.0171727
 341.554 51.6451 0.119386 8.72006 0.0208129
 340.616 76.2944 0.171787 10.9608 0.0257499
 339.683 104.707 0.227523 14.1687 0.0326384
 338.754 114.854 0.237702 18.9304 0.042551
 337.831 95.6185 0.184849 26.2503 0.0572098
 336.913 69.7058 0.122448 37.714 0.0790604
 336 52.1395 0.0807644 55.073 0.109996
 335.092 43.5316 0.0594675 76.7694 0.144135
 334.189 40.2454 0.0525483 90.2982 0.156559
 333.291 36.2955 0.0504043 83.6959 0.131661
 332.397 29.1549 0.0440256 65.8628 0.0915138
 331.508 22.3401 0.035273 50.2408 0.0591437
 330.624 17.6071 0.0280738 41.9166 0.0411912
 329.745 14.1926 0.0228597 40.674 0.0363973
 328.87 11.3995 0.0186314 44.3173 0.0427122
 328 9.3024 0.0150839 46.2235 0.0524346
 327.135 7.90711 0.0122616 39.9038 0.0520874
 326.274 7.0912 0.0101063 30.212 0.0427015
