 Energy(eV)     Ext_Z     Sca_Z     Ext_X     Sca_X
 442.801 1707.59 1368.16 2256.56 1938.6
 441.225 1757.68 1407.77 2322.72 1995.41
 439.66 1809.73 1448.89 2391.32 2054.28
 438.107 1863.84 1491.59 2462.48 2115.32
 436.564 1920.12 1535.97 2536.32 2178.64
 435.032 1978.69 1582.12 2612.96 2244.33
 433.511 2039.68 1630.12 2692.56 2312.53
 432 2103.22 1680.08 2775.26 2383.35
 430.5 2169.46 1732.11 2861.22 2456.94
 429.011 2238.55 1786.32 2950.61 2533.42
 427.532 2310.66 1842.86 3043.62 2612.97
 426.062 2385.97 1901.84 3140.42 2695.73
 424.603 2464.68 1963.41 3241.24 2781.88
 423.154 2546.99 2027.74 3346.28 2871.6
 421.715 2633.13 2094.99 3455.79 2965.1
 420.285 2723.35 2165.34 3570.02 3062.57
 418.865 2817.9 2239 3689.22 3164.25
 417.455 2917.08 2316.17 3813.7 3270.38
 416.054 3021.19 2397.08 3943.76 3381.21
 414.663 3130.57 2481.99 4079.73 3497.02
 413.28 3245.58 2571.17 4221.96 3618.12
 411.907 3366.63 2664.91 4370.85 3744.81
 410.544 3494.15 2763.54 4526.8 3877.45
 409.189 3628.62 2867.41 4690.26 4016.41
 407.843 3770.55 2976.9 4861.7 4162.08
 406.505 3920.52 3092.44 5041.65 4314.9
 405.177 4079.16 3214.49 5230.65 4475.33
 403.857 4247.16 3343.56 5429.33 4643.88
 402.546 4425.28 3480.21 5638.32 4821.08
 401.243 4614.36 3625.05 5858.33 5007.54
 399.949 4815.34 3778.78 6090.15 5203.89
 398.663 5029.26 3942.13 6334.6 5410.82
 397.385 5257.27 4115.97 6592.58 5629.09
 396.115 5500.67 4301.23 6865.1 5859.52
 394.854 5760.89 4498.94 7153.22 6103
 393.6 6039.56 4710.29 7458.11 6360.51
 392.355 6338.5 4936.59 7781.07 6633.11
 391.117 6659.76 5179.32 8123.48 6921.95
 389.887 7005.69 5440.15 8486.89 7228.31
 388.665 7378.92 5720.98 8872.97 7553.56
 387.45 7782.49 6023.97 9283.55 7899.23
 386.243 8219.84 6351.58 9720.65 8266.98
 385.044 8694.96 6706.63 10186.5 8658.62
 383.852 9212.44 7092.37 10683.5 9076.16
 382.667 9777.59 7512.55 11214.3 9521.78
 381.49 10396.6 7971.51 11781.9 9997.88
 380.319 11076.7 8474.34 12389.5 10507.1
 379.156 11826.5 9026.96 13040.6 11052.3
 378 12655.9 9636.37 13739.2 11636.7
 376.851 13577 10310.8 14489.4 12263.8
 375.71 14603.8 11060.1 15296 12937.2
 374.574 15753.5 11895.9 16164 13661.1
 373.446 17046.5 12832.2 17099.1 14439.9
 372.325 18507.3 13885.8 18107.2 15278.5
 371.21 20165.8 15076.7 19194.8 16181.7
 370.102 22057.5 16428.9 20368.7 17155
 369 24225 17970.8 21636.3 18203.9
 367.905 26718.5 19735.6 23004.8 19333.7
 366.817 29595.2 21760.8 24481.8 20549.5
 365.735 32917.7 24086.1 26074.1 21855.9
 364.659 36747.1 26749.2 27787.8 23255.6
 363.59 41130.9 29775.4 29626.7 24749.2
 362.527 46079.8 33161 31591.6 26332.7
 361.47 51533.6 36846.9 33677.6 27995.1
 360.419 57323.5 40687.2 35871.2 29714.2
 359.374 63153.8 44428.5 38145.5 31449.1
 358.336 68648 47723.8 40455.1 33129.6
 357.303 73473.9 50191.2 42732.8 34643.2
 356.276 77459 51463.3 44907.6 35836.2
 355.255 80422.3 51129.8 47006 36608.5
 354.24 81472.5 48742.2 49436.1 37307.4
 353.231 78948.4 44776.6 53070.2 39177.8
 352.228 73589.3 41667.2 57924.8 42965.1
 351.23 69024.3 41016.7 62567.5 47274
 350.238 66932.8 42091.8 66055.9 50673.4
 349.251 66881.7 43889.6 68308 52812.3
 348.27 68135.3 45890.5 69460.4 53774.3
 347.295 70142.6 47814.1 69688 53735.9
 346.324 72473.7 49409.6 69268.7 52963.7
 345.36 74744.7 50385.5 68634.8 51858.3
 344.4 76654.4 50455.4 68293 50896.9
 343.446 78051.3 49457.4 68581.3 50427.5
 342.498 78624.6 47325 69429.3 50449.3
 341.554 77501.5 43985.4 70389.6 50652.7
 340.616 74511.4 40126.4 70808.4 50676.8
 339.683 69955.1 36964.8 69763.9 50041.1
 338.754 63129.9 34034.2 66625.8 48082.6
 337.831 54966.4 30480.1 61936.6 44706.6
 336.913 47277.8 26577.2 56630.2 40394.8
 336 40953.7 22861.9 51395.5 35671.4
 335.092 36294.2 19736.8 46918.3 31132.2
 334.189 33495.2 17592.4 44154.7 27795.5
 333.291 32363.3 16598.3 43683.7 26858.4
 332.397 31779.8 16028.6 43927.2 27692.9
 331.508 31071.8 14973.2 42550.1 27805.8
 330.624 31155.4 13754.2 39673.7 26395.8
 329.745 32966.6 13422.5 36723.4 24541.4
 328.87 35542.8 14476.5 34545.8 23358.6
 328 36351.2 15820.1 32768.9 22676.5
 327.135 34607.2 16066.9 30845.3 21754.7
 326.274 32089.1 15232.1 28798.7 20423
