1.856932220009150480e+00
1.856932089870864111e+00
1.856931947288519735e+00
1.856931792249283175e+00
1.856931624739325937e+00
1.856931444743820103e+00
1.856931252246939223e+00
1.856931047231860088e+00
1.856930829680760064e+00
1.856930599574812657e+00
1.856930356894195944e+00
1.856930101618083917e+00
1.856929833724647372e+00
1.856929553191055016e+00
1.856929259993469472e+00
1.856928954107051277e+00
1.856928635505951553e+00
1.856928304163317112e+00
1.856927960051280913e+00
1.856927603140973382e+00
1.856927233402508204e+00
1.856926850804989426e+00
1.856926455316508573e+00
1.856926046904140870e+00
1.856925625533945912e+00
1.856925191170964551e+00
1.856924743779221565e+00
1.856924283321718994e+00
1.856923809760436583e+00
1.856923323056331343e+00
1.856922823169335546e+00
1.856922310058353398e+00
1.856921783681257931e+00
1.856921243994896553e+00
1.856920690955081277e+00
1.856920124516589832e+00
1.856919544633166108e+00
1.856918951257512163e+00
1.856918344341290661e+00
1.856917723835126655e+00
1.856917089688594924e+00
1.856916441850226862e+00
1.856915780267502480e+00
1.856915104886855739e+00
1.856914415653662331e+00
1.856913712512244130e+00
1.856912995405868072e+00
1.856912264276734392e+00
1.856911519065986393e+00
1.856910759713697789e+00
1.856909986158878034e+00
1.856909198339462996e+00
1.856908396192315625e+00
1.856907579653224394e+00
1.856906748656897532e+00
1.856905903136962133e+00
1.856905043025960822e+00
1.856904168255350207e+00
1.856903278755493325e+00
1.856902374455662308e+00
1.856901455284032387e+00
1.856900521167678786e+00
1.856899572032574497e+00
1.856898607803587398e+00
1.856897628404472700e+00
1.856896633757876725e+00
1.856895623785327132e+00
1.856894598407235142e+00
1.856893557542887985e+00
1.856892501110444460e+00
1.856891429026934714e+00
1.856890341208257356e+00
1.856889237569169460e+00
1.856888118023291456e+00
1.856886982483096027e+00
1.856885830859906772e+00
1.856884663063896435e+00
1.856883479004081350e+00
1.856882278588315227e+00
1.856881061723286708e+00
1.856879828314518255e+00
1.856878578266357271e+00
1.856877311481974324e+00
1.856876027863357148e+00
1.856874727311309536e+00
1.856873409725442903e+00
1.856872075004172506e+00
1.856870723044718119e+00
1.856869353743091144e+00
1.856867966994095065e+00
1.856866562691320999e+00
1.856865140727140373e+00
1.856863700992700483e+00
1.856862243377921384e+00
1.856860767771490339e+00
1.856859274060854270e+00
1.856857762132217982e+00
1.856856231870535945e+00
1.856854683159509412e+00
1.856853115881579530e+00
1.856851529917922683e+00
1.856849925148445157e+00
1.856848301451777372e+00
1.856846658705266551e+00
1.856844996784974722e+00
1.856843315565666952e+00
1.856841614920814676e+00
1.856839894721494355e+00
1.856838154840664501e+00
1.856836395146834962e+00
1.856834615508217601e+00
1.856832815791696456e+00
1.856830995862813971e+00
1.856829155585775881e+00
1.856827294823435892e+00
1.856825413437295458e+00
1.856823511287486683e+00
1.856821588232779652e+00
1.856819644130566660e+00
1.856817678836856667e+00
1.856815692206268853e+00
1.856813684092025518e+00
1.856811654345943863e+00
1.856809602818433103e+00
1.856807529358479369e+00
1.856805433813644379e+00
1.856803316030056328e+00
1.856801175852400343e+00
1.856799013123914044e+00
1.856796827686375106e+00
1.856794619380099931e+00
1.856792388043928321e+00
1.856790133515217489e+00
1.856787855629838280e+00
1.856785554222161627e+00
1.856783229125049228e+00
1.856780880169852432e+00
1.856778507186393590e+00
1.856776110002965163e+00
1.856773688446315740e+00
1.856771242341644257e+00
1.856768771512587124e+00
1.856766275781215558e+00
1.856763754968015157e+00
1.856761208891889225e+00
1.856758637370139464e+00
1.856756040218459969e+00
1.856753417250927685e+00
1.856750768279990638e+00
1.856748093116458831e+00
1.856745391569493586e+00
1.856742663446597996e+00
1.856739908553603602e+00
1.856737126694665063e+00
1.856734317672242618e+00
1.856731481287095198e+00
1.856728617338269771e+00
1.856725725623086021e+00
1.856722805937129905e+00
1.856719858074240559e+00
1.856716881826493637e+00
1.856713876984198874e+00
1.856710843335877659e+00
1.856707780668260588e+00
1.856704688766266820e+00
1.856701567412998077e+00
1.856698416389721107e+00
1.856695235475857908e+00
1.856692024448599154e+00
1.856688783083415339e+00
1.856685511154573254e+00
1.856682208437657300e+00
1.856678874696672477e+00
1.856675509702134796e+00
1.856672113220172227e+00
1.856668685014958520e+00
1.856665224848701223e+00
1.856661732481621474e+00
1.856658207671944893e+00
1.856654650175882493e+00
1.856651059747618904e+00
1.856647436139293728e+00
1.856643779100990210e+00
1.856640088380714815e+00
1.856636363724383676e+00
1.856632604875807946e+00
1.856628811576676252e+00
1.856624983566536491e+00
1.856621120582781836e+00
1.856617222360631425e+00
1.856613288633116809e+00
1.856609319131060420e+00
1.856605313583059358e+00
1.856601271715471624e+00
1.856597193252390365e+00
1.856593077915633438e+00
1.856588925424718539e+00
1.856584735496852989e+00
1.856580507846904204e+00
1.856576242187386372e+00
1.856571938228445129e+00
1.856567595677828253e+00
1.856563214240874338e+00
1.856558793620489700e+00
1.856554333517124622e+00
1.856549833628762025e+00
1.856545293650884165e+00
1.856540713276462196e+00
1.856536092195932630e+00
1.856531430097169366e+00
1.856526726665472360e+00
1.856521981583534320e+00
1.856517194531427606e+00
1.856512365186579139e+00
1.856507493223742644e+00
1.856502578314982888e+00
1.856497620129649695e+00
1.856492618334349087e+00
1.856487572592928625e+00
1.856482482566448544e+00
1.856477347913153553e+00
1.856472168288456848e+00
1.856466943344906140e+00
1.856461672732167223e+00
1.856456356096987115e+00
1.856450993076269596e+00
1.856445583331110871e+00
1.856440126479586894e+00
1.856434622162987047e+00
1.856429070013108085e+00
1.856423469658677661e+00
1.856417820725323908e+00
1.856412122835548129e+00
1.856406375608697257e+00
1.856400578660935885e+00
1.856394731605214954e+00
1.856388834051245551e+00
1.856382885605471156e+00
1.856376885871030780e+00
1.856370834447736762e+00
1.856364730932041907e+00
1.856358574917007953e+00
1.856352365992275821e+00
1.856346103744032083e+00
1.856339787754984316e+00
1.856333417604321356e+00
1.856326992867684211e+00
1.856320513117135196e+00
1.856313977921127067e+00
1.856307386844462837e+00
1.856300739448269344e+00
1.856294035289962618e+00
1.856287273923210135e+00
1.856280454897901944e+00
1.856273577760112925e+00
1.856266642052068816e+00
1.856259647312111793e+00
1.856252593074664281e+00
1.856245478870193644e+00
1.856238304225176439e+00
1.856231068662063777e+00
1.856223771699241354e+00
1.856216412850995479e+00
1.856208991627474658e+00
1.856201507534654072e+00
1.856193960074295157e+00
1.856186348743910752e+00
1.856178673036725790e+00
1.856170932441634669e+00
1.856163126443173272e+00
1.856155254521469233e+00
1.856147316152205962e+00
1.856139310806585563e+00
1.856131237951287538e+00
1.856123097048431703e+00
1.856114887555530224e+00
1.856106608925454982e+00
1.856098260606395600e+00
1.856089842041815263e+00
1.856081352670413187e+00
1.856072791926081766e+00
1.856064159237864386e+00
1.856055454029915897e+00
1.856046675721458650e+00
1.856037823726743419e+00
1.856028897455004323e+00
1.856019896310415751e+00
1.856010819692056169e+00
1.856001666982411757e+00
1.855992437600411327e+00
1.855983130903348322e+00
