 2 1477.19 1439.59
 2.01 1531.42 1492.21
 2.02 1588.06 1547.17
 2.03 1647.26 1604.59
 2.04 1709.18 1664.64
 2.05 1773.97 1727.47
 2.06 1841.83 1793.26
 2.07 1912.94 1862.18
 2.08 1987.52 1934.46
 2.09 2065.8 2010.31
 2.1 2148.04 2089.97
 2.11 2234.5 2173.71
 2.12 2325.48 2261.8
 2.13 2421.32 2354.57
 2.14 2522.36 2452.36
 2.15 2629 2555.54
 2.16 2741.67 2664.53
 2.17 2860.85 2779.78
 2.18 2987.06 2901.79
 2.19 3120.87 3031.12
 2.2 3262.94 3168.38
 2.21 3413.98 3314.24
 2.22 3574.77 3469.47
 2.23 3746.18 3634.88
 2.24 3929.2 3811.4
 2.25 4124.86 4000.02
 2.26 4334.33 4201.8
 2.27 4558.77 4417.81
 2.28 4799.27 4648.99
 2.29 5056.48 4895.67
 2.3 5329.29 5156.09
 2.31 5609.85 5419.6
 2.32 5853.7 5615.08
 2.33 6850.05 6459.91
 2.34 6994.05 6752.06
 2.35 7389.67 7140.11
 2.36 7875.65 7607.81
 2.37 8434.84 8144.1
 2.38 9072.69 8754.84
 2.39 9802.58 9452.81
 2.4 10644.4 10256.9
 2.41 11626.3 11193.5
 2.42 12787.8 12299.8
 2.43 14186 13629.6
 2.44 15905.8 15262.6
 2.45 18078 17321.7
 2.46 20911.7 20003
 2.47 24755.2 23633.6
 2.48 30209.3 28777.1
 2.49 38327 36421.9
 2.5 50850.5 48204.3
 2.51 69767.9 65995.2
 2.52 92934.4 87797.7
 2.53 105430 99627.6
 2.54 95789.5 90705.5
 2.55 78461.7 74558.6
 2.56 65880 62858.5
 2.57 59277.9 56775.6
 2.58 57019.9 54784.2
 2.59 57786.4 55651.9
 2.6 60841.6 58693
 2.61 65834.5 63583
 2.62 72625.1 70194.5
 2.63 81156.3 78476.7
 2.64 91334.7 88341.6
 2.65 102887 99525.4
 2.66 115180 111415
 2.67 127051 122886
 2.68 136780 132275
 2.69 142410 137689
 2.7 142451 137694
