 2 21306.1 21229.4
 2.01 22347.6 22258.4
 2.02 23460.2 23357.3
 2.03 24651.1 24533.3
 2.04 25928.2 25794
 2.05 27300.8 27148.6
 2.06 28779.6 28607.6
 2.07 30376.8 30182.9
 2.08 32106.7 31888.6
 2.09 33986.3 33741.2
 2.1 36035.5 35760.2
 2.11 38277.9 37968.9
 2.12 40742.3 40395.1
 2.13 43463.2 43072.9
 2.14 46483 46043.5
 2.15 49854.2 49358.2
 2.16 53642.1 53080.9
 2.17 57929.2 57291.9
 2.18 62820.2 62093.4
 2.19 68449.4 67616.4
 2.2 74989.6 74029.1
 2.21 82663.4 81548.4
 2.22 91755 90450.6
 2.23 102618 101079
 2.24 115664 113834
 2.25 131307 129114
 2.26 149781 147143
 2.27 170738 167572
 2.28 192533 188790
 2.29 211520 207234
 2.3 222511 217857
 2.31 221654 216924
 2.32 209798 205295
 2.33 192026 187942
 2.34 173809 170197
 2.35 158385 155205
 2.36 146767 143940
 2.37 138752 136195
 2.38 133703 131344
 2.39 130941 128722
 2.4 129877 127751
 2.41 130031 127964
 2.42 131023 128988
 2.43 132548 130525
 2.44 134356 132332
 2.45 136242 134208
 2.46 138033 135984
 2.47 139588 137521
 2.48 140790 138705
 2.49 141548 139448
 2.5 141797 139687
 2.51 141499 139384
 2.52 140638 138524
 2.53 139221 137115
 2.54 137274 135184
 2.55 134841 132772
 2.56 131975 129936
 2.57 128741 126735
 2.58 125204 123238
 2.59 121432 119510
 2.6 117490 115615
 2.61 113438 111614
 2.62 109331 107559
 2.63 105216 103497
 2.64 101134 99469.6
 2.65 97119.1 95508.6
 2.66 93197.6 91640.8
 2.67 89390.8 87886.9
 2.68 85714.2 84262.1
 2.69 82178.9 80777.4
 2.7 78792.2 77439.8
