 2 66035.1 65058.4
 2.01 70191.7 69141
 2.02 74606.6 73468.9
 2.03 79211.1 77966.9
 2.04 83843.8 82460.4
 2.05 88152.9 86566.5
 2.06 91401.5 89462.5
 2.07 92351.3 89625.7
 2.08 93756.9 88808.9
 2.09 135007 126751
 2.1 184498 178340
 2.11 200064 195631
 2.12 212291 208467
 2.13 226376 222727
 2.14 242229 238571
 2.15 259141 255390
 2.16 276258 272378
 2.17 292619 288604
 2.18 307219 303085
 2.19 319119 314902
 2.2 327608 323352
 2.21 332327 328085
 2.22 333338 329163
 2.23 331084 327020
 2.24 326267 322352
 2.25 319702 315961
 2.26 312172 308622
 2.27 304343 300992
 2.28 296719 293566
 2.29 289632 286677
 2.3 283270 280506
 2.31 277696 275118
 2.32 272877 270480
 2.33 268711 266490
 2.34 265045 262998
 2.35 261692 259818
 2.36 258448 256745
 2.37 255101 253569
 2.38 251449 250089
 2.39 247310 246122
 2.4 242540 241522
 2.41 237036 236187
 2.42 230750 230065
 2.43 223686 223160
 2.44 215901 215527
 2.45 207496 207264
 2.46 198603 198504
 2.47 189375 189396
 2.48 179969 180097
 2.49 170537 170760
 2.5 161216 161523
 2.51 152124 152502
 2.52 143356 143793
 2.53 134981 135468
 2.54 127050 127577
 2.55 119593 120152
 2.56 112624 113207
 2.57 106145 106747
 2.58 100148 100762
 2.59 94616.9 95238.2
 2.6 89532 90156.7
 2.61 84869.8 85494.4
 2.62 80605.4 81226.8
 2.63 76713.2 77329
 2.64 73168 73776
 2.65 69945.2 70543.5
 2.66 67021.3 67608.5
 2.67 64374.3 64949
 2.68 61983.6 62544.7
 2.69 59830.2 60376.8
 2.7 57896.6 58427.9
