 2.25 12025.8 11939.4
 2.26 12579.7 12485.7
 2.27 13162.3 13059.7
 2.28 13772.9 13660.6
 2.29 14408.6 14285.1
 2.3 15062.5 14925.4
 2.31 15718.3 15563.7
 2.32 16337.8 16158.8
 2.33 16826.2 16607.4
 2.34 16914.1 16615.7
 2.35 15761.2 15256.6
 2.36 12611.4 11613.8
 2.37 16767.2 15867.1
 2.38 21910.1 21365.5
 2.39 24584.5 24168.6
 2.4 26582.8 26208.3
 2.41 28457.9 28091.7
 2.42 30379.7 30006.2
 2.43 32417.9 32027.9
 2.44 34611.7 34199
 2.45 36990.8 36549.9
 2.46 39581.7 39107.8
 2.47 42411.1 41899.5
 2.48 45507.3 44953
 2.49 48900.4 48298.1
 2.5 52623 51966.8
 2.51 56709.7 55993.5
 2.52 61197.1 60413.9
 2.53 66122.7 65264.8
 2.54 71523.5 70582.6
 2.55 77433.7 76400.6
 2.56 83880.9 82746
 2.57 90881.6 89634.4
 2.58 98433.9 97063.8
 2.59 106509 105005
 2.6 115039 113392
 2.61 123907 122107
 2.62 132931 130973
 2.63 141858 139738
 2.64 150359 148081
 2.65 158042 155614
 2.66 164478 161915
 2.67 169243 166570
 2.68 171983 169228
 2.69 172463 169662
 2.7 170620 167810
 2.71 166569 163787
 2.72 160588 157868
 2.73 153067 150438
 2.74 144449 141933
 2.75 135172 132784
