 2.25 16542.7 16447.8
 2.26 17240.6 17133.3
 2.27 17938.3 17815.6
 2.28 18604.6 18461.4
 2.29 19172.2 18999.2
 2.3 19486.7 19264.1
 2.31 19166.1 18846.7
 2.32 17362.6 16824.5
 2.33 14809 13903.8
 2.34 19313.9 18473.3
 2.35 25186.7 24626.3
 2.36 28642 28216.8
 2.37 31126.4 30754.1
 2.38 33339 32983.6
 2.39 35531 35174.6
 2.4 37807 37439.2
 2.41 40221.6 39835.3
 2.42 42810.4 42400.2
 2.43 45602.2 45163.2
 2.44 48623 48150.7
 2.45 51898.9 51388.8
 2.46 55456.4 54903.9
 2.47 59323.2 58723.3
 2.48 63528.1 62875.4
 2.49 68100.4 67389.1
 2.5 73069.4 72293.3
 2.51 78463.1 77615.5
 2.52 84306.6 83380.1
 2.53 90619.1 89606.1
 2.54 97411 96303.3
 2.55 104679 103468
 2.56 112399 111077
 2.57 120522 119080
 2.58 128964 127395
 2.59 137599 135896
 2.6 146249 144410
 2.61 154686 152709
 2.62 162631 160518
 2.63 169763 167521
 2.64 175743 173385
 2.65 180244 177787
 2.66 182989 180455
 2.67 183786 181200
 2.68 182561 179952
 2.69 179367 176764
 2.7 174381 171811
 2.71 167875 165362
 2.72 160179 157744
 2.73 151646 149305
 2.74 142613 140378
 2.75 133379 131256
