 2.25 891.633 865.687
 2.26 930.722 903.536
 2.27 972.046 943.544
 2.28 1015.77 985.873
 2.29 1062.09 1030.7
 2.3 1111.2 1078.23
 2.31 1163.33 1128.67
 2.32 1218.72 1182.25
 2.33 1277.65 1239.25
 2.34 1340.41 1299.95
 2.35 1407.34 1364.67
 2.36 1478.79 1433.75
 2.37 1555.19 1507.59
 2.38 1636.97 1586.62
 2.39 1724.62 1671.3
 2.4 1818.69 1762.16
 2.41 1919.78 1859.77
 2.42 2028.53 1964.72
 2.43 2145.61 2077.68
 2.44 2271.74 2199.26
 2.45 2407.55 2330.06
 2.46 2553.49 2470.39
 2.47 2709.44 2619.93
 2.48 2873.69 2776.44
 2.49 3039.48 2931.56
 2.5 3179.27 3049.04
 2.51 3145.31 2820
 2.52 4569.75 4271.7
 2.53 4460.3 4295.19
 2.54 4705.95 4544.77
 2.55 5045.51 4875.78
 2.56 5450.38 5267.66
 2.57 5918.84 5720.1
 2.58 6456.96 6239.36
 2.59 7075.08 6835.52
 2.6 7787.27 7522.19
 2.61 8611.66 8316.84
 2.62 9571.47 9241.82
 2.63 10696.3 10325.7
 2.64 12024.3 11605
 2.65 13604.8 13127.3
 2.66 15502.2 14954.4
 2.67 17801.4 17168.1
 2.68 20614.7 19876.2
 2.69 24091.6 23222.4
 2.7 28430.6 27397.4
 2.71 33892.1 32651.3
 2.72 40806.6 39301.5
 2.73 49562 47719.9
 2.74 60529 58261.6
 2.75 73842.9 71054.6
