 Energy(eV)     Ext_Z     Sca_Z     Ext_X     Sca_X
 442.801 0.00411596 0.000117168 0.00339752 0.000102224
 441.225 0.0042189 0.000120564 0.00348342 0.00010508
 439.66 0.0043256 0.00012408 0.00357232 0.000108032
 438.107 0.00443623 0.000127723 0.00366435 0.000111085
 436.564 0.00455098 0.000131498 0.00375965 0.000114243
 435.032 0.00467006 0.000135411 0.00385839 0.000117511
 433.511 0.00479368 0.00013947 0.00396071 0.000120895
 432 0.00492206 0.00014368 0.0040668 0.000124399
 430.5 0.00505546 0.00014805 0.00417684 0.000128029
 429.011 0.00519413 0.000152587 0.00429101 0.000131791
 427.532 0.00533834 0.0001573 0.00440953 0.000135692
 426.062 0.00548839 0.000162199 0.00453261 0.000139737
 424.603 0.00564459 0.000167291 0.00466049 0.000143934
 423.154 0.00580727 0.000172589 0.0047934 0.000148292
 421.715 0.0059768 0.000178102 0.00493162 0.000152816
 420.285 0.00615354 0.000183842 0.00507542 0.000157517
 418.865 0.00633791 0.000189822 0.0052251 0.000162403
 417.455 0.00653035 0.000196055 0.00538099 0.000167484
 416.054 0.00673132 0.000202555 0.00554341 0.00017277
 414.663 0.00694133 0.000209337 0.00571273 0.000178273
 413.28 0.00716091 0.000216419 0.00588935 0.000184004
 411.907 0.00739066 0.000223817 0.00607368 0.000189975
 410.544 0.00763119 0.00023155 0.00626616 0.0001962
 409.189 0.00788318 0.000239639 0.00646729 0.000202694
 407.843 0.00814735 0.000248105 0.00667757 0.000209472
 406.505 0.0084245 0.000256973 0.00689755 0.000216551
 405.177 0.00871548 0.000266268 0.00712785 0.000223949
 403.857 0.0090212 0.000276017 0.00736909 0.000231684
 402.546 0.00934267 0.000286251 0.00762198 0.000239778
 401.243 0.00968098 0.000297002 0.00788726 0.000248254
 399.949 0.0100373 0.000308304 0.00816575 0.000257134
 398.663 0.0104129 0.000320198 0.00845833 0.000266446
 397.385 0.0108092 0.000332723 0.00876595 0.000276217
 396.115 0.0112278 0.000345926 0.00908965 0.000286479
 394.854 0.0116702 0.000359856 0.00943055 0.000297265
 393.6 0.0121384 0.000374568 0.00978988 0.00030861
 392.355 0.0126344 0.000390121 0.010169 0.000320554
 391.117 0.0131603 0.00040658 0.0105693 0.000333141
 389.887 0.0137186 0.000424018 0.0109925 0.000346416
 388.665 0.0143121 0.000442513 0.0114402 0.000360432
 387.45 0.0149436 0.000462154 0.0119144 0.000375245
 386.243 0.0156165 0.000483036 0.0124172 0.000390915
 385.044 0.0163345 0.000505266 0.012951 0.000407512
 383.852 0.0171016 0.000528965 0.0135183 0.000425109
 382.667 0.0179224 0.000554264 0.014122 0.000443789
 381.49 0.018802 0.000581311 0.0147651 0.000463643
 380.319 0.019746 0.000610273 0.0154512 0.000484772
 379.156 0.020761 0.000641334 0.0161843 0.000507288
 378 0.0218542 0.000674705 0.0169686 0.000531317
 376.851 0.0230337 0.000710621 0.017809 0.000556998
 375.71 0.0243089 0.000749348 0.0187109 0.000584486
 374.574 0.0256904 0.000791192 0.0196805 0.000613957
 373.446 0.0271901 0.000836497 0.0207248 0.000645607
 372.325 0.028822 0.000885658 0.0218514 0.000679659
 371.21 0.0306021 0.00093913 0.0230694 0.000716364
 370.102 0.0325487 0.000997435 0.0243888 0.000756007
 369 0.0346833 0.00106118 0.0258212 0.000798914
 367.905 0.0370308 0.00113107 0.0273798 0.000845457
 366.817 0.0396205 0.00120792 0.0290798 0.000896063
 365.735 0.0424868 0.00129271 0.030939 0.000951224
 364.659 0.0456704 0.00138657 0.0329777 0.00101151
 363.59 0.0492202 0.00149086 0.0352199 0.00107758
 362.527 0.0531945 0.00160721 0.0376936 0.00115022
 361.47 0.0576638 0.00173755 0.0404319 0.00123032
 360.419 0.062714 0.00188427 0.043474 0.00131897
 359.374 0.0684505 0.00205025 0.0468665 0.00141744
 358.336 0.075004 0.00223906 0.0506658 0.00152726
 357.303 0.0825378 0.00245514 0.0549396 0.00165027
 356.276 0.0912585 0.00270409 0.0597711 0.00178869
 355.255 0.101431 0.00299301 0.065262 0.00194526
 354.24 0.113397 0.00333106 0.0715391 0.00212335
 353.231 0.127608 0.00373023 0.0787612 0.00232716
 352.228 0.144668 0.00420642 0.0871301 0.00256198
 351.23 0.165401 0.00478116 0.0969055 0.00283456
 350.238 0.190955 0.0054841 0.108427 0.00315364
 349.251 0.222971 0.00635718 0.122147 0.00353065
 348.27 0.263872 0.00746119 0.138684 0.00398091
 347.295 0.317375 0.0088872 0.158921 0.00452533
 346.324 0.389505 0.0107768 0.184212 0.00519331
 345.36 0.490996 0.0133606 0.21712 0.0060284
 344.4 0.646655 0.0170356 0.267487 0.00710585
 343.446 1.09495 0.0225433 0.94357 0.00847636
 342.498 1.29573 0.0313529 0.389599 0.0100982
 341.554 1.83558 0.0469259 0.473611 0.0125955
 340.616 3.15997 0.0788975 0.611229 0.0161263
 339.683 6.8489 0.164067 0.825297 0.0214396
 338.754 25.3274 0.569043 1.18098 0.0300512
 337.831 1020.12 20.6031 1.84424 0.0456571
 336.913 30.5649 0.505301 3.27832 0.0783283
 336 8.30341 0.0877085 7.57245 0.171498
 335.092 5.50819 0.0158419 35.183 0.718573
 334.189 11.6206 0.00716469 299.05 3.62003
 333.291 287.039 2.06832 107.064 1.24972
 332.397 8.26439 0.113334 9.32239 0.141985
 331.508 2.6605 0.045571 3.83578 0.0474862
 330.624 1.42544 0.0262198 2.37804 0.0188655
 329.745 0.941436 0.0172271 2.03446 0.00623513
 328.87 0.703697 0.0120375 2.67911 0.000411516
 328 0.585615 0.00860071 7.57716 0.0114191
 327.135 0.56617 0.00601416 289.372 1.73367
 326.274 0.756184 0.0036597 9.09206 0.0966696
