3.900999425575344404e+00
3.900742262277457684e+00
3.900318661390910435e+00
3.899736092134856502e+00
3.899004922096717785e+00
3.898138326257309050e+00
3.897152174383784029e+00
3.896064899808184379e+00
3.894897352993826445e+00
3.893672643546548517e+00
3.892415974440400994e+00
3.891154472202730030e+00
3.889917016697120200e+00
3.888734073567378768e+00
3.887637532973153842e+00
3.886660556282179435e+00
3.885837433580769940e+00
3.885203452778922983e+00
3.884794782075907449e+00
3.884648365613350585e+00
3.884801832393857790e+00
3.885293417659879012e+00
3.886161895653621912e+00
3.887446520934353167e+00
3.889186977019510660e+00
3.891423327714211400e+00
3.894195966719701474e+00
3.897545561844662831e+00
3.901512985215464191e+00
3.906139223489988765e+00
3.911465254801941960e+00
3.917531886534216579e+00
3.924379533184965130e+00
3.932047917430987027e+00
3.940575678052536279e+00
3.949999852024682845e+00
3.960355199669226778e+00
3.971673345144748790e+00
3.983981680830119831e+00
3.997301987943047585e+00
4.011648743614650847e+00
4.027027037513563279e+00
4.043430091641035062e+00
4.060836343333331655e+00
4.079206105773023339e+00
4.098477901867775053e+00
4.118564590124299762e+00
4.139349570114593035e+00
4.160683415313353173e+00
4.182381498954041987e+00
4.204223169217955913e+00
4.225953192976874107e+00
4.247285981654050246e+00
4.267912928617180413e+00
4.287512794959970286e+00
4.305764471978432262e+00
4.322361030256340442e+00
4.337023557203810498e+00
4.349513228908948648e+00
4.359640329757707100e+00
4.367269398364920008e+00
4.372320393243362524e+00
4.374766260573490939e+00
4.374627712680323910e+00
4.371966234417358876e+00
4.366876239446926711e+00
4.359477180787161288e+00
4.349906202629020946e+00
4.338311653761321551e+00
4.324847643252823559e+00
4.309669652865762757e+00
4.292931141178836008e+00
4.274781023173606087e+00
4.255361886848668007e+00
4.234808813187161292e+00
4.213248674717371856e+00
4.190799791948550457e+00
4.167571872904174413e+00
4.143666160684762012e+00
4.119175690485121777e+00
