 Energy(eV)     NS_eels     NN_eels     NS_cat     NN_cat     NS_CL_left     NS_CL_right     NN_CL_left     NN_CL_right     both_left     both_right
 2.5 0.000396962 0.000328033 0.000300023 0.000233782 0.000125847 0.000174176 8.75817e-05 0.0001462 8.71043e-05 0.000144756
 2.51 0.000403385 0.000333291 0.000305841 0.000238504 0.000128336 0.000177505 8.94603e-05 0.000149044 8.89362e-05 0.000147607
 2.52 0.000410016 0.000338718 0.000311826 0.000243357 0.000130899 0.000180927 9.13946e-05 0.000151963 9.08246e-05 0.000150537
 2.53 0.000416864 0.000344321 0.000317985 0.000248347 0.000133541 0.000184444 9.33872e-05 0.00015496 9.27722e-05 0.000153549
 2.54 0.000423937 0.000350107 0.000324326 0.000253479 0.000136264 0.000188062 9.54404e-05 0.000158038 9.47818e-05 0.000156645
 2.55 0.000431247 0.000356083 0.000330857 0.000258759 0.000139073 0.000191785 9.7557e-05 0.000161202 9.68561e-05 0.000159831
 2.56 0.000438802 0.000362257 0.000337588 0.000264194 0.000141971 0.000195617 9.97397e-05 0.000164454 9.89983e-05 0.000163108
 2.57 0.000446614 0.000368635 0.000344528 0.000269789 0.000144964 0.000199564 0.000101991 0.000167798 0.000101212 0.000166483
 2.58 0.000454696 0.000375228 0.000351687 0.000275553 0.000148056 0.000203631 0.000104315 0.000171238 0.0001035 0.000169958
 2.59 0.000463059 0.000382043 0.000359075 0.000281493 0.000151252 0.000207824 0.000106715 0.000174778 0.000105866 0.000173538
 2.6 0.000471718 0.000389089 0.000366705 0.000287616 0.000154557 0.000212148 0.000109193 0.000178423 0.000108314 0.000177229
 2.61 0.000480686 0.000396378 0.000374589 0.000293931 0.000157978 0.000216611 0.000111754 0.000182177 0.000110848 0.000181035
 2.62 0.000489979 0.000403918 0.000382739 0.000300445 0.00016152 0.000221219 0.000114401 0.000186044 0.000113473 0.000184961
 2.63 0.000499614 0.000411721 0.00039117 0.00030717 0.000165191 0.00022598 0.000117139 0.000190031 0.000116193 0.000189013
 2.64 0.000509608 0.000419799 0.000399897 0.000314114 0.000168997 0.000230901 0.000119971 0.000194142 0.000119014 0.000193198
 2.65 0.00051998 0.000428164 0.000408937 0.000321287 0.000172946 0.00023599 0.000122903 0.000198384 0.00012194 0.000197521
 2.66 0.000530751 0.000436829 0.000418305 0.000328701 0.000177047 0.000241258 0.00012594 0.000202762 0.000124977 0.00020199
 2.67 0.000541943 0.000445808 0.000428021 0.000336367 0.000181309 0.000246713 0.000129085 0.000207282 0.000128132 0.000206611
 2.68 0.000553578 0.000455115 0.000438106 0.000344298 0.00018574 0.000252366 0.000132346 0.000211952 0.00013141 0.000211392
 2.69 0.000565683 0.000464766 0.00044858 0.000352505 0.000190352 0.000258228 0.000135727 0.000216778 0.000134819 0.000216342
 2.7 0.000578285 0.000474777 0.000459466 0.000361003 0.000195156 0.000264311 0.000139234 0.000221769 0.000138365 0.000221468
 2.71 0.000591413 0.000485166 0.000470791 0.000369806 0.000200163 0.000270628 0.000142875 0.000226931 0.000142058 0.000226782
 2.72 0.000605099 0.000495951 0.00048258 0.00037893 0.000205388 0.000277192 0.000146656 0.000232274 0.000145905 0.000232291
 2.73 0.000619378 0.000507151 0.000494864 0.00038839 0.000210843 0.00028402 0.000150583 0.000237807 0.000149915 0.000238007
 2.74 0.000634287 0.000518788 0.000507673 0.000398205 0.000216546 0.000291127 0.000154666 0.000243539 0.000154098 0.000243941
 2.75 0.000649865 0.000530882 0.000521041 0.000408391 0.000222511 0.00029853 0.000158911 0.00024948 0.000158464 0.000250104
 2.76 0.000666158 0.000543457 0.000535007 0.000418968 0.000228759 0.000306249 0.000163328 0.00025564 0.000163024 0.000256511
 2.77 0.000683212 0.000556537 0.00054961 0.000429956 0.000235307 0.000314303 0.000167925 0.000262032 0.000167791 0.000263173
 2.78 0.000701079 0.000570149 0.000564893 0.000441377 0.000242177 0.000322716 0.000172712 0.000268666 0.000172776 0.000270106
 2.79 0.000719815 0.000584319 0.000580904 0.000453254 0.000249394 0.00033151 0.000177699 0.000275555 0.000177993 0.000277325
 2.8 0.000739479 0.000599077 0.000597694 0.00046561 0.000256981 0.000340713 0.000182896 0.000282714 0.000183458 0.000284846
 2.81 0.000760138 0.000614453 0.000615318 0.00047847 0.000264967 0.000350351 0.000188316 0.000290154 0.000189184 0.000292688
 2.82 0.000781863 0.000630479 0.000633836 0.000491862 0.00027338 0.000360456 0.000193969 0.000297892 0.00019519 0.000300869
 2.83 0.00080473 0.000647189 0.000653313 0.000505812 0.000282254 0.00037106 0.000199869 0.000305943 0.000201493 0.000309408
 2.84 0.000828823 0.00066462 0.000673819 0.000520351 0.000291622 0.000382198 0.000206027 0.000314323 0.000208112 0.000318328
 2.85 0.000854231 0.000682808 0.000695429 0.000535509 0.000301522 0.000393908 0.000212459 0.00032305 0.000215067 0.000327651
 2.86 0.000881051 0.000701794 0.000718224 0.000551318 0.000311994 0.00040623 0.000219178 0.000332141 0.000222379 0.000337401
 2.87 0.000909384 0.000721618 0.000742289 0.000567814 0.00032308 0.000419209 0.000226199 0.000341615 0.000230072 0.000347603
 2.88 0.000939341 0.000742325 0.000767715 0.00058503 0.000334826 0.000432889 0.000233537 0.000351493 0.000238168 0.000358284
 2.89 0.000971036 0.00076396 0.000794598 0.000603004 0.00034728 0.000447318 0.00024121 0.000361794 0.000246694 0.000369472
 2.9 0.00100459 0.00078657 0.000823035 0.000621774 0.000360489 0.000462546 0.000249233 0.000372541 0.000255675 0.000381196
 2.91 0.00104012 0.000810204 0.000853126 0.00064138 0.000374503 0.000478623 0.000257624 0.000383756 0.000265138 0.000393488
 2.92 0.00107775 0.000834914 0.000884969 0.000661863 0.00038937 0.000495599 0.000266401 0.000395462 0.00027511 0.000406376
 2.93 0.00111759 0.000860753 0.000918657 0.000683265 0.000405137 0.00051352 0.000275582 0.000407683 0.000285618 0.000419895
 2.94 0.00115976 0.000887775 0.000954272 0.000705629 0.000421842 0.000532429 0.000285185 0.000420444 0.000296688 0.000434073
 2.95 0.00120433 0.000916036 0.000991876 0.000728998 0.000439517 0.00055236 0.000295229 0.000433769 0.000308343 0.000448942
 2.96 0.00125137 0.000945594 0.00103151 0.000753419 0.000458175 0.00057333 0.000305733 0.000447686 0.000320606 0.00046453
 2.97 0.00130088 0.000976506 0.00107315 0.000778934 0.000477809 0.000595341 0.000316715 0.000462219 0.000333491 0.000480861
 2.98 0.00135279 0.00100883 0.00111674 0.000805591 0.000498382 0.000618361 0.000328194 0.000477396 0.000347007 0.000497954
 2.99 0.00140698 0.00104263 0.00116214 0.000833433 0.000519812 0.000642323 0.000340189 0.000493244 0.000361152 0.00051582
 3 0.00146315 0.00107797 0.00120907 0.000862505 0.000541964 0.000667108 0.000352716 0.000509788 0.000375911 0.000534461
 3.01 0.00152091 0.0011149 0.00125717 0.00089285 0.000564634 0.000692533 0.000365794 0.000527057 0.000391252 0.000553865
 3.02 0.00157964 0.00115348 0.00130586 0.000924512 0.00058753 0.000718335 0.000379437 0.000545075 0.000407122 0.000574003
 3.03 0.00163853 0.00119379 0.00135443 0.000957532 0.000610266 0.000744162 0.000393662 0.00056387 0.000423444 0.000594827
 3.04 0.00169652 0.00123586 0.00140192 0.00099195 0.00063235 0.000769566 0.000408483 0.000583467 0.000440116 0.000616271
 3.05 0.00175234 0.00127978 0.00144719 0.0010278 0.000653186 0.000794002 0.000423912 0.000603892 0.00045701 0.000638247
 3.06 0.00180449 0.00132559 0.00148894 0.00106513 0.000672094 0.000816848 0.000439963 0.00062517 0.000473977 0.00066065
 3.07 0.00185141 0.00137335 0.00152579 0.00110397 0.000688348 0.000837439 0.000456646 0.000647326 0.000490855 0.000683366
 3.08 0.00189151 0.00142314 0.00155635 0.00114436 0.000701232 0.000855121 0.000473973 0.000670386 0.000507486 0.000706285
 3.09 0.00192341 0.00147502 0.00157945 0.00118633 0.000710123 0.000869326 0.000491954 0.000694376 0.000523733 0.000729315
 3.1 0.00194611 0.00152907 0.00159423 0.00122992 0.000714575 0.000879652 0.0005106 0.000719323 0.000539503 0.000752398
 3.11 0.00195917 0.00158535 0.00160033 0.00127518 0.000714397 0.000885937 0.000529923 0.000745259 0.000554763 0.000775529
 3.12 0.00196281 0.00164396 0.001598 0.00132216 0.000709701 0.0008883 0.000549938 0.000772217 0.000569558 0.000798766
 3.13 0.00195796 0.00170502 0.00158807 0.0013709 0.000700914 0.000887153 0.000570663 0.000800237 0.000584008 0.000822232
 3.14 0.00194615 0.00176862 0.00157189 0.00142148 0.000688731 0.000883161 0.000592118 0.000829363 0.000598304 0.000846106
 3.15 0.00192935 0.00183493 0.00155121 0.00147398 0.000674041 0.000877168 0.000614331 0.000859649 0.000612686 0.000870614
 3.16 0.00190975 0.0019041 0.00152792 0.00152849 0.00065782 0.000870101 0.000637337 0.000891157 0.000627421 0.000896007
 3.17 0.00188956 0.00197633 0.00150393 0.00158514 0.000641041 0.000862884 0.000661177 0.000923961 0.000642784 0.000922542
 3.18 0.00187081 0.00205185 0.00148095 0.00164405 0.000624587 0.00085636 0.000685903 0.000958144 0.000659032 0.00095047
 3.19 0.00185523 0.00213093 0.00146045 0.00170538 0.000609205 0.000851247 0.000711575 0.000993802 0.0006764 0.000980024
 3.2 0.00184426 0.00221384 0.0014436 0.0017693 0.000595486 0.000848116 0.000738259 0.00103104 0.000695089 0.00101141
 3.21 0.00183896 0.00230092 0.00143126 0.00183599 0.000583862 0.000847397 0.000766028 0.00106996 0.000715266 0.00104482
 3.22 0.00184015 0.00239248 0.00142402 0.00190564 0.00057463 0.000849392 0.000794953 0.00111069 0.000737067 0.00108041
 3.23 0.00184837 0.00248887 0.00142228 0.00197841 0.000567978 0.000854303 0.000825095 0.00115331 0.000760593 0.00111831
 3.24 0.00186404 0.00259037 0.00142626 0.0020544 0.000564007 0.000862255 0.000856494 0.00119791 0.000785906 0.0011586
 3.25 0.00188743 0.0026972 0.00143609 0.00213365 0.000562764 0.000873323 0.000889149 0.0012445 0.000813024 0.00120134
 3.26 0.00191879 0.00280946 0.00145181 0.00221605 0.000564259 0.000887549 0.000922995 0.00129306 0.000841904 0.00124649
 3.27 0.00195832 0.00292704 0.00147345 0.00230129 0.000568486 0.000904961 0.000957874 0.00134342 0.000872425 0.00129394
 3.28 0.00200626 0.00304958 0.00150101 0.00238882 0.000575432 0.000925582 0.000993507 0.00139531 0.000904359 0.00134347
 3.29 0.00206291 0.0031764 0.00153453 0.00247774 0.00058509 0.000949436 0.00102947 0.00144828 0.000937359 0.0013947
 3.3 0.00212861 0.00330649 0.00157401 0.00256687 0.000597458 0.000976552 0.00106517 0.0015017 0.000970946 0.0014471
 3.31 0.00220379 0.00343862 0.00161951 0.00265471 0.000612546 0.00100696 0.0010999 0.00155481 0.00100452 0.00150003
 3.32 0.00228897 0.00357151 0.00167105 0.00273965 0.000630366 0.00104069 0.00113287 0.00160677 0.00103742 0.00155276
 3.33 0.00238477 0.00370417 0.00172868 0.00282017 0.000650932 0.00107775 0.00116334 0.00165682 0.00106899 0.00160457
 3.34 0.0024919 0.00383638 0.00179237 0.00289517 0.000674251 0.00111812 0.00119076 0.00170441 0.00109874 0.00165491
 3.35 0.00261122 0.00396894 0.00186206 0.00296419 0.000700317 0.00116175 0.00121486 0.00174933 0.00112634 0.00170346
 3.36 0.00274379 0.00410368 0.00193765 0.00302727 0.000729109 0.00120854 0.00123559 0.00179168 0.00115168 0.0017501
 3.37 0.00289097 0.00424257 0.00201899 0.00308435 0.000760615 0.00125838 0.00125282 0.00183153 0.00117449 0.0017946
 3.38 0.00305473 0.00438555 0.00210608 0.00313381 0.00079488 0.0013112 0.00126561 0.0018682 0.00119384 0.00183606
 3.39 0.00323802 0.00452719 0.00219925 0.00317072 0.000832111 0.00136714 0.00127135 0.00189938 0.0012073 0.00187215
 3.4 0.0034455 0.00465447 0.00229954 0.0031866 0.000872836 0.0014267 0.00126556 0.00192104 0.0012108 0.00189904
 3.41 0.00368437 0.00475264 0.00240912 0.00317487 0.000918112 0.00149101 0.00124466 0.00193021 0.00120089 0.00191384
 3.42 0.0039655 0.00482454 0.00253172 0.00314301 0.000969737 0.00156198 0.00121204 0.00193097 0.00118001 0.00191986
 3.43 0.00430447 0.00490762 0.00267267 0.00311804 0.0010304 0.00164228 0.00118103 0.00193701 0.00115932 0.00192885
 3.44 0.00472245 0.00506056 0.00283839 0.00313171 0.00110363 0.00173476 0.00116794 0.00196377 0.0011529 0.00195424
 3.45 0.00524595 0.00533294 0.0030345 0.00320052 0.00119335 0.00184115 0.00118263 0.0020179 0.00116948 0.00200178
 3.46 0.00590417 0.00575191 0.00326181 0.00331999 0.0013026 0.0019592 0.00122634 0.00209364 0.00121009 0.002066
 3.47 0.00672293 0.00632421 0.00351022 0.00346707 0.00143151 0.00207871 0.00129368 0.00217339 0.00126984 0.00213051
 3.48 0.00771244 0.00703339 0.0037561 0.00360428 0.00157767 0.00217843 0.00137363 0.00223066 0.0013404 0.00217009
 3.49 0.00879476 0.00778011 0.00397039 0.00369149 0.00174018 0.00223021 0.00145027 0.00224122 0.0014129 0.00215935
 3.5 0.00963722 0.008245 0.00415888 0.00372516 0.00190665 0.00225223 0.00151115 0.00221401 0.00147692 0.00211539
 3.51 0.0101219 0.008324 0.00443043 0.00380224 0.00205576 0.00237467 0.00158084 0.0022214 0.001542 0.00214446
 3.52 0.010737 0.00849968 0.00484308 0.00400236 0.00220298 0.0026401 0.00169871 0.00230365 0.00164483 0.00229441
 3.53 0.0116001 0.00900883 0.00528802 0.00430844 0.00234118 0.00294684 0.00186907 0.00243937 0.00179171 0.00251256
 3.54 0.0124003 0.00978022 0.00558923 0.00468385 0.00241793 0.0031713 0.00207635 0.0026075 0.00195253 0.00273158
 3.55 0.0127583 0.0105784 0.00558954 0.00504751 0.00237752 0.00321202 0.00227878 0.00276873 0.00207308 0.00287497
 3.56 0.0125213 0.0110155 0.00526809 0.00524762 0.00221662 0.00305147 0.00240152 0.0028461 0.00209635 0.00287516
 3.57 0.0119241 0.0108422 0.00479276 0.00518972 0.00200729 0.00278547 0.00239788 0.00279184 0.00201383 0.00273304
 3.58 0.0114024 0.0102707 0.00440078 0.00498012 0.00184961 0.00255116 0.0023172 0.00266292 0.00189149 0.00253856
 3.59 0.0112985 0.00972691 0.00425761 0.00481082 0.0018156 0.00244201 0.00225012 0.0025607 0.00181177 0.00239419
 3.6 0.0117566 0.00946713 0.00442748 0.0047864 0.00193769 0.00248979 0.00224631 0.0025401 0.00181623 0.00234642
 3.61 0.0127384 0.00954918 0.00489594 0.00491634 0.00221601 0.00267994 0.00231093 0.00260541 0.00190791 0.00239086
 3.62 0.0140192 0.00993745 0.00557017 0.00516922 0.00261231 0.00295786 0.00242996 0.00273925 0.00206887 0.00249872
 3.63 0.0151826 0.0105351 0.00626673 0.0054909 0.00303579 0.00323093 0.00257832 0.00291258 0.00226345 0.00262988
 3.64 0.0157538 0.0111534 0.0067575 0.00579222 0.00336002 0.00339748 0.00271389 0.00307833 0.00243748 0.0027386
 3.65 0.0154944 0.0115268 0.00689881 0.00595971 0.00349388 0.00340493 0.0027829 0.00317681 0.00253601 0.00278602
 3.66 0.0145751 0.0114758 0.00672559 0.00593151 0.00344629 0.0032793 0.00275665 0.00317486 0.0025409 0.00276202
 3.67 0.0134189 0.0110822 0.00640244 0.00576592 0.00330909 0.00309336 0.00266475 0.00310117 0.00248872 0.00269543
 3.68 0.0124117 0.0106087 0.00610042 0.00558996 0.00318466 0.00291575 0.0025699 0.00302006 0.0024389 0.00263056
 3.69 0.0117378 0.0102774 0.00591103 0.00549841 0.00312953 0.0027815 0.00251835 0.00298006 0.00243058 0.0025962
 3.7 0.0113705 0.0101702 0.00582614 0.00551669 0.0031383 0.00268784 0.00252246 0.00299423 0.00246883 0.00259757
 3.71 0.0111347 0.0102426 0.00575936 0.00560943 0.00315495 0.00260441 0.00256618 0.00304325 0.00253042 0.00262074
 3.72 0.0108008 0.0103561 0.00559403 0.00569349 0.00310287 0.00249116 0.00261175 0.00308175 0.00257381 0.0026365
 3.73 0.0102113 0.0103254 0.00525329 0.00566233 0.00293098 0.00232231 0.00260981 0.00305253 0.00255529 0.00260797
 3.74 0.00937274 0.0100087 0.00475057 0.00543807 0.00264786 0.00210271 0.00252215 0.00291592 0.00245133 0.00250837
 3.75 0.00842409 0.00939817 0.00416977 0.00502321 0.00230922 0.00186055 0.00234633 0.00267688 0.00227254 0.00233959
 3.76 0.00752433 0.00861878 0.00360118 0.00449619 0.00197548 0.00162569 0.00211587 0.00238032 0.00205507 0.00213083
 3.77 0.00677742 0.00783551 0.00310018 0.00395417 0.00168414 0.00141604 0.00187495 0.00207922 0.00183765 0.00191792
 3.78 0.00622808 0.00717174 0.00268594 0.00346486 0.00144867 0.00123727 0.00165561 0.00180925 0.00164564 0.00172572
 3.79 0.00588901 0.00669207 0.00235647 0.00305732 0.00126846 0.001088 0.00147248 0.00158484 0.00148923 0.00156467
 3.8 0.00576759 0.0064248 0.00210215 0.00273486 0.0011379 0.000964249 0.0013283 0.00140657 0.00136889 0.00143553
 3.81 0.00588548 0.00639056 0.00191357 0.00248971 0.00105162 0.000861952 0.00122054 0.00126917 0.00128089 0.00133473
 3.82 0.00629598 0.00662619 0.00178575 0.0023123 0.00100749 0.000778255 0.00114575 0.00116656 0.00122059 0.00125781
 3.83 0.00710374 0.0072049 0.00172133 0.00219607 0.00100896 0.000712373 0.00110166 0.0010944 0.00118399 0.00120116
 3.84 0.00847279 0.00824338 0.00173315 0.00213847 0.00106681 0.000666335 0.00108734 0.00105113 0.00116804 0.00116286
 3.85 0.0105199 0.00982196 0.00183747 0.00213454 0.0011941 0.000643376 0.00109912 0.00103542 0.00116957 0.00114129
 3.86 0.0128819 0.0116789 0.0020136 0.00216244 0.00137639 0.000637216 0.00112237 0.00104007 0.00118255 0.00113075
 3.87 0.0147023 0.0132402 0.00219111 0.00221721 0.00155794 0.000633177 0.00114517 0.00107203 0.00119816 0.00112892
 3.88 0.0160025 0.0145148 0.00238642 0.00234845 0.00171973 0.000666695 0.0011804 0.00116806 0.0012037 0.00114762
 3.89 0.0170196 0.0155031 0.00261659 0.00249792 0.00182475 0.000791833 0.00121658 0.00128135 0.00118891 0.00117045
 3.9 0.0175032 0.0161847 0.00274549 0.00255487 0.00177991 0.000965583 0.00124037 0.00131449 0.00116299 0.00115595
 3.91 0.0180024 0.0173076 0.00277957 0.00257315 0.00166089 0.00111868 0.00129641 0.00127674 0.00115772 0.00110306
 3.92 0.0192666 0.0194702 0.00288431 0.00259177 0.00166793 0.00121638 0.00138075 0.00121103 0.00119919 0.00103715
 3.93 0.0207276 0.0220723 0.00301919 0.00252787 0.00179237 0.00122682 0.00139729 0.00113058 0.0012458 0.000959895
 3.94 0.0209314 0.0237253 0.00306366 0.0023804 0.00188476 0.00117891 0.0013028 0.0010776 0.00120813 0.00086814
 3.95 0.0194203 0.0235152 0.00300821 0.00222258 0.00189061 0.0011176 0.00114308 0.00107951 0.00106159 0.000769855
 3.96 0.0173529 0.0217626 0.00286366 0.00206135 0.00181798 0.00104568 0.000956709 0.00110464 0.000848197 0.000674916
 3.97 0.0157291 0.0195597 0.0026415 0.00188135 0.00167725 0.000964248 0.000793256 0.0010881 0.000635423 0.000586803
 3.98 0.0150858 0.0181415 0.00237498 0.00168924 0.00149698 0.000877998 0.000681904 0.00100734 0.000481721 0.000514638
 3.99 0.0156717 0.0183458 0.00214261 0.0015093 0.00134177 0.000800837 0.000608184 0.000901112 0.000384073 0.000464103
 4 0.0166998 0.0196562 0.0019899 0.00134814 0.0012457 0.000744196 0.000550674 0.000797467 0.000313966 0.000429658
