 Energy(eV)     NS_eels     NN_eels     NS_cat     NN_cat     NS_CL_left     NS_CL_right     NN_CL_left     NN_CL_right     both_left     both_right
 2.5 0.000396962 0.000328033 0.000300023 0.000233782 0.000143214 0.000156809 0.000110715 0.000123067 0.00011095 0.00012091
 2.51 0.000403385 0.000333291 0.000305841 0.000238504 0.000145911 0.00015993 0.000112986 0.000125518 0.000113198 0.000123345
 2.52 0.000410016 0.000338718 0.000311826 0.000243357 0.000148682 0.000163144 0.000115328 0.000128029 0.000115516 0.000125846
 2.53 0.000416864 0.000344321 0.000317985 0.000248347 0.000151532 0.000166453 0.000117746 0.000130601 0.000117906 0.000128414
 2.54 0.000423937 0.000350107 0.000324326 0.000253479 0.000154464 0.000169862 0.000120243 0.000133236 0.000120374 0.000131053
 2.55 0.000431247 0.000356083 0.000330857 0.000258759 0.000157481 0.000173376 0.000122822 0.000135937 0.000122922 0.000133765
 2.56 0.000438802 0.000362257 0.000337588 0.000264194 0.000160588 0.000177001 0.000125489 0.000138704 0.000125555 0.000136552
 2.57 0.000446614 0.000368635 0.000344528 0.000269789 0.000163787 0.000180741 0.000128248 0.000141541 0.000128276 0.000139418
 2.58 0.000454696 0.000375228 0.000351687 0.000275553 0.000167085 0.000184602 0.000131104 0.000144449 0.000131092 0.000142366
 2.59 0.000463059 0.000382043 0.000359075 0.000281493 0.000170484 0.000188592 0.000134062 0.000147431 0.000134005 0.000145399
 2.6 0.000471718 0.000389089 0.000366705 0.000287616 0.00017399 0.000192716 0.000137128 0.000150488 0.000137023 0.00014852
 2.61 0.000480686 0.000396378 0.000374589 0.000293931 0.000177608 0.000196981 0.000140307 0.000153624 0.000140149 0.000151733
 2.62 0.000489979 0.000403918 0.000382739 0.000300445 0.000181343 0.000201396 0.000143606 0.00015684 0.000143391 0.000155043
 2.63 0.000499614 0.000411721 0.00039117 0.00030717 0.000185202 0.000205969 0.000147032 0.000160138 0.000146755 0.000158452
 2.64 0.000509608 0.000419799 0.000399897 0.000314114 0.000189189 0.000210708 0.000150592 0.000163522 0.000150246 0.000161965
 2.65 0.00051998 0.000428164 0.000408937 0.000321287 0.000193313 0.000215624 0.000154293 0.000166994 0.000153874 0.000165587
 2.66 0.000530751 0.000436829 0.000418305 0.000328701 0.000197579 0.000220726 0.000158145 0.000170557 0.000157645 0.000169322
 2.67 0.000541943 0.000445808 0.000428021 0.000336367 0.000201996 0.000226026 0.000162155 0.000174212 0.000161567 0.000173175
 2.68 0.000553578 0.000455115 0.000438106 0.000344298 0.00020657 0.000231535 0.000166334 0.000177963 0.00016565 0.000177151
 2.69 0.000565683 0.000464766 0.00044858 0.000352505 0.000211311 0.000237268 0.000170692 0.000181813 0.000169904 0.000181257
 2.7 0.000578285 0.000474777 0.000459466 0.000361003 0.000216228 0.000243239 0.000175239 0.000185764 0.000174337 0.000185496
 2.71 0.000591413 0.000485166 0.000470791 0.000369806 0.000221329 0.000249462 0.000179986 0.00018982 0.000178962 0.000189877
 2.72 0.000605099 0.000495951 0.00048258 0.00037893 0.000226626 0.000255954 0.000184948 0.000193982 0.00018379 0.000194406
 2.73 0.000619378 0.000507151 0.000494864 0.00038839 0.000232129 0.000262735 0.000190136 0.000198254 0.000188834 0.000199088
 2.74 0.000634287 0.000518788 0.000507673 0.000398205 0.000237849 0.000269823 0.000195566 0.000202639 0.000194106 0.000203933
 2.75 0.000649865 0.000530882 0.000521041 0.000408391 0.000243801 0.000277241 0.000201252 0.000207139 0.000199622 0.000208947
 2.76 0.000666158 0.000543457 0.000535007 0.000418968 0.000249995 0.000285012 0.000207211 0.000211757 0.000205396 0.000214139
 2.77 0.000683212 0.000556537 0.00054961 0.000429956 0.000256448 0.000293162 0.000213461 0.000216496 0.000211446 0.000219518
 2.78 0.000701079 0.000570149 0.000564893 0.000441377 0.000263173 0.000301721 0.000220019 0.000221358 0.000217788 0.000225093
 2.79 0.000719815 0.000584319 0.000580904 0.000453254 0.000270187 0.000310717 0.000226907 0.000226347 0.000224443 0.000230875
 2.8 0.000739479 0.000599077 0.000597694 0.00046561 0.000277507 0.000320187 0.000234146 0.000231464 0.000231429 0.000236875
 2.81 0.000760138 0.000614453 0.000615318 0.00047847 0.000285151 0.000330167 0.000241758 0.000236712 0.000238769 0.000243103
 2.82 0.000781863 0.000630479 0.000633836 0.000491862 0.000293138 0.000340698 0.000249769 0.000242093 0.000246486 0.000249573
 2.83 0.00080473 0.000647189 0.000653313 0.000505812 0.000301488 0.000351825 0.000258204 0.000247608 0.000254603 0.000256298
 2.84 0.000828823 0.00066462 0.000673819 0.000520351 0.000310222 0.000363598 0.000267091 0.00025326 0.000263148 0.000263293
 2.85 0.000854231 0.000682808 0.000695429 0.000535509 0.00031936 0.000376069 0.000276459 0.00025905 0.000272147 0.000270571
 2.86 0.000881051 0.000701794 0.000718224 0.000551318 0.000328926 0.000389298 0.00028634 0.000264978 0.000281629 0.000278151
 2.87 0.000909384 0.000721618 0.000742289 0.000567814 0.000338941 0.000403348 0.000296767 0.000271047 0.000291626 0.000286048
 2.88 0.000939341 0.000742325 0.000767715 0.00058503 0.000349426 0.000418289 0.000307775 0.000277255 0.000302169 0.000294283
 2.89 0.000971036 0.00076396 0.000794598 0.000603004 0.000360403 0.000434194 0.000319402 0.000283602 0.000313291 0.000302875
 2.9 0.00100459 0.00078657 0.000823035 0.000621774 0.00037189 0.000451145 0.000331685 0.000290089 0.000325026 0.000311846
 2.91 0.00104012 0.000810204 0.000853126 0.00064138 0.000383903 0.000469223 0.000344666 0.000296715 0.000337409 0.000321216
 2.92 0.00107775 0.000834914 0.000884969 0.000661863 0.000396451 0.000488518 0.000358387 0.000303476 0.000350476 0.00033101
 2.93 0.00111759 0.000860753 0.000918657 0.000683265 0.000409539 0.000509118 0.000372893 0.000310372 0.000364261 0.000341251
 2.94 0.00115976 0.000887775 0.000954272 0.000705629 0.000423159 0.000531113 0.000388229 0.0003174 0.000378798 0.000351963
 2.95 0.00120433 0.000916036 0.000991876 0.000728998 0.000437293 0.000554584 0.000404441 0.000324557 0.000394119 0.000363167
 2.96 0.00125137 0.000945594 0.00103151 0.000753419 0.000451901 0.000579604 0.000421579 0.000331839 0.00041025 0.000374886
 2.97 0.00130088 0.000976506 0.00107315 0.000778934 0.000466922 0.000606228 0.000439691 0.000339244 0.000427217 0.000387135
 2.98 0.00135279 0.00100883 0.00111674 0.000805591 0.000482264 0.000634479 0.000458825 0.000346766 0.000445034 0.000399927
 2.99 0.00140698 0.00104263 0.00116214 0.000833433 0.000497798 0.000664337 0.00047903 0.000354402 0.000463709 0.000413263
 3 0.00146315 0.00107797 0.00120907 0.000862505 0.000513349 0.000695724 0.000500354 0.00036215 0.000483239 0.000427133
 3.01 0.00152091 0.0011149 0.00125717 0.00089285 0.000528689 0.000728477 0.000522844 0.000370007 0.000503606 0.00044151
 3.02 0.00157964 0.00115348 0.00130586 0.000924512 0.000543532 0.000762333 0.000546542 0.00037797 0.000524779 0.000456345
 3.03 0.00163853 0.00119379 0.00135443 0.000957532 0.00055753 0.000796898 0.000571491 0.000386041 0.000546712 0.00047156
 3.04 0.00169652 0.00123586 0.00140192 0.00099195 0.00057028 0.000831636 0.000597728 0.000394222 0.000569341 0.000487046
 3.05 0.00175234 0.00127978 0.00144719 0.0010278 0.000581336 0.000865852 0.000625284 0.00040252 0.000592594 0.000502663
 3.06 0.00180449 0.00132559 0.00148894 0.00106513 0.000590235 0.000898708 0.000654188 0.000410945 0.000616393 0.000518233
 3.07 0.00185141 0.00137335 0.00152579 0.00110397 0.00059654 0.000929246 0.000684461 0.000419511 0.000640664 0.000533557
 3.08 0.00189151 0.00142314 0.00155635 0.00114436 0.000599893 0.00095646 0.000716116 0.000428243 0.00066535 0.000548421
 3.09 0.00192341 0.00147502 0.00157945 0.00118633 0.000600069 0.00097938 0.000749161 0.000437168 0.000690425 0.000562623
 3.1 0.00194611 0.00152907 0.00159423 0.00122992 0.000597038 0.00099719 0.000783594 0.000446329 0.000715906 0.000575994
 3.11 0.00195917 0.00158535 0.00160033 0.00127518 0.000590995 0.00100934 0.000819409 0.000455774 0.000741861 0.000588431
 3.12 0.00196281 0.00164396 0.001598 0.00132216 0.000582371 0.00101563 0.000856589 0.000465567 0.000768409 0.000599916
 3.13 0.00195796 0.00170502 0.00158807 0.0013709 0.000571801 0.00101627 0.000895113 0.000475786 0.00079571 0.00061053
 3.14 0.00194615 0.00176862 0.00157189 0.00142148 0.000560063 0.00101183 0.000934957 0.000486524 0.000823957 0.000620453
 3.15 0.00192935 0.00183493 0.00155121 0.00147398 0.000547998 0.00100321 0.000976089 0.000497891 0.000853346 0.000629954
 3.16 0.00190975 0.0019041 0.00152792 0.00152849 0.000536425 0.000991497 0.00101848 0.000510014 0.000884069 0.000639359
 3.17 0.00188956 0.00197633 0.00150393 0.00158514 0.000526076 0.000977849 0.0010621 0.00052304 0.00091629 0.000649036
 3.18 0.00187081 0.00205185 0.00148095 0.00164405 0.000517553 0.000963395 0.00110691 0.000537133 0.000950142 0.000659361
 3.19 0.00185523 0.00213093 0.00146045 0.00170538 0.000511307 0.000949145 0.0011529 0.000552473 0.000985723 0.000670702
 3.2 0.00184426 0.00221384 0.0014436 0.0017693 0.00050765 0.000935952 0.00120004 0.000569256 0.0010231 0.000683405
 3.21 0.00183896 0.00230092 0.00143126 0.00183599 0.000506766 0.000924492 0.0012483 0.000587688 0.0010623 0.000697787
 3.22 0.00184015 0.00239248 0.00142402 0.00190564 0.000508748 0.000915275 0.00129767 0.000607976 0.00110335 0.000714129
 3.23 0.00184837 0.00248887 0.00142228 0.00197841 0.000513618 0.000908663 0.00134809 0.000630319 0.00114623 0.000732671
 3.24 0.00186404 0.00259037 0.00142626 0.0020544 0.000521358 0.000904904 0.00139951 0.00065489 0.0011909 0.000753608
 3.25 0.00188743 0.0026972 0.00143609 0.00213365 0.000531931 0.000904156 0.00145184 0.000681814 0.00123729 0.000777073
 3.26 0.00191879 0.00280946 0.00145181 0.00221605 0.000545293 0.000906515 0.00150491 0.000711138 0.00128527 0.000803121
 3.27 0.00195832 0.00292704 0.00147345 0.00230129 0.000561408 0.000912039 0.0015585 0.000742789 0.00133467 0.0008317
 3.28 0.00200626 0.00304958 0.00150101 0.00238882 0.000580256 0.000920758 0.00161228 0.000776539 0.0013852 0.000862625
 3.29 0.00206291 0.0031764 0.00153453 0.00247774 0.000601831 0.000932695 0.00166579 0.000811957 0.00143651 0.000895545
 3.3 0.00212861 0.00330649 0.00157401 0.00256687 0.000626146 0.000947864 0.00171847 0.000848395 0.00148813 0.000929923
 3.31 0.00220379 0.00343862 0.00161951 0.00265471 0.000653226 0.00096628 0.00176972 0.000884995 0.0015395 0.000965055
 3.32 0.00228897 0.00357151 0.00167105 0.00273965 0.000683099 0.000987954 0.00181888 0.000920768 0.00159005 0.00100012
 3.33 0.00238477 0.00370417 0.00172868 0.00282017 0.000715789 0.00101289 0.00186542 0.000954742 0.00163926 0.00103429
 3.34 0.0024919 0.00383638 0.00179237 0.00289517 0.000751295 0.00104107 0.001909 0.000986175 0.00168671 0.00106693
 3.35 0.00261122 0.00396894 0.00186206 0.00296419 0.00078958 0.00107248 0.0019494 0.00101478 0.00173211 0.0010977
 3.36 0.00274379 0.00410368 0.00193765 0.00302727 0.000830564 0.00110708 0.00198639 0.00104088 0.00177507 0.0011267
 3.37 0.00289097 0.00424257 0.00201899 0.00308435 0.000874137 0.00114485 0.0020191 0.00106525 0.00181474 0.00115435
 3.38 0.00305473 0.00438555 0.00210608 0.00313381 0.000920214 0.00118587 0.00204511 0.0010887 0.00184896 0.00118094
 3.39 0.00323802 0.00452719 0.00219925 0.00317072 0.00096886 0.00123039 0.0020596 0.00111112 0.00187355 0.0012059
 3.4 0.0034455 0.00465447 0.00229954 0.0031866 0.00102048 0.00127906 0.00205608 0.00113052 0.00188276 0.00122707
 3.41 0.00368437 0.00475264 0.00240912 0.00317487 0.0010761 0.00133302 0.00203132 0.00114355 0.00187325 0.00124148
 3.42 0.0039655 0.00482454 0.00253172 0.00314301 0.00113762 0.00139411 0.00199365 0.00114936 0.00185104 0.00124883
 3.43 0.00430447 0.00490762 0.00267267 0.00311804 0.001208 0.00146468 0.00196409 0.00115396 0.00183304 0.00125512
 3.44 0.00472245 0.00506056 0.00283839 0.00313171 0.00129125 0.00154714 0.00196341 0.0011683 0.00183696 0.00127019
 3.45 0.00524595 0.00533294 0.0030345 0.00320052 0.00139192 0.00164258 0.00199976 0.00120076 0.00187059 0.00130066
 3.46 0.00590417 0.00575191 0.00326181 0.00331999 0.00151369 0.00174812 0.00206846 0.00125153 0.00193105 0.00134503
 3.47 0.00672293 0.00632421 0.00351022 0.00346707 0.00165704 0.00185318 0.00215649 0.00131057 0.00200816 0.00139219
 3.48 0.00771244 0.00703339 0.0037561 0.00360428 0.00181856 0.00193755 0.00224611 0.00135817 0.00208766 0.00142283
 3.49 0.00879476 0.00778011 0.00397039 0.00369149 0.00199244 0.00197795 0.00231736 0.00137413 0.00215358 0.00141867
 3.5 0.00963722 0.008245 0.00415888 0.00372516 0.00217681 0.00198207 0.00235192 0.00137324 0.00219551 0.00139679
 3.51 0.0101219 0.008324 0.00443043 0.00380224 0.00242178 0.00200865 0.00238266 0.00141958 0.00226139 0.00142508
 3.52 0.010737 0.00849968 0.00484308 0.00400236 0.00278085 0.00206223 0.00247127 0.00153109 0.00241652 0.00152272
 3.53 0.0116001 0.00900883 0.00528802 0.00430844 0.0032066 0.00208142 0.00262231 0.00168613 0.0026497 0.00165457
 3.54 0.0124003 0.00978022 0.00558923 0.00468385 0.00359311 0.00199612 0.00281301 0.00187084 0.0029059 0.0017782
 3.55 0.0127583 0.0105784 0.00558954 0.00504751 0.00383072 0.00175882 0.00299683 0.00205068 0.00310737 0.00184068
 3.56 0.0125213 0.0110155 0.00526809 0.00524762 0.00387227 0.00139583 0.00310313 0.00214449 0.00318402 0.00178749
 3.57 0.0119241 0.0108422 0.00479276 0.00518972 0.00377835 0.00101441 0.00310447 0.00208525 0.00313704 0.00160983
 3.58 0.0114024 0.0102707 0.00440078 0.00498012 0.00366917 0.000731608 0.00306879 0.00191133 0.00305263 0.00137742
 3.59 0.0112985 0.00972691 0.00425761 0.00481082 0.0036404 0.000617206 0.00308555 0.00172527 0.00302131 0.00118465
 3.6 0.0117566 0.00946713 0.00442748 0.0047864 0.00372908 0.000698399 0.00318635 0.00160005 0.00307478 0.00108788
 3.61 0.0127384 0.00954918 0.00489594 0.00491634 0.00391665 0.000979292 0.00335117 0.00156517 0.00319351 0.00110526
 3.62 0.0140192 0.00993745 0.00557017 0.00516922 0.00413384 0.00143633 0.00353705 0.00163217 0.00333098 0.00123661
 3.63 0.0151826 0.0105351 0.00626673 0.0054909 0.00427234 0.00199438 0.00368474 0.00180616 0.00342531 0.00146802
 3.64 0.0157538 0.0111534 0.0067575 0.00579222 0.00423177 0.00252572 0.00371796 0.00207426 0.00341146 0.00176462
 3.65 0.0154944 0.0115268 0.00689881 0.00595971 0.00398838 0.00291043 0.00357496 0.00238476 0.00325307 0.00206896
 3.66 0.0145751 0.0114758 0.00672559 0.00593151 0.00361319 0.0031124 0.00327557 0.00265594 0.00298239 0.00232053
 3.67 0.0134189 0.0110822 0.00640244 0.00576592 0.00321782 0.00318462 0.00293383 0.00283209 0.002693 0.00249115
 3.68 0.0124117 0.0106087 0.00610042 0.00558996 0.00289097 0.00320944 0.00267082 0.00291914 0.00247329 0.00259616
 3.69 0.0117378 0.0102774 0.00591103 0.00549841 0.00267147 0.00323956 0.00254279 0.00295562 0.00236074 0.00266605
 3.7 0.0113705 0.0101702 0.00582614 0.00551669 0.00255274 0.0032734 0.00254584 0.00297085 0.00235002 0.00271638
 3.71 0.0111347 0.0102426 0.00575936 0.00560943 0.0024969 0.00326245 0.00264162 0.00296782 0.00241237 0.00273878
 3.72 0.0108008 0.0103561 0.00559403 0.00569349 0.00245025 0.00314378 0.00276916 0.00292434 0.00250285 0.00270746
 3.73 0.0102113 0.0103254 0.00525329 0.00566233 0.00236557 0.00288772 0.00285504 0.0028073 0.00256647 0.00259678
 3.74 0.00937274 0.0100087 0.00475057 0.00543807 0.00222494 0.00252563 0.00283905 0.00259902 0.00255717 0.00240252
 3.75 0.00842409 0.00939817 0.00416977 0.00502321 0.00204246 0.00212731 0.00270542 0.00231779 0.00246167 0.00215047
 3.76 0.00752433 0.00861878 0.00360118 0.00449619 0.00184578 0.00175539 0.00248676 0.00200943 0.00230284 0.00188306
 3.77 0.00677742 0.00783551 0.00310018 0.00395417 0.00165785 0.00144234 0.00223523 0.00171894 0.00211854 0.00163703
 3.78 0.00622808 0.00717174 0.00268594 0.00346486 0.00149119 0.00119475 0.0019928 0.00147207 0.00193953 0.00143183
 3.79 0.00588901 0.00669207 0.00235647 0.00305732 0.00135038 0.00100608 0.00178157 0.00127575 0.00178214 0.00127176
 3.8 0.00576759 0.0064248 0.00210215 0.00273486 0.00123617 0.000865982 0.00160842 0.00112644 0.00165143 0.00115299
 3.81 0.00588548 0.00639056 0.00191357 0.00248971 0.00114872 0.000764843 0.00147255 0.00101716 0.00154647 0.00106916
 3.82 0.00629598 0.00662619 0.00178575 0.0023123 0.00109019 0.000695562 0.00137097 0.000941332 0.00146421 0.00101418
 3.83 0.00710374 0.0072049 0.00172133 0.00219607 0.00106694 0.00065439 0.00130189 0.000894177 0.0014018 0.000983349
 3.84 0.00847279 0.00824338 0.00173315 0.00213847 0.00109084 0.000642313 0.00126622 0.000872252 0.00135778 0.000973123
 3.85 0.0105199 0.00982196 0.00183747 0.00213454 0.00116985 0.000667624 0.00126543 0.000869114 0.00133234 0.000978516
 3.86 0.0128819 0.0116789 0.0020136 0.00216244 0.00126886 0.000744738 0.00129465 0.000867794 0.00132705 0.00098624
 3.87 0.0147023 0.0132402 0.00219111 0.00221721 0.00131464 0.000876476 0.00135765 0.000859555 0.0013474 0.000979682
 3.88 0.0160025 0.0145148 0.00238642 0.00234845 0.00134837 0.00103805 0.00147892 0.000869531 0.0013915 0.000959825
 3.89 0.0170196 0.0155031 0.00261659 0.00249792 0.00144649 0.00117009 0.00160846 0.000889467 0.00142811 0.000931242
 3.9 0.0175032 0.0161847 0.00274549 0.00255487 0.00154469 0.0012008 0.00166869 0.000886182 0.00142431 0.000894635
 3.91 0.0180024 0.0173076 0.00277957 0.00257315 0.00159969 0.00117987 0.00168336 0.000889793 0.00140163 0.000859149
 3.92 0.0192666 0.0194702 0.00288431 0.00259177 0.00165342 0.00123089 0.00167309 0.000918689 0.00139883 0.000837517
 3.93 0.0207276 0.0220723 0.00301919 0.00252787 0.00167605 0.00134314 0.00158995 0.000937919 0.00138406 0.00082163
 3.94 0.0209314 0.0237253 0.00306366 0.0023804 0.00165781 0.00140586 0.00143287 0.000947536 0.00128689 0.000789379
 3.95 0.0194203 0.0235152 0.00300821 0.00222258 0.00162753 0.00138067 0.00126841 0.000954176 0.00111101 0.000720441
 3.96 0.0173529 0.0217626 0.00286366 0.00206135 0.0015699 0.00129376 0.00114011 0.000921235 0.000920217 0.000602896
 3.97 0.0157291 0.0195597 0.0026415 0.00188135 0.00148293 0.00115857 0.00103179 0.000849564 0.000745775 0.000476451
 3.98 0.0150858 0.0181415 0.00237498 0.00168924 0.00136693 0.00100805 0.000910247 0.000778996 0.000606342 0.000390017
 3.99 0.0156717 0.0183458 0.00214261 0.0015093 0.0012533 0.000889312 0.000786106 0.00072319 0.00050799 0.000340186
 4 0.0166998 0.0196562 0.0019899 0.00134814 0.00117599 0.000813905 0.000683203 0.000664938 0.000438214 0.00030541
