   2.3368602e+02
   2.3379519e+02
   2.3414648e+02
   2.3473892e+02
   2.3557086e+02
   2.3664001e+02
   2.3794340e+02
   2.3947740e+02
   2.4123771e+02
   2.4321933e+02
   2.4541660e+02
   2.4782317e+02
   2.5043197e+02
   2.5323525e+02
   2.5622457e+02
   2.5939075e+02
   2.6272394e+02
   2.6621357e+02
   2.6984838e+02
   2.7361642e+02
   2.7750505e+02
   2.8150100e+02
   2.8559033e+02
   2.8975848e+02
   2.9399034e+02
   2.9827019e+02
   3.0258183e+02
   3.0690859e+02
   3.1123336e+02
   3.1553869e+02
   3.1980680e+02
   3.2401971e+02
   3.2815925e+02
   3.3220720e+02
   3.3614532e+02
   3.3995548e+02
   3.4361974e+02
   3.4712042e+02
   3.5044027e+02
   3.5356251e+02
   3.5647097e+02
   3.5915017e+02
   3.6158548e+02
   3.6376318e+02
   3.6567059e+02
   3.6729618e+02
   3.6862966e+02
   3.6966209e+02
   3.7038597e+02
   3.7079533e+02
   3.7088581e+02
   3.7065472e+02
   3.7010114e+02
   3.6922592e+02
   3.6803179e+02
   3.6652331e+02
   3.6470696e+02
   3.6259111e+02
   3.6018601e+02
   3.5750379e+02
   3.5455839e+02
   3.5136554e+02
   3.4794267e+02
   3.4430885e+02
   3.4048466e+02
   3.3649214e+02
   3.3235458e+02
   3.2809648e+02
   3.2374334e+02
   3.1932152e+02
   3.1485805e+02
   3.1038052e+02
   3.0591680e+02
   3.0149493e+02
   2.9714288e+02
   2.9288838e+02
   2.8875871e+02
   2.8478050e+02
   2.8097953e+02
   2.7738055e+02
   2.7400712e+02
   2.7088137e+02
   2.6802389e+02
   2.6545355e+02
   2.6318735e+02
   2.6124030e+02
   2.5962530e+02
   2.5835303e+02
   2.5743190e+02
   2.5686794e+02
   2.5666476e+02
   2.5682358e+02
   2.5734313e+02
   2.5821973e+02
   2.5944729e+02
   2.6101736e+02
   2.6291922e+02
   2.6513990e+02
   2.6766438e+02
   2.7047560e+02
   2.7355468e+02
   2.7688101e+02
   2.8043244e+02
   2.8418542e+02
   2.8811519e+02
   2.9219599e+02
   2.9640120e+02
   3.0070358e+02
   3.0507544e+02
   3.0948885e+02
   3.1391581e+02
   3.1832851e+02
   3.2269944e+02
   3.2700161e+02
   3.3120876e+02
   3.3529544e+02
   3.3923726e+02
   3.4301098e+02
   3.4659467e+02
   3.4996781e+02
   3.5311143e+02
   3.5600818e+02
   3.5864241e+02
   3.6100024e+02
   3.6306963e+02
   3.6484040e+02
   3.6630423e+02
   3.6745472e+02
   3.6828734e+02
   3.6879943e+02
   3.6899016e+02
   3.6886051e+02
   3.6841317e+02
   3.6765254e+02
   3.6658459e+02
   3.6521683e+02
   3.6355821e+02
   3.6161901e+02
   3.5941074e+02
   3.5694608e+02
   3.5423869e+02
   3.5130321e+02
   3.4815506e+02
   3.4481038e+02
   3.4128590e+02
   3.3759885e+02
   3.3376682e+02
   3.2980773e+02
   3.2573964e+02
   3.2158074e+02
   3.1734920e+02
   3.1306312e+02
   3.0874044e+02
   3.0439887e+02
   3.0005580e+02
   2.9572829e+02
   2.9143296e+02
   2.8718595e+02
   2.8300292e+02
   2.7889895e+02
   2.7488854e+02
   2.7098557e+02
   2.6720330e+02
   2.6355430e+02
   2.6005049e+02
   2.5670310e+02
   2.5352265e+02
   2.5051897e+02
   2.4770120e+02
   2.4507777e+02
   2.4265640e+02
   2.4044413e+02
   2.3844729e+02
   2.3667153e+02
   2.3512183e+02
   2.3380247e+02
   2.3271708e+02
   2.3186861e+02
   2.3125936e+02
   2.3089095e+02
   2.3076437e+02
   2.3087995e+02
   2.3123735e+02
   2.3183559e+02
   2.3267304e+02
   2.3374739e+02
   2.3505570e+02
   2.3659434e+02
   2.3835901e+02
   2.4034474e+02
   2.4254588e+02
   2.4495609e+02
   2.4756833e+02
   2.5037488e+02
   2.5336731e+02
   2.5653647e+02
   2.5987255e+02
   2.6336501e+02
   2.6700263e+02
   2.7077349e+02
   2.7466502e+02
   2.7866397e+02
   2.8275645e+02
   2.8692798e+02
   2.9116347e+02
   2.9544729e+02
   2.9976328e+02
   3.0409484e+02
   3.0842493e+02
   3.1273616e+02
   3.1701083e+02
   3.2123102e+02
   3.2537866e+02
   3.2943557e+02
   3.3338361e+02
   3.3720472e+02
   3.4088102e+02
   3.4439493e+02
   3.4772925e+02
   3.5086729e+02
   3.5379294e+02
   3.5649080e+02
   3.5894629e+02
   3.6114575e+02
   3.6307658e+02
   3.6472729e+02
   3.6608764e+02
   3.6714873e+02
   3.6790311e+02
   3.6834483e+02
   3.6846956e+02
   3.6827464e+02
   3.6775916e+02
   3.6692398e+02
   3.6577181e+02
   3.6430724e+02
   3.6253672e+02
   3.6046861e+02
   3.5811314e+02
   3.5548239e+02
   3.5259029e+02
   3.4945252e+02
   3.4608647e+02
   3.4251114e+02
   3.3874709e+02
   3.3481628e+02
   3.3074195e+02
   3.2654854e+02
   3.2226148e+02
   3.1790706e+02
   3.1351226e+02
   3.0910458e+02
   3.0471185e+02
   3.0036203e+02
   2.9608303e+02
   2.9190252e+02
   2.8784770e+02
   2.8394515e+02
   2.8022060e+02
   2.7669874e+02
   2.7340306e+02
   2.7035566e+02
   2.6757707e+02
   2.6508610e+02
   2.6289973e+02
   2.6103291e+02
   2.5949849e+02
   2.5830713e+02
   2.5746717e+02
   2.5698462e+02
   2.5686305e+02
   2.5710362e+02
   2.5770503e+02
   2.5866355e+02
   2.5997305e+02
   2.6162502e+02
   2.6360870e+02
   2.6591106e+02
   2.6851702e+02
   2.7140947e+02
   2.7456946e+02
   2.7797631e+02
   2.8160779e+02
   2.8544029e+02
   2.8944898e+02
   2.9360800e+02
   2.9789065e+02
   3.0226960e+02
   3.0671708e+02
   3.1120507e+02
   3.1570547e+02
   3.2019038e+02
   3.2463220e+02
   3.2900385e+02
   3.3327896e+02
   3.3743201e+02
   3.4143852e+02
   3.4527516e+02
   3.4891993e+02
   3.5235222e+02
   3.5555299e+02
   3.5850483e+02
   3.6119203e+02
   3.6360066e+02
   3.6571864e+02
   3.6753572e+02
   3.6904359e+02
   3.7023579e+02
   3.7110780e+02
   3.7165693e+02
   3.7188237e+02
   3.7178509e+02
   3.7136782e+02
   3.7063495e+02
   3.6959252e+02
   3.6824805e+02
   3.6661054e+02
   3.6469033e+02
   3.6249898e+02
   3.6004922e+02
   3.5735480e+02
   3.5443043e+02
   3.5129159e+02
   3.4795451e+02
   3.4443600e+02
   3.4075337e+02
   3.3692431e+02
   3.3296681e+02
   3.2889903e+02
   3.2473924e+02
   3.2050571e+02
   3.1621661e+02
   3.1188997e+02
   3.0754359e+02
   3.0319494e+02
   2.9886116e+02
   2.9455894e+02
   2.9030451e+02
   2.8611358e+02
   2.8200132e+02
   2.7798228e+02
   2.7407042e+02
   2.7027903e+02
   2.6662076e+02
   2.6310757e+02
   2.5975073e+02
   2.5656083e+02
   2.5354772e+02
   2.5072058e+02
   2.4808788e+02
   2.4565737e+02
   2.4343612e+02
   2.4143048e+02
   2.3964613e+02
   2.3808807e+02
   2.3676059e+02
   2.3566734e+02
   2.3481129e+02
   2.3419473e+02
   2.3381931e+02
   2.3368602e+02
