   4.5880161e+00
   4.6748907e+00
   4.9268246e+00
   5.3436671e+00
   5.9251695e+00
   6.6709865e+00
   7.5806746e+00
   8.6536914e+00
   9.8893936e+00
   1.1287035e+01
   1.2845763e+01
   1.4564619e+01
   1.6442533e+01
   1.8478320e+01
   2.0670681e+01
   2.3018195e+01
   2.5519320e+01
   2.8172386e+01
   3.0975591e+01
   3.3927002e+01
   3.7024546e+01
   4.0266008e+01
   4.3649025e+01
   4.7171088e+01
   5.0829530e+01
   5.4621528e+01
   5.8544095e+01
   6.2594080e+01
   6.6768163e+01
   7.1062851e+01
   7.5474473e+01
   7.9999181e+01
   8.4632947e+01
   8.9371557e+01
   9.4210612e+01
   9.9145526e+01
   1.0417153e+02
   1.0928365e+02
   1.1447674e+02
   1.1974546e+02
   1.2508429e+02
   1.3048750e+02
   1.3594921e+02
   1.4146334e+02
   1.4702363e+02
   1.5262365e+02
   1.5825683e+02
   1.6391639e+02
   1.6959544e+02
   1.7528691e+02
   1.8098362e+02
   1.8667824e+02
   1.9236333e+02
   1.9803133e+02
   2.0367459e+02
   2.0928538e+02
   2.1485589e+02
   2.2037824e+02
   2.2584453e+02
   2.3124682e+02
   2.3657714e+02
   2.4182754e+02
   2.4699008e+02
   2.5205687e+02
   2.5702005e+02
   2.6187186e+02
   2.6660459e+02
   2.7121067e+02
   2.7568266e+02
   2.8001323e+02
   2.8419526e+02
   2.8822177e+02
   2.9208601e+02
   2.9578143e+02
   2.9930173e+02
   3.0264087e+02
   3.0579305e+02
   3.0875280e+02
   3.1151493e+02
   3.1407456e+02
   3.1642716e+02
   3.1856854e+02
   3.2049488e+02
   3.2220272e+02
   3.2368897e+02
   3.2495095e+02
   3.2598638e+02
   3.2679336e+02
   3.2737043e+02
   3.2771654e+02
   3.2783105e+02
   3.2771374e+02
   3.2736482e+02
   3.2678493e+02
   3.2597510e+02
   3.2493682e+02
   3.2367194e+02
   3.2218277e+02
   3.2047197e+02
   3.1854263e+02
   3.1639819e+02
   3.1404248e+02
   3.1147968e+02
   3.0871433e+02
   3.0575129e+02
   3.0259575e+02
   2.9925319e+02
   2.9572938e+02
   2.9203038e+02
   2.8816249e+02
   2.8413225e+02
   2.7994642e+02
   2.7561195e+02
   2.7113600e+02
   2.6652587e+02
   2.6178902e+02
   2.5693303e+02
   2.5196558e+02
   2.4689445e+02
   2.4172750e+02
   2.3647263e+02
   2.3113779e+02
   2.2573092e+02
   2.2026000e+02
   2.1473297e+02
   2.0915775e+02
   2.0354223e+02
   1.9789420e+02
   1.9222142e+02
   1.8653154e+02
   1.8083214e+02
   1.7513065e+02
   1.6943441e+02
   1.6375062e+02
   1.5808636e+02
   1.5244853e+02
   1.4684391e+02
   1.4127909e+02
   1.3576052e+02
   1.3029445e+02
   1.2488697e+02
   1.1954399e+02
   1.1427124e+02
   1.0907426e+02
   1.0395839e+02
   9.8928797e+01
   9.3990461e+01
   8.9148165e+01
   8.4406506e+01
   7.9769896e+01
   7.5242557e+01
   7.0828532e+01
   6.6531679e+01
   6.2355680e+01
   5.8304037e+01
   5.4380082e+01
   5.0586978e+01
   4.6927719e+01
   4.3405140e+01
   4.0021914e+01
   3.6780563e+01
   3.3683456e+01
   3.0732816e+01
   2.7930724e+01
   2.5279121e+01
   2.2779814e+01
   2.0434479e+01
   1.8244666e+01
   1.6211797e+01
   1.4337179e+01
   1.2621997e+01
   1.1067325e+01
   9.6741254e+00
   8.4432505e+00
   7.3754477e+00
   6.4713602e+00
   5.7315300e+00
   5.1563993e+00
   4.7463118e+00
   4.5015135e+00
   4.4221522e+00
   4.5082758e+00
   4.7598325e+00
   5.1766713e+00
   5.7585423e+00
   6.5050983e+00
   7.4158932e+00
   8.4903814e+00
   9.7279157e+00
   1.1127745e+01
   1.2689012e+01
   1.4410750e+01
   1.6291882e+01
   1.8331217e+01
   2.0527444e+01
   2.2879135e+01
   2.5384736e+01
   2.8042564e+01
   3.0850809e+01
   3.3807522e+01
   3.6910616e+01
   4.0157863e+01
   4.3546887e+01
   4.7075160e+01
   5.0740001e+01
   5.4538569e+01
   5.8467861e+01
   6.2524709e+01
   6.6705773e+01
   7.1007542e+01
   7.5426327e+01
   7.9958261e+01
   8.4599296e+01
   8.9345198e+01
   9.4191549e+01
   9.9133743e+01
   1.0416699e+02
   1.0928630e+02
   1.1448650e+02
   1.1976224e+02
   1.2510797e+02
   1.3051795e+02
   1.3598627e+02
   1.4150684e+02
   1.4707338e+02
   1.5267944e+02
   1.5831843e+02
   1.6398357e+02
   1.6966793e+02
   1.7536445e+02
   1.8106591e+02
   1.8676497e+02
   1.9245419e+02
   1.9812599e+02
   2.0377271e+02
   2.0938661e+02
   2.1495986e+02
   2.2048459e+02
   2.2595289e+02
   2.3135679e+02
   2.3668834e+02
   2.4193958e+02
   2.4710257e+02
   2.5216941e+02
   2.5713224e+02
   2.6198330e+02
   2.6671489e+02
   2.7131944e+02
   2.7578951e+02
   2.8011779e+02
   2.8429714e+02
   2.8832061e+02
   2.9218145e+02
   2.9587313e+02
   2.9938935e+02
   3.0272408e+02
   3.0587155e+02
   3.0882629e+02
   3.1158313e+02
   3.1413720e+02
   3.1648401e+02
   3.1861936e+02
   3.2053946e+02
   3.2224087e+02
   3.2372052e+02
   3.2497575e+02
   3.2600429e+02
   3.2680429e+02
   3.2737429e+02
   3.2771325e+02
   3.2782058e+02
   3.2769606e+02
   3.2733995e+02
   3.2675288e+02
   3.2593593e+02
   3.2489058e+02
   3.2361874e+02
   3.2212271e+02
   3.2040519e+02
   3.1846928e+02
   3.1631845e+02
   3.1395654e+02
   3.1138776e+02
   3.0861666e+02
   3.0564812e+02
   3.0248733e+02
   2.9913982e+02
   2.9561136e+02
   2.9190801e+02
   2.8803610e+02
   2.8400218e+02
   2.7981301e+02
   2.7547557e+02
   2.7099701e+02
   2.6638464e+02
   2.6164594e+02
   2.5678848e+02
   2.5181996e+02
   2.4674815e+02
   2.4158093e+02
   2.3632618e+02
   2.3099185e+02
   2.2558590e+02
   2.2011628e+02
   2.1459096e+02
   2.0901783e+02
   2.0340476e+02
   1.9775958e+02
   1.9209001e+02
   1.8640370e+02
   1.8070821e+02
   1.7501097e+02
   1.6931931e+02
   1.6364042e+02
   1.5798135e+02
   1.5234901e+02
   1.4675014e+02
   1.4119134e+02
   1.3567901e+02
   1.3021942e+02
   1.2481863e+02
   1.1948254e+02
   1.1421684e+02
   1.0902707e+02
   1.0391854e+02
   9.8896419e+01
   9.3965649e+01
   8.9131000e+01
   8.4397049e+01
   7.9768190e+01
   7.5248625e+01
   7.0842379e+01
   6.6553290e+01
   6.2385019e+01
   5.8341053e+01
   5.4424704e+01
   5.0639116e+01
   4.6987265e+01
   4.3471968e+01
   4.0095882e+01
   3.6861511e+01
   3.3771207e+01
   3.0827179e+01
   2.8031490e+01
   2.5386067e+01
   2.2892704e+01
   2.0553062e+01
   1.8368677e+01
   1.6340960e+01
   1.4471205e+01
   1.2760588e+01
   1.1210171e+01
   9.8209064e+00
   8.5936388e+00
   7.5291071e+00
   6.6279474e+00
   5.8906949e+00
   5.3177858e+00
   4.9095584e+00
   4.6662539e+00
   4.5880161e+00
