   8.6734995e+01
   8.6975239e+01
   8.7657328e+01
   8.8781043e+01
   9.0346029e+01
   9.2351793e+01
   9.4797697e+01
   9.7682955e+01
   1.0100662e+02
   1.0476758e+02
   1.0896455e+02
   1.1359604e+02
   1.1866037e+02
   1.2415566e+02
   1.3007976e+02
   1.3643030e+02
   1.4320464e+02
   1.5039986e+02
   1.5801273e+02
   1.6603969e+02
   1.7447687e+02
   1.8332000e+02
   1.9256446e+02
   2.0220519e+02
   2.1223674e+02
   2.2265320e+02
   2.3344818e+02
   2.4461482e+02
   2.5614573e+02
   2.6803302e+02
   2.8026821e+02
   2.9284231e+02
   3.0574569e+02
   3.1896815e+02
   3.3249888e+02
   3.4632643e+02
   3.6043872e+02
   3.7482301e+02
   3.8946591e+02
   4.0435336e+02
   4.1947066e+02
   4.3480240e+02
   4.5033254e+02
   4.6604436e+02
   4.8192049e+02
   4.9794291e+02
   5.1409296e+02
   5.3035136e+02
   5.4669824e+02
   5.6311313e+02
   5.7957502e+02
   5.9606236e+02
   6.1255309e+02
   6.2902470e+02
   6.4545425e+02
   6.6181838e+02
   6.7809341e+02
   6.9425534e+02
   7.1027992e+02
   7.2614269e+02
   7.4181903e+02
   7.5728422e+02
   7.7251351e+02
   7.8748215e+02
   8.0216548e+02
   8.1653898e+02
   8.3057831e+02
   8.4425943e+02
   8.5755860e+02
   8.7045251e+02
   8.8291827e+02
   8.9493357e+02
   9.0647665e+02
   9.1752643e+02
   9.2806256e+02
   9.3806545e+02
   9.4751637e+02
   9.5639749e+02
   9.6469194e+02
   9.7238386e+02
   9.7945847e+02
   9.8590207e+02
   9.9170215e+02
   9.9684738e+02
   1.0013277e+03
   1.0051342e+03
   1.0082595e+03
   1.0106973e+03
   1.0124428e+03
   1.0134925e+03
   1.0138443e+03
   1.0134974e+03
   1.0124526e+03
   1.0107118e+03
   1.0082785e+03
   1.0051575e+03
   1.0013548e+03
   9.9687791e+02
   9.9173560e+02
   9.8593787e+02
   9.7949598e+02
   9.7242241e+02
   9.6473077e+02
   9.5643580e+02
   9.4755331e+02
   9.3810012e+02
   9.2809402e+02
   9.1755370e+02
   9.0649870e+02
   8.9494936e+02
   8.8292672e+02
   8.7045252e+02
   8.5754906e+02
   8.4423921e+02
   8.3054627e+02
   8.1649397e+02
   8.0210637e+02
   7.8740779e+02
   7.7242277e+02
   7.5717600e+02
   7.4169223e+02
   7.2599625e+02
   7.1011279e+02
   6.9406651e+02
   6.7788190e+02
   6.6158325e+02
   6.4519461e+02
   6.2873972e+02
   6.1224196e+02
   5.9572434e+02
   5.7920944e+02
   5.6271935e+02
   5.4627571e+02
   5.2989958e+02
   5.1361150e+02
   4.9743141e+02
   4.8137866e+02
   4.6547199e+02
   4.4972948e+02
   4.3416858e+02
   4.1880609e+02
   4.0365814e+02
   3.8874019e+02
   3.7406704e+02
   3.5965282e+02
   3.4551100e+02
   3.3165439e+02
   3.1809515e+02
   3.0484481e+02
   2.9191426e+02
   2.7931378e+02
   2.6705305e+02
   2.5514116e+02
   2.4358665e+02
   2.3239748e+02
   2.2158110e+02
   2.1114445e+02
   2.0109398e+02
   1.9143565e+02
   1.8217500e+02
   1.7331712e+02
   1.6486671e+02
   1.5682806e+02
   1.4920512e+02
   1.4200149e+02
   1.3522043e+02
   1.2886492e+02
   1.2293764e+02
   1.1744100e+02
   1.1237716e+02
   1.0774806e+02
   1.0355539e+02
   9.9800670e+01
   9.6485201e+01
   9.3610117e+01
   9.1176376e+01
   8.9184777e+01
   8.7635964e+01
   8.6530433e+01
   8.5868538e+01
   8.5650493e+01
   8.5876375e+01
   8.6546125e+01
   8.7659544e+01
   8.9216297e+01
   9.1215902e+01
   9.3657732e+01
   9.6541005e+01
   9.9864774e+01
   1.0362793e+02
   1.0782916e+02
   1.1246699e+02
   1.1753971e+02
   1.2304541e+02
   1.2898194e+02
   1.3534689e+02
   1.4213757e+02
   1.4935104e+02
   1.5698403e+02
   1.6503293e+02
   1.7349381e+02
   1.8236236e+02
   1.9163388e+02
   2.0130328e+02
   2.1136503e+02
   2.2181313e+02
   2.3264113e+02
   2.4384209e+02
   2.5540854e+02
   2.6733250e+02
   2.7960541e+02
   2.9221816e+02
   3.0516105e+02
   3.1842378e+02
   3.3199543e+02
   3.4586444e+02
   3.6001863e+02
   3.7444515e+02
   3.8913049e+02
   4.0406050e+02
   4.1922033e+02
   4.3459449e+02
   4.5016681e+02
   4.6592045e+02
   4.8183792e+02
   4.9790109e+02
   5.1409119e+02
   5.3038881e+02
   5.4677398e+02
   5.6322611e+02
   5.7972409e+02
   5.9624624e+02
   6.1277042e+02
   6.2927401e+02
   6.4573396e+02
   6.6212684e+02
   6.7842886e+02
   6.9461595e+02
   7.1066376e+02
   7.2654778e+02
   7.4224330e+02
   7.5772555e+02
   7.7296973e+02
   7.8795103e+02
   8.0264475e+02
   8.1702632e+02
   8.3107140e+02
   8.4475591e+02
   8.5805611e+02
   8.7094867e+02
   8.8341072e+02
   8.9541994e+02
   9.0695461e+02
   9.1799367e+02
   9.2851680e+02
   9.3850446e+02
   9.4793797e+02
   9.5679955e+02
   9.6507241e+02
   9.7274076e+02
   9.7978989e+02
   9.8620621e+02
   9.9197728e+02
   9.9709189e+02
   1.0015401e+03
   1.0053131e+03
   1.0084035e+03
   1.0108054e+03
   1.0125139e+03
   1.0135256e+03
   1.0138388e+03
   1.0134526e+03
   1.0123680e+03
   1.0105871e+03
   1.0081134e+03
   1.0049519e+03
   1.0011089e+03
   9.9659189e+02
   9.9140981e+02
   9.8557281e+02
   9.7909229e+02
   9.7198086e+02
   9.6425227e+02
   9.5592139e+02
   9.4700415e+02
   9.3751749e+02
   9.2747933e+02
   9.1690845e+02
   9.0582452e+02
   8.9424797e+02
   8.8219993e+02
   8.6970223e+02
   8.5677727e+02
   8.4344795e+02
   8.2973769e+02
   8.1567024e+02
   8.0126973e+02
   7.8656053e+02
   7.7156721e+02
   7.5631449e+02
   7.4082714e+02
   7.2512997e+02
   7.0924771e+02
   6.9320504e+02
   6.7702642e+02
   6.6073615e+02
   6.4435823e+02
   6.2791638e+02
   6.1143397e+02
   5.9493394e+02
   5.7843882e+02
   5.6197068e+02
   5.4555106e+02
   5.2920098e+02
   5.1294091e+02
   4.9679071e+02
   4.8076966e+02
   4.6489640e+02
   4.4918894e+02
   4.3366463e+02
   4.1834018e+02
   4.0323162e+02
   3.8835431e+02
   3.7372296e+02
   3.5935158e+02
   3.4525355e+02
   3.3144157e+02
   3.1792770e+02
   3.0472334e+02
   2.9183929e+02
   2.7928572e+02
   2.6707220e+02
   2.5520771e+02
   2.4370067e+02
   2.3255896e+02
   2.2178991e+02
   2.1140037e+02
   2.0139666e+02
   1.9178466e+02
   1.8256980e+02
   1.7375709e+02
   1.6535111e+02
   1.5735608e+02
   1.4977585e+02
   1.4261393e+02
   1.3587351e+02
   1.2955747e+02
   1.2366841e+02
   1.1820868e+02
   1.1318036e+02
   1.0858531e+02
   1.0442517e+02
   1.0070138e+02
   9.7415196e+01
   9.4567690e+01
   9.2159768e+01
   9.0192178e+01
   8.8665520e+01
   8.7580249e+01
   8.6936680e+01
   8.6734995e+01
