   3.0764223e-08
   7.2903749e-07
   2.7391390e-06
   6.0723690e-06
   1.0725086e-05
   1.6691700e-05
   2.3964989e-05
   3.2536135e-05
   4.2394746e-05
   5.3528863e-05
   6.5924982e-05
   7.9568064e-05
   9.4441560e-05
   1.1052742e-04
   1.2780614e-04
   1.4625673e-04
   1.6585683e-04
   1.8658262e-04
   2.0840898e-04
   2.3130939e-04
   2.5525605e-04
   2.8021991e-04
   3.0617064e-04
   3.3307673e-04
   3.6090551e-04
   3.8962318e-04
   4.1919484e-04
   4.4958458e-04
   4.8075547e-04
   5.1266964e-04
   5.4528828e-04
   5.7857177e-04
   6.1247962e-04
   6.4697063e-04
   6.8200283e-04
   7.1753363e-04
   7.5351982e-04
   7.8991760e-04
   8.2668269e-04
   8.6377035e-04
   9.0113544e-04
   9.3873247e-04
   9.7651568e-04
   1.0144390e-03
   1.0524564e-03
   1.0905214e-03
   1.1285877e-03
   1.1666089e-03
   1.2045387e-03
   1.2423309e-03
   1.2799393e-03
   1.3173181e-03
   1.3544218e-03
   1.3912051e-03
   1.4276231e-03
   1.4636313e-03
   1.4991860e-03
   1.5342436e-03
   1.5687614e-03
   1.6026972e-03
   1.6360097e-03
   1.6686581e-03
   1.7006025e-03
   1.7318040e-03
   1.7622245e-03
   1.7918267e-03
   1.8205745e-03
   1.8484328e-03
   1.8753675e-03
   1.9013457e-03
   1.9263357e-03
   1.9503069e-03
   1.9732299e-03
   1.9950769e-03
   2.0158209e-03
   2.0354368e-03
   2.0539004e-03
   2.0711892e-03
   2.0872821e-03
   2.1021593e-03
   2.1158027e-03
   2.1281955e-03
   2.1393227e-03
   2.1491705e-03
   2.1577270e-03
   2.1649816e-03
   2.1709256e-03
   2.1755515e-03
   2.1788538e-03
   2.1808284e-03
   2.1814728e-03
   2.1807864e-03
   2.1787699e-03
   2.1754258e-03
   2.1707583e-03
   2.1647729e-03
   2.1574771e-03
   2.1488797e-03
   2.1389913e-03
   2.1278240e-03
   2.1153914e-03
   2.1017088e-03
   2.0867930e-03
   2.0706620e-03
   2.0533357e-03
   2.0348353e-03
   2.0151835e-03
   1.9944041e-03
   1.9725227e-03
   1.9495660e-03
   1.9255621e-03
   1.9005404e-03
   1.8745313e-03
   1.8475668e-03
   1.8196797e-03
   1.7909042e-03
   1.7612754e-03
   1.7308295e-03
   1.6996037e-03
   1.6676362e-03
   1.6349660e-03
   1.6016329e-03
   1.5676778e-03
   1.5331420e-03
   1.4980677e-03
   1.4624977e-03
   1.4264755e-03
   1.3900449e-03
   1.3532505e-03
   1.3161370e-03
   1.2787498e-03
   1.2411345e-03
   1.2033369e-03
   1.1654031e-03
   1.1273793e-03
   1.0893119e-03
   1.0512473e-03
   1.0132318e-03
   9.7531167e-04
   9.3753320e-04
   8.9994236e-04
   8.6258490e-04
   8.2550630e-04
   7.8875170e-04
   7.5236582e-04
   7.1639294e-04
   6.8087681e-04
   6.4586065e-04
   6.1138704e-04
   5.7749790e-04
   5.4423443e-04
   5.1163708e-04
   4.7974546e-04
   4.4859835e-04
   4.1823358e-04
   3.8868806e-04
   3.5999767e-04
   3.3219728e-04
   3.0532064e-04
   2.7940040e-04
   2.5446804e-04
   2.3055382e-04
   2.0768679e-04
   1.8589469e-04
   1.6520399e-04
   1.4563980e-04
   1.2722585e-04
   1.0998450e-04
   9.3936671e-05
   7.9101827e-05
   6.5497971e-05
   5.3141605e-05
   4.2047720e-05
   3.2229772e-05
   2.3699669e-05
   1.6467757e-05
   1.0542802e-05
   5.9319809e-06
   2.6408405e-06
   6.7301925e-07
   9.0044452e-09
   7.1741227e-07
   2.7296965e-06
   6.0651779e-06
   1.0720163e-05
   1.6689053e-05
   2.3964619e-05
   3.2538039e-05
   4.2398914e-05
   5.3535282e-05
   6.5933633e-05
   7.9578924e-05
   9.4454599e-05
   1.1054261e-04
   1.2782343e-04
   1.4627610e-04
   1.6587821e-04
   1.8660598e-04
   2.0843425e-04
   2.3133651e-04
   2.5528497e-04
   2.8025055e-04
   3.0620294e-04
   3.3311061e-04
   3.6094090e-04
   3.8965999e-04
   4.1923300e-04
   4.4962400e-04
   4.8079607e-04
   5.1271131e-04
   5.4533095e-04
   5.7861533e-04
   6.1252400e-04
   6.4701571e-04
   6.8204853e-04
   7.1757985e-04
   7.5356646e-04
   7.8996456e-04
   8.2672988e-04
   8.6381768e-04
   9.0118281e-04
   9.3877979e-04
   9.7656284e-04
   1.0144860e-03
   1.0525030e-03
   1.0905676e-03
   1.1286334e-03
   1.1666540e-03
   1.2045831e-03
   1.2423745e-03
   1.2799821e-03
   1.3173601e-03
   1.3544628e-03
   1.3912450e-03
   1.4276619e-03
   1.4636691e-03
   1.4992225e-03
   1.5342789e-03
   1.5687954e-03
   1.6027299e-03
   1.6360410e-03
   1.6686879e-03
   1.7006310e-03
   1.7318310e-03
   1.7622500e-03
   1.7918507e-03
   1.8205970e-03
   1.8484538e-03
   1.8753871e-03
   1.9013638e-03
   1.9263523e-03
   1.9503220e-03
   1.9732436e-03
   1.9950891e-03
   2.0158318e-03
   2.0354463e-03
   2.0539086e-03
   2.0711962e-03
   2.0872878e-03
   2.1021639e-03
   2.1158061e-03
   2.1281979e-03
   2.1393241e-03
   2.1491710e-03
   2.1577266e-03
   2.1649804e-03
   2.1709236e-03
   2.1755488e-03
   2.1788505e-03
   2.1808246e-03
   2.1814686e-03
   2.1807819e-03
   2.1787651e-03
   2.1754209e-03
   2.1707532e-03
   2.1647678e-03
   2.1574720e-03
   2.1488748e-03
   2.1389867e-03
   2.1278197e-03
   2.1153875e-03
   2.1017054e-03
   2.0867901e-03
   2.0706598e-03
   2.0533342e-03
   2.0348346e-03
   2.0151836e-03
   1.9944052e-03
   1.9725248e-03
   1.9495692e-03
   1.9255664e-03
   1.9005458e-03
   1.8745380e-03
   1.8475748e-03
   1.8196891e-03
   1.7909149e-03
   1.7612875e-03
   1.7308431e-03
   1.6996188e-03
   1.6676528e-03
   1.6349841e-03
   1.6016526e-03
   1.5676990e-03
   1.5331647e-03
   1.4980920e-03
   1.4625236e-03
   1.4265029e-03
   1.3900739e-03
   1.3532810e-03
   1.3161690e-03
   1.2787833e-03
   1.2411695e-03
   1.2033733e-03
   1.1654408e-03
   1.1274184e-03
   1.0893523e-03
   1.0512888e-03
   1.0132745e-03
   9.7535551e-04
   9.3757808e-04
   8.9998821e-04
   8.6263165e-04
   8.2555388e-04
   7.8880002e-04
   7.5241481e-04
   7.1644251e-04
   6.8092688e-04
   6.4591112e-04
   6.1143783e-04
   5.7754891e-04
   5.4428557e-04
   5.1168825e-04
   4.7979658e-04
   4.4864930e-04
   4.1828428e-04
   3.8873840e-04
   3.6004757e-04
   3.3224662e-04
   3.0536934e-04
   2.7944836e-04
   2.5451516e-04
   2.3060001e-04
   2.0773194e-04
   1.8593873e-04
   1.6524683e-04
   1.4568134e-04
   1.2726602e-04
   1.1002321e-04
   9.3973840e-05
   7.9137383e-05
   6.5531840e-05
   5.3173718e-05
   4.2078012e-05
   3.2258180e-05
   2.3726135e-05
   1.6492225e-05
   1.0565219e-05
   5.9522946e-06
   2.6589868e-06
   6.8884333e-07
   3.0764223e-08
