   1.3026005e+02
   1.3065948e+02
   1.3187989e+02
   1.3392371e+02
   1.3679491e+02
   1.4049908e+02
   1.4504341e+02
   1.5043663e+02
   1.5668908e+02
   1.6381262e+02
   1.7182068e+02
   1.8072818e+02
   1.9055157e+02
   2.0130875e+02
   2.1301906e+02
   2.2570323e+02
   2.3938336e+02
   2.5408282e+02
   2.6982625e+02
   2.8663943e+02
   3.0454924e+02
   3.2358357e+02
   3.4377119e+02
   3.6514167e+02
   3.8772523e+02
   4.1155260e+02
   4.3665488e+02
   4.6306335e+02
   4.9080928e+02
   5.1992374e+02
   5.5043733e+02
   5.8237999e+02
   6.1578072e+02
   6.5066724e+02
   6.8706577e+02
   7.2500065e+02
   7.6449403e+02
   8.0556546e+02
   8.4823160e+02
   8.9250574e+02
   9.3839745e+02
   9.8591214e+02
   1.0350507e+03
   1.0858088e+03
   1.1381770e+03
   1.1921398e+03
   1.2476753e+03
   1.3047551e+03
   1.3633435e+03
   1.4233975e+03
   1.4848660e+03
   1.5476899e+03
   1.6118015e+03
   1.6771244e+03
   1.7435733e+03
   1.8110537e+03
   1.8794621e+03
   1.9486855e+03
   2.0186020e+03
   2.0890803e+03
   2.1599804e+03
   2.2311536e+03
   2.3024430e+03
   2.3736836e+03
   2.4447031e+03
   2.5153224e+03
   2.5853565e+03
   2.6546148e+03
   2.7229021e+03
   2.7900198e+03
   2.8557666e+03
   2.9199395e+03
   2.9823349e+03
   3.0427501e+03
   3.1009840e+03
   3.1568383e+03
   3.2101193e+03
   3.2606384e+03
   3.3082139e+03
   3.3526716e+03
   3.3938468e+03
   3.4315847e+03
   3.4657415e+03
   3.4961861e+03
   3.5228004e+03
   3.5454802e+03
   3.5641364e+03
   3.5786950e+03
   3.5890984e+03
   3.5953052e+03
   3.5972907e+03
   3.5950474e+03
   3.5885845e+03
   3.5779282e+03
   3.5631216e+03
   3.5442239e+03
   3.5213105e+03
   3.4944720e+03
   3.4638139e+03
   3.4294555e+03
   3.3915292e+03
   3.3501797e+03
   3.3055625e+03
   3.2578435e+03
   3.2071972e+03
   3.1538060e+03
   3.0978587e+03
   3.0395493e+03
   2.9790761e+03
   2.9166402e+03
   2.8524441e+03
   2.7866912e+03
   2.7195838e+03
   2.6513229e+03
   2.5821064e+03
   2.5121287e+03
   2.4415795e+03
   2.3706431e+03
   2.2994976e+03
   2.2283142e+03
   2.1572569e+03
   2.0864814e+03
   2.0161356e+03
   1.9463582e+03
   1.8772793e+03
   1.8090199e+03
   1.7416919e+03
   1.6753977e+03
   1.6102309e+03
   1.5462757e+03
   1.4836079e+03
   1.4222940e+03
   1.3623926e+03
   1.3039539e+03
   1.2470203e+03
   1.1916269e+03
   1.1378016e+03
   1.0855659e+03
   1.0349347e+03
   9.8591743e+02
   9.3851794e+02
   8.9273520e+02
   8.4856367e+02
   8.0599369e+02
   7.6501194e+02
   7.2560179e+02
   6.8774373e+02
   6.5141572e+02
   6.1659356e+02
   5.8325120e+02
   5.5136110e+02
   5.2089449e+02
   4.9182167e+02
   4.6411228e+02
   4.3773553e+02
   4.1266040e+02
   3.8885591e+02
   3.6629123e+02
   3.4493591e+02
   3.2476001e+02
   3.0573425e+02
   2.8783009e+02
   2.7101993e+02
   2.5527713e+02
   2.4057614e+02
   2.2689256e+02
   2.1420322e+02
   2.0248622e+02
   1.9172104e+02
   1.8188848e+02
   1.7297083e+02
   1.6495178e+02
   1.5781653e+02
   1.5155178e+02
   1.4614578e+02
   1.4158828e+02
   1.3787062e+02
   1.3498569e+02
   1.3292797e+02
   1.3169349e+02
   1.3127990e+02
   1.3168641e+02
   1.3291382e+02
   1.3496451e+02
   1.3784246e+02
   1.4155321e+02
   1.4610388e+02
   1.5150316e+02
   1.5776129e+02
   1.6489005e+02
   1.7290277e+02
   1.8181426e+02
   1.9164082e+02
   2.0240020e+02
   2.1411160e+02
   2.2679557e+02
   2.4047401e+02
   2.5517010e+02
   2.7090826e+02
   2.8771405e+02
   3.0561411e+02
   3.2463607e+02
   3.4480846e+02
   3.6616057e+02
   3.8872235e+02
   4.1252427e+02
   4.3759713e+02
   4.6397196e+02
   4.9167974e+02
   5.2075127e+02
   5.5121693e+02
   5.8310640e+02
   6.1644845e+02
   6.5127062e+02
   6.8759895e+02
   7.2545765e+02
   7.6486873e+02
   8.0585172e+02
   8.4842322e+02
   8.9259655e+02
   9.3838136e+02
   9.8578319e+02
   1.0348031e+03
   1.0854371e+03
   1.1376759e+03
   1.1915044e+03
   1.2469013e+03
   1.3038386e+03
   1.3622813e+03
   1.4221869e+03
   1.4835051e+03
   1.5461776e+03
   1.6101374e+03
   1.6753092e+03
   1.7416086e+03
   1.8089420e+03
   1.8772070e+03
   1.9462917e+03
   2.0160752e+03
   2.0864274e+03
   2.1572094e+03
   2.2282736e+03
   2.2994641e+03
   2.3706171e+03
   2.4415612e+03
   2.5121185e+03
   2.5821045e+03
   2.6513298e+03
   2.7195998e+03
   2.7867166e+03
   2.8524794e+03
   2.9166856e+03
   2.9791322e+03
   3.0396163e+03
   3.0979370e+03
   3.1538961e+03
   3.2072994e+03
   3.2579581e+03
   3.3056900e+03
   3.3503202e+03
   3.3916832e+03
   3.4296233e+03
   3.4639957e+03
   3.4946681e+03
   3.5215210e+03
   3.5444491e+03
   3.5633616e+03
   3.5781832e+03
   3.5888545e+03
   3.5953325e+03
   3.5975910e+03
   3.5956206e+03
   3.5894289e+03
   3.5790405e+03
   3.5644968e+03
   3.5458555e+03
   3.5231903e+03
   3.4965905e+03
   3.4661602e+03
   3.4320174e+03
   3.3942934e+03
   3.3531318e+03
   3.3086873e+03
   3.2611248e+03
   3.2106184e+03
   3.1573498e+03
   3.1015075e+03
   3.0432854e+03
   2.9828816e+03
   2.9204972e+03
   2.8563350e+03
   2.7905985e+03
   2.7234908e+03
   2.6552130e+03
   2.5859639e+03
   2.5159387e+03
   2.4453277e+03
   2.3743161e+03
   2.3030831e+03
   2.2318008e+03
   2.1606342e+03
   2.0897403e+03
   2.0192677e+03
   1.9493564e+03
   1.8801376e+03
   1.8117334e+03
   1.7442565e+03
   1.6778105e+03
   1.6124900e+03
   1.5483802e+03
   1.4855574e+03
   1.4240894e+03
   1.3640352e+03
   1.3054459e+03
   1.2483646e+03
   1.1928268e+03
   1.1388610e+03
   1.0864891e+03
   1.0357265e+03
   9.8658279e+02
   9.3906216e+02
   8.9316378e+02
   8.4888224e+02
   8.0620796e+02
   7.6512766e+02
   7.2562471e+02
   6.8767955e+02
   6.5127006e+02
   6.1637190e+02
   5.8295889e+02
   5.5100329e+02
   5.2047616e+02
   4.9134758e+02
   4.6358695e+02
   4.3716324e+02
   4.1204519e+02
   3.8820157e+02
   3.6560128e+02
   3.4421364e+02
   3.2400843e+02
   3.0495613e+02
   2.8702798e+02
   2.7019613e+02
   2.5443372e+02
   2.3971497e+02
   2.2601530e+02
   2.1331134e+02
   2.0158101e+02
   1.9080361e+02
   1.8095982e+02
   1.7203175e+02
   1.6400299e+02
   1.5685861e+02
   1.5058521e+02
   1.4517093e+02
   1.4060548e+02
   1.3688010e+02
   1.3398765e+02
   1.3192254e+02
   1.3068081e+02
   1.3026005e+02
