   1.3339144e-08
   1.8875308e-07
   6.9499338e-07
   1.5336467e-06
   2.7037976e-06
   4.2040418e-06
   6.0325648e-06
   8.1871520e-06
   1.0665193e-05
   1.3463684e-05
   1.6579234e-05
   2.0008066e-05
   2.3746025e-05
   2.7788579e-05
   3.2130827e-05
   3.6767504e-05
   4.1692989e-05
   4.6901308e-05
   5.2386146e-05
   5.8140848e-05
   6.4158435e-05
   7.0431607e-05
   7.6952751e-05
   8.3713955e-05
   9.0707013e-05
   9.7923436e-05
   1.0535446e-04
   1.1299108e-04
   1.2082400e-04
   1.2884371e-04
   1.3704048e-04
   1.4540435e-04
   1.5392515e-04
   1.6259252e-04
   1.7139594e-04
   1.8032470e-04
   1.8936793e-04
   1.9851466e-04
   2.0775374e-04
   2.1707394e-04
   2.2646391e-04
   2.3591223e-04
   2.4540740e-04
   2.5493786e-04
   2.6449199e-04
   2.7405817e-04
   2.8362474e-04
   2.9318004e-04
   3.0271244e-04
   3.1221030e-04
   3.2166205e-04
   3.3105616e-04
   3.4038119e-04
   3.4962574e-04
   3.5877855e-04
   3.6782845e-04
   3.7676438e-04
   3.8557545e-04
   3.9425089e-04
   4.0278011e-04
   4.1115270e-04
   4.1935841e-04
   4.2738724e-04
   4.3522937e-04
   4.4287521e-04
   4.5031542e-04
   4.5754090e-04
   4.6454282e-04
   4.7131262e-04
   4.7784201e-04
   4.8412301e-04
   4.9014794e-04
   4.9590942e-04
   5.0140041e-04
   5.0661418e-04
   5.1154435e-04
   5.1618489e-04
   5.2053012e-04
   5.2457471e-04
   5.2831372e-04
   5.3174257e-04
   5.3485705e-04
   5.3765336e-04
   5.4012807e-04
   5.4227814e-04
   5.4410095e-04
   5.4559427e-04
   5.4675625e-04
   5.4758548e-04
   5.4808095e-04
   5.4824204e-04
   5.4806855e-04
   5.4756071e-04
   5.4671913e-04
   5.4554484e-04
   5.4403929e-04
   5.4220431e-04
   5.4004215e-04
   5.3755546e-04
   5.3474729e-04
   5.3162107e-04
   5.2818063e-04
   5.2443019e-04
   5.2037434e-04
   5.1601804e-04
   5.1136662e-04
   5.0642579e-04
   5.0120158e-04
   4.9570039e-04
   4.8992895e-04
   4.8389433e-04
   4.7760391e-04
   4.7106538e-04
   4.6428674e-04
   4.5727629e-04
   4.5004258e-04
   4.4259448e-04
   4.3494107e-04
   4.2709173e-04
   4.1905604e-04
   4.1084381e-04
   4.0246509e-04
   3.9393011e-04
   3.8524930e-04
   3.7643324e-04
   3.6749271e-04
   3.5843863e-04
   3.4928203e-04
   3.4003410e-04
   3.3070612e-04
   3.2130946e-04
   3.1185559e-04
   3.0235604e-04
   2.9282238e-04
   2.8326624e-04
   2.7369926e-04
   2.6413310e-04
   2.5457942e-04
   2.4504984e-04
   2.3555598e-04
   2.2610940e-04
   2.1672159e-04
   2.0740398e-04
   1.9816791e-04
   1.8902461e-04
   1.7998521e-04
   1.7106071e-04
   1.6226194e-04
   1.5359962e-04
   1.4508427e-04
   1.3672623e-04
   1.2853568e-04
   1.2052255e-04
   1.1269658e-04
   1.0506727e-04
   9.7643904e-05
   9.0435478e-05
   8.3450748e-05
   7.6698193e-05
   7.0186008e-05
   6.3922097e-05
   5.7914059e-05
   5.2169183e-05
   4.6694440e-05
   4.1496469e-05
   3.6581575e-05
   3.1955718e-05
   2.7624508e-05
   2.3593195e-05
   1.9866669e-05
   1.6449446e-05
   1.3345668e-05
   1.0559099e-05
   8.0931149e-06
   5.9507053e-06
   4.1344662e-06
   2.6465979e-06
   1.4889015e-06
   6.6277058e-07
   1.6913310e-07
   5.5310003e-09
   1.8180429e-07
   6.8808725e-07
   1.5268397e-06
   2.6971129e-06
   4.1974980e-06
   6.0261793e-06
   8.1809414e-06
   1.0659174e-05
   1.3457873e-05
   1.6573647e-05
   2.0002719e-05
   2.3740933e-05
   2.7783758e-05
   3.2126292e-05
   3.6763269e-05
   4.1689069e-05
   4.6897716e-05
   5.2382895e-05
   5.8137951e-05
   6.4155905e-05
   7.0429454e-05
   7.6950987e-05
   8.3712589e-05
   9.0706055e-05
   9.7922895e-05
   1.0535435e-04
   1.1299139e-04
   1.2082475e-04
   1.2884491e-04
   1.3704213e-04
   1.4540645e-04
   1.5392770e-04
   1.6259554e-04
   1.7139941e-04
   1.8032863e-04
   1.8937233e-04
   1.9851951e-04
   2.0775904e-04
   2.1707969e-04
   2.2647011e-04
   2.3591888e-04
   2.4541449e-04
   2.5494537e-04
   2.6449993e-04
   2.7406653e-04
   2.8363350e-04
   2.9318920e-04
   3.0272197e-04
   3.1222021e-04
   3.2167232e-04
   3.3106678e-04
   3.4039214e-04
   3.4963702e-04
   3.5879013e-04
   3.6784032e-04
   3.7677653e-04
   3.8558785e-04
   3.9426354e-04
   4.0279298e-04
   4.1116577e-04
   4.1937168e-04
   4.2740068e-04
   4.3524296e-04
   4.4288893e-04
   4.5032926e-04
   4.5755484e-04
   4.6455683e-04
   4.7132669e-04
   4.7785612e-04
   4.8413715e-04
   4.9016208e-04
   4.9592355e-04
   5.0141450e-04
   5.0662822e-04
   5.1155832e-04
   5.1619878e-04
   5.2054390e-04
   5.2458838e-04
   5.2832725e-04
   5.3175595e-04
   5.3487027e-04
   5.3766640e-04
   5.4014092e-04
   5.4229079e-04
   5.4411338e-04
   5.4560646e-04
   5.4676821e-04
   5.4759719e-04
   5.4809239e-04
   5.4825321e-04
   5.4807946e-04
   5.4757133e-04
   5.4672946e-04
   5.4555488e-04
   5.4404903e-04
   5.4221374e-04
   5.4005128e-04
   5.3756428e-04
   5.3475580e-04
   5.3162927e-04
   5.2818853e-04
   5.2443778e-04
   5.2038163e-04
   5.1602502e-04
   5.1137331e-04
   5.0643218e-04
   5.0120769e-04
   4.9570622e-04
   4.8993451e-04
   4.8389962e-04
   4.7760894e-04
   4.7107016e-04
   4.6429128e-04
   4.5728059e-04
   4.5004667e-04
   4.4259836e-04
   4.3494476e-04
   4.2709523e-04
   4.1905936e-04
   4.1084698e-04
   4.0246811e-04
   3.9393299e-04
   3.8525205e-04
   3.7643589e-04
   3.6749527e-04
   3.5844110e-04
   3.4928444e-04
   3.4003646e-04
   3.3070843e-04
   3.2131175e-04
   3.1185787e-04
   3.0235832e-04
   2.9282467e-04
   2.8326856e-04
   2.7370162e-04
   2.6413551e-04
   2.5458189e-04
   2.4505239e-04
   2.3555862e-04
   2.2611213e-04
   2.1672442e-04
   2.0740693e-04
   1.9817098e-04
   1.8902782e-04
   1.7998856e-04
   1.7106420e-04
   1.6226558e-04
   1.5360342e-04
   1.4508823e-04
   1.3673036e-04
   1.2853997e-04
   1.2052701e-04
   1.1270122e-04
   1.0507209e-04
   9.7648890e-05
   9.0440637e-05
   8.3456078e-05
   7.6703692e-05
   7.0191672e-05
   6.3927922e-05
   5.7920040e-05
   5.2175315e-05
   4.6700716e-05
   4.1502882e-05
   3.6588117e-05
   3.1962380e-05
   2.7631280e-05
   2.3600069e-05
   1.9873633e-05
   1.6456488e-05
   1.3352778e-05
   1.0566262e-05
   8.1003196e-06
   5.9579372e-06
   4.1417109e-06
   2.6538402e-06
   1.4961240e-06
   6.6995032e-07
   1.7620880e-07
   1.3339144e-08
