   1.8431366e-01
   1.9251282e-01
   2.1684523e-01
   2.5732108e-01
   3.1395735e-01
   3.8677754e-01
   4.7581133e-01
   5.8109412e-01
   7.0266646e-01
   8.4057340e-01
   9.9486376e-01
   1.1655893e+00
   1.3528038e+00
   1.5565620e+00
   1.7769186e+00
   2.0139271e+00
   2.2676382e+00
   2.5380990e+00
   2.8253511e+00
   3.1294294e+00
   3.4503607e+00
   3.7881615e+00
   4.1428369e+00
   4.5143788e+00
   4.9027639e+00
   5.3079523e+00
   5.7298854e+00
   6.1684841e+00
   6.6236473e+00
   7.0952498e+00
   7.5831403e+00
   8.0871402e+00
   8.6070414e+00
   9.1426044e+00
   9.6935575e+00
   1.0259594e+01
   1.0840372e+01
   1.1435512e+01
   1.2044596e+01
   1.2667165e+01
   1.3302722e+01
   1.3950725e+01
   1.4610591e+01
   1.5281693e+01
   1.5963362e+01
   1.6654882e+01
   1.7355496e+01
   1.8064400e+01
   1.8780749e+01
   1.9503653e+01
   2.0232181e+01
   2.0965359e+01
   2.1702173e+01
   2.2441572e+01
   2.3182466e+01
   2.3923731e+01
   2.4664209e+01
   2.5402712e+01
   2.6138024e+01
   2.6868903e+01
   2.7594087e+01
   2.8312292e+01
   2.9022221e+01
   2.9722565e+01
   3.0412005e+01
   3.1089220e+01
   3.1752889e+01
   3.2401693e+01
   3.3034324e+01
   3.3649487e+01
   3.4245901e+01
   3.4822310e+01
   3.5377485e+01
   3.5910223e+01
   3.6419361e+01
   3.6903774e+01
   3.7362379e+01
   3.7794143e+01
   3.8198084e+01
   3.8573276e+01
   3.8918853e+01
   3.9234011e+01
   3.9518012e+01
   3.9770190e+01
   3.9989946e+01
   4.0176760e+01
   4.0330187e+01
   4.0449859e+01
   4.0535490e+01
   4.0586874e+01
   4.0603889e+01
   4.0586491e+01
   4.0534725e+01
   4.0448713e+01
   4.0328662e+01
   4.0174860e+01
   3.9987674e+01
   3.9767551e+01
   3.9515011e+01
   3.9230653e+01
   3.8915145e+01
   3.8569226e+01
   3.8193698e+01
   3.7789430e+01
   3.7357348e+01
   3.6898435e+01
   3.6413724e+01
   3.5904298e+01
   3.5371282e+01
   3.4815842e+01
   3.4239178e+01
   3.3642522e+01
   3.3027130e+01
   3.2394282e+01
   3.1745274e+01
   3.1081414e+01
   3.0404021e+01
   2.9714417e+01
   2.9013923e+01
   2.8303857e+01
   2.7585529e+01
   2.6860236e+01
   2.6129260e+01
   2.5393866e+01
   2.4655294e+01
   2.3914761e+01
   2.3173455e+01
   2.2432532e+01
   2.1693117e+01
   2.0956300e+01
   2.0223132e+01
   1.9494626e+01
   1.8771756e+01
   1.8055453e+01
   1.7346606e+01
   1.6646060e+01
   1.5954619e+01
   1.5273040e+01
   1.4602037e+01
   1.3942281e+01
   1.3294397e+01
   1.2658968e+01
   1.2036535e+01
   1.1427596e+01
   1.0832609e+01
   1.0251991e+01
   9.6861224e+00
   9.1353439e+00
   8.5999618e+00
   8.0802477e+00
   7.5764407e+00
   7.0887484e+00
   6.6173494e+00
   6.1623943e+00
   5.7240081e+00
   5.3022917e+00
   4.8973238e+00
   4.5091627e+00
   4.1378481e+00
   3.7834028e+00
   3.4458349e+00
   3.1251390e+00
   2.8212981e+00
   2.5342853e+00
   2.2640656e+00
   2.0105971e+00
   1.7738325e+00
   1.5537208e+00
   1.3502083e+00
   1.1632403e+00
   9.9276170e-01
   8.3871864e-01
   7.0105919e-01
   5.7973437e-01
   4.7469897e-01
   3.8591232e-01
   3.1333888e-01
   2.5694883e-01
   2.1671848e-01
   1.9263067e-01
   1.8467497e-01
   1.9284784e-01
   2.1715270e-01
   2.5759982e-01
   3.1420624e-01
   3.8699550e-01
   4.7599728e-01
   5.8124698e-01
   7.0278513e-01
   8.4065679e-01
   9.9491076e-01
   1.1655988e+00
   1.3527747e+00
   1.5564933e+00
   1.7768092e+00
   2.0137759e+00
   2.2674441e+00
   2.5378611e+00
   2.8250683e+00
   3.1291009e+00
   3.4499854e+00
   3.7877384e+00
   4.1423653e+00
   4.5138578e+00
   4.9021927e+00
   5.3073301e+00
   5.7292114e+00
   6.1677578e+00
   6.6228681e+00
   7.0944170e+00
   7.5822534e+00
   8.0861988e+00
   8.6060451e+00
   9.1415530e+00
   9.6924506e+00
   1.0258432e+01
   1.0839154e+01
   1.1434238e+01
   1.2043266e+01
   1.2665780e+01
   1.3301282e+01
   1.3949230e+01
   1.4609041e+01
   1.5280090e+01
   1.5961705e+01
   1.6653173e+01
   1.7353735e+01
   1.8062588e+01
   1.8778887e+01
   1.9501743e+01
   2.0230223e+01
   2.0963354e+01
   2.1700123e+01
   2.2439479e+01
   2.3180331e+01
   2.3921556e+01
   2.4661995e+01
   2.5400462e+01
   2.6135739e+01
   2.6866586e+01
   2.7591739e+01
   2.8309915e+01
   2.9019818e+01
   2.9720138e+01
   3.0409556e+01
   3.1086752e+01
   3.1750404e+01
   3.2399194e+01
   3.3031813e+01
   3.3646966e+01
   3.4243373e+01
   3.4819778e+01
   3.5374950e+01
   3.5907689e+01
   3.6416831e+01
   3.6901249e+01
   3.7359862e+01
   3.7791636e+01
   3.8195590e+01
   3.8570797e+01
   3.8916391e+01
   3.9231568e+01
   3.9515592e+01
   3.9767792e+01
   3.9987574e+01
   4.0174416e+01
   4.0327871e+01
   4.0447574e+01
   4.0533238e+01
   4.0584656e+01
   4.0601705e+01
   4.0584345e+01
   4.0532615e+01
   4.0446642e+01
   4.0326631e+01
   4.0172869e+01
   3.9985724e+01
   3.9765641e+01
   3.9513143e+01
   3.9228827e+01
   3.8913361e+01
   3.8567483e+01
   3.8191998e+01
   3.7787772e+01
   3.7355731e+01
   3.6896859e+01
   3.6412188e+01
   3.5902802e+01
   3.5369825e+01
   3.4814424e+01
   3.4237798e+01
   3.3641178e+01
   3.3025822e+01
   3.2393009e+01
   3.1744034e+01
   3.1080207e+01
   3.0402846e+01
   2.9713272e+01
   2.9012807e+01
   2.8302768e+01
   2.7584466e+01
   2.6859199e+01
   2.6128247e+01
   2.5392876e+01
   2.4654326e+01
   2.3913813e+01
   2.3172525e+01
   2.2431620e+01
   2.1692222e+01
   2.0955420e+01
   2.0222267e+01
   1.9493775e+01
   1.8770917e+01
   1.8054625e+01
   1.7345788e+01
   1.6645252e+01
   1.5953820e+01
   1.5272249e+01
   1.4601253e+01
   1.3941504e+01
   1.3293626e+01
   1.2658203e+01
   1.2035775e+01
   1.1426841e+01
   1.0831858e+01
   1.0251245e+01
   9.6853801e+00
   9.1346054e+00
   8.5992271e+00
   8.0795169e+00
   7.5757137e+00
   7.0880254e+00
   6.6166305e+00
   6.1616797e+00
   5.7232981e+00
   5.3015866e+00
   4.8966240e+00
   4.5084686e+00
   4.1371601e+00
   3.7827216e+00
   3.4451609e+00
   3.1244728e+00
   2.8206403e+00
   2.5336368e+00
   2.2634269e+00
   2.0099690e+00
   1.7732158e+00
   1.5531163e+00
   1.3496169e+00
   1.1626627e+00
   9.9219898e-01
   8.3817165e-01
   7.0052885e-01
   5.7922163e-01
   4.7420479e-01
   3.8543768e-01
   3.1288476e-01
   2.5651623e-01
   2.1630847e-01
   1.9224439e-01
   1.8431366e-01
