   1.5022087e+01
   1.5070406e+01
   1.5212624e+01
   1.5448677e+01
   1.5778461e+01
   1.6201828e+01
   1.6718587e+01
   1.7328501e+01
   1.8031289e+01
   1.8826620e+01
   1.9714115e+01
   2.0693343e+01
   2.1763817e+01
   2.2924998e+01
   2.4176284e+01
   2.5517014e+01
   2.6946462e+01
   2.8463833e+01
   3.0068262e+01
   3.1758812e+01
   3.3534466e+01
   3.5394127e+01
   3.7336614e+01
   3.9360660e+01
   4.1464904e+01
   4.3647894e+01
   4.5908077e+01
   4.8243801e+01
   5.0653310e+01
   5.3134742e+01
   5.5686122e+01
   5.8305366e+01
   6.0990274e+01
   6.3738527e+01
   6.6547690e+01
   6.9415207e+01
   7.2338399e+01
   7.5314464e+01
   7.8340479e+01
   8.1413396e+01
   8.4530044e+01
   8.7687129e+01
   9.0881235e+01
   9.4108830e+01
   9.7366259e+01
   1.0064976e+02
   1.0395544e+02
   1.0727932e+02
   1.1061731e+02
   1.1396521e+02
   1.1731874e+02
   1.2067353e+02
   1.2402510e+02
   1.2736893e+02
   1.3070042e+02
   1.3401491e+02
   1.3730767e+02
   1.4057394e+02
   1.4380894e+02
   1.4700784e+02
   1.5016582e+02
   1.5327802e+02
   1.5633962e+02
   1.5934580e+02
   1.6229177e+02
   1.6517278e+02
   1.6798414e+02
   1.7072121e+02
   1.7337943e+02
   1.7595433e+02
   1.7844153e+02
   1.8083676e+02
   1.8313589e+02
   1.8533490e+02
   1.8742992e+02
   1.8941725e+02
   1.9129334e+02
   1.9305483e+02
   1.9469852e+02
   1.9622144e+02
   1.9762081e+02
   1.9889406e+02
   2.0003883e+02
   2.0105302e+02
   2.0193474e+02
   2.0268235e+02
   2.0329445e+02
   2.0376989e+02
   2.0410779e+02
   2.0430749e+02
   2.0436863e+02
   2.0429109e+02
   2.0407501e+02
   2.0372078e+02
   2.0322908e+02
   2.0260081e+02
   2.0183714e+02
   2.0093950e+02
   1.9990955e+02
   1.9874918e+02
   1.9746055e+02
   1.9604602e+02
   1.9450818e+02
   1.9284981e+02
   1.9107394e+02
   1.8918376e+02
   1.8718264e+02
   1.8507416e+02
   1.8286204e+02
   1.8055016e+02
   1.7814254e+02
   1.7564334e+02
   1.7305684e+02
   1.7038742e+02
   1.6763956e+02
   1.6481784e+02
   1.6192689e+02
   1.5897143e+02
   1.5595620e+02
   1.5288600e+02
   1.4976564e+02
   1.4659997e+02
   1.4339383e+02
   1.4015205e+02
   1.3687944e+02
   1.3358081e+02
   1.3026091e+02
   1.2692446e+02
   1.2357610e+02
   1.2022045e+02
   1.1686203e+02
   1.1350529e+02
   1.1015460e+02
   1.0681425e+02
   1.0348841e+02
   1.0018117e+02
   9.6896515e+01
   9.3638307e+01
   9.0410307e+01
   8.7216156e+01
   8.4059380e+01
   8.0943382e+01
   7.7871443e+01
   7.4846724e+01
   7.1872259e+01
   6.8950962e+01
   6.6085622e+01
   6.3278903e+01
   6.0533351e+01
   5.7851389e+01
   5.5235321e+01
   5.2687337e+01
   5.0209507e+01
   4.7803794e+01
   4.5472047e+01
   4.3216012e+01
   4.1037328e+01
   3.8937535e+01
   3.6918075e+01
   3.4980296e+01
   3.3125456e+01
   3.1354723e+01
   2.9669185e+01
   2.8069846e+01
   2.6557636e+01
   2.5133410e+01
   2.3797952e+01
   2.2551979e+01
   2.1396144e+01
   2.0331040e+01
   1.9357199e+01
   1.8475098e+01
   1.7685162e+01
   1.6987763e+01
   1.6383224e+01
   1.5871822e+01
   1.5453786e+01
   1.5129301e+01
   1.4898511e+01
   1.4761516e+01
   1.4718372e+01
   1.4769096e+01
   1.4913664e+01
   1.5152009e+01
   1.5484024e+01
   1.5909556e+01
   1.6428413e+01
   1.7040356e+01
   1.7745100e+01
   1.8542315e+01
   1.9431618e+01
   2.0412578e+01
   2.1484710e+01
   2.2647472e+01
   2.3900264e+01
   2.5242425e+01
   2.6673230e+01
   2.8191886e+01
   2.9797530e+01
   3.1489226e+01
   3.3265960e+01
   3.5126640e+01
   3.7070086e+01
   3.9095035e+01
   4.1200132e+01
   4.3383927e+01
   4.5644874e+01
   4.7981326e+01
   5.0391532e+01
   5.2873634e+01
   5.5425667e+01
   5.8045550e+01
   6.0731092e+01
   6.3479980e+01
   6.6289787e+01
   6.9157964e+01
   7.2081840e+01
   7.5058622e+01
   7.8085394e+01
   8.1159116e+01
   8.4276626e+01
   8.7434638e+01
   9.0629748e+01
   9.3858428e+01
   9.7117035e+01
   1.0040181e+02
   1.0370888e+02
   1.0703427e+02
   1.1037389e+02
   1.1372357e+02
   1.1707901e+02
   1.2043586e+02
   1.2378966e+02
   1.2713589e+02
   1.3046995e+02
   1.3378719e+02
   1.3708290e+02
   1.4035232e+02
   1.4359066e+02
   1.4679313e+02
   1.4995487e+02
   1.5307107e+02
   1.5613688e+02
   1.5914751e+02
   1.6209816e+02
   1.6498409e+02
   1.6780060e+02
   1.7054306e+02
   1.7320691e+02
   1.7578768e+02
   1.7828099e+02
   1.8068258e+02
   1.8298830e+02
   1.8519414e+02
   1.8729623e+02
   1.8929085e+02
   1.9117446e+02
   1.9294369e+02
   1.9459534e+02
   1.9612643e+02
   1.9753417e+02
   1.9881598e+02
   1.9996951e+02
   2.0099264e+02
   2.0188346e+02
   2.0264033e+02
   2.0326185e+02
   2.0374684e+02
   2.0409442e+02
   2.0430392e+02
   2.0437496e+02
   2.0430742e+02
   2.0410141e+02
   2.0375732e+02
   2.0327581e+02
   2.0265777e+02
   2.0190436e+02
   2.0101698e+02
   1.9999730e+02
   1.9884718e+02
   1.9756877e+02
   1.9616441e+02
   1.9463668e+02
   1.9298836e+02
   1.9122245e+02
   1.8934212e+02
   1.8735076e+02
   1.8525190e+02
   1.8304926e+02
   1.8074671e+02
   1.7834826e+02
   1.7585806e+02
   1.7328037e+02
   1.7061956e+02
   1.6788012e+02
   1.6506659e+02
   1.6218362e+02
   1.5923589e+02
   1.5622816e+02
   1.5316521e+02
   1.5005186e+02
   1.4689293e+02
   1.4369326e+02
   1.4045768e+02
   1.3719101e+02
   1.3389803e+02
   1.3058350e+02
   1.2725213e+02
   1.2390858e+02
   1.2055745e+02
   1.1720326e+02
   1.1385047e+02
   1.1050344e+02
   1.0716647e+02
   1.0384373e+02
   1.0053932e+02
   9.7257204e+01
   9.4001270e+01
   9.0775277e+01
   8.7582872e+01
   8.4427582e+01
   8.1312819e+01
   7.8241868e+01
   7.5217897e+01
   7.2243948e+01
   6.9322939e+01
   6.6457667e+01
   6.3650806e+01
   6.0904907e+01
   5.8222403e+01
   5.5605605e+01
   5.3056710e+01
   5.0577800e+01
   4.8170845e+01
   4.5837702e+01
   4.3580127e+01
   4.1399767e+01
   3.9298171e+01
   3.7276791e+01
   3.5336983e+01
   3.3480013e+01
   3.1707061e+01
   3.0019221e+01
   2.8417507e+01
   2.6902857e+01
   2.5476134e+01
   2.4138131e+01
   2.2889573e+01
   2.1731122e+01
   2.0663377e+01
   1.9686879e+01
   1.8802113e+01
   1.8009509e+01
   1.7309447e+01
   1.6702257e+01
   1.6188222e+01
   1.5767578e+01
   1.5440516e+01
   1.5207184e+01
   1.5067686e+01
   1.5022087e+01
