   5.2684162e+01
   5.2741073e+01
   5.2931650e+01
   5.3255496e+01
   5.3711945e+01
   5.4300058e+01
   5.5018630e+01
   5.5866188e+01
   5.6840997e+01
   5.7941057e+01
   5.9164114e+01
   6.0507657e+01
   6.1968927e+01
   6.3544921e+01
   6.5232398e+01
   6.7027887e+01
   6.8927692e+01
   7.0927904e+01
   7.3024410e+01
   7.5212901e+01
   7.7488886e+01
   7.9847704e+01
   8.2284536e+01
   8.4794423e+01
   8.7372277e+01
   9.0012901e+01
   9.2711004e+01
   9.5461217e+01
   9.8258119e+01
   1.0109625e+02
   1.0397012e+02
   1.0687426e+02
   1.0980321e+02
   1.1275155e+02
   1.1571393e+02
   1.1868508e+02
   1.2165983e+02
   1.2463312e+02
   1.2760004e+02
   1.3055583e+02
   1.3349590e+02
   1.3641583e+02
   1.3931142e+02
   1.4217867e+02
   1.4501379e+02
   1.4781322e+02
   1.5057365e+02
   1.5329197e+02
   1.5596534e+02
   1.5859114e+02
   1.6116700e+02
   1.6369078e+02
   1.6616055e+02
   1.6857463e+02
   1.7093152e+02
   1.7322995e+02
   1.7546882e+02
   1.7764721e+02
   1.7976436e+02
   1.8181967e+02
   1.8381265e+02
   1.8574295e+02
   1.8761031e+02
   1.8941455e+02
   1.9115558e+02
   1.9283333e+02
   1.9444782e+02
   1.9599904e+02
   1.9748705e+02
   1.9891189e+02
   2.0027360e+02
   2.0157219e+02
   2.0280768e+02
   2.0398006e+02
   2.0508926e+02
   2.0613521e+02
   2.0711781e+02
   2.0803690e+02
   2.0889231e+02
   2.0968383e+02
   2.1041124e+02
   2.1107427e+02
   2.1167267e+02
   2.1220614e+02
   2.1267439e+02
   2.1307713e+02
   2.1341407e+02
   2.1368493e+02
   2.1388944e+02
   2.1402734e+02
   2.1409840e+02
   2.1410241e+02
   2.1403918e+02
   2.1390856e+02
   2.1371040e+02
   2.1344461e+02
   2.1311109e+02
   2.1270980e+02
   2.1224070e+02
   2.1170377e+02
   2.1109902e+02
   2.1042645e+02
   2.0968609e+02
   2.0887798e+02
   2.0800215e+02
   2.0705864e+02
   2.0604749e+02
   2.0496874e+02
   2.0382244e+02
   2.0260863e+02
   2.0132735e+02
   1.9997866e+02
   1.9856261e+02
   1.9707929e+02
   1.9552881e+02
   1.9391128e+02
   1.9222688e+02
   1.9047583e+02
   1.8865842e+02
   1.8677499e+02
   1.8482598e+02
   1.8281191e+02
   1.8073344e+02
   1.7859132e+02
   1.7638645e+02
   1.7411987e+02
   1.7179280e+02
   1.6940660e+02
   1.6696285e+02
   1.6446328e+02
   1.6190986e+02
   1.5930474e+02
   1.5665030e+02
   1.5394912e+02
   1.5120403e+02
   1.4841804e+02
   1.4559440e+02
   1.4273660e+02
   1.3984830e+02
   1.3693338e+02
   1.3399594e+02
   1.3104025e+02
   1.2807074e+02
   1.2509204e+02
   1.2210891e+02
   1.1912623e+02
   1.1614905e+02
   1.1318246e+02
   1.1023168e+02
   1.0730198e+02
   1.0439868e+02
   1.0152713e+02
   9.8692682e+01
   9.5900694e+01
   9.3156488e+01
   9.0465344e+01
   8.7832477e+01
   8.5263021e+01
   8.2762017e+01
   8.0334389e+01
   7.7984935e+01
   7.5718313e+01
   7.3539022e+01
   7.1451397e+01
   6.9459591e+01
   6.7567569e+01
   6.5779097e+01
   6.4097734e+01
   6.2526821e+01
   6.1069477e+01
   5.9728595e+01
   5.8506829e+01
   5.7406599e+01
   5.6430077e+01
   5.5579191e+01
   5.4855619e+01
   5.4260786e+01
   5.3795863e+01
   5.3461764e+01
   5.3259149e+01
   5.3188415e+01
   5.3249704e+01
   5.3442897e+01
   5.3767617e+01
   5.4223229e+01
   5.4808840e+01
   5.5523299e+01
   5.6365202e+01
   5.7332891e+01
   5.8424458e+01
   5.9637746e+01
   6.0970355e+01
   6.2419644e+01
   6.3982736e+01
   6.5656526e+01
   6.7437682e+01
   6.9322657e+01
   7.1307694e+01
   7.3388836e+01
   7.5561934e+01
   7.7822660e+01
   8.0166514e+01
   8.2588842e+01
   8.5084846e+01
   8.7649598e+01
   9.0278057e+01
   9.2965084e+01
   9.5705456e+01
   9.8493889e+01
   1.0132505e+02
   1.0419358e+02
   1.0709412e+02
   1.1002129e+02
   1.1296978e+02
   1.1593429e+02
   1.1890962e+02
   1.2189063e+02
   1.2487230e+02
   1.2784971e+02
   1.3081809e+02
   1.3377282e+02
   1.3670944e+02
   1.3962368e+02
   1.4251144e+02
   1.4536884e+02
   1.4819219e+02
   1.5097801e+02
   1.5372306e+02
   1.5642431e+02
   1.5907894e+02
   1.6168438e+02
   1.6423824e+02
   1.6673838e+02
   1.6918285e+02
   1.7156991e+02
   1.7389802e+02
   1.7616580e+02
   1.7837206e+02
   1.8051577e+02
   1.8259606e+02
   1.8461217e+02
   1.8656349e+02
   1.8844950e+02
   1.9026979e+02
   1.9202402e+02
   1.9371193e+02
   1.9533333e+02
   1.9688806e+02
   1.9837601e+02
   1.9979709e+02
   2.0115125e+02
   2.0243844e+02
   2.0365862e+02
   2.0481176e+02
   2.0589783e+02
   2.0691679e+02
   2.0786861e+02
   2.0875326e+02
   2.0957070e+02
   2.1032090e+02
   2.1100382e+02
   2.1161943e+02
   2.1216772e+02
   2.1264867e+02
   2.1306229e+02
   2.1340861e+02
   2.1368766e+02
   2.1389951e+02
   2.1404425e+02
   2.1412198e+02
   2.1413285e+02
   2.1407701e+02
   2.1395465e+02
   2.1376597e+02
   2.1351120e+02
   2.1319057e+02
   2.1280433e+02
   2.1235275e+02
   2.1183607e+02
   2.1125456e+02
   2.1060847e+02
   2.0989803e+02
   2.0912345e+02
   2.0828493e+02
   2.0738265e+02
   2.0641673e+02
   2.0538730e+02
   2.0429443e+02
   2.0313816e+02
   2.0191851e+02
   2.0063546e+02
   1.9928898e+02
   1.9787901e+02
   1.9640548e+02
   1.9486831e+02
   1.9326745e+02
   1.9160284e+02
   1.8987447e+02
   1.8808235e+02
   1.8622657e+02
   1.8430729e+02
   1.8232473e+02
   1.8027924e+02
   1.7817128e+02
   1.7600144e+02
   1.7377046e+02
   1.7147924e+02
   1.6912886e+02
   1.6672060e+02
   1.6425594e+02
   1.6173654e+02
   1.5916434e+02
   1.5654145e+02
   1.5387025e+02
   1.5115336e+02
   1.4839361e+02
   1.4559411e+02
   1.4275816e+02
   1.3988934e+02
   1.3699142e+02
   1.3406842e+02
   1.3112455e+02
   1.2816422e+02
   1.2519204e+02
   1.2221277e+02
   1.1923134e+02
   1.1625280e+02
   1.1328236e+02
   1.1032528e+02
   1.0738694e+02
   1.0447277e+02
   1.0158824e+02
   9.8738845e+01
   9.5930087e+01
   9.3167444e+01
   9.0456358e+01
   8.7802216e+01
   8.5210328e+01
   8.2685913e+01
   8.0234079e+01
   7.7859806e+01
   7.5567934e+01
   7.3363145e+01
   7.1249952e+01
   6.9232686e+01
   6.7315482e+01
   6.5502271e+01
   6.3796770e+01
   6.2202472e+01
   6.0722641e+01
   5.9360301e+01
   5.8118234e+01
   5.6998970e+01
   5.6004787e+01
   5.5137705e+01
   5.4399482e+01
   5.3791612e+01
   5.3315321e+01
   5.2971568e+01
   5.2761043e+01
   5.2684162e+01
