   9.0816707e+01
   9.0872020e+01
   9.1036861e+01
   9.1311183e+01
   9.1694908e+01
   9.2187923e+01
   9.2790079e+01
   9.3501191e+01
   9.4321034e+01
   9.5249343e+01
   9.6285807e+01
   9.7430068e+01
   9.8681719e+01
   1.0004030e+02
   1.0150528e+02
   1.0307609e+02
   1.0475207e+02
   1.0653250e+02
   1.0841659e+02
   1.1040345e+02
   1.1249211e+02
   1.1468154e+02
   1.1697055e+02
   1.1935791e+02
   1.2184225e+02
   1.2442209e+02
   1.2709584e+02
   1.2986177e+02
   1.3271804e+02
   1.3566266e+02
   1.3869353e+02
   1.4180838e+02
   1.4500479e+02
   1.4828021e+02
   1.5163194e+02
   1.5505708e+02
   1.5855263e+02
   1.6211537e+02
   1.6574196e+02
   1.6942888e+02
   1.7317243e+02
   1.7696876e+02
   1.8081385e+02
   1.8470352e+02
   1.8863341e+02
   1.9259904e+02
   1.9659572e+02
   2.0061866e+02
   2.0466287e+02
   2.0872327e+02
   2.1279461e+02
   2.1687151e+02
   2.2094850e+02
   2.2501996e+02
   2.2908018e+02
   2.3312337e+02
   2.3714364e+02
   2.4113504e+02
   2.4509155e+02
   2.4900711e+02
   2.5287563e+02
   2.5669098e+02
   2.6044704e+02
   2.6413770e+02
   2.6775687e+02
   2.7129849e+02
   2.7475657e+02
   2.7812518e+02
   2.8139848e+02
   2.8457073e+02
   2.8763630e+02
   2.9058971e+02
   2.9342563e+02
   2.9613887e+02
   2.9872445e+02
   3.0117758e+02
   3.0349367e+02
   3.0566837e+02
   3.0769754e+02
   3.0957733e+02
   3.1130412e+02
   3.1287459e+02
   3.1428569e+02
   3.1553468e+02
   3.1661911e+02
   3.1753685e+02
   3.1828609e+02
   3.1886535e+02
   3.1927347e+02
   3.1950963e+02
   3.1957336e+02
   3.1946450e+02
   3.1918326e+02
   3.1873018e+02
   3.1810612e+02
   3.1731230e+02
   3.1635025e+02
   3.1522183e+02
   3.1392924e+02
   3.1247496e+02
   3.1086178e+02
   3.0909281e+02
   3.0717143e+02
   3.0510127e+02
   3.0288626e+02
   3.0053055e+02
   2.9803856e+02
   2.9541489e+02
   2.9266438e+02
   2.8979206e+02
   2.8680313e+02
   2.8370295e+02
   2.8049705e+02
   2.7719107e+02
   2.7379077e+02
   2.7030202e+02
   2.6673076e+02
   2.6308300e+02
   2.5936482e+02
   2.5558231e+02
   2.5174160e+02
   2.4784882e+02
   2.4391009e+02
   2.3993150e+02
   2.3591913e+02
   2.3187898e+02
   2.2781701e+02
   2.2373909e+02
   2.1965101e+02
   2.1555848e+02
   2.1146708e+02
   2.0738229e+02
   2.0330947e+02
   1.9925385e+02
   1.9522049e+02
   1.9121436e+02
   1.8724025e+02
   1.8330278e+02
   1.7940646e+02
   1.7555559e+02
   1.7175433e+02
   1.6800669e+02
   1.6431649e+02
   1.6068738e+02
   1.5712287e+02
   1.5362627e+02
   1.5020076e+02
   1.4684934e+02
   1.4357485e+02
   1.4037996e+02
   1.3726722e+02
   1.3423899e+02
   1.3129752e+02
   1.2844489e+02
   1.2568305e+02
   1.2301382e+02
   1.2043889e+02
   1.1795983e+02
   1.1557810e+02
   1.1329502e+02
   1.1111182e+02
   1.0902964e+02
   1.0704951e+02
   1.0517237e+02
   1.0339907e+02
   1.0173039e+02
   1.0016703e+02
   9.8709623e+01
   9.7358726e+01
   9.6114844e+01
   9.4978421e+01
   9.3949849e+01
   9.3029468e+01
   9.2217574e+01
   9.1514420e+01
   9.0920216e+01
   9.0435136e+01
   9.0059318e+01
   8.9792864e+01
   8.9635845e+01
   8.9588298e+01
   8.9650230e+01
   8.9821617e+01
   9.0102401e+01
   9.0492494e+01
   9.0991775e+01
   9.1600088e+01
   9.2317242e+01
   9.3143007e+01
   9.4077113e+01
   9.5119246e+01
   9.6269048e+01
   9.7526109e+01
   9.8889968e+01
   1.0036011e+02
   1.0193594e+02
   1.0361683e+02
   1.0540205e+02
   1.0729082e+02
   1.0928226e+02
   1.1137542e+02
   1.1356924e+02
   1.1586259e+02
   1.1825422e+02
   1.2074278e+02
   1.2332681e+02
   1.2600472e+02
   1.2877481e+02
   1.3163526e+02
   1.3458409e+02
   1.3761921e+02
   1.4073838e+02
   1.4393921e+02
   1.4721915e+02
   1.5057553e+02
   1.5400548e+02
   1.5750601e+02
   1.6107394e+02
   1.6470594e+02
   1.6839851e+02
   1.7214799e+02
   1.7595054e+02
   1.7980218e+02
   1.8369875e+02
   1.8763592e+02
   1.9160921e+02
   1.9561398e+02
   1.9964545e+02
   2.0369868e+02
   2.0776859e+02
   2.1184995e+02
   2.1593743e+02
   2.2002555e+02
   2.2410874e+02
   2.2818130e+02
   2.3223745e+02
   2.3627133e+02
   2.4027700e+02
   2.4424847e+02
   2.4817968e+02
   2.5206456e+02
   2.5589699e+02
   2.5967087e+02
   2.6338010e+02
   2.6701858e+02
   2.7058028e+02
   2.7405920e+02
   2.7744941e+02
   2.8074507e+02
   2.8394045e+02
   2.8702991e+02
   2.9000797e+02
   2.9286928e+02
   2.9560866e+02
   2.9822110e+02
   3.0070181e+02
   3.0304618e+02
   3.0524983e+02
   3.0730863e+02
   3.0921869e+02
   3.1097637e+02
   3.1257832e+02
   3.1402148e+02
   3.1530306e+02
   3.1642059e+02
   3.1737191e+02
   3.1815518e+02
   3.1876888e+02
   3.1921181e+02
   3.1948312e+02
   3.1958230e+02
   3.1950915e+02
   3.1926385e+02
   3.1884687e+02
   3.1825906e+02
   3.1750157e+02
   3.1657591e+02
   3.1548390e+02
   3.1422767e+02
   3.1280967e+02
   3.1123266e+02
   3.0949968e+02
   3.0761408e+02
   3.0557946e+02
   3.0339969e+02
   3.0107889e+02
   2.9862143e+02
   2.9603187e+02
   2.9331502e+02
   2.9047587e+02
   2.8751957e+02
   2.8445147e+02
   2.8127705e+02
   2.7800191e+02
   2.7463179e+02
   2.7117253e+02
   2.6763004e+02
   2.6401031e+02
   2.6031939e+02
   2.5656335e+02
   2.5274829e+02
   2.4888034e+02
   2.4496558e+02
   2.4101011e+02
   2.3701998e+02
   2.3300119e+02
   2.2895968e+02
   2.2490131e+02
   2.2083189e+02
   2.1675710e+02
   2.1268253e+02
   2.0861367e+02
   2.0455586e+02
   2.0051434e+02
   1.9649419e+02
   1.9250037e+02
   1.8853769e+02
   1.8461078e+02
   1.8072416e+02
   1.7688214e+02
   1.7308891e+02
   1.6934847e+02
   1.6566467e+02
   1.6204118e+02
   1.5848153e+02
   1.5498906e+02
   1.5156695e+02
   1.4821823e+02
   1.4494576e+02
   1.4175225e+02
   1.3864025e+02
   1.3561217e+02
   1.3267027e+02
   1.2981665e+02
   1.2705330e+02
   1.2438206e+02
   1.2180465e+02
   1.1932266e+02
   1.1693756e+02
   1.1465073e+02
   1.1246341e+02
   1.1037677e+02
   1.0839185e+02
   1.0650963e+02
   1.0473099e+02
   1.0305673e+02
   1.0148756e+02
   1.0002416e+02
   9.8667087e+01
   9.7416884e+01
   9.6274013e+01
   9.5238886e+01
   9.4311866e+01
   9.3493267e+01
   9.2783361e+01
   9.2182376e+01
   9.1690505e+01
   9.1307901e+01
   9.1034682e+01
   9.0870934e+01
   9.0816707e+01
