   2.5984329e+02
   2.5987287e+02
   2.5996567e+02
   2.6012198e+02
   2.6034228e+02
   2.6062723e+02
   2.6097766e+02
   2.6139460e+02
   2.6187922e+02
   2.6243288e+02
   2.6305708e+02
   2.6375347e+02
   2.6452384e+02
   2.6537012e+02
   2.6629435e+02
   2.6729866e+02
   2.6838531e+02
   2.6955661e+02
   2.7081494e+02
   2.7216272e+02
   2.7360243e+02
   2.7513654e+02
   2.7676751e+02
   2.7849780e+02
   2.8032982e+02
   2.8226590e+02
   2.8430831e+02
   2.8645919e+02
   2.8872056e+02
   2.9109431e+02
   2.9358213e+02
   2.9618552e+02
   2.9890576e+02
   3.0174390e+02
   3.0470071e+02
   3.0777668e+02
   3.1097198e+02
   3.1428646e+02
   3.1771962e+02
   3.2127057e+02
   3.2493804e+02
   3.2872035e+02
   3.3261540e+02
   3.3662064e+02
   3.4073308e+02
   3.4494923e+02
   3.4926517e+02
   3.5367647e+02
   3.5817821e+02
   3.6276500e+02
   3.6743094e+02
   3.7216965e+02
   3.7697425e+02
   3.8183742e+02
   3.8675133e+02
   3.9170772e+02
   3.9669789e+02
   4.0171274e+02
   4.0674273e+02
   4.1177800e+02
   4.1680831e+02
   4.2182313e+02
   4.2681164e+02
   4.3176277e+02
   4.3666527e+02
   4.4150770e+02
   4.4627851e+02
   4.5096606e+02
   4.5555868e+02
   4.6004473e+02
   4.6441262e+02
   4.6865086e+02
   4.7274814e+02
   4.7669336e+02
   4.8047566e+02
   4.8408451e+02
   4.8750973e+02
   4.9074155e+02
   4.9377065e+02
   4.9658821e+02
   4.9918595e+02
   5.0155617e+02
   5.0369178e+02
   5.0558636e+02
   5.0723417e+02
   5.0863018e+02
   5.0977010e+02
   5.1065043e+02
   5.1126840e+02
   5.1162208e+02
   5.1171033e+02
   5.1153281e+02
   5.1109001e+02
   5.1038323e+02
   5.0941455e+02
   5.0818687e+02
   5.0670386e+02
   5.0496995e+02
   5.0299031e+02
   5.0077081e+02
   4.9831801e+02
   4.9563913e+02
   4.9274199e+02
   4.8963499e+02
   4.8632706e+02
   4.8282763e+02
   4.7914656e+02
   4.7529413e+02
   4.7128097e+02
   4.6711799e+02
   4.6281637e+02
   4.5838750e+02
   4.5384290e+02
   4.4919422e+02
   4.4445316e+02
   4.3963140e+02
   4.3474061e+02
   4.2979236e+02
   4.2479809e+02
   4.1976907e+02
   4.1471636e+02
   4.0965076e+02
   4.0458281e+02
   3.9952268e+02
   3.9448026e+02
   3.8946499e+02
   3.8448597e+02
   3.7955185e+02
   3.7467083e+02
   3.6985068e+02
   3.6509867e+02
   3.6042161e+02
   3.5582581e+02
   3.5131710e+02
   3.4690080e+02
   3.4258175e+02
   3.3836430e+02
   3.3425230e+02
   3.3024914e+02
   3.2635774e+02
   3.2258057e+02
   3.1891963e+02
   3.1537654e+02
   3.1195247e+02
   3.0864822e+02
   3.0546421e+02
   3.0240052e+02
   2.9945688e+02
   2.9663274e+02
   2.9392723e+02
   2.9133924e+02
   2.8886741e+02
   2.8651016e+02
   2.8426572e+02
   2.8213216e+02
   2.8010738e+02
   2.7818916e+02
   2.7637519e+02
   2.7466307e+02
   2.7305032e+02
   2.7153446e+02
   2.7011294e+02
   2.6878326e+02
   2.6754290e+02
   2.6638938e+02
   2.6532029e+02
   2.6433327e+02
   2.6342603e+02
   2.6259642e+02
   2.6184235e+02
   2.6116187e+02
   2.6055317e+02
   2.6001456e+02
   2.5954453e+02
   2.5914171e+02
   2.5880489e+02
   2.5853305e+02
   2.5832534e+02
   2.5818109e+02
   2.5809981e+02
   2.5808121e+02
   2.5812519e+02
   2.5823183e+02
   2.5840139e+02
   2.5863435e+02
   2.5893133e+02
   2.5929319e+02
   2.5972090e+02
   2.6021566e+02
   2.6077881e+02
   2.6141184e+02
   2.6211641e+02
   2.6289431e+02
   2.6374748e+02
   2.6467794e+02
   2.6568786e+02
   2.6677948e+02
   2.6795513e+02
   2.6921722e+02
   2.7056818e+02
   2.7201050e+02
   2.7354667e+02
   2.7517919e+02
   2.7691054e+02
   2.7874315e+02
   2.8067940e+02
   2.8272157e+02
   2.8487185e+02
   2.8713231e+02
   2.8950486e+02
   2.9199125e+02
   2.9459302e+02
   2.9731150e+02
   3.0014779e+02
   3.0310271e+02
   3.0617681e+02
   3.0937033e+02
   3.1268316e+02
   3.1611487e+02
   3.1966463e+02
   3.2333126e+02
   3.2711312e+02
   3.3100819e+02
   3.3501398e+02
   3.3912758e+02
   3.4334558e+02
   3.4766412e+02
   3.5207885e+02
   3.5658492e+02
   3.6117702e+02
   3.6584931e+02
   3.7059549e+02
   3.7540876e+02
   3.8028185e+02
   3.8520702e+02
   3.9017607e+02
   3.9518038e+02
   4.0021087e+02
   4.0525811e+02
   4.1031226e+02
   4.1536316e+02
   4.2040032e+02
   4.2541296e+02
   4.3039006e+02
   4.3532041e+02
   4.4019259e+02
   4.4499509e+02
   4.4971629e+02
   4.5434454e+02
   4.5886820e+02
   4.6327569e+02
   4.6755552e+02
   4.7169638e+02
   4.7568714e+02
   4.7951693e+02
   4.8317520e+02
   4.8665173e+02
   4.8993671e+02
   4.9302078e+02
   4.9589506e+02
   4.9855121e+02
   5.0098147e+02
   5.0317868e+02
   5.0513634e+02
   5.0684863e+02
   5.0831043e+02
   5.0951737e+02
   5.1046582e+02
   5.1115294e+02
   5.1157668e+02
   5.1173578e+02
   5.1162981e+02
   5.1125913e+02
   5.1062492e+02
   5.0972915e+02
   5.0857458e+02
   5.0716477e+02
   5.0550403e+02
   5.0359738e+02
   5.0145059e+02
   4.9907009e+02
   4.9646298e+02
   4.9363695e+02
   4.9060028e+02
   4.8736180e+02
   4.8393081e+02
   4.8031707e+02
   4.7653076e+02
   4.7258238e+02
   4.6848277e+02
   4.6424302e+02
   4.5987440e+02
   4.5538838e+02
   4.5079651e+02
   4.4611042e+02
   4.4134174e+02
   4.3650207e+02
   4.3160292e+02
   4.2665569e+02
   4.2167162e+02
   4.1666171e+02
   4.1163674e+02
   4.0660723e+02
   4.0158334e+02
   3.9657492e+02
   3.9159145e+02
   3.8664200e+02
   3.8173523e+02
   3.7687937e+02
   3.7208218e+02
   3.6735097e+02
   3.6269257e+02
   3.5811333e+02
   3.5361912e+02
   3.4921529e+02
   3.4490673e+02
   3.4069783e+02
   3.3659251e+02
   3.3259420e+02
   3.2870588e+02
   3.2493008e+02
   3.2126887e+02
   3.1772392e+02
   3.1429648e+02
   3.1098741e+02
   3.0779721e+02
   3.0472602e+02
   3.0177364e+02
   2.9893959e+02
   2.9622308e+02
   2.9362306e+02
   2.9113825e+02
   2.8876714e+02
   2.8650803e+02
   2.8435906e+02
   2.8231819e+02
   2.8038328e+02
   2.7855208e+02
   2.7682225e+02
   2.7519140e+02
   2.7365707e+02
   2.7221682e+02
   2.7086817e+02
   2.6960868e+02
   2.6843592e+02
   2.6734753e+02
   2.6634121e+02
   2.6541472e+02
   2.6456595e+02
   2.6379286e+02
   2.6309355e+02
   2.6246625e+02
   2.6190932e+02
   2.6142127e+02
   2.6100078e+02
   2.6064666e+02
   2.6035794e+02
   2.6013379e+02
   2.5997358e+02
   2.5987683e+02
   2.5984329e+02
