   9.7248661e-10
   9.7315683e-08
   3.7234152e-07
   8.2868936e-07
   1.4658492e-06
   2.2830577e-06
   3.2793308e-06
   4.4534671e-06
   5.8040507e-06
   7.3294524e-06
   9.0278319e-06
   1.0897140e-05
   1.2935121e-05
   1.5139315e-05
   1.7507062e-05
   2.0035503e-05
   2.2721585e-05
   2.5562064e-05
   2.8553509e-05
   3.1692306e-05
   3.4974661e-05
   3.8396608e-05
   4.1954010e-05
   4.5642564e-05
   4.9457809e-05
   5.3395129e-05
   5.7449759e-05
   6.1616791e-05
   6.5891179e-05
   7.0267746e-05
   7.4741188e-05
   7.9306085e-05
   8.3956902e-05
   8.8688000e-05
   9.3493638e-05
   9.8367985e-05
   1.0330512e-04
   1.0829906e-04
   1.1334373e-04
   1.1843299e-04
   1.2356068e-04
   1.2872054e-04
   1.3390630e-04
   1.3911165e-04
   1.4433026e-04
   1.4955577e-04
   1.5478182e-04
   1.6000203e-04
   1.6521005e-04
   1.7039952e-04
   1.7556411e-04
   1.8069752e-04
   1.8579349e-04
   1.9084578e-04
   1.9584824e-04
   2.0079474e-04
   2.0567923e-04
   2.1049576e-04
   2.1523842e-04
   2.1990141e-04
   2.2447902e-04
   2.2896565e-04
   2.3335581e-04
   2.3764411e-04
   2.4182531e-04
   2.4589426e-04
   2.4984600e-04
   2.5367566e-04
   2.5737855e-04
   2.6095013e-04
   2.6438601e-04
   2.6768198e-04
   2.7083398e-04
   2.7383815e-04
   2.7669079e-04
   2.7938841e-04
   2.8192767e-04
   2.8430547e-04
   2.8651888e-04
   2.8856518e-04
   2.9044185e-04
   2.9214659e-04
   2.9367729e-04
   2.9503207e-04
   2.9620927e-04
   2.9720744e-04
   2.9802535e-04
   2.9866200e-04
   2.9911659e-04
   2.9938857e-04
   2.9947762e-04
   2.9938360e-04
   2.9910665e-04
   2.9864711e-04
   2.9800553e-04
   2.9718271e-04
   2.9617967e-04
   2.9499763e-04
   2.9363805e-04
   2.9210260e-04
   2.9039318e-04
   2.8851188e-04
   2.8646102e-04
   2.8424312e-04
   2.8186091e-04
   2.7931732e-04
   2.7661547e-04
   2.7375868e-04
   2.7075048e-04
   2.6759454e-04
   2.6429475e-04
   2.6085516e-04
   2.5727999e-04
   2.5357363e-04
   2.4974063e-04
   2.4578570e-04
   2.4171367e-04
   2.3752955e-04
   2.3323847e-04
   2.2884568e-04
   2.2435656e-04
   2.1977662e-04
   2.1511145e-04
   2.1036678e-04
   2.0554840e-04
   2.0066221e-04
   1.9571419e-04
   1.9071038e-04
   1.8565689e-04
   1.8055991e-04
   1.7542565e-04
   1.7026038e-04
   1.6507041e-04
   1.5986207e-04
   1.5464170e-04
   1.4941567e-04
   1.4419035e-04
   1.3897210e-04
   1.3376729e-04
   1.2858223e-04
   1.2342325e-04
   1.1829661e-04
   1.1320856e-04
   1.0816527e-04
   1.0317288e-04
   9.8237444e-05
   9.3364959e-05
   8.8561340e-05
   8.3832414e-05
   7.9183919e-05
   7.4621492e-05
   7.0150663e-05
   6.5776850e-05
   6.1505353e-05
   5.7341345e-05
   5.3289867e-05
   4.9355824e-05
   4.5543976e-05
   4.1858935e-05
   3.8305157e-05
   3.4886941e-05
   3.1608417e-05
   2.8473549e-05
   2.5486124e-05
   2.2649752e-05
   1.9967857e-05
   1.7443679e-05
   1.5080266e-05
   1.2880469e-05
   1.0846945e-05
   8.9821470e-06
   7.2883251e-06
   5.7675227e-06
   4.4215744e-06
   3.2521034e-06
   2.2605198e-06
   1.4480187e-06
   8.1557775e-07
   3.6395144e-07
   9.3619760e-08
   1.5891225e-09
   9.8325836e-08
   3.7337129e-07
   8.2969880e-07
   1.4668218e-06
   2.2839804e-06
   3.2801912e-06
   4.4542532e-06
   5.8047505e-06
   7.3300542e-06
   9.0283238e-06
   1.0897511e-05
   1.2935359e-05
   1.5139409e-05
   1.7507000e-05
   2.0035274e-05
   2.2721179e-05
   2.5561471e-05
   2.8552719e-05
   3.1691308e-05
   3.4973447e-05
   3.8395169e-05
   4.1952337e-05
   4.5640649e-05
   4.9455644e-05
   5.3392708e-05
   5.7447075e-05
   6.1613837e-05
   6.5887951e-05
   7.0264238e-05
   7.4737397e-05
   7.9302007e-05
   8.3952534e-05
   8.8683339e-05
   9.3488683e-05
   9.8362736e-05
   1.0329958e-04
   1.0829322e-04
   1.1333759e-04
   1.1842657e-04
   1.2355396e-04
   1.2871354e-04
   1.3389902e-04
   1.3910409e-04
   1.4432243e-04
   1.4954768e-04
   1.5477346e-04
   1.5999342e-04
   1.6520119e-04
   1.7039043e-04
   1.7555479e-04
   1.8068799e-04
   1.8578374e-04
   1.9083584e-04
   1.9583811e-04
   2.0078443e-04
   2.0566877e-04
   2.1048514e-04
   2.1522767e-04
   2.1989053e-04
   2.2446803e-04
   2.2895457e-04
   2.3334464e-04
   2.3763288e-04
   2.4181402e-04
   2.4588294e-04
   2.4983465e-04
   2.5366430e-04
   2.5736720e-04
   2.6093880e-04
   2.6437471e-04
   2.6767073e-04
   2.7082280e-04
   2.7382705e-04
   2.7667979e-04
   2.7937751e-04
   2.8191690e-04
   2.8429484e-04
   2.8650840e-04
   2.8855486e-04
   2.9043170e-04
   2.9213663e-04
   2.9366753e-04
   2.9502252e-04
   2.9619995e-04
   2.9719835e-04
   2.9801651e-04
   2.9865340e-04
   2.9910826e-04
   2.9938051e-04
   2.9946983e-04
   2.9937611e-04
   2.9909945e-04
   2.9864020e-04
   2.9799893e-04
   2.9717642e-04
   2.9617368e-04
   2.9499196e-04
   2.9363269e-04
   2.9209756e-04
   2.9038846e-04
   2.8850748e-04
   2.8645694e-04
   2.8423936e-04
   2.8185746e-04
   2.7931418e-04
   2.7661265e-04
   2.7375617e-04
   2.7074826e-04
   2.6759262e-04
   2.6429312e-04
   2.6085382e-04
   2.5727893e-04
   2.5357284e-04
   2.4974011e-04
   2.4578542e-04
   2.4171365e-04
   2.3752976e-04
   2.3323891e-04
   2.2884633e-04
   2.2435742e-04
   2.1977767e-04
   2.1511269e-04
   2.1036819e-04
   2.0554997e-04
   2.0066393e-04
   1.9571605e-04
   1.9071236e-04
   1.8565899e-04
   1.8056211e-04
   1.7542794e-04
   1.7026275e-04
   1.6507285e-04
   1.5986455e-04
   1.5464423e-04
   1.4941823e-04
   1.4419293e-04
   1.3897469e-04
   1.3376987e-04
   1.2858480e-04
   1.2342579e-04
   1.1829912e-04
   1.1321102e-04
   1.0816768e-04
   1.0317522e-04
   9.8239713e-05
   9.3367148e-05
   8.8563441e-05
   8.3834422e-05
   7.9185827e-05
   7.4623293e-05
   7.0152353e-05
   6.5778424e-05
   6.1506807e-05
   5.7342675e-05
   5.3291071e-05
   4.9356899e-05
   4.5544921e-05
   4.1859749e-05
   3.8305840e-05
   3.4887493e-05
   3.1608840e-05
   2.8473843e-05
   2.5486293e-05
   2.2649797e-05
   1.9967783e-05
   1.7443490e-05
   1.5079966e-05
   1.2880064e-05
   1.0846440e-05
   8.9815491e-06
   7.2876410e-06
   5.7667598e-06
   4.4207406e-06
   3.2512071e-06
   2.2595698e-06
   1.4470245e-06
   8.1454966e-07
   3.6290224e-07
   9.2581231e-08
   9.7248661e-10
