   1.3772800e+01
   1.3865104e+01
   1.4127221e+01
   1.4559209e+01
   1.5161168e+01
   1.5933240e+01
   1.6875605e+01
   1.7988482e+01
   1.9272119e+01
   2.0726791e+01
   2.2352793e+01
   2.4150429e+01
   2.6120005e+01
   2.8261817e+01
   3.0576145e+01
   3.3063236e+01
   3.5723293e+01
   3.8556466e+01
   4.1562833e+01
   4.4742389e+01
   4.8095034e+01
   5.1620550e+01
   5.5318594e+01
   5.9188677e+01
   6.3230149e+01
   6.7442182e+01
   7.1823754e+01
   7.6373635e+01
   8.1090362e+01
   8.5972234e+01
   9.1017283e+01
   9.6223268e+01
   1.0158765e+02
   1.0710760e+02
   1.1277993e+02
   1.1860116e+02
   1.2456742e+02
   1.3067449e+02
   1.3691780e+02
   1.4329235e+02
   1.4979280e+02
   1.5641335e+02
   1.6314785e+02
   1.6998969e+02
   1.7693188e+02
   1.8396701e+02
   1.9108722e+02
   1.9828428e+02
   2.0554953e+02
   2.1287391e+02
   2.2024797e+02
   2.2766188e+02
   2.3510542e+02
   2.4256805e+02
   2.5003885e+02
   2.5750662e+02
   2.6495984e+02
   2.7238671e+02
   2.7977522e+02
   2.8711309e+02
   2.9438788e+02
   3.0158699e+02
   3.0869768e+02
   3.1570713e+02
   3.2260245e+02
   3.2937076e+02
   3.3599917e+02
   3.4247486e+02
   3.4878514e+02
   3.5491741e+02
   3.6085930e+02
   3.6659864e+02
   3.7212354e+02
   3.7742241e+02
   3.8248402e+02
   3.8729752e+02
   3.9185251e+02
   3.9613904e+02
   4.0014768e+02
   4.0386953e+02
   4.0729628e+02
   4.1042022e+02
   4.1323428e+02
   4.1573206e+02
   4.1790786e+02
   4.1975667e+02
   4.2127425e+02
   4.2245708e+02
   4.2330242e+02
   4.2380831e+02
   4.2397357e+02
   4.2379782e+02
   4.2328145e+02
   4.2242567e+02
   4.2123244e+02
   4.1970452e+02
   4.1784544e+02
   4.1565946e+02
   4.1315161e+02
   4.1032759e+02
   4.0719383e+02
   4.0375740e+02
   4.0002603e+02
   3.9600804e+02
   3.9171235e+02
   3.8714839e+02
   3.8232613e+02
   3.7725598e+02
   3.7194880e+02
   3.6641583e+02
   3.6066868e+02
   3.5471924e+02
   3.4857968e+02
   3.4226241e+02
   3.3578000e+02
   3.2914517e+02
   3.2237075e+02
   3.1546962e+02
   3.0845469e+02
   3.0133883e+02
   2.9413488e+02
   2.8685557e+02
   2.7951352e+02
   2.7212118e+02
   2.6469080e+02
   2.5723442e+02
   2.4976384e+02
   2.4229057e+02
   2.3482582e+02
   2.2738050e+02
   2.1996516e+02
   2.1259002e+02
   2.0526489e+02
   1.9799924e+02
   1.9080212e+02
   1.8368219e+02
   1.7664768e+02
   1.6970644e+02
   1.6286587e+02
   1.5613297e+02
   1.4951433e+02
   1.4301613e+02
   1.3664412e+02
   1.3040367e+02
   1.2429975e+02
   1.1833694e+02
   1.1251946e+02
   1.0685115e+02
   1.0133552e+02
   9.5975713e+01
   9.0774577e+01
   8.5734638e+01
   8.0858133e+01
   7.6147020e+01
   7.1602998e+01
   6.7227520e+01
   6.3021812e+01
   5.8986890e+01
   5.5123574e+01
   5.1432509e+01
   4.7914176e+01
   4.4568914e+01
   4.1396932e+01
   3.8398326e+01
   3.5573095e+01
   3.2921153e+01
   3.0442345e+01
   2.8136461e+01
   2.6003247e+01
   2.4042419e+01
   2.2253674e+01
   2.0636699e+01
   1.9191183e+01
   1.7916828e+01
   1.6813350e+01
   1.5880494e+01
   1.5118038e+01
   1.4525792e+01
   1.4103609e+01
   1.3851383e+01
   1.3769048e+01
   1.3856585e+01
   1.4114015e+01
   1.4541403e+01
   1.5138856e+01
   1.5906525e+01
   1.6844595e+01
   1.7953293e+01
   1.9232874e+01
   2.0683620e+01
   2.2305830e+01
   2.4099815e+01
   2.6065887e+01
   2.8204348e+01
   3.0515482e+01
   3.2999541e+01
   3.5656734e+01
   3.8487213e+01
   4.1491063e+01
   4.4668282e+01
   4.8018771e+01
   5.1542319e+01
   5.5238583e+01
   5.9107076e+01
   6.3147151e+01
   6.7357982e+01
   7.1738548e+01
   7.6287618e+01
   8.1003733e+01
   8.5885186e+01
   9.0930013e+01
   9.6135971e+01
   1.0150052e+02
   1.0702082e+02
   1.1269370e+02
   1.1851565e+02
   1.2448282e+02
   1.3059098e+02
   1.3683554e+02
   1.4321152e+02
   1.4971354e+02
   1.5633583e+02
   1.6307220e+02
   1.6991607e+02
   1.7686041e+02
   1.8389780e+02
   1.9102041e+02
   1.9821995e+02
   2.0548779e+02
   2.1281484e+02
   2.2019164e+02
   2.2760834e+02
   2.3505474e+02
   2.4252025e+02
   2.4999397e+02
   2.5746467e+02
   2.6492082e+02
   2.7235061e+02
   2.7974201e+02
   2.8708275e+02
   2.9436035e+02
   3.0156221e+02
   3.0867558e+02
   3.1568762e+02
   3.2258543e+02
   3.2935612e+02
   3.3598679e+02
   3.4246462e+02
   3.4877687e+02
   3.5491098e+02
   3.6085453e+02
   3.6659536e+02
   3.7212157e+02
   3.7742156e+02
   3.8248410e+02
   3.8729832e+02
   3.9185382e+02
   3.9614064e+02
   4.0014935e+02
   4.0387105e+02
   4.0729742e+02
   4.1042075e+02
   4.1323398e+02
   4.1573070e+02
   4.1790521e+02
   4.1975251e+02
   4.2126834e+02
   4.2244921e+02
   4.2329238e+02
   4.2379589e+02
   4.2395856e+02
   4.2378002e+02
   4.2326068e+02
   4.2240174e+02
   4.2120518e+02
   4.1967377e+02
   4.1781105e+02
   4.1562129e+02
   4.1310952e+02
   4.1028148e+02
   4.0714358e+02
   4.0370293e+02
   3.9996726e+02
   3.9594491e+02
   3.9164480e+02
   3.8707639e+02
   3.8224965e+02
   3.7717502e+02
   3.7186336e+02
   3.6632594e+02
   3.6057436e+02
   3.5462055e+02
   3.4847668e+02
   3.4215517e+02
   3.3566861e+02
   3.2902973e+02
   3.2225137e+02
   3.1534643e+02
   3.0832782e+02
   3.0120843e+02
   2.9400111e+02
   2.8671861e+02
   2.7937353e+02
   2.7197835e+02
   2.6454532e+02
   2.5708650e+02
   2.4961369e+02
   2.4213839e+02
   2.3467184e+02
   2.2722494e+02
   2.1980825e+02
   2.1243199e+02
   2.0510598e+02
   1.9783968e+02
   1.9064215e+02
   1.8352204e+02
   1.7648760e+02
   1.6954665e+02
   1.6270662e+02
   1.5597450e+02
   1.4935687e+02
   1.4285991e+02
   1.3648936e+02
   1.3025060e+02
   1.2414859e+02
   1.1818790e+02
   1.1237275e+02
   1.0670698e+02
   1.0119407e+02
   9.5837191e+01
   9.0639161e+01
   8.5602507e+01
   8.0729457e+01
   7.6021963e+01
   7.1481715e+01
   6.7110158e+01
   6.2908512e+01
   5.8877782e+01
   5.5018782e+01
   5.1332147e+01
   4.7818351e+01
   4.4477723e+01
   4.1310463e+01
   3.8316660e+01
   3.5496302e+01
   3.2849296e+01
   3.0375477e+01
   2.8074626e+01
   2.5946482e+01
   2.3990751e+01
   2.2207120e+01
   2.0595270e+01
   1.9154880e+01
   1.7885643e+01
   1.6787268e+01
   1.5859492e+01
   1.5102082e+01
   1.4514844e+01
   1.4097620e+01
   1.3850296e+01
   1.3772800e+01
