   5.0968877e-08
   1.0345234e-06
   3.8736197e-06
   8.5814409e-06
   1.5152822e-05
   2.3579863e-05
   3.3852359e-05
   4.5957853e-05
   5.9881660e-05
   7.5606886e-05
   9.3114451e-05
   1.1238311e-04
   1.3338948e-04
   1.5610806e-04
   1.8051128e-04
   2.0656953e-04
   2.3425117e-04
   2.6352259e-04
   2.9434826e-04
   3.2669075e-04
   3.6051079e-04
   3.9576730e-04
   4.3241748e-04
   4.7041679e-04
   5.0971908e-04
   5.5027661e-04
   5.9204010e-04
   6.3495879e-04
   6.7898053e-04
   7.2405181e-04
   7.7011785e-04
   8.1712264e-04
   8.6500902e-04
   9.1371878e-04
   9.6319265e-04
   1.0133705e-03
   1.0641912e-03
   1.1155930e-03
   1.1675133e-03
   1.2198889e-03
   1.2726562e-03
   1.3257507e-03
   1.3791080e-03
   1.4326629e-03
   1.4863504e-03
   1.5401049e-03
   1.5938611e-03
   1.6475534e-03
   1.7011163e-03
   1.7544846e-03
   1.8075933e-03
   1.8603776e-03
   1.9127731e-03
   1.9647159e-03
   2.0161427e-03
   2.0669907e-03
   2.1171979e-03
   2.1667031e-03
   2.2154458e-03
   2.2633666e-03
   2.3104069e-03
   2.3565093e-03
   2.4016175e-03
   2.4456764e-03
   2.4886323e-03
   2.5304327e-03
   2.5710265e-03
   2.6103640e-03
   2.6483973e-03
   2.6850799e-03
   2.7203669e-03
   2.7542152e-03
   2.7865835e-03
   2.8174321e-03
   2.8467233e-03
   2.8744214e-03
   2.9004925e-03
   2.9249047e-03
   2.9476281e-03
   2.9686349e-03
   2.9878995e-03
   3.0053983e-03
   3.0211099e-03
   3.0350150e-03
   3.0470967e-03
   3.0573402e-03
   3.0657329e-03
   3.0722646e-03
   3.0769273e-03
   3.0797153e-03
   3.0806251e-03
   3.0796557e-03
   3.0768082e-03
   3.0720861e-03
   3.0654953e-03
   3.0570437e-03
   3.0467417e-03
   3.0346020e-03
   3.0206393e-03
   3.0048707e-03
   2.9873155e-03
   2.9679953e-03
   2.9469336e-03
   2.9241561e-03
   2.8996909e-03
   2.8735676e-03
   2.8458184e-03
   2.8164771e-03
   2.7855797e-03
   2.7531638e-03
   2.7192691e-03
   2.6839371e-03
   2.6472109e-03
   2.6091354e-03
   2.5697571e-03
   2.5291242e-03
   2.4872862e-03
   2.4442944e-03
   2.4002011e-03
   2.3550603e-03
   2.3089271e-03
   2.2618578e-03
   2.2139099e-03
   2.1651418e-03
   2.1156132e-03
   2.0653845e-03
   2.0145169e-03
   1.9630725e-03
   1.9111141e-03
   1.8587050e-03
   1.8059092e-03
   1.7527909e-03
   1.6994151e-03
   1.6458468e-03
   1.5921511e-03
   1.5383937e-03
   1.4846399e-03
   1.4309553e-03
   1.3774052e-03
   1.3240549e-03
   1.2709694e-03
   1.2182132e-03
   1.1658507e-03
   1.1139454e-03
   1.0625607e-03
   1.0117590e-03
   9.6160217e-04
   9.1215120e-04
   8.6346624e-04
   8.1560650e-04
   7.6863019e-04
   7.2259442e-04
   6.7755517e-04
   6.3356717e-04
   5.9068389e-04
   5.4895745e-04
   5.0843856e-04
   4.6917643e-04
   4.3121878e-04
   3.9461171e-04
   3.5939968e-04
   3.2562546e-04
   2.9333006e-04
   2.6255270e-04
   2.3333075e-04
   2.0569969e-04
   1.7969305e-04
   1.5534240e-04
   1.3267731e-04
   1.1172529e-04
   9.2511747e-05
   7.5060014e-05
   5.9391263e-05
   4.5524508e-05
   3.3476572e-05
   2.3262071e-05
   1.4893393e-05
   8.3806742e-06
   3.7317508e-06
   9.5173873e-07
   1.1601371e-08
   1.0129187e-06
   3.8541330e-06
   8.5641088e-06
   1.5137642e-05
   2.3566826e-05
   3.3841448e-05
   4.5949047e-05
   5.9874934e-05
   7.5602211e-05
   9.3111791e-05
   1.1238243e-04
   1.3339073e-04
   1.5611120e-04
   1.8051627e-04
   2.0657630e-04
   2.3425966e-04
   2.6353275e-04
   2.9436002e-04
   3.2670404e-04
   3.6052554e-04
   3.9578345e-04
   4.3243494e-04
   4.7043549e-04
   5.0973894e-04
   5.5029754e-04
   5.9206202e-04
   6.3498162e-04
   6.7900419e-04
   7.2407621e-04
   7.7014290e-04
   8.1714825e-04
   8.6503511e-04
   9.1374525e-04
   9.6321943e-04
   1.0133975e-03
   1.0642183e-03
   1.1156202e-03
   1.1675404e-03
   1.2199160e-03
   1.2726830e-03
   1.3257773e-03
   1.3791342e-03
   1.4326887e-03
   1.4863757e-03
   1.5401297e-03
   1.5938852e-03
   1.6475768e-03
   1.7011390e-03
   1.7545065e-03
   1.8076143e-03
   1.8603977e-03
   1.9127923e-03
   1.9647341e-03
   2.0161599e-03
   2.0670069e-03
   2.1172130e-03
   2.1667171e-03
   2.2154587e-03
   2.2633783e-03
   2.3104175e-03
   2.3565188e-03
   2.4016259e-03
   2.4456837e-03
   2.4886385e-03
   2.5304377e-03
   2.5710304e-03
   2.6103669e-03
   2.6483991e-03
   2.6850807e-03
   2.7203667e-03
   2.7542141e-03
   2.7865815e-03
   2.8174292e-03
   2.8467197e-03
   2.8744171e-03
   2.9004874e-03
   2.9248990e-03
   2.9476218e-03
   2.9686282e-03
   2.9878923e-03
   3.0053908e-03
   3.0211021e-03
   3.0350070e-03
   3.0470886e-03
   3.0573320e-03
   3.0657247e-03
   3.0722565e-03
   3.0769194e-03
   3.0797076e-03
   3.0806178e-03
   3.0796488e-03
   3.0768019e-03
   3.0720804e-03
   3.0654903e-03
   3.0570394e-03
   3.0467383e-03
   3.0345994e-03
   3.0206377e-03
   3.0048702e-03
   2.9873162e-03
   2.9679971e-03
   2.9469367e-03
   2.9241606e-03
   2.8996967e-03
   2.8735749e-03
   2.8458272e-03
   2.8164875e-03
   2.7855916e-03
   2.7531774e-03
   2.7192844e-03
   2.6839541e-03
   2.6472296e-03
   2.6091559e-03
   2.5697794e-03
   2.5291483e-03
   2.4873122e-03
   2.4443222e-03
   2.4002308e-03
   2.3550919e-03
   2.3089605e-03
   2.2618931e-03
   2.2139470e-03
   2.1651807e-03
   2.1156539e-03
   2.0654269e-03
   2.0145610e-03
   1.9631183e-03
   1.9111615e-03
   1.8587541e-03
   1.8059598e-03
   1.7528430e-03
   1.6994687e-03
   1.6459017e-03
   1.5922073e-03
   1.5384511e-03
   1.4846985e-03
   1.4310150e-03
   1.3774659e-03
   1.3241165e-03
   1.2710318e-03
   1.2182764e-03
   1.1659145e-03
   1.1140098e-03
   1.0626256e-03
   1.0118243e-03
   9.6166772e-04
   9.1221693e-04
   8.6353205e-04
   8.1567231e-04
   7.6869588e-04
   7.2265990e-04
   6.7762033e-04
   6.3363192e-04
   5.9074813e-04
   5.4902109e-04
   5.0850149e-04
   4.6923856e-04
   4.3128002e-04
   3.9467196e-04
   3.5945886e-04
   3.2568348e-04
   2.9338683e-04
   2.6260815e-04
   2.3338479e-04
   2.0575224e-04
   1.7974404e-04
   1.5539177e-04
   1.3272499e-04
   1.1177121e-04
   9.2555860e-05
   7.5102261e-05
   5.9431594e-05
   4.5562876e-05
   3.3512936e-05
   2.3296393e-05
   1.4925638e-05
   8.4108068e-06
   3.7597261e-06
   9.7743523e-07
   5.0968877e-08
