   4.2837484e-09
   1.0432472e-07
   3.9238142e-07
   8.6949843e-07
   1.5351350e-06
   2.3884894e-06
   3.4285286e-06
   4.6539925e-06
   6.0633959e-06
   7.6550306e-06
   9.4269673e-06
   1.1377058e-05
   1.3502939e-05
   1.5802032e-05
   1.8271550e-05
   2.0908499e-05
   2.3709681e-05
   2.6671699e-05
   2.9790959e-05
   3.3063679e-05
   3.6485888e-05
   4.0053433e-05
   4.3761987e-05
   4.7607048e-05
   5.1583949e-05
   5.5687863e-05
   5.9913808e-05
   6.4256651e-05
   6.8711119e-05
   7.3271802e-05
   7.7933159e-05
   8.2689527e-05
   8.7535126e-05
   9.2464067e-05
   9.7470358e-05
   1.0254791e-04
   1.0769056e-04
   1.1289203e-04
   1.1814602e-04
   1.2344612e-04
   1.2878589e-04
   1.3415882e-04
   1.3955838e-04
   1.4497800e-04
   1.5041106e-04
   1.5585096e-04
   1.6129107e-04
   1.6672476e-04
   1.7214540e-04
   1.7754640e-04
   1.8292116e-04
   1.8826314e-04
   1.9356581e-04
   1.9882271e-04
   2.0402743e-04
   2.0917362e-04
   2.1425499e-04
   2.1926534e-04
   2.2419855e-04
   2.2904861e-04
   2.3380959e-04
   2.3847566e-04
   2.4304114e-04
   2.4750045e-04
   2.5184813e-04
   2.5607887e-04
   2.6018749e-04
   2.6416899e-04
   2.6801848e-04
   2.7173126e-04
   2.7530279e-04
   2.7872869e-04
   2.8200479e-04
   2.8512707e-04
   2.8809170e-04
   2.9089507e-04
   2.9353374e-04
   2.9600448e-04
   2.9830426e-04
   3.0043028e-04
   3.0237992e-04
   3.0415080e-04
   3.0574075e-04
   3.0714783e-04
   3.0837031e-04
   3.0940670e-04
   3.1025572e-04
   3.1091633e-04
   3.1138773e-04
   3.1166934e-04
   3.1176081e-04
   3.1166203e-04
   3.1137312e-04
   3.1089444e-04
   3.1022658e-04
   3.0937034e-04
   3.0832678e-04
   3.0709717e-04
   3.0568303e-04
   3.0408608e-04
   3.0230827e-04
   3.0035180e-04
   2.9821904e-04
   2.9591262e-04
   2.9343535e-04
   2.9079027e-04
   2.8798061e-04
   2.8500982e-04
   2.8188152e-04
   2.7859955e-04
   2.7516793e-04
   2.7159084e-04
   2.6787267e-04
   2.6401796e-04
   2.6003143e-04
   2.5591795e-04
   2.5168256e-04
   2.4733042e-04
   2.4286685e-04
   2.3829732e-04
   2.3362740e-04
   2.2886281e-04
   2.2400935e-04
   2.1907296e-04
   2.1405967e-04
   2.0897559e-04
   2.0382693e-04
   1.9861998e-04
   1.9336109e-04
   1.8805667e-04
   1.8271320e-04
   1.7733718e-04
   1.7193519e-04
   1.6651380e-04
   1.6107962e-04
   1.5563928e-04
   1.5019940e-04
   1.4476661e-04
   1.3934752e-04
   1.3394875e-04
   1.2857685e-04
   1.2323837e-04
   1.1793981e-04
   1.1268762e-04
   1.0748818e-04
   1.0234782e-04
   9.7272799e-05
   9.2269278e-05
   8.7343345e-05
   8.2500987e-05
   7.7748091e-05
   7.3090433e-05
   6.8533671e-05
   6.4083342e-05
   5.9744852e-05
   5.5523468e-05
   5.1424319e-05
   4.7452380e-05
   4.3612473e-05
   3.9909259e-05
   3.6347234e-05
   3.2930719e-05
   2.9663860e-05
   2.6550620e-05
   2.3594777e-05
   2.0799915e-05
   1.8169424e-05
   1.5706495e-05
   1.3414115e-05
   1.1295062e-05
   9.3519066e-06
   7.5870043e-06
   6.0024947e-06
   4.6002986e-06
   3.3821158e-06
   2.3494227e-06
   1.5034706e-06
   8.4528377e-07
   3.7565450e-07
   9.5109262e-08
   1.2150806e-09
   1.0267919e-07
   3.9077918e-07
   8.6794907e-07
   1.5336500e-06
   2.3870806e-06
   3.4272079e-06
   4.6527717e-06
   6.0622871e-06
   7.6540456e-06
   9.4261178e-06
   1.1376356e-05
   1.3502395e-05
   1.5801659e-05
   1.8271358e-05
   2.0908499e-05
   2.3709883e-05
   2.6672114e-05
   2.9791597e-05
   3.3064548e-05
   3.6486998e-05
   4.0054794e-05
   4.3763605e-05
   4.7608931e-05
   5.1586105e-05
   5.5690298e-05
   5.9916528e-05
   6.4259661e-05
   6.8714425e-05
   7.3275407e-05
   7.7937067e-05
   8.2693741e-05
   8.7539648e-05
   9.2468898e-05
   9.7475499e-05
   1.0255336e-04
   1.0769632e-04
   1.1289811e-04
   1.1815240e-04
   1.2345280e-04
   1.2879287e-04
   1.3416610e-04
   1.3956595e-04
   1.4498585e-04
   1.5041920e-04
   1.5585937e-04
   1.6129975e-04
   1.6673370e-04
   1.7215459e-04
   1.7755583e-04
   1.8293082e-04
   1.8827302e-04
   1.9357590e-04
   1.9883300e-04
   2.0403791e-04
   2.0918427e-04
   2.1426580e-04
   2.1927630e-04
   2.2420965e-04
   2.2905983e-04
   2.3382091e-04
   2.3848708e-04
   2.4305264e-04
   2.4751201e-04
   2.5185974e-04
   2.5609051e-04
   2.6019916e-04
   2.6418065e-04
   2.6803013e-04
   2.7174289e-04
   2.7531437e-04
   2.7874023e-04
   2.8201625e-04
   2.8513844e-04
   2.8810298e-04
   2.9090623e-04
   2.9354477e-04
   2.9601537e-04
   2.9831499e-04
   3.0044084e-04
   3.0239030e-04
   3.0416099e-04
   3.0575074e-04
   3.0715760e-04
   3.0837985e-04
   3.0941600e-04
   3.1026478e-04
   3.1092513e-04
   3.1139627e-04
   3.1167761e-04
   3.1176880e-04
   3.1166974e-04
   3.1138054e-04
   3.1090156e-04
   3.1023339e-04
   3.0937685e-04
   3.0833298e-04
   3.0710307e-04
   3.0568861e-04
   3.0409135e-04
   3.0231323e-04
   3.0035645e-04
   2.9822338e-04
   2.9591665e-04
   2.9343907e-04
   2.9079368e-04
   2.8798373e-04
   2.8501264e-04
   2.8188405e-04
   2.7860180e-04
   2.7516989e-04
   2.7159254e-04
   2.6787410e-04
   2.6401914e-04
   2.6003236e-04
   2.5591864e-04
   2.5168301e-04
   2.4733065e-04
   2.4286687e-04
   2.3829714e-04
   2.3362704e-04
   2.2886226e-04
   2.2400864e-04
   2.1907209e-04
   2.1405865e-04
   2.0897444e-04
   2.0382566e-04
   1.9861860e-04
   1.9335961e-04
   1.8805511e-04
   1.8271156e-04
   1.7733549e-04
   1.7193345e-04
   1.6651202e-04
   1.6107782e-04
   1.5563746e-04
   1.5019758e-04
   1.4476479e-04
   1.3934573e-04
   1.3394698e-04
   1.2857512e-04
   1.2323669e-04
   1.1793819e-04
   1.1268606e-04
   1.0748669e-04
   1.0234642e-04
   9.7271479e-05
   9.2268053e-05
   8.7342220e-05
   8.2499969e-05
   7.7747184e-05
   7.3089641e-05
   6.8532998e-05
   6.4082791e-05
   5.9744425e-05
   5.5523169e-05
   5.1424147e-05
   4.7452336e-05
   4.3612557e-05
   3.9909471e-05
   3.6347571e-05
   3.2931180e-05
   2.9664442e-05
   2.6551320e-05
   2.3595591e-05
   2.0800839e-05
   1.8170453e-05
   1.5707623e-05
   1.3415334e-05
   1.1296368e-05
   9.3532905e-06
   7.5884589e-06
   6.0040117e-06
   4.6018693e-06
   3.3837310e-06
   2.3510729e-06
   1.5051458e-06
   8.4697359e-07
   3.7734830e-07
   9.6796953e-08
   4.2837484e-09
