   3.3024190e+01
   3.3050995e+01
   3.3136692e+01
   3.3281581e+01
   3.3486164e+01
   3.3751141e+01
   3.4077409e+01
   3.4466061e+01
   3.4918380e+01
   3.5435838e+01
   3.6020090e+01
   3.6672969e+01
   3.7396483e+01
   3.8192803e+01
   3.9064262e+01
   4.0013340e+01
   4.1042660e+01
   4.2154973e+01
   4.3353150e+01
   4.4640169e+01
   4.6019098e+01
   4.7493081e+01
   4.9065326e+01
   5.0739080e+01
   5.2517616e+01
   5.4404209e+01
   5.6402115e+01
   5.8514550e+01
   6.0744663e+01
   6.3095512e+01
   6.5570038e+01
   6.8171035e+01
   7.0901122e+01
   7.3762715e+01
   7.6757994e+01
   7.9888875e+01
   8.3156975e+01
   8.6563582e+01
   9.0109623e+01
   9.3795632e+01
   9.7621719e+01
   1.0158754e+02
   1.0569226e+02
   1.0993454e+02
   1.1431249e+02
   1.1882366e+02
   1.2346501e+02
   1.2823288e+02
   1.3312298e+02
   1.3813038e+02
   1.4324949e+02
   1.4847404e+02
   1.5379709e+02
   1.5921102e+02
   1.6470755e+02
   1.7027771e+02
   1.7591188e+02
   1.8159979e+02
   1.8733057e+02
   1.9309271e+02
   1.9887418e+02
   2.0466237e+02
   2.1044420e+02
   2.1620614e+02
   2.2193423e+02
   2.2761419e+02
   2.3323142e+02
   2.3877110e+02
   2.4421823e+02
   2.4955769e+02
   2.5477434e+02
   2.5985308e+02
   2.6477890e+02
   2.6953698e+02
   2.7411276e+02
   2.7849201e+02
   2.8266091e+02
   2.8660611e+02
   2.9031483e+02
   2.9377490e+02
   2.9697488e+02
   2.9990403e+02
   3.0255248e+02
   3.0491123e+02
   3.0697217e+02
   3.0872823e+02
   3.1017331e+02
   3.1130238e+02
   3.1211151e+02
   3.1259787e+02
   3.1275974e+02
   3.1259657e+02
   3.1210892e+02
   3.1129850e+02
   3.1016814e+02
   3.0872180e+02
   3.0696450e+02
   3.0490233e+02
   3.0254239e+02
   2.9989277e+02
   2.9696247e+02
   2.9376139e+02
   2.9030024e+02
   2.8659049e+02
   2.8264429e+02
   2.7847444e+02
   2.7409427e+02
   2.6951761e+02
   2.6475869e+02
   2.5983208e+02
   2.5475258e+02
   2.4953521e+02
   2.4419507e+02
   2.3874731e+02
   2.3320702e+02
   2.2758921e+02
   2.2190871e+02
   2.1618009e+02
   2.1041766e+02
   2.0463536e+02
   1.9884671e+02
   1.9306481e+02
   1.8730223e+02
   1.8157103e+02
   1.7588269e+02
   1.7024809e+02
   1.6467750e+02
   1.5918052e+02
   1.5376613e+02
   1.4844260e+02
   1.4321754e+02
   1.3809791e+02
   1.3308994e+02
   1.2819924e+02
   1.2343073e+02
   1.1878870e+02
   1.1427679e+02
   1.0989806e+02
   1.0565494e+02
   1.0154931e+02
   9.7582533e+01
   9.3755419e+01
   9.0068315e+01
   8.6521108e+01
   8.3113261e+01
   7.9843844e+01
   7.6711568e+01
   7.3714813e+01
   7.0851660e+01
   6.8119929e+01
   6.5517200e+01
   6.3040853e+01
   6.0688092e+01
   5.8455975e+01
   5.6341442e+01
   5.4341342e+01
   5.2452458e+01
   5.0671532e+01
   4.8995288e+01
   4.7420453e+01
   4.5943775e+01
   4.4562049e+01
   4.3272127e+01
   4.2070940e+01
   4.0955509e+01
   3.9922963e+01
   3.8970548e+01
   3.8095640e+01
   3.7295756e+01
   3.6568566e+01
   3.5911894e+01
   3.5323733e+01
   3.4802247e+01
   3.4345781e+01
   3.3952863e+01
   3.3622206e+01
   3.3352718e+01
   3.3143502e+01
   3.2993856e+01
   3.2903278e+01
   3.2871466e+01
   3.2898321e+01
   3.2983943e+01
   3.3128635e+01
   3.3332898e+01
   3.3597435e+01
   3.3923145e+01
   3.4311121e+01
   3.4762649e+01
   3.5279204e+01
   3.5862442e+01
   3.6514200e+01
   3.7236488e+01
   3.8031482e+01
   3.8901516e+01
   3.9849074e+01
   4.0876785e+01
   4.1987403e+01
   4.3183804e+01
   4.4468969e+01
   4.5845974e+01
   4.7317968e+01
   4.8888163e+01
   5.0559814e+01
   5.2336200e+01
   5.4220602e+01
   5.6216286e+01
   5.8326473e+01
   6.0554322e+01
   6.2902899e+01
   6.5375153e+01
   6.7973888e+01
   7.0701733e+01
   7.3561114e+01
   7.6554221e+01
   7.9682982e+01
   8.2949023e+01
   8.6353646e+01
   8.9897788e+01
   9.3581996e+01
   9.7406393e+01
   1.0137064e+02
   1.0547393e+02
   1.0971493e+02
   1.1409176e+02
   1.1860199e+02
   1.2324257e+02
   1.2800988e+02
   1.3289964e+02
   1.3790693e+02
   1.4302616e+02
   1.4825108e+02
   1.5357477e+02
   1.5898963e+02
   1.6448736e+02
   1.7005902e+02
   1.7569500e+02
   1.8138504e+02
   1.8711827e+02
   1.9288320e+02
   1.9866779e+02
   2.0445945e+02
   2.1024511e+02
   2.1601122e+02
   2.2174385e+02
   2.2742871e+02
   2.3305119e+02
   2.3859648e+02
   2.4404957e+02
   2.4939535e+02
   2.5461866e+02
   2.5970440e+02
   2.6463756e+02
   2.6940329e+02
   2.7398704e+02
   2.7837456e+02
   2.8255201e+02
   2.8650603e+02
   2.9022383e+02
   2.9369323e+02
   2.9690274e+02
   2.9984164e+02
   3.0250002e+02
   3.0486885e+02
   3.0694003e+02
   3.0870643e+02
   3.1016194e+02
   3.1130152e+02
   3.1212121e+02
   3.1261814e+02
   3.1279059e+02
   3.1263796e+02
   3.1216081e+02
   3.1136081e+02
   3.1024078e+02
   3.0880464e+02
   3.0705740e+02
   3.0500511e+02
   3.0265487e+02
   3.0001474e+02
   2.9709370e+02
   2.9390164e+02
   2.9044923e+02
   2.8674794e+02
   2.8280991e+02
   2.7864791e+02
   2.7427527e+02
   2.6970580e+02
   2.6495372e+02
   2.6003360e+02
   2.5496023e+02
   2.4974861e+02
   2.4441385e+02
   2.3897109e+02
   2.3343543e+02
   2.2782187e+02
   2.2214523e+02
   2.1642011e+02
   2.1066079e+02
   2.0488124e+02
   1.9909498e+02
   1.9331511e+02
   1.8755421e+02
   1.8182436e+02
   1.7613703e+02
   1.7050313e+02
   1.6493293e+02
   1.5943605e+02
   1.5402146e+02
   1.4869747e+02
   1.4347170e+02
   1.3835109e+02
   1.3334193e+02
   1.2844982e+02
   1.2367970e+02
   1.1903587e+02
   1.1452199e+02
   1.1014112e+02
   1.0589572e+02
   1.0178769e+02
   9.7818380e+01
   9.3988638e+01
   9.0298816e+01
   8.6748815e+01
   8.3338111e+01
   8.0065787e+01
   7.6930563e+01
   7.3930833e+01
   7.1064690e+01
   6.8329962e+01
   6.5724243e+01
   6.3244920e+01
   6.0889207e+01
   5.8654171e+01
   5.6536761e+01
   5.4533833e+01
   5.2642179e+01
   5.0858547e+01
   4.9179668e+01
   4.7602274e+01
   4.6123121e+01
   4.4739007e+01
   4.3446791e+01
   4.2243407e+01
   4.1125880e+01
   4.0091344e+01
   3.9137046e+01
   3.8260369e+01
   3.7458830e+01
   3.6730101e+01
   3.6072009e+01
   3.5482549e+01
   3.4959887e+01
   3.4502368e+01
   3.4108520e+01
   3.3777060e+01
   3.3506894e+01
   3.3297126e+01
   3.3147054e+01
   3.3056176e+01
   3.3024190e+01
