   7.0452710e-01
   7.2244478e-01
   7.7578362e-01
   8.6455952e-01
   9.8879901e-01
   1.1485389e+00
   1.3438254e+00
   1.5747136e+00
   1.8412657e+00
   2.1435501e+00
   2.4816398e+00
   2.8556105e+00
   3.2655386e+00
   3.7114998e+00
   4.1935658e+00
   4.7118029e+00
   5.2662688e+00
   5.8570098e+00
   6.4840584e+00
   7.1474301e+00
   7.8471198e+00
   8.5830994e+00
   9.3553137e+00
   1.0163678e+01
   1.1008072e+01
   1.1888340e+01
   1.2804286e+01
   1.3755668e+01
   1.4742195e+01
   1.5763528e+01
   1.6819270e+01
   1.7908965e+01
   1.9032097e+01
   2.0188083e+01
   2.1376273e+01
   2.2595944e+01
   2.3846299e+01
   2.5126465e+01
   2.6435486e+01
   2.7772329e+01
   2.9135875e+01
   3.0524918e+01
   3.1938169e+01
   3.3374247e+01
   3.4831687e+01
   3.6308932e+01
   3.7804339e+01
   3.9316175e+01
   4.0842620e+01
   4.2381770e+01
   4.3931635e+01
   4.5490144e+01
   4.7055148e+01
   4.8624421e+01
   5.0195664e+01
   5.1766513e+01
   5.3334536e+01
   5.4897247e+01
   5.6452103e+01
   5.7996516e+01
   5.9527858e+01
   6.1043463e+01
   6.2540641e+01
   6.4016681e+01
   6.5468861e+01
   6.6894452e+01
   6.8290731e+01
   6.9654988e+01
   7.0984533e+01
   7.2276706e+01
   7.3528885e+01
   7.4738497e+01
   7.5903024e+01
   7.7020014e+01
   7.8087089e+01
   7.9101954e+01
   8.0062404e+01
   8.0966335e+01
   8.1811747e+01
   8.2596759e+01
   8.3319609e+01
   8.3978664e+01
   8.4572429e+01
   8.5099547e+01
   8.5558810e+01
   8.5949158e+01
   8.6269691e+01
   8.6519664e+01
   8.6698498e+01
   8.6805776e+01
   8.6841248e+01
   8.6804831e+01
   8.6696611e+01
   8.6516839e+01
   8.6265935e+01
   8.5944481e+01
   8.5553222e+01
   8.5093064e+01
   8.4565065e+01
   8.3970438e+01
   8.3310540e+01
   8.2586870e+01
   8.1801062e+01
   8.0954879e+01
   8.0050206e+01
   7.9089042e+01
   7.8073493e+01
   7.7005767e+01
   7.5888158e+01
   7.4723047e+01
   7.3512887e+01
   7.2260196e+01
   7.0967549e+01
   6.9637568e+01
   6.8272912e+01
   6.6876274e+01
   6.5450363e+01
   6.3997903e+01
   6.2521622e+01
   6.1024243e+01
   5.9508476e+01
   5.7977013e+01
   5.6432516e+01
   5.4877615e+01
   5.3314898e+01
   5.1746906e+01
   5.0176125e+01
   4.8604984e+01
   4.7035849e+01
   4.5471017e+01
   4.3912713e+01
   4.2363084e+01
   4.0824202e+01
   3.9298053e+01
   3.7786543e+01
   3.6291488e+01
   3.4814620e+01
   3.3357581e+01
   3.1921927e+01
   3.0509123e+01
   2.9120546e+01
   2.7757485e+01
   2.6421144e+01
   2.5112639e+01
   2.3833006e+01
   2.2583196e+01
   2.1364081e+01
   2.0176458e+01
   1.9021046e+01
   1.7898497e+01
   1.6809390e+01
   1.5754242e+01
   1.4733506e+01
   1.3747578e+01
   1.2796797e+01
   1.1881451e+01
   1.1001781e+01
   1.0157983e+01
   9.3502118e+00
   8.5785857e+00
   7.8431889e+00
   7.1440754e+00
   6.4812726e+00
   5.8547846e+00
   5.2645950e+00
   4.7106706e+00
   4.1929643e+00
   3.7114175e+00
   3.2659635e+00
   2.8565297e+00
   2.4830400e+00
   2.1454172e+00
   1.8435851e+00
   1.5774703e+00
   1.3470038e+00
   1.1521229e+00
   9.9277214e-01
   8.6890468e-01
   7.8048315e-01
   7.2748035e-01
   7.0987976e-01
   7.2767583e-01
   7.8087404e-01
   8.6949080e-01
   9.9355325e-01
   1.1530987e+00
   1.3481739e+00
   1.5788342e+00
   1.8451424e+00
   2.1471672e+00
   2.4849821e+00
   2.8586631e+00
   3.2682874e+00
   3.7139311e+00
   4.1956665e+00
   4.7135606e+00
   5.2676716e+00
   5.8580467e+00
   6.4847190e+00
   7.1477048e+00
   7.8470000e+00
   8.5825771e+00
   9.3543820e+00
   1.0162330e+01
   1.1006304e+01
   1.1886148e+01
   1.2801666e+01
   1.3752618e+01
   1.4738715e+01
   1.5759618e+01
   1.6814930e+01
   1.7904200e+01
   1.9026910e+01
   2.0182479e+01
   2.1370259e+01
   2.2589527e+01
   2.3839488e+01
   2.5119270e+01
   2.6427920e+01
   2.7764404e+01
   2.9127604e+01
   3.0516318e+01
   3.1929256e+01
   3.3365041e+01
   3.4822205e+01
   3.6299196e+01
   3.7794370e+01
   3.9305995e+01
   4.0832254e+01
   4.2371243e+01
   4.3920972e+01
   4.5479373e+01
   4.7044296e+01
   4.8613516e+01
   5.0184735e+01
   5.1755590e+01
   5.3323649e+01
   5.4886427e+01
   5.6441380e+01
   5.7985923e+01
   5.9517424e+01
   6.1033220e+01
   6.2530620e+01
   6.4006914e+01
   6.5459376e+01
   6.6885281e+01
   6.8281903e+01
   6.9646531e+01
   7.0976475e+01
   7.2269074e+01
   7.3521705e+01
   7.4731793e+01
   7.5896820e+01
   7.7014333e+01
   7.8081951e+01
   7.9097378e+01
   8.0058407e+01
   8.0962932e+01
   8.1808954e+01
   8.2594586e+01
   8.3318067e+01
   8.3977762e+01
   8.4572172e+01
   8.5099940e+01
   8.5559854e+01
   8.5950854e+01
   8.6272036e+01
   8.6522655e+01
   8.6702128e+01
   8.6810036e+01
   8.6846129e+01
   8.6810320e+01
   8.6702694e+01
   8.6523501e+01
   8.6273157e+01
   8.5952244e+01
   8.5561505e+01
   8.5101843e+01
   8.4574318e+01
   8.3980138e+01
   8.3320661e+01
   8.2597383e+01
   8.1811939e+01
   8.0966090e+01
   8.0061720e+01
   7.9100828e+01
   7.8085519e+01
   7.7018000e+01
   7.5900567e+01
   7.4735599e+01
   7.3525548e+01
   7.2272934e+01
   7.0980331e+01
   6.9650362e+01
   6.8285687e+01
   6.6888997e+01
   6.5463004e+01
   6.4010432e+01
   6.2534009e+01
   6.1036460e+01
   5.9520496e+01
   5.7988809e+01
   5.6444063e+01
   5.4888888e+01
   5.3325875e+01
   5.1757564e+01
   5.0186445e+01
   4.8614947e+01
   4.7045437e+01
   4.5480214e+01
   4.3921503e+01
   4.2371455e+01
   4.0832142e+01
   3.9305551e+01
   3.7793590e+01
   3.6298076e+01
   3.4820744e+01
   3.3363236e+01
   3.1927109e+01
   3.0513830e+01
   2.9124777e+01
   2.7761241e+01
   2.6424427e+01
   2.5115452e+01
   2.3835353e+01
   2.2585082e+01
   2.1365513e+01
   2.0177443e+01
   1.9021593e+01
   1.7898615e+01
   1.6809090e+01
   1.5753534e+01
   1.4732403e+01
   1.3746092e+01
   1.2794942e+01
   1.1879241e+01
   1.0999231e+01
   1.0155108e+01
   9.3470286e+00
   8.5751102e+00
   7.8394379e+00
   7.1400662e+00
   6.4770229e+00
   5.8503123e+00
   5.2599184e+00
   4.7058083e+00
   4.1879349e+00
   3.7062401e+00
   3.2606571e+00
   2.8511135e+00
   2.4775332e+00
   2.1398392e+00
   1.8379552e+00
   1.5718077e+00
   1.3413278e+00
   1.1464527e+00
   9.8712695e-01
   8.6330363e-01
   7.7494549e-01
   7.2202545e-01
   7.0452710e-01
