   8.2018241e+03
   8.2017936e+03
   8.2008259e+03
   8.1989127e+03
   8.1960407e+03
   8.1921916e+03
   8.1873420e+03
   8.1814638e+03
   8.1745237e+03
   8.1664839e+03
   8.1573018e+03
   8.1469301e+03
   8.1353171e+03
   8.1224069e+03
   8.1081391e+03
   8.0924496e+03
   8.0752705e+03
   8.0565302e+03
   8.0361539e+03
   8.0140638e+03
   7.9901792e+03
   7.9644173e+03
   7.9366931e+03
   7.9069202e+03
   7.8750109e+03
   7.8408768e+03
   7.8044293e+03
   7.7655803e+03
   7.7242425e+03
   7.6803300e+03
   7.6337592e+03
   7.5844493e+03
   7.5323230e+03
   7.4773070e+03
   7.4193332e+03
   7.3583390e+03
   7.2942685e+03
   7.2270728e+03
   7.1567113e+03
   7.0831520e+03
   7.0063728e+03
   6.9263617e+03
   6.8431180e+03
   6.7566531e+03
   6.6669909e+03
   6.5741685e+03
   6.4782370e+03
   6.3792621e+03
   6.2773245e+03
   6.1725203e+03
   6.0649616e+03
   5.9547767e+03
   5.8421101e+03
   5.7271230e+03
   5.6099931e+03
   5.4909144e+03
   5.3700973e+03
   5.2477681e+03
   5.1241687e+03
   4.9995558e+03
   4.8742006e+03
   4.7483878e+03
   4.6224148e+03
   4.4965905e+03
   4.3712343e+03
   4.2466751e+03
   4.1232496e+03
   4.0013010e+03
   3.8811775e+03
   3.7632306e+03
   3.6478137e+03
   3.5352801e+03
   3.4259813e+03
   3.3202651e+03
   3.2184740e+03
   3.1209432e+03
   3.0279988e+03
   2.9399558e+03
   2.8571166e+03
   2.7797692e+03
   2.7081853e+03
   2.6426190e+03
   2.5833050e+03
   2.5304574e+03
   2.4842684e+03
   2.4449070e+03
   2.4125181e+03
   2.3872213e+03
   2.3691107e+03
   2.3582537e+03
   2.3546911e+03
   2.3584366e+03
   2.3694765e+03
   2.3877702e+03
   2.4132503e+03
   2.4458229e+03
   2.4853683e+03
   2.5317417e+03
   2.5847740e+03
   2.6442731e+03
   2.7100248e+03
   2.7817942e+03
   2.8593272e+03
   2.9423518e+03
   3.0305799e+03
   3.1237088e+03
   3.2214233e+03
   3.3233969e+03
   3.4292941e+03
   3.5387722e+03
   3.6514829e+03
   3.7670742e+03
   3.8851926e+03
   4.0054841e+03
   4.1275970e+03
   4.2511825e+03
   4.3758970e+03
   4.5014033e+03
   4.6273725e+03
   4.7534846e+03
   4.8794302e+03
   5.0049119e+03
   5.1296445e+03
   5.2533568e+03
   5.3757917e+03
   5.4967073e+03
   5.6158772e+03
   5.7330909e+03
   5.8481544e+03
   5.9608900e+03
   6.0711368e+03
   6.1787502e+03
   6.2836023e+03
   6.3855812e+03
   6.4845910e+03
   6.5805515e+03
   6.6733972e+03
   6.7630775e+03
   6.8495557e+03
   6.9328084e+03
   7.0128247e+03
   7.0896058e+03
   7.1631643e+03
   7.2335227e+03
   7.3007137e+03
   7.3647784e+03
   7.4257662e+03
   7.4837338e+03
   7.5387441e+03
   7.5908660e+03
   7.6401731e+03
   7.6867432e+03
   7.7306578e+03
   7.7720010e+03
   7.8108590e+03
   7.8473196e+03
   7.8814713e+03
   7.9134031e+03
   7.9432037e+03
   7.9709611e+03
   7.9967621e+03
   8.0206919e+03
   8.0428335e+03
   8.0632678e+03
   8.0820727e+03
   8.0993231e+03
   8.1150907e+03
   8.1294435e+03
   8.1424456e+03
   8.1541573e+03
   8.1646345e+03
   8.1739289e+03
   8.1820874e+03
   8.1891526e+03
   8.1951622e+03
   8.2001491e+03
   8.2041413e+03
   8.2071617e+03
   8.2092285e+03
   8.2103546e+03
   8.2105478e+03
   8.2098109e+03
   8.2081416e+03
   8.2055325e+03
   8.2019712e+03
   8.1974400e+03
   8.1919164e+03
   8.1853730e+03
   8.1777774e+03
   8.1690923e+03
   8.1592758e+03
   8.1482814e+03
   8.1360581e+03
   8.1225505e+03
   8.1076990e+03
   8.0914401e+03
   8.0737064e+03
   8.0544269e+03
   8.0335275e+03
   8.0109308e+03
   7.9865569e+03
   7.9603233e+03
   7.9321458e+03
   7.9019382e+03
   7.8696135e+03
   7.8350837e+03
   7.7982607e+03
   7.7590567e+03
   7.7173849e+03
   7.6731597e+03
   7.6262980e+03
   7.5767192e+03
   7.5243463e+03
   7.4691062e+03
   7.4109311e+03
   7.3497586e+03
   7.2855328e+03
   7.2182050e+03
   7.1477345e+03
   7.0740896e+03
   6.9972477e+03
   6.9171972e+03
   6.8339370e+03
   6.7474782e+03
   6.6578446e+03
   6.5650729e+03
   6.4692139e+03
   6.3703328e+03
   6.2685099e+03
   6.1638407e+03
   6.0564367e+03
   5.9464254e+03
   5.8339507e+03
   5.7191730e+03
   5.6022690e+03
   5.4834320e+03
   5.3628712e+03
   5.2408120e+03
   5.1174951e+03
   4.9931760e+03
   4.8681248e+03
   4.7426248e+03
   4.6169720e+03
   4.4914740e+03
   4.3664488e+03
   4.2422236e+03
   4.1191337e+03
   3.9975205e+03
   3.8777308e+03
   3.7601143e+03
   3.6450226e+03
   3.5328074e+03
   3.4238183e+03
   3.3184013e+03
   3.2168973e+03
   3.1196395e+03
   3.0269521e+03
   2.9391486e+03
   2.8565294e+03
   2.7793807e+03
   2.7079727e+03
   2.6425575e+03
   2.5833685e+03
   2.5306182e+03
   2.4844971e+03
   2.4451730e+03
   2.4127894e+03
   2.3874648e+03
   2.3692921e+03
   2.3583378e+03
   2.3546419e+03
   2.3582174e+03
   2.3690501e+03
   2.3870991e+03
   2.4122967e+03
   2.4445490e+03
   2.4837365e+03
   2.5297147e+03
   2.5823150e+03
   2.6413462e+03
   2.7065947e+03
   2.7778270e+03
   2.8547901e+03
   2.9372134e+03
   3.0248105e+03
   3.1172807e+03
   3.2143104e+03
   3.3155754e+03
   3.4207424e+03
   3.5294712e+03
   3.6414158e+03
   3.7562270e+03
   3.8735538e+03
   3.9930453e+03
   4.1143522e+03
   4.2371289e+03
   4.3610345e+03
   4.4857350e+03
   4.6109040e+03
   4.7362247e+03
   4.8613904e+03
   4.9861064e+03
   5.1100905e+03
   5.2330739e+03
   5.3548020e+03
   5.4750355e+03
   5.5935502e+03
   5.7101378e+03
   5.8246063e+03
   5.9367799e+03
   6.0464994e+03
   6.1536217e+03
   6.2580204e+03
   6.3595848e+03
   6.4582200e+03
   6.5538466e+03
   6.6463999e+03
   6.7358299e+03
   6.8221001e+03
   6.9051874e+03
   6.9850809e+03
   7.0617818e+03
   7.1353021e+03
   7.2056643e+03
   7.2729003e+03
   7.3370507e+03
   7.3981640e+03
   7.4562960e+03
   7.5115088e+03
   7.5638700e+03
   7.6134521e+03
   7.6603319e+03
   7.7045893e+03
   7.7463072e+03
   7.7855705e+03
   7.8224653e+03
   7.8570790e+03
   7.8894989e+03
   7.9198123e+03
   7.9481056e+03
   7.9744643e+03
   7.9989719e+03
   8.0217101e+03
   8.0427581e+03
   8.0621926e+03
   8.0800871e+03
   8.0965116e+03
   8.1115330e+03
   8.1252140e+03
   8.1376135e+03
   8.1487863e+03
   8.1587826e+03
   8.1676484e+03
   8.1754250e+03
   8.1821489e+03
   8.1878520e+03
   8.1925612e+03
   8.1962985e+03
   8.1990809e+03
   8.2009205e+03
   8.2018241e+03
