   8.2774696e+01
   8.2847776e+01
   8.3087416e+01
   8.3493043e+01
   8.4063700e+01
   8.4798043e+01
   8.5694336e+01
   8.6750457e+01
   8.7963889e+01
   8.9331720e+01
   9.0850646e+01
   9.2516963e+01
   9.4326569e+01
   9.6274965e+01
   9.8357249e+01
   1.0056813e+02
   1.0290191e+02
   1.0535250e+02
   1.0791345e+02
   1.1057789e+02
   1.1333861e+02
   1.1618803e+02
   1.1911822e+02
   1.2212092e+02
   1.2518756e+02
   1.2830927e+02
   1.3147692e+02
   1.3468113e+02
   1.3791231e+02
   1.4116067e+02
   1.4441630e+02
   1.4766915e+02
   1.5090912e+02
   1.5412607e+02
   1.5730986e+02
   1.6045044e+02
   1.6353784e+02
   1.6656226e+02
   1.6951411e+02
   1.7238406e+02
   1.7516309e+02
   1.7784253e+02
   1.8041415e+02
   1.8287018e+02
   1.8520335e+02
   1.8740697e+02
   1.8947497e+02
   1.9140190e+02
   1.9318306e+02
   1.9481442e+02
   1.9629276e+02
   1.9761564e+02
   1.9878144e+02
   1.9978937e+02
   2.0063950e+02
   2.0133276e+02
   2.0187094e+02
   2.0225669e+02
   2.0249351e+02
   2.0258573e+02
   2.0253850e+02
   2.0235774e+02
   2.0205013e+02
   2.0162305e+02
   2.0108456e+02
   2.0044332e+02
   1.9970853e+02
   1.9888991e+02
   1.9799758e+02
   1.9704205e+02
   1.9603410e+02
   1.9498470e+02
   1.9390497e+02
   1.9280609e+02
   1.9169920e+02
   1.9059531e+02
   1.8950527e+02
   1.8843964e+02
   1.8740864e+02
   1.8642205e+02
   1.8548916e+02
   1.8461869e+02
   1.8381873e+02
   1.8309667e+02
   1.8245913e+02
   1.8191197e+02
   1.8146015e+02
   1.8110781e+02
   1.8085811e+02
   1.8071331e+02
   1.8067470e+02
   1.8074262e+02
   1.8091643e+02
   1.8119451e+02
   1.8157432e+02
   1.8205238e+02
   1.8262429e+02
   1.8328481e+02
   1.8402784e+02
   1.8484652e+02
   1.8573326e+02
   1.8667978e+02
   1.8767720e+02
   1.8871610e+02
   1.8978659e+02
   1.9087838e+02
   1.9198084e+02
   1.9308314e+02
   1.9417424e+02
   1.9524304e+02
   1.9627844e+02
   1.9726942e+02
   1.9820511e+02
   1.9907485e+02
   1.9986834e+02
   2.0057560e+02
   2.0118713e+02
   2.0169395e+02
   2.0208760e+02
   2.0236029e+02
   2.0250488e+02
   2.0251495e+02
   2.0238482e+02
   2.0210962e+02
   2.0168528e+02
   2.0110853e+02
   2.0037700e+02
   1.9948912e+02
   1.9844420e+02
   1.9724240e+02
   1.9588470e+02
   1.9437293e+02
   1.9270969e+02
   1.9089838e+02
   1.8894314e+02
   1.8684884e+02
   1.8462099e+02
   1.8226576e+02
   1.7978992e+02
   1.7720076e+02
   1.7450609e+02
   1.7171415e+02
   1.6883359e+02
   1.6587339e+02
   1.6284285e+02
   1.5975149e+02
   1.5660903e+02
   1.5342533e+02
   1.5021037e+02
   1.4697413e+02
   1.4372663e+02
   1.4047785e+02
   1.3723766e+02
   1.3401583e+02
   1.3082199e+02
   1.2766555e+02
   1.2455573e+02
   1.2150149e+02
   1.1851150e+02
   1.1559419e+02
   1.1275762e+02
   1.1000955e+02
   1.0735741e+02
   1.0480823e+02
   1.0236872e+02
   1.0004519e+02
   9.7843578e+01
   9.5769433e+01
   9.3827922e+01
   9.2023823e+01
   9.0361520e+01
   8.8845012e+01
   8.7477908e+01
   8.6263430e+01
   8.5204417e+01
   8.4303323e+01
   8.3562222e+01
   8.2982809e+01
   8.2566403e+01
   8.2313946e+01
   8.2226005e+01
   8.2302776e+01
   8.2544079e+01
   8.2949359e+01
   8.3517689e+01
   8.4247766e+01
   8.5137907e+01
   8.6186052e+01
   8.7389760e+01
   8.8746205e+01
   9.0252178e+01
   9.1904079e+01
   9.3697924e+01
   9.5629335e+01
   9.7693546e+01
   9.9885401e+01
   1.0219935e+02
   1.0462948e+02
   1.0716946e+02
   1.0981263e+02
   1.1255191e+02
   1.1537992e+02
   1.1828889e+02
   1.2127075e+02
   1.2431710e+02
   1.2741925e+02
   1.3056824e+02
   1.3375487e+02
   1.3696971e+02
   1.4020315e+02
   1.4344543e+02
   1.4668665e+02
   1.4991684e+02
   1.5312601e+02
   1.5630414e+02
   1.5944129e+02
   1.6252758e+02
   1.6555330e+02
   1.6850892e+02
   1.7138517e+02
   1.7417307e+02
   1.7686396e+02
   1.7944962e+02
   1.8192225e+02
   1.8427456e+02
   1.8649980e+02
   1.8859182e+02
   1.9054511e+02
   1.9235481e+02
   1.9401681e+02
   1.9552772e+02
   1.9688495e+02
   1.9808671e+02
   1.9913202e+02
   2.0002074e+02
   2.0075360e+02
   2.0133216e+02
   2.0175885e+02
   2.0203693e+02
   2.0217049e+02
   2.0216445e+02
   2.0202448e+02
   2.0175704e+02
   2.0136927e+02
   2.0086901e+02
   2.0026469e+02
   1.9956534e+02
   1.9878047e+02
   1.9792005e+02
   1.9699442e+02
   1.9601421e+02
   1.9499031e+02
   1.9393374e+02
   1.9285561e+02
   1.9176701e+02
   1.9067894e+02
   1.8960227e+02
   1.8854758e+02
   1.8752516e+02
   1.8654486e+02
   1.8561610e+02
   1.8474773e+02
   1.8394798e+02
   1.8322442e+02
   1.8258388e+02
   1.8203241e+02
   1.8157523e+02
   1.8121668e+02
   1.8096020e+02
   1.8080829e+02
   1.8076251e+02
   1.8082346e+02
   1.8099075e+02
   1.8126303e+02
   1.8163802e+02
   1.8211246e+02
   1.8268221e+02
   1.8334222e+02
   1.8408660e+02
   1.8490867e+02
   1.8580100e+02
   1.8675544e+02
   1.8776324e+02
   1.8881506e+02
   1.8990107e+02
   1.9101101e+02
   1.9213429e+02
   1.9326003e+02
   1.9437716e+02
   1.9547452e+02
   1.9654090e+02
   1.9756516e+02
   1.9853629e+02
   1.9944348e+02
   2.0027623e+02
   2.0102438e+02
   2.0167819e+02
   2.0222846e+02
   2.0266649e+02
   2.0298424e+02
   2.0317431e+02
   2.0323002e+02
   2.0314543e+02
   2.0291539e+02
   2.0253558e+02
   2.0200249e+02
   2.0131347e+02
   2.0046674e+02
   1.9946138e+02
   1.9829732e+02
   1.9697535e+02
   1.9549710e+02
   1.9386502e+02
   1.9208235e+02
   1.9015311e+02
   1.8808204e+02
   1.8587457e+02
   1.8353681e+02
   1.8107545e+02
   1.7849778e+02
   1.7581157e+02
   1.7302509e+02
   1.7014701e+02
   1.6718636e+02
   1.6415250e+02
   1.6105504e+02
   1.5790380e+02
   1.5470874e+02
   1.5147996e+02
   1.4822760e+02
   1.4496182e+02
   1.4169275e+02
   1.3843045e+02
   1.3518485e+02
   1.3196576e+02
   1.2878279e+02
   1.2564533e+02
   1.2256254e+02
   1.1954331e+02
   1.1659622e+02
   1.1372955e+02
   1.1095125e+02
   1.0826892e+02
   1.0568979e+02
   1.0322074e+02
   1.0086825e+02
   9.8638419e+01
   9.6536960e+01
   9.4569186e+01
   9.2740012e+01
   9.1053956e+01
   8.9515136e+01
   8.8127272e+01
   8.6893684e+01
   8.5817300e+01
   8.4900652e+01
   8.4145879e+01
   8.3554730e+01
   8.3128566e+01
   8.2868359e+01
   8.2774696e+01
