   1.9441883e-08
   7.0775628e-07
   2.6747200e-06
   5.9345201e-06
   1.0483575e-05
   1.6316438e-05
   2.3426075e-05
   3.1803901e-05
   4.1439797e-05
   5.2322122e-05
   6.4437727e-05
   7.7771973e-05
   9.2308743e-05
   1.0803047e-04
   1.2491814e-04
   1.4295135e-04
   1.6210829e-04
   1.8236578e-04
   2.0369933e-04
   2.2608313e-04
   2.4949009e-04
   2.7389188e-04
   2.9925898e-04
   3.2556066e-04
   3.5276508e-04
   3.8083928e-04
   4.0974926e-04
   4.3945997e-04
   4.6993542e-04
   5.0113866e-04
   5.3303183e-04
   5.6557627e-04
   5.9873248e-04
   6.3246023e-04
   6.6671856e-04
   7.0146589e-04
   7.3666001e-04
   7.7225816e-04
   8.0821708e-04
   8.4449304e-04
   8.8104196e-04
   9.1781936e-04
   9.5478049e-04
   9.9188038e-04
   1.0290739e-03
   1.0663156e-03
   1.1035603e-03
   1.1407626e-03
   1.1778770e-03
   1.2148584e-03
   1.2516616e-03
   1.2882418e-03
   1.3245543e-03
   1.3605547e-03
   1.3961992e-03
   1.4314441e-03
   1.4662465e-03
   1.5005637e-03
   1.5343539e-03
   1.5675758e-03
   1.6001886e-03
   1.6321525e-03
   1.6634283e-03
   1.6939779e-03
   1.7237638e-03
   1.7527494e-03
   1.7808994e-03
   1.8081792e-03
   1.8345554e-03
   1.8599956e-03
   1.8844687e-03
   1.9079447e-03
   1.9303947e-03
   1.9517913e-03
   1.9721081e-03
   1.9913203e-03
   2.0094042e-03
   2.0263377e-03
   2.0421000e-03
   2.0566717e-03
   2.0700349e-03
   2.0821732e-03
   2.0930718e-03
   2.1027171e-03
   2.1110975e-03
   2.1182025e-03
   2.1240234e-03
   2.1285531e-03
   2.1317861e-03
   2.1337183e-03
   2.1343473e-03
   2.1336725e-03
   2.1316946e-03
   2.1284160e-03
   2.1238408e-03
   2.1179747e-03
   2.1108247e-03
   2.1023997e-03
   2.0927101e-03
   2.0817677e-03
   2.0695859e-03
   2.0561799e-03
   2.0415659e-03
   2.0257620e-03
   2.0087875e-03
   1.9906633e-03
   1.9714116e-03
   1.9510561e-03
   1.9296218e-03
   1.9071348e-03
   1.8836229e-03
   1.8591148e-03
   1.8336407e-03
   1.8072317e-03
   1.7799201e-03
   1.7517396e-03
   1.7227245e-03
   1.6929105e-03
   1.6623340e-03
   1.6310326e-03
   1.5990444e-03
   1.5664087e-03
   1.5331653e-03
   1.4993550e-03
   1.4650190e-03
   1.4301994e-03
   1.3949387e-03
   1.3592800e-03
   1.3232668e-03
   1.2869431e-03
   1.2503533e-03
   1.2135420e-03
   1.1765541e-03
   1.1394347e-03
   1.1022291e-03
   1.0649827e-03
   1.0277408e-03
   9.9054877e-04
   9.5345196e-04
   9.1649550e-04
   8.7972439e-04
   8.4318336e-04
   8.0691686e-04
   7.7096899e-04
   7.3538346e-04
   7.0020352e-04
   6.6547192e-04
   6.3123083e-04
   5.9752184e-04
   5.6438587e-04
   5.3186315e-04
   4.9999313e-04
   4.6881447e-04
   4.3836499e-04
   4.0868160e-04
   3.7980028e-04
   3.5175604e-04
   3.2458285e-04
   2.9831363e-04
   2.7298020e-04
   2.4861321e-04
   2.2524218e-04
   2.0289539e-04
   1.8159988e-04
   1.6138142e-04
   1.4226446e-04
   1.2427212e-04
   1.0742617e-04
   9.1746969e-05
   7.7253475e-05
   6.3963207e-05
   5.1892228e-05
   4.1055127e-05
   3.1464997e-05
   2.3133427e-05
   1.6070480e-05
   1.0284686e-05
   5.7830254e-06
   2.5708986e-06
   6.5188433e-07
   8.5290179e-09
   7.0270748e-07
   2.6725978e-06
   5.9354642e-06
   1.0487664e-05
   1.6323736e-05
   2.3436639e-05
   3.1817782e-05
   4.1457038e-05
   5.2342758e-05
   6.4461786e-05
   7.7799475e-05
   9.2339700e-05
   1.0806489e-04
   1.2495602e-04
   1.4299267e-04
   1.6215303e-04
   1.8241392e-04
   2.0375083e-04
   2.2613795e-04
   2.4954818e-04
   2.7395319e-04
   2.9932343e-04
   3.2562818e-04
   3.5283559e-04
   3.8091270e-04
   4.0982549e-04
   4.3953892e-04
   4.7001698e-04
   5.0122270e-04
   5.3311826e-04
   5.6566494e-04
   5.9882328e-04
   6.3255301e-04
   6.6681320e-04
   7.0156224e-04
   7.3675791e-04
   7.7235747e-04
   8.0831765e-04
   8.4459472e-04
   8.8114458e-04
   9.1792276e-04
   9.5488452e-04
   9.9198488e-04
   1.0291787e-03
   1.0664206e-03
   1.1036652e-03
   1.1408673e-03
   1.1779814e-03
   1.2149622e-03
   1.2517648e-03
   1.2883441e-03
   1.3246556e-03
   1.3606549e-03
   1.3962981e-03
   1.4315416e-03
   1.4663424e-03
   1.5006580e-03
   1.5344464e-03
   1.5676662e-03
   1.6002769e-03
   1.6322386e-03
   1.6635122e-03
   1.6940594e-03
   1.7238427e-03
   1.7528258e-03
   1.7809731e-03
   1.8082501e-03
   1.8346235e-03
   1.8600609e-03
   1.8845310e-03
   1.9080040e-03
   1.9304510e-03
   1.9518445e-03
   1.9721582e-03
   1.9913673e-03
   2.0094482e-03
   2.0263785e-03
   2.0421377e-03
   2.0567063e-03
   2.0700665e-03
   2.0822018e-03
   2.0930974e-03
   2.1027398e-03
   2.1111172e-03
   2.1182194e-03
   2.1240375e-03
   2.1285646e-03
   2.1317949e-03
   2.1337246e-03
   2.1343512e-03
   2.1336740e-03
   2.1316939e-03
   2.1284132e-03
   2.1238360e-03
   2.1179679e-03
   2.1108162e-03
   2.1023895e-03
   2.0926983e-03
   2.0817545e-03
   2.0695715e-03
   2.0561643e-03
   2.0415493e-03
   2.0257445e-03
   2.0087693e-03
   1.9906445e-03
   1.9713924e-03
   1.9510366e-03
   1.9296020e-03
   1.9071151e-03
   1.8836032e-03
   1.8590954e-03
   1.8336216e-03
   1.8072130e-03
   1.7799021e-03
   1.7517222e-03
   1.7227080e-03
   1.6928949e-03
   1.6623195e-03
   1.6310192e-03
   1.5990322e-03
   1.5663979e-03
   1.5331559e-03
   1.4993471e-03
   1.4650127e-03
   1.4301948e-03
   1.3949358e-03
   1.3592788e-03
   1.3232674e-03
   1.2869456e-03
   1.2503576e-03
   1.2135482e-03
   1.1765623e-03
   1.1394448e-03
   1.1022412e-03
   1.0649967e-03
   1.0277567e-03
   9.9056663e-04
   9.5347170e-04
   9.1651709e-04
   8.7974779e-04
   8.4320851e-04
   8.0694372e-04
   7.7099750e-04
   7.3541355e-04
   7.0023511e-04
   6.6550492e-04
   6.3126516e-04
   5.9755741e-04
   5.6442258e-04
   5.3190089e-04
   5.0003180e-04
   4.6885395e-04
   4.3840516e-04
   4.0872234e-04
   3.7984147e-04
   3.5179754e-04
   3.2462454e-04
   2.9835536e-04
   2.7302183e-04
   2.4865462e-04
   2.2528322e-04
   2.0293591e-04
   1.8163974e-04
   1.6142048e-04
   1.4230257e-04
   1.2430915e-04
   1.0746197e-04
   9.1781394e-05
   7.7286390e-05
   6.3994474e-05
   5.1921714e-05
   4.1082698e-05
   3.1490525e-05
   2.3156785e-05
   1.6091546e-05
   1.0303340e-05
   5.7991464e-06
   2.5843543e-06
   6.6243917e-07
   1.9441883e-08
