   1.2271649e+03
   1.2269687e+03
   1.2263900e+03
   1.2254296e+03
   1.2240884e+03
   1.2223678e+03
   1.2202696e+03
   1.2177960e+03
   1.2149496e+03
   1.2117334e+03
   1.2081507e+03
   1.2042054e+03
   1.1999016e+03
   1.1952440e+03
   1.1902376e+03
   1.1848877e+03
   1.1792003e+03
   1.1731814e+03
   1.1668379e+03
   1.1601768e+03
   1.1532054e+03
   1.1459317e+03
   1.1383640e+03
   1.1305109e+03
   1.1223814e+03
   1.1139852e+03
   1.1053319e+03
   1.0964318e+03
   1.0872955e+03
   1.0779339e+03
   1.0683584e+03
   1.0585805e+03
   1.0486123e+03
   1.0384659e+03
   1.0281540e+03
   1.0176893e+03
   1.0070849e+03
   9.9635421e+02
   9.8551071e+02
   9.7456816e+02
   9.6354045e+02
   9.5244165e+02
   9.4128596e+02
   9.3008765e+02
   9.1886109e+02
   9.0762071e+02
   8.9638094e+02
   8.8515622e+02
   8.7396096e+02
   8.6280952e+02
   8.5171615e+02
   8.4069503e+02
   8.2976019e+02
   8.1892549e+02
   8.0820463e+02
   7.9761107e+02
   7.8715807e+02
   7.7685863e+02
   7.6672546e+02
   7.5677101e+02
   7.4700738e+02
   7.3744638e+02
   7.2809946e+02
   7.1897772e+02
   7.1009188e+02
   7.0145230e+02
   6.9306894e+02
   6.8495136e+02
   6.7710873e+02
   6.6954982e+02
   6.6228296e+02
   6.5531610e+02
   6.4865676e+02
   6.4231205e+02
   6.3628868e+02
   6.3059293e+02
   6.2523069e+02
   6.2020744e+02
   6.1552827e+02
   6.1119788e+02
   6.0722056e+02
   6.0360024e+02
   6.0034045e+02
   5.9744438e+02
   5.9491481e+02
   5.9275418e+02
   5.9096458e+02
   5.8954772e+02
   5.8850496e+02
   5.8783733e+02
   5.8754548e+02
   5.8762973e+02
   5.8809005e+02
   5.8892605e+02
   5.9013699e+02
   5.9172179e+02
   5.9367898e+02
   5.9600678e+02
   5.9870299e+02
   6.0176507e+02
   6.0519010e+02
   6.0897479e+02
   6.1311543e+02
   6.1760796e+02
   6.2244788e+02
   6.2763033e+02
   6.3315000e+02
   6.3900119e+02
   6.4517777e+02
   6.5167321e+02
   6.5848054e+02
   6.6559236e+02
   6.7300085e+02
   6.8069778e+02
   6.8867447e+02
   6.9692184e+02
   7.0543038e+02
   7.1419019e+02
   7.2319096e+02
   7.3242199e+02
   7.4187219e+02
   7.5153010e+02
   7.6138394e+02
   7.7142155e+02
   7.8163047e+02
   7.9199793e+02
   8.0251088e+02
   8.1315602e+02
   8.2391978e+02
   8.3478841e+02
   8.4574793e+02
   8.5678423e+02
   8.6788303e+02
   8.7902995e+02
   8.9021052e+02
   9.0141021e+02
   9.1261444e+02
   9.2380865e+02
   9.3497828e+02
   9.4610881e+02
   9.5718583e+02
   9.6819499e+02
   9.7912209e+02
   9.8995307e+02
   1.0006740e+03
   1.0112713e+03
   1.0217314e+03
   1.0320411e+03
   1.0421873e+03
   1.0521576e+03
   1.0619393e+03
   1.0715204e+03
   1.0808892e+03
   1.0900342e+03
   1.0989443e+03
   1.1076089e+03
   1.1160175e+03
   1.1241602e+03
   1.1320274e+03
   1.1396100e+03
   1.1468992e+03
   1.1538865e+03
   1.1605640e+03
   1.1669242e+03
   1.1729598e+03
   1.1786643e+03
   1.1840312e+03
   1.1890546e+03
   1.1937290e+03
   1.1980495e+03
   1.2020112e+03
   1.2056100e+03
   1.2088419e+03
   1.2117037e+03
   1.2141921e+03
   1.2163047e+03
   1.2180391e+03
   1.2193937e+03
   1.2203668e+03
   1.2209576e+03
   1.2211654e+03
   1.2209900e+03
   1.2204315e+03
   1.2194907e+03
   1.2181683e+03
   1.2164658e+03
   1.2143851e+03
   1.2119282e+03
   1.2090978e+03
   1.2058968e+03
   1.2023287e+03
   1.1983973e+03
   1.1941067e+03
   1.1894617e+03
   1.1844672e+03
   1.1791287e+03
   1.1734520e+03
   1.1674436e+03
   1.1611099e+03
   1.1544583e+03
   1.1474961e+03
   1.1402314e+03
   1.1326724e+03
   1.1248279e+03
   1.1167071e+03
   1.1083195e+03
   1.0996750e+03
   1.0907840e+03
   1.0816571e+03
   1.0723055e+03
   1.0627404e+03
   1.0529736e+03
   1.0430172e+03
   1.0328836e+03
   1.0225855e+03
   1.0121358e+03
   1.0015476e+03
   9.9083461e+02
   9.8001032e+02
   9.6908866e+02
   9.5808366e+02
   9.4700953e+02
   9.3588060e+02
   9.2471129e+02
   9.1351611e+02
   9.0230961e+02
   8.9110638e+02
   8.7992099e+02
   8.6876797e+02
   8.5766183e+02
   8.4661694e+02
   8.3564762e+02
   8.2476799e+02
   8.1399205e+02
   8.0333361e+02
   7.9280623e+02
   7.8242327e+02
   7.7219782e+02
   7.6214269e+02
   7.5227038e+02
   7.4259309e+02
   7.3312266e+02
   7.2387061e+02
   7.1484808e+02
   7.0606581e+02
   6.9753419e+02
   6.8926318e+02
   6.8126235e+02
   6.7354086e+02
   6.6610742e+02
   6.5897037e+02
   6.5213758e+02
   6.4561651e+02
   6.3941421e+02
   6.3353729e+02
   6.2799194e+02
   6.2278393e+02
   6.1791863e+02
   6.1340099e+02
   6.0923556e+02
   6.0542648e+02
   6.0197750e+02
   5.9889199e+02
   5.9617293e+02
   5.9382292e+02
   5.9184419e+02
   5.9023860e+02
   5.8900765e+02
   5.8815248e+02
   5.8767387e+02
   5.8757224e+02
   5.8784765e+02
   5.8849983e+02
   5.8952813e+02
   5.9093157e+02
   5.9270880e+02
   5.9485810e+02
   5.9737743e+02
   6.0026433e+02
   6.0351603e+02
   6.0712934e+02
   6.1110071e+02
   6.1542622e+02
   6.2010155e+02
   6.2512198e+02
   6.3048242e+02
   6.3617735e+02
   6.4220086e+02
   6.4854662e+02
   6.5520791e+02
   6.6217757e+02
   6.6944804e+02
   6.7701134e+02
   6.8485907e+02
   6.9298244e+02
   7.0137224e+02
   7.1001884e+02
   7.1891223e+02
   7.2804201e+02
   7.3739741e+02
   7.4696726e+02
   7.5674008e+02
   7.6670401e+02
   7.7684687e+02
   7.8715619e+02
   7.9761920e+02
   8.0822283e+02
   8.1895380e+02
   8.2979859e+02
   8.4074345e+02
   8.5177448e+02
   8.6287760e+02
   8.7403860e+02
   8.8524319e+02
   8.9647695e+02
   9.0772546e+02
   9.1897423e+02
   9.3020879e+02
   9.4141471e+02
   9.5257758e+02
   9.6368309e+02
   9.7471703e+02
   9.8566532e+02
   9.9651403e+02
   1.0072494e+03
   1.0178579e+03
   1.0283262e+03
   1.0386411e+03
   1.0487899e+03
   1.0587600e+03
   1.0685391e+03
   1.0781153e+03
   1.0874769e+03
   1.0966127e+03
   1.1055117e+03
   1.1141634e+03
   1.1225574e+03
   1.1306841e+03
   1.1385339e+03
   1.1460978e+03
   1.1533672e+03
   1.1603337e+03
   1.1669896e+03
   1.1733274e+03
   1.1793400e+03
   1.1850208e+03
   1.1903637e+03
   1.1953627e+03
   1.2000126e+03
   1.2043083e+03
   1.2082452e+03
   1.2118192e+03
   1.2150266e+03
   1.2178638e+03
   1.2203281e+03
   1.2224168e+03
   1.2241278e+03
   1.2254592e+03
   1.2264098e+03
   1.2269786e+03
   1.2271649e+03
