   4.6405552e+00
   4.6517173e+00
   4.6854059e+00
   4.7417786e+00
   4.8210984e+00
   4.9237332e+00
   5.0501555e+00
   5.2009413e+00
   5.3767699e+00
   5.5784224e+00
   5.8067805e+00
   6.0628251e+00
   6.3476342e+00
   6.6623807e+00
   7.0083298e+00
   7.3868360e+00
   7.7993393e+00
   8.2473613e+00
   8.7325003e+00
   9.2564264e+00
   9.8208751e+00
   1.0427641e+01
   1.1078569e+01
   1.1775550e+01
   1.2520505e+01
   1.3315385e+01
   1.4162149e+01
   1.5062762e+01
   1.6019177e+01
   1.7033327e+01
   1.8107102e+01
   1.9242345e+01
   2.0440830e+01
   2.1704244e+01
   2.3034178e+01
   2.4432099e+01
   2.5899344e+01
   2.7437089e+01
   2.9046340e+01
   3.0727911e+01
   3.2482403e+01
   3.4310188e+01
   3.6211391e+01
   3.8185869e+01
   4.0233196e+01
   4.2352645e+01
   4.4543175e+01
   4.6803411e+01
   4.9131638e+01
   5.1525781e+01
   5.3983403e+01
   5.6501689e+01
   5.9077448e+01
   6.1707101e+01
   6.4386684e+01
   6.7111848e+01
   6.9877860e+01
   7.2679612e+01
   7.5511628e+01
   7.8368076e+01
   8.1242781e+01
   8.4129246e+01
   8.7020666e+01
   8.9909958e+01
   9.2789781e+01
   9.5652567e+01
   9.8490551e+01
   1.0129581e+02
   1.0406027e+02
   1.0677581e+02
   1.0943422e+02
   1.1202728e+02
   1.1454684e+02
   1.1698477e+02
   1.1933310e+02
   1.2158401e+02
   1.2372987e+02
   1.2576331e+02
   1.2767727e+02
   1.2946500e+02
   1.3112012e+02
   1.3263668e+02
   1.3400917e+02
   1.3523256e+02
   1.3630233e+02
   1.3721452e+02
   1.3796572e+02
   1.3855311e+02
   1.3897448e+02
   1.3922824e+02
   1.3931344e+02
   1.3922974e+02
   1.3897747e+02
   1.3855758e+02
   1.3797166e+02
   1.3722190e+02
   1.3631113e+02
   1.3524273e+02
   1.3402069e+02
   1.3264950e+02
   1.3113420e+02
   1.2948028e+02
   1.2769370e+02
   1.2578084e+02
   1.2374842e+02
   1.2160352e+02
   1.1935352e+02
   1.1700602e+02
   1.1456885e+02
   1.1204999e+02
   1.0945755e+02
   1.0679970e+02
   1.0408465e+02
   1.0132059e+02
   9.8515680e+01
   9.5677972e+01
   9.2815396e+01
   8.9935719e+01
   8.7046510e+01
   8.4155112e+01
   8.1268613e+01
   7.8393818e+01
   7.5537228e+01
   7.2705022e+01
   6.9903033e+01
   6.7136741e+01
   6.4411258e+01
   6.1731319e+01
   5.9101277e+01
   5.6525099e+01
   5.4006366e+01
   5.1548274e+01
   4.9153641e+01
   4.6824906e+01
   4.4564146e+01
   4.2373081e+01
   4.0253087e+01
   3.8205208e+01
   3.6230173e+01
   3.4328410e+01
   3.2500065e+01
   3.0745014e+01
   2.9062887e+01
   2.7453084e+01
   2.5914793e+01
   2.4447011e+01
   2.3048559e+01
   2.1718105e+01
   2.0454180e+01
   1.9255196e+01
   1.8119465e+01
   1.7045213e+01
   1.6030599e+01
   1.5073732e+01
   1.4172679e+01
   1.3325488e+01
   1.2530195e+01
   1.1784837e+01
   1.1087466e+01
   1.0436160e+01
   9.8290268e+00
   9.2642218e+00
   8.7399497e+00
   8.2544743e+00
   7.8061251e+00
   7.3933029e+00
   7.0144854e+00
   6.6682319e+00
   6.3531870e+00
   6.0680848e+00
   5.8117513e+00
   5.5831077e+00
   5.3811722e+00
   5.2050621e+00
   5.0539953e+00
   4.9272917e+00
   4.8243740e+00
   4.7447689e+00
   4.6881074e+00
   4.6541257e+00
   4.6426650e+00
   4.6536721e+00
   4.6871994e+00
   4.7434049e+00
   4.8225515e+00
   4.9250075e+00
   5.0512455e+00
   5.2018420e+00
   5.3774764e+00
   5.5789303e+00
   5.8070860e+00
   6.0629245e+00
   6.3475245e+00
   6.6620596e+00
   7.0077955e+00
   7.3860874e+00
   7.7983761e+00
   8.2461840e+00
   8.7311105e+00
   9.2548266e+00
   9.8190688e+00
   1.0425633e+01
   1.1076365e+01
   1.1773157e+01
   1.2517934e+01
   1.3312643e+01
   1.4159250e+01
   1.5059718e+01
   1.6016005e+01
   1.7030041e+01
   1.8103723e+01
   1.9238893e+01
   2.0437326e+01
   2.1700714e+01
   2.3030646e+01
   2.4428595e+01
   2.5895897e+01
   2.7433731e+01
   2.9043104e+01
   3.0724833e+01
   3.2479519e+01
   3.4307538e+01
   3.6209014e+01
   3.8183806e+01
   4.0231489e+01
   4.2351338e+01
   4.4542312e+01
   4.6803037e+01
   4.9131797e+01
   5.1526519e+01
   5.3984765e+01
   5.6503720e+01
   5.9080192e+01
   6.1710601e+01
   6.4390982e+01
   6.7116985e+01
   6.9883874e+01
   7.2686541e+01
   7.5519506e+01
   7.8376934e+01
   8.1252649e+01
   8.4140149e+01
   8.7032628e+01
   8.9922997e+01
   9.2803912e+01
   9.5667801e+01
   9.8506896e+01
   1.0131326e+02
   1.0407884e+02
   1.0679548e+02
   1.0945498e+02
   1.1204913e+02
   1.1456974e+02
   1.1700871e+02
   1.1935805e+02
   1.2160992e+02
   1.2375672e+02
   1.2579106e+02
   1.2770586e+02
   1.2949438e+02
   1.3115025e+02
   1.3266750e+02
   1.3404061e+02
   1.3526457e+02
   1.3633484e+02
   1.3724747e+02
   1.3799904e+02
   1.3858672e+02
   1.3900832e+02
   1.3926225e+02
   1.3934753e+02
   1.3926385e+02
   1.3901153e+02
   1.3859152e+02
   1.3800540e+02
   1.3725539e+02
   1.3634429e+02
   1.3527551e+02
   1.3405302e+02
   1.3268134e+02
   1.3116547e+02
   1.2951094e+02
   1.2772371e+02
   1.2581014e+02
   1.2377698e+02
   1.2163130e+02
   1.1938048e+02
   1.1703213e+02
   1.1459408e+02
   1.1207432e+02
   1.0948096e+02
   1.0682217e+02
   1.0410617e+02
   1.0134115e+02
   9.8535278e+01
   9.5696603e+01
   9.2833060e+01
   8.9952420e+01
   8.7062255e+01
   8.4169910e+01
   8.1282476e+01
   7.8406760e+01
   7.5549266e+01
   7.2716173e+01
   6.9913318e+01
   6.7146183e+01
   6.4419879e+01
   6.1739145e+01
   5.9108334e+01
   5.6531413e+01
   5.4011965e+01
   5.1553188e+01
   4.9157896e+01
   4.6828533e+01
   4.4567174e+01
   4.2375540e+01
   4.0255005e+01
   3.8206615e+01
   3.6231098e+01
   3.4328882e+01
   3.2500111e+01
   3.0744663e+01
   2.9062166e+01
   2.7452019e+01
   2.5913410e+01
   2.4445334e+01
   2.3046612e+01
   2.1715912e+01
   2.0451763e+01
   1.9252577e+01
   1.8116664e+01
   1.7042250e+01
   1.6027494e+01
   1.5070502e+01
   1.4169343e+01
   1.3322061e+01
   1.2526692e+01
   1.1781274e+01
   1.1083857e+01
   1.0432517e+01
   9.8253641e+00
   9.2605509e+00
   8.7362821e+00
   8.2508209e+00
   7.8024962e+00
   7.3897084e+00
   7.0109347e+00
   6.6647340e+00
   6.3497506e+00
   6.0647181e+00
   5.8084625e+00
   5.5799045e+00
   5.3780622e+00
   5.2020528e+00
   5.0510938e+00
   4.9245051e+00
   4.8217093e+00
   4.7422329e+00
   4.6857069e+00
   4.6518673e+00
   4.6405552e+00
