   1.1075550e+00
   1.1306213e+00
   1.1978049e+00
   1.3090710e+00
   1.4643617e+00
   1.6635961e+00
   1.9066698e+00
   2.1934545e+00
   2.5237973e+00
   2.8975201e+00
   3.3144190e+00
   3.7742633e+00
   4.2767945e+00
   4.8217257e+00
   5.4087400e+00
   6.0374899e+00
   6.7075959e+00
   7.4186450e+00
   8.1701902e+00
   8.9617483e+00
   9.7927991e+00
   1.0662784e+01
   1.1571104e+01
   1.2517121e+01
   1.3500151e+01
   1.4519469e+01
   1.5574303e+01
   1.6663837e+01
   1.7787205e+01
   1.8943494e+01
   2.0131740e+01
   2.1350930e+01
   2.2599997e+01
   2.3877824e+01
   2.5183240e+01
   2.6515021e+01
   2.7871889e+01
   2.9252512e+01
   3.0655505e+01
   3.2079427e+01
   3.3522785e+01
   3.4984032e+01
   3.6461570e+01
   3.7953748e+01
   3.9458865e+01
   4.0975170e+01
   4.2500867e+01
   4.4034112e+01
   4.5573016e+01
   4.7115652e+01
   4.8660049e+01
   5.0204204e+01
   5.1746076e+01
   5.3283596e+01
   5.4814667e+01
   5.6337167e+01
   5.7848955e+01
   5.9347873e+01
   6.0831750e+01
   6.2298407e+01
   6.3745663e+01
   6.5171336e+01
   6.6573250e+01
   6.7949240e+01
   6.9297155e+01
   7.0614865e+01
   7.1900264e+01
   7.3151278e+01
   7.4365867e+01
   7.5542032e+01
   7.6677820e+01
   7.7771329e+01
   7.8820711e+01
   7.9824180e+01
   8.0780015e+01
   8.1686566e+01
   8.2542256e+01
   8.3345590e+01
   8.4095155e+01
   8.4789625e+01
   8.5427765e+01
   8.6008437e+01
   8.6530601e+01
   8.6993315e+01
   8.7395746e+01
   8.7737165e+01
   8.8016952e+01
   8.8234598e+01
   8.8389706e+01
   8.8481993e+01
   8.8511291e+01
   8.8477544e+01
   8.8380814e+01
   8.8221276e+01
   8.7999221e+01
   8.7715051e+01
   8.7369283e+01
   8.6962542e+01
   8.6495564e+01
   8.5969189e+01
   8.5384364e+01
   8.4742135e+01
   8.4043648e+01
   8.3290141e+01
   8.2482946e+01
   8.1623481e+01
   8.0713247e+01
   7.9753825e+01
   7.8746870e+01
   7.7694108e+01
   7.6597328e+01
   7.5458382e+01
   7.4279175e+01
   7.3061664e+01
   7.1807851e+01
   7.0519778e+01
   6.9199524e+01
   6.7849194e+01
   6.6470921e+01
   6.5066858e+01
   6.3639170e+01
   6.2190036e+01
   6.0721638e+01
   5.9236157e+01
   5.7735774e+01
   5.6222657e+01
   5.4698966e+01
   5.3166841e+01
   5.1628403e+01
   5.0085749e+01
   4.8540946e+01
   4.6996033e+01
   4.5453013e+01
   4.3913853e+01
   4.2380481e+01
   4.0854781e+01
   3.9338596e+01
   3.7833720e+01
   3.6341901e+01
   3.4864837e+01
   3.3404176e+01
   3.1961514e+01
   3.0538394e+01
   2.9136307e+01
   2.7756690e+01
   2.6400924e+01
   2.5070339e+01
   2.3766209e+01
   2.2489754e+01
   2.1242143e+01
   2.0024490e+01
   1.8837856e+01
   1.7683252e+01
   1.6561638e+01
   1.5473924e+01
   1.4420972e+01
   1.3403596e+01
   1.2422563e+01
   1.1478597e+01
   1.0572375e+01
   9.7045339e+00
   8.8756696e+00
   8.0863373e+00
   7.3370539e+00
   6.6282994e+00
   5.9605182e+00
   5.3341200e+00
   4.7494815e+00
   4.2069475e+00
   3.7068319e+00
   3.2494190e+00
   2.8349648e+00
   2.4636971e+00
   2.1358177e+00
   1.8515020e+00
   1.6109005e+00
   1.4141393e+00
   1.2613204e+00
   1.1525224e+00
   1.0878009e+00
   1.0671886e+00
   1.0906954e+00
   1.1583087e+00
   1.2699930e+00
   1.4256900e+00
   1.6253183e+00
   1.8687732e+00
   2.1559259e+00
   2.4866230e+00
   2.8606864e+00
   3.2779117e+00
   3.7380681e+00
   4.2408970e+00
   4.7861113e+00
   5.3733943e+00
   6.0023985e+00
   6.6727443e+00
   7.3840193e+00
   8.1357764e+00
   8.9275329e+00
   9.7587689e+00
   1.0628926e+01
   1.1537407e+01
   1.2483572e+01
   1.3466740e+01
   1.4486185e+01
   1.5541137e+01
   1.6630780e+01
   1.7754250e+01
   1.8910633e+01
   2.0098967e+01
   2.1318239e+01
   2.2567386e+01
   2.3845289e+01
   2.5150780e+01
   2.6482635e+01
   2.7839578e+01
   2.9220279e+01
   3.0623352e+01
   3.2047359e+01
   3.3490807e+01
   3.4952153e+01
   3.6429798e+01
   3.7922093e+01
   3.9427339e+01
   4.0943786e+01
   4.2469639e+01
   4.4003055e+01
   4.5542149e+01
   4.7084992e+01
   4.8629617e+01
   5.0174020e+01
   5.1716164e+01
   5.3253979e+01
   5.4785371e+01
   5.6308217e+01
   5.7820379e+01
   5.9319699e+01
   6.0804008e+01
   6.2271128e+01
   6.3718879e+01
   6.5145078e+01
   6.6547552e+01
   6.7924135e+01
   6.9272677e+01
   7.0591049e+01
   7.1877146e+01
   7.3128894e+01
   7.4344252e+01
   7.5521223e+01
   7.6657853e+01
   7.7752239e+01
   7.8802534e+01
   7.9806952e+01
   8.0763772e+01
   8.1671342e+01
   8.2528086e+01
   8.3332507e+01
   8.4083191e+01
   8.4778812e+01
   8.5418135e+01
   8.6000019e+01
   8.6523423e+01
   8.6987406e+01
   8.7391131e+01
   8.7733868e+01
   8.8014997e+01
   8.8234005e+01
   8.8390496e+01
   8.8484184e+01
   8.8514898e+01
   8.8482581e+01
   8.8387294e+01
   8.8229210e+01
   8.8008616e+01
   8.7725914e+01
   8.7381618e+01
   8.6976351e+01
   8.6510846e+01
   8.5985943e+01
   8.5402585e+01
   8.4761817e+01
   8.4064781e+01
   8.3312715e+01
   8.2506948e+01
   8.1648896e+01
   8.0740058e+01
   7.9782013e+01
   7.8776414e+01
   7.7724985e+01
   7.6629513e+01
   7.5491849e+01
   7.4313895e+01
   7.3097608e+01
   7.1844988e+01
   7.0558075e+01
   6.9238945e+01
   6.7889705e+01
   6.6512485e+01
   6.5109437e+01
   6.3682725e+01
   6.2234527e+01
   6.0767023e+01
   5.9282396e+01
   5.7782824e+01
   5.6270476e+01
   5.4747510e+01
   5.3216067e+01
   5.1678266e+01
   5.0136205e+01
   4.8591952e+01
   4.7047544e+01
   4.5504986e+01
   4.3966244e+01
   4.2433246e+01
   4.0907878e+01
   3.9391982e+01
   3.7887353e+01
   3.6395739e+01
   3.4918841e+01
   3.3458305e+01
   3.2015729e+01
   3.0592657e+01
   2.9190581e+01
   2.7810939e+01
   2.6455113e+01
   2.5124434e+01
   2.3820178e+01
   2.2543566e+01
   2.1295767e+01
   2.0077897e+01
   1.8891019e+01
   1.7736145e+01
   1.6614236e+01
   1.5526204e+01
   1.4472912e+01
   1.3455176e+01
   1.2473763e+01
   1.1529399e+01
   1.0622764e+01
   9.7544952e+00
   8.9251896e+00
   8.1354040e+00
   7.3856569e+00
   6.6764297e+00
   6.0081680e+00
   5.3812830e+00
   4.7961527e+00
   4.2531231e+00
   3.7525094e+00
   3.2945974e+00
   2.8796438e+00
   2.5078781e+00
   2.1795028e+00
   1.8946946e+00
   1.6536051e+00
   1.4563612e+00
   1.3030662e+00
   1.1937996e+00
   1.1286180e+00
   1.1075550e+00
