   5.0001634e-09
   1.1381873e-07
   4.2731787e-07
   9.4659640e-07
   1.6710672e-06
   2.5998580e-06
   3.7318445e-06
   5.0656552e-06
   6.5996737e-06
   8.3320407e-06
   1.0260657e-05
   1.2383183e-05
   1.4697048e-05
   1.7199445e-05
   1.9887341e-05
   2.2757476e-05
   2.5806371e-05
   2.9030327e-05
   3.2425434e-05
   3.5987574e-05
   3.9712426e-05
   4.3595471e-05
   4.7631996e-05
   5.1817103e-05
   5.6145713e-05
   6.0612571e-05
   6.5212254e-05
   6.9939177e-05
   7.4787600e-05
   7.9751634e-05
   8.4825248e-05
   9.0002279e-05
   9.5276435e-05
   1.0064131e-04
   1.0609037e-04
   1.1161701e-04
   1.1721449e-04
   1.2287602e-04
   1.2859469e-04
   1.3436357e-04
   1.4017562e-04
   1.4602378e-04
   1.5190092e-04
   1.5779989e-04
   1.6371350e-04
   1.6963456e-04
   1.7555584e-04
   1.8147014e-04
   1.8737025e-04
   1.9324897e-04
   1.9909914e-04
   2.0491363e-04
   2.1068534e-04
   2.1640723e-04
   2.2207233e-04
   2.2767372e-04
   2.3320456e-04
   2.3865810e-04
   2.4402769e-04
   2.4930677e-04
   2.5448888e-04
   2.5956771e-04
   2.6453704e-04
   2.6939081e-04
   2.7412308e-04
   2.7872807e-04
   2.8320015e-04
   2.8753384e-04
   2.9172386e-04
   2.9576508e-04
   2.9965256e-04
   3.0338153e-04
   3.0694744e-04
   3.1034593e-04
   3.1357283e-04
   3.1662420e-04
   3.1949630e-04
   3.2218562e-04
   3.2468886e-04
   3.2700297e-04
   3.2912509e-04
   3.3105265e-04
   3.3278327e-04
   3.3431485e-04
   3.3564549e-04
   3.3677358e-04
   3.3769773e-04
   3.3841680e-04
   3.3892993e-04
   3.3923648e-04
   3.3933606e-04
   3.3922858e-04
   3.3891414e-04
   3.3839314e-04
   3.3766622e-04
   3.3673427e-04
   3.3559842e-04
   3.3426007e-04
   3.3272086e-04
   3.3098267e-04
   3.2904763e-04
   3.2691812e-04
   3.2459672e-04
   3.2208630e-04
   3.1938992e-04
   3.1651089e-04
   3.1345272e-04
   3.1021916e-04
   3.0681417e-04
   3.0324191e-04
   2.9950675e-04
   2.9561327e-04
   2.9156622e-04
   2.8737056e-04
   2.8303142e-04
   2.7855410e-04
   2.7394407e-04
   2.6920698e-04
   2.6434861e-04
   2.5937490e-04
   2.5429192e-04
   2.4910589e-04
   2.4382314e-04
   2.3845012e-04
   2.3299340e-04
   2.2745963e-04
   2.2185557e-04
   2.1618806e-04
   2.1046401e-04
   2.0469042e-04
   1.9887431e-04
   1.9302279e-04
   1.8714300e-04
   1.8124209e-04
   1.7532726e-04
   1.6940572e-04
   1.6348468e-04
   1.5757136e-04
   1.5167297e-04
   1.4579668e-04
   1.3994964e-04
   1.3413898e-04
   1.2837177e-04
   1.2265503e-04
   1.1699571e-04
   1.1140070e-04
   1.0587680e-04
   1.0043072e-04
   9.5069101e-05
   8.9798447e-05
   8.4625168e-05
   7.9555549e-05
   7.4595752e-05
   6.9751801e-05
   6.5029579e-05
   6.0434823e-05
   5.5973111e-05
   5.1649861e-05
   4.7470321e-05
   4.3439563e-05
   3.9562481e-05
   3.5843778e-05
   3.2287967e-05
   2.8899361e-05
   2.5682072e-05
   2.2640002e-05
   1.9776840e-05
   1.7096059e-05
   1.4600909e-05
   1.2294417e-05
   1.0179377e-05
   8.2583555e-06
   6.5336802e-06
   5.0074419e-06
   3.6814908e-06
   2.5574338e-06
   1.6366329e-06
   9.2020292e-07
   4.0900626e-07
   1.0361588e-07
   1.5067288e-09
   1.1178742e-07
   4.2533286e-07
   9.4466935e-07
   1.6692105e-06
   2.5980841e-06
   3.7301659e-06
   5.0640844e-06
   6.5982233e-06
   8.3307232e-06
   1.0259484e-05
   1.2382168e-05
   1.4696203e-05
   1.7198781e-05
   1.9886870e-05
   2.2757210e-05
   2.5806320e-05
   2.9030502e-05
   3.2425845e-05
   3.5988232e-05
   3.9713339e-05
   4.3596648e-05
   4.7633447e-05
   5.1818835e-05
   5.6147734e-05
   6.0614887e-05
   6.5214872e-05
   6.9942102e-05
   7.4790837e-05
   7.9755188e-05
   8.4829122e-05
   9.0006476e-05
   9.5280958e-05
   1.0064616e-04
   1.0609555e-04
   1.1162251e-04
   1.1722032e-04
   1.2288218e-04
   1.2860118e-04
   1.3437038e-04
   1.4018275e-04
   1.4603122e-04
   1.5190867e-04
   1.5780794e-04
   1.6372185e-04
   1.6964320e-04
   1.7556476e-04
   1.8147934e-04
   1.8737971e-04
   1.9325869e-04
   1.9910910e-04
   2.0492382e-04
   2.1069576e-04
   2.1641786e-04
   2.2208316e-04
   2.2768473e-04
   2.3321575e-04
   2.3866945e-04
   2.4403918e-04
   2.4931839e-04
   2.5450062e-04
   2.5957955e-04
   2.6454897e-04
   2.6940281e-04
   2.7413514e-04
   2.7874016e-04
   2.8321226e-04
   2.8754597e-04
   2.9173599e-04
   2.9577718e-04
   2.9966462e-04
   3.0339354e-04
   3.0695938e-04
   3.1035778e-04
   3.1358458e-04
   3.1663584e-04
   3.1950781e-04
   3.2219698e-04
   3.2470007e-04
   3.2701400e-04
   3.2913595e-04
   3.3106331e-04
   3.3279372e-04
   3.3432507e-04
   3.3565549e-04
   3.3678333e-04
   3.3770723e-04
   3.3842605e-04
   3.3893890e-04
   3.3924517e-04
   3.3934447e-04
   3.3923669e-04
   3.3892196e-04
   3.3840066e-04
   3.3767343e-04
   3.3674116e-04
   3.3560500e-04
   3.3426633e-04
   3.3272680e-04
   3.3098829e-04
   3.2905294e-04
   3.2692310e-04
   3.2460139e-04
   3.2209065e-04
   3.1939396e-04
   3.1651461e-04
   3.1345613e-04
   3.1022227e-04
   3.0681698e-04
   3.0324443e-04
   2.9950899e-04
   2.9561523e-04
   2.9156791e-04
   2.8737199e-04
   2.8303259e-04
   2.7855503e-04
   2.7394477e-04
   2.6920745e-04
   2.6434886e-04
   2.5937495e-04
   2.5429178e-04
   2.4910556e-04
   2.4382264e-04
   2.3844947e-04
   2.3299260e-04
   2.2745870e-04
   2.2185451e-04
   2.1618690e-04
   2.1046276e-04
   2.0468908e-04
   1.9887290e-04
   1.9302132e-04
   1.8714148e-04
   1.8124053e-04
   1.7532568e-04
   1.6940413e-04
   1.6348309e-04
   1.5756979e-04
   1.5167141e-04
   1.4579515e-04
   1.3994816e-04
   1.3413756e-04
   1.2837041e-04
   1.2265374e-04
   1.1699450e-04
   1.1139957e-04
   1.0587576e-04
   1.0042979e-04
   9.5068273e-05
   8.9797732e-05
   8.4624569e-05
   7.9555073e-05
   7.4595401e-05
   6.9751578e-05
   6.5029487e-05
   6.0434864e-05
   5.5973286e-05
   5.1650170e-05
   4.7470763e-05
   4.3440138e-05
   3.9563187e-05
   3.5844613e-05
   3.2288928e-05
   2.8900445e-05
   2.5683274e-05
   2.2641317e-05
   1.9778263e-05
   1.7097584e-05
   1.4602529e-05
   1.2296124e-05
   1.0181165e-05
   8.2602154e-06
   6.5356033e-06
   5.0094189e-06
   3.6835120e-06
   2.5594891e-06
   1.6387118e-06
   9.2229427e-07
   4.1109858e-07
   1.0569685e-07
   5.0001634e-09
