   1.8118038e+03
   1.8113423e+03
   1.8102047e+03
   1.8083907e+03
   1.8059001e+03
   1.8027322e+03
   1.7988863e+03
   1.7943620e+03
   1.7891584e+03
   1.7832754e+03
   1.7767127e+03
   1.7694708e+03
   1.7615506e+03
   1.7529537e+03
   1.7436828e+03
   1.7337417e+03
   1.7231352e+03
   1.7118701e+03
   1.6999546e+03
   1.6873990e+03
   1.6742158e+03
   1.6604197e+03
   1.6460284e+03
   1.6310622e+03
   1.6155445e+03
   1.5995023e+03
   1.5829657e+03
   1.5659688e+03
   1.5485493e+03
   1.5307490e+03
   1.5126138e+03
   1.4941937e+03
   1.4755429e+03
   1.4567198e+03
   1.4377869e+03
   1.4188108e+03
   1.3998619e+03
   1.3810143e+03
   1.3623455e+03
   1.3439362e+03
   1.3258695e+03
   1.3082311e+03
   1.2911081e+03
   1.2745889e+03
   1.2587624e+03
   1.2437174e+03
   1.2295416e+03
   1.2163211e+03
   1.2041396e+03
   1.1930770e+03
   1.1832095e+03
   1.1746076e+03
   1.1673360e+03
   1.1614524e+03
   1.1570065e+03
   1.1540396e+03
   1.1525832e+03
   1.1526588e+03
   1.1542768e+03
   1.1574363e+03
   1.1621245e+03
   1.1683159e+03
   1.1759727e+03
   1.1850443e+03
   1.1954674e+03
   1.2071661e+03
   1.2200521e+03
   1.2340255e+03
   1.2489751e+03
   1.2647793e+03
   1.2813067e+03
   1.2984177e+03
   1.3159653e+03
   1.3337964e+03
   1.3517532e+03
   1.3696751e+03
   1.3873996e+03
   1.4047644e+03
   1.4216092e+03
   1.4377767e+03
   1.4531152e+03
   1.4674794e+03
   1.4807327e+03
   1.4927480e+03
   1.5034101e+03
   1.5126159e+03
   1.5202765e+03
   1.5263178e+03
   1.5306813e+03
   1.5333250e+03
   1.5342238e+03
   1.5333698e+03
   1.5307725e+03
   1.5264584e+03
   1.5204709e+03
   1.5128699e+03
   1.5037309e+03
   1.4931442e+03
   1.4812139e+03
   1.4680565e+03
   1.4537999e+03
   1.4385817e+03
   1.4225478e+03
   1.4058507e+03
   1.3886480e+03
   1.3711006e+03
   1.3533708e+03
   1.3356211e+03
   1.3180123e+03
   1.3007018e+03
   1.2838423e+03
   1.2675805e+03
   1.2520554e+03
   1.2373975e+03
   1.2237277e+03
   1.2111562e+03
   1.1997821e+03
   1.1896926e+03
   1.1809622e+03
   1.1736533e+03
   1.1678152e+03
   1.1634846e+03
   1.1606853e+03
   1.1594292e+03
   1.1597159e+03
   1.1615336e+03
   1.1648596e+03
   1.1696613e+03
   1.1758962e+03
   1.1835135e+03
   1.1924545e+03
   1.2026535e+03
   1.2140389e+03
   1.2265341e+03
   1.2400580e+03
   1.2545264e+03
   1.2698527e+03
   1.2859485e+03
   1.3027247e+03
   1.3200920e+03
   1.3379618e+03
   1.3562466e+03
   1.3748607e+03
   1.3937210e+03
   1.4127468e+03
   1.4318607e+03
   1.4509886e+03
   1.4700605e+03
   1.4890100e+03
   1.5077748e+03
   1.5262970e+03
   1.5445228e+03
   1.5624024e+03
   1.5798906e+03
   1.5969461e+03
   1.6135314e+03
   1.6296133e+03
   1.6451618e+03
   1.6601509e+03
   1.6745575e+03
   1.6883617e+03
   1.7015467e+03
   1.7140981e+03
   1.7260040e+03
   1.7372546e+03
   1.7478421e+03
   1.7577605e+03
   1.7670052e+03
   1.7755729e+03
   1.7834614e+03
   1.7906696e+03
   1.7971968e+03
   1.8030431e+03
   1.8082089e+03
   1.8126950e+03
   1.8165021e+03
   1.8196313e+03
   1.8220833e+03
   1.8238591e+03
   1.8249591e+03
   1.8253838e+03
   1.8251333e+03
   1.8242076e+03
   1.8226063e+03
   1.8203288e+03
   1.8173745e+03
   1.8137424e+03
   1.8094316e+03
   1.8044414e+03
   1.7987710e+03
   1.7924198e+03
   1.7853879e+03
   1.7776758e+03
   1.7692845e+03
   1.7602161e+03
   1.7504739e+03
   1.7400621e+03
   1.7289866e+03
   1.7172551e+03
   1.7048769e+03
   1.6918638e+03
   1.6782298e+03
   1.6639915e+03
   1.6491684e+03
   1.6337830e+03
   1.6178612e+03
   1.6014323e+03
   1.5845294e+03
   1.5671892e+03
   1.5494527e+03
   1.5313646e+03
   1.5129741e+03
   1.4943346e+03
   1.4755035e+03
   1.4565427e+03
   1.4375178e+03
   1.4184987e+03
   1.3995589e+03
   1.3807754e+03
   1.3622282e+03
   1.3440004e+03
   1.3261772e+03
   1.3088458e+03
   1.2920945e+03
   1.2760124e+03
   1.2606884e+03
   1.2462107e+03
   1.2326660e+03
   1.2201384e+03
   1.2087089e+03
   1.1984543e+03
   1.1894465e+03
   1.1817511e+03
   1.1754273e+03
   1.1705262e+03
   1.1670905e+03
   1.1651536e+03
   1.1647384e+03
   1.1658574e+03
   1.1685114e+03
   1.1726895e+03
   1.1783683e+03
   1.1855119e+03
   1.1940717e+03
   1.2039862e+03
   1.2151817e+03
   1.2275717e+03
   1.2410581e+03
   1.2555315e+03
   1.2708718e+03
   1.2869495e+03
   1.3036262e+03
   1.3207562e+03
   1.3381877e+03
   1.3557639e+03
   1.3733249e+03
   1.3907091e+03
   1.4077546e+03
   1.4243014e+03
   1.4401925e+03
   1.4552761e+03
   1.4694069e+03
   1.4824476e+03
   1.4942711e+03
   1.5047612e+03
   1.5138142e+03
   1.5213401e+03
   1.5272639e+03
   1.5315260e+03
   1.5340831e+03
   1.5349088e+03
   1.5339939e+03
   1.5313464e+03
   1.5269914e+03
   1.5209709e+03
   1.5133434e+03
   1.5041828e+03
   1.4935781e+03
   1.4816319e+03
   1.4684595e+03
   1.4541875e+03
   1.4389523e+03
   1.4228987e+03
   1.4061783e+03
   1.3889476e+03
   1.3713666e+03
   1.3535970e+03
   1.3358006e+03
   1.3181377e+03
   1.3007651e+03
   1.2838354e+03
   1.2674947e+03
   1.2518821e+03
   1.2371279e+03
   1.2233530e+03
   1.2106677e+03
   1.1991713e+03
   1.1889508e+03
   1.1800815e+03
   1.1726257e+03
   1.1666331e+03
   1.1621408e+03
   1.1591731e+03
   1.1577421e+03
   1.1578479e+03
   1.1594792e+03
   1.1626139e+03
   1.1672194e+03
   1.1732540e+03
   1.1806672e+03
   1.1894008e+03
   1.1993894e+03
   1.2105619e+03
   1.2228420e+03
   1.2361490e+03
   1.2503991e+03
   1.2655058e+03
   1.2813812e+03
   1.2979364e+03
   1.3150824e+03
   1.3327307e+03
   1.3507942e+03
   1.3691874e+03
   1.3878271e+03
   1.4066329e+03
   1.4255276e+03
   1.4444372e+03
   1.4632917e+03
   1.4820247e+03
   1.5005742e+03
   1.5188822e+03
   1.5368948e+03
   1.5545625e+03
   1.5718399e+03
   1.5886856e+03
   1.6050624e+03
   1.6209367e+03
   1.6362787e+03
   1.6510621e+03
   1.6652639e+03
   1.6788642e+03
   1.6918459e+03
   1.7041945e+03
   1.7158981e+03
   1.7269468e+03
   1.7373326e+03
   1.7470495e+03
   1.7560926e+03
   1.7644587e+03
   1.7721454e+03
   1.7791513e+03
   1.7854758e+03
   1.7911189e+03
   1.7960807e+03
   1.8003621e+03
   1.8039637e+03
   1.8068864e+03
   1.8091311e+03
   1.8106986e+03
   1.8115893e+03
   1.8118038e+03
