   5.2597119e+01
   5.2622228e+01
   5.2730330e+01
   5.2920648e+01
   5.3191959e+01
   5.3542643e+01
   5.3970762e+01
   5.4474154e+01
   5.5050556e+01
   5.5697733e+01
   5.6413636e+01
   5.7196575e+01
   5.8045406e+01
   5.8959728e+01
   5.9940102e+01
   6.0988272e+01
   6.2107398e+01
   6.3302294e+01
   6.4579668e+01
   6.5948366e+01
   6.7419608e+01
   6.9007224e+01
   7.0727877e+01
   7.2601275e+01
   7.4650369e+01
   7.6901526e+01
   7.9384680e+01
   8.2133460e+01
   8.5185278e+01
   8.8581389e+01
   9.2366901e+01
   9.6590753e+01
   1.0130564e+02
   1.0656787e+02
   1.1243722e+02
   1.1897665e+02
   1.2625206e+02
   1.3433187e+02
   1.4328664e+02
   1.5318860e+02
   1.6411104e+02
   1.7612777e+02
   1.8931238e+02
   2.0373757e+02
   2.1947435e+02
   2.3659116e+02
   2.5515306e+02
   2.7522078e+02
   2.9684978e+02
   3.2008929e+02
   3.4498133e+02
   3.7155975e+02
   3.9984924e+02
   4.2986443e+02
   4.6160898e+02
   4.9507472e+02
   5.3024088e+02
   5.6707339e+02
   6.0552429e+02
   6.4553120e+02
   6.8701693e+02
   7.2988930e+02
   7.7404095e+02
   8.1934946e+02
   8.6567751e+02
   9.1287327e+02
   9.6077097e+02
   1.0091916e+03
   1.0579438e+03
   1.1068250e+03
   1.1556224e+03
   1.2041148e+03
   1.2520738e+03
   1.2992655e+03
   1.3454524e+03
   1.3903953e+03
   1.4338551e+03
   1.4755951e+03
   1.5153830e+03
   1.5529926e+03
   1.5882066e+03
   1.6208179e+03
   1.6506322e+03
   1.6774692e+03
   1.7011652e+03
   1.7215738e+03
   1.7385681e+03
   1.7520418e+03
   1.7619099e+03
   1.7681100e+03
   1.7706028e+03
   1.7693725e+03
   1.7644270e+03
   1.7557977e+03
   1.7435393e+03
   1.7277293e+03
   1.7084668e+03
   1.6858723e+03
   1.6600854e+03
   1.6312645e+03
   1.5995843e+03
   1.5652348e+03
   1.5284190e+03
   1.4893512e+03
   1.4482547e+03
   1.4053601e+03
   1.3609030e+03
   1.3151219e+03
   1.2682564e+03
   1.2205448e+03
   1.1722224e+03
   1.1235198e+03
   1.0746608e+03
   1.0258614e+03
   9.7732765e+02
   9.2925488e+02
   8.8182640e+02
   8.3521256e+02
   7.8956993e+02
   7.4504075e+02
   7.0175249e+02
   6.5981754e+02
   6.1933315e+02
   5.8038148e+02
   5.4302978e+02
   5.0733075e+02
   4.7332300e+02
   4.4103160e+02
   4.1046880e+02
   3.8163474e+02
   3.5451830e+02
   3.2909796e+02
   3.0534278e+02
   2.8321329e+02
   2.6266250e+02
   2.4363688e+02
   2.2607731e+02
   2.0992004e+02
   1.9509761e+02
   1.8153977e+02
   1.6917429e+02
   1.5792778e+02
   1.4772645e+02
   1.3849677e+02
   1.3016613e+02
   1.2266340e+02
   1.1591943e+02
   1.0986750e+02
   1.0444367e+02
   9.9587157e+01
   9.5240516e+01
   9.1349894e+01
   8.7865149e+01
   8.4739942e+01
   8.1931783e+01
   7.9402022e+01
   7.7115805e+01
   7.5041994e+01
   7.3153050e+01
   7.1424885e+01
   6.9836699e+01
   6.8370782e+01
   6.7012308e+01
   6.5749117e+01
   6.4571476e+01
   6.3471847e+01
   6.2444644e+01
   6.1485990e+01
   6.0593479e+01
   5.9765944e+01
   5.9003231e+01
   5.8305980e+01
   5.7675426e+01
   5.7113209e+01
   5.6621197e+01
   5.6201333e+01
   5.5855494e+01
   5.5585373e+01
   5.5392381e+01
   5.5277568e+01
   5.5241567e+01
   5.5284564e+01
   5.5406280e+01
   5.5605989e+01
   5.5882546e+01
   5.6234445e+01
   5.6659897e+01
   5.7156926e+01
   5.7723490e+01
   5.8357617e+01
   5.9057566e+01
   5.9821994e+01
   6.0650153e+01
   6.1542090e+01
   6.2498864e+01
   6.3522770e+01
   6.4617577e+01
   6.5788763e+01
   6.7043763e+01
   6.8392207e+01
   6.9846161e+01
   7.1420358e+01
   7.3132428e+01
   7.5003097e+01
   7.7056391e+01
   7.9319799e+01
   8.1824425e+01
   8.4605101e+01
   8.7700477e+01
   9.1153061e+01
   9.5009231e+01
   9.9319191e+01
   1.0413688e+02
   1.0951985e+02
   1.1552904e+02
   1.2222854e+02
   1.2968527e+02
   1.3796860e+02
   1.4714993e+02
   1.5730215e+02
   1.6849910e+02
   1.8081491e+02
   1.9432335e+02
   2.0909703e+02
   2.2520664e+02
   2.4272007e+02
   2.6170154e+02
   2.8221064e+02
   3.0430139e+02
   3.2802130e+02
   3.5341031e+02
   3.8049990e+02
   4.0931206e+02
   4.3985842e+02
   4.7213931e+02
   5.0614295e+02
   5.4184470e+02
   5.7920635e+02
   6.1817559e+02
   6.5868548e+02
   7.0065417e+02
   7.4398464e+02
   7.8856469e+02
   8.3426700e+02
   8.8094941e+02
   9.2845534e+02
   9.7661441e+02
   1.0252432e+03
   1.0741463e+03
   1.1231171e+03
   1.1719397e+03
   1.2203897e+03
   1.2682362e+03
   1.3152433e+03
   1.3611722e+03
   1.4057828e+03
   1.4488358e+03
   1.4900951e+03
   1.5293294e+03
   1.5663144e+03
   1.6008354e+03
   1.6326883e+03
   1.6616827e+03
   1.6876427e+03
   1.7104096e+03
   1.7298426e+03
   1.7458208e+03
   1.7582441e+03
   1.7670345e+03
   1.7721365e+03
   1.7735182e+03
   1.7711712e+03
   1.7651106e+03
   1.7553754e+03
   1.7420275e+03
   1.7251514e+03
   1.7048533e+03
   1.6812598e+03
   1.6545169e+03
   1.6247884e+03
   1.5922543e+03
   1.5571090e+03
   1.5195594e+03
   1.4798231e+03
   1.4381262e+03
   1.3947010e+03
   1.3497846e+03
   1.3036162e+03
   1.2564351e+03
   1.2084791e+03
   1.1599822e+03
   1.1111733e+03
   1.0622738e+03
   1.0134966e+03
   9.6504483e+02
   9.1710999e+02
   8.6987142e+02
   8.2349523e+02
   7.7813353e+02
   7.3392395e+02
   6.9098923e+02
   6.4943703e+02
   6.0935985e+02
   5.7083516e+02
   5.3392564e+02
   4.9867955e+02
   4.6513127e+02
   4.3330183e+02
   4.0319970e+02
   3.7482149e+02
   3.4815286e+02
   3.2316938e+02
   2.9983746e+02
   2.7811535e+02
   2.5795406e+02
   2.3929839e+02
   2.2208784e+02
   2.0625759e+02
   1.9173939e+02
   1.7846247e+02
   1.6635432e+02
   1.5534153e+02
   1.4535047e+02
   1.3630800e+02
   1.2814206e+02
   1.2078222e+02
   1.1416015e+02
   1.0821008e+02
   1.0286913e+02
   9.8077605e+01
   9.3779241e+01
   8.9921391e+01
   8.6455147e+01
   8.3335410e+01
   8.0520928e+01
   7.7974276e+01
   7.5661800e+01
   7.3553526e+01
   7.1623042e+01
   6.9847340e+01
   6.8206645e+01
   6.6684220e+01
   6.5266156e+01
   6.3941146e+01
   6.2700255e+01
   6.1536680e+01
   6.0445510e+01
   5.9423487e+01
   5.8468766e+01
   5.7580687e+01
   5.6759547e+01
   5.6006392e+01
   5.5322812e+01
   5.4710758e+01
   5.4172365e+01
   5.3709802e+01
   5.3325136e+01
   5.3020211e+01
   5.2796553e+01
   5.2655294e+01
   5.2597119e+01
