   5.0557418e+01
   5.0617448e+01
   5.0832522e+01
   5.1203908e+01
   5.1733738e+01
   5.2425029e+01
   5.3281703e+01
   5.4308615e+01
   5.5511584e+01
   5.6897433e+01
   5.8474028e+01
   6.0250330e+01
   6.2236437e+01
   6.4443641e+01
   6.6884479e+01
   6.9572786e+01
   7.2523753e+01
   7.5753974e+01
   7.9281498e+01
   8.3125874e+01
   8.7308193e+01
   9.1851120e+01
   9.6778920e+01
   1.0211747e+02
   1.0789428e+02
   1.1413847e+02
   1.2088072e+02
   1.2815332e+02
   1.3598999e+02
   1.4442592e+02
   1.5349758e+02
   1.6324267e+02
   1.7369993e+02
   1.8490897e+02
   1.9691011e+02
   2.0974410e+02
   2.2345192e+02
   2.3807446e+02
   2.5365221e+02
   2.7022493e+02
   2.8783127e+02
   3.0650837e+02
   3.2629144e+02
   3.4721330e+02
   3.6930392e+02
   3.9258988e+02
   4.1709395e+02
   4.4283448e+02
   4.6982490e+02
   4.9807323e+02
   5.2758149e+02
   5.5834521e+02
   5.9035294e+02
   6.2358575e+02
   6.5801680e+02
   6.9361090e+02
   7.3032418e+02
   7.6810378e+02
   8.0688757e+02
   8.4660399e+02
   8.8717193e+02
   9.2850076e+02
   9.7049031e+02
   1.0130311e+03
   1.0560046e+03
   1.0992835e+03
   1.1427324e+03
   1.1862079e+03
   1.2295599e+03
   1.2726318e+03
   1.3152619e+03
   1.3572838e+03
   1.3985278e+03
   1.4388220e+03
   1.4779934e+03
   1.5158692e+03
   1.5522780e+03
   1.5870511e+03
   1.6200242e+03
   1.6510381e+03
   1.6799407e+03
   1.7065877e+03
   1.7308443e+03
   1.7525862e+03
   1.7717005e+03
   1.7880871e+03
   1.8016596e+03
   1.8123455e+03
   1.8200878e+03
   1.8248448e+03
   1.8265907e+03
   1.8253160e+03
   1.8210275e+03
   1.8137481e+03
   1.8035167e+03
   1.7903879e+03
   1.7744314e+03
   1.7557315e+03
   1.7343859e+03
   1.7105055e+03
   1.6842126e+03
   1.6556406e+03
   1.6249321e+03
   1.5922382e+03
   1.5577170e+03
   1.5215323e+03
   1.4838521e+03
   1.4448476e+03
   1.4046916e+03
   1.3635575e+03
   1.3216176e+03
   1.2790422e+03
   1.2359984e+03
   1.1926492e+03
   1.1491523e+03
   1.1056592e+03
   1.0623145e+03
   1.0192554e+03
   9.7661082e+02
   9.3450092e+02
   8.9303697e+02
   8.5232088e+02
   8.1244507e+02
   7.7349241e+02
   7.3553618e+02
   6.9864019e+02
   6.6285896e+02
   6.2823790e+02
   5.9481368e+02
   5.6261453e+02
   5.3166068e+02
   5.0196477e+02
   4.7353236e+02
   4.4636238e+02
   4.2044770e+02
   3.9577564e+02
   3.7232846e+02
   3.5008397e+02
   3.2901599e+02
   3.0909488e+02
   2.9028804e+02
   2.7256043e+02
   2.5587494e+02
   2.4019290e+02
   2.2547446e+02
   2.1167896e+02
   1.9876529e+02
   1.8669221e+02
   1.7541864e+02
   1.6490392e+02
   1.5510804e+02
   1.4599184e+02
   1.3751722e+02
   1.2964724e+02
   1.2234627e+02
   1.1558011e+02
   1.0931603e+02
   1.0352289e+02
   9.8171100e+01
   9.3232736e+01
   8.8681483e+01
   8.4492664e+01
   8.0643218e+01
   7.7111676e+01
   7.3878129e+01
   7.0924188e+01
   6.8232939e+01
   6.5788893e+01
   6.3577935e+01
   6.1587270e+01
   5.9805368e+01
   5.8221912e+01
   5.6827742e+01
   5.5614811e+01
   5.4576133e+01
   5.3705743e+01
   5.2998656e+01
   5.2450839e+01
   5.2059175e+01
   5.1821449e+01
   5.1736326e+01
   5.1803344e+01
   5.2022910e+01
   5.2396306e+01
   5.2925691e+01
   5.3614128e+01
   5.4465595e+01
   5.5485022e+01
   5.6678317e+01
   5.8052411e+01
   5.9615296e+01
   6.1376074e+01
   6.3345007e+01
   6.5533569e+01
   6.7954500e+01
   7.0621861e+01
   7.3551088e+01
   7.6759042e+01
   8.0264065e+01
   8.4086018e+01
   8.8246328e+01
   9.2768015e+01
   9.7675722e+01
   1.0299573e+02
   1.0875595e+02
   1.1498595e+02
   1.2171686e+02
   1.2898141e+02
   1.3681381e+02
   1.4524971e+02
   1.5432607e+02
   1.6408106e+02
   1.7455389e+02
   1.8578462e+02
   1.9781401e+02
   2.1068324e+02
   2.2443366e+02
   2.3910653e+02
   2.5474264e+02
   2.7138201e+02
   2.8906351e+02
   3.0782443e+02
   3.2770004e+02
   3.4872318e+02
   3.7092373e+02
   3.9432813e+02
   4.1895887e+02
   4.4483397e+02
   4.7196643e+02
   5.0036369e+02
   5.3002714e+02
   5.6095156e+02
   5.9312465e+02
   6.2652651e+02
   6.6112925e+02
   6.9689655e+02
   7.3378332e+02
   7.7173538e+02
   8.1068921e+02
   8.5057183e+02
   8.9130067e+02
   9.3278355e+02
   9.7491880e+02
   1.0175954e+03
   1.0606933e+03
   1.1040837e+03
   1.1476296e+03
   1.1911865e+03
   1.2346027e+03
   1.2777208e+03
   1.3203776e+03
   1.3624059e+03
   1.4036353e+03
   1.4438932e+03
   1.4830061e+03
   1.5208009e+03
   1.5571061e+03
   1.5917533e+03
   1.6245782e+03
   1.6554224e+03
   1.6841344e+03
   1.7105707e+03
   1.7345978e+03
   1.7560926e+03
   1.7749437e+03
   1.7910526e+03
   1.8043346e+03
   1.8147193e+03
   1.8221516e+03
   1.8265917e+03
   1.8280163e+03
   1.8264178e+03
   1.8218052e+03
   1.8142038e+03
   1.8036545e+03
   1.7902141e+03
   1.7739543e+03
   1.7549613e+03
   1.7333346e+03
   1.7091868e+03
   1.6826418e+03
   1.6538342e+03
   1.6229079e+03
   1.5900150e+03
   1.5553143e+03
   1.5189703e+03
   1.4811514e+03
   1.4420290e+03
   1.4017760e+03
   1.3605654e+03
   1.3185693e+03
   1.2759575e+03
   1.2328964e+03
   1.1895482e+03
   1.1460696e+03
   1.1026110e+03
   1.0593160e+03
   1.0163204e+03
   9.7375172e+02
   9.3172895e+02
   8.9036187e+02
   8.4975100e+02
   8.0998736e+02
   7.7115239e+02
   7.3331801e+02
   6.9654673e+02
   6.6089176e+02
   6.2639731e+02
   5.9309892e+02
   5.6102374e+02
   5.3019103e+02
   5.0061254e+02
   4.7229303e+02
   4.4523075e+02
   4.1941794e+02
   3.9484141e+02
   3.7148302e+02
   3.4932023e+02
   3.2832664e+02
   3.0847244e+02
   2.8972498e+02
   2.7204918e+02
   2.5540802e+02
   2.3976295e+02
   2.2507432e+02
   2.1130168e+02
   1.9840422e+02
   1.8634101e+02
   1.7507131e+02
   1.6455484e+02
   1.5475199e+02
   1.4562401e+02
   1.3713321e+02
   1.2924307e+02
   1.2191841e+02
   1.1512543e+02
   1.0883184e+02
   1.0300689e+02
   9.7621405e+01
   9.2647838e+01
   8.8060247e+01
   8.3834307e+01
   7.9947293e+01
   7.6378054e+01
   7.3106977e+01
   7.0115952e+01
   6.7388323e+01
   6.4908841e+01
   6.2663610e+01
   6.0640038e+01
   5.8826776e+01
   5.7213672e+01
   5.5791716e+01
   5.4552988e+01
   5.3490620e+01
   5.2598744e+01
   5.1872461e+01
   5.1307807e+01
   5.0901720e+01
   5.0652026e+01
   5.0557418e+01
