   1.9512599e+02
   1.9516816e+02
   1.9529346e+02
   1.9550190e+02
   1.9579349e+02
   1.9616822e+02
   1.9662611e+02
   1.9716715e+02
   1.9779136e+02
   1.9849871e+02
   1.9928918e+02
   2.0016274e+02
   2.0111933e+02
   2.0215887e+02
   2.0328126e+02
   2.0448636e+02
   2.0577399e+02
   2.0714394e+02
   2.0859595e+02
   2.1012970e+02
   2.1174480e+02
   2.1344083e+02
   2.1521726e+02
   2.1707351e+02
   2.1900889e+02
   2.2102264e+02
   2.2311390e+02
   2.2528171e+02
   2.2752498e+02
   2.2984252e+02
   2.3223303e+02
   2.3469507e+02
   2.3722706e+02
   2.3982729e+02
   2.4249392e+02
   2.4522495e+02
   2.4801823e+02
   2.5087145e+02
   2.5378217e+02
   2.5674775e+02
   2.5976543e+02
   2.6283225e+02
   2.6594510e+02
   2.6910072e+02
   2.7229567e+02
   2.7552635e+02
   2.7878901e+02
   2.8207971e+02
   2.8539441e+02
   2.8872887e+02
   2.9207873e+02
   2.9543949e+02
   2.9880652e+02
   3.0217504e+02
   3.0554019e+02
   3.0889698e+02
   3.1224032e+02
   3.1556505e+02
   3.1886591e+02
   3.2213761e+02
   3.2537476e+02
   3.2857197e+02
   3.3172381e+02
   3.3482484e+02
   3.3786961e+02
   3.4085271e+02
   3.4376875e+02
   3.4661238e+02
   3.4937833e+02
   3.5206141e+02
   3.5465650e+02
   3.5715861e+02
   3.5956289e+02
   3.6186460e+02
   3.6405918e+02
   3.6614224e+02
   3.6810957e+02
   3.6995717e+02
   3.7168123e+02
   3.7327821e+02
   3.7474477e+02
   3.7607785e+02
   3.7727463e+02
   3.7833257e+02
   3.7924943e+02
   3.8002322e+02
   3.8065228e+02
   3.8113525e+02
   3.8147105e+02
   3.8165894e+02
   3.8169848e+02
   3.8158956e+02
   3.8133236e+02
   3.8092740e+02
   3.8037549e+02
   3.7967778e+02
   3.7883571e+02
   3.7785101e+02
   3.7672573e+02
   3.7546219e+02
   3.7406299e+02
   3.7253102e+02
   3.7086940e+02
   3.6908153e+02
   3.6717102e+02
   3.6514173e+02
   3.6299772e+02
   3.6074324e+02
   3.5838274e+02
   3.5592084e+02
   3.5336230e+02
   3.5071203e+02
   3.4797506e+02
   3.4515654e+02
   3.4226168e+02
   3.3929581e+02
   3.3626428e+02
   3.3317252e+02
   3.3002596e+02
   3.2683006e+02
   3.2359028e+02
   3.2031206e+02
   3.1700082e+02
   3.1366191e+02
   3.1030067e+02
   3.0692233e+02
   3.0353207e+02
   3.0013497e+02
   2.9673599e+02
   2.9334001e+02
   2.8995178e+02
   2.8657592e+02
   2.8321691e+02
   2.7987910e+02
   2.7656669e+02
   2.7328372e+02
   2.7003410e+02
   2.6682154e+02
   2.6364961e+02
   2.6052174e+02
   2.5744115e+02
   2.5441092e+02
   2.5143396e+02
   2.4851303e+02
   2.4565070e+02
   2.4284940e+02
   2.4011139e+02
   2.3743879e+02
   2.3483355e+02
   2.3229749e+02
   2.2983229e+02
   2.2743946e+02
   2.2512042e+02
   2.2287645e+02
   2.2070868e+02
   2.1861817e+02
   2.1660584e+02
   2.1467252e+02
   2.1281894e+02
   2.1104575e+02
   2.0935349e+02
   2.0774266e+02
   2.0621366e+02
   2.0476684e+02
   2.0340248e+02
   2.0212082e+02
   2.0092206e+02
   1.9980632e+02
   1.9877374e+02
   1.9782438e+02
   1.9695831e+02
   1.9617555e+02
   1.9547613e+02
   1.9486004e+02
   1.9432728e+02
   1.9387784e+02
   1.9351169e+02
   1.9322882e+02
   1.9302920e+02
   1.9291283e+02
   1.9287967e+02
   1.9292972e+02
   1.9306297e+02
   1.9327942e+02
   1.9357905e+02
   1.9396187e+02
   1.9442788e+02
   1.9497707e+02
   1.9560943e+02
   1.9632496e+02
   1.9712361e+02
   1.9800537e+02
   1.9897017e+02
   2.0001793e+02
   2.0114857e+02
   2.0236193e+02
   2.0365787e+02
   2.0503616e+02
   2.0649656e+02
   2.0803875e+02
   2.0966239e+02
   2.1136702e+02
   2.1315217e+02
   2.1501725e+02
   2.1696160e+02
   2.1898449e+02
   2.2108506e+02
   2.2326237e+02
   2.2551537e+02
   2.2784289e+02
   2.3024365e+02
   2.3271623e+02
   2.3525908e+02
   2.3787054e+02
   2.4054877e+02
   2.4329181e+02
   2.4609754e+02
   2.4896368e+02
   2.5188781e+02
   2.5486735e+02
   2.5789953e+02
   2.6098146e+02
   2.6411004e+02
   2.6728205e+02
   2.7049407e+02
   2.7374254e+02
   2.7702373e+02
   2.8033375e+02
   2.8366857e+02
   2.8702400e+02
   2.9039569e+02
   2.9377917e+02
   2.9716982e+02
   3.0056293e+02
   3.0395362e+02
   3.0733694e+02
   3.1070783e+02
   3.1406112e+02
   3.1739160e+02
   3.2069397e+02
   3.2396287e+02
   3.2719291e+02
   3.3037867e+02
   3.3351472e+02
   3.3659563e+02
   3.3961597e+02
   3.4257035e+02
   3.4545343e+02
   3.4825994e+02
   3.5098466e+02
   3.5362248e+02
   3.5616840e+02
   3.5861753e+02
   3.6096514e+02
   3.6320663e+02
   3.6533759e+02
   3.6735380e+02
   3.6925120e+02
   3.7102599e+02
   3.7267456e+02
   3.7419355e+02
   3.7557986e+02
   3.7683063e+02
   3.7794328e+02
   3.7891551e+02
   3.7974531e+02
   3.8043095e+02
   3.8097101e+02
   3.8136439e+02
   3.8161028e+02
   3.8170818e+02
   3.8165792e+02
   3.8145963e+02
   3.8111377e+02
   3.8062110e+02
   3.7998270e+02
   3.7919994e+02
   3.7827450e+02
   3.7720838e+02
   3.7600381e+02
   3.7466337e+02
   3.7318985e+02
   3.7158633e+02
   3.6985615e+02
   3.6800286e+02
   3.6603025e+02
   3.6394234e+02
   3.6174333e+02
   3.5943760e+02
   3.5702972e+02
   3.5452441e+02
   3.5192653e+02
   3.4924106e+02
   3.4647309e+02
   3.4362782e+02
   3.4071051e+02
   3.3772649e+02
   3.3468114e+02
   3.3157987e+02
   3.2842811e+02
   3.2523128e+02
   3.2199481e+02
   3.1872407e+02
   3.1542442e+02
   3.1210117e+02
   3.0875953e+02
   3.0540467e+02
   3.0204165e+02
   2.9867545e+02
   2.9531093e+02
   2.9195283e+02
   2.8860577e+02
   2.8527424e+02
   2.8196260e+02
   2.7867505e+02
   2.7541564e+02
   2.7218827e+02
   2.6899670e+02
   2.6584450e+02
   2.6273511e+02
   2.5967178e+02
   2.5665760e+02
   2.5369551e+02
   2.5078829e+02
   2.4793854e+02
   2.4514870e+02
   2.4242109e+02
   2.3975782e+02
   2.3716090e+02
   2.3463217e+02
   2.3217333e+02
   2.2978594e+02
   2.2747144e+02
   2.2523114e+02
   2.2306622e+02
   2.2097777e+02
   2.1896673e+02
   2.1703397e+02
   2.1518027e+02
   2.1340628e+02
   2.1171261e+02
   2.1009977e+02
   2.0856820e+02
   2.0711828e+02
   2.0575033e+02
   2.0446462e+02
   2.0326136e+02
   2.0214074e+02
   2.0110289e+02
   2.0014792e+02
   1.9927592e+02
   1.9848695e+02
   1.9778105e+02
   1.9715824e+02
   1.9661855e+02
   1.9616198e+02
   1.9578853e+02
   1.9549821e+02
   1.9529101e+02
   1.9516694e+02
   1.9512599e+02
