   3.5620403e+00
   3.7067869e+00
   4.1542450e+00
   4.9058139e+00
   5.9641591e+00
   7.3333276e+00
   9.0187277e+00
   1.1027094e+01
   1.3366481e+01
   1.6046285e+01
   1.9077286e+01
   2.2471689e+01
   2.6243183e+01
   3.0406994e+01
   3.4979948e+01
   3.9980527e+01
   4.5428935e+01
   5.1347154e+01
   5.7759006e+01
   6.4690205e+01
   7.2168413e+01
   8.0223276e+01
   8.8886470e+01
   9.8191716e+01
   1.0817480e+02
   1.1887358e+02
   1.3032793e+02
   1.4257977e+02
   1.5567292e+02
   1.6965308e+02
   1.8456771e+02
   2.0046585e+02
   2.1739797e+02
   2.3541577e+02
   2.5457191e+02
   2.7491972e+02
   2.9651291e+02
   3.1940514e+02
   3.4364966e+02
   3.6929882e+02
   3.9640359e+02
   4.2501298e+02
   4.5517351e+02
   4.8692853e+02
   5.2031759e+02
   5.5537575e+02
   5.9213285e+02
   6.3061275e+02
   6.7083261e+02
   7.1280212e+02
   7.5652271e+02
   8.0198681e+02
   8.4917713e+02
   8.9806595e+02
   9.4861445e+02
   1.0007721e+03
   1.0544761e+03
   1.1096509e+03
   1.1662080e+03
   1.2240454e+03
   1.2830474e+03
   1.3430850e+03
   1.4040154e+03
   1.4656826e+03
   1.5279175e+03
   1.5905386e+03
   1.6533525e+03
   1.7161550e+03
   1.7787315e+03
   1.8408587e+03
   1.9023053e+03
   1.9628339e+03
   2.0222020e+03
   2.0801642e+03
   2.1364732e+03
   2.1908822e+03
   2.2431465e+03
   2.2930254e+03
   2.3402842e+03
   2.3846960e+03
   2.4260439e+03
   2.4641224e+03
   2.4987397e+03
   2.5297190e+03
   2.5569003e+03
   2.5801419e+03
   2.5993215e+03
   2.6143377e+03
   2.6251103e+03
   2.6315819e+03
   2.6337177e+03
   2.6315064e+03
   2.6249599e+03
   2.6141134e+03
   2.5990250e+03
   2.5797751e+03
   2.5564657e+03
   2.5292196e+03
   2.4981788e+03
   2.4635039e+03
   2.4253718e+03
   2.3839748e+03
   2.3395185e+03
   2.2922202e+03
   2.2423069e+03
   2.1900134e+03
   2.1355805e+03
   2.0792530e+03
   2.0212777e+03
   1.9619017e+03
   1.9013705e+03
   1.8399264e+03
   1.7778066e+03
   1.7152422e+03
   1.6524563e+03
   1.5896631e+03
   1.5270667e+03
   1.4648602e+03
   1.4032246e+03
   1.3423288e+03
   1.2823284e+03
   1.2233658e+03
   1.1655698e+03
   1.1090555e+03
   1.0539247e+03
   1.0002656e+03
   9.4815338e+02
   8.9765048e+02
   8.4880713e+02
   8.0166189e+02
   7.5624221e+02
   7.1256513e+02
   6.7063801e+02
   6.3045919e+02
   5.9201883e+02
   5.5529962e+02
   5.2027754e+02
   4.8692265e+02
   4.5519982e+02
   4.2506941e+02
   3.9648803e+02
   3.6940914e+02
   3.4378371e+02
   3.1956078e+02
   2.9668803e+02
   2.7511223e+02
   2.5477977e+02
   2.3563700e+02
   2.1763065e+02
   2.0070813e+02
   1.8481783e+02
   1.6990935e+02
   1.5593374e+02
   1.4284363e+02
   1.3059342e+02
   1.1913935e+02
   1.0843962e+02
   9.8454411e+01
   8.9145963e+01
   8.0478566e+01
   7.2418573e+01
   6.4934380e+01
   5.7996403e+01
   5.1577043e+01
   4.5650640e+01
   4.0193422e+01
   3.5183451e+01
   3.0600563e+01
   2.6426309e+01
   2.2643892e+01
   1.9238109e+01
   1.6195292e+01
   1.3503250e+01
   1.1151215e+01
   9.1297980e+00
   7.4309488e+00
   6.0479335e+00
   4.9753402e+00
   4.2091139e+00
   3.7465789e+00
   3.5863337e+00
   3.7279780e+00
   4.1719367e+00
   4.9196228e+00
   5.9737157e+00
   7.3382760e+00
   9.0187262e+00
   1.1021815e+01
   1.3355609e+01
   1.6029519e+01
   1.9054330e+01
   2.2442258e+01
   2.6206998e+01
   3.0363778e+01
   3.4929427e+01
   3.9922425e+01
   4.5362972e+01
   5.1273044e+01
   5.7676454e+01
   6.4598904e+01
   7.2068040e+01
   8.0113491e+01
   8.8766911e+01
   9.8061999e+01
   1.0803452e+02
   1.1872228e+02
   1.3016515e+02
   1.4240499e+02
   1.5548561e+02
   1.6945267e+02
   1.8435356e+02
   2.0023732e+02
   2.1715435e+02
   2.3515634e+02
   2.5429588e+02
   2.7462630e+02
   2.9620125e+02
   3.1907437e+02
   3.4329889e+02
   3.6892713e+02
   3.9601006e+02
   4.2459668e+02
   4.5473350e+02
   4.8646388e+02
   5.1982741e+02
   5.5485917e+02
   5.9158903e+02
   6.3004091e+02
   6.7023205e+02
   7.1217220e+02
   7.5586288e+02
   8.0129664e+02
   8.4845630e+02
   8.9731426e+02
   9.4783186e+02
   9.9995870e+02
   1.0536322e+03
   1.1087770e+03
   1.1653047e+03
   1.2231135e+03
   1.2820880e+03
   1.3420993e+03
   1.4030049e+03
   1.4646489e+03
   1.5268626e+03
   1.5894646e+03
   1.6522617e+03
   1.7150499e+03
   1.7776148e+03
   1.8397332e+03
   1.9011741e+03
   1.9617002e+03
   2.0210692e+03
   2.0790356e+03
   2.1353524e+03
   2.1897728e+03
   2.2420521e+03
   2.2919497e+03
   2.3392307e+03
   2.3836684e+03
   2.4250457e+03
   2.4631571e+03
   2.4978105e+03
   2.5288291e+03
   2.5560528e+03
   2.5793395e+03
   2.5985669e+03
   2.6136331e+03
   2.6244579e+03
   2.6309835e+03
   2.6331749e+03
   2.6310205e+03
   2.6245317e+03
   2.6137437e+03
   2.5987140e+03
   2.5795228e+03
   2.5562719e+03
   2.5290837e+03
   2.4981001e+03
   2.4634810e+03
   2.4254035e+03
   2.3840593e+03
   2.3396540e+03
   2.2924046e+03
   2.2425378e+03
   2.1902884e+03
   2.1358970e+03
   2.0796082e+03
   2.0216688e+03
   1.9623257e+03
   1.9018245e+03
   1.8404074e+03
   1.7783115e+03
   1.7157680e+03
   1.6530001e+03
   1.5902219e+03
   1.5276377e+03
   1.4654405e+03
   1.4038116e+03
   1.3429198e+03
   1.2829209e+03
   1.2239575e+03
   1.1661585e+03
   1.1096391e+03
   1.0545013e+03
   1.0008334e+03
   9.4871066e+02
   8.9819580e+02
   8.4933916e+02
   8.0217943e+02
   7.5674420e+02
   7.1305066e+02
   6.7110629e+02
   6.3090958e+02
   5.9245080e+02
   5.5571275e+02
   5.2067154e+02
   4.8729731e+02
   4.5555504e+02
   4.2540519e+02
   3.9680444e+02
   3.6970633e+02
   3.4406191e+02
   3.1982027e+02
   2.9692914e+02
   2.7533537e+02
   2.5498537e+02
   2.3582556e+02
   2.1780268e+02
   2.0086418e+02
   1.8495848e+02
   1.7003521e+02
   1.5604543e+02
   1.4294180e+02
   1.3067871e+02
   1.1921243e+02
   1.0850115e+02
   9.8505076e+01
   8.9186444e+01
   8.0509544e+01
   7.2440728e+01
   6.4948391e+01
   5.8002943e+01
   5.1576782e+01
   4.5644239e+01
   4.0181535e+01
   3.5166722e+01
   3.0579625e+01
   2.6401785e+01
   2.2616393e+01
   1.9208232e+01
   1.6163620e+01
   1.3470351e+01
   1.1117643e+01
   9.0960895e+00
   7.3976235e+00
   6.0154923e+00
   4.9442640e+00
   4.1798630e+00
   3.7195943e+00
   3.5620403e+00
