   1.4110073e+01
   1.4245938e+01
   1.4635817e+01
   1.5279515e+01
   1.6176709e+01
   1.7326951e+01
   1.8729662e+01
   2.0384133e+01
   2.2289519e+01
   2.4444837e+01
   2.6848960e+01
   2.9500612e+01
   3.2398365e+01
   3.5540630e+01
   3.8925654e+01
   4.2551510e+01
   4.6416091e+01
   5.0517105e+01
   5.4852065e+01
   5.9418280e+01
   6.4212850e+01
   6.9232658e+01
   7.4474357e+01
   7.9934367e+01
   8.5608866e+01
   9.1493778e+01
   9.7584770e+01
   1.0387724e+02
   1.1036632e+02
   1.1704684e+02
   1.2391337e+02
   1.3096016e+02
   1.3818117e+02
   1.4557008e+02
   1.5312021e+02
   1.6082460e+02
   1.6867598e+02
   1.7666675e+02
   1.8478899e+02
   1.9303445e+02
   2.0139460e+02
   2.0986056e+02
   2.1842316e+02
   2.2707289e+02
   2.3579999e+02
   2.4459435e+02
   2.5344562e+02
   2.6234313e+02
   2.7127599e+02
   2.8023301e+02
   2.8920280e+02
   2.9817372e+02
   3.0713393e+02
   3.1607140e+02
   3.2497391e+02
   3.3382911e+02
   3.4262452e+02
   3.5134754e+02
   3.5998548e+02
   3.6852562e+02
   3.7695516e+02
   3.8526135e+02
   3.9343141e+02
   4.0145263e+02
   4.0931239e+02
   4.1699817e+02
   4.2449757e+02
   4.3179838e+02
   4.3888859e+02
   4.4575641e+02
   4.5239030e+02
   4.5877905e+02
   4.6491172e+02
   4.7077776e+02
   4.7636699e+02
   4.8166963e+02
   4.8667634e+02
   4.9137826e+02
   4.9576699e+02
   4.9983468e+02
   5.0357398e+02
   5.0697812e+02
   5.1004092e+02
   5.1275678e+02
   5.1512071e+02
   5.1712837e+02
   5.1877606e+02
   5.2006072e+02
   5.2097998e+02
   5.2153212e+02
   5.2171611e+02
   5.2153160e+02
   5.2097892e+02
   5.2005908e+02
   5.1877377e+02
   5.1712535e+02
   5.1511685e+02
   5.1275195e+02
   5.1003499e+02
   5.0697091e+02
   5.0356531e+02
   4.9982434e+02
   4.9575478e+02
   4.9136393e+02
   4.8665966e+02
   4.8165033e+02
   4.7634480e+02
   4.7075239e+02
   4.6488288e+02
   4.5874643e+02
   4.5235361e+02
   4.4571532e+02
   4.3884279e+02
   4.3174754e+02
   4.2444136e+02
   4.1693628e+02
   4.0924450e+02
   4.0137841e+02
   3.9335055e+02
   3.8517354e+02
   3.7686011e+02
   3.6842303e+02
   3.5987507e+02
   3.5122903e+02
   3.4249766e+02
   3.3369366e+02
   3.2482962e+02
   3.1591807e+02
   3.0697138e+02
   2.9800176e+02
   2.8902127e+02
   2.8004177e+02
   2.7107493e+02
   2.6213216e+02
   2.5322465e+02
   2.4436336e+02
   2.3555894e+02
   2.2682179e+02
   2.1816203e+02
   2.0958946e+02
   2.0111361e+02
   1.9274367e+02
   1.8448855e+02
   1.7635681e+02
   1.6835674e+02
   1.6049625e+02
   1.5278299e+02
   1.4522427e+02
   1.3782706e+02
   1.3059805e+02
   1.2354362e+02
   1.1666981e+02
   1.0998241e+02
   1.0348687e+02
   9.7188379e+01
   9.1091833e+01
   8.5201856e+01
   7.9522803e+01
   7.4058772e+01
   6.8813605e+01
   6.3790903e+01
   5.8994030e+01
   5.4426123e+01
   5.0090099e+01
   4.5988664e+01
   4.2124320e+01
   3.8499374e+01
   3.5115945e+01
   3.1975972e+01
   2.9081219e+01
   2.6433284e+01
   2.4033603e+01
   2.1883458e+01
   1.9983983e+01
   1.8336164e+01
   1.6940850e+01
   1.5798751e+01
   1.4910445e+01
   1.4276380e+01
   1.3896875e+01
   1.3772121e+01
   1.3902184e+01
   1.4287002e+01
   1.4926388e+01
   1.5820025e+01
   1.6967472e+01
   1.8368152e+01
   2.0021358e+01
   2.1926245e+01
   2.4081829e+01
   2.6486980e+01
   2.9140417e+01
   3.2040705e+01
   3.5186249e+01
   3.8575285e+01
   4.2205873e+01
   4.6075897e+01
   5.0183047e+01
   5.4524820e+01
   5.9098509e+01
   6.3901194e+01
   6.8929735e+01
   7.4180764e+01
   7.9650677e+01
   8.5335626e+01
   9.1231507e+01
   9.7333960e+01
   1.0363835e+02
   1.1013978e+02
   1.1683305e+02
   1.2371269e+02
   1.3077293e+02
   1.3800768e+02
   1.4541058e+02
   1.5297492e+02
   1.6069370e+02
   1.6855962e+02
   1.7656501e+02
   1.8470194e+02
   1.9296211e+02
   2.0133695e+02
   2.0981753e+02
   2.1839463e+02
   2.2705873e+02
   2.3580000e+02
   2.4460830e+02
   2.5347323e+02
   2.6238409e+02
   2.7132993e+02
   2.8029955e+02
   2.8928150e+02
   2.9826411e+02
   3.0723549e+02
   3.1618359e+02
   3.2509615e+02
   3.3396079e+02
   3.4276500e+02
   3.5149613e+02
   3.6014150e+02
   3.6868832e+02
   3.7712381e+02
   3.8543516e+02
   3.9360960e+02
   4.0163440e+02
   4.0949691e+02
   4.1718459e+02
   4.2468507e+02
   4.3198610e+02
   4.3907568e+02
   4.4594201e+02
   4.5257356e+02
   4.5895912e+02
   4.6508776e+02
   4.7094894e+02
   4.7653248e+02
   4.8182863e+02
   4.8682807e+02
   4.9152195e+02
   4.9590191e+02
   4.9996011e+02
   5.0368923e+02
   5.0708255e+02
   5.1013389e+02
   5.1283771e+02
   5.1518906e+02
   5.1718363e+02
   5.1881776e+02
   5.2008845e+02
   5.2099335e+02
   5.2153080e+02
   5.2169982e+02
   5.2150009e+02
   5.2093201e+02
   5.1999664e+02
   5.1869570e+02
   5.1703162e+02
   5.1500748e+02
   5.1262700e+02
   5.0989458e+02
   5.0681521e+02
   5.0339453e+02
   4.9963875e+02
   4.9555469e+02
   4.9114971e+02
   4.8643171e+02
   4.8140910e+02
   4.7609078e+02
   4.7048613e+02
   4.6460495e+02
   4.5845744e+02
   4.5205420e+02
   4.4540618e+02
   4.3852463e+02
   4.3142110e+02
   4.2410742e+02
   4.1659561e+02
   4.0889792e+02
   4.0102676e+02
   3.9299466e+02
   3.8481428e+02
   3.7649835e+02
   3.6805964e+02
   3.5951094e+02
   3.5086505e+02
   3.4213471e+02
   3.3333262e+02
   3.2447138e+02
   3.1556349e+02
   3.0662132e+02
   2.9765707e+02
   2.8868278e+02
   2.7971031e+02
   2.7075128e+02
   2.6181710e+02
   2.5291894e+02
   2.4406771e+02
   2.3527406e+02
   2.2654835e+02
   2.1790067e+02
   2.0934079e+02
   2.0087820e+02
   1.9252207e+02
   1.8428126e+02
   1.7616431e+02
   1.6817945e+02
   1.6033458e+02
   1.5263728e+02
   1.4509484e+02
   1.3771419e+02
   1.3050198e+02
   1.2346454e+02
   1.1660789e+02
   1.0993775e+02
   1.0345956e+02
   9.7178446e+01
   9.1099275e+01
   8.5226630e+01
   7.9564826e+01
   7.4117922e+01
   6.8889723e+01
   6.3883793e+01
   5.9103458e+01
   5.4551820e+01
   5.0231761e+01
   4.6145953e+01
   4.2296865e+01
   3.8686772e+01
   3.5317762e+01
   3.2191744e+01
   2.9310454e+01
   2.6675462e+01
   2.4288178e+01
   2.2149861e+01
   2.0261619e+01
   1.8624417e+01
   1.7239083e+01
   1.6106307e+01
   1.5226651e+01
   1.4600545e+01
   1.4228293e+01
   1.4110073e+01
