   4.0431138e+01
   4.0535532e+01
   4.0854669e+01
   4.1388232e+01
   4.2135678e+01
   4.3096237e+01
   4.4268911e+01
   4.5652476e+01
   4.7245480e+01
   4.9046245e+01
   5.1052865e+01
   5.3263205e+01
   5.5674906e+01
   5.8285379e+01
   6.1091810e+01
   6.4091159e+01
   6.7280161e+01
   7.0655326e+01
   7.4212941e+01
   7.7949070e+01
   8.1859562e+01
   8.5940043e+01
   9.0185927e+01
   9.4592416e+01
   9.9154504e+01
   1.0386698e+02
   1.0872443e+02
   1.1372125e+02
   1.1885164e+02
   1.2410963e+02
   1.2948904e+02
   1.3498356e+02
   1.4058669e+02
   1.4629178e+02
   1.5209203e+02
   1.5798051e+02
   1.6395015e+02
   1.6999376e+02
   1.7610406e+02
   1.8227365e+02
   1.8849503e+02
   1.9476065e+02
   2.0106287e+02
   2.0739400e+02
   2.1374631e+02
   2.2011202e+02
   2.2648334e+02
   2.3285245e+02
   2.3921155e+02
   2.4555281e+02
   2.5186846e+02
   2.5815072e+02
   2.6439188e+02
   2.7058426e+02
   2.7672022e+02
   2.8279221e+02
   2.8879274e+02
   2.9471440e+02
   3.0054988e+02
   3.0629195e+02
   3.1193349e+02
   3.1746750e+02
   3.2288710e+02
   3.2818551e+02
   3.3335611e+02
   3.3839240e+02
   3.4328806e+02
   3.4803688e+02
   3.5263283e+02
   3.5707008e+02
   3.6134292e+02
   3.6544586e+02
   3.6937360e+02
   3.7312103e+02
   3.7668325e+02
   3.8005559e+02
   3.8323360e+02
   3.8621304e+02
   3.8898995e+02
   3.9156060e+02
   3.9392151e+02
   3.9606949e+02
   3.9800160e+02
   3.9971521e+02
   4.0120795e+02
   4.0247776e+02
   4.0352287e+02
   4.0434183e+02
   4.0493349e+02
   4.0529701e+02
   4.0543187e+02
   4.0533786e+02
   4.0501510e+02
   4.0446400e+02
   4.0368533e+02
   4.0268012e+02
   4.0144975e+02
   3.9999590e+02
   3.9832055e+02
   3.9642596e+02
   3.9431471e+02
   3.9198966e+02
   3.8945392e+02
   3.8671090e+02
   3.8376428e+02
   3.8061796e+02
   3.7727613e+02
   3.7374319e+02
   3.7002377e+02
   3.6612276e+02
   3.6204522e+02
   3.5779643e+02
   3.5338189e+02
   3.4880727e+02
   3.4407842e+02
   3.3920138e+02
   3.3418235e+02
   3.2902769e+02
   3.2374392e+02
   3.1833768e+02
   3.1281579e+02
   3.0718516e+02
   3.0145285e+02
   2.9562602e+02
   2.8971194e+02
   2.8371799e+02
   2.7765164e+02
   2.7152041e+02
   2.6533195e+02
   2.5909392e+02
   2.5281408e+02
   2.4650020e+02
   2.4016012e+02
   2.3380167e+02
   2.2743273e+02
   2.2106115e+02
   2.1469481e+02
   2.0834154e+02
   2.0200916e+02
   1.9570545e+02
   1.8943814e+02
   1.8321488e+02
   1.7704327e+02
   1.7093082e+02
   1.6488494e+02
   1.5891293e+02
   1.5302200e+02
   1.4721921e+02
   1.4151148e+02
   1.3590562e+02
   1.3040827e+02
   1.2502590e+02
   1.1976482e+02
   1.1463118e+02
   1.0963093e+02
   1.0476985e+02
   1.0005351e+02
   9.5487304e+01
   9.1076406e+01
   8.6825795e+01
   8.2740240e+01
   7.8824298e+01
   7.5082312e+01
   7.1518411e+01
   6.8136503e+01
   6.4940279e+01
   6.1933209e+01
   5.9118541e+01
   5.6499303e+01
   5.4078300e+01
   5.1858114e+01
   4.9841104e+01
   4.8029410e+01
   4.6424945e+01
   4.5029403e+01
   4.3844255e+01
   4.2870748e+01
   4.2109912e+01
   4.1562550e+01
   4.1229249e+01
   4.1110370e+01
   4.1206056e+01
   4.1516226e+01
   4.2040579e+01
   4.2778593e+01
   4.3729522e+01
   4.4892400e+01
   4.6266038e+01
   4.7849022e+01
   4.9639719e+01
   5.1636270e+01
   5.3836592e+01
   5.6238378e+01
   5.8839099e+01
   6.1635999e+01
   6.4626099e+01
   6.7806197e+01
   7.1172866e+01
   7.4722456e+01
   7.8451097e+01
   8.2354696e+01
   8.6428943e+01
   9.0669309e+01
   9.5071053e+01
   9.9629220e+01
   1.0433865e+02
   1.0919396e+02
   1.1418960e+02
   1.1931980e+02
   1.2457860e+02
   1.2995986e+02
   1.3545727e+02
   1.4106433e+02
   1.4677439e+02
   1.5258065e+02
   1.5847614e+02
   1.6445377e+02
   1.7050631e+02
   1.7662643e+02
   1.8280666e+02
   1.8903947e+02
   1.9531720e+02
   2.0163215e+02
   2.0797653e+02
   2.1434251e+02
   2.2072222e+02
   2.2710773e+02
   2.3349114e+02
   2.3986449e+02
   2.4621987e+02
   2.5254934e+02
   2.5884501e+02
   2.6509902e+02
   2.7130356e+02
   2.7745087e+02
   2.8353325e+02
   2.8954309e+02
   2.9547284e+02
   3.0131507e+02
   3.0706244e+02
   3.1270771e+02
   3.1824376e+02
   3.2366362e+02
   3.2896041e+02
   3.3412744e+02
   3.3915813e+02
   3.4404607e+02
   3.4878502e+02
   3.5336892e+02
   3.5779186e+02
   3.6204814e+02
   3.6613225e+02
   3.7003890e+02
   3.7376297e+02
   3.7729961e+02
   3.8064416e+02
   3.8379221e+02
   3.8673960e+02
   3.8948243e+02
   3.9201703e+02
   3.9434002e+02
   3.9644831e+02
   3.9833905e+02
   4.0000973e+02
   4.0145810e+02
   4.0268223e+02
   4.0368049e+02
   4.0445155e+02
   4.0499442e+02
   4.0530840e+02
   4.0539312e+02
   4.0524854e+02
   4.0487492e+02
   4.0427285e+02
   4.0344323e+02
   4.0238728e+02
   4.0110652e+02
   3.9960279e+02
   3.9787821e+02
   3.9593521e+02
   3.9377650e+02
   3.9140508e+02
   3.8882420e+02
   3.8603741e+02
   3.8304848e+02
   3.7986145e+02
   3.7648060e+02
   3.7291042e+02
   3.6915566e+02
   3.6522123e+02
   3.6111230e+02
   3.5683419e+02
   3.5239244e+02
   3.4779276e+02
   3.4304102e+02
   3.3814326e+02
   3.3310569e+02
   3.2793466e+02
   3.2263666e+02
   3.1721831e+02
   3.1168637e+02
   3.0604771e+02
   3.0030932e+02
   2.9447830e+02
   2.8856184e+02
   2.8256723e+02
   2.7650185e+02
   2.7037314e+02
   2.6418862e+02
   2.5795587e+02
   2.5168253e+02
   2.4537627e+02
   2.3904480e+02
   2.3269587e+02
   2.2633721e+02
   2.1997660e+02
   2.1362179e+02
   2.0728051e+02
   2.0096048e+02
   1.9466939e+02
   1.8841487e+02
   1.8220449e+02
   1.7604576e+02
   1.6994613e+02
   1.6391294e+02
   1.5795343e+02
   1.5207474e+02
   1.4628390e+02
   1.4058780e+02
   1.3499320e+02
   1.2950672e+02
   1.2413482e+02
   1.1888380e+02
   1.1375980e+02
   1.0876877e+02
   1.0391650e+02
   9.9208576e+01
   9.4650407e+01
   9.0247196e+01
   8.6003945e+01
   8.1925456e+01
   7.8016318e+01
   7.4280911e+01
   7.0723401e+01
   6.7347737e+01
   6.4157651e+01
   6.1156651e+01
   5.8348029e+01
   5.5734850e+01
   5.3319958e+01
   5.1105973e+01
   4.9095288e+01
   4.7290073e+01
   4.5692272e+01
   4.4303604e+01
   4.3125561e+01
   4.2159409e+01
   4.1406189e+01
   4.0866716e+01
   4.0541578e+01
   4.0431138e+01
