   5.6502635e+03
   5.6501590e+03
   5.6494651e+03
   5.6481776e+03
   5.6462897e+03
   5.6437918e+03
   5.6406717e+03
   5.6369147e+03
   5.6325034e+03
   5.6274176e+03
   5.6216348e+03
   5.6151298e+03
   5.6078749e+03
   5.5998399e+03
   5.5909923e+03
   5.5812971e+03
   5.5707170e+03
   5.5592127e+03
   5.5467427e+03
   5.5332633e+03
   5.5187294e+03
   5.5030938e+03
   5.4863082e+03
   5.4683226e+03
   5.4490861e+03
   5.4285471e+03
   5.4066531e+03
   5.3833515e+03
   5.3585897e+03
   5.3323154e+03
   5.3044771e+03
   5.2750244e+03
   5.2439082e+03
   5.2110817e+03
   5.1765002e+03
   5.1401221e+03
   5.1019089e+03
   5.0618262e+03
   5.0198439e+03
   4.9759368e+03
   4.9300851e+03
   4.8822748e+03
   4.8324988e+03
   4.7807565e+03
   4.7270552e+03
   4.6714099e+03
   4.6138441e+03
   4.5543904e+03
   4.4930904e+03
   4.4299954e+03
   4.3651668e+03
   4.2986760e+03
   4.2306051e+03
   4.1610466e+03
   4.0901037e+03
   4.0178903e+03
   3.9445311e+03
   3.8701609e+03
   3.7949254e+03
   3.7189798e+03
   3.6424892e+03
   3.5656278e+03
   3.4885786e+03
   3.4115325e+03
   3.3346879e+03
   3.2582496e+03
   3.1824283e+03
   3.1074395e+03
   3.0335023e+03
   2.9608390e+03
   2.8896733e+03
   2.8202296e+03
   2.7527316e+03
   2.6874014e+03
   2.6244579e+03
   2.5641158e+03
   2.5065842e+03
   2.4520657e+03
   2.4007548e+03
   2.3528371e+03
   2.3084877e+03
   2.2678707e+03
   2.2311377e+03
   2.1984269e+03
   2.1698625e+03
   2.1455538e+03
   2.1255941e+03
   2.1100607e+03
   2.0990139e+03
   2.0924971e+03
   2.0905359e+03
   2.0931383e+03
   2.1002948e+03
   2.1119781e+03
   2.1281434e+03
   2.1487288e+03
   2.1736557e+03
   2.2028290e+03
   2.2361382e+03
   2.2734578e+03
   2.3146481e+03
   2.3595561e+03
   2.4080169e+03
   2.4598538e+03
   2.5148805e+03
   2.5729012e+03
   2.6337126e+03
   2.6971047e+03
   2.7628619e+03
   2.8307648e+03
   2.9005907e+03
   2.9721154e+03
   3.0451142e+03
   3.1193630e+03
   3.1946395e+03
   3.2707243e+03
   3.3474020e+03
   3.4244621e+03
   3.5016999e+03
   3.5789174e+03
   3.6559241e+03
   3.7325374e+03
   3.8085838e+03
   3.8838987e+03
   3.9583276e+03
   4.0317259e+03
   4.1039594e+03
   4.1749043e+03
   4.2444478e+03
   4.3124877e+03
   4.3789325e+03
   4.4437012e+03
   4.5067236e+03
   4.5679395e+03
   4.6272987e+03
   4.6847606e+03
   4.7402941e+03
   4.7938767e+03
   4.8454945e+03
   4.8951415e+03
   4.9428192e+03
   4.9885361e+03
   5.0323072e+03
   5.0741532e+03
   5.1141003e+03
   5.1521797e+03
   5.1884268e+03
   5.2228808e+03
   5.2555842e+03
   5.2865824e+03
   5.3159231e+03
   5.3436560e+03
   5.3698320e+03
   5.3945033e+03
   5.4177227e+03
   5.4395433e+03
   5.4600181e+03
   5.4791999e+03
   5.4971407e+03
   5.5138917e+03
   5.5295029e+03
   5.5440230e+03
   5.5574992e+03
   5.5699768e+03
   5.5814995e+03
   5.5921086e+03
   5.6018437e+03
   5.6107419e+03
   5.6188380e+03
   5.6261645e+03
   5.6327513e+03
   5.6386260e+03
   5.6438136e+03
   5.6483363e+03
   5.6522141e+03
   5.6554638e+03
   5.6581002e+03
   5.6601349e+03
   5.6615772e+03
   5.6624336e+03
   5.6627078e+03
   5.6624009e+03
   5.6615116e+03
   5.6600354e+03
   5.6579656e+03
   5.6552925e+03
   5.6520040e+03
   5.6480853e+03
   5.6435188e+03
   5.6382844e+03
   5.6323595e+03
   5.6257188e+03
   5.6183345e+03
   5.6101765e+03
   5.6012120e+03
   5.5914060e+03
   5.5807212e+03
   5.5691181e+03
   5.5565552e+03
   5.5429888e+03
   5.5283735e+03
   5.5126623e+03
   5.4958066e+03
   5.4777564e+03
   5.4584608e+03
   5.4378679e+03
   5.4159253e+03
   5.3925803e+03
   5.3677801e+03
   5.3414724e+03
   5.3136054e+03
   5.2841286e+03
   5.2529929e+03
   5.2201512e+03
   5.1855587e+03
   5.1491734e+03
   5.1109569e+03
   5.0708743e+03
   5.0288953e+03
   4.9849943e+03
   4.9391513e+03
   4.8913520e+03
   4.8415887e+03
   4.7898606e+03
   4.7361744e+03
   4.6805448e+03
   4.6229946e+03
   4.5635559e+03
   4.5022698e+03
   4.4391870e+03
   4.3743682e+03
   4.3078843e+03
   4.2398164e+03
   4.1702566e+03
   4.0993071e+03
   4.0270813e+03
   3.9537030e+03
   3.8793063e+03
   3.8040358e+03
   3.7280463e+03
   3.6515019e+03
   3.5745760e+03
   3.4974508e+03
   3.4203165e+03
   3.3433704e+03
   3.2668169e+03
   3.1908657e+03
   3.1157317e+03
   3.0416333e+03
   2.9687920e+03
   2.8974311e+03
   2.8277742e+03
   2.7600446e+03
   2.6944639e+03
   2.6312505e+03
   2.5706187e+03
   2.5127774e+03
   2.4579289e+03
   2.4062676e+03
   2.3579788e+03
   2.3132377e+03
   2.2722084e+03
   2.2350426e+03
   2.2018789e+03
   2.1728415e+03
   2.1480401e+03
   2.1275687e+03
   2.1115048e+03
   2.0999097e+03
   2.0928270e+03
   2.0902835e+03
   2.0922879e+03
   2.0988317e+03
   2.1098885e+03
   2.1254148e+03
   2.1453497e+03
   2.1696159e+03
   2.1981197e+03
   2.2307519e+03
   2.2673883e+03
   2.3078909e+03
   2.3521081e+03
   2.3998766e+03
   2.4510213e+03
   2.5053574e+03
   2.5626910e+03
   2.6228202e+03
   2.6855368e+03
   2.7506268e+03
   2.8178724e+03
   2.8870525e+03
   2.9579446e+03
   3.0303255e+03
   3.1039725e+03
   3.1786648e+03
   3.2541844e+03
   3.3303173e+03
   3.4068540e+03
   3.4835912e+03
   3.5603318e+03
   3.6368862e+03
   3.7130729e+03
   3.7887190e+03
   3.8636607e+03
   3.9377439e+03
   4.0108245e+03
   4.0827686e+03
   4.1534527e+03
   4.2227641e+03
   4.2906004e+03
   4.3568702e+03
   4.4214923e+03
   4.4843960e+03
   4.5455207e+03
   4.6048158e+03
   4.6622402e+03
   4.7177617e+03
   4.7713575e+03
   4.8230125e+03
   4.8727201e+03
   4.9204807e+03
   4.9663017e+03
   5.0101971e+03
   5.0521866e+03
   5.0922953e+03
   5.1305532e+03
   5.1669944e+03
   5.2016570e+03
   5.2345825e+03
   5.2658150e+03
   5.2954011e+03
   5.3233892e+03
   5.3498292e+03
   5.3747722e+03
   5.3982700e+03
   5.4203744e+03
   5.4411377e+03
   5.4606114e+03
   5.4788469e+03
   5.4958943e+03
   5.5118029e+03
   5.5266205e+03
   5.5403936e+03
   5.5531669e+03
   5.5649832e+03
   5.5758834e+03
   5.5859064e+03
   5.5950889e+03
   5.6034652e+03
   5.6110674e+03
   5.6179250e+03
   5.6240653e+03
   5.6295129e+03
   5.6342899e+03
   5.6384158e+03
   5.6419075e+03
   5.6447795e+03
   5.6470433e+03
   5.6487081e+03
   5.6497803e+03
   5.6502635e+03
