   3.2477550e+00
   3.2554856e+00
   3.2783756e+00
   3.3165425e+00
   3.3701821e+00
   3.4395681e+00
   3.5250520e+00
   3.6270627e+00
   3.7461063e+00
   3.8827651e+00
   4.0376972e+00
   4.2116354e+00
   4.4053864e+00
   4.6198289e+00
   4.8559126e+00
   5.1146556e+00
   5.3971426e+00
   5.7045219e+00
   6.0380022e+00
   6.3988493e+00
   6.7883818e+00
   7.2079666e+00
   7.6590132e+00
   8.1429687e+00
   8.6613106e+00
   9.2155404e+00
   9.8071750e+00
   1.0437739e+01
   1.1108756e+01
   1.1821737e+01
   1.2578173e+01
   1.3379519e+01
   1.4227189e+01
   1.5122537e+01
   1.6066850e+01
   1.7061329e+01
   1.8107081e+01
   1.9205101e+01
   2.0356257e+01
   2.1561279e+01
   2.2820742e+01
   2.4135052e+01
   2.5504431e+01
   2.6928904e+01
   2.8408282e+01
   2.9942153e+01
   3.1529868e+01
   3.3170526e+01
   3.4862970e+01
   3.6605769e+01
   3.8397215e+01
   4.0235316e+01
   4.2117787e+01
   4.4042050e+01
   4.6005228e+01
   4.8004149e+01
   5.0035344e+01
   5.2095053e+01
   5.4179230e+01
   5.6283552e+01
   5.8403429e+01
   6.0534016e+01
   6.2670229e+01
   6.4806763e+01
   6.6938107e+01
   6.9058572e+01
   7.1162309e+01
   7.3243335e+01
   7.5295565e+01
   7.7312833e+01
   7.9288929e+01
   8.1217627e+01
   8.3092717e+01
   8.4908040e+01
   8.6657520e+01
   8.8335201e+01
   8.9935275e+01
   9.1452125e+01
   9.2880347e+01
   9.4214793e+01
   9.5450595e+01
   9.6583198e+01
   9.7608389e+01
   9.8522322e+01
   9.9321543e+01
   1.0000301e+02
   1.0056412e+02
   1.0100271e+02
   1.0131710e+02
   1.0150607e+02
   1.0156888e+02
   1.0150530e+02
   1.0131556e+02
   1.0100040e+02
   1.0056105e+02
   9.9999189e+01
   9.9316982e+01
   9.8517036e+01
   9.7602393e+01
   9.6576510e+01
   9.5443234e+01
   9.4206782e+01
   9.2871708e+01
   9.1442882e+01
   8.9925456e+01
   8.8324831e+01
   8.6646630e+01
   8.4896657e+01
   8.3080873e+01
   8.1205353e+01
   7.9276257e+01
   7.7299795e+01
   7.5282192e+01
   7.3229661e+01
   7.1148366e+01
   6.9044393e+01
   6.6923724e+01
   6.4792207e+01
   6.2655533e+01
   6.0519209e+01
   5.8388542e+01
   5.6268615e+01
   5.4164271e+01
   5.2080099e+01
   5.0020422e+01
   4.7989285e+01
   4.5990446e+01
   4.4027373e+01
   4.2103237e+01
   4.0220914e+01
   3.8382981e+01
   3.6591721e+01
   3.4849126e+01
   3.3156902e+01
   3.1516478e+01
   2.9929012e+01
   2.8395402e+01
   2.6916297e+01
   2.5492107e+01
   2.4123021e+01
   2.2809011e+01
   2.1549856e+01
   2.0345148e+01
   1.9194312e+01
   1.8096618e+01
   1.7051195e+01
   1.6057047e+01
   1.5113070e+01
   1.4218058e+01
   1.3370727e+01
   1.2569720e+01
   1.1813625e+01
   1.1100983e+01
   1.0430306e+01
   9.8000810e+00
   9.2087844e+00
   8.6548917e+00
   8.1368853e+00
   7.6532640e+00
   7.2025498e+00
   6.7832959e+00
   6.3940923e+00
   6.0335724e+00
   5.7004175e+00
   5.3933619e+00
   5.1111968e+00
   4.8527741e+00
   4.6170091e+00
   4.4028839e+00
   4.2094489e+00
   4.0358256e+00
   3.8812075e+00
   3.7448619e+00
   3.6261310e+00
   3.5244325e+00
   3.4392607e+00
   3.3701869e+00
   3.3168599e+00
   3.2790061e+00
   3.2564301e+00
   3.2490146e+00
   3.2567205e+00
   3.2795873e+00
   3.3177323e+00
   3.3713513e+00
   3.4407181e+00
   3.5261842e+00
   3.6281784e+00
   3.7472068e+00
   3.8838518e+00
   4.0387714e+00
   4.2126985e+00
   4.4064397e+00
   4.6208738e+00
   4.8569504e+00
   5.1156876e+00
   5.3981701e+00
   5.7055461e+00
   6.0390244e+00
   6.3998707e+00
   6.7894035e+00
   7.2089897e+00
   7.6600388e+00
   8.1439977e+00
   8.6623439e+00
   9.2165787e+00
   9.8082192e+00
   1.0438790e+01
   1.1109814e+01
   1.1822802e+01
   1.2579245e+01
   1.3380599e+01
   1.4228276e+01
   1.5123632e+01
   1.6067952e+01
   1.7062438e+01
   1.8108196e+01
   1.9206221e+01
   2.0357381e+01
   2.1562406e+01
   2.2821871e+01
   2.4136181e+01
   2.5505559e+01
   2.6930028e+01
   2.8409400e+01
   2.9943264e+01
   3.1530969e+01
   3.3171616e+01
   3.4864045e+01
   3.6606827e+01
   3.8398254e+01
   4.0236332e+01
   4.2118778e+01
   4.4043013e+01
   4.6006161e+01
   4.8005048e+01
   5.0036207e+01
   5.2095876e+01
   5.4180011e+01
   5.6284288e+01
   5.8404118e+01
   6.0534655e+01
   6.2670816e+01
   6.4807295e+01
   6.6938583e+01
   6.9058990e+01
   7.1162666e+01
   7.3243630e+01
   7.5295795e+01
   7.7312998e+01
   7.9289028e+01
   8.1217658e+01
   8.3092679e+01
   8.4907932e+01
   8.6657341e+01
   8.8334951e+01
   8.9934954e+01
   9.1451731e+01
   9.2879881e+01
   9.4214254e+01
   9.5449984e+01
   9.6582514e+01
   9.7607633e+01
   9.8521493e+01
   9.9320641e+01
   1.0000204e+02
   1.0056307e+02
   1.0100159e+02
   1.0131591e+02
   1.0150480e+02
   1.0156754e+02
   1.0150389e+02
   1.0131408e+02
   1.0099885e+02
   1.0055942e+02
   9.9997493e+01
   9.9315214e+01
   9.8515197e+01
   9.7600484e+01
   9.6574530e+01
   9.5441184e+01
   9.4204661e+01
   9.2869518e+01
   9.1440623e+01
   8.9923129e+01
   8.8322437e+01
   8.6644169e+01
   8.4894131e+01
   8.3078283e+01
   8.1202700e+01
   7.9273543e+01
   7.7297021e+01
   7.5279362e+01
   7.3226776e+01
   7.1145427e+01
   6.9041404e+01
   6.6920688e+01
   6.4789126e+01
   6.2652410e+01
   6.0516048e+01
   5.8385346e+01
   5.6265387e+01
   5.4161015e+01
   5.2076819e+01
   5.0017122e+01
   4.7985968e+01
   4.5987117e+01
   4.4024035e+01
   4.2099895e+01
   4.0217572e+01
   3.8379642e+01
   3.6588390e+01
   3.4845806e+01
   3.3153598e+01
   3.1513193e+01
   2.9925750e+01
   2.8392165e+01
   2.6913089e+01
   2.5488933e+01
   2.4119882e+01
   2.2805911e+01
   2.1546797e+01
   2.0342132e+01
   1.9191342e+01
   1.8093696e+01
   1.7048322e+01
   1.6054226e+01
   1.5110301e+01
   1.4215343e+01
   1.3368067e+01
   1.2567115e+01
   1.1811076e+01
   1.1098491e+01
   1.0427870e+01
   9.7977012e+00
   9.2064610e+00
   8.6526242e+00
   8.1346733e+00
   7.6511068e+00
   7.2004468e+00
   6.7812461e+00
   6.3920948e+00
   6.0316260e+00
   5.6985211e+00
   5.3915143e+00
   5.1093967e+00
   4.8510201e+00
   4.6152999e+00
   4.4012180e+00
   4.2078249e+00
   4.0342420e+00
   3.8796629e+00
   3.7433547e+00
   3.6246598e+00
   3.5229958e+00
   3.4378571e+00
   3.3688149e+00
   3.3155181e+00
   3.2776931e+00
   3.2551445e+00
   3.2477550e+00
