   8.8701746e+01
   8.8991434e+01
   8.9879539e+01
   9.1366550e+01
   9.3453277e+01
   9.6140853e+01
   9.9430741e+01
   1.0332473e+02
   1.0782494e+02
   1.1293382e+02
   1.1865417e+02
   1.2498910e+02
   1.3194209e+02
   1.3951691e+02
   1.4771770e+02
   1.5654892e+02
   1.6601534e+02
   1.7612209e+02
   1.8687455e+02
   1.9827846e+02
   2.1033981e+02
   2.2306486e+02
   2.3646012e+02
   2.5053232e+02
   2.6528839e+02
   2.8073537e+02
   2.9688045e+02
   3.1373084e+02
   3.3129376e+02
   3.4957636e+02
   3.6858564e+02
   3.8832835e+02
   4.0881093e+02
   4.3003939e+02
   4.5201916e+02
   4.7475501e+02
   4.9825091e+02
   5.2250983e+02
   5.4753365e+02
   5.7332293e+02
   5.9987676e+02
   6.2719260e+02
   6.5526601e+02
   6.8409052e+02
   7.1365738e+02
   7.4395536e+02
   7.7497053e+02
   8.0668607e+02
   8.3908204e+02
   8.7213517e+02
   9.0581867e+02
   9.4010207e+02
   9.7495100e+02
   1.0103271e+03
   1.0461877e+03
   1.0824861e+03
   1.1191710e+03
   1.1561869e+03
   1.1934737e+03
   1.2309669e+03
   1.2685976e+03
   1.3062928e+03
   1.3439751e+03
   1.3815634e+03
   1.4189725e+03
   1.4561140e+03
   1.4928962e+03
   1.5292246e+03
   1.5650022e+03
   1.6001302e+03
   1.6345080e+03
   1.6680342e+03
   1.7006070e+03
   1.7321245e+03
   1.7624857e+03
   1.7915908e+03
   1.8193420e+03
   1.8456441e+03
   1.8704050e+03
   1.8935367e+03
   1.9149554e+03
   1.9345825e+03
   1.9523450e+03
   1.9681759e+03
   1.9820151e+03
   1.9938095e+03
   2.0035134e+03
   2.0110891e+03
   2.0165072e+03
   2.0197462e+03
   2.0207938e+03
   2.0196457e+03
   2.0163068e+03
   2.0107904e+03
   2.0031183e+03
   1.9933208e+03
   1.9814363e+03
   1.9675110e+03
   1.9515984e+03
   1.9337595e+03
   1.9140615e+03
   1.8925780e+03
   1.8693879e+03
   1.8445753e+03
   1.8182286e+03
   1.7904401e+03
   1.7613051e+03
   1.7309215e+03
   1.6993891e+03
   1.6668090e+03
   1.6332828e+03
   1.5989125e+03
   1.5637991e+03
   1.5280430e+03
   1.4917429e+03
   1.4549952e+03
   1.4178943e+03
   1.3805314e+03
   1.3429945e+03
   1.3053684e+03
   1.2677337e+03
   1.2301674e+03
   1.1927420e+03
   1.1555260e+03
   1.1185834e+03
   1.0819736e+03
   1.0457520e+03
   1.0099692e+03
   9.7467156e+02
   9.3990131e+02
   9.0569641e+02
   8.7209084e+02
   8.3911473e+02
   8.0679455e+02
   7.7515324e+02
   7.4421048e+02
   7.1398285e+02
   6.8448406e+02
   6.5572514e+02
   6.2771467e+02
   6.0045901e+02
   5.7396246e+02
   5.4822749e+02
   5.2325496e+02
   4.9904424e+02
   4.7559346e+02
   4.5289963e+02
   4.3095882e+02
   4.0976630e+02
   3.8931665e+02
   3.6960396e+02
   3.5062186e+02
   3.3236368e+02
   3.1482250e+02
   2.9799128e+02
   2.8186291e+02
   2.6643028e+02
   2.5168632e+02
   2.3762409e+02
   2.2423678e+02
   2.1151777e+02
   1.9946067e+02
   1.8805932e+02
   1.7730782e+02
   1.6720058e+02
   1.5773227e+02
   1.4889789e+02
   1.4069275e+02
   1.3311246e+02
   1.2615300e+02
   1.1981063e+02
   1.1408197e+02
   1.0896396e+02
   1.0445387e+02
   1.0054930e+02
   9.7248180e+01
   9.4548766e+01
   9.2449633e+01
   9.0949680e+01
   9.0048125e+01
   8.9744503e+01
   9.0038667e+01
   9.0930783e+01
   9.2421336e+01
   9.4511126e+01
   9.7201273e+01
   1.0049322e+02
   1.0438873e+02
   1.0888988e+02
   1.1399911e+02
   1.1971914e+02
   1.2605306e+02
   1.3300426e+02
   1.4057648e+02
   1.4877377e+02
   1.5760052e+02
   1.6706143e+02
   1.7716151e+02
   1.8790609e+02
   1.9930078e+02
   2.1135147e+02
   2.2406431e+02
   2.3744572e+02
   2.5150231e+02
   2.6624087e+02
   2.8166835e+02
   2.9779181e+02
   3.1461835e+02
   3.3215508e+02
   3.5040904e+02
   3.6938711e+02
   3.8909596e+02
   4.0954195e+02
   4.3073099e+02
   4.5266846e+02
   4.7535908e+02
   4.9880678e+02
   5.2301452e+02
   5.4798416e+02
   5.7371631e+02
   6.0021011e+02
   6.2746306e+02
   6.5547085e+02
   6.8422711e+02
   7.1372326e+02
   7.4394823e+02
   7.7488833e+02
   8.0652697e+02
   8.3884448e+02
   8.7181789e+02
   9.0542075e+02
   9.3962294e+02
   9.7439048e+02
   1.0096854e+03
   1.0454655e+03
   1.0816845e+03
   1.1182917e+03
   1.1552318e+03
   1.1924455e+03
   1.2298686e+03
   1.2674328e+03
   1.3050656e+03
   1.3426901e+03
   1.3802255e+03
   1.4175873e+03
   1.4546875e+03
   1.4914347e+03
   1.5277349e+03
   1.5634915e+03
   1.5986057e+03
   1.6329776e+03
   1.6665057e+03
   1.6990884e+03
   1.7306241e+03
   1.7610115e+03
   1.7901511e+03
   1.8179449e+03
   1.8442975e+03
   1.8691168e+03
   1.8923144e+03
   1.9138061e+03
   1.9335130e+03
   1.9513617e+03
   1.9672847e+03
   1.9812213e+03
   1.9931178e+03
   2.0029280e+03
   2.0106134e+03
   2.0161440e+03
   2.0194976e+03
   2.0206611e+03
   2.0196296e+03
   2.0164071e+03
   2.0110062e+03
   2.0034481e+03
   1.9937623e+03
   1.9819865e+03
   1.9681662e+03
   1.9523545e+03
   1.9346116e+03
   1.9150043e+03
   1.8936056e+03
   1.8704941e+03
   1.8457534e+03
   1.8194717e+03
   1.7917409e+03
   1.7626561e+03
   1.7323152e+03
   1.7008178e+03
   1.6682650e+03
   1.6347586e+03
   1.6004002e+03
   1.5652915e+03
   1.5295327e+03
   1.4932228e+03
   1.4564587e+03
   1.4193347e+03
   1.3819427e+03
   1.3443709e+03
   1.3067045e+03
   1.2690246e+03
   1.2314085e+03
   1.1939292e+03
   1.1566556e+03
   1.1196522e+03
   1.0829789e+03
   1.0466913e+03
   1.0108406e+03
   9.7547368e+02
   9.4063298e+02
   9.0635691e+02
   8.7267982e+02
   8.3963218e+02
   8.0724076e+02
   7.7552882e+02
   7.4451631e+02
   7.1422004e+02
   6.8465395e+02
   6.5582926e+02
   6.2775474e+02
   6.0043687e+02
   5.7388008e+02
   5.4808696e+02
   5.2305843e+02
   4.9879393e+02
   4.7529161e+02
   4.5254853e+02
   4.3056074e+02
   4.0932350e+02
   3.8883140e+02
   3.6907847e+02
   3.5005829e+02
   3.3176415e+02
   3.1418907e+02
   2.9732593e+02
   2.8116757e+02
   2.6570677e+02
   2.5093641e+02
   2.3684944e+02
   2.2343900e+02
   2.1069836e+02
   1.9862106e+02
   1.8720086e+02
   1.7643178e+02
   1.6630814e+02
   1.5682455e+02
   1.4797593e+02
   1.3975752e+02
   1.3216488e+02
   1.2519390e+02
   1.1884082e+02
   1.1310218e+02
   1.0797488e+02
   1.0345616e+02
   9.9543557e+01
   9.6234982e+01
   9.3528654e+01
   9.1423127e+01
   8.9917277e+01
   8.9010309e+01
   8.8701746e+01
