   2.6268266e+00
   2.6330388e+00
   2.6515020e+00
   2.6823165e+00
   2.7256496e+00
   2.7817356e+00
   2.8508752e+00
   2.9334354e+00
   3.0298496e+00
   3.1406169e+00
   3.2663014e+00
   3.4075321e+00
   3.5650016e+00
   3.7394653e+00
   3.9317401e+00
   4.1427029e+00
   4.3732887e+00
   4.6244886e+00
   4.8973471e+00
   5.1929596e+00
   5.5124682e+00
   5.8570590e+00
   6.2279567e+00
   6.6264206e+00
   7.0537386e+00
   7.5112219e+00
   8.0001976e+00
   8.5220024e+00
   9.0779742e+00
   9.6694443e+00
   1.0297728e+01
   1.0964115e+01
   1.1669861e+01
   1.2416173e+01
   1.3204203e+01
   1.4035033e+01
   1.4909666e+01
   1.5829010e+01
   1.6793868e+01
   1.7804925e+01
   1.8862735e+01
   1.9967706e+01
   2.1120092e+01
   2.2319976e+01
   2.3567258e+01
   2.4861647e+01
   2.6202646e+01
   2.7589543e+01
   2.9021401e+01
   3.0497048e+01
   3.2015073e+01
   3.3573814e+01
   3.5171359e+01
   3.6805536e+01
   3.8473917e+01
   4.0173812e+01
   4.1902273e+01
   4.3656097e+01
   4.5431831e+01
   4.7225776e+01
   4.9034001e+01
   5.0852349e+01
   5.2676453e+01
   5.4501747e+01
   5.6323487e+01
   5.8136768e+01
   5.9936542e+01
   6.1717643e+01
   6.3474810e+01
   6.5202709e+01
   6.6895964e+01
   6.8549182e+01
   7.0156981e+01
   7.1714020e+01
   7.3215025e+01
   7.4654827e+01
   7.6028382e+01
   7.7330807e+01
   7.8557408e+01
   7.9703708e+01
   8.0765472e+01
   8.1738738e+01
   8.2619839e+01
   8.3405428e+01
   8.4092497e+01
   8.4678399e+01
   8.5160865e+01
   8.5538015e+01
   8.5808378e+01
   8.5970894e+01
   8.6024924e+01
   8.5970257e+01
   8.5807106e+01
   8.5536113e+01
   8.5158337e+01
   8.4675254e+01
   8.4088743e+01
   8.3401077e+01
   8.2614904e+01
   8.1733233e+01
   8.0759414e+01
   7.9697114e+01
   7.8550298e+01
   7.7323201e+01
   7.6020301e+01
   7.4646293e+01
   7.3206063e+01
   7.1704653e+01
   7.0147236e+01
   6.8539083e+01
   6.6885538e+01
   6.5191982e+01
   6.3463809e+01
   6.1706395e+01
   5.9925075e+01
   5.8125108e+01
   5.6311661e+01
   5.4489780e+01
   5.2664372e+01
   5.0840181e+01
   4.9021769e+01
   4.7213505e+01
   4.5419544e+01
   4.3643818e+01
   4.1890024e+01
   4.0161613e+01
   3.8461789e+01
   3.6793497e+01
   3.5159427e+01
   3.3562007e+01
   3.2003406e+01
   3.0485537e+01
   2.9010059e+01
   2.7578384e+01
   2.6191681e+01
   2.4850886e+01
   2.3556712e+01
   2.2309652e+01
   2.1109999e+01
   1.9957851e+01
   1.8853122e+01
   1.7795561e+01
   1.6784756e+01
   1.5820153e+01
   1.4901067e+01
   1.4026694e+01
   1.3196125e+01
   1.2408357e+01
   1.1662306e+01
   1.0956822e+01
   1.0290695e+01
   9.6626699e+00
   9.0714566e+00
   8.5157393e+00
   7.9941866e+00
   7.5054601e+00
   7.0482230e+00
   6.6211478e+00
   6.2229234e+00
   5.8522616e+00
   5.5079030e+00
   5.1886228e+00
   4.8932350e+00
   4.6205972e+00
   4.3696142e+00
   4.1392414e+00
   3.9284879e+00
   3.7364186e+00
   3.5621566e+00
   3.4048853e+00
   3.2638492e+00
   3.1383558e+00
   3.0277763e+00
   2.9315467e+00
   2.8491680e+00
   2.7802070e+00
   2.7242968e+00
   2.6811367e+00
   2.6504927e+00
   2.6321978e+00
   2.6261514e+00
   2.6323204e+00
   2.6507380e+00
   2.6815049e+00
   2.7247884e+00
   2.7808224e+00
   2.8499078e+00
   2.9324116e+00
   3.0287672e+00
   3.1394735e+00
   3.2650947e+00
   3.4062599e+00
   3.5636614e+00
   3.7380549e+00
   3.9302571e+00
   4.1411450e+00
   4.3716536e+00
   4.6227739e+00
   4.8955507e+00
   5.1910791e+00
   5.5105016e+00
   5.8550039e+00
   6.2258112e+00
   6.6241826e+00
   7.0514063e+00
   7.5087933e+00
   7.9976710e+00
   8.5193762e+00
   9.0752470e+00
   9.6666147e+00
   1.0294795e+01
   1.0961078e+01
   1.1666718e+01
   1.2412924e+01
   1.3200847e+01
   1.4031571e+01
   1.4906098e+01
   1.5825336e+01
   1.6790089e+01
   1.7801041e+01
   1.8858748e+01
   1.9963618e+01
   2.1115905e+01
   2.2315691e+01
   2.3562878e+01
   2.4857176e+01
   2.6198087e+01
   2.7584899e+01
   2.9016676e+01
   3.0492247e+01
   3.2010201e+01
   3.3568876e+01
   3.5166361e+01
   3.6800484e+01
   3.8468817e+01
   4.0168671e+01
   4.1897098e+01
   4.3650896e+01
   4.5426610e+01
   4.7220544e+01
   4.9028767e+01
   5.0847120e+01
   5.2671238e+01
   5.4496555e+01
   5.6318327e+01
   5.8131649e+01
   5.9931472e+01
   6.1712632e+01
   6.3469866e+01
   6.5197842e+01
   6.6891183e+01
   6.8544496e+01
   7.0152397e+01
   7.1709546e+01
   7.3210671e+01
   7.4650598e+01
   7.6024287e+01
   7.7326852e+01
   7.8553600e+01
   7.9700052e+01
   8.0761973e+01
   8.1735401e+01
   8.2616669e+01
   8.3402428e+01
   8.4089671e+01
   8.4675748e+01
   8.5158391e+01
   8.5535720e+01
   8.5806261e+01
   8.5968955e+01
   8.6023162e+01
   8.5968671e+01
   8.5805694e+01
   8.5534871e+01
   8.5157263e+01
   8.4674343e+01
   8.4087992e+01
   8.3400480e+01
   8.2614455e+01
   8.1732927e+01
   8.0759245e+01
   7.9697075e+01
   7.8550383e+01
   7.7323402e+01
   7.6020610e+01
   7.4646705e+01
   7.3206569e+01
   7.1705245e+01
   7.0147906e+01
   6.8539825e+01
   6.6886343e+01
   6.5192843e+01
   6.3464718e+01
   6.1707347e+01
   5.9926060e+01
   5.8126121e+01
   5.6312696e+01
   5.4490831e+01
   5.2665432e+01
   5.0841244e+01
   4.9022832e+01
   4.7214561e+01
   4.5420590e+01
   4.3644849e+01
   4.1891036e+01
   4.0162604e+01
   3.8462755e+01
   3.6794436e+01
   3.5160337e+01
   3.3562885e+01
   3.2004251e+01
   3.0486348e+01
   2.9010836e+01
   2.7579125e+01
   2.6192386e+01
   2.4851556e+01
   2.3557345e+01
   2.2310251e+01
   2.1110564e+01
   1.9958381e+01
   1.8853621e+01
   1.7796028e+01
   1.6785193e+01
   1.5820562e+01
   1.4901449e+01
   1.4027051e+01
   1.3196459e+01
   1.2408669e+01
   1.1662599e+01
   1.0957097e+01
   1.0290954e+01
   9.6629156e+00
   9.0716905e+00
   8.5159635e+00
   7.9944030e+00
   7.5056707e+00
   7.0484298e+00
   6.6213527e+00
   6.2231284e+00
   5.8524686e+00
   5.5081139e+00
   5.1888395e+00
   4.8934593e+00
   4.6208309e+00
   4.3698592e+00
   4.1394996e+00
   3.9287610e+00
   3.7367084e+00
   3.5624650e+00
   3.4052139e+00
   3.2641999e+00
   3.1387305e+00
   3.0281768e+00
   2.9319748e+00
   2.8496255e+00
   2.7806959e+00
   2.7248190e+00
   2.6816941e+00
   2.6510874e+00
   2.6328316e+00
   2.6268266e+00
