   2.6300458e-08
   5.7619662e-07
   2.1409346e-06
   4.7307763e-06
   8.3429998e-06
   1.2973301e-05
   1.8616104e-05
   2.5264604e-05
   3.2910776e-05
   4.1545389e-05
   5.1158018e-05
   6.1737056e-05
   7.3269727e-05
   8.5742100e-05
   9.9139110e-05
   1.1344457e-04
   1.2864119e-04
   1.4471061e-04
   1.6163341e-04
   1.7938911e-04
   1.9795626e-04
   2.1731240e-04
   2.3743410e-04
   2.5829703e-04
   2.7987592e-04
   3.0214467e-04
   3.2507630e-04
   3.4864304e-04
   3.7281633e-04
   3.9756690e-04
   4.2286473e-04
   4.4867915e-04
   4.7497885e-04
   5.0173193e-04
   5.2890592e-04
   5.5646783e-04
   5.8438421e-04
   6.1262113e-04
   6.4114429e-04
   6.6991903e-04
   6.9891036e-04
   7.2808302e-04
   7.5740152e-04
   7.8683018e-04
   8.1633318e-04
   8.4587459e-04
   8.7541842e-04
   9.0492868e-04
   9.3436939e-04
   9.6370466e-04
   9.9289870e-04
   1.0219159e-03
   1.0507208e-03
   1.0792783e-03
   1.1075535e-03
   1.1355119e-03
   1.1631192e-03
   1.1903417e-03
   1.2171462e-03
   1.2434999e-03
   1.2693705e-03
   1.2947263e-03
   1.3195364e-03
   1.3437703e-03
   1.3673983e-03
   1.3903916e-03
   1.4127219e-03
   1.4343618e-03
   1.4552848e-03
   1.4754653e-03
   1.4948785e-03
   1.5135006e-03
   1.5313087e-03
   1.5482810e-03
   1.5643966e-03
   1.5796358e-03
   1.5939798e-03
   1.6074111e-03
   1.6199130e-03
   1.6314703e-03
   1.6420687e-03
   1.6516953e-03
   1.6603382e-03
   1.6679867e-03
   1.6746316e-03
   1.6802645e-03
   1.6848785e-03
   1.6884681e-03
   1.6910288e-03
   1.6925574e-03
   1.6930520e-03
   1.6925121e-03
   1.6909384e-03
   1.6883326e-03
   1.6846981e-03
   1.6800394e-03
   1.6743620e-03
   1.6676731e-03
   1.6599809e-03
   1.6512947e-03
   1.6416254e-03
   1.6309847e-03
   1.6193857e-03
   1.6068427e-03
   1.5933712e-03
   1.5789876e-03
   1.5637096e-03
   1.5475560e-03
   1.5305466e-03
   1.5127024e-03
   1.4940451e-03
   1.4745977e-03
   1.4543841e-03
   1.4334290e-03
   1.4117582e-03
   1.3893982e-03
   1.3663765e-03
   1.3427212e-03
   1.3184613e-03
   1.2936265e-03
   1.2682473e-03
   1.2423548e-03
   1.2159805e-03
   1.1891568e-03
   1.1619165e-03
   1.1342929e-03
   1.1063198e-03
   1.0780313e-03
   1.0494620e-03
   1.0206468e-03
   9.9162095e-04
   9.6241976e-04
   9.3307891e-04
   9.0363418e-04
   8.7412147e-04
   8.4457677e-04
   8.1503607e-04
   7.8553536e-04
   7.5611055e-04
   7.2679749e-04
   6.9763182e-04
   6.6864904e-04
   6.3988440e-04
   6.1137286e-04
   5.8314908e-04
   5.5524736e-04
   5.2770157e-04
   5.0054518e-04
   4.7381114e-04
   4.4753190e-04
   4.2173934e-04
   3.9646474e-04
   3.7173874e-04
   3.4759132e-04
   3.2405175e-04
   3.0114853e-04
   2.7890940e-04
   2.5736130e-04
   2.3653032e-04
   2.1644166e-04
   1.9711962e-04
   1.7858760e-04
   1.6086799e-04
   1.4398223e-04
   1.2795073e-04
   1.1279287e-04
   9.8526972e-05
   8.5170271e-05
   7.2738904e-05
   6.1247889e-05
   5.0711105e-05
   4.1141277e-05
   3.2549960e-05
   2.4947527e-05
   1.8343155e-05
   1.2744813e-05
   8.1592517e-06
   4.5919864e-06
   2.0472421e-06
   5.2748073e-07
   1.2263264e-08
   5.7314719e-07
   2.1382107e-06
   4.7282445e-06
   8.3406462e-06
   1.2971125e-05
   1.8614109e-05
   2.5262790e-05
   3.2909146e-05
   4.1543943e-05
   5.1156757e-05
   6.1735978e-05
   7.3268831e-05
   8.5741383e-05
   9.9138568e-05
   1.1344420e-04
   1.2864099e-04
   1.4471057e-04
   1.6163351e-04
   1.7938936e-04
   1.9795665e-04
   2.1731291e-04
   2.3743473e-04
   2.5829776e-04
   2.7987675e-04
   3.0214557e-04
   3.2507727e-04
   3.4864406e-04
   3.7281740e-04
   3.9756799e-04
   4.2286583e-04
   4.4868025e-04
   4.7497993e-04
   5.0173297e-04
   5.2890691e-04
   5.5646876e-04
   5.8438504e-04
   6.1262186e-04
   6.4114491e-04
   6.6991951e-04
   6.9891068e-04
   7.2808317e-04
   7.5740148e-04
   7.8682994e-04
   8.1633272e-04
   8.4587390e-04
   8.7541748e-04
   9.0492748e-04
   9.3436791e-04
   9.6370288e-04
   9.9289661e-04
   1.0219135e-03
   1.0507181e-03
   1.0792752e-03
   1.1075501e-03
   1.1355080e-03
   1.1631150e-03
   1.1903372e-03
   1.2171413e-03
   1.2434945e-03
   1.2693647e-03
   1.2947201e-03
   1.3195298e-03
   1.3437633e-03
   1.3673909e-03
   1.3903837e-03
   1.4127135e-03
   1.4343530e-03
   1.4552756e-03
   1.4754557e-03
   1.4948685e-03
   1.5134902e-03
   1.5312979e-03
   1.5482698e-03
   1.5643850e-03
   1.5796238e-03
   1.5939674e-03
   1.6073983e-03
   1.6198999e-03
   1.6314568e-03
   1.6420549e-03
   1.6516812e-03
   1.6603238e-03
   1.6679720e-03
   1.6746166e-03
   1.6802492e-03
   1.6848631e-03
   1.6884524e-03
   1.6910129e-03
   1.6925413e-03
   1.6930358e-03
   1.6924957e-03
   1.6909218e-03
   1.6883160e-03
   1.6846814e-03
   1.6800226e-03
   1.6743452e-03
   1.6676563e-03
   1.6599640e-03
   1.6512779e-03
   1.6416086e-03
   1.6309680e-03
   1.6193691e-03
   1.6068263e-03
   1.5933548e-03
   1.5789714e-03
   1.5636936e-03
   1.5475402e-03
   1.5305310e-03
   1.5126870e-03
   1.4940300e-03
   1.4745829e-03
   1.4543695e-03
   1.4334148e-03
   1.4117443e-03
   1.3893847e-03
   1.3663633e-03
   1.3427083e-03
   1.3184488e-03
   1.2936145e-03
   1.2682357e-03
   1.2423435e-03
   1.2159697e-03
   1.1891464e-03
   1.1619066e-03
   1.1342834e-03
   1.1063108e-03
   1.0780227e-03
   1.0494539e-03
   1.0206392e-03
   9.9161379e-04
   9.6241307e-04
   9.3307269e-04
   9.0362843e-04
   8.7411620e-04
   8.4457196e-04
   8.1503172e-04
   7.8553146e-04
   7.5610711e-04
   7.2679448e-04
   6.9762925e-04
   6.6864690e-04
   6.3988268e-04
   6.1137154e-04
   5.8314816e-04
   5.5524682e-04
   5.2770141e-04
   5.0054537e-04
   4.7381168e-04
   4.4753277e-04
   4.2174052e-04
   3.9646622e-04
   3.7174051e-04
   3.4759336e-04
   3.2405403e-04
   3.0115104e-04
   2.7891214e-04
   2.5736424e-04
   2.3653344e-04
   2.1644494e-04
   1.9712305e-04
   1.7859115e-04
   1.6087166e-04
   1.4398599e-04
   1.2795457e-04
   1.1279677e-04
   9.8530914e-05
   8.5174239e-05
   7.2742883e-05
   6.1251862e-05
   5.0715058e-05
   4.1145195e-05
   3.2553829e-05
   2.4951334e-05
   1.8346887e-05
   1.2748461e-05
   8.1628077e-06
   4.5954498e-06
   2.0506363e-06
   5.3100024e-07
   2.6300458e-08
