   5.8522385e+01
   5.8589545e+01
   5.8790133e+01
   5.9123288e+01
   5.9587608e+01
   6.0181192e+01
   6.0901720e+01
   6.1746531e+01
   6.2712738e+01
   6.3797352e+01
   6.4997424e+01
   6.6310208e+01
   6.7733339e+01
   6.9265024e+01
   7.0904252e+01
   7.2651016e+01
   7.4506540e+01
   7.6473528e+01
   7.8556408e+01
   8.0761590e+01
   8.3097724e+01
   8.5575959e+01
   8.8210198e+01
   9.1017345e+01
   9.4017547e+01
   9.7234416e+01
   1.0069524e+02
   1.0443115e+02
   1.0847730e+02
   1.1287297e+02
   1.1766167e+02
   1.2289117e+02
   1.2861348e+02
   1.3488484e+02
   1.4176555e+02
   1.4931984e+02
   1.5761559e+02
   1.6672405e+02
   1.7671943e+02
   1.8767848e+02
   1.9967987e+02
   2.1280368e+02
   2.2713064e+02
   2.4274137e+02
   2.5971555e+02
   2.7813104e+02
   2.9806283e+02
   3.1958211e+02
   3.4275509e+02
   3.6764197e+02
   3.9429574e+02
   4.2276106e+02
   4.5307307e+02
   4.8525624e+02
   5.1932331e+02
   5.5527416e+02
   5.9309483e+02
   6.3275661e+02
   6.7421520e+02
   7.1741003e+02
   7.6226367e+02
   8.0868142e+02
   8.5655109e+02
   9.0574289e+02
   9.5610958e+02
   1.0074868e+03
   1.0596937e+03
   1.1125333e+03
   1.1657941e+03
   1.2192507e+03
   1.2726656e+03
   1.3257903e+03
   1.3783675e+03
   1.4301331e+03
   1.4808178e+03
   1.5301499e+03
   1.5778574e+03
   1.6236703e+03
   1.6673232e+03
   1.7085580e+03
   1.7471260e+03
   1.7827908e+03
   1.8153301e+03
   1.8445385e+03
   1.8702295e+03
   1.8922371e+03
   1.9104179e+03
   1.9246526e+03
   1.9348472e+03
   1.9409340e+03
   1.9428724e+03
   1.9406493e+03
   1.9342792e+03
   1.9238042e+03
   1.9092933e+03
   1.8908420e+03
   1.8685710e+03
   1.8426248e+03
   1.8131705e+03
   1.7803960e+03
   1.7445077e+03
   1.7057287e+03
   1.6642965e+03
   1.6204603e+03
   1.5744791e+03
   1.5266186e+03
   1.4771494e+03
   1.4263438e+03
   1.3744737e+03
   1.3218083e+03
   1.2686120e+03
   1.2151418e+03
   1.1616458e+03
   1.1083614e+03
   1.0555134e+03
   1.0033130e+03
   9.5195632e+02
   9.0162361e+02
   8.5247849e+02
   8.0466738e+02
   7.5831922e+02
   7.1354531e+02
   6.7043940e+02
   6.2907797e+02
   5.8952064e+02
   5.5181072e+02
   5.1597598e+02
   4.8202941e+02
   4.4997020e+02
   4.1978471e+02
   3.9144758e+02
   3.6492283e+02
   3.4016503e+02
   3.1712043e+02
   2.9572815e+02
   2.7592132e+02
   2.5762820e+02
   2.4077324e+02
   2.2527816e+02
   2.1106286e+02
   1.9804636e+02
   1.8614766e+02
   1.7528648e+02
   1.6538392e+02
   1.5636316e+02
   1.4814990e+02
   1.4067287e+02
   1.3386421e+02
   1.2765974e+02
   1.2199927e+02
   1.1682668e+02
   1.1209010e+02
   1.0774196e+02
   1.0373895e+02
   1.0004200e+02
   9.6616179e+01
   9.3430600e+01
   9.0458216e+01
   8.7675662e+01
   8.5063039e+01
   8.2603683e+01
   8.0283932e+01
   7.8092866e+01
   7.6022057e+01
   7.4065303e+01
   7.2218374e+01
   7.0478750e+01
   6.8845376e+01
   6.7318412e+01
   6.5899009e+01
   6.4589077e+01
   6.3391090e+01
   6.2307881e+01
   6.1342472e+01
   6.0497910e+01
   5.9777124e+01
   5.9182799e+01
   5.8717273e+01
   5.8382441e+01
   5.8179696e+01
   5.8109873e+01
   5.8173223e+01
   5.8369402e+01
   5.8697485e+01
   5.9155989e+01
   5.9742932e+01
   6.0455895e+01
   6.1292114e+01
   6.2248589e+01
   6.3322207e+01
   6.4509890e+01
   6.5808753e+01
   6.7216287e+01
   6.8730546e+01
   7.0350364e+01
   7.2075571e+01
   7.3907227e+01
   7.5847867e+01
   7.7901751e+01
   8.0075123e+01
   8.2376468e+01
   8.4816775e+01
   8.7409792e+01
   9.0172279e+01
   9.3124250e+01
   9.6289196e+01
   9.9694301e+01
   1.0337062e+02
   1.0735324e+02
   1.1168142e+02
   1.1639864e+02
   1.2155271e+02
   1.2719571e+02
   1.3338395e+02
   1.4017790e+02
   1.4764196e+02
   1.5584424e+02
   1.6485627e+02
   1.7475259e+02
   1.8561031e+02
   1.9750855e+02
   2.1052787e+02
   2.2474952e+02
   2.4025472e+02
   2.5712380e+02
   2.7543527e+02
   2.9526489e+02
   3.1668459e+02
   3.3976141e+02
   3.6455638e+02
   3.9112336e+02
   4.1950790e+02
   4.4974603e+02
   4.8186315e+02
   5.1587289e+02
   5.5177601e+02
   5.8955943e+02
   6.2919528e+02
   6.7064005e+02
   7.1383392e+02
   7.5870014e+02
   8.0514464e+02
   8.5305576e+02
   9.0230416e+02
   9.5274297e+02
   1.0042081e+03
   1.0565187e+03
   1.1094781e+03
   1.1628745e+03
   1.2164824e+03
   1.2700638e+03
   1.3233699e+03
   1.3761428e+03
   1.4281177e+03
   1.4790245e+03
   1.5285905e+03
   1.5765427e+03
   1.6226100e+03
   1.6665258e+03
   1.7080306e+03
   1.7468746e+03
   1.7828196e+03
   1.8156422e+03
   1.8451353e+03
   1.8711109e+03
   1.8934015e+03
   1.9118624e+03
   1.9263726e+03
   1.9368368e+03
   1.9431859e+03
   1.9453779e+03
   1.9433985e+03
   1.9372611e+03
   1.9270066e+03
   1.9127033e+03
   1.8944455e+03
   1.8723533e+03
   1.8465706e+03
   1.8172640e+03
   1.7846210e+03
   1.7488477e+03
   1.7101671e+03
   1.6688165e+03
   1.6250454e+03
   1.5791130e+03
   1.5312852e+03
   1.4818330e+03
   1.4310291e+03
   1.3791461e+03
   1.3264539e+03
   1.2732175e+03
   1.2196946e+03
   1.1661344e+03
   1.1127748e+03
   1.0598417e+03
   1.0075472e+03
   9.5608824e+02
   9.0564610e+02
   8.5638530e+02
   8.0845316e+02
   7.6197953e+02
   7.1707657e+02
   6.7383891e+02
   6.3234383e+02
   5.9265172e+02
   5.5480665e+02
   5.1883707e+02
   4.8475662e+02
   4.5256508e+02
   4.2224937e+02
   3.9378463e+02
   3.6713533e+02
   3.4225642e+02
   3.1909451e+02
   2.9758901e+02
   2.7767330e+02
   2.5927583e+02
   2.4232124e+02
   2.2673133e+02
   2.1242608e+02
   1.9932458e+02
   1.8734579e+02
   1.7640942e+02
   1.6643652e+02
   1.5735016e+02
   1.4907595e+02
   1.4154250e+02
   1.3468177e+02
   1.2842946e+02
   1.2272516e+02
   1.1751259e+02
   1.1273969e+02
   1.0835868e+02
   1.0432604e+02
   1.0060252e+02
   9.7152969e+01
   9.3946300e+01
   9.0955270e+01
   8.8156321e+01
   8.5529366e+01
   8.3057563e+01
   8.0727076e+01
   7.8526825e+01
   7.6448228e+01
   7.4484941e+01
   7.2632601e+01
   7.0888568e+01
   6.9251675e+01
   6.7721986e+01
   6.6300563e+01
   6.4989243e+01
   6.3790433e+01
   6.2706916e+01
   6.1741672e+01
   6.0897718e+01
   6.0177966e+01
   5.9585093e+01
   5.9121439e+01
   5.8788917e+01
   5.8588942e+01
   5.8522385e+01
