   3.3384016e+01
   3.3674265e+01
   3.4569504e+01
   3.6071639e+01
   3.8183869e+01
   4.0910733e+01
   4.4258157e+01
   4.8233522e+01
   5.2845730e+01
   5.8105284e+01
   6.4024381e+01
   7.0617005e+01
   7.7899039e+01
   8.5888383e+01
   9.4605071e+01
   1.0407141e+02
   1.1431210e+02
   1.2535438e+02
   1.3722816e+02
   1.4996616e+02
   1.6360403e+02
   1.7818045e+02
   1.9373729e+02
   2.1031965e+02
   2.2797595e+02
   2.4675799e+02
   2.6672098e+02
   2.8792351e+02
   3.1042751e+02
   3.3429819e+02
   3.5960388e+02
   3.8641588e+02
   4.1480820e+02
   4.4485729e+02
   4.7664166e+02
   5.1024148e+02
   5.4573807e+02
   5.8321337e+02
   6.2274924e+02
   6.6442682e+02
   7.0832568e+02
   7.5452300e+02
   8.0309260e+02
   8.5410398e+02
   9.0762120e+02
   9.6370183e+02
   1.0223957e+03
   1.0837437e+03
   1.1477767e+03
   1.2145139e+03
   1.2839620e+03
   1.3561139e+03
   1.4309471e+03
   1.5084228e+03
   1.5884850e+03
   1.6710590e+03
   1.7560509e+03
   1.8433464e+03
   1.9328104e+03
   2.0242867e+03
   2.1175970e+03
   2.2125415e+03
   2.3088985e+03
   2.4064247e+03
   2.5048562e+03
   2.6039086e+03
   2.7032785e+03
   2.8026445e+03
   2.9016690e+03
   2.9999994e+03
   3.0972707e+03
   3.1931073e+03
   3.2871254e+03
   3.3789358e+03
   3.4681465e+03
   3.5543657e+03
   3.6372045e+03
   3.7162802e+03
   3.7912195e+03
   3.8616613e+03
   3.9272598e+03
   3.9876878e+03
   4.0426394e+03
   4.0918325e+03
   4.1350120e+03
   4.1719513e+03
   4.2024553e+03
   4.2263615e+03
   4.2435420e+03
   4.2539044e+03
   4.2573930e+03
   4.2539891e+03
   4.2437113e+03
   4.2266152e+03
   4.2027929e+03
   4.1723723e+03
   4.1355157e+03
   4.0924182e+03
   4.0433059e+03
   3.9884342e+03
   3.9280847e+03
   3.8625634e+03
   3.7921972e+03
   3.7173317e+03
   3.6383279e+03
   3.5555590e+03
   3.4694075e+03
   3.3802620e+03
   3.2885144e+03
   3.1945563e+03
   3.0987769e+03
   3.0015598e+03
   2.9032803e+03
   2.8043036e+03
   2.7049819e+03
   2.6056527e+03
   2.5066375e+03
   2.4082394e+03
   2.3107428e+03
   2.2144116e+03
   2.1194889e+03
   2.0261965e+03
   1.9347342e+03
   1.8452801e+03
   1.7579907e+03
   1.6730011e+03
   1.5904255e+03
   1.5103580e+03
   1.4328733e+03
   1.3580276e+03
   1.2858599e+03
   1.2163926e+03
   1.1496331e+03
   1.0855750e+03
   1.0241991e+03
   9.6547478e+02
   9.0936132e+02
   8.5580910e+02
   8.0476077e+02
   7.5615246e+02
   7.0991490e+02
   6.6597445e+02
   6.2425416e+02
   5.8467464e+02
   5.4715497e+02
   5.1161346e+02
   4.7796836e+02
   4.4613853e+02
   4.1604395e+02
   3.8760627e+02
   3.6074918e+02
   3.3539880e+02
   3.1148395e+02
   2.8893640e+02
   2.6769105e+02
   2.4768603e+02
   2.2886282e+02
   2.1116627e+02
   1.9454463e+02
   1.7894951e+02
   1.6433582e+02
   1.5066172e+02
   1.3788852e+02
   1.2598058e+02
   1.1490516e+02
   1.0463234e+02
   9.5134851e+01
   8.6387968e+01
   7.8369354e+01
   7.1058943e+01
   6.4438804e+01
   5.8493019e+01
   5.3207573e+01
   4.8570240e+01
   4.4570489e+01
   4.1199397e+01
   3.8449567e+01
   3.6315060e+01
   3.4791334e+01
   3.3875191e+01
   3.3564739e+01
   3.3859361e+01
   3.4759708e+01
   3.6267709e+01
   3.8386595e+01
   4.1120943e+01
   4.4476727e+01
   4.8461381e+01
   5.3083864e+01
   5.8354745e+01
   6.4286288e+01
   7.0892550e+01
   7.8189487e+01
   8.6195073e+01
   9.4929418e+01
   1.0441490e+02
   1.1467629e+02
   1.2574090e+02
   1.3763871e+02
   1.5040248e+02
   1.6406791e+02
   1.7867373e+02
   1.9426183e+02
   2.1087734e+02
   2.2856868e+02
   2.4738765e+02
   2.6738943e+02
   2.8863258e+02
   3.1117899e+02
   3.3509377e+02
   3.6044520e+02
   3.8730445e+02
   4.1574543e+02
   4.4584442e+02
   4.7767979e+02
   5.1133153e+02
   5.4688077e+02
   5.8440923e+02
   6.2399855e+02
   6.6572963e+02
   7.0968178e+02
   7.5593190e+02
   8.0455356e+02
   8.5561595e+02
   9.0918284e+02
   9.6531149e+02
   1.0240514e+03
   1.0854433e+03
   1.1495175e+03
   1.2162931e+03
   1.2857766e+03
   1.3579603e+03
   1.4328216e+03
   1.5103215e+03
   1.5904036e+03
   1.6729931e+03
   1.7579958e+03
   1.8452973e+03
   1.9347623e+03
   2.0262344e+03
   2.1195352e+03
   2.2144649e+03
   2.3108015e+03
   2.4083020e+03
   2.5067022e+03
   2.6057179e+03
   2.7050456e+03
   2.8043642e+03
   2.9033358e+03
   3.0016083e+03
   3.0988167e+03
   3.1945854e+03
   3.2885311e+03
   3.3802646e+03
   3.4693943e+03
   3.5555283e+03
   3.6382783e+03
   3.7172618e+03
   3.7921057e+03
   3.8624492e+03
   3.9279469e+03
   3.9882718e+03
   4.0431184e+03
   4.0922050e+03
   4.1352766e+03
   4.1721072e+03
   4.2025018e+03
   4.2262983e+03
   4.2433693e+03
   4.2536225e+03
   4.2570028e+03
   4.2534916e+03
   4.2431079e+03
   4.2259076e+03
   4.2019832e+03
   4.1714629e+03
   4.1345091e+03
   4.0913174e+03
   4.0421142e+03
   3.9871551e+03
   3.9267219e+03
   3.8611209e+03
   3.7906793e+03
   3.7157430e+03
   3.6366729e+03
   3.5538425e+03
   3.4676346e+03
   3.3784379e+03
   3.2866442e+03
   3.1926455e+03
   3.0968309e+03
   2.9995841e+03
   2.9012805e+03
   2.8022851e+03
   2.7029501e+03
   2.6036133e+03
   2.5045956e+03
   2.4062004e+03
   2.3087117e+03
   2.2123934e+03
   2.1174885e+03
   2.0242183e+03
   1.9327827e+03
   1.8433595e+03
   1.7561047e+03
   1.6711534e+03
   1.5886194e+03
   1.5085966e+03
   1.4311593e+03
   1.3563634e+03
   1.2842476e+03
   1.2148341e+03
   1.1481298e+03
   1.0841281e+03
   1.0228094e+03
   9.6414294e+02
   9.0808760e+02
   8.5459348e+02
   8.0360299e+02
   7.5505200e+02
   7.0887099e+02
   6.6498613e+02
   6.2332025e+02
   5.8379377e+02
   5.4632560e+02
   5.1083391e+02
   4.7723683e+02
   4.4545309e+02
   4.1540259e+02
   3.8700690e+02
   3.6018967e+02
   3.3487697e+02
   3.1099760e+02
   2.8848334e+02
   2.6726907e+02
   2.4729296e+02
   2.2849653e+02
   2.1082467e+02
   1.9422569e+02
   1.7865125e+02
   1.6405635e+02
   1.5039922e+02
   1.3764125e+02
   1.2574688e+02
   1.1468347e+02
   1.0442117e+02
   9.4932820e+01
   8.6193765e+01
   7.8181759e+01
   7.0876812e+01
   6.4261068e+01
   5.8318681e+01
   5.3035697e+01
   4.8399948e+01
   4.4400952e+01
   4.1029826e+01
   3.8279206e+01
   3.6143177e+01
   3.4617213e+01
   3.3698124e+01
   3.3384016e+01
