   1.6430130e-08
   1.1329501e-06
   4.2815174e-06
   9.4945013e-06
   1.6766226e-05
   2.6088002e-05
   3.7448607e-05
   5.0834346e-05
   6.6229075e-05
   8.3614224e-05
   1.0296882e-04
   1.2426951e-04
   1.4749058e-04
   1.7260402e-04
   1.9957951e-04
   2.2838448e-04
   2.5898414e-04
   2.9134155e-04
   3.2541762e-04
   3.6117118e-04
   3.9855901e-04
   4.3753594e-04
   4.7805483e-04
   5.2006670e-04
   5.6352071e-04
   6.0836431e-04
   6.5454321e-04
   7.0200152e-04
   7.5068177e-04
   8.0052500e-04
   8.5147081e-04
   9.0345747e-04
   9.5642195e-04
   1.0103000e-03
   1.0650263e-03
   1.1205344e-03
   1.1767570e-03
   1.2336257e-03
   1.2910715e-03
   1.3490246e-03
   1.4074145e-03
   1.4661703e-03
   1.5252204e-03
   1.5844930e-03
   1.6439160e-03
   1.7034170e-03
   1.7629236e-03
   1.8223631e-03
   1.8816632e-03
   1.9407516e-03
   1.9995561e-03
   2.0580050e-03
   2.1160270e-03
   2.1735513e-03
   2.2305074e-03
   2.2868259e-03
   2.3424379e-03
   2.3972754e-03
   2.4512713e-03
   2.5043596e-03
   2.5564753e-03
   2.6075546e-03
   2.6575348e-03
   2.7063549e-03
   2.7539549e-03
   2.8002766e-03
   2.8452630e-03
   2.8888591e-03
   2.9310114e-03
   2.9716681e-03
   3.0107793e-03
   3.0482971e-03
   3.0841753e-03
   3.1183699e-03
   3.1508389e-03
   3.1815424e-03
   3.2104426e-03
   3.2375040e-03
   3.2626934e-03
   3.2859797e-03
   3.3073344e-03
   3.3267312e-03
   3.3441462e-03
   3.3595581e-03
   3.3729477e-03
   3.3842987e-03
   3.3935971e-03
   3.4008315e-03
   3.4059929e-03
   3.4090749e-03
   3.4100739e-03
   3.4089886e-03
   3.4058202e-03
   3.4005728e-03
   3.3932527e-03
   3.3838690e-03
   3.3724331e-03
   3.3589593e-03
   3.3434640e-03
   3.3259663e-03
   3.3064878e-03
   3.2850524e-03
   3.2616864e-03
   3.2364186e-03
   3.2092801e-03
   3.1803042e-03
   3.1495265e-03
   3.1169849e-03
   3.0827194e-03
   3.0467720e-03
   3.0091868e-03
   2.9700101e-03
   2.9292899e-03
   2.8870763e-03
   2.8434209e-03
   2.7983774e-03
   2.7520010e-03
   2.7043486e-03
   2.6554786e-03
   2.6054508e-03
   2.5543266e-03
   2.5021686e-03
   2.4490405e-03
   2.3950076e-03
   2.3401358e-03
   2.2844923e-03
   2.2281451e-03
   2.1711631e-03
   2.1136159e-03
   2.0555739e-03
   1.9971078e-03
   1.9382892e-03
   1.8791897e-03
   1.8198814e-03
   1.7604367e-03
   1.7009281e-03
   1.6414279e-03
   1.5820088e-03
   1.5227431e-03
   1.4637029e-03
   1.4049601e-03
   1.3465861e-03
   1.2886519e-03
   1.2312280e-03
   1.1743840e-03
   1.1181891e-03
   1.0627116e-03
   1.0080186e-03
   9.5417670e-04
   9.0125112e-04
   8.4930607e-04
   7.9840451e-04
   7.4860815e-04
   6.9997732e-04
   6.5257091e-04
   6.0644635e-04
   5.6165946e-04
   5.1826445e-04
   4.7631382e-04
   4.3585832e-04
   3.9694688e-04
   3.5962652e-04
   3.2394238e-04
   2.8993757e-04
   2.5765317e-04
   2.2712819e-04
   1.9839949e-04
   1.7150176e-04
   1.4646748e-04
   1.2332686e-04
   1.0210784e-04
   8.2836027e-05
   6.5534666e-05
   5.0224635e-05
   3.6924402e-05
   2.5650007e-05
   1.6415041e-05
   9.2306243e-06
   4.1053399e-06
   1.0447460e-06
   2.2980700e-08
   1.1340033e-06
   4.2835624e-06
   9.4976672e-06
   1.6770583e-05
   2.6093612e-05
   3.7455524e-05
   5.0842622e-05
   6.6238757e-05
   8.3625355e-05
   1.0298144e-04
   1.2428365e-04
   1.4750628e-04
   1.7262130e-04
   1.9959838e-04
   2.2840497e-04
   2.5900627e-04
   2.9136531e-04
   3.2544302e-04
   3.6119821e-04
   3.9858768e-04
   4.3756623e-04
   4.7808672e-04
   5.2010017e-04
   5.6355574e-04
   6.0840086e-04
   6.5458125e-04
   7.0204101e-04
   7.5072267e-04
   8.0056725e-04
   8.5151437e-04
   9.0350228e-04
   9.5646794e-04
   1.0103471e-03
   1.0650745e-03
   1.1205836e-03
   1.1768070e-03
   1.2336766e-03
   1.2911231e-03
   1.3490769e-03
   1.4074674e-03
   1.4662236e-03
   1.5252741e-03
   1.5845471e-03
   1.6439703e-03
   1.7034714e-03
   1.7629779e-03
   1.8224174e-03
   1.8817173e-03
   1.9408054e-03
   1.9996096e-03
   2.0580580e-03
   2.1160794e-03
   2.1736030e-03
   2.2305583e-03
   2.2868760e-03
   2.3424870e-03
   2.3973235e-03
   2.4513183e-03
   2.5044053e-03
   2.5565197e-03
   2.6075975e-03
   2.6575763e-03
   2.7063948e-03
   2.7539932e-03
   2.8003131e-03
   2.8452978e-03
   2.8888921e-03
   2.9310425e-03
   2.9716972e-03
   3.0108064e-03
   3.0483222e-03
   3.0841983e-03
   3.1183907e-03
   3.1508576e-03
   3.1815588e-03
   3.2104568e-03
   3.2375160e-03
   3.2627031e-03
   3.2859872e-03
   3.3073397e-03
   3.3267342e-03
   3.3441470e-03
   3.3595565e-03
   3.3729440e-03
   3.3842928e-03
   3.3935890e-03
   3.4008212e-03
   3.4059805e-03
   3.4090605e-03
   3.4100575e-03
   3.4089701e-03
   3.4057999e-03
   3.4005505e-03
   3.3932286e-03
   3.3838432e-03
   3.3724057e-03
   3.3589302e-03
   3.3434334e-03
   3.3259343e-03
   3.3064544e-03
   3.2850177e-03
   3.2616505e-03
   3.2363816e-03
   3.2092421e-03
   3.1802653e-03
   3.1494868e-03
   3.1169444e-03
   3.0826782e-03
   3.0467302e-03
   3.0091446e-03
   2.9699675e-03
   2.9292471e-03
   2.8870333e-03
   2.8433778e-03
   2.7983344e-03
   2.7519581e-03
   2.7043059e-03
   2.6554361e-03
   2.6054087e-03
   2.5542850e-03
   2.5021275e-03
   2.4490001e-03
   2.3949678e-03
   2.3400968e-03
   2.2844541e-03
   2.2281078e-03
   2.1711268e-03
   2.1135806e-03
   2.0555397e-03
   1.9970748e-03
   1.9382573e-03
   1.8791591e-03
   1.8198521e-03
   1.7604087e-03
   1.7009014e-03
   1.6414026e-03
   1.5819849e-03
   1.5227206e-03
   1.4636819e-03
   1.4049405e-03
   1.3465679e-03
   1.2886351e-03
   1.2312126e-03
   1.1743701e-03
   1.1181766e-03
   1.0627004e-03
   1.0080088e-03
   9.5416819e-04
   9.0124390e-04
   8.4930009e-04
   7.9839974e-04
   7.4860454e-04
   6.9997481e-04
   6.5256946e-04
   6.0644590e-04
   5.6165995e-04
   5.1826581e-04
   4.7631599e-04
   4.3586123e-04
   3.9695045e-04
   3.5963070e-04
   3.2394707e-04
   2.8994270e-04
   2.5765866e-04
   2.2713396e-04
   1.9840545e-04
   1.7150784e-04
   1.4647359e-04
   1.2333292e-04
   1.0211376e-04
   8.2841723e-05
   6.5540056e-05
   5.0229635e-05
   3.6928929e-05
   2.5653979e-05
   1.6418377e-05
   9.2332414e-06
   4.1071490e-06
   1.0455919e-06
   1.6430130e-08
