   9.5293965e+03
   2.8266160e+03
   1.1597022e+04
   1.3622667e+04
   3.1792092e+03
   2.5186674e+03
   4.5899653e+03
   5.7500275e+03
   1.6175753e+03
   1.7513923e+03
   6.1564534e+03
   1.4272230e+03
   1.0277365e+03
   1.1518906e+03
   7.3427290e+02
   3.2165405e+03
   4.1550764e+02
   5.2335081e+02
   5.7341145e+02
   1.2178157e+02
   2.1403090e+03
   3.7156943e+02
   3.5663771e+03
   4.0215392e+02
   7.9066975e+02
   7.4894453e+02
   1.4979245e+02
   5.0726807e+02
   1.0052905e+04
   2.8764460e+03
   4.4472958e+03
   4.0453091e+03
   5.6749776e+03
   9.5471884e+02
   7.5992246e+03
   3.8755183e+03
   7.4356499e+03
   2.1562685e+03
   1.2755970e+03
   2.9924981e+03
   3.4236172e+03
   1.1043551e+04
   7.4799961e+03
   1.5704126e+03
   7.1158550e+02
   4.5707932e+02
   1.0495472e+04
   9.4740618e+03
   1.4132057e+04
   1.2922428e+04
   1.3166252e+04
   7.6184508e+03
   1.4168442e+04
   1.2381473e+04
   1.1935196e+04
   8.3571534e+03
   5.2960952e+03
   3.0158933e+03
   1.2813768e+03
   1.8018702e+03
   7.8240400e+03
   1.1118347e+04
   1.1443720e+04
   1.1472168e+04
   8.8500277e+02
   1.0965888e+03
   3.3912112e+03
   1.2417257e+03
   7.3167233e+02
   9.3701141e+02
   8.0215030e+03
   1.1511706e+03
   5.2199166e+03
   7.7490304e+02
   1.6637661e+03
   2.7249276e+02
   3.9732428e+02
   1.0550550e+03
   4.7999855e+02
   8.7172445e+01
   4.5438803e+02
   4.2201344e+02
   6.6589393e+02
   3.4601945e+02
   2.9514058e+02
   2.1312813e+03
   4.4338451e+02
   4.9677122e+03
   3.2803715e+02
   9.1213082e+02
   4.8987465e+01
   1.3424875e+02
   2.5155927e+02
   4.1926800e+01
   3.8639496e+02
   3.3292376e+02
   2.5082161e+02
   2.6820566e+02
   1.8019847e+02
   4.6456077e+02
   4.0683783e+02
   1.7402297e+03
   5.6559785e+02
   5.5928966e+01
   4.6236037e+02
   3.8869399e+02
   7.3808040e+02
   1.4517475e+03
   2.4219770e+02
   3.8176518e+02
   3.7110330e+02
   3.4221601e+02
   7.7814744e+02
   1.0414111e+03
   1.3608233e+03
   6.5293355e+01
   8.7195874e+02
   4.5752163e+02
   6.4366652e+02
   5.2664741e+02
   2.9114247e+02
   4.1569386e+02
   1.1142614e+03
   1.2983918e+02
   6.2430774e+03
   6.4201336e+02
   3.8491890e+03
   3.6405244e+03
   3.6420485e+03
   3.3915194e+03
   4.3226840e+03
   7.3726194e+03
   6.2467128e+03
   9.1275899e+03
   5.8387644e+03
   6.9714092e+03
   1.1525783e+04
   1.1463957e+04
   5.7407046e+03
   5.5706219e+03
   8.0921617e+02
   4.2556300e+03
   2.3070214e+03
   2.9881052e+03
   3.3674922e+03
   4.3142751e+03
   1.8062320e+03
   3.1624960e+03
   1.7358964e+03
   1.1811065e+03
   1.2349698e+03
   2.1439621e+03
   1.1128847e+03
   2.1874433e+03
   8.0901402e+02
   4.1791609e+02
   2.0247507e+03
   8.2034880e+02
   1.2797438e+03
   1.2740339e+03
   1.5782772e+03
   2.9078061e+03
   1.2758751e+03
   2.2408896e+03
   1.0973839e+03
   1.1202504e+03
   1.5758811e+03
   2.0747710e+03
   1.3091276e+03
   1.5935524e+03
   2.9533013e+03
   2.0702636e+03
   5.5943707e+03
   1.0060019e+04
   4.1969328e+03
   7.3393196e+03
   4.2818805e+03
   5.7501556e+03
   1.8406252e+03
   3.1141029e+03
   1.0876417e+03
   2.2041643e+03
   1.4435166e+03
   1.6475203e+03
   9.2555389e+03
   1.6329979e+03
   3.4157671e+03
   5.8844416e+03
   1.0312493e+03
   2.8095702e+03
   7.4326256e+03
   6.3587464e+03
   9.1282658e+03
   1.0788483e+04
   7.8600903e+03
   8.4255121e+03
   9.4393846e+03
   1.4467102e+04
   1.1145303e+04
   1.0960432e+04
   1.2541896e+04
   1.0897480e+04
   9.1606927e+03
   1.1330147e+04
   9.1891116e+03
   1.2676128e+04
   4.0874386e+03
   5.5453995e+03
   1.4386249e+04
   1.2825984e+04
   9.5108589e+03
   1.2337537e+04
   1.3244420e+04
   1.4094665e+04
   9.3185450e+03
   8.4977377e+03
   1.4867724e+04
   1.3495138e+04
   1.4342195e+04
   1.4352658e+04
   6.7704515e+03
   6.2451605e+03
   5.1926773e+03
   1.4246120e+04
   8.2894830e+03
   1.3222993e+04
   1.4821518e+04
   1.3279531e+04
   3.3086825e+03
   1.0171554e+04
   1.4287986e+04
   1.2244630e+04
   2.8963183e+03
   1.3430515e+04
   1.1981286e+04
   9.7604585e+03
   4.8841403e+03
   9.3643509e+03
   8.1941345e+03
   1.1315893e+04
   9.2514607e+03
   1.0872395e+04
   1.3861603e+04
   8.3183166e+03
   5.4916951e+03
   6.1534334e+03
   6.4389572e+03
   2.1499715e+03
   5.3929968e+03
   2.9186155e+03
   3.3112390e+03
   1.0363366e+03
   3.8350341e+03
   1.7740906e+03
   3.0732003e+03
   1.7925875e+03
   2.7997630e+03
   5.0662026e+03
   3.5382279e+03
   1.6361335e+03
   8.6050336e+03
   7.7035546e+03
   7.1666206e+03
   3.3131255e+03
   5.1825869e+03
   2.3924789e+03
   4.1585016e+03
   6.0753189e+03
   4.5180667e+03
   8.2095444e+03
   4.6751864e+03
   2.4333020e+03
   2.5121934e+03
   1.8322807e+03
   1.9710595e+03
   1.2440593e+03
   1.2649785e+03
   8.7109979e+02
   6.2883440e+02
   1.5635140e+03
   1.3108550e+03
   1.9113999e+03
   1.8309162e+03
   9.7825172e+02
   1.8246680e+03
   1.4599932e+03
   2.5083035e+03
   1.1007047e+03
   1.8176902e+03
   1.2737678e+03
   6.2322572e+03
   4.7354173e+03
   4.8447582e+03
   1.0171778e+02
   2.4431955e+03
   5.5480378e+03
   6.2758604e+03
   6.5480326e+03
   8.3637272e+03
   1.2900915e+04
   6.4893215e+03
   3.4915916e+03
   1.0262976e+04
   1.2008609e+04
   1.1534599e+04
   1.3128052e+04
   9.1170066e+03
   7.8866568e+03
   3.9927275e+03
   4.3810602e+03
   2.0025468e+03
   3.1322574e+03
   4.5795495e+03
   2.3959949e+03
   2.7190805e+03
   1.3359327e+03
   3.7391999e+02
   1.7361999e+03
   1.8615795e+02
   7.1368849e+01
   4.7104841e+02
   2.9251310e+02
   3.3639206e+02
   1.7543800e+02
   3.9646252e+02
   4.8029731e+02
   2.2233337e+02
   8.5220104e+02
   1.5523063e+02
   1.6059114e+02
   2.4422786e+02
   1.4395485e+02
   3.1863415e+02
   2.9371786e+03
   9.3273457e+02
   6.6660166e+02
   2.2429288e+01
   2.9346722e+01
   1.8301578e+03
   2.8443765e+02
   1.3701805e+03
   8.6644346e+02
   6.4144596e+02
   1.3358885e+02
   1.1185517e+03
   8.0099972e+02
   8.5821620e+02
   5.1228327e+02
   5.1977681e+02
   7.9096410e+02
   4.6616468e+02
   7.0454062e+02
   8.0338081e+02
   5.8832082e+02
   3.5187198e+02
   4.4243533e+02
   2.0213284e+02
   3.6396652e+02
   3.7842063e+02
   4.8959766e+02
   3.1222689e+02
   3.1330395e+02
   3.8415285e+02
   3.6853944e+02
   3.7362191e+02
   3.8670323e+02
   4.2132626e+02
   3.7472714e+02
   6.2982507e+02
   4.0808101e+02
   5.5793548e+02
   3.5546877e+02
   6.3172035e+02
   1.6288715e+02
   9.4143039e+02
   3.7791859e+02
   2.7877630e+02
   3.2845159e+02
   4.6217221e+02
   4.5359519e+02
   3.6719250e+02
   2.9838960e+02
   3.5729532e+02
   3.9138727e+02
   4.6884311e+02
   5.0757283e+02
   4.8800887e+02
   4.8214035e+02
   4.8546052e+02
   4.4490004e+02
   5.1162329e+02
   4.0108551e+02
   3.7547180e+02
   3.7925709e+02
   3.1973794e+02
   4.9991769e+02
   5.1248342e+02
   5.2356334e+02
   4.4777014e+02
   4.2754683e+02
   5.1763022e+02
   4.7926873e+02
   8.3037556e+02
   5.1446274e+02
   5.0085530e+02
   4.3976812e+02
   4.9502973e+02
   4.7320200e+02
   2.6379064e+02
   4.9191961e+02
   7.3130476e+02
   4.7599137e+02
   4.9263369e+02
   4.3639702e+02
   4.6948142e+02
   4.6503548e+02
   4.7680621e+02
   2.8117551e+02
   5.0061419e+02
   1.9408736e+02
   1.1838672e+02
   4.5431991e+02
   4.5242880e+02
   4.3866815e+02
   5.1158915e+02
   4.5553269e+02
   4.6941680e+02
   4.5965594e+02
   4.3064714e+02
   4.8633710e+02
   4.7880508e+02
   4.6982754e+02
   5.0712718e+02
   5.0562361e+02
   2.0859975e+02
   5.2753539e+02
   3.5782149e+02
   4.4970892e+02
   5.9406634e+02
   7.6222857e+02
   1.7003075e+03
   4.0708415e+02
   1.1885239e+03
   4.6129906e+02
   8.0557310e+02
   9.1822219e+02
   1.2709912e+03
   6.5582256e+02
   5.8865907e+02
   6.0647894e+02
   7.4425396e+02
   6.1852006e+02
   5.4002454e+02
   5.4624075e+02
   4.8816247e+02
   4.8578627e+02
   4.9434872e+02
   7.1388210e+02
   9.8584406e+02
   5.5558491e+02
   6.3857833e+02
   4.4673026e+02
   4.6438996e+02
   8.0505213e+02
   1.1087440e+03
   7.0511305e+02
   8.8638437e+02
   7.2380835e+02
   1.0057716e+03
   9.2363033e+02
   1.0230715e+03
   8.9728579e+02
   9.9157422e+02
   9.0369907e+02
   9.3637352e+02
   8.0174600e+02
   6.5282650e+02
   7.4639044e+02
   6.6215088e+02
   1.0057383e+03
   8.1114047e+02
   8.2056763e+02
   2.1793488e+02
   7.3570700e+02
   3.4873350e+02
   5.8533475e+02
   6.4431056e+02
   5.6830904e+02
   5.8882814e+02
   5.1019708e+02
   5.9236885e+02
   5.2667256e+02
   4.9478750e+02
   4.2756925e+02
   4.7518163e+02
   3.9350878e+02
   4.6980736e+02
   3.9991082e+02
   4.7167278e+02
   5.8497034e+02
   1.3654465e+03
   2.8550432e+02
   5.1132809e+02
   1.1338769e+03
   2.2085950e+03
   2.3327541e+03
   1.3506586e+03
   6.0820022e+02
