   9.6647136e+03
   4.1648783e+03
   2.0744973e+04
   3.0516679e+04
   4.0223011e+02
   5.0459433e+02
   5.7002245e+02
   1.3048483e+03
   4.0712973e+02
   7.2785554e+02
   3.3236777e+03
   3.9239827e+02
   1.7326662e+02
   1.6239410e+02
   3.9089459e+02
   2.6196910e+02
   3.1480209e+03
   1.2821033e+03
   8.5854147e+02
   1.6645253e+03
   1.7982962e+03
   3.6358024e+03
   4.8613363e+03
   3.2867202e+03
   2.6436484e+03
   5.4142764e+03
   1.9125121e+03
   1.5746642e+03
   1.5371574e+04
   6.5019235e+02
   5.6408669e+03
   4.7966979e+02
   1.4539217e+03
   1.2770523e+03
   4.6681835e+03
   1.9064731e+03
   4.1767970e+03
   8.5830904e+02
   2.9063705e+03
   3.2048138e+02
   3.5289829e+02
   1.7365274e+04
   6.8710390e+03
   1.5299303e+03
   3.8064087e+03
   2.2528520e+03
   1.5975465e+04
   1.3341172e+04
   3.3286627e+04
   2.6024414e+04
   2.6048994e+04
   5.1362973e+03
   3.3903487e+04
   2.2882550e+04
   2.2398905e+04
   5.6519012e+03
   5.2016713e+03
   1.3152546e+03
   4.8710129e+02
   6.3859443e+03
   5.0766664e+03
   1.7601595e+04
   1.9169607e+04
   1.8144903e+04
   3.1762246e+02
   4.9888021e+02
   2.0400464e+02
   1.6397395e+02
   4.3661961e+02
   2.4600493e+02
   5.0439815e+03
   2.3987685e+02
   6.0319635e+03
   3.9969082e+03
   8.8523927e+02
   1.4588794e+03
   2.3448244e+03
   1.5138045e+03
   1.0062919e+03
   2.4498661e+03
   1.9469586e+03
   2.6457688e+03
   7.4481044e+02
   2.8310481e+03
   2.0121426e+03
   7.7499453e+02
   1.2244958e+03
   2.9541316e+03
   1.7266618e+03
   9.3595549e+02
   2.1089835e+03
   2.3088725e+03
   1.7221482e+03
   2.9783130e+03
   2.5348191e+03
   1.4659031e+03
   1.4434738e+03
   1.9073013e+03
   1.7643199e+03
   9.3315584e+02
   2.4726952e+03
   1.6313035e+03
   2.6087656e+03
   2.2055575e+03
   1.8824333e+03
   1.3597765e+03
   3.9129529e+02
   1.0430662e+03
   1.7503654e+03
   9.4216295e+02
   1.2839534e+03
   1.4821640e+03
   1.4938075e+03
   3.2691576e+03
   1.6345939e+03
   2.4730105e+03
   8.2298053e+02
   8.2904861e+02
   1.8738787e+03
   2.0238514e+03
   1.8967581e+03
   1.0665111e+03
   6.2796493e+03
   2.8197079e+03
   6.9838179e+03
   2.5763038e+03
   3.4486042e+02
   4.5145935e+03
   4.9485931e+03
   5.5592439e+03
   3.9434441e+03
   8.1560455e+03
   5.3865234e+03
   1.0488207e+04
   2.3101818e+03
   5.4667776e+03
   1.7682284e+04
   1.8090184e+04
   1.5725742e+03
   2.7067833e+03
   2.0863051e+02
   4.7443757e+02
   5.4518898e+03
   1.4044722e+03
   2.9413269e+03
   7.5484676e+02
   4.5983958e+03
   7.6896263e+02
   2.7161295e+03
   1.6335590e+03
   4.2667288e+03
   6.2481242e+03
   2.8187742e+03
   3.4615405e+03
   6.3974420e+03
   5.3753244e+03
   1.9682007e+03
   5.3848374e+02
   1.3395412e+03
   2.4238076e+03
   1.8616750e+03
   3.1769270e+02
   1.4078606e+03
   1.0110040e+03
   1.0414266e+03
   9.9242751e+02
   1.2929750e+03
   8.6099040e+02
   1.4195738e+03
   1.3100070e+03
   1.0547191e+03
   1.0133372e+03
   2.2029906e+03
   1.3010628e+04
   1.4425982e+03
   4.2181452e+03
   2.4542766e+03
   4.4142256e+03
   4.6247864e+03
   2.7905713e+03
   1.3730638e+03
   2.5424563e+03
   5.6174730e+03
   3.4223088e+03
   1.2843572e+04
   3.1697661e+03
   5.6434067e+03
   5.9749239e+03
   4.8272496e+03
   5.8461851e+03
   5.6675049e+03
   7.0075535e+03
   1.1943762e+04
   1.5922493e+04
   8.7855915e+03
   1.0808197e+04
   9.2498938e+03
   3.6179554e+04
   1.6049006e+04
   1.8068779e+04
   2.4073983e+04
   1.7814610e+04
   9.0088170e+03
   1.6468000e+04
   9.8796198e+03
   2.3927782e+04
   3.4910746e+02
   1.6478357e+03
   3.4591989e+04
   2.6468487e+04
   1.0734502e+04
   2.3790095e+04
   2.6704544e+04
   3.2551926e+04
   1.0472066e+04
   1.0592299e+04
   3.8457805e+04
   2.9726746e+04
   3.4053834e+04
   3.4918898e+04
   7.4682157e+03
   3.5960620e+03
   4.7840461e+03
   3.4781230e+04
   5.5340015e+03
   2.8650744e+04
   3.8217356e+04
   2.8228757e+04
   3.5804266e+02
   1.1961068e+04
   3.4790289e+04
   2.2547022e+04
   3.8711728e+02
   2.9826674e+04
   2.1518198e+04
   1.2093280e+04
   2.7078526e+02
   8.9423357e+03
   8.2763979e+03
   1.7414611e+04
   8.8377369e+03
   1.6209455e+04
   3.2089991e+04
   6.1019133e+03
   1.3801430e+03
   1.2734473e+03
   1.9603617e+03
   7.5574135e+02
   4.9223738e+02
   6.9618652e+02
   1.4668992e+03
   1.6768371e+03
   9.2219237e+01
   1.0679491e+03
   3.8472447e+02
   8.7178916e+02
   5.2369212e+02
   4.8162177e+02
   2.8250488e+02
   5.3031824e+02
   7.7232626e+03
   5.7227554e+03
   4.3030414e+03
   3.4284260e+02
   1.1569160e+03
   5.3740309e+02
   5.1548751e+02
   2.4218001e+03
   7.2752387e+02
   6.5889487e+03
   6.8624093e+02
   5.9464058e+02
   4.3467401e+02
   5.3998459e+02
   6.9407860e+02
   8.0921706e+02
   2.7491036e+02
   2.7833495e+02
   7.2466605e+02
   1.0925823e+03
   2.0055996e+02
   4.8823040e+02
   5.0714254e+02
   2.1260901e+02
   7.2520838e+02
   3.3868587e+02
   6.3704691e+02
   3.1556381e+02
   6.4839155e+02
   7.1311862e+02
   1.5320514e+03
   5.6559261e+02
   1.8419803e+02
   3.3714360e+03
   6.4825608e+02
   1.3396857e+03
   2.5537341e+03
   1.9066290e+03
   6.4691077e+03
   2.6001976e+04
   2.1656004e+03
   2.9281496e+02
   1.2695391e+04
   2.1157521e+04
   1.8481754e+04
   2.7945200e+04
   9.3217019e+03
   7.1559261e+03
   3.6292326e+02
   3.7996566e+03
   8.4931427e+02
   2.9766854e+02
   2.4934229e+03
   5.3594630e+03
   3.9163634e+03
   6.1758746e+03
   2.4416051e+03
   1.9536024e+03
   4.0456833e+03
   1.9524865e+03
   1.2467660e+03
   1.6360811e+03
   1.5639568e+03
   2.4967962e+03
   1.6113294e+03
   6.3209578e+02
   1.3887804e+03
   1.1738017e+03
   2.2030766e+03
   2.0244454e+03
   1.8559690e+03
   1.9155814e+03
   3.2680315e+03
   6.8906663e+02
   1.9207271e+03
   8.4544186e+02
   2.7121809e+03
   2.3136096e+03
   1.0027370e+03
   1.7216969e+03
   5.8785292e+02
   5.7715244e+02
   1.5406909e+03
   1.5941311e+03
   2.6644067e+02
   3.4424461e+02
   2.9039901e+02
   6.5334725e+02
   1.4278539e+03
   4.1338413e+02
   1.9730357e+03
   6.5680216e+02
   4.0155366e+02
   1.0603864e+03
   3.1819722e+03
   2.2642120e+03
   1.6077595e+03
   9.1815171e+02
   1.8623234e+03
   1.5305087e+03
   2.2266712e+03
   2.0198917e+03
   3.2582244e+03
   3.1311452e+03
   3.7355636e+03
   3.5738449e+03
   2.2992771e+03
   3.6199959e+03
   8.4206969e+02
   2.7527022e+03
   8.9331551e+02
   3.2861240e+03
   4.7779404e+02
   1.5733105e+03
   1.2832716e+03
   9.6728619e+02
   1.3913934e+03
   1.0194533e+03
   1.9216547e+03
   8.1947054e+02
   2.7299392e+03
   2.2909245e+03
   2.0897610e+03
   1.8298653e+03
   1.7947120e+03
   4.3504622e+02
   1.5434473e+03
   1.1387214e+03
   1.0213864e+03
   1.2669464e+03
   3.3858550e+02
   1.4797675e+03
   2.0894843e+03
   3.2124332e+03
   2.5879976e+03
   5.7744264e+02
   4.3849188e+02
   1.4717793e+03
   9.2090043e+02
   1.2344512e+03
   2.4961068e+02
   1.1531418e+03
   9.8605718e+02
   5.9623960e+02
   6.9341918e+02
   1.4543652e+03
   5.1075116e+02
   1.3754553e+03
   2.1628397e+03
   9.6523350e+02
   1.1476366e+03
   1.0430158e+03
   7.8134564e+02
   1.1027137e+03
   1.3139538e+03
   1.2989568e+03
   1.1652781e+03
   1.7275311e+03
   1.1949858e+03
   2.1352471e+03
   3.5024819e+03
   1.4130629e+03
   1.7210296e+03
   1.4867253e+03
   2.6410943e+03
   1.5515236e+03
   1.4144488e+03
   1.0702385e+03
   2.0988538e+03
   1.0914903e+03
   1.1496498e+03
   1.4067602e+03
   5.0723968e+02
   5.5513326e+03
   3.2992981e+03
   1.9744467e+03
   3.2136208e+03
   1.1884926e+03
   2.5977242e+03
   6.2236065e+03
   6.4565606e+03
   5.2986946e+03
   6.7753123e+03
   4.1749098e+03
   5.1293957e+03
   2.2673383e+03
   2.0407825e+03
   2.4535631e+03
   3.5552100e+03
   2.3567196e+03
   2.1918887e+03
   2.4721382e+03
   1.7931342e+03
   2.5442039e+03
   1.9453806e+03
   1.1033875e+03
   1.5421037e+03
   1.3709158e+03
   4.3514229e+02
   2.6525445e+03
   2.0392715e+03
   1.4520987e+03
   2.1244445e+03
   4.0549998e+02
   9.1467206e+02
   1.8453146e+03
   3.1698394e+02
   9.5729371e+02
   5.6245923e+02
   1.0700032e+03
   9.5768550e+02
   2.1272329e+01
   3.5214006e+02
   1.5056096e+02
   2.0078610e+03
   3.8510183e+03
   2.1678102e+03
   1.8349659e+03
   2.2896511e+03
   4.9045559e+03
   6.3690526e+03
   2.5934661e+03
   2.9826532e+03
   2.3259005e+03
   3.3923193e+03
   3.0446358e+03
   4.0933443e+03
   2.6184916e+03
   2.1723096e+03
   2.3053114e+03
   2.3443836e+03
   1.5781531e+03
   1.3715041e+03
   1.2579625e+03
   1.0933315e+03
   1.5815994e+03
   1.7492749e+03
   4.6973963e+03
   2.6330624e+03
   5.1642072e+03
   6.0943413e+03
   4.4870411e+03
   3.0005698e+03
   2.1363924e+03
   2.1417424e+03
   3.6058870e+03
   4.6289241e+03
   4.0873260e+03
