   2.3558807e+03
   1.0808605e+03
   2.8453709e+03
   3.0993870e+03
   9.9990313e+02
   7.8700589e+02
   1.3749285e+03
   1.6523726e+03
   4.3551730e+02
   5.5279901e+02
   1.9617935e+03
   3.6688027e+02
   1.7381870e+02
   2.2876512e+02
   1.3293758e+02
   1.1825819e+03
   6.6986608e+01
   6.0458625e+01
   8.2716381e+01
   1.6096537e+02
   7.2792150e+02
   5.6281517e+01
   1.3306991e+03
   6.4496480e+01
   1.6159825e+02
   6.2986283e+02
   5.5056511e+01
   4.0954676e+02
   2.6206425e+03
   9.2038000e+02
   1.5990598e+03
   1.2276380e+03
   1.5921798e+03
   1.8694947e+02
   1.9997331e+03
   1.2704162e+03
   1.9582488e+03
   6.7393136e+02
   4.1987172e+02
   9.3289127e+02
   1.0794372e+03
   2.6890094e+03
   2.0906287e+03
   4.6187900e+02
   1.9693901e+02
   6.8944792e+01
   2.6300461e+03
   2.5003896e+03
   3.1562195e+03
   2.9763861e+03
   2.9741239e+03
   2.0261636e+03
   3.1710955e+03
   2.9144365e+03
   2.8864509e+03
   2.2314457e+03
   1.7218845e+03
   1.3225064e+03
   3.5912011e+02
   8.6532296e+02
   2.0775255e+03
   2.7684785e+03
   2.7084965e+03
   2.7440244e+03
   1.2272512e+02
   3.2830134e+02
   1.1759370e+03
   2.6267016e+02
   1.1715304e+02
   1.4387629e+02
   2.2112180e+03
   2.5247407e+02
   1.7941019e+03
   6.9072982e+02
   6.2584428e+02
   8.0436416e+01
   5.1531937e+01
   6.9353895e+02
   8.6926902e+01
   9.4388056e+01
   6.3764853e+01
   6.4600996e+01
   7.3438412e+01
   5.3849448e+01
   5.9411808e+01
   8.6525352e+02
   7.7343560e+01
   1.7627365e+03
   3.8991702e+01
   4.0490479e+02
   1.8346373e+02
   3.2614790e+02
   2.8636985e+01
   2.1242268e+02
   5.6857301e+01
   2.6805796e+01
   8.2841797e+01
   4.6429646e+01
   5.8880253e+01
   4.4446891e+01
   5.9720956e+01
   5.4919648e+02
   6.5722822e+01
   1.0308847e+02
   4.7847491e+01
   9.7263880e+00
   1.9730855e+02
   6.3842938e+02
   4.0136466e+01
   1.9662788e+02
   2.0455773e+01
   3.0966656e+01
   1.0032957e+02
   3.2934312e+02
   3.7216952e+02
   1.0604249e+02
   1.2998724e+02
   3.4049554e+01
   7.4555943e+01
   4.3526051e+01
   3.4871900e+01
   2.2236856e+01
   5.6110568e+02
   3.5803014e+02
   1.9700964e+03
   8.2028857e+01
   1.4123441e+03
   1.4931058e+03
   1.3562048e+03
   1.3981993e+03
   1.4684873e+03
   2.1384881e+03
   1.8797242e+03
   2.3663328e+03
   1.6749216e+03
   1.9763891e+03
   2.7121747e+03
   2.7224038e+03
   1.6102280e+03
   1.6552497e+03
   9.8135232e+01
   1.2733412e+03
   9.7853223e+02
   1.0001816e+03
   1.1844171e+03
   1.3076527e+03
   7.4021889e+02
   1.0164740e+03
   6.1368443e+02
   2.9845542e+02
   4.7572627e+02
   1.0491209e+03
   3.3968094e+02
   8.3004953e+02
   5.7607682e+02
   3.8886369e+02
   6.9165671e+02
   1.0333080e+02
   3.0376509e+02
   3.9094274e+02
   4.9162757e+02
   9.0574761e+02
   3.1211318e+02
   7.1876867e+02
   2.2485971e+02
   2.2306515e+02
   4.4209941e+02
   6.3988056e+02
   3.2626132e+02
   4.5267065e+02
   9.7001202e+02
   6.4967477e+02
   1.6317907e+03
   2.4736603e+03
   1.3234739e+03
   1.9527414e+03
   1.3921317e+03
   1.7617259e+03
   7.5514607e+02
   1.1047820e+03
   2.4609127e+02
   7.9142704e+02
   6.4891733e+02
   6.1351335e+02
   2.5060891e+03
   9.9276419e+02
   1.3946802e+03
   1.9467377e+03
   4.1342279e+02
   1.1871133e+03
   2.0341778e+03
   1.9782481e+03
   2.4240719e+03
   2.7146657e+03
   2.2904795e+03
   2.3470053e+03
   2.3342746e+03
   3.1956816e+03
   2.6485576e+03
   2.7581092e+03
   2.9190427e+03
   2.7057454e+03
   2.3094318e+03
   2.6685721e+03
   2.3457068e+03
   2.9145505e+03
   1.2258832e+03
   1.5902627e+03
   3.1804160e+03
   3.0055298e+03
   2.3973836e+03
   2.9142762e+03
   2.9911381e+03
   3.1366640e+03
   2.4915325e+03
   2.3919083e+03
   3.2515153e+03
   3.0887983e+03
   3.1665061e+03
   3.1916114e+03
   2.1002138e+03
   1.9819832e+03
   1.8199329e+03
   3.1621527e+03
   2.2050594e+03
   2.9986514e+03
   3.2462590e+03
   3.0354280e+03
   1.0315022e+03
   2.5475089e+03
   3.1793183e+03
   2.8562024e+03
   9.0716654e+02
   3.0328174e+03
   2.8038203e+03
   2.4172812e+03
   1.4930969e+03
   2.4300251e+03
   2.3319672e+03
   2.7659316e+03
   2.3591446e+03
   2.6177810e+03
   3.1123934e+03
   2.2809719e+03
   1.7827098e+03
   1.7811670e+03
   1.9228702e+03
   7.4046431e+02
   1.6542131e+03
   1.2441906e+03
   1.3969723e+03
   7.3289436e+02
   1.2854577e+03
   9.1583891e+02
   1.0312643e+03
   6.7472654e+02
   8.9528350e+02
   1.5153154e+03
   1.1311885e+03
   4.5878895e+02
   2.2147525e+03
   2.0357467e+03
   1.9323036e+03
   1.0312287e+03
   1.5092128e+03
   7.4438398e+02
   1.2597647e+03
   1.7043182e+03
   1.3490734e+03
   2.1403750e+03
   1.3924118e+03
   7.6599045e+02
   7.8207691e+02
   5.3192142e+02
   6.1034105e+02
   4.6043652e+02
   2.9380161e+02
   1.5321838e+02
   2.6155814e+02
   7.6135918e+02
   2.9417712e+02
   5.6000033e+02
   5.2886242e+02
   1.6741830e+02
   5.7458049e+02
   3.6816676e+02
   8.3676824e+02
   2.6751896e+02
   5.4488808e+02
   4.3495289e+02
   1.8691325e+03
   1.4150664e+03
   1.5241697e+03
   3.0081278e+02
   8.6200640e+02
   1.7868844e+03
   1.7505753e+03
   1.8512863e+03
   2.1817898e+03
   3.0015937e+03
   1.8167427e+03
   1.1186688e+03
   2.5363574e+03
   2.8217379e+03
   2.7983607e+03
   3.0455738e+03
   2.4469331e+03
   2.2754954e+03
   1.4462745e+03
   1.6586279e+03
   8.7291728e+02
   1.1695312e+03
   1.6829999e+03
   1.1700017e+03
   1.2828410e+03
   8.2477348e+02
   5.0095303e+02
   1.0079639e+03
   2.7005420e+02
   1.1293462e+02
   2.8493407e+01
   2.0077286e+01
   1.4614023e+01
   8.2477900e+01
   2.8612758e+01
   3.3194850e+01
   1.9844169e+02
   4.5018862e+02
   3.2729224e+02
   4.8180093e+01
   4.9816827e+01
   5.7154966e+01
   4.8476916e+02
   1.2486390e+03
   7.2267330e+02
   3.0377693e+02
   1.8488489e+02
   1.9699243e+02
   9.1158641e+02
   3.2061938e+02
   4.1050037e+02
   2.9908730e+02
   4.6760376e+02
   1.1855430e+02
   2.5271554e+02
   2.0018761e+02
   1.8671752e+02
   1.2889124e+02
   5.2436983e+01
   1.1128931e+02
   4.4768930e+01
   7.7203495e+01
   1.1197336e+02
   5.7648829e+01
   5.3886430e+01
   4.4378409e+01
   7.4342148e+01
   1.2699629e+02
   6.1746519e+01
   5.6458740e+01
   4.9082963e+01
   6.0092168e+01
   4.7322864e+01
   4.9653727e+01
   5.2828486e+01
   6.1227645e+01
   4.8427401e+01
   5.0629299e+01
   6.9726378e+01
   4.5131567e+01
   8.1907174e+01
   5.3355100e+01
   1.8234374e+02
   9.0585500e+01
   5.2132049e+02
   2.0132832e+02
   2.4285617e+02
   1.1785789e+02
   4.7692815e+02
   1.1207124e+02
   5.0769049e+01
   5.1617649e+01
   5.8168098e+01
   4.8075091e+01
   6.5646973e+01
   5.0609087e+01
   6.7820639e+01
   5.7539428e+01
   5.6233851e+01
   4.7452483e+01
   4.4481012e+01
   4.1844068e+01
   5.0224637e+01
   5.9432867e+01
   5.2658872e+01
   3.5085930e+01
   5.4982275e+01
   2.9846672e+01
   2.0760557e+01
   8.5067303e+00
   5.2251074e+01
   1.8942317e+01
   1.1441882e+02
   6.0606834e+01
   4.1301202e+01
   3.9884905e+01
   3.7083895e+01
   3.6361971e+01
   5.3749480e+01
   3.4740602e+01
   8.4266150e+01
   1.7598208e+01
   2.9304139e+01
   1.2956219e+01
   2.6318001e+01
   3.1654133e+01
   1.7000911e+01
   2.1454383e+01
   2.2691263e+01
   4.8978955e+01
   2.1953422e+02
   3.3319295e+01
   4.6109886e+01
   3.8898271e+01
   5.9946166e+01
   3.5949776e+01
   3.2293560e+01
   1.3326561e+01
   5.4928068e+01
   2.8009146e+01
   1.9437650e+01
   3.2086306e+01
   4.3077863e+01
   3.2833870e+02
   1.4779666e+02
   4.8047415e+01
   1.1977967e+02
   1.2366224e+01
   7.8336904e+01
   4.3264503e+02
   8.3038335e+02
   3.9779672e+02
   6.8736652e+02
   1.8107954e+02
   3.3334928e+02
   2.1511679e+02
   3.6498666e+02
   7.4487972e+01
   1.4192276e+02
   5.4574924e+01
   1.0582638e+02
   6.1374657e+01
   3.7725694e+01
   5.5734357e+01
   4.5686774e+01
   1.6979520e+01
   3.6044534e+01
   8.1327618e+01
   1.5958762e+02
   6.2592148e+01
   7.2908555e+01
   3.9909662e+01
   5.2181793e+01
   9.8080464e+01
   2.1254491e+02
   7.8506273e+01
   1.2320330e+02
   8.3868607e+01
   1.7118292e+02
   1.6360148e+02
   1.9885180e+02
   1.2014659e+02
   1.5580619e+02
   1.2517250e+02
   2.1192263e+02
   2.4237539e+02
   7.0759973e+01
   9.2693838e+01
   6.8943167e+01
   4.0683982e+02
   4.6785194e+02
   1.7704931e+02
   1.1855273e+02
   1.0840773e+02
   1.3276390e+02
   1.0669825e+02
   1.9492134e+02
   6.2017842e+01
   5.0634333e+01
   5.0928243e+01
   5.2141266e+01
   3.2931754e+01
   3.1301669e+01
   1.0890414e+01
   1.3391360e+01
   2.6524617e+01
   3.9567374e+01
   2.3706623e+02
   8.1019484e+01
   2.7442379e+02
   8.3933423e+02
   3.9073859e+02
   5.8587706e+02
   8.1645845e+02
   1.1468914e+03
   1.1867470e+03
   8.8761927e+02
   6.1594776e+02
