   1.4888676e+04
   2.1152547e+03
   1.2583932e+04
   1.8085396e+04
   5.6082317e+03
   5.1232506e+03
   7.7478163e+03
   8.5937959e+03
   3.4571958e+03
   2.1270876e+03
   2.6558881e+03
   2.3335414e+03
   1.1477631e+03
   1.6161954e+03
   5.1335799e+02
   1.4244301e+03
   4.1440590e+03
   5.7434821e+02
   5.2605711e+02
   2.0891622e+03
   3.4858598e+03
   2.9388826e+03
   2.0554011e+03
   3.8775685e+03
   8.1780640e+02
   1.1709656e+03
   2.7761526e+03
   1.3493585e+03
   9.5361478e+03
   5.6382294e+03
   1.9280138e+03
   7.5859885e+03
   1.0215207e+04
   6.6894560e+02
   1.2333769e+04
   5.1026729e+03
   1.2411504e+04
   4.8092419e+03
   1.3560378e+03
   6.3833797e+03
   5.2795398e+03
   1.4477217e+04
   8.6284664e+03
   3.1420406e+03
   1.0940381e+03
   4.8848018e+03
   1.2597483e+04
   9.6473776e+03
   1.9568652e+04
   1.7625385e+04
   1.9303119e+04
   1.1653849e+04
   1.9354511e+04
   1.5855533e+04
   1.3681948e+04
   9.4296178e+03
   3.9945651e+03
   2.0904263e+02
   1.3976706e+03
   6.6350220e+02
   1.1629943e+04
   1.1619699e+04
   1.7564549e+04
   1.5712625e+04
   6.3614871e+02
   9.8207552e+02
   2.2098252e+03
   2.0729533e+03
   4.5585545e+02
   8.0374339e+02
   7.3193341e+03
   1.4079740e+03
   2.1120927e+03
   1.1448516e+03
   1.1589901e+03
   1.7237673e+03
   1.3404630e+03
   8.4392688e+02
   8.1896445e+02
   2.8032634e+03
   4.8281254e+03
   4.3120640e+03
   2.9325889e+02
   3.0344908e+03
   1.9657962e+03
   9.3538924e+02
   9.2815281e+02
   1.1665405e+03
   3.4311499e+03
   8.8906918e+02
   2.3701196e+03
   2.1214070e+03
   3.1301250e+03
   2.6080328e+03
   3.8078686e+03
   3.5212235e+03
   1.7935682e+03
   2.8469456e+03
   2.5593962e+03
   4.8640728e+03
   4.1037752e+03
   3.2768303e+03
   1.7830992e+03
   2.6743059e+03
   3.5234376e+03
   3.4556018e+03
   7.0819948e+02
   8.2257489e+02
   2.9704100e+03
   1.3111464e+03
   3.7272809e+03
   3.5856508e+03
   6.1207120e+02
   9.0180190e+02
   2.3702787e+03
   2.7787729e+03
   4.5252394e+02
   4.6743199e+03
   1.0243492e+03
   2.6634931e+03
   2.8678525e+03
   4.0938629e+03
   8.1132575e+02
   2.2118674e+03
   3.8016425e+03
   1.3936233e+03
   1.1776885e+03
   4.1799916e+02
   2.0352126e+03
   6.4742967e+02
   3.6548090e+03
   6.4495177e+03
   6.1394899e+03
   1.1706425e+04
   9.0351952e+03
   8.4520852e+03
   1.7057606e+04
   1.6293894e+04
   1.0185037e+04
   7.5775710e+03
   2.8482936e+02
   8.0668293e+03
   1.1346664e+03
   4.6587462e+03
   3.4686017e+03
   7.5762435e+03
   1.3457872e+03
   5.7247421e+03
   2.2462172e+03
   1.5124870e+03
   1.0182122e+03
   4.1102872e+02
   1.0344767e+03
   2.1765535e+03
   1.0812477e+03
   1.7521249e+03
   3.2071238e+03
   3.5707087e+02
   2.4253146e+03
   1.5152466e+03
   2.7242750e+03
   6.3099798e+03
   2.2646428e+03
   4.6000957e+03
   1.2997910e+03
   1.5272195e+03
   3.5846988e+03
   4.7773778e+03
   2.4482469e+03
   3.5796494e+03
   5.0810037e+03
   4.4950383e+03
   8.4180860e+03
   1.5743955e+04
   6.2052007e+03
   1.1872795e+04
   5.0946516e+03
   5.9228971e+03
   1.3556604e+03
   3.3667583e+03
   1.1430969e+03
   2.8494431e+03
   8.8402429e+02
   1.7309556e+03
   7.6993395e+03
   3.8116755e+02
   7.4355107e+02
   2.2769703e+03
   8.7612661e+02
   8.9099620e+02
   1.0036266e+04
   4.2814596e+03
   9.7503134e+03
   1.1040968e+04
   4.9017544e+03
   7.2704758e+03
   1.4940626e+04
   2.0737654e+04
   1.6546706e+04
   1.1050517e+04
   1.6992201e+04
   1.2806161e+04
   1.3799453e+04
   1.7144716e+04
   1.2826674e+04
   1.8070395e+04
   7.9950847e+03
   9.2730298e+03
   2.0422515e+04
   1.5770065e+04
   1.3448197e+04
   1.5690452e+04
   1.9249823e+04
   1.9987083e+04
   7.9448572e+03
   6.1090909e+03
   2.1262785e+04
   1.7532418e+04
   2.0575440e+04
   1.9846444e+04
   3.5856388e+03
   2.7229057e+03
   1.4190352e+03
   2.0500279e+04
   9.9433380e+03
   1.9585959e+04
   2.1145270e+04
   1.8163481e+04
   6.5798019e+03
   1.2575005e+04
   1.9972777e+04
   1.7564773e+04
   6.1560382e+03
   1.9721529e+04
   1.7819171e+04
   1.5659911e+04
   5.3268265e+03
   1.0264405e+04
   5.4824835e+03
   1.3177007e+04
   1.2632168e+04
   1.6511412e+04
   1.9582275e+04
   7.3076826e+03
   2.5238188e+03
   6.8210755e+03
   4.6162452e+03
   2.0021905e+03
   4.5091805e+03
   3.9653195e+02
   2.5895534e+02
   8.5756125e+02
   2.7383621e+03
   4.7042655e+02
   2.9175310e+03
   1.2129031e+03
   4.3020644e+03
   6.4830813e+03
   4.4208966e+03
   2.8761063e+03
   1.3557739e+04
   1.3127701e+04
   1.2143316e+04
   6.9421400e+03
   9.3035434e+03
   4.8417906e+03
   8.1653708e+03
   1.0948014e+04
   8.8455281e+03
   1.3066797e+04
   8.2688254e+03
   4.2893297e+03
   5.6346202e+03
   3.7569682e+03
   3.0334779e+03
   9.7115983e+02
   1.8489935e+03
   6.3543408e+02
   9.5913698e+02
   6.6211072e+02
   2.3699805e+03
   4.3343511e+03
   3.9423410e+03
   9.2186714e+02
   2.3389072e+03
   2.7788177e+03
   2.7835072e+03
   1.1142142e+03
   2.9309931e+03
   1.0739004e+03
   4.6380109e+03
   7.5013733e+03
   4.0042173e+03
   2.3937436e+03
   1.9429316e+03
   2.6894679e+03
   1.0821284e+04
   7.9925020e+03
   1.2309478e+04
   1.6430986e+04
   9.2505120e+03
   4.3492427e+03
   1.4189169e+04
   1.7027649e+04
   1.3655821e+04
   1.6443329e+04
   7.8697369e+03
   5.0409350e+03
   1.2755958e+03
   7.1155390e+02
   7.1179055e+02
   1.2865561e+03
   8.6500139e+02
   2.3304362e+02
   1.2145183e+02
   5.8686850e+02
   1.6978643e+03
   3.5136643e+02
   2.3158068e+03
   2.4686742e+03
   4.1121115e+03
   3.2355554e+03
   3.2151534e+03
   2.7561621e+03
   2.7421645e+03
   4.9817414e+03
   1.7532080e+03
   9.5213819e+02
   2.0584956e+03
   2.9046289e+03
   2.6784508e+03
   2.7593018e+03
   1.8473102e+03
   4.0263247e+02
   9.5915656e+02
   9.8584072e+02
   2.6464474e+03
   2.4648772e+03
   4.9281567e+02
   1.7078302e+03
   1.4519511e+03
   8.3164247e+02
   1.1977399e+03
   2.1359067e+03
   1.2392952e+03
   6.8711268e+02
   6.7690531e+02
   8.4306511e+02
   5.5632430e+02
   4.4285827e+02
   8.2737927e+02
   2.8137273e+02
   4.5601983e+02
   3.4462090e+02
   2.7097141e+03
   1.0217829e+03
   2.1538618e+03
   1.2598381e+03
   1.3286613e+03
   7.1482223e+02
   2.9843218e+03
   1.8173762e+03
   1.8533675e+03
   1.9689242e+03
   2.5624087e+03
   3.4584855e+03
   1.1611197e+03
   2.3124620e+03
   3.2488678e+02
   1.3907579e+03
   5.5715719e+02
   2.5909761e+03
   7.7545663e+02
   2.1552744e+03
   9.1169039e+02
   1.3243705e+03
   1.6292169e+03
   1.3663297e+03
   1.4923119e+03
   9.5302899e+02
   1.7271369e+03
   2.6075175e+03
   1.5193707e+03
   3.9851498e+03
   5.0582707e+03
   5.6496383e+03
   5.3768816e+03
   5.2161934e+03
   5.2615140e+03
   4.6281894e+03
   5.9005855e+03
   4.1032203e+03
   3.7689179e+03
   3.4704199e+03
   2.5340532e+03
   5.4929012e+03
   5.7816755e+03
   2.6054096e+03
   4.3632207e+03
   3.5894633e+03
   5.9609178e+03
   4.6070181e+03
   4.6099144e+02
   5.8379903e+03
   6.0169158e+03
   4.5698079e+03
   5.2997625e+03
   5.7372759e+03
   2.7525534e+03
   5.6815016e+03
   5.7466705e+02
   4.5653864e+03
   5.2619544e+03
   4.0351520e+03
   4.6964410e+03
   4.1741557e+03
   4.3029409e+03
   3.1418408e+03
   3.1137011e+03
   2.8956163e+03
   2.5153954e+03
   4.7996345e+03
   3.7910791e+03
   4.8709111e+03
   2.4645006e+03
   5.4422546e+03
   5.3831920e+03
   4.2164913e+03
   2.3526871e+03
   5.2641852e+03
   4.0543366e+03
   5.3761941e+03
   6.0284367e+03
   1.5947963e+03
   2.4979147e+03
   2.1368309e+03
   2.2309235e+03
   3.1907954e+03
   1.6300438e+03
   1.1173402e+03
   6.5523500e+02
   1.7685570e+03
   7.2046083e+02
   1.8132649e+03
   1.0067850e+03
   7.2366096e+02
   1.6810762e+03
   1.3438036e+03
   1.4880035e+03
   1.7518474e+03
   8.5804861e+02
   1.5482330e+03
   2.5377998e+03
   2.2111521e+03
   3.1630778e+03
   3.2728204e+03
   3.2851842e+03
   6.7001305e+02
   7.2702990e+02
   1.9550692e+03
   1.1126621e+03
   4.2745863e+03
   3.3200714e+03
   3.2695062e+02
   1.4952973e+03
   8.5516075e+02
   3.8069814e+02
   5.3316771e+02
   8.2688027e+02
   5.7556115e+02
   8.8618624e+02
   3.6135273e+02
   7.6879111e+02
   3.9395346e+02
   7.1461998e+02
   9.2861988e+02
   1.1368483e+03
   7.6266192e+02
   1.2030923e+03
   8.7591920e+02
   1.0567353e+03
   7.7162876e+02
   2.5591100e+03
   9.1028733e+02
   2.2145368e+03
   1.5655746e+03
   1.2818646e+03
   1.8579685e+03
   1.8873564e+03
   2.7236278e+03
   1.8847281e+03
   2.4487685e+03
   3.3579142e+03
   3.2328468e+03
   3.5457139e+03
   2.7816086e+03
   2.4101394e+03
   1.9015224e+03
   2.0596638e+03
   1.4310290e+03
   5.6555484e+02
   1.9980408e+03
   1.5078212e+03
   7.6567060e+02
   1.6590538e+02
   1.3108157e+02
   5.6330532e+02
   1.3762204e+03
