   2.5899908e+04
   2.5477303e+03
   3.4279121e+04
   4.7351760e+04
   6.3991513e+03
   4.8054069e+03
   1.1009568e+04
   1.4417560e+04
   2.1655982e+03
   2.2452732e+03
   7.6073544e+03
   1.8052263e+03
   1.6867438e+03
   1.5385444e+03
   2.3962823e+03
   2.4419911e+03
   5.1781498e+03
   3.3188487e+03
   2.8498918e+03
   1.0584896e+03
   2.7520722e+03
   4.8980967e+03
   3.0855661e+03
   5.0860394e+03
   2.3954072e+03
   3.2723717e+03
   5.1388825e+02
   1.2899966e+03
   2.4825347e+04
   5.3999656e+03
   3.8737781e+03
   8.5328223e+03
   1.3142725e+04
   1.1179940e+03
   1.8612189e+04
   5.8508637e+03
   1.8305960e+04
   3.7624663e+03
   1.0428655e+03
   6.2673677e+03
   6.5776743e+03
   3.1650778e+04
   1.5223940e+04
   1.5869122e+03
   2.8757873e+03
   4.4742300e+03
   2.8250756e+04
   2.2339658e+04
   5.0732809e+04
   4.2473385e+04
   4.3994344e+04
   1.8098272e+04
   5.2502984e+04
   4.2693118e+04
   3.6188213e+04
   2.1998205e+04
   6.7328817e+03
   5.2141362e+02
   1.8617080e+03
   1.9377939e+03
   2.3014109e+04
   3.2371815e+04
   4.1362055e+04
   3.9497150e+04
   2.1289846e+03
   1.8818199e+03
   3.5947198e+03
   1.4602027e+03
   2.5086047e+03
   1.9517172e+03
   1.8324597e+04
   1.7185817e+03
   5.0554749e+03
   2.5890155e+03
   1.7217854e+03
   1.4892235e+03
   3.5409287e+03
   7.6224699e+02
   2.5154529e+03
   1.8219056e+03
   3.7734372e+03
   4.4006736e+03
   3.0381876e+03
   3.3697481e+03
   2.0564798e+03
   1.3706001e+03
   2.5648989e+03
   3.6813657e+03
   1.2152650e+03
   1.5272515e+03
   1.4052442e+03
   1.9521748e+03
   4.2370421e+02
   2.8960651e+03
   3.5006240e+03
   5.9181034e+02
   1.3209285e+03
   1.2055586e+03
   6.2771281e+02
   1.8891551e+03
   3.7592021e+03
   2.0110789e+03
   6.9178982e+03
   1.1391181e+03
   7.7820070e+03
   1.2282296e+03
   2.0721093e+03
   1.2529833e+03
   5.8653020e+02
   1.4448710e+03
   6.0464080e+02
   7.9855480e+02
   2.9948964e+03
   1.3852810e+03
   8.7029981e+02
   1.8058143e+03
   1.8303039e+03
   1.3485208e+03
   5.6216850e+03
   6.3429359e+03
   1.9931147e+03
   8.2857826e+02
   2.4769895e+03
   2.6817942e+03
   8.3523404e+03
   3.6563618e+03
   2.5162578e+03
   1.7155286e+03
   3.1387020e+03
   1.9656500e+03
   5.0811142e+03
   1.3182493e+04
   1.0290163e+04
   2.2451811e+04
   1.2218595e+04
   1.3848796e+04
   3.4902926e+04
   3.4360003e+04
   1.3207849e+04
   1.0385709e+04
   2.7970696e+03
   9.2483940e+03
   1.8892950e+03
   4.5813587e+03
   3.9257384e+03
   8.7887456e+03
   1.6800860e+03
   5.7613401e+03
   1.6388878e+03
   5.5337650e+02
   1.5124103e+03
   1.7639744e+03
   1.0884123e+03
   2.0980621e+03
   3.4299806e+03
   4.1269451e+03
   2.4286085e+03
   2.5878256e+03
   5.8246274e+02
   8.9285526e+02
   1.4741825e+03
   6.1089105e+03
   5.8700554e+02
   3.7107081e+03
   3.5286601e+02
   2.5208769e+02
   1.7784110e+03
   3.6010445e+03
   6.9094942e+02
   1.8211927e+03
   4.9394797e+03
   3.3746776e+03
   1.1243253e+04
   3.4448585e+04
   7.2578555e+03
   1.7644166e+04
   6.2881919e+03
   9.1607664e+03
   1.6963969e+03
   3.6174927e+03
   5.4639077e+02
   2.4345622e+03
   1.8521531e+03
   1.4835962e+03
   2.0469999e+04
   1.0785761e+03
   2.0655030e+03
   6.3474723e+03
   1.9978601e+03
   1.9547164e+03
   1.6289450e+04
   8.9905784e+03
   2.1107164e+04
   3.0708643e+04
   1.3682398e+04
   1.6967680e+04
   2.5629547e+04
   5.5805088e+04
   3.3005305e+04
   3.0337681e+04
   4.0148993e+04
   3.0191550e+04
   2.4000823e+04
   3.4033736e+04
   2.3437645e+04
   4.1065341e+04
   9.0109055e+03
   1.2014906e+04
   5.2280716e+04
   4.2179536e+04
   2.4934126e+04
   3.8753096e+04
   4.4485853e+04
   5.0127349e+04
   2.2201183e+04
   1.6636706e+04
   5.6727886e+04
   4.7962814e+04
   5.1805045e+04
   5.2774572e+04
   9.4271514e+03
   7.8447689e+03
   4.3222546e+03
   5.4898202e+04
   2.2467371e+04
   5.0267920e+04
   5.6591407e+04
   4.8728453e+04
   7.4025883e+03
   3.1318118e+04
   5.4091008e+04
   4.4410678e+04
   6.2478229e+03
   5.1200732e+04
   4.3676349e+04
   3.3286915e+04
   9.1727868e+03
   2.5889761e+04
   1.5640920e+04
   3.5599138e+04
   2.8476565e+04
   3.8169732e+04
   5.2489994e+04
   1.8998823e+04
   6.4445965e+03
   1.3405683e+04
   1.1115615e+04
   2.4772374e+03
   9.0915847e+03
   6.5955585e+02
   7.8814465e+02
   8.1653468e+02
   4.6681476e+03
   3.6365261e+02
   4.0338904e+03
   1.7528439e+03
   4.7762231e+03
   1.0766996e+04
   6.0202410e+03
   2.1774607e+03
   2.7360223e+04
   2.4078099e+04
   2.1573155e+04
   7.6831430e+03
   1.3749312e+04
   4.3841096e+03
   1.0442323e+04
   1.7449008e+04
   1.1800131e+04
   2.5609893e+04
   1.1657724e+04
   4.1501540e+03
   5.1007736e+03
   2.7342901e+03
   2.7846934e+03
   1.6951366e+03
   1.6496345e+03
   2.1770251e+03
   1.6801946e+03
   7.9562674e+02
   1.5062819e+03
   3.0991426e+03
   2.7814273e+03
   1.8825068e+03
   2.3806985e+03
   1.7888377e+03
   3.3250986e+03
   1.8756152e+03
   2.5157259e+03
   1.8014642e+03
   1.0758460e+04
   1.1092701e+04
   7.5616061e+03
   3.3855761e+03
   2.6117332e+03
   6.7837739e+03
   1.7860706e+04
   1.5653002e+04
   2.5333996e+04
   4.4955837e+04
   1.6878935e+04
   5.8892454e+03
   3.3545600e+04
   4.2938505e+04
   3.6939567e+04
   4.4559878e+04
   2.1677646e+04
   1.4389542e+04
   2.7914818e+03
   2.5011073e+03
   9.7276051e+02
   2.1964485e+03
   2.7957934e+03
   1.4219088e+03
   9.6983805e+02
   2.4263722e+03
   2.0459940e+03
   5.0142029e+02
   3.9732977e+03
   9.0361669e+02
   5.5194472e+03
   5.9824774e+02
   1.1487266e+03
   2.4663697e+03
   2.6907957e+03
   1.4685488e+03
   1.2033735e+03
   1.3232466e+03
   1.8137773e+03
   7.6875852e+02
   1.0503413e+03
   5.2955342e+02
   2.9383685e+03
   6.7876532e+02
   1.0607088e+03
   1.5993660e+03
   2.3917128e+03
   1.7128128e+03
   4.3728907e+02
   1.3954917e+03
   1.9035418e+03
   1.8336744e+03
   1.2015879e+03
   8.7504971e+02
   1.7982545e+03
   2.0935081e+03
   2.1423513e+03
   2.0919586e+03
   3.6306212e+03
   2.4674998e+03
   4.0863987e+03
   2.9089447e+03
   2.4292283e+03
   3.4438334e+03
   3.9243341e+03
   4.2073081e+03
   9.6909127e+02
   1.6183194e+03
   2.7525274e+03
   3.4353217e+03
   2.0856603e+03
   2.2615104e+03
   4.6208912e+03
   4.1370472e+03
   5.0762101e+03
   5.1641599e+03
   3.8411254e+03
   4.9302184e+03
   3.1298246e+03
   4.3613839e+03
   2.8273626e+03
   4.1125592e+03
   2.0012011e+03
   8.2175971e+02
   1.1532081e+03
   1.4282248e+03
   1.2894699e+03
   1.5290407e+03
   1.4234648e+03
   2.0636888e+03
   3.6178099e+03
   2.1619209e+03
   2.7876480e+03
   2.2727203e+03
   3.8319952e+03
   2.2055597e+03
   3.8348990e+03
   2.8298359e+03
   2.6917406e+03
   2.1355481e+03
   2.1731735e+03
   1.7035893e+03
   2.5278782e+03
   4.4664775e+03
   2.7760357e+03
   1.9920530e+03
   2.4383070e+03
   4.4046485e+03
   1.0594713e+03
   1.6861603e+03
   2.3026582e+03
   2.8315189e+03
   2.3533748e+03
   2.8151172e+03
   2.6727476e+03
   6.9355247e+03
   1.7042378e+03
   3.9210957e+03
   2.4051554e+03
   2.8299449e+03
   4.0447854e+03
   2.0604622e+03
   2.0712428e+03
   1.1627445e+03
   4.5440679e+03
   5.9503691e+03
   3.2517488e+03
   8.3707462e+02
   4.4880982e+03
   1.5456491e+03
   3.6051024e+03
   5.6980064e+03
   7.7408255e+03
   6.5554902e+03
   7.7230973e+03
   4.9981788e+03
   4.1705107e+03
   1.6589640e+03
   3.3088299e+03
   2.8447513e+03
   4.1247923e+03
   4.1336397e+03
   2.4505545e+03
   3.9806936e+03
   3.5606806e+03
   3.7807795e+03
   3.6449430e+03
   2.7154011e+03
   3.6656049e+03
   3.3462313e+03
   1.9944751e+03
   4.1121429e+03
   2.6857655e+03
   3.8091164e+03
   2.7671548e+03
   1.5235953e+03
   7.6647041e+02
   3.8893044e+03
   3.4221720e+03
   5.0052271e+03
   3.0409935e+03
   5.4635722e+03
   5.3934254e+03
   6.8036933e+03
   7.2345620e+03
   3.8068386e+03
   6.2868421e+03
   4.3207067e+03
   6.9000206e+02
   6.9821768e+03
   5.6814094e+03
   7.0493283e+03
   8.0769452e+03
   2.8571020e+03
   2.2313901e+02
   4.2800663e+03
   1.6796302e+03
   4.2111583e+03
   5.8346751e+02
   1.3206480e+03
   6.2978775e+02
   1.5213428e+03
   6.0818026e+02
   1.4633060e+03
   1.3834705e+03
   2.4396232e+03
   5.2480288e+03
   3.3482819e+03
   4.7405678e+03
   2.0918037e+03
   3.2698238e+03
   2.1799016e+03
   3.3087458e+03
   3.0468623e+03
   3.7193338e+03
   3.4972657e+03
   3.2179226e+03
   6.6879005e+03
   4.4753718e+03
   7.2272213e+03
   5.3244939e+03
   4.1863477e+03
   5.7906216e+03
   2.2621709e+03
   3.3193409e+03
   2.6114993e+03
   3.4144573e+03
   4.0568547e+03
   3.5526500e+03
   3.6310487e+03
   2.3679604e+03
   3.9608199e+03
   2.4097822e+03
   1.0309159e+03
   4.1561036e+02
   8.7503363e+02
   1.9446548e+03
   2.9581378e+03
