   4.3074523e+03
   1.9652191e+03
   4.9158277e+03
   5.4658468e+03
   2.0580411e+03
   1.7253401e+03
   2.6874802e+03
   3.1174045e+03
   1.1302353e+03
   1.2042735e+03
   3.2373504e+03
   9.6182861e+02
   6.0947330e+02
   7.2068015e+02
   4.0709642e+02
   2.0404278e+03
   1.2335859e+02
   2.4097227e+02
   2.8295255e+02
   1.7966572e+02
   1.5672800e+03
   1.2065373e+02
   2.3073732e+03
   1.2015031e+02
   5.1857146e+02
   9.1915327e+02
   2.9528638e+01
   5.9217000e+02
   4.4815035e+03
   1.9388342e+03
   2.6701756e+03
   2.4521826e+03
   3.0662423e+03
   6.5321760e+02
   3.7163916e+03
   2.4053129e+03
   3.6611556e+03
   1.5557848e+03
   9.9875410e+02
   1.9870909e+03
   2.1589044e+03
   4.7580212e+03
   3.7022292e+03
   1.1858214e+03
   5.0504601e+02
   1.2667076e+02
   4.6076566e+03
   4.3149207e+03
   5.5984179e+03
   5.2742623e+03
   5.3324133e+03
   3.7283507e+03
   5.6167600e+03
   5.1426424e+03
   5.0108288e+03
   3.9634786e+03
   2.9753807e+03
   2.0603873e+03
   8.5726749e+02
   1.4762065e+03
   3.8301138e+03
   4.7801337e+03
   4.9192239e+03
   4.9048619e+03
   4.8995029e+02
   7.3988378e+02
   2.1070232e+03
   8.0194444e+02
   3.9397968e+02
   5.3379389e+02
   3.8439450e+03
   7.2712753e+02
   2.9556617e+03
   9.7214265e+02
   1.1866027e+03
   1.2612078e+02
   1.5814897e+02
   1.0306126e+03
   2.3726487e+02
   7.9840612e+01
   1.1750642e+02
   1.1515835e+02
   3.3119648e+02
   9.3385602e+01
   1.0223887e+02
   1.5026039e+03
   2.0943383e+02
   2.8360169e+03
   4.8706808e+01
   7.2406953e+02
   1.8686049e+02
   3.9091025e+02
   1.8475630e+01
   2.3051584e+02
   9.5912383e+01
   3.4489701e+01
   1.2007870e+02
   4.9663914e+01
   4.5454560e+01
   9.7869504e+01
   1.0331207e+02
   1.3108117e+03
   4.0899697e+02
   7.7111047e+01
   3.1004582e+02
   5.6678175e+01
   4.6379964e+02
   1.1108093e+03
   2.9517223e+01
   3.1673694e+02
   4.1591606e+01
   4.1329495e+01
   4.8335363e+02
   8.0722906e+02
   1.0253411e+03
   8.8915621e+01
   5.6591049e+02
   8.6676905e+01
   4.5497374e+02
   3.0422336e+02
   7.0004167e+01
   5.9732430e+01
   1.0112906e+03
   4.3139698e+02
   3.3084933e+03
   3.5033566e+02
   2.3434416e+03
   2.3624699e+03
   2.3412103e+03
   2.2593369e+03
   2.6047129e+03
   3.6756183e+03
   3.3019034e+03
   4.2056308e+03
   3.1379334e+03
   3.5358171e+03
   4.8838549e+03
   4.8700539e+03
   3.0904345e+03
   3.0521956e+03
   5.4180800e+02
   2.5353741e+03
   1.7258994e+03
   2.0064523e+03
   2.1997491e+03
   2.5645146e+03
   1.4194179e+03
   2.0779044e+03
   1.3330725e+03
   8.7494264e+02
   1.0100479e+03
   1.6916002e+03
   8.5593996e+02
   1.6227664e+03
   8.9916747e+02
   5.7764410e+02
   1.5016087e+03
   5.3441988e+02
   9.4364793e+02
   9.8199059e+02
   1.2023620e+03
   1.9455936e+03
   9.4468129e+02
   1.6095699e+03
   7.8000420e+02
   7.9640046e+02
   1.1806742e+03
   1.5068846e+03
   9.7266431e+02
   1.1948804e+03
   1.9842137e+03
   1.5082607e+03
   3.0534418e+03
   4.5278950e+03
   2.5300918e+03
   3.6337241e+03
   2.5748321e+03
   3.1281915e+03
   1.4415545e+03
   2.0833563e+03
   7.8293047e+02
   1.6175824e+03
   1.2120288e+03
   1.2897877e+03
   4.2465935e+03
   1.4649914e+03
   2.2673246e+03
   3.1811750e+03
   8.6449050e+02
   1.9906115e+03
   3.6789774e+03
   3.3463325e+03
   4.2119458e+03
   4.6848812e+03
   3.8178426e+03
   4.0031656e+03
   4.2792007e+03
   5.7047570e+03
   4.7762254e+03
   4.7371632e+03
   5.1708772e+03
   4.7217757e+03
   4.2030860e+03
   4.8263181e+03
   4.2182519e+03
   5.2034942e+03
   2.4655265e+03
   3.0284894e+03
   5.6636132e+03
   5.2534730e+03
   4.3131235e+03
   5.1184390e+03
   5.3539681e+03
   5.5856405e+03
   4.2503586e+03
   4.0172061e+03
   5.7978133e+03
   5.4378810e+03
   5.6494486e+03
   5.6599803e+03
   3.4780712e+03
   3.2694785e+03
   2.9373308e+03
   5.6507195e+03
   3.9469970e+03
   5.3936122e+03
   5.7862907e+03
   5.3917719e+03
   2.1437561e+03
   4.5206453e+03
   5.6524899e+03
   5.1248492e+03
   1.9448376e+03
   5.4453406e+03
   5.0612050e+03
   4.4453231e+03
   2.7519631e+03
   4.2699036e+03
   3.9103410e+03
   4.8410450e+03
   4.2614316e+03
   4.7566550e+03
   5.5486587e+03
   3.9383631e+03
   2.9832018e+03
   3.2267557e+03
   3.3116043e+03
   1.4613141e+03
   2.9343705e+03
   1.9788263e+03
   2.1880367e+03
   1.0628213e+03
   2.3041700e+03
   1.4225780e+03
   1.9548817e+03
   1.2677393e+03
   1.8437581e+03
   2.8370848e+03
   2.1903257e+03
   1.1287689e+03
   4.0892889e+03
   3.8198561e+03
   3.6399481e+03
   2.1569316e+03
   2.9366618e+03
   1.6503845e+03
   2.5350797e+03
   3.2729943e+03
   2.6886213e+03
   3.9675563e+03
   2.7318943e+03
   1.6553259e+03
   1.7397636e+03
   1.2860376e+03
   1.3566089e+03
   9.0136919e+02
   8.2352087e+02
   4.9723684e+02
   4.8043693e+02
   1.2397300e+03
   8.6520818e+02
   1.3557871e+03
   1.2912763e+03
   5.7191936e+02
   1.2541026e+03
   9.9448574e+02
   1.6660070e+03
   7.0241193e+02
   1.2558799e+03
   8.9730181e+02
   3.2393893e+03
   2.7361017e+03
   2.7238752e+03
   3.6132270e+02
   1.6314924e+03
   3.0013095e+03
   3.3359523e+03
   3.3755271e+03
   4.0010792e+03
   5.2811940e+03
   3.3760128e+03
   2.1687377e+03
   4.5634834e+03
   5.0582855e+03
   4.9030714e+03
   5.3350436e+03
   4.1879034e+03
   3.8112135e+03
   2.4029155e+03
   2.6390110e+03
   1.4622832e+03
   2.0060678e+03
   2.6922689e+03
   1.8303136e+03
   1.9786378e+03
   1.2741394e+03
   6.5581399e+02
   1.4941813e+03
   3.5810221e+02
   9.5253951e+01
   2.1856584e+02
   2.4128084e+01
   4.3494787e+01
   9.9695020e+01
   1.1617422e+02
   1.0219450e+02
   2.6191633e+02
   7.4399868e+02
   3.9765697e+02
   2.6260439e+01
   4.9943284e+01
   3.1246963e+01
   6.3051857e+02
   1.9871341e+03
   1.0272207e+03
   5.3710848e+02
   1.8563019e+02
   1.9969744e+02
   1.4355319e+03
   4.2674990e+02
   9.3277620e+02
   6.1184920e+02
   6.9293871e+02
   1.2497813e+02
   7.0544517e+02
   4.9604880e+02
   5.1356131e+02
   2.9504413e+02
   2.3567725e+02
   4.2462120e+02
   2.0116139e+02
   3.5648022e+02
   4.3266307e+02
   2.7898786e+02
   1.0812748e+02
   1.8577325e+02
   8.3406368e+01
   2.2787151e+02
   1.5654676e+02
   2.1870014e+02
   6.8574457e+01
   1.1450960e+02
   1.4425991e+02
   1.3237773e+02
   1.2993003e+02
   1.2080099e+02
   1.7271114e+02
   1.3374988e+02
   3.0805482e+02
   1.6270348e+02
   2.7422061e+02
   1.1369855e+02
   4.0218475e+02
   9.4185562e+01
   8.3904981e+02
   3.2081131e+02
   3.3466022e+02
   2.0188964e+02
   6.5083002e+02
   2.5056298e+02
   1.3535061e+02
   7.6743288e+01
   1.3954096e+02
   7.8295687e+01
   1.2393318e+02
   1.2969203e+02
   1.3264611e+02
   1.1844472e+02
   1.1866845e+02
   9.2674741e+01
   1.4499386e+02
   7.1567452e+01
   7.9207010e+01
   1.1000726e+02
   9.1107567e+01
   1.3319402e+02
   1.3548135e+02
   2.2166260e+02
   7.6956791e+01
   7.9693497e+01
   1.4284132e+02
   1.3949363e+02
   5.2981900e+02
   1.3931626e+02
   1.6276415e+02
   2.5564149e+02
   1.1712910e+02
   1.8614328e+02
   9.1832638e+01
   1.5988429e+02
   4.8583387e+02
   1.1573702e+02
   1.3115372e+02
   7.2758436e+01
   1.8880435e+02
   2.3127974e+02
   1.4744930e+02
   2.7864634e+01
   2.0027310e+02
   4.8524073e+01
   2.6999564e+02
   2.2059704e+02
   2.9803060e+02
   2.4303853e+02
   3.7537729e+02
   2.0661363e+02
   1.8647262e+02
   9.4878443e+01
   1.7941389e+02
   1.5200882e+02
   1.7385723e+02
   1.8544426e+02
   1.5700532e+02
   5.4915535e+02
   2.1075249e+02
   2.3219249e+02
   2.3617314e+02
   1.1804210e+02
   3.1091917e+02
   7.5766885e+02
   1.4182774e+03
   5.8263535e+02
   1.1297005e+03
   3.6271998e+02
   6.8659326e+02
   6.4589529e+02
   9.6684834e+02
   3.6092986e+02
   3.7812133e+02
   3.3683050e+02
   4.4703947e+02
   3.8077981e+02
   2.7314298e+02
   3.6107357e+02
   3.0815609e+02
   1.6698316e+02
   2.6649063e+02
   4.7427154e+02
   6.6936603e+02
   3.9342347e+02
   4.4552103e+02
   2.6324437e+02
   3.3018410e+02
   5.3302945e+02
   7.8371950e+02
   4.4539568e+02
   5.8341884e+02
   4.9396976e+02
   6.8812837e+02
   6.1749769e+02
   7.1155388e+02
   5.9829103e+02
   6.7441203e+02
   6.0022101e+02
   6.5577037e+02
   5.9936701e+02
   4.2807909e+02
   4.5365048e+02
   4.0294061e+02
   8.4663585e+02
   8.0912334e+02
   5.5123267e+02
   1.7324264e+02
   4.4070619e+02
   2.4993661e+02
   3.3563651e+02
   4.6719386e+02
   3.9163706e+02
   2.9676167e+02
   3.3559989e+02
   3.3372374e+02
   2.2184507e+02
   2.4465697e+02
   9.6521449e+01
   1.4458004e+02
   1.1057710e+02
   1.8057417e+02
   4.0350704e+02
   2.3910861e+02
   5.2545464e+02
   1.2937199e+03
   5.2948047e+02
   7.8759586e+02
   1.1704226e+03
   1.7296708e+03
   1.8052588e+03
   1.3138717e+03
   8.5384062e+02
