   1.2358859e+03
   6.6363481e+02
   2.1590013e+03
   2.2038215e+03
   2.6827711e+02
   1.1611429e+02
   4.9209783e+02
   7.7635114e+02
   1.7285600e+01
   1.9961458e+02
   1.6165751e+03
   6.3716725e+01
   4.0973850e+01
   4.0102853e+01
   7.2210122e+01
   8.2642371e+02
   1.4373619e+02
   7.0012256e+01
   6.9222807e+01
   1.8036776e+02
   2.1089326e+02
   1.2726129e+02
   9.1701478e+02
   1.4060473e+02
   2.6120239e+02
   7.0661994e+02
   1.5060920e+02
   3.3792593e+02
   1.9954676e+03
   1.7568250e+02
   1.2252243e+03
   3.1821981e+02
   5.3888618e+02
   1.8615052e+02
   9.0942965e+02
   5.5816387e+02
   8.5053693e+02
   4.5748341e+01
   2.4795212e+02
   1.2573810e+02
   3.7781294e+02
   1.7583023e+03
   1.2774647e+03
   5.7664948e+01
   3.2298257e+02
   1.4535925e+02
   1.7897242e+03
   1.7941924e+03
   2.1994826e+03
   2.0155507e+03
   1.8976059e+03
   9.8769130e+02
   2.2655026e+03
   2.1053782e+03
   2.1416071e+03
   1.5131058e+03
   1.1647684e+03
   1.1553145e+03
   1.2937213e+02
   7.2736081e+02
   1.1324798e+03
   2.1263012e+03
   1.6679801e+03
   1.8571374e+03
   4.6046497e+01
   1.4857566e+02
   7.4264569e+02
   2.8012285e+01
   6.5335595e+01
   4.6436338e+01
   1.6236221e+03
   6.4586511e+01
   1.4371743e+03
   7.4269619e+02
   3.4805762e+02
   1.0127778e+02
   9.0122755e+01
   5.8893699e+02
   7.9180738e+01
   2.4431053e+02
   1.4117904e+02
   1.4095220e+02
   5.7098938e+01
   1.2189479e+02
   1.0056933e+02
   5.8083331e+02
   8.0718469e+01
   1.5074463e+03
   1.2326493e+02
   2.5465097e+02
   2.3555416e+02
   3.6068785e+02
   1.4840117e+02
   3.4921832e+02
   1.3176445e+02
   1.3331616e+02
   1.0502504e+02
   1.1591019e+02
   1.2495135e+02
   1.3548011e+02
   1.3581214e+02
   1.0229198e+02
   1.7008521e+02
   2.0231701e+02
   1.8974829e+02
   1.7661573e+02
   1.0646324e+02
   4.1870590e+02
   1.2613456e+02
   1.5047769e+02
   1.4116207e+02
   1.2907270e+02
   1.9418634e+02
   2.8698895e+02
   8.1137714e+01
   2.4600898e+02
   1.7661524e+02
   1.3689649e+02
   1.6156437e+02
   1.9743393e+02
   2.2986023e+02
   1.4036993e+02
   5.4256458e+02
   4.3651220e+02
   1.4969104e+03
   2.4847915e+02
   1.0993763e+03
   1.3078385e+03
   9.4618077e+02
   1.1769375e+03
   9.0035114e+02
   1.5035526e+03
   1.1832377e+03
   1.4538797e+03
   7.1719803e+02
   1.1372771e+03
   1.6263610e+03
   1.6920595e+03
   5.6212893e+02
   7.9685395e+02
   1.4854219e+02
   3.3079330e+02
   7.0996775e+02
   3.3183429e+02
   6.1830550e+02
   4.0294024e+02
   4.8346302e+02
   2.5589273e+02
   2.6050042e+02
   1.3391983e+02
   3.6361260e+02
   9.2756930e+02
   2.5178449e+02
   4.3657769e+02
   6.4991414e+02
   5.3471051e+02
   2.1168541e+02
   1.6190590e+02
   3.2272157e+01
   2.0137333e+02
   1.2068507e+02
   1.0727604e+02
   5.4230765e+01
   9.8937953e+01
   1.0402613e+02
   7.4452213e+01
   1.6493148e+00
   2.3958898e+01
   4.3958951e+01
   9.0246883e+00
   2.6740970e+02
   5.6373240e+01
   7.0876048e+02
   1.4252165e+03
   5.2440736e+02
   8.7774021e+02
   6.8865790e+02
   1.0519866e+03
   4.9298535e+02
   5.5038516e+02
   1.4550361e+02
   3.2753944e+02
   5.2030090e+02
   3.2823250e+02
   1.9550292e+03
   9.5918484e+02
   1.1579656e+03
   1.6153672e+03
   3.9325051e+02
   9.3462094e+02
   1.1048875e+03
   1.4650906e+03
   1.6718150e+03
   2.0868025e+03
   1.8582461e+03
   1.7389424e+03
   1.2021133e+03
   2.2238138e+03
   1.5624188e+03
   2.1235789e+03
   1.9626141e+03
   1.8960177e+03
   1.2384862e+03
   1.5540627e+03
   1.3519145e+03
   1.8824249e+03
   2.8635929e+02
   6.0025057e+02
   2.1792018e+03
   2.2054885e+03
   1.3857494e+03
   2.0435490e+03
   1.9301755e+03
   2.1302972e+03
   1.9587347e+03
   1.9072470e+03
   2.2601068e+03
   2.2519987e+03
   2.1421013e+03
   2.2507967e+03
   1.6951949e+03
   1.6366924e+03
   1.5468917e+03
   2.1893977e+03
   1.4423526e+03
   1.9936744e+03
   2.2622972e+03
   2.1459799e+03
   2.0666730e+02
   1.7638975e+03
   2.2463916e+03
   1.9078487e+03
   1.2490575e+02
   2.0396662e+03
   1.8046702e+03
   1.3403761e+03
   8.3867329e+02
   1.7410276e+03
   1.8891855e+03
   2.0445457e+03
   1.4797162e+03
   1.5997513e+03
   2.1735130e+03
   1.7185369e+03
   1.4080390e+03
   1.0860721e+03
   1.4270666e+03
   3.5554906e+02
   1.0985682e+03
   1.0322661e+03
   1.2189941e+03
   6.5903224e+02
   8.1373437e+02
   7.5469887e+02
   5.3612630e+02
   3.8160113e+02
   2.8708945e+02
   7.7434059e+02
   5.0804831e+02
   7.6916582e+01
   1.1880001e+03
   9.4457825e+02
   8.7197270e+02
   1.7121410e+02
   5.2178613e+02
   1.0660552e+02
   3.1100141e+02
   6.4111644e+02
   3.5580706e+02
   1.1115532e+03
   4.6507930e+02
   1.7451867e+02
   6.2804521e+01
   5.0535434e+01
   1.6515839e+02
   2.4939480e+02
   5.8172234e+01
   6.4210007e+01
   1.6698325e+02
   5.6533898e+02
   2.3834331e+01
   1.7692202e+01
   3.2188720e+01
   5.0874035e+01
   1.9633302e+02
   3.2246345e+01
   3.6657428e+02
   9.4078622e+01
   1.2693594e+02
   2.1373297e+02
   1.3559363e+03
   5.6256822e+02
   9.7960003e+02
   4.3249868e+02
   4.6425745e+02
   1.3992565e+03
   7.1932540e+02
   1.0897171e+03
   1.2347677e+03
   2.1953758e+03
   9.4503796e+02
   4.9957668e+02
   1.6391126e+03
   1.8897975e+03
   2.0632278e+03
   2.2365447e+03
   1.9051045e+03
   1.8458876e+03
   1.1257225e+03
   1.4410662e+03
   6.2669877e+02
   8.2656617e+02
   1.4469661e+03
   1.0639874e+03
   1.1723799e+03
   8.2272324e+02
   5.2307113e+02
   9.3595015e+02
   4.4022600e+02
   1.7715131e+02
   1.9332263e+02
   1.6201808e+02
   1.8472824e+02
   2.7110993e+02
   2.3748311e+02
   1.4135198e+02
   1.8239786e+02
   3.1307059e+02
   3.4940531e+02
   1.7755807e+02
   1.1492979e+02
   1.5167294e+02
   5.6331083e+02
   1.0347177e+03
   6.7794362e+02
   1.9711950e+02
   3.0702156e+02
   2.6704111e+02
   7.3239390e+02
   2.9040027e+02
   1.5775365e+02
   1.6351719e+02
   3.7728450e+02
   1.4820194e+02
   7.6598458e+01
   1.0093120e+02
   8.4631689e+01
   9.2046117e+01
   6.9605855e+01
   5.5807009e+01
   7.8307038e+01
   5.3795310e+01
   5.4564253e+01
   6.1817690e+01
   1.1929534e+02
   8.3798486e+01
   1.1388790e+02
   1.0725469e+02
   8.8278007e+01
   7.4034150e+01
   1.1691863e+02
   9.7746668e+01
   1.0520654e+02
   1.0616185e+02
   1.2135515e+02
   1.3602126e+02
   8.6655804e+01
   1.1599741e+02
   6.0063457e+01
   9.3636998e+01
   7.0579307e+01
   1.1814980e+02
   1.0963288e+02
   1.2717969e+02
   3.7937801e+02
   1.5497286e+02
   2.0977069e+02
   1.0726841e+02
   4.4054544e+02
   9.0488776e+01
   9.9261789e+01
   1.1147309e+02
   9.2501019e+01
   1.2874380e+02
   1.4275024e+02
   1.4030139e+02
   1.4440721e+02
   1.3907849e+02
   1.3886878e+02
   1.3372520e+02
   1.4571144e+02
   1.2937450e+02
   1.2744383e+02
   1.3274691e+02
   1.1182767e+02
   1.4877149e+02
   1.4080194e+02
   2.2002696e+02
   1.4625442e+02
   1.8101821e+02
   1.4214894e+02
   1.7248918e+02
   1.8215059e+02
   1.4174013e+02
   1.5336287e+02
   1.9066084e+02
   1.4268807e+02
   1.6840263e+02
   2.5469207e+02
   1.5876318e+02
   1.6433267e+02
   1.6394956e+02
   1.5348652e+02
   1.5830581e+02
   1.8345859e+02
   1.9308971e+02
   1.8086687e+02
   1.7681547e+02
   2.0850961e+02
   2.1950007e+02
   3.8982168e+02
   1.8717379e+02
   1.9082491e+02
   1.8851590e+02
   1.7683670e+02
   1.7820376e+02
   1.7366777e+02
   1.6439935e+02
   2.6957933e+02
   1.6368104e+02
   1.9048167e+02
   1.7338390e+02
   1.5001765e+02
   4.7827631e+02
   3.4760784e+02
   2.4925124e+02
   3.3108331e+02
   2.0637244e+02
   2.6228845e+02
   5.1609682e+02
   7.0916684e+02
   5.4166358e+02
   6.8265558e+02
   3.7071939e+02
   4.0611403e+02
   2.4092134e+02
   1.5908143e+02
   2.3079248e+02
   3.1722575e+02
   2.0781632e+02
   2.2710922e+02
   1.9039170e+02
   2.0833260e+02
   1.8439629e+02
   1.9183823e+02
   2.0576195e+02
   1.9844700e+02
   1.6641949e+02
   1.2123691e+02
   1.7462680e+02
   1.6523305e+02
   1.9204916e+02
   1.8601765e+02
   1.5502165e+02
   6.9897486e+01
   1.8232034e+02
   1.5169594e+02
   1.5696488e+02
   1.1914765e+02
   1.8254525e+02
   1.4230531e+02
   1.3366249e+02
   1.0859454e+02
   1.3947771e+02
   2.2657090e+02
   3.2577719e+02
   1.7633290e+02
   2.0234801e+02
   1.9278247e+02
   3.9819691e+02
   5.3819745e+02
   2.6028960e+02
   3.2177089e+02
   2.3522893e+02
   3.4205235e+02
   2.9030541e+02
   3.4294204e+02
   1.7671030e+02
   2.2508606e+02
   1.8794357e+02
   2.0389866e+02
   2.2718208e+02
   2.0055405e+02
   2.0150520e+02
   1.9738748e+02
   2.3390422e+02
   2.4995049e+02
   4.2013233e+02
   2.9057190e+02
   4.2057194e+02
   8.3481250e+02
   5.3111291e+02
   6.3189443e+02
   7.8168754e+02
   1.0554948e+03
   1.1057602e+03
   8.9107011e+02
   6.8809336e+02
