   4.1122319e+03
   2.1255179e+03
   5.8644866e+03
   6.4609876e+03
   6.2485925e+02
   4.2498325e+02
   8.7078144e+02
   1.4335548e+03
   3.6611265e+02
   6.2440936e+02
   3.7161714e+03
   3.9577713e+02
   1.9334197e+02
   2.6810083e+02
   1.2651951e+02
   1.7832334e+03
   2.9679625e+02
   4.6765300e+01
   6.6443045e+01
   2.5076786e+02
   1.0087211e+03
   2.4571989e+02
   2.6651540e+03
   2.8654113e+02
   1.6075857e+03
   1.6407647e+03
   2.4856745e+02
   5.9271931e+02
   5.4585108e+03
   6.5092062e+02
   3.2923003e+03
   9.8621895e+02
   1.7024815e+03
   1.6886832e+03
   2.9817464e+03
   1.8079191e+03
   2.7937620e+03
   3.8781285e+02
   1.5349702e+03
   4.2556463e+02
   8.3600553e+02
   5.4463533e+03
   3.8766347e+03
   7.8668660e+02
   1.5629367e+03
   3.1471297e+02
   5.3738405e+03
   5.1475583e+03
   6.5795545e+03
   6.2144747e+03
   6.1342066e+03
   3.1995532e+03
   6.3068613e+03
   5.2717639e+03
   6.0185452e+03
   3.3061675e+03
   3.3374686e+03
   2.4541979e+03
   4.3527082e+02
   2.1666041e+03
   2.1552113e+03
   5.4419961e+03
   3.5923465e+03
   4.2925047e+03
   1.0289381e+02
   4.0873649e+02
   1.6244823e+03
   2.9994544e+02
   9.9278262e+01
   1.4214211e+02
   3.6701704e+03
   2.9822332e+02
   3.7114401e+03
   1.5512635e+03
   8.2974621e+02
   1.3316824e+02
   1.1733916e+02
   1.1198796e+03
   9.4987367e+01
   4.7721631e+02
   3.0993719e+02
   2.9159038e+02
   2.0894757e+01
   2.2308367e+02
   1.4542293e+02
   1.2600636e+03
   9.4849059e+01
   3.4420096e+03
   2.3838074e+02
   5.3736258e+02
   3.5278283e+02
   5.9341294e+02
   2.9985397e+02
   6.6502014e+02
   2.6043240e+02
   2.8694262e+02
   1.3701976e+02
   1.9062060e+02
   1.8302935e+02
   3.3895572e+02
   2.7633670e+02
   8.3228609e+02
   6.9393178e+02
   3.2718913e+02
   2.3415711e+02
   4.4156327e+02
   2.2414854e+02
   9.0309738e+02
   2.1863692e+02
   2.3880097e+02
   3.3295185e+02
   2.7237155e+02
   1.4989665e+03
   1.6980866e+03
   1.0592649e+03
   4.6133471e+02
   1.6719008e+03
   3.5375595e+02
   1.0491906e+03
   4.9728870e+02
   5.7537980e+02
   3.5044527e+02
   1.8674777e+03
   7.7852098e+02
   4.0336883e+03
   1.2006075e+03
   2.3643397e+03
   3.0992962e+03
   2.7300620e+03
   2.9779090e+03
   2.6974813e+03
   4.2825540e+03
   3.5067225e+03
   4.5177497e+03
   2.2817315e+03
   3.4980391e+03
   5.3309389e+03
   5.4321377e+03
   1.7823093e+03
   2.5026022e+03
   1.5933475e+03
   1.0147244e+03
   2.2053337e+03
   1.1944610e+03
   2.0035876e+03
   1.2709818e+03
   1.8216281e+03
   8.9249675e+02
   1.3313795e+03
   1.4024720e+03
   1.7253099e+03
   2.4197803e+03
   1.6396808e+03
   1.6598257e+03
   1.7321991e+03
   1.3741669e+03
   1.0621388e+03
   1.6013337e+03
   9.9741818e+02
   1.4512891e+03
   9.9862034e+02
   3.7100009e+02
   1.0719010e+03
   5.6501691e+02
   1.4552908e+03
   1.3577486e+03
   5.7034417e+02
   3.3757344e+02
   9.9961052e+02
   5.8642710e+02
   9.7329435e+02
   4.7049608e+02
   2.2428073e+03
   2.8295762e+03
   1.6821229e+03
   2.8614595e+03
   2.1659104e+03
   3.1585256e+03
   1.8326883e+03
   1.8340282e+03
   1.5328442e+03
   1.3575560e+03
   1.8941403e+03
   1.5337380e+03
   5.1965387e+03
   2.0232926e+03
   2.9689083e+03
   4.0009948e+03
   1.7645396e+03
   2.5896568e+03
   3.4751747e+03
   4.0162844e+03
   4.9007014e+03
   5.2507721e+03
   4.6823247e+03
   4.8333819e+03
   4.0152025e+03
   6.0138351e+03
   5.1281724e+03
   5.6636135e+03
   6.0679626e+03
   5.6027955e+03
   4.0532031e+03
   5.1530349e+03
   4.3143370e+03
   5.9995745e+03
   8.6293049e+02
   1.9040255e+03
   6.6374935e+03
   6.2341738e+03
   4.4471375e+03
   6.0979928e+03
   6.1936583e+03
   6.5679204e+03
   4.7776691e+03
   4.9294036e+03
   6.5573948e+03
   6.1291529e+03
   6.6228248e+03
   6.5552356e+03
   4.3365254e+03
   3.7798179e+03
   3.7091522e+03
   5.7879078e+03
   3.0900515e+03
   4.8327128e+03
   6.5140710e+03
   5.4805229e+03
   4.3577625e+02
   4.0131939e+03
   6.1327811e+03
   4.4718906e+03
   3.4872007e+02
   5.0338116e+03
   4.0820503e+03
   2.5628877e+03
   1.7488395e+03
   3.9791008e+03
   4.6177866e+03
   5.0220284e+03
   3.1142714e+03
   3.3801107e+03
   5.6582874e+03
   3.9551881e+03
   3.1272463e+03
   2.2595640e+03
   3.1656019e+03
   8.9500478e+02
   2.3588235e+03
   2.1659687e+03
   2.6222260e+03
   1.2500810e+03
   1.7672074e+03
   1.5141659e+03
   1.2218411e+03
   8.9995675e+02
   7.3916222e+02
   1.5555447e+03
   1.1220508e+03
   4.4460855e+02
   2.2074044e+03
   1.5429795e+03
   1.4187404e+03
   3.4183482e+02
   7.9847004e+02
   4.3208980e+02
   4.6880140e+02
   9.2811914e+02
   4.8964354e+02
   2.0147526e+03
   7.6934417e+02
   5.6245314e+02
   3.0907902e+02
   4.0916793e+02
   5.8496545e+02
   6.0309647e+02
   3.3984988e+02
   1.5544782e+02
   3.2149571e+02
   1.1566469e+03
   3.2269198e+02
   3.4659928e+02
   3.8023468e+02
   1.8035032e+02
   6.2620352e+02
   3.6829653e+02
   9.1904134e+02
   3.2089533e+02
   5.2433327e+02
   5.5562876e+02
   2.9809365e+03
   1.0351510e+03
   2.0989780e+03
   8.5187056e+02
   1.0902598e+03
   3.1044789e+03
   1.1315534e+03
   2.2200946e+03
   2.4063120e+03
   5.7165255e+03
   1.7977405e+03
   1.1078358e+03
   3.5700691e+03
   4.4046697e+03
   5.0963690e+03
   6.2448953e+03
   4.5688612e+03
   4.4458718e+03
   2.4269103e+03
   3.3512610e+03
   1.3202032e+03
   1.7784663e+03
   3.2611465e+03
   2.5587545e+03
   2.6572762e+03
   2.0394904e+03
   9.3758723e+02
   1.9021081e+03
   1.0174196e+03
   2.5525184e+02
   3.1011018e+02
   3.6285275e+02
   4.4957832e+02
   6.2856157e+02
   6.6058932e+02
   3.8254926e+02
   2.6730737e+02
   6.1962343e+02
   5.6943524e+02
   3.3796007e+02
   1.7900864e+02
   2.4795739e+02
   1.0824495e+03
   2.1720683e+03
   1.2824008e+03
   3.8451391e+02
   5.5071679e+02
   4.2021763e+02
   1.4802435e+03
   4.7076059e+02
   4.9811969e+02
   3.7178447e+02
   6.8476868e+02
   1.9724261e+02
   3.0081718e+02
   2.2818745e+02
   2.0679975e+02
   1.3959011e+02
   3.3431091e+01
   8.2957974e+01
   5.7549769e+01
   2.0169461e+01
   8.3787436e+01
   9.3814583e+00
   2.1700722e+02
   8.0445173e+01
   1.5168690e+02
   1.5190477e+02
   1.1468068e+02
   5.8288496e+01
   2.0289723e+02
   1.3981632e+02
   1.6800014e+02
   1.7369202e+02
   2.2720434e+02
   2.7315244e+02
   9.9816011e+01
   2.0820840e+02
   2.3364024e+01
   1.2193890e+02
   6.9238343e+01
   2.1407559e+02
   2.0585099e+02
   1.6681633e+02
   7.4552765e+02
   2.4620373e+02
   3.2607796e+02
   1.4675708e+02
   7.6948776e+02
   1.2615120e+02
   1.4995252e+02
   1.8225070e+02
   1.2741854e+02
   2.6639603e+02
   3.2095145e+02
   3.8561592e+02
   3.3665976e+02
   3.3882960e+02
   3.4417295e+02
   3.1347029e+02
   4.1376032e+02
   2.8365325e+02
   2.5211786e+02
   2.6067983e+02
   1.8782958e+02
   4.0864717e+02
   3.8484678e+02
   6.4009966e+02
   3.8192310e+02
   4.5652857e+02
   4.0325867e+02
   3.9750250e+02
   1.6154094e+03
   3.7699857e+02
   4.0784266e+02
   1.8462326e+02
   3.9503568e+02
   3.4635515e+02
   6.4328584e+02
   3.9502001e+02
   1.3653901e+03
   4.1026729e+02
   4.0613317e+02
   4.0609672e+02
   3.2593210e+02
   2.7958427e+02
   3.9693395e+02
   4.0258359e+02
   5.0299469e+02
   4.8473638e+02
   8.5454183e+02
   2.5715016e+02
   2.0085657e+02
   1.9592247e+02
   4.4647010e+02
   2.8387511e+02
   3.3114424e+02
   4.1705636e+02
   8.4831260e+02
   3.8961082e+02
   3.8430653e+02
   3.3276921e+02
   4.1501037e+02
   1.4553369e+03
   8.8069525e+02
   8.7592022e+02
   1.0118491e+03
   5.3166501e+02
   1.1283195e+03
   1.6945576e+03
   2.1268054e+03
   1.3608215e+03
   1.9533112e+03
   1.2711135e+03
   1.6941260e+03
   1.7002398e+03
   1.3595632e+03
   1.1654185e+03
   1.3428879e+03
   8.7317175e+02
   1.4502634e+03
   8.9419779e+02
   5.9559533e+02
   5.7874590e+02
   3.3207757e+02
   4.9678684e+02
   3.7306249e+02
   1.3024658e+03
   1.6371298e+03
   6.3774441e+02
   1.0162131e+03
   1.9866253e+02
   2.4237962e+02
   1.5773583e+03
   1.3662415e+03
   1.2523840e+03
   1.6849915e+03
   1.3571849e+03
   1.6114840e+03
   1.6956071e+03
   1.6122359e+03
   1.6901710e+03
   1.6188220e+03
   1.6919631e+03
   1.7010433e+03
   1.6641960e+03
   1.0500203e+03
   1.4114441e+03
   1.0837033e+03
   1.7658893e+03
   1.7314580e+03
   1.6470168e+03
   8.1989339e+02
   1.4444849e+03
   1.0344499e+03
   1.2402794e+03
   1.4932611e+03
   6.8793908e+02
   8.8450036e+02
   4.2193169e+02
   7.9909377e+02
   7.0634652e+02
   3.9191627e+02
   5.1754889e+02
   4.6609193e+02
   6.4280496e+02
   7.8537632e+02
   1.2751367e+03
   1.0129894e+03
   1.5048052e+03
   2.0543305e+03
   1.1892974e+03
   1.2117179e+03
   1.5263486e+03
   2.2147263e+03
   2.4461306e+03
   1.9787082e+03
   1.4352269e+03
