   2.4130987e+04
   1.8142136e+03
   2.1656179e+04
   3.1388476e+04
   6.3441475e+03
   5.2312578e+03
   1.0395662e+04
   1.2378338e+04
   2.5780380e+03
   1.4217197e+03
   3.4529886e+03
   1.4279898e+03
   4.4935250e+02
   7.5705382e+02
   6.2130944e+02
   1.0905964e+03
   5.9095551e+03
   1.1640527e+03
   9.4418352e+02
   2.0524367e+03
   3.0491143e+03
   4.2654710e+03
   1.9614782e+03
   5.5086690e+03
   1.1636523e+03
   2.2886695e+03
   1.7000020e+03
   2.1837052e+03
   1.5939235e+04
   6.2091934e+03
   2.0357596e+03
   9.7580744e+03
   1.4713765e+04
   5.5977715e+02
   1.9135822e+04
   6.1430078e+03
   1.9135572e+04
   4.5860461e+03
   8.4391822e+02
   7.2795803e+03
   6.0367077e+03
   2.4456744e+04
   1.3370093e+04
   2.2966156e+03
   1.5361630e+03
   6.8447294e+03
   2.1193522e+04
   1.5904414e+04
   3.3815262e+04
   3.0282271e+04
   3.2735294e+04
   1.8145955e+04
   3.3570872e+04
   2.7331349e+04
   2.3618714e+04
   1.5011461e+04
   5.2098382e+03
   8.7400195e+01
   8.1072350e+02
   5.8870223e+02
   1.8302040e+04
   1.9835044e+04
   2.9378157e+04
   2.6639892e+04
   2.5764495e+02
   7.3442164e+02
   1.9956274e+03
   1.0974754e+03
   5.5702257e+02
   3.1364671e+02
   1.1411850e+04
   6.9236328e+02
   2.4807161e+03
   2.3394437e+03
   8.0657661e+02
   1.7554850e+03
   2.0999170e+03
   1.6396564e+03
   1.2550369e+03
   1.8368143e+03
   6.5660005e+03
   5.9238561e+03
   5.6181725e+02
   3.8076264e+03
   2.1465543e+03
   6.5067795e+02
   1.3878667e+03
   1.1456762e+03
   3.3288156e+03
   1.2160467e+03
   2.3040171e+03
   2.8410443e+03
   2.0347674e+03
   2.6481141e+03
   4.8817691e+03
   3.0186337e+03
   1.7471881e+03
   2.5521805e+03
   1.8401193e+03
   6.0760059e+03
   5.4060418e+03
   2.5559589e+03
   2.9340663e+03
   1.8465751e+03
   5.0232587e+03
   2.6762938e+03
   8.9439378e+02
   8.5617489e+02
   2.2272708e+03
   1.7267532e+03
   3.3126472e+03
   3.3020899e+03
   1.0473457e+03
   8.2420958e+02
   1.4675653e+03
   1.9130552e+03
   6.0618330e+02
   5.5195204e+03
   1.9824606e+03
   3.4849474e+03
   1.6641952e+03
   4.1462375e+03
   1.1581496e+03
   3.0529978e+03
   5.2499402e+03
   1.6128956e+03
   9.3745825e+02
   1.7892452e+02
   1.9540267e+03
   3.8266012e+02
   4.3333973e+03
   9.8232373e+03
   8.8644088e+03
   1.9089150e+04
   1.3090969e+04
   1.2836607e+04
   2.8549279e+04
   2.7433019e+04
   1.4720139e+04
   1.0734037e+04
   6.5377116e+02
   1.0589851e+04
   7.6145875e+02
   5.0063618e+03
   3.6658149e+03
   9.9394994e+03
   8.9803405e+02
   6.5337215e+03
   1.5843092e+03
   8.0224199e+02
   8.1915691e+02
   3.9372736e+02
   7.4517805e+02
   1.6792515e+03
   2.0197583e+03
   2.7140687e+03
   2.6706096e+03
   6.9509200e+02
   1.4197464e+03
   8.9554895e+02
   1.9210457e+03
   7.1148939e+03
   1.3057456e+03
   4.4052587e+03
   5.9125414e+02
   6.8675006e+02
   2.7251014e+03
   4.4739259e+03
   1.4710209e+03
   2.7354762e+03
   5.5375347e+03
   4.1442092e+03
   1.2021544e+04
   2.5895903e+04
   7.8999671e+03
   1.8290133e+04
   6.3592053e+03
   8.3101260e+03
   9.0660521e+02
   3.4227832e+03
   5.9224311e+02
   2.3834933e+03
   7.6948802e+02
   1.1434427e+03
   1.2564134e+04
   1.0304798e+03
   4.7569083e+02
   2.8740270e+03
   1.0441090e+03
   5.7841867e+02
   1.5565116e+04
   6.0274785e+03
   1.5932513e+04
   1.8730390e+04
   7.4765143e+03
   1.1560131e+04
   2.4140497e+04
   3.5644742e+04
   2.7580055e+04
   1.8827866e+04
   2.9124114e+04
   2.1722070e+04
   2.2314902e+04
   2.8526615e+04
   2.0871819e+04
   3.0747104e+04
   1.0361816e+04
   1.3251761e+04
   3.5113640e+04
   2.7409188e+04
   2.2003804e+04
   2.7033670e+04
   3.2730429e+04
   3.4331914e+04
   1.2961365e+04
   9.6573656e+03
   3.6556039e+04
   3.0503250e+04
   3.5263260e+04
   3.4354333e+04
   5.0761433e+03
   3.5780222e+03
   1.5278365e+03
   3.5191371e+04
   1.5821258e+04
   3.3306593e+04
   3.6382428e+04
   3.1340614e+04
   7.8277008e+03
   2.0995174e+04
   3.4512582e+04
   2.9865809e+04
   6.9177489e+03
   3.3626469e+04
   3.0075570e+04
   2.5588508e+04
   6.8865045e+03
   1.6828733e+04
   8.5080997e+03
   2.2500895e+04
   2.0637667e+04
   2.7507716e+04
   3.3713274e+04
   1.1507787e+04
   3.0527241e+03
   9.7913112e+03
   6.4708427e+03
   1.4318155e+03
   5.8870102e+03
   2.1872454e+02
   6.9565554e+01
   1.7705512e+03
   2.7887428e+03
   7.7180677e+02
   2.7261192e+03
   8.2018561e+02
   4.3351259e+03
   8.7299946e+03
   4.8982596e+03
   2.0227839e+03
   2.1745505e+04
   2.0556070e+04
   1.8732435e+04
   8.3518382e+03
   1.3153219e+04
   4.7706409e+03
   1.0753867e+04
   1.6237932e+04
   1.2019370e+04
   2.0764619e+04
   1.1246609e+04
   4.0964172e+03
   5.9071896e+03
   3.0565047e+03
   2.3662548e+03
   8.3731076e+02
   9.8744129e+02
   4.1962175e+02
   1.3872044e+03
   8.6226833e+02
   1.3663652e+03
   3.7804293e+03
   3.2629575e+03
   3.9021316e+02
   1.6292038e+03
   1.8159790e+03
   2.3438350e+03
   6.2970472e+02
   2.1808450e+03
   7.9690037e+02
   6.4242317e+03
   1.0112178e+04
   4.9190994e+03
   2.9955958e+03
   1.4493161e+03
   3.3040398e+03
   1.6160233e+04
   1.1842989e+04
   1.9667477e+04
   2.8495256e+04
   1.3815232e+04
   4.7813013e+03
   2.3629406e+04
   2.8938850e+04
   2.3388425e+04
   2.8625357e+04
   1.2756353e+04
   7.6857869e+03
   1.0702751e+03
   5.2698925e+02
   5.9921870e+02
   9.4108142e+02
   7.1693529e+02
   2.5406800e+02
   1.0788766e+02
   1.2204618e+03
   2.8633198e+03
   9.1599200e+02
   2.8272415e+03
   1.8756847e+03
   5.2790744e+03
   2.1147267e+03
   2.1069385e+03
   1.7964335e+03
   1.8304663e+03
   6.1184639e+03
   2.0576342e+03
   1.4790128e+03
   2.7880433e+03
   1.6318329e+03
   2.2714188e+03
   1.6923831e+03
   3.0336963e+03
   2.2000414e+02
   1.9943383e+03
   1.4523478e+03
   2.4664087e+03
   2.4383854e+03
   7.0813192e+02
   2.4293389e+03
   8.7237874e+02
   9.9325902e+02
   2.0310575e+03
   1.8485491e+03
   6.3093920e+02
   7.5791065e+02
   5.9366836e+02
   1.2079746e+03
   1.2318799e+03
   3.7099609e+02
   1.7080662e+03
   4.3170418e+02
   3.4292678e+02
   8.5229494e+02
   3.6475938e+03
   1.9682324e+03
   1.8094310e+03
   1.5454440e+03
   1.8326342e+03
   1.3779693e+03
   3.1836580e+03
   2.0999327e+03
   2.9921012e+03
   2.9447408e+03
   3.9047613e+03
   4.9823028e+03
   2.0090804e+03
   3.5829583e+03
   6.8855191e+02
   2.4201658e+03
   9.8975796e+02
   3.5885012e+03
   1.0859390e+03
   1.7597538e+03
   1.4678175e+03
   1.7481836e+03
   2.1233377e+03
   1.5913852e+03
   2.5194792e+03
   1.3185886e+03
   2.5163129e+03
   2.7983946e+03
   2.0239536e+03
   4.6940493e+03
   6.9683935e+03
   7.6007033e+03
   7.5087711e+03
   6.9822791e+03
   7.0271857e+03
   5.7352165e+03
   8.0178972e+03
   4.6542194e+03
   4.4545629e+03
   4.7615558e+03
   2.9933837e+03
   7.1869584e+03
   7.8996970e+03
   2.5972415e+03
   4.7144877e+03
   3.1070006e+03
   8.1860660e+03
   5.5398062e+03
   7.6334762e+02
   8.0869410e+03
   8.2877630e+03
   6.4088971e+03
   6.7887045e+03
   7.9373837e+03
   1.6675185e+03
   7.6650560e+03
   1.2359441e+03
   5.2927979e+03
   6.7296861e+03
   3.9760794e+03
   6.0926890e+03
   5.4986321e+03
   5.0313834e+03
   1.9032444e+03
   3.2997313e+03
   1.6125975e+03
   2.6785483e+03
   6.5320270e+03
   5.3865941e+03
   6.8399341e+03
   3.7877269e+03
   7.5678062e+03
   7.3140182e+03
   4.4718917e+03
   1.7515018e+03
   6.8540829e+03
   4.7872832e+03
   7.2945583e+03
   8.2841383e+03
   2.3876656e+03
   2.2411452e+03
   1.8785952e+03
   1.9994638e+03
   2.6683366e+03
   1.6901967e+03
   1.8648482e+03
   6.4039547e+02
   2.7537697e+03
   1.2478517e+03
   2.1176848e+03
   1.5242568e+03
   8.1256522e+02
   9.6386930e+02
   1.6503257e+03
   1.7588941e+03
   2.2180904e+03
   1.2504851e+03
   2.2703453e+03
   2.9746292e+03
   3.2371653e+03
   4.3826854e+03
   3.2782215e+03
   4.2213291e+03
   1.3794141e+03
   3.1822471e+02
   3.0906494e+03
   2.0620745e+03
   5.9473398e+03
   4.8496010e+03
   7.2311264e+02
   6.4891421e+02
   1.5022270e+03
   4.3570055e+02
   1.2391546e+03
   3.5541792e+02
   5.5707687e+02
   4.5800816e+02
   3.1151174e+02
   2.8948372e+02
   3.4205263e+02
   7.3748980e+02
   1.3295364e+03
   1.9479188e+03
   1.2300032e+03
   1.8331056e+03
   1.0949492e+03
   1.7918347e+03
   1.0802801e+03
   2.0545169e+03
   1.2886419e+03
   2.0696777e+03
   1.6961668e+03
   1.7363389e+03
   2.9122340e+03
   2.0696450e+03
   3.8729717e+03
   2.4196938e+03
   2.3222454e+03
   4.1481196e+03
   2.5538016e+03
   3.5761095e+03
   1.8488844e+03
   1.8599327e+03
   2.4043979e+03
   1.7773954e+03
   2.0754989e+03
   1.1884865e+03
   2.9833196e+03
   2.7674324e+03
   1.7328628e+03
   4.4361454e+02
   3.1708227e+02
   1.3542854e+03
   2.6207848e+03
