   1.4777404e+03
   1.0610414e+03
   2.0870365e+03
   2.1668905e+03
   8.1895544e+02
   7.3024951e+02
   9.4324529e+02
   1.1372424e+03
   7.4924276e+02
   8.4551917e+02
   1.5599470e+03
   8.0670885e+02
   8.1473079e+02
   8.2043489e+02
   6.2131914e+02
   1.1009515e+03
   2.8407070e+01
   4.1328132e+02
   4.7330285e+02
   1.4485023e+02
   8.4147505e+02
   2.4419379e+01
   1.1912572e+03
   2.0181582e+01
   4.7584319e+02
   5.3095266e+02
   1.0601514e+01
   4.4230060e+02
   1.9610046e+03
   7.6915528e+02
   1.3425998e+03
   8.2488653e+02
   9.5142760e+02
   6.9661233e+02
   1.2358557e+03
   1.0460476e+03
   1.1834931e+03
   7.1051492e+02
   8.1114635e+02
   7.0691136e+02
   8.9669558e+02
   1.8659677e+03
   1.5276587e+03
   7.8104204e+02
   4.1812425e+02
   8.7871777e+01
   1.8794514e+03
   1.8542905e+03
   2.1723106e+03
   2.0473861e+03
   1.9680029e+03
   1.3088381e+03
   2.2032412e+03
   2.0604348e+03
   2.0944330e+03
   1.6263825e+03
   1.3986189e+03
   1.0905610e+03
   8.0451312e+02
   8.9990756e+02
   1.3807832e+03
   2.0427502e+03
   1.7718618e+03
   1.8907681e+03
   7.7473282e+02
   7.4989625e+02
   1.0976581e+03
   8.1405213e+02
   6.2986330e+02
   7.8911055e+02
   1.6747363e+03
   8.0875927e+02
   1.4575269e+03
   5.4072120e+02
   8.4693206e+02
   1.3755904e+02
   1.9503172e+02
   6.4324929e+02
   3.6323509e+02
   1.8212210e+01
   9.9404322e+01
   4.9457542e+01
   6.0188086e+02
   2.2866310e+01
   8.7801664e+01
   9.2689218e+02
   3.1462556e+02
   1.4145594e+03
   3.8335779e+01
   6.3715785e+02
   1.1778597e+02
   2.3844169e+02
   1.6461675e+01
   1.0586112e+02
   3.6214935e+01
   4.7826314e+01
   1.2681816e+02
   2.2261995e+01
   2.6181091e+01
   1.4917904e+02
   4.7882570e+01
   7.9608701e+02
   1.2770696e+02
   3.1652000e+01
   1.4395824e+01
   4.3067955e+01
   5.9347938e+02
   7.8774773e+02
   1.7694014e+01
   3.3848850e+02
   6.6999887e+01
   5.1523734e+01
   4.3870221e+02
   7.1865816e+02
   8.0894859e+02
   2.5186444e+01
   6.1003627e+02
   1.4542828e+02
   2.6837772e+02
   3.4148393e+01
   5.6369761e+00
   1.0006823e+02
   7.0618148e+02
   2.3699783e+02
   1.5680667e+03
   2.1162669e+02
   1.2157195e+03
   1.2241335e+03
   1.2072032e+03
   1.1913092e+03
   1.2430674e+03
   1.6416710e+03
   1.4504498e+03
   1.6553826e+03
   1.1243885e+03
   1.4354467e+03
   1.7719520e+03
   1.8218333e+03
   9.7258671e+02
   1.1994746e+03
   5.7400965e+02
   8.2373061e+02
   1.0045845e+03
   9.0108971e+02
   1.0773095e+03
   8.9593560e+02
   9.1008502e+02
   8.2727136e+02
   8.6511725e+02
   8.1210404e+02
   7.8471896e+02
   9.6004410e+02
   7.6341294e+02
   9.4665597e+02
   5.5767554e+02
   3.4495460e+02
   8.4747016e+02
   5.5740905e+02
   8.0463278e+02
   8.1657881e+02
   8.1260506e+02
   6.9403660e+02
   8.0942651e+02
   7.5249232e+02
   8.1191750e+02
   8.2332727e+02
   7.4424386e+02
   6.9957947e+02
   8.0423607e+02
   7.4816685e+02
   8.4854856e+02
   7.2955865e+02
   1.1233690e+03
   1.5951034e+03
   1.0119306e+03
   1.2144328e+03
   1.1295642e+03
   1.3660593e+03
   9.1539655e+02
   1.0344520e+03
   7.9063880e+02
   9.0569657e+02
   8.2607253e+02
   8.7167484e+02
   1.9034878e+03
   7.9784960e+02
   1.1953101e+03
   1.5504365e+03
   6.9076918e+02
   1.0944600e+03
   1.4090393e+03
   1.5673312e+03
   1.7831936e+03
   2.0091105e+03
   1.7773772e+03
   1.7855281e+03
   1.4490607e+03
   2.1791048e+03
   1.7241729e+03
   2.0461046e+03
   2.0097893e+03
   1.9456107e+03
   1.4888046e+03
   1.7156592e+03
   1.5804402e+03
   1.9571111e+03
   7.8666649e+02
   1.0243361e+03
   2.1633469e+03
   2.1491112e+03
   1.6047967e+03
   2.0558087e+03
   1.9911914e+03
   2.1301366e+03
   1.8873890e+03
   1.8394628e+03
   2.2149865e+03
   2.1803648e+03
   2.1393778e+03
   2.2034537e+03
   1.6542454e+03
   1.5731450e+03
   1.4579541e+03
   2.1522553e+03
   1.5830994e+03
   2.0088206e+03
   2.2147824e+03
   2.1051763e+03
   7.5405345e+02
   1.8091704e+03
   2.1907430e+03
   1.9364305e+03
   7.0722341e+02
   2.0414111e+03
   1.8675835e+03
   1.5356710e+03
   1.1855304e+03
   1.7770507e+03
   1.8013450e+03
   1.9990900e+03
   1.6203560e+03
   1.7197684e+03
   2.1343368e+03
   1.7316882e+03
   1.4471282e+03
   1.3423064e+03
   1.5185267e+03
   9.0633998e+02
   1.3329680e+03
   1.0698171e+03
   1.1453441e+03
   6.3212105e+02
   1.1483127e+03
   8.3667287e+02
   1.0057489e+03
   8.6901247e+02
   8.5735741e+02
   1.1434583e+03
   9.8843492e+02
   7.9294870e+02
   1.4223513e+03
   1.2493372e+03
   1.1966524e+03
   7.2162346e+02
   9.5061555e+02
   7.3428781e+02
   8.0572089e+02
   1.0301619e+03
   8.3232048e+02
   1.3680731e+03
   9.1869505e+02
   7.9151611e+02
   6.7944768e+02
   7.4756870e+02
   8.2231990e+02
   7.6211729e+02
   8.1443511e+02
   7.2575043e+02
   5.0944185e+02
   7.9938958e+02
   8.0282096e+02
   7.0332197e+02
   7.3046151e+02
   7.9145190e+02
   8.4427742e+02
   7.8550840e+02
   9.1933312e+02
   7.8096213e+02
   8.0898143e+02
   7.7937636e+02
   1.4799955e+03
   9.9473185e+02
   1.2595600e+03
   1.8421344e+02
   9.5419702e+02
   1.4493047e+03
   1.0889294e+03
   1.3481207e+03
   1.4528536e+03
   2.1287901e+03
   1.2523088e+03
   9.8292110e+02
   1.7353061e+03
   1.9208637e+03
   2.0156320e+03
   2.1695167e+03
   1.8528899e+03
   1.7646147e+03
   1.2370803e+03
   1.3366554e+03
   8.9943916e+02
   1.0915084e+03
   1.3565760e+03
   9.9811428e+02
   1.0501008e+03
   7.4233688e+02
   3.8089898e+02
   8.1937105e+02
   1.8583435e+02
   5.8303824e+01
   5.5899371e+01
   2.2268738e+01
   2.1247103e+01
   2.0312424e+01
   1.5273949e+01
   1.7689882e+02
   2.3599925e+02
   6.0010494e+02
   2.5081920e+02
   2.8037839e+00
   2.4483001e+01
   1.1392506e+01
   3.4691689e+02
   1.0733774e+03
   5.9678800e+02
   5.2762706e+02
   8.3722325e+01
   1.1343906e+02
   8.5223385e+02
   3.1900378e+02
   8.1348100e+02
   6.4223911e+02
   5.0313677e+02
   1.0484969e+02
   7.9748857e+02
   6.3931429e+02
   6.8822493e+02
   4.1397758e+02
   4.1070472e+02
   6.9759360e+02
   3.1850173e+02
   6.4758930e+02
   7.1016316e+02
   5.1431441e+02
   3.3268177e+01
   2.6878689e+02
   7.0517460e+01
   2.8382328e+02
   2.0001809e+02
   3.5970988e+02
   2.4234423e+01
   1.0948617e+02
   1.1758951e+02
   9.7736621e+01
   4.6163363e+01
   1.3658993e+01
   2.3378103e+02
   6.6641332e+01
   5.5839111e+02
   1.9034009e+02
   4.5586927e+02
   4.0322658e+01
   5.1758351e+02
   8.0469765e+01
   6.2663530e+02
   3.3846102e+02
   2.9295183e+02
   2.4674265e+02
   4.2220133e+02
   3.5289077e+02
   1.2664284e+02
   3.2515689e+01
   1.5910607e+02
   6.2878699e+01
   1.1764646e+02
   2.2170338e+02
   1.4624800e+02
   1.5822789e+02
   1.6659706e+02
   1.1963781e+02
   2.5427719e+02
   8.1301892e+01
   4.5685574e+01
   1.8153464e+01
   3.8936638e+01
   2.2122689e+02
   2.2774941e+02
   3.1062519e+01
   1.2590418e+02
   5.4191053e+01
   2.5217031e+02
   1.2956548e+02
   5.4193069e+02
   2.2117079e+02
   2.5875497e+02
   6.1050502e+01
   2.0408426e+02
   2.0854866e+02
   1.2541845e+01
   2.2535045e+02
   4.0682995e+02
   1.3646794e+02
   1.9965226e+02
   9.6149130e+01
   1.0978413e+02
   5.3693719e+01
   9.8669532e+01
   1.3522970e+01
   2.5209180e+01
   1.7192607e+00
   1.2670743e+02
   9.7272797e+01
   1.8190129e+01
   8.6651109e+01
   5.3296106e+01
   1.6071831e+02
   1.7267404e+02
   1.0940487e+02
   5.0341370e+01
   1.8734124e+02
   6.9547667e+01
   1.7286209e+02
   2.6326147e+02
   3.5964656e+02
   8.9145146e+01
   6.9412987e+01
   1.0990050e+02
   2.7030991e+01
   1.6562906e+02
   5.2908121e+02
   8.7484797e+02
   3.4380204e+02
   7.1358541e+02
   2.2827987e+02
   5.4452546e+02
   6.3861246e+02
   8.1713383e+02
   2.1007486e+02
   2.6231116e+02
   1.1926376e+02
   3.7215113e+02
   1.5494941e+02
   3.7993410e+01
   7.0837978e+01
   1.8590337e+01
   3.0248440e+01
   2.1438387e+01
   3.7070126e+02
   7.7568901e+02
   1.0315613e+02
   2.4766768e+02
   4.3588705e+01
   1.3445377e+01
   5.5063766e+02
   8.2563646e+02
   3.1784743e+02
   6.6182248e+02
   4.1701326e+02
   7.8494722e+02
   6.6906141e+02
   7.7253255e+02
   7.0487301e+02
   7.9207211e+02
   6.9998203e+02
   6.6126944e+02
   5.2267560e+02
   2.3953137e+02
   3.7409803e+02
   2.2483952e+02
   6.7688640e+02
   5.5829850e+02
   5.2004462e+02
   6.3015048e+01
   3.6202651e+02
   1.2186637e+02
   2.0975845e+02
   3.6133697e+02
   1.1361541e+02
   9.9209576e+01
   3.3249103e+01
   1.0075919e+02
   3.8460483e+01
   2.4653412e+01
   2.8096678e+01
   4.4819321e+01
   1.4001790e+01
   3.9243825e+01
   2.4778548e+02
   1.0414609e+02
   3.7627626e+02
   7.5015305e+02
   2.9285033e+02
   4.3910385e+02
   6.5728903e+02
   9.3023986e+02
   9.6681472e+02
   7.3046886e+02
   4.7536964e+02
