   9.5783946e+02
   5.5193826e+02
   1.3438480e+03
   1.3295313e+03
   3.4736382e+02
   2.1725217e+02
   5.3784361e+02
   6.9948536e+02
   4.6757392e+01
   1.9900975e+02
   1.0884060e+03
   6.1916244e+01
   1.2401182e+01
   1.5170865e+01
   8.5508361e+01
   6.4556770e+02
   1.0122602e+02
   8.7295313e+01
   9.0854097e+01
   2.1727931e+02
   2.4827719e+02
   1.0345679e+02
   7.1573773e+02
   1.0212947e+02
   1.4394163e+02
   4.9909065e+02
   1.6487551e+02
   3.3589055e+02
   1.2901538e+03
   2.8921398e+02
   8.9293336e+02
   4.3323037e+02
   5.9919146e+02
   8.6771624e+01
   8.0596631e+02
   5.4877997e+02
   7.7637187e+02
   1.5080568e+02
   1.7762721e+02
   2.6993744e+02
   4.1230337e+02
   1.1854105e+03
   9.7718970e+02
   8.2968283e+01
   1.9066642e+02
   1.0183966e+02
   1.2051910e+03
   1.2101441e+03
   1.3111258e+03
   1.2652621e+03
   1.2007000e+03
   8.4392728e+02
   1.3326742e+03
   1.2936640e+03
   1.3363915e+03
   1.0503274e+03
   8.8782435e+02
   8.2882903e+02
   1.2603912e+02
   5.3500552e+02
   8.9388727e+02
   1.3252132e+03
   1.1146578e+03
   1.1945914e+03
   2.3957097e+01
   1.5441535e+02
   5.9838161e+02
   6.9721193e+00
   7.4204391e+01
   2.2881573e+01
   1.0963514e+03
   4.9286328e+01
   1.0080568e+03
   5.4096881e+02
   3.2157710e+02
   1.4382836e+02
   1.0471902e+02
   4.9539234e+02
   1.1267596e+02
   2.0892240e+02
   1.0440135e+02
   1.0386456e+02
   5.9891347e+01
   1.1220199e+02
   1.2713471e+02
   4.8797392e+02
   1.1338590e+02
   1.0287537e+03
   1.2432087e+02
   2.6606227e+02
   2.4625753e+02
   3.3108111e+02
   1.4593346e+02
   2.8272203e+02
   1.0914971e+02
   1.2948936e+02
   1.4865971e+02
   1.3140508e+02
   1.5352999e+02
   1.1074121e+02
   1.0706647e+02
   1.3683305e+02
   9.9877371e+01
   2.0495252e+02
   1.0301257e+02
   1.3410588e+02
   1.3320274e+02
   3.8048559e+02
   1.4027549e+02
   1.9875985e+02
   1.2725655e+02
   1.2613630e+02
   9.8582303e+01
   1.8096704e+02
   6.5233462e+01
   2.1556321e+02
   7.7897077e+01
   1.1396126e+02
   9.2195997e+01
   1.1115842e+02
   1.6627996e+02
   1.2114252e+02
   3.7917493e+02
   3.6105245e+02
   1.0546117e+03
   1.4022443e+02
   8.0521521e+02
   9.1227213e+02
   7.3322136e+02
   8.3995221e+02
   7.3532747e+02
   1.0748524e+03
   9.1708216e+02
   1.0630758e+03
   6.9092918e+02
   9.0788425e+02
   1.1146227e+03
   1.1475547e+03
   6.1221856e+02
   7.2321500e+02
   6.2335157e+01
   4.4895550e+02
   5.5020653e+02
   3.8275856e+02
   5.5573717e+02
   4.8853243e+02
   3.8619095e+02
   3.5270091e+02
   2.3922357e+02
   7.4182842e+01
   2.5919211e+02
   6.6745354e+02
   1.6081674e+02
   3.8604211e+02
   4.4966633e+02
   3.6615898e+02
   2.3782237e+02
   7.1443809e+01
   1.1635884e+01
   1.4244864e+02
   1.2714950e+02
   2.5349374e+02
   2.8045715e+01
   1.9135713e+02
   3.2691688e+01
   1.1558597e+01
   4.5685208e+01
   1.2833585e+02
   2.6989500e+01
   5.3553849e+01
   3.4519684e+02
   1.4761594e+02
   6.8126551e+02
   1.0269832e+03
   5.4546291e+02
   7.8920675e+02
   6.3068634e+02
   8.4710254e+02
   3.9429060e+02
   5.0711604e+02
   6.7554620e+01
   3.2310566e+02
   3.8378782e+02
   2.7401601e+02
   1.2718149e+03
   6.9168778e+02
   8.3102765e+02
   1.0968770e+03
   2.6374681e+02
   6.9533042e+02
   8.9805609e+02
   1.0431174e+03
   1.1585639e+03
   1.3081747e+03
   1.2209736e+03
   1.1833809e+03
   9.4217516e+02
   1.2962840e+03
   1.0914988e+03
   1.3336936e+03
   1.2504762e+03
   1.2474314e+03
   9.6270332e+02
   1.0833684e+03
   1.0162174e+03
   1.2092711e+03
   4.1850166e+02
   6.2696692e+02
   1.2921403e+03
   1.3475133e+03
   1.0302078e+03
   1.2906492e+03
   1.2140202e+03
   1.2808487e+03
   1.2562946e+03
   1.2473931e+03
   1.3058980e+03
   1.3452625e+03
   1.2759649e+03
   1.3247002e+03
   1.1449245e+03
   1.0990914e+03
   1.0541014e+03
   1.2857729e+03
   1.0202379e+03
   1.2214794e+03
   1.3080262e+03
   1.2937496e+03
   3.3701816e+02
   1.1627892e+03
   1.3157501e+03
   1.2052404e+03
   2.6469907e+02
   1.2371879e+03
   1.1646152e+03
   9.9464914e+02
   6.8860291e+02
   1.1533252e+03
   1.2286609e+03
   1.2807740e+03
   1.0445058e+03
   1.0928080e+03
   1.2907504e+03
   1.1416118e+03
   9.7831170e+02
   8.3381936e+02
   9.9354514e+02
   3.2870662e+02
   8.2221937e+02
   7.6296860e+02
   8.6528972e+02
   5.3339995e+02
   6.4637760e+02
   5.9847201e+02
   4.7146235e+02
   3.4618075e+02
   3.2291354e+02
   6.6852710e+02
   4.7816983e+02
   9.2774080e+01
   9.2849002e+02
   8.2702661e+02
   7.8733808e+02
   3.2578806e+02
   5.8524008e+02
   1.9810284e+02
   4.4778815e+02
   6.7079108e+02
   4.8982951e+02
   8.9471299e+02
   5.3460057e+02
   2.3465826e+02
   1.9513597e+02
   9.8254051e+01
   1.8631618e+02
   2.4751480e+02
   4.4290254e+01
   5.9554737e+01
   2.0306163e+02
   4.8155458e+02
   1.0024910e+01
   9.1392934e+01
   8.7366916e+01
   3.0253988e+01
   1.9981150e+02
   3.6539539e+01
   3.4859130e+02
   8.9686300e+01
   1.4728738e+02
   2.1359561e+02
   9.5737739e+02
   5.7122560e+02
   7.5346678e+02
   3.3404254e+02
   4.0992193e+02
   9.7387325e+02
   7.0428666e+02
   8.4558078e+02
   9.4128089e+02
   1.3282013e+03
   7.8881307e+02
   4.7153847e+02
   1.1108896e+03
   1.2012292e+03
   1.2867631e+03
   1.3520698e+03
   1.2300909e+03
   1.2063722e+03
   8.2053075e+02
   9.9101040e+02
   5.1949782e+02
   6.4537598e+02
   9.9493803e+02
   7.5412931e+02
   8.2470297e+02
   5.8130676e+02
   4.3170400e+02
   6.9126892e+02
   3.1308261e+02
   2.0108240e+02
   1.0877475e+02
   1.4392576e+02
   1.4413459e+02
   2.0266106e+02
   1.5415448e+02
   1.1213550e+02
   2.2489764e+02
   3.1498939e+02
   3.2781005e+02
   1.6980307e+02
   1.3656991e+02
   1.6642146e+02
   4.3344260e+02
   7.6457980e+02
   5.3909068e+02
   2.2830739e+02
   2.6403365e+02
   2.6061885e+02
   5.8590689e+02
   3.0133891e+02
   1.5550886e+02
   1.8563171e+02
   3.6239115e+02
   1.8988913e+02
   6.5283177e+01
   1.2010128e+02
   9.3569789e+01
   1.3252364e+02
   8.2701116e+01
   5.0532912e+01
   8.8224419e+01
   5.0491199e+01
   4.6594244e+01
   6.9752404e+01
   1.0911213e+02
   9.2100306e+01
   1.5332825e+02
   1.5691781e+02
   1.1505430e+02
   9.1946468e+01
   1.2136384e+02
   1.2440198e+02
   1.0050730e+02
   1.0507639e+02
   1.0152870e+02
   1.0228478e+02
   9.8604607e+01
   1.0141658e+02
   6.7410931e+01
   9.7373095e+01
   9.3600462e+01
   1.0775316e+02
   1.4510512e+02
   1.6906412e+02
   3.6136506e+02
   2.0254137e+02
   2.4620388e+02
   1.5692008e+02
   3.9670039e+02
   1.3265621e+02
   1.0782916e+02
   1.2281244e+02
   1.1580833e+02
   1.1376778e+02
   1.0337920e+02
   1.0677672e+02
   1.0244694e+02
   1.0617222e+02
   1.0643697e+02
   1.1092567e+02
   1.0664174e+02
   1.1577916e+02
   1.1390415e+02
   1.0556345e+02
   1.1764664e+02
   1.0886395e+02
   1.0557737e+02
   1.2730241e+02
   1.1827017e+02
   1.2884436e+02
   1.0561771e+02
   1.1283949e+02
   8.5436130e+01
   1.0425836e+02
   1.0552991e+02
   1.0206228e+02
   1.1001746e+02
   1.0422426e+02
   1.8084823e+02
   1.0667155e+02
   8.4765033e+01
   1.1486469e+02
   1.1000366e+02
   1.2244010e+02
   1.0801616e+02
   1.0707318e+02
   1.1417038e+02
   1.4996866e+02
   1.2122190e+02
   1.7786152e+02
   2.8700500e+02
   1.0449113e+02
   1.0251178e+02
   1.0179360e+02
   1.0166232e+02
   1.0308576e+02
   1.0521437e+02
   1.1904463e+02
   1.6635200e+02
   1.0863667e+02
   1.1370321e+02
   1.0532038e+02
   1.0586106e+02
   3.1462801e+02
   2.4023604e+02
   1.4582599e+02
   2.1105353e+02
   1.3240935e+02
   1.5047298e+02
   3.4500914e+02
   5.1891653e+02
   3.7311484e+02
   4.8035554e+02
   2.3133099e+02
   2.6002610e+02
   1.3131545e+02
   1.0906214e+02
   1.2914265e+02
   1.8743610e+02
   1.1788698e+02
   1.2198041e+02
   1.0857762e+02
   1.1816193e+02
   1.0578775e+02
   1.0600319e+02
   1.2337522e+02
   1.1028118e+02
   8.8136459e+01
   3.1173523e+01
   1.0181088e+02
   9.4658241e+01
   1.0305847e+02
   1.0189046e+02
   6.8028669e+01
   4.9801952e+00
   9.8804567e+01
   5.6819550e+01
   8.0599984e+01
   3.1620399e+01
   8.2424919e+01
   5.4989072e+01
   4.0714592e+01
   2.0142336e+01
   4.5623447e+01
   1.2068481e+02
   1.9547723e+02
   9.9745562e+01
   1.0686961e+02
   1.0798027e+02
   2.6596807e+02
   3.6345269e+02
   1.4370169e+02
   2.2283192e+02
   1.2779462e+02
   2.1927813e+02
   1.6904143e+02
   2.0598555e+02
   1.0274812e+02
   1.2814157e+02
   1.0581627e+02
   1.1596890e+02
   1.3200073e+02
   1.1241735e+02
   1.3480108e+02
   1.2227693e+02
   1.5300158e+02
   1.5127845e+02
   2.7262978e+02
   1.7537722e+02
   2.6710261e+02
   5.9017251e+02
   3.7975637e+02
   4.8539323e+02
   5.9592569e+02
   7.6135967e+02
   7.8257766e+02
   6.3513223e+02
   5.0240033e+02
