   5.5266503e+03
   1.4632472e+03
   2.9990862e+04
   3.4777871e+04
   5.2219726e+02
   5.2470540e+02
   9.2290467e+01
   2.8009057e+02
   6.6693156e+01
   1.0477221e+03
   7.4624479e+03
   4.6381660e+02
   3.1281225e+02
   2.6590889e+02
   4.1445755e+02
   2.5859349e+02
   6.3916471e+01
   6.1247707e+02
   5.3737435e+02
   2.6903040e+02
   3.7171521e+02
   4.1506681e+02
   3.1719017e+03
   1.7355992e+02
   1.5641927e+03
   2.4715249e+03
   8.3586476e+02
   5.6742702e+02
   2.4307238e+04
   4.2084737e+02
   6.2412516e+03
   2.9179314e+02
   8.0311127e+01
   5.7185801e+02
   1.9324316e+03
   1.1339757e+03
   1.2409033e+03
   3.7400780e+02
   3.6044105e+02
   3.4073960e+02
   4.5111539e+02
   1.9094392e+04
   8.4046661e+03
   2.4552123e+02
   1.9607226e+03
   8.1908985e+01
   2.0099821e+04
   1.9662802e+04
   3.5073975e+04
   2.7472091e+04
   2.2515486e+04
   3.2290510e+03
   3.7358001e+04
   2.7259418e+04
   3.0692188e+04
   6.7229039e+03
   6.2055463e+03
   2.0445072e+03
   8.1364041e+02
   2.2100848e+03
   2.9237556e+03
   2.6144174e+04
   1.5152685e+04
   1.8602089e+04
   4.1152321e+02
   7.4921321e+02
   2.1737758e+02
   1.2279340e+02
   4.3034702e+02
   3.8544190e+02
   7.8868328e+03
   4.6803000e+02
   8.9201875e+03
   1.9972168e+03
   1.0369636e+03
   6.9193264e+02
   8.6275091e+02
   7.8480973e+02
   5.9784602e+02
   9.2881773e+02
   2.9438385e+02
   3.1203462e+02
   4.8910746e+02
   9.1154474e+02
   9.9951784e+02
   6.7337110e+02
   6.8776779e+02
   6.2852854e+03
   1.0691887e+03
   7.0800361e+02
   4.3473385e+02
   6.6949632e+02
   1.1341960e+03
   1.0654019e+03
   7.0291070e+02
   1.1749654e+03
   6.3870838e+02
   1.0174419e+03
   7.6407971e+02
   6.6745479e+02
   5.5636981e+02
   2.8981543e+02
   6.7497428e+02
   6.7041790e+02
   2.2926667e+02
   1.1466707e+03
   3.9922102e+02
   8.8852663e+02
   1.0073336e+03
   2.4860285e+02
   1.2193357e+03
   1.1278049e+03
   1.2952606e+03
   8.4463709e+02
   1.6034369e+02
   8.8613176e+02
   8.1423180e+02
   8.7599959e+02
   1.0112471e+03
   4.6833395e+02
   9.4288509e+02
   1.1497660e+03
   2.0280672e+03
   1.0321513e+03
   1.0970533e+04
   1.5212310e+03
   8.7792570e+02
   5.5383111e+03
   3.4043903e+03
   5.0009974e+03
   3.2458903e+03
   1.2274827e+04
   6.8167539e+03
   1.1536821e+04
   1.4899385e+03
   6.1576829e+03
   1.4099661e+04
   1.6519670e+04
   1.9312607e+02
   2.3920098e+03
   7.7620265e+02
   2.0410189e+02
   1.7997221e+03
   5.5180650e+02
   1.3189434e+03
   4.3979800e+02
   8.6645247e+02
   4.6222809e+02
   3.0520492e+02
   1.4420763e+02
   8.6493299e+02
   3.1822830e+03
   5.3925042e+02
   6.1373340e+02
   2.6742033e+03
   2.3603186e+03
   3.4408837e+02
   8.8314079e+02
   1.3888047e+02
   2.4402768e+02
   2.3173457e+02
   3.4009508e+02
   1.3264031e+02
   3.9677276e+02
   1.1632497e+02
   9.5939431e+01
   2.4867286e+02
   3.5668697e+02
   1.4706886e+02
   2.5585958e+02
   4.8936797e+02
   3.7070050e+02
   1.5872329e+03
   8.8250377e+03
   9.7155882e+02
   1.8166154e+03
   1.7813233e+03
   5.0677445e+03
   8.8990810e+02
   1.0273727e+03
   1.9498367e+02
   4.2963951e+02
   1.3880572e+03
   4.1808940e+02
   2.1809136e+04
   2.2149589e+03
   4.9269245e+03
   1.0880621e+04
   1.4232548e+03
   3.1987200e+03
   5.4194612e+03
   1.0749169e+04
   1.6712848e+04
   2.3960159e+04
   1.6607156e+04
   1.7376221e+04
   4.8246924e+03
   3.6437045e+04
   1.2491828e+04
   2.7672624e+04
   2.5567248e+04
   2.3239653e+04
   6.2341705e+03
   1.1874594e+04
   8.9940069e+03
   2.2372862e+04
   1.6341641e+02
   7.1502226e+02
   3.4366664e+04
   3.3698126e+04
   9.4829309e+03
   2.8417368e+04
   2.3837117e+04
   3.2129604e+04
   1.7799195e+04
   1.9100201e+04
   3.8436401e+04
   3.5406520e+04
   3.2721437e+04
   3.7309414e+04
   1.3578199e+04
   7.9821169e+03
   8.6870036e+03
   3.4741501e+04
   5.8613283e+03
   2.6436353e+04
   3.8490777e+04
   3.0771977e+04
   4.1651206e+02
   1.3780386e+04
   3.6831757e+04
   2.1722887e+04
   4.3925022e+02
   2.8206564e+04
   1.8895079e+04
   7.3858851e+03
   1.0978461e+02
   1.1844064e+04
   1.5750484e+04
   2.2989619e+04
   7.8541449e+03
   1.2731773e+04
   3.3204907e+04
   9.9840921e+03
   3.4481181e+03
   1.1329983e+03
   3.8151686e+03
   1.0239660e+03
   8.0324662e+02
   1.0007056e+03
   2.5305166e+03
   8.8667303e+02
   1.2012926e+02
   7.0393705e+02
   5.1275922e+02
   1.0111723e+03
   7.2323790e+02
   1.0074132e+02
   3.6219502e+02
   5.4730029e+02
   4.2861285e+03
   1.9488878e+03
   1.2554162e+03
   3.8372331e+02
   6.1833872e+01
   5.3065342e+02
   1.9711251e+02
   2.6350536e+02
   1.2107687e+02
   3.2842929e+03
   8.6148492e+01
   7.2128858e+02
   3.5721219e+02
   3.5095469e+02
   8.9325633e+02
   9.3668593e+02
   4.1997187e+02
   4.3201132e+02
   3.9444027e+02
   7.3336600e+02
   7.5062202e+01
   1.3307758e+02
   2.2296111e+02
   3.9183021e+02
   1.0253546e+03
   1.8112908e+02
   8.9382586e+02
   6.0586337e+02
   7.9275305e+02
   9.4542257e+02
   2.9110085e+03
   6.7161486e+01
   3.0002346e+02
   1.3293131e+03
   8.1892589e+02
   3.3170652e+03
   4.2077952e+02
   1.4297143e+03
   4.2389309e+03
   3.1621327e+04
   9.4005760e+02
   3.8343206e+02
   1.1918091e+04
   2.0697758e+04
   2.4034293e+04
   3.4879630e+04
   1.5674041e+04
   1.3936172e+04
   9.8625616e+02
   6.4525681e+03
   6.3301063e+02
   2.8302647e+02
   5.2401658e+03
   3.7195246e+03
   3.8057217e+03
   2.8437597e+03
   9.9861697e+02
   1.5412824e+03
   1.7121493e+03
   4.6764788e+02
   7.1379936e+02
   1.1999656e+03
   1.1231566e+03
   1.0254702e+03
   7.6553259e+02
   7.9637708e+02
   2.2584208e+02
   6.9838078e+02
   6.1141311e+02
   9.7879475e+02
   9.5540950e+02
   8.1433338e+02
   1.4285662e+03
   1.0005821e+03
   1.0066197e+03
   4.6370845e+02
   8.8308422e+02
   5.6262709e+02
   6.5770398e+02
   4.2953972e+02
   9.2444059e+02
   5.7533810e+02
   6.4994761e+02
   3.4028616e+02
   5.3493840e+02
   4.3394870e+02
   4.4830966e+02
   3.9715546e+02
   5.6852677e+02
   4.4194335e+02
   5.3517801e+02
   4.7906874e+02
   4.4166916e+02
   5.0869888e+02
   8.3130837e+02
   5.5116745e+02
   6.5680466e+02
   3.7896542e+02
   9.1053931e+02
   6.6431420e+02
   1.0482929e+03
   9.9582522e+02
   5.3415253e+02
   7.7116560e+02
   3.2411498e+02
   2.1837771e+02
   7.3695542e+02
   4.0694214e+02
   5.0476191e+02
   5.8284095e+02
   5.5079627e+02
   7.8963603e+02
   3.5035810e+02
   4.8460915e+02
   7.5144665e+02
   2.4824102e+02
   2.6965536e+02
   4.1151423e+02
   7.1775343e+02
   4.6663056e+02
   9.2033869e+02
   1.0680558e+03
   9.7604774e+02
   8.6557666e+02
   1.8225313e+02
   2.8399525e+02
   4.6759785e+01
   3.3721890e+02
   3.3997403e+02
   7.0186599e+02
   3.5939403e+02
   9.2817539e+02
   8.8371609e+02
   5.1033003e+02
   1.0611014e+03
   6.7422967e+02
   1.5010413e+02
   5.8354358e+02
   1.1080435e+03
   1.0745306e+03
   1.3573767e+02
   1.0562870e+03
   1.0206184e+03
   3.3266886e+01
   5.4159250e+02
   6.9420181e+02
   6.5026022e+02
   9.6608979e+02
   9.5219073e+02
   8.0209981e+02
   1.1168382e+03
   1.0818846e+03
   8.5244439e+02
   1.1901456e+03
   9.8203267e+02
   6.8450378e+02
   9.9618386e+02
   1.1567679e+03
   5.4416947e+02
   1.0149043e+03
   1.4080586e+03
   9.2269668e+02
   2.8907705e+02
   8.5668750e+02
   3.2066337e+02
   1.0686361e+03
   1.0430210e+03
   1.1319880e+03
   9.2826996e+02
   9.6760870e+02
   8.4478010e+02
   1.0414935e+03
   4.3237232e+02
   2.4530161e+03
   1.3663135e+03
   9.1621834e+02
   1.4364847e+03
   7.6572875e+02
   1.4285477e+03
   2.4799332e+03
   2.1927767e+03
   2.3284907e+03
   2.5620295e+03
   1.9979693e+03
   2.0446326e+03
   9.7276869e+02
   1.7498184e+02
   1.4464267e+03
   1.9049703e+03
   1.0219704e+03
   1.5519061e+03
   1.0461601e+03
   5.6928769e+02
   5.6587233e+02
   2.9639157e+02
   6.3580396e+02
   4.1627727e+02
   1.1506215e+03
   2.2467624e+02
   6.1743486e+02
   1.0228879e+03
   5.6504077e+02
   1.4803379e+02
   8.5907669e+02
   9.6126407e+01
   1.2900994e+03
   5.8567269e+02
   1.0388843e+03
   1.9545543e+02
   6.5206506e+02
   2.4339116e+02
   4.3266623e+02
   1.8564643e+02
   4.5552595e+02
   8.3596632e+02
   1.7507672e+03
   1.1430121e+03
   1.4150692e+03
   1.2640527e+03
   1.5076553e+03
   2.4835460e+03
   1.4468898e+03
   1.2236308e+03
   1.5973794e+03
   1.5178580e+03
   1.6769991e+03
   2.0845426e+03
   7.0689990e+02
   9.9854527e+02
   3.5050045e+02
   9.1008525e+02
   6.5277691e+02
   4.7468264e+02
   8.6501489e+02
   7.7792329e+02
   7.7031588e+02
   7.7447623e+02
   2.1384267e+03
   1.2592314e+03
   2.3546353e+03
   2.8554838e+03
   1.9631778e+03
   1.4071061e+03
   1.2666749e+03
   2.0994188e+03
   3.1535979e+03
   2.5736009e+03
   1.9511418e+03
