   9.8173991e+03
   7.6371724e+02
   9.8107471e+03
   1.6926945e+04
   5.8640766e+02
   2.3604141e+02
   1.8490858e+03
   2.9775089e+03
   8.0389440e+01
   4.0438853e+02
   1.3443687e+03
   1.5904711e+02
   8.6253197e+00
   4.3353123e+01
   3.7396040e+02
   8.7924933e+02
   3.0127626e+03
   1.1283852e+03
   8.7405282e+02
   2.8238006e+03
   3.5364937e+02
   3.7415832e+03
   8.7788250e+02
   3.2607296e+03
   9.7613570e+02
   2.9301387e+03
   2.7551189e+03
   2.2181523e+03
   6.4246428e+03
   4.3547782e+02
   9.8061058e+02
   1.3490263e+03
   3.4590851e+03
   2.4028571e+02
   6.2577220e+03
   1.0218535e+03
   6.1499336e+03
   1.1562564e+02
   4.2458810e+02
   4.6109255e+02
   7.1253577e+02
   1.0935683e+04
   4.2209513e+03
   1.5681752e+02
   1.3921491e+03
   2.1454978e+03
   8.9449275e+03
   6.1252110e+03
   1.9197660e+04
   1.5700188e+04
   1.7787586e+04
   5.8903552e+03
   1.9033999e+04
   1.3480369e+04
   1.1015875e+04
   5.1848435e+03
   1.4833395e+03
   1.3271373e+03
   2.9135240e+02
   1.2410011e+03
   6.2004191e+03
   8.6578901e+03
   1.4469263e+04
   1.2563639e+04
   3.5251398e+01
   3.9510968e+02
   7.9540616e+02
   5.3603771e+01
   3.3426122e+02
   2.3021857e+01
   3.8311055e+03
   1.0061849e+02
   1.0987675e+03
   3.1701341e+03
   7.4866117e+02
   2.7497380e+03
   2.5316858e+03
   2.2214581e+03
   1.4245223e+03
   3.0934639e+03
   2.1241722e+03
   2.6853669e+03
   3.8771355e+02
   3.5296496e+03
   3.1905959e+03
   9.9832224e+02
   1.7064725e+03
   9.4601545e+02
   2.5771633e+03
   1.0361558e+03
   3.1757836e+03
   3.3531863e+03
   2.3442473e+03
   3.6168935e+03
   2.9671715e+03
   2.2133728e+03
   2.7812115e+03
   3.0232370e+03
   2.9385984e+03
   2.0685971e+03
   2.7488490e+03
   2.1981121e+02
   3.0057880e+03
   3.0722593e+03
   3.5457430e+03
   2.1232227e+03
   5.6376230e+02
   1.0896158e+03
   2.6766482e+03
   1.7655809e+03
   2.0546177e+03
   2.2777105e+03
   1.0496595e+03
   5.2634908e+02
   1.6486312e+02
   3.1608114e+03
   3.9931830e+02
   2.0795319e+03
   1.9029700e+03
   3.6877100e+03
   2.6709353e+03
   2.0189759e+03
   1.3598099e+03
   3.6835770e+03
   1.7301116e+03
   2.3311065e+03
   9.3469520e+02
   1.0579695e+03
   8.8690118e+02
   1.0250526e+03
   1.1047746e+03
   3.1655451e+03
   2.4664871e+03
   7.1980814e+03
   3.1707550e+03
   3.7857894e+03
   1.3685409e+04
   1.2923002e+04
   3.5090861e+03
   2.4979471e+03
   4.6995598e+02
   1.5927315e+03
   9.2182743e+02
   5.7390336e+02
   7.8907884e+02
   1.5653966e+03
   7.6891346e+02
   6.1406351e+02
   4.5012294e+02
   1.6673636e+02
   6.9650743e+02
   1.4176902e+03
   4.1009299e+02
   6.2114607e+02
   2.4241783e+03
   3.0323339e+03
   3.5921579e+02
   5.4389940e+02
   7.0426090e+01
   3.3180602e+02
   2.5226395e+02
   4.0156539e+02
   9.7486175e+01
   1.9999621e+02
   5.7867919e+01
   2.9185418e+01
   6.8106527e+01
   7.8899075e+01
   9.6768010e+01
   7.9431168e+01
   5.2691129e+02
   1.3188281e+02
   2.7773951e+03
   1.1384122e+04
   1.3025166e+03
   5.7646715e+03
   1.2322418e+03
   2.1460015e+03
   7.7549936e+02
   7.1485697e+02
   1.3317205e+02
   4.9527090e+02
   1.0003959e+03
   5.6086035e+02
   4.7890140e+03
   2.3564844e+03
   1.0015880e+03
   1.2214399e+03
   9.0234060e+02
   1.0025743e+03
   4.8775416e+03
   1.9209253e+03
   5.9614630e+03
   7.9709776e+03
   2.6725374e+03
   4.1105424e+03
   9.7671909e+03
   2.1197140e+04
   1.2832737e+04
   8.1142782e+03
   1.4673762e+04
   9.4411765e+03
   8.6669056e+03
   1.3561942e+04
   8.0136368e+03
   1.5911573e+04
   1.4358331e+03
   3.0119845e+03
   2.0543372e+04
   1.3735565e+04
   8.7303343e+03
   1.3203544e+04
   1.7821245e+04
   1.9653737e+04
   4.9297443e+03
   3.5242942e+03
   2.2275599e+04
   1.6231567e+04
   2.0692193e+04
   1.9801715e+04
   1.8024731e+03
   1.3811626e+03
   9.8209472e+02
   2.0665550e+04
   5.4563126e+03
   1.8501549e+04
   2.2073606e+04
   1.6789889e+04
   7.1469261e+02
   8.6971625e+03
   1.9974681e+04
   1.5191329e+04
   4.1492429e+02
   1.8874893e+04
   1.5234086e+04
   1.1042629e+04
   1.4614407e+03
   6.4083772e+03
   3.0588421e+03
   1.0087161e+04
   8.0350283e+03
   1.2844416e+04
   1.9076914e+04
   3.9938443e+03
   1.1824544e+03
   2.5536457e+03
   1.9719829e+03
   5.8690408e+02
   1.5283076e+03
   1.2398923e+03
   1.2088042e+03
   2.5127862e+03
   8.5685682e+02
   1.7284766e+03
   6.6239519e+02
   7.6479699e+02
   4.4319000e+02
   1.8183327e+03
   7.5377499e+02
   1.8898875e+02
   8.2485075e+03
   7.1666263e+03
   6.0273709e+03
   7.5189033e+02
   2.8551213e+03
   1.9977414e+02
   1.6410576e+03
   4.3933467e+03
   2.1414550e+03
   7.5381099e+03
   2.0699738e+03
   2.8504842e+02
   1.8898570e+02
   1.2145609e+02
   3.0701698e+02
   6.8901795e+02
   1.1655253e+02
   1.3663094e+02
   1.1001125e+03
   1.4292986e+03
   6.8025505e+01
   5.2653907e+01
   8.7102537e+01
   3.6004976e+01
   3.8508009e+02
   1.0697981e+02
   5.2614123e+02
   1.8808473e+02
   2.6139155e+02
   5.5160524e+02
   1.8937219e+03
   1.8800812e+03
   1.2311606e+03
   3.7416154e+03
   6.7129315e+02
   1.2227465e+03
   4.4789000e+03
   3.2547583e+03
   7.0948272e+03
   1.4509277e+04
   3.7997472e+03
   7.3128173e+02
   1.0126134e+04
   1.4390391e+04
   1.0677763e+04
   1.4705703e+04
   4.7616500e+03
   2.7233597e+03
   9.2854966e+02
   9.4527148e+02
   1.1849434e+03
   9.0174327e+02
   9.3701312e+02
   1.5168205e+03
   1.4909784e+03
   2.1494490e+03
   3.3866116e+03
   2.2223623e+03
   3.5024105e+03
   3.0276370e+03
   2.6260873e+03
   2.2045206e+03
   2.2387767e+03
   3.0476085e+03
   2.8082085e+03
   2.1620698e+03
   2.4247450e+03
   1.4006036e+03
   3.2408068e+03
   2.6417223e+03
   3.0546016e+03
   2.7729002e+03
   3.6506539e+03
   1.2323244e+03
   2.7708305e+03
   1.1702469e+03
   3.5107545e+03
   3.3351231e+03
   1.6067991e+03
   2.5930851e+03
   3.6101391e+02
   6.6112591e+02
   2.1026995e+03
   2.8502712e+03
   1.2990199e+02
   4.2209247e+02
   2.6252706e+02
   1.1852941e+03
   1.1031912e+03
   1.6636516e+02
   1.5677529e+03
   2.6619796e+02
   1.4169984e+02
   6.5484785e+02
   3.6923523e+03
   1.8923804e+03
   2.9903307e+03
   1.8837361e+03
   2.4880897e+03
   1.4120488e+03
   3.2295903e+03
   3.0855587e+03
   3.0839370e+03
   3.2962170e+03
   3.6406401e+03
   3.5943633e+03
   2.2111775e+03
   3.4989094e+03
   5.2232030e+02
   2.4846137e+03
   9.5294930e+02
   3.6947553e+03
   8.2187118e+02
   2.9062952e+03
   1.5544238e+03
   1.7886945e+03
   2.2873211e+03
   2.0888187e+03
   2.8093393e+03
   1.4876509e+03
   3.0764622e+03
   3.4070556e+03
   2.7944529e+03
   2.4791337e+03
   1.9789185e+03
   2.2526939e+03
   1.8354682e+03
   1.9782163e+03
   1.9930206e+03
   2.1009394e+03
   2.5277917e+03
   2.2585697e+03
   2.7336738e+03
   3.4763924e+03
   3.5406311e+03
   2.3526541e+03
   2.2255371e+03
   3.3228726e+03
   2.0294845e+03
   2.1543558e+03
   2.4362954e+03
   2.0790693e+03
   6.1730977e+02
   2.0919806e+03
   2.4883356e+03
   2.4543259e+03
   2.2689714e+03
   2.0092230e+03
   2.8653081e+03
   2.2674284e+03
   1.1479043e+03
   2.0688300e+03
   2.2387382e+03
   2.0054356e+03
   2.1214977e+03
   2.6586832e+03
   2.1697773e+03
   2.2850919e+03
   3.1249452e+03
   2.7184204e+03
   3.5575493e+03
   2.1373879e+03
   3.3350430e+03
   2.1454766e+03
   3.6153286e+03
   1.8346037e+03
   1.9445764e+03
   2.0386062e+03
   2.9770220e+03
   2.1246980e+03
   2.4107964e+03
   1.9507472e+03
   2.5608539e+03
   2.5010868e+03
   3.2540250e+03
   3.0770368e+03
   2.9512713e+03
   2.5796659e+03
   2.5836600e+03
   1.8808363e+03
   1.2825380e+03
   3.1058017e+03
   1.8014389e+03
   2.5278483e+03
   1.3043030e+03
   4.6903346e+02
   2.5530639e+02
   2.3820656e+03
   2.1070378e+03
   3.1101615e+03
   1.3961304e+03
   2.8743892e+03
   3.5550879e+03
   3.5296941e+03
   3.6730938e+03
   2.8332636e+03
   3.4490298e+03
   1.3388617e+03
   4.5741847e+01
   3.2375555e+03
   2.0744008e+03
   2.7598012e+03
   3.6824204e+03
   5.5505369e+02
   1.4975370e+01
   1.6963410e+03
   2.5035785e+02
   1.0617889e+03
   4.1469110e+01
   2.7386463e+02
   9.6339621e+01
   1.5210363e+02
   1.9927556e+01
   1.6505391e+02
   3.9326535e+02
   1.0318028e+03
   2.1968651e+03
   1.3812132e+03
   2.3353531e+03
   9.4449447e+02
   1.8652841e+03
   8.1986663e+02
   3.1829076e+03
   1.4522697e+03
   2.9529992e+03
   2.3275590e+03
   1.7162739e+03
   3.1662728e+03
   3.1395639e+03
   3.7479837e+03
   3.2661323e+03
   3.2810025e+03
   3.2965970e+03
   2.4398853e+03
   2.5415579e+03
   2.7721275e+03
   3.0375304e+03
   2.7519254e+03
   2.8464949e+03
   2.0457391e+03
   2.1475032e+03
   3.5018406e+03
   3.4509799e+03
   2.7369240e+03
   1.8786726e+03
   1.7621205e+03
   2.4939119e+03
   3.3348392e+03
