   2.0322095e+04
   1.5454181e+03
   1.9685642e+04
   2.7474341e+04
   4.4614600e+03
   3.3668081e+03
   8.0319826e+03
   1.0090064e+04
   1.4241379e+03
   8.4295769e+02
   4.1206006e+03
   8.0520686e+02
   3.2632050e+02
   4.7558726e+02
   3.6230416e+02
   1.0941696e+03
   2.4208622e+03
   3.8738926e+02
   3.8039331e+02
   9.7378900e+02
   1.9534929e+03
   1.5761313e+03
   1.9803534e+03
   2.2038267e+03
   6.3198355e+02
   1.1562766e+03
   3.4229809e+02
   1.1960979e+03
   1.4922862e+04
   4.2212710e+03
   2.4267513e+03
   7.2239251e+03
   1.1562300e+04
   3.7785524e+02
   1.5775964e+04
   4.8592708e+03
   1.5670425e+04
   2.8029763e+03
   5.0588624e+02
   4.9275955e+03
   4.4114504e+03
   2.1376840e+04
   1.1817177e+04
   1.2928897e+03
   8.4570375e+02
   2.9055545e+03
   1.8831176e+04
   1.4624780e+04
   2.9402208e+04
   2.6362513e+04
   2.8172723e+04
   1.5126199e+04
   2.9266727e+04
   2.4061604e+04
   2.1231303e+04
   1.3359826e+04
   5.0531597e+03
   2.8661774e+02
   4.9506803e+02
   3.5131668e+02
   1.5415490e+04
   1.8158673e+04
   2.5123131e+04
   2.3157573e+04
   2.0558744e+02
   4.6578363e+02
   1.7727854e+03
   6.3643777e+02
   3.1392509e+02
   2.4942519e+02
   1.0650874e+04
   4.4649414e+02
   3.0836860e+03
   1.1568838e+03
   4.7695336e+02
   5.7737764e+02
   6.5659788e+02
   8.1092811e+02
   4.9362718e+02
   6.6106632e+02
   2.7170310e+03
   2.3923355e+03
   2.2242895e+02
   1.2842334e+03
   6.1519103e+02
   4.4134223e+02
   5.0255718e+02
   1.9250545e+03
   9.1832204e+02
   6.9737644e+02
   1.1352225e+03
   1.5350101e+03
   3.1136160e+02
   1.3578792e+03
   1.8024726e+03
   7.1474542e+02
   5.7755392e+02
   6.2667927e+02
   4.1763204e+02
   2.3502330e+03
   2.0855623e+03
   1.4917726e+03
   9.8982124e+02
   6.7950016e+02
   1.9571263e+03
   5.4016867e+02
   5.4103280e+02
   4.6235876e+02
   4.4234929e+02
   9.1509329e+02
   8.3233180e+02
   8.6405148e+02
   4.2022851e+02
   5.1161920e+02
   8.2789297e+02
   7.3924151e+02
   3.2569142e+02
   2.0109394e+03
   6.2254585e+02
   1.1644419e+03
   3.0383939e+02
   1.2518557e+03
   6.1386662e+02
   1.6466873e+03
   5.5426946e+03
   5.9579232e+02
   1.2496665e+03
   6.7479814e+02
   2.0079044e+03
   7.5828280e+02
   3.9490458e+03
   9.3147286e+03
   8.0572336e+03
   1.6651298e+04
   1.0622220e+04
   1.1162522e+04
   2.4449807e+04
   2.3651097e+04
   1.1614339e+04
   8.9038072e+03
   2.2880166e+02
   7.8959286e+03
   6.4707050e+02
   3.5903996e+03
   2.9944108e+03
   7.5368481e+03
   5.9169892e+02
   4.6168897e+03
   9.7279705e+02
   4.9730523e+02
   4.7759048e+02
   2.7637734e+02
   4.6786101e+02
   1.1875129e+03
   1.0412511e+03
   1.4698559e+03
   1.6840042e+03
   2.7655111e+02
   7.9507021e+02
   5.3592600e+02
   1.1044667e+03
   4.7676030e+03
   7.4045442e+02
   2.7595117e+03
   3.9939089e+02
   4.4307840e+02
   1.5091428e+03
   2.6879866e+03
   8.2288540e+02
   1.5212958e+03
   3.8831527e+03
   2.5097002e+03
   9.7628096e+03
   2.1984372e+04
   6.1766425e+03
   1.5045480e+04
   5.2514999e+03
   7.4045391e+03
   6.0583543e+02
   2.7042059e+03
   4.0187267e+02
   1.6076000e+03
   4.3108758e+02
   7.0476625e+02
   1.2149371e+04
   4.3884469e+02
   8.4337762e+02
   3.6439795e+03
   6.0217676e+02
   6.9315663e+02
   1.3277646e+04
   6.1503805e+03
   1.4470197e+04
   1.7217320e+04
   7.8536001e+03
   1.1053993e+04
   2.0276034e+04
   3.0868796e+04
   2.3581909e+04
   1.7384731e+04
   2.5370643e+04
   1.9401373e+04
   1.8872140e+04
   2.4329294e+04
   1.7905728e+04
   2.6558309e+04
   7.6264522e+03
   1.0525370e+04
   3.0417907e+04
   2.4315759e+04
   1.8860810e+04
   2.3818473e+04
   2.8209856e+04
   2.9735557e+04
   1.2414256e+04
   9.7181696e+03
   3.1657368e+04
   2.6805937e+04
   3.0496399e+04
   2.9886839e+04
   5.6468061e+03
   4.2541800e+03
   2.3399224e+03
   3.0460025e+04
   1.3894802e+04
   2.8703247e+04
   3.1518653e+04
   2.7315071e+04
   5.5083814e+03
   1.8516650e+04
   2.9989419e+04
   2.5816706e+04
   4.6524287e+03
   2.9017234e+04
   2.5857875e+04
   2.1623451e+04
   5.8163954e+03
   1.5156369e+04
   8.7219283e+03
   2.0134135e+04
   1.7807684e+04
   2.3515531e+04
   2.9250234e+04
   1.0869323e+04
   3.4983622e+03
   8.5168366e+03
   6.3626701e+03
   9.4144578e+02
   5.4063907e+03
   3.5400670e+02
   3.9758733e+02
   8.5916108e+02
   2.5036388e+03
   3.6648324e+02
   2.1006616e+03
   4.9934150e+02
   2.9728691e+03
   7.1744223e+03
   3.7347539e+03
   1.1401620e+03
   1.8285968e+04
   1.6975037e+04
   1.5380416e+04
   5.8533443e+03
   1.0301206e+04
   3.0151830e+03
   8.0101079e+03
   1.3000400e+04
   9.1056237e+03
   1.7383569e+04
   8.6711607e+03
   2.6332592e+03
   3.7765165e+03
   1.7527273e+03
   1.4221700e+03
   4.8996996e+02
   5.8441837e+02
   2.9898370e+02
   8.0019709e+02
   4.3592356e+02
   7.6706626e+02
   2.1877714e+03
   1.8654400e+03
   2.9634403e+02
   9.7209166e+02
   1.0018901e+03
   1.6139819e+03
   4.1912662e+02
   1.2716081e+03
   4.7650611e+02
   6.2234283e+03
   7.9297344e+03
   4.4558607e+03
   1.6065321e+03
   1.0429947e+03
   3.7032672e+03
   1.3056455e+04
   1.0167456e+04
   1.6673069e+04
   2.5122440e+04
   1.1517514e+04
   3.6363860e+03
   2.0442631e+04
   2.5050091e+04
   2.0870012e+04
   2.5312289e+04
   1.2164829e+04
   7.9817612e+03
   1.4055305e+03
   1.2340350e+03
   3.6179664e+02
   9.5898356e+02
   1.4342370e+03
   2.2455912e+02
   2.0704515e+02
   5.6374144e+02
   1.5172007e+03
   3.9222373e+02
   1.5117178e+03
   7.2924759e+02
   2.0025296e+03
   3.1509448e+02
   3.1805943e+02
   6.2085411e+02
   3.6150763e+02
   2.3437420e+03
   1.0599150e+03
   8.2000913e+02
   1.5089782e+03
   2.9612004e+02
   5.3350433e+02
   3.5341214e+02
   1.6100110e+03
   3.6177405e+02
   9.7374468e+02
   8.3768883e+02
   1.2205676e+03
   1.2244561e+03
   3.4927391e+02
   1.3283951e+03
   5.2181679e+02
   6.0574756e+02
   1.0995650e+03
   7.4987095e+02
   4.1838466e+02
   4.7824027e+02
   3.9667088e+02
   5.8829872e+02
   3.8742730e+02
   2.3214258e+02
   5.2767242e+02
   1.8612219e+02
   2.2217860e+02
   2.7685712e+02
   1.2469858e+03
   6.1726720e+02
   5.2449604e+02
   7.0269107e+02
   5.7795084e+02
   4.4414201e+02
   9.3405943e+02
   6.1922703e+02
   1.0096764e+03
   9.7178050e+02
   1.4188692e+03
   1.9374732e+03
   6.2967917e+02
   1.2693912e+03
   2.5637781e+02
   7.8129024e+02
   3.9296550e+02
   1.2316386e+03
   6.1633192e+02
   5.8856854e+02
   7.8898583e+02
   9.2963845e+02
   1.1427992e+03
   6.8751905e+02
   1.3486360e+03
   5.8548654e+02
   7.9370709e+02
   7.9937210e+02
   6.2015513e+02
   1.6384001e+03
   2.9475005e+03
   3.2364533e+03
   3.2584459e+03
   2.9085925e+03
   2.9280345e+03
   2.1771147e+03
   3.4749343e+03
   1.5820920e+03
   1.5343763e+03
   1.7933246e+03
   9.1442864e+02
   2.9717654e+03
   3.4248187e+03
   7.0190593e+02
   1.5496242e+03
   7.4903350e+02
   3.5873422e+03
   2.0482512e+03
   3.5039091e+02
   3.5534298e+03
   3.6497048e+03
   2.6781411e+03
   2.7347145e+03
   3.4744760e+03
   4.3038434e+02
   3.2776219e+03
   3.9267511e+02
   1.8869511e+03
   2.7044741e+03
   1.1594427e+03
   2.4162198e+03
   2.1369848e+03
   1.7841607e+03
   2.5388271e+02
   9.7553566e+02
   3.3896409e+02
   1.3908714e+03
   2.7052988e+03
   2.1451692e+03
   2.9116845e+03
   1.3682954e+03
   3.2875877e+03
   3.1107314e+03
   1.4314637e+03
   5.1047389e+02
   2.7986461e+03
   1.6865255e+03
   3.0980883e+03
   3.6415690e+03
   1.3097890e+03
   1.0651872e+03
   5.2370907e+02
   8.9569113e+02
   6.0726497e+02
   6.1484659e+02
   1.0173381e+03
   3.5837539e+02
   1.4884518e+03
   6.1727608e+02
   1.0951547e+03
   8.6934037e+02
   5.1064139e+02
   5.7240018e+02
   5.6624880e+02
   8.6358379e+02
   6.6919057e+02
   5.3601217e+02
   7.0841334e+02
   9.0636040e+02
   1.0955440e+03
   1.6149380e+03
   9.2872338e+02
   1.4927521e+03
   4.3428205e+02
   2.4901210e+02
   1.0506943e+03
   6.5096369e+02
   2.4234050e+03
   1.8819196e+03
   2.5959236e+02
   4.2439827e+02
   4.8616834e+02
   2.3580522e+02
   3.8159807e+02
   2.7521327e+02
   3.5828837e+02
   3.3478256e+02
   1.7595964e+02
   2.3367153e+02
   2.0174409e+02
   4.7362175e+02
   7.7137563e+02
   6.1011774e+02
   4.6597288e+02
   5.7609268e+02
   6.3018713e+02
   9.6707026e+02
   6.1274650e+02
   8.9569401e+02
   5.6254785e+02
   9.6460788e+02
   7.3585558e+02
   9.3795334e+02
   9.7016009e+02
   6.0137875e+02
   1.3791259e+03
   7.3503030e+02
   6.0461448e+02
   1.4329040e+03
   5.3530554e+02
   1.0407636e+03
   3.5248865e+02
   4.6121712e+02
   1.2899934e+03
   6.6172592e+02
   1.1479779e+03
   5.4548260e+02
   1.6085711e+03
   1.4280131e+03
   8.0742228e+02
   2.1846922e+02
   1.9196715e+02
   6.0477212e+02
   1.3356598e+03
