   6.6235266e+03
   2.9906677e+03
   1.9255627e+04
   2.2606657e+04
   1.1756762e+02
   1.5896614e+02
   3.1932365e+02
   1.1933881e+03
   1.6066140e+02
   3.2163499e+02
   6.0682405e+03
   1.8636605e+02
   1.3080053e+01
   5.0273531e+01
   3.0236001e+02
   5.8298092e+02
   5.6236659e+02
   3.3140263e+02
   3.3024559e+02
   9.5162846e+02
   8.4292061e+02
   6.3413416e+02
   4.5283583e+03
   5.9065157e+02
   8.5530276e+02
   1.2851715e+03
   6.2779135e+02
   8.9861667e+02
   1.6497121e+04
   4.2334960e+02
   6.4208742e+03
   4.2731311e+02
   7.5516566e+02
   4.5582653e+02
   3.3671816e+03
   2.3271416e+03
   2.6597017e+03
   2.8336741e+02
   8.7467678e+02
   1.0621396e+02
   1.6329469e+02
   1.4959707e+04
   8.5079920e+03
   3.9768264e+02
   9.9179873e+02
   4.4802028e+02
   1.5279254e+04
   1.4670303e+04
   2.3064839e+04
   1.9442386e+04
   1.7275778e+04
   4.5518414e+03
   2.3491803e+04
   1.7749045e+04
   1.9984249e+04
   6.4196358e+03
   6.9045079e+03
   1.8114269e+03
   3.5454769e+02
   2.6492247e+03
   3.7247851e+03
   1.6923789e+04
   1.1352776e+04
   1.3249355e+04
   2.8940553e+01
   4.8126956e+02
   4.7600584e+02
   4.1540528e+01
   2.4318814e+02
   3.5957017e+01
   6.9837190e+03
   1.6302899e+02
   7.7588726e+03
   1.0273112e+03
   4.5312848e+02
   7.0580197e+02
   5.1600900e+02
   6.1425451e+02
   4.6581875e+02
   6.0209131e+02
   4.2656801e+02
   5.3826176e+02
   1.7250489e+02
   6.4901862e+02
   6.5679851e+02
   3.9057281e+02
   4.8450498e+02
   5.0640862e+03
   4.8765556e+02
   7.4518171e+02
   9.3476189e+02
   8.9894767e+02
   4.0054155e+02
   7.4014278e+02
   5.8158373e+02
   3.3800636e+02
   7.3079132e+02
   6.1827364e+02
   6.9264150e+02
   2.1833353e+02
   5.5017938e+02
   5.1913291e+02
   8.5146977e+02
   7.6041707e+02
   1.7106455e+02
   9.7723426e+01
   5.2180839e+02
   5.4716822e+02
   5.5060681e+02
   8.6761580e+02
   2.1910136e+02
   3.7282467e+02
   7.3020685e+02
   9.4815991e+02
   3.7157409e+02
   6.5296259e+02
   4.5967468e+02
   1.5105566e+02
   9.2366943e+02
   3.7719255e+02
   2.6401883e+02
   1.5621412e+02
   1.7625264e+03
   8.0147287e+02
   9.4117115e+03
   7.5812507e+02
   1.4205848e+03
   4.6943601e+03
   4.6963434e+03
   4.8603100e+03
   4.7482632e+03
   1.0629347e+04
   7.4178204e+03
   1.0558975e+04
   2.6571569e+03
   6.9460002e+03
   1.2421072e+04
   1.3734966e+04
   9.4343206e+02
   3.7153374e+03
   4.0993455e+02
   3.2472375e+02
   2.9588098e+03
   1.1792573e+03
   2.8093406e+03
   8.6091412e+02
   1.9129715e+03
   6.7403600e+02
   1.0310625e+03
   3.8493569e+02
   1.2971139e+03
   3.1746351e+03
   8.2190425e+02
   1.7953694e+03
   1.5161592e+03
   1.0223183e+03
   8.5678380e+02
   4.8046293e+02
   2.0399821e+02
   6.9563994e+02
   5.5347442e+02
   8.1495599e+01
   2.4570711e+02
   4.1539920e+02
   1.6667062e+02
   9.2658199e+01
   2.9379381e+02
   2.5730808e+02
   2.5251205e+02
   3.0757518e+02
   8.4763505e+02
   3.4469705e+02
   2.7662229e+03
   7.6047143e+03
   1.9382077e+03
   3.2066905e+03
   3.2103903e+03
   6.1772049e+03
   1.9647611e+03
   2.4147062e+03
   3.3745335e+02
   1.3170668e+03
   1.9054829e+03
   1.2766807e+03
   1.4919673e+04
   1.4780189e+03
   4.9344146e+03
   8.4082016e+03
   1.3323339e+03
   3.9873024e+03
   6.3708134e+03
   9.4561638e+03
   1.3286217e+04
   1.5746839e+04
   1.1674553e+04
   1.3191205e+04
   6.0898876e+03
   2.3046999e+04
   1.1412534e+04
   1.7906206e+04
   1.8458917e+04
   1.6792794e+04
   7.0862007e+03
   1.1087766e+04
   8.9827180e+03
   1.7037393e+04
   1.4367976e+02
   1.6135165e+03
   2.2976223e+04
   2.1576423e+04
   9.3312941e+03
   1.9547446e+04
   1.7933965e+04
   2.1943270e+04
   1.2328853e+04
   1.3230143e+04
   2.4600696e+04
   2.2205859e+04
   2.2316489e+04
   2.3912557e+04
   1.0247772e+04
   6.3792410e+03
   6.8127743e+03
   2.2076919e+04
   5.8850870e+03
   1.7582997e+04
   2.4542463e+04
   1.9732377e+04
   6.4802309e+01
   1.0555311e+04
   2.3182373e+04
   1.4972988e+04
   9.6194684e+01
   1.8527272e+04
   1.3454155e+04
   6.6678863e+03
   1.0091419e+03
   9.3968365e+03
   1.1049099e+04
   1.5394598e+04
   7.1219754e+03
   9.9696051e+03
   2.1143196e+04
   8.1527044e+03
   3.6545848e+03
   2.3638050e+03
   4.2542853e+03
   3.0220551e+02
   1.9668614e+03
   1.1111628e+03
   2.2271780e+03
   6.2016493e+02
   6.5201464e+02
   5.5099591e+02
   2.6765871e+02
   4.1853492e+02
   1.6788888e+02
   9.4026513e+02
   2.5688832e+02
   2.1899000e+02
   4.6377406e+03
   2.7207793e+03
   2.1226487e+03
   4.0873404e+01
   4.3295110e+02
   1.7624177e+02
   5.6193331e+01
   8.9650493e+02
   9.5340970e+01
   3.8982533e+03
   2.8035109e+02
   1.8590336e+02
   1.4838537e+02
   2.0538035e+02
   2.5217919e+02
   5.7477329e+02
   1.4988800e+02
   1.8882565e+02
   7.8404633e+02
   5.0785585e+02
   6.3411521e+01
   1.9543977e+02
   1.9713848e+02
   7.5344747e+01
   3.0081037e+02
   1.3716479e+02
   2.3496048e+02
   2.9750228e+02
   2.5126130e+02
   5.1946934e+02
   3.6588573e+03
   4.5398945e+02
   1.3318870e+03
   7.5563196e+02
   2.8525774e+02
   3.6068899e+03
   1.2004450e+03
   2.6268994e+03
   4.6984560e+03
   2.0045265e+04
   2.0559408e+03
   2.4854564e+02
   9.5340759e+03
   1.4407100e+04
   1.5957735e+04
   2.2064557e+04
   1.1217917e+04
   1.0010249e+04
   1.5539531e+03
   5.1835012e+03
   4.3190323e+02
   5.7484136e+02
   4.3228545e+03
   3.2604032e+03
   3.0900095e+03
   2.0597051e+03
   7.5313020e+02
   1.0568889e+03
   7.4976873e+02
   8.4971151e+02
   1.9664499e+01
   2.7840717e+02
   1.7282154e+02
   4.6229224e+02
   1.9253290e+02
   7.6489139e+01
   9.6731993e+02
   7.8946139e+02
   9.1807879e+02
   5.1488107e+02
   6.4711483e+02
   6.3893994e+02
   7.7020624e+02
   1.1171533e+03
   6.5352515e+02
   8.1574170e+02
   7.7125984e+02
   9.0126283e+02
   5.2079072e+02
   9.7296887e+02
   3.8641753e+02
   6.4455354e+02
   8.3626778e+02
   8.8159589e+02
   2.1738836e+02
   4.5729607e+02
   3.3873481e+02
   5.6290276e+02
   3.1948733e+02
   1.3397375e+02
   3.9345448e+02
   1.2861463e+02
   1.1808778e+02
   2.3445840e+02
   6.5108271e+02
   4.3695042e+02
   7.4976486e+02
   7.2399989e+02
   5.4648357e+02
   3.7282686e+02
   6.2933426e+02
   6.3608628e+02
   5.6890943e+02
   5.9490835e+02
   6.1672141e+02
   6.1762429e+02
   4.7321760e+02
   6.0626707e+02
   2.1058409e+02
   5.0622236e+02
   3.4762165e+02
   6.4497071e+02
   5.9671097e+02
   8.0901130e+02
   7.3956609e+02
   8.7993687e+02
   9.7994128e+02
   7.3684886e+02
   8.1579385e+02
   5.7942711e+02
   5.7757154e+02
   6.5825621e+02
   5.7541609e+02
   4.7325775e+02
   3.8572686e+02
   9.4428048e+01
   3.2516920e+02
   2.6933469e+02
   2.4372324e+02
   3.1274505e+02
   2.4680484e+01
   3.8058751e+02
   5.3734784e+02
   6.2742250e+02
   6.5872149e+02
   2.6436470e+01
   1.0378414e+02
   2.3938456e+02
   8.0558985e+01
   4.5874168e+01
   4.9585694e+01
   1.8743066e+01
   5.6767292e+02
   1.4142444e+02
   4.4514507e+01
   7.9365613e+00
   5.2892421e+01
   9.2743798e+01
   3.3684979e+02
   5.2432703e+01
   7.5280362e+02
   1.7387578e+01
   2.6200122e+01
   5.6806287e+01
   2.9527789e+01
   2.0804649e+01
   1.0720342e+01
   2.7273894e+02
   1.0100192e+02
   4.0233682e+02
   6.8961989e+02
   2.8522315e+01
   9.9322702e+01
   1.8941188e+01
   6.1426282e+02
   8.1645337e+01
   7.3496642e+01
   2.3575909e+01
   3.6026241e+02
   4.2369121e+01
   1.0149412e+01
   7.2680504e+01
   3.0223268e+01
   1.0951888e+03
   5.8567122e+02
   4.1739957e+02
   5.7700100e+02
   5.6491067e+01
   6.7629737e+02
   1.4255451e+03
   2.5351317e+03
   1.0083097e+03
   1.9995363e+03
   8.2728788e+02
   1.2590694e+03
   7.3334437e+02
   5.4511370e+02
   7.7306867e+02
   8.4494204e+02
   6.7576711e+02
   8.1898074e+02
   8.0522525e+02
   3.4271183e+02
   6.4013034e+02
   2.5486248e+02
   5.1799201e+01
   1.5491324e+02
   8.0612586e+02
   7.9685729e+01
   7.8342927e+02
   9.2602700e+02
   1.9271556e+01
   2.5597094e+02
   4.7551891e+02
   5.5818695e+01
   8.4921436e+02
   2.7804778e+02
   7.3531650e+02
   9.3865714e+01
   4.3953324e+02
   2.4622013e+02
   1.2751699e+02
   9.6143793e+00
   1.6973433e+02
   6.6243098e+02
   1.0367264e+03
   8.9691019e+02
   7.9803734e+02
   8.5220135e+02
   1.3338648e+03
   1.4972113e+03
   8.3853285e+02
   5.2204847e+02
   8.2841757e+02
   6.0929673e+02
   7.5190397e+02
   9.8187349e+02
   7.9558739e+02
   5.6672291e+02
   4.3642782e+02
   6.4328542e+02
   2.8670082e+02
   1.1252531e+02
   6.2764014e+01
   1.9335687e+01
   1.8043162e+02
   2.9269907e+02
   8.7708896e+02
   5.2813574e+02
   1.0939143e+03
   2.0750423e+03
   8.5677357e+02
   7.6077317e+02
   7.5859211e+02
   1.5776234e+03
   2.4409347e+03
   1.6667504e+03
   9.5222795e+02
