   3.3402241e+03
   1.5815581e+03
   5.0205460e+03
   5.3827680e+03
   8.2979636e+02
   4.2286754e+02
   1.4289416e+03
   2.0912342e+03
   1.1659743e+02
   6.0731919e+02
   3.3094227e+03
   2.6224554e+02
   1.9078152e+02
   1.9181460e+02
   2.1073049e+02
   1.7963639e+03
   3.7905652e+02
   8.9435749e+01
   1.2826185e+02
   2.1283767e+02
   6.7743293e+02
   1.5699251e+02
   2.0708946e+03
   3.2700264e+02
   2.1888913e+02
   8.0395482e+02
   3.4458698e+02
   4.8892339e+02
   4.5868062e+03
   6.2465048e+02
   2.6060981e+03
   1.0069679e+03
   1.5815918e+03
   2.6562415e+02
   2.5381620e+03
   1.5913754e+03
   2.3878169e+03
   2.5340883e+02
   5.4030271e+02
   4.7504943e+02
   1.0879615e+03
   4.4358495e+03
   3.2708235e+03
   2.5019348e+02
   2.5781704e+02
   6.1791464e+02
   4.4204005e+03
   4.2734215e+03
   5.4384748e+03
   5.0358330e+03
   4.8637038e+03
   2.7256141e+03
   5.5212068e+03
   5.0332222e+03
   5.0659992e+03
   3.6032897e+03
   2.7578297e+03
   2.0385889e+03
   4.2923350e+02
   1.2955308e+03
   2.9575204e+03
   4.8729186e+03
   4.2818841e+03
   4.5546839e+03
   1.8944544e+02
   4.4244822e+02
   1.7272221e+03
   1.5147225e+02
   1.9396025e+02
   1.9891716e+02
   3.6936445e+03
   2.6643222e+02
   2.9873923e+03
   8.7498068e+02
   8.5996754e+02
   1.3841357e+02
   5.7113009e+01
   9.1679806e+02
   1.1557135e+02
   2.9127592e+02
   6.7110811e+02
   4.8575592e+02
   1.4226564e+02
   2.6780431e+02
   1.4385563e+02
   1.2597495e+03
   9.9678442e+01
   2.9115116e+03
   5.2208497e+02
   5.4331101e+02
   2.4390246e+02
   3.5892262e+02
   4.9702932e+02
   2.7900893e+02
   4.3853874e+02
   6.1441026e+02
   1.4852517e+02
   3.4992006e+02
   2.8829289e+02
   8.7268020e+02
   4.9083565e+02
   3.8235484e+02
   3.8388281e+01
   2.6995580e+02
   2.5916155e+02
   6.1982038e+02
   2.7919071e+02
   8.9538659e+02
   4.1976948e+02
   2.3167473e+02
   6.9611561e+02
   6.1170174e+02
   1.2260123e+02
   4.6346600e+02
   2.7092238e+02
   2.8101289e+02
   1.8556452e+02
   8.8780731e+02
   3.5294495e+01
   1.8380143e+02
   3.7427137e+02
   7.8954384e+02
   7.9799108e+02
   3.9498556e+02
   3.3114202e+03
   1.2111607e+02
   2.2348723e+03
   2.3869078e+03
   2.1241911e+03
   2.2296401e+03
   2.2288334e+03
   3.5643858e+03
   2.9595590e+03
   3.7443915e+03
   2.0507003e+03
   2.9829159e+03
   4.2468694e+03
   4.3643947e+03
   1.6458776e+03
   2.2159693e+03
   1.2568387e+02
   1.0373794e+03
   1.4779364e+03
   1.0304466e+03
   1.6337784e+03
   1.2412218e+03
   1.0559113e+03
   8.4844829e+02
   7.0997089e+02
   3.2092754e+02
   6.7205026e+02
   1.5911535e+03
   4.6432205e+02
   1.1073252e+03
   7.5585720e+02
   4.6078550e+02
   6.6763588e+02
   1.3629758e+02
   1.3996849e+02
   4.7044573e+02
   3.9927815e+02
   4.2079782e+02
   1.9008298e+02
   4.0723513e+02
   2.3307911e+02
   1.8794297e+02
   1.0347112e+02
   1.8750784e+02
   1.7469644e+02
   1.2594031e+02
   8.7045649e+02
   2.8171354e+02
   2.0206621e+03
   3.7258982e+03
   1.5392749e+03
   2.4566740e+03
   1.8829320e+03
   2.6877568e+03
   1.0778340e+03
   1.4751721e+03
   2.9656875e+02
   9.2528266e+02
   9.4438810e+02
   7.9358022e+02
   4.3846410e+03
   1.3996799e+03
   2.2257071e+03
   3.2890912e+03
   5.8634709e+02
   1.8521581e+03
   2.9615023e+03
   3.3092353e+03
   4.0661882e+03
   4.7635276e+03
   3.9754706e+03
   4.0198664e+03
   3.2603434e+03
   5.4951366e+03
   4.0975142e+03
   4.8681388e+03
   4.9132571e+03
   4.6172554e+03
   3.3324272e+03
   4.0919225e+03
   3.5637891e+03
   4.7965501e+03
   9.1082939e+02
   1.7531829e+03
   5.4371318e+03
   5.2734766e+03
   3.6534670e+03
   5.0072736e+03
   4.9268926e+03
   5.3326147e+03
   4.3438308e+03
   4.1721982e+03
   5.6047529e+03
   5.4091420e+03
   5.3755477e+03
   5.5330532e+03
   3.5932094e+03
   3.3507742e+03
   3.0323469e+03
   5.4157383e+03
   3.4923958e+03
   4.9982320e+03
   5.6015175e+03
   5.2209263e+03
   6.9890159e+02
   4.2301229e+03
   5.5053302e+03
   4.7383336e+03
   4.7121417e+02
   5.0918797e+03
   4.5552369e+03
   3.5548000e+03
   2.0924616e+03
   4.0712156e+03
   4.0535924e+03
   4.7877284e+03
   3.6894665e+03
   4.1008100e+03
   5.3408887e+03
   3.8644608e+03
   2.9412548e+03
   2.6538072e+03
   3.1616961e+03
   9.4499952e+02
   2.5557491e+03
   1.9104892e+03
   2.1826935e+03
   9.6197558e+02
   1.9019398e+03
   1.3118472e+03
   1.3636960e+03
   9.3274581e+02
   8.4815607e+02
   2.0060282e+03
   1.3600262e+03
   2.9653682e+02
   3.1541691e+03
   2.6354786e+03
   2.4393501e+03
   6.1772530e+02
   1.5531690e+03
   3.9238841e+02
   1.0124176e+03
   1.8882067e+03
   1.1465374e+03
   2.9780272e+03
   1.3848707e+03
   5.6650819e+02
   2.8537191e+02
   2.2028787e+02
   5.3136081e+02
   6.3020287e+02
   2.4769838e+02
   2.3363512e+02
   3.3694013e+02
   1.0784927e+03
   1.3678364e+02
   1.2616358e+02
   1.6667111e+02
   2.1713917e+02
   6.0316510e+02
   1.6396691e+02
   9.9887671e+02
   3.3693212e+02
   4.3331110e+02
   5.8338731e+02
   3.0373600e+03
   1.5818785e+03
   2.3012332e+03
   3.4234269e+02
   1.1652981e+03
   2.9451470e+03
   2.0558791e+03
   2.7154917e+03
   3.1939488e+03
   5.2378151e+03
   2.4742265e+03
   1.3394658e+03
   4.0691452e+03
   4.6792271e+03
   4.8475943e+03
   5.3491277e+03
   4.2395797e+03
   3.9380461e+03
   2.2974760e+03
   2.7045117e+03
   1.2728300e+03
   1.7774793e+03
   2.7503357e+03
   1.7796970e+03
   1.9644049e+03
   1.1615616e+03
   5.7749400e+02
   1.4281835e+03
   3.1842846e+02
   2.3814951e+02
   5.3597823e+02
   5.4515865e+02
   5.3584020e+02
   2.8786533e+02
   3.4457737e+02
   9.6631368e+02
   2.2930486e+02
   5.8941655e+02
   3.6017818e+02
   3.8062937e+02
   3.1124472e+02
   3.3717195e+02
   5.5436745e+02
   1.9184910e+03
   9.3168679e+02
   3.8994269e+02
   2.6680137e+02
   2.5779633e+02
   1.3132565e+03
   3.5989979e+02
   4.9660432e+02
   4.0880844e+02
   5.7701867e+02
   1.9872470e+02
   2.9644236e+02
   2.8929062e+02
   2.7443298e+02
   1.7009611e+02
   7.7163021e+01
   1.9168840e+02
   4.6301380e+01
   1.5332063e+02
   1.9237721e+02
   1.0643515e+02
   1.7442449e+02
   3.7604958e+01
   1.9685100e+02
   1.5594176e+02
   8.1408663e+01
   7.3953825e+01
   3.3539556e+02
   1.2199309e+02
   4.4811258e+01
   7.1223058e+01
   9.2718556e+01
   2.3362059e+02
   4.6505474e+01
   7.1044333e+01
   1.3029510e+02
   3.3636421e+01
   1.2444579e+02
   1.4572784e+02
   2.4865505e+02
   1.9828221e+02
   6.8951819e+02
   2.3685504e+02
   2.7528271e+02
   1.4812887e+02
   5.6082150e+02
   1.4369343e+02
   7.1220713e+01
   2.4566215e+02
   8.5666635e+01
   5.9102139e+02
   7.2171789e+02
   1.0361390e+03
   7.9781795e+02
   8.6115395e+02
   8.8691196e+02
   7.8195727e+02
   1.1151601e+03
   6.7907058e+02
   5.0917614e+02
   2.8611590e+02
   2.0234292e+02
   1.0560493e+03
   1.0395512e+03
   2.6535493e+02
   8.5952160e+02
   6.4425811e+02
   1.0994524e+03
   8.2936961e+02
   1.5548624e+02
   1.0101033e+03
   1.1145927e+03
   5.2708611e+02
   1.0218595e+03
   9.7950671e+02
   3.1503324e+02
   1.0450327e+03
   7.7383671e+01
   8.6752735e+02
   1.0104743e+03
   7.8421081e+02
   7.3045796e+02
   5.1896438e+02
   7.3478734e+02
   5.0450922e+02
   3.7767911e+02
   3.6283336e+02
   2.8199231e+02
   6.6633403e+02
   3.1348043e+02
   6.1567298e+02
   8.2737752e+01
   8.4455669e+02
   8.9470682e+02
   8.0844672e+02
   2.3273317e+02
   9.6443350e+02
   6.1978676e+02
   8.9623137e+02
   1.1284146e+03
   3.9963162e+02
   2.4535597e+02
   1.9155972e+02
   2.1387555e+02
   4.8575507e+02
   1.3813109e+02
   5.7074066e+02
   1.2349548e+03
   4.6960732e+02
   9.7038707e+02
   2.3367339e+02
   4.5113340e+02
   3.0691274e+02
   3.9741680e+02
   1.0492386e+02
   1.8838415e+02
   1.0140076e+02
   1.3256674e+02
   6.6685821e+01
   2.0711805e+02
   9.0222862e+01
   2.2522849e+02
   4.5335002e+02
   3.0777558e+02
   6.7846197e+01
   2.0654605e+02
   5.2422354e+01
   3.6029722e+01
   4.5967584e+02
   2.0192529e+02
   1.2365770e+02
   1.7483642e+02
   7.0298587e+01
   1.7714267e+02
   7.2578574e+01
   2.1441789e+02
   2.3600879e+02
   2.5654631e+02
   1.7200455e+02
   1.9286945e+02
   1.7973447e+02
   3.0329616e+02
   3.3092932e+02
   4.8815161e+01
   1.0753589e+02
   6.6620370e+01
   5.7642612e+02
   6.2480947e+02
   2.4510065e+02
   2.4646702e+02
   1.3738205e+02
   2.1772107e+02
   1.5768050e+02
   2.4994798e+02
   5.3715432e+01
   1.3571711e+02
   1.4769238e+02
   1.0659315e+02
   2.4088551e+02
   3.5478803e+02
   5.1635011e+02
   5.4974822e+02
   3.5879586e+02
   2.5043356e+02
   2.8913398e+02
   1.8643716e+02
   3.4321399e+02
   1.1849608e+03
   4.4723822e+02
   6.9988311e+02
   1.0832596e+03
   1.6880876e+03
   1.7732134e+03
   1.2283273e+03
   7.5599468e+02
