   9.3000565e+03
   9.4677724e+02
   1.9001839e+04
   2.5765924e+04
   1.0479351e+03
   1.1646450e+03
   1.1720795e+03
   2.8174194e+03
   9.9923143e+02
   3.9349513e+02
   4.6712626e+03
   3.4081977e+02
   2.5675930e+02
   6.3758226e+01
   2.1800432e+03
   9.1403543e+02
   8.7722342e+02
   3.6890785e+03
   3.2929224e+03
   2.0182024e+03
   9.6694486e+02
   1.7055424e+03
   1.5409310e+03
   1.0097282e+03
   2.4845679e+03
   1.0441181e+03
   1.0986517e+03
   1.5393287e+03
   1.4282718e+04
   1.0107973e+03
   2.4664114e+03
   4.7884262e+02
   6.8534573e+02
   1.3660332e+03
   4.3846701e+03
   1.7411092e+03
   3.6020609e+03
   1.3154923e+03
   2.5463734e+02
   7.1769229e+02
   1.2195247e+03
   1.6370931e+04
   7.3152007e+03
   8.2379047e+02
   2.2890999e+03
   5.0615059e+02
   1.5192577e+04
   1.2650725e+04
   2.7479454e+04
   2.2713147e+04
   2.2615415e+04
   5.3499402e+03
   2.7967315e+04
   2.1433980e+04
   2.0085324e+04
   9.1320321e+03
   3.7888641e+03
   8.3807473e+02
   2.3492709e+02
   3.7830697e+02
   6.5271002e+03
   1.7376700e+04
   1.6948435e+04
   1.7892818e+04
   1.0520276e+03
   5.9183300e+02
   1.1400230e+03
   1.1668327e+02
   2.2747813e+03
   7.1593884e+02
   8.5892464e+03
   1.7653725e+02
   3.4680231e+03
   9.8244828e+02
   2.7542656e+02
   2.4908805e+03
   3.2710793e+03
   8.2023387e+02
   3.2845386e+03
   1.2547242e+03
   4.4227672e+02
   6.9176469e+02
   2.9997820e+03
   1.3340434e+03
   2.2728370e+03
   3.4560872e+02
   3.3294137e+03
   2.7948770e+03
   6.5784607e+02
   1.0687422e+03
   1.7673886e+03
   1.6782291e+03
   6.6610730e+02
   1.5680060e+03
   8.0447250e+02
   4.7136230e+02
   2.3854453e+03
   1.1297354e+03
   1.3730224e+03
   2.2970408e+02
   6.9452310e+02
   8.9982615e+02
   2.9816376e+03
   1.3920659e+03
   1.2275440e+03
   4.4896010e+02
   1.8779219e+03
   4.3833073e+02
   8.9663653e+02
   2.3737245e+03
   3.4952296e+02
   4.8499184e+02
   3.3177678e+03
   7.7503209e+02
   3.6682421e+02
   1.3113531e+03
   2.4398321e+03
   1.9978149e+02
   3.7714953e+03
   1.7351615e+03
   9.8063450e+02
   2.5601579e+02
   7.0045096e+02
   1.5683421e+03
   5.3064740e+03
   2.8444874e+03
   1.4311179e+03
   1.3901909e+03
   1.6092563e+03
   1.2168491e+03
   2.4441559e+03
   7.5989801e+03
   5.2444546e+03
   1.0769677e+04
   2.6317097e+03
   6.0520265e+03
   1.6417453e+04
   1.6870656e+04
   9.2473357e+02
   3.2189636e+03
   3.2933182e+03
   2.8735805e+02
   5.1063399e+02
   1.2098557e+03
   1.4723472e+03
   8.6688656e+02
   3.2501292e+02
   1.0375009e+03
   4.8068309e+02
   1.7929107e+02
   4.0713324e+02
   4.9427859e+02
   5.0773270e+02
   6.1354358e+02
   1.0602035e+03
   1.5735380e+03
   8.7178039e+02
   3.1556995e+03
   2.9647323e+02
   2.2387413e+02
   6.1819142e+02
   7.5464542e+02
   2.4892219e+02
   1.2298132e+03
   1.9924143e+02
   6.8088010e+01
   1.0801672e+03
   1.3706983e+03
   3.4212221e+02
   1.0749059e+03
   1.1429949e+03
   1.2931416e+03
   2.6042315e+03
   1.2104889e+04
   1.6729470e+03
   4.0069822e+03
   2.2017265e+03
   4.3202359e+03
   3.3548405e+02
   1.2829374e+03
   3.6594535e+02
   7.9209938e+02
   3.5222005e+02
   3.2519242e+02
   1.2021387e+04
   5.9677974e+02
   1.2473809e+03
   4.3968638e+03
   8.2645567e+02
   7.9472653e+02
   6.3091296e+03
   5.5628513e+03
   1.1619677e+04
   1.6315994e+04
   8.3763095e+03
   1.0005076e+04
   8.7952026e+03
   2.8998419e+04
   1.5087270e+04
   1.6948473e+04
   2.1340674e+04
   1.6561991e+04
   9.0064329e+03
   1.5327498e+04
   1.0133496e+04
   2.1193128e+04
   1.1555249e+02
   1.5996914e+03
   2.8226623e+04
   2.3106116e+04
   1.0861476e+04
   2.1118210e+04
   2.3089171e+04
   2.6969812e+04
   1.1982148e+04
   9.9849424e+03
   3.0424402e+04
   2.5526759e+04
   2.7867448e+04
   2.8499210e+04
   6.1307740e+03
   4.8386481e+03
   3.2210983e+03
   2.8114311e+04
   8.8135600e+03
   2.3906436e+04
   3.0292353e+04
   2.4563387e+04
   6.3327527e+02
   1.4012041e+04
   2.8397056e+04
   2.0409420e+04
   8.0880892e+02
   2.4785462e+04
   1.9162325e+04
   1.0904061e+04
   2.6516153e+03
   1.1925179e+04
   9.0775717e+03
   1.7895413e+04
   1.0811673e+04
   1.5065032e+04
   2.6690099e+04
   9.3359182e+03
   3.5654247e+03
   4.4816374e+03
   5.2672186e+03
   4.6845977e+02
   3.4938063e+03
   7.3127594e+02
   1.0284223e+03
   8.2649776e+02
   1.5717729e+03
   4.8423099e+02
   1.0517969e+03
   2.7387213e+02
   1.1348542e+03
   2.6205010e+03
   1.4170446e+03
   6.7189798e+02
   7.8764575e+03
   4.8378271e+03
   3.8710502e+03
   4.0429726e+02
   9.3589895e+02
   1.2145030e+03
   1.5376066e+02
   1.5538356e+03
   4.6316235e+01
   6.7692633e+03
   8.7535525e+02
   1.1416164e+03
   1.0994262e+03
   1.1368952e+03
   7.8937789e+02
   4.8737755e+02
   1.3502189e+02
   1.2809110e+03
   1.8804840e+03
   4.6361474e+02
   2.6016439e+02
   1.3629892e+03
   1.2293177e+03
   5.6095893e+02
   4.8566090e+02
   5.5716833e+02
   7.9337380e+02
   4.1356424e+02
   7.3156995e+02
   3.9931795e+02
   4.8764615e+03
   1.5539794e+03
   2.7204821e+03
   1.5921747e+03
   5.5816691e+02
   3.6599501e+03
   2.2947257e+03
   4.9249114e+03
   7.8754837e+03
   2.3347382e+04
   4.1518440e+03
   1.3794864e+03
   1.3772844e+04
   1.9608243e+04
   1.8605995e+04
   2.4204868e+04
   1.1412673e+04
   8.3157422e+03
   1.5751813e+03
   2.1111710e+03
   3.6233907e+02
   8.3943332e+02
   2.2770707e+03
   6.0884185e+02
   7.5299530e+02
   6.2078896e+02
   1.3589603e+03
   5.7484432e+02
   1.6765429e+03
   1.6272336e+03
   6.2482773e+02
   5.5923156e+02
   5.8193103e+02
   1.2841278e+03
   1.1323963e+03
   1.5473959e+02
   2.1908731e+03
   1.1327155e+03
   1.7015536e+03
   9.4171045e+02
   1.2839891e+03
   1.1242941e+03
   1.3749462e+03
   7.3999997e+02
   8.8995327e+02
   1.6753157e+03
   1.5428761e+03
   1.6870457e+03
   4.5683282e+02
   1.8196128e+03
   2.3232075e+02
   1.2523805e+03
   1.3317226e+03
   1.9851386e+03
   2.8510425e+02
   1.6229344e+03
   1.3857106e+03
   2.8493524e+03
   3.8389322e+03
   1.8768955e+03
   3.8910469e+03
   2.6729710e+03
   1.7693093e+03
   3.6115021e+03
   1.7503584e+03
   3.7595366e+03
   1.9301120e+03
   2.7610388e+03
   3.1221175e+03
   3.7352275e+03
   1.1567157e+03
   2.4855897e+03
   2.8833762e+03
   2.6355484e+03
   2.1316823e+03
   1.3073224e+03
   3.5278398e+03
   2.3893566e+03
   3.2496871e+03
   3.3935505e+03
   3.3278191e+03
   1.9115115e+03
   2.2591749e+03
   1.9347915e+03
   9.7129927e+02
   2.3512257e+03
   2.0954289e+03
   2.7305220e+03
   1.4017767e+03
   3.0037794e+03
   2.8278332e+03
   1.5372139e+03
   2.9206631e+03
   5.3527040e+02
   3.9384341e+02
   1.5714014e+02
   3.3522241e+02
   2.6598230e+02
   2.4589321e+02
   3.0708933e+02
   1.2572102e+02
   4.0842461e+02
   6.7876400e+02
   1.1760428e+03
   1.7274638e+03
   1.3051146e+02
   1.6546722e+02
   1.4734690e+03
   2.0087242e+02
   4.2694186e+02
   1.4021919e+02
   2.5806424e+02
   2.9445849e+03
   1.9122048e+02
   1.3638010e+02
   6.2491162e+02
   1.3839838e+02
   2.0836973e+02
   1.1897592e+03
   1.5528653e+02
   3.8175855e+03
   2.1345204e+02
   1.4462933e+02
   2.5830310e+02
   3.7279787e+02
   6.4900510e+02
   3.4790208e+02
   6.3463284e+02
   1.0238254e+03
   9.8606689e+02
   1.6288966e+03
   4.5151529e+02
   1.0523387e+03
   5.1170270e+02
   2.2339578e+03
   2.9911015e+02
   2.5063270e+02
   2.4728550e+02
   1.6765859e+03
   1.8244367e+02
   4.9782912e+02
   2.4854691e+02
   1.2863293e+02
   1.7413682e+03
   1.6655235e+03
   1.9619617e+03
   1.9040773e+03
   7.3642153e+02
   2.5728956e+03
   1.3078981e+03
   3.8123132e+02
   1.5499971e+03
   6.6286987e+02
   2.1448463e+03
   1.4897973e+03
   1.5526265e+03
   1.9968681e+02
   2.9688583e+03
   2.4822827e+03
   2.6404175e+03
   3.1237473e+03
   3.0106193e+03
   1.7068542e+03
   2.3614333e+03
   1.4167082e+03
   8.2003096e+02
   1.1679757e+03
   3.8277481e+03
   8.9728220e+02
   2.7487748e+03
   3.6701430e+03
   7.3519328e+02
   1.4255473e+03
   3.3424601e+03
   5.6462250e+01
   3.6331519e+03
   2.2813237e+03
   3.9054114e+03
   7.1408912e+02
   1.7347215e+03
   6.8901218e+02
   2.0493888e+03
   7.6327437e+02
   2.0005236e+03
   1.4620038e+03
   1.8806406e+03
   3.5335960e+03
   3.3865630e+03
   3.3308822e+03
   8.9852234e+02
   1.1917925e+03
   2.2720073e+03
   1.5845661e+03
   3.0693973e+03
   1.9194812e+03
   2.5594798e+03
   2.3058975e+03
   2.8187953e+03
   2.3717258e+03
   1.8356669e+03
   2.5162665e+03
   1.6177073e+03
   1.0426529e+03
   6.5913664e+02
   6.1087196e+02
   1.0808316e+03
   1.5825685e+03
   1.9484290e+03
   2.0702200e+03
   1.9331506e+03
   6.1125564e+02
   1.5378331e+03
   1.1916129e+03
   7.6333696e+02
   5.8746764e+02
   6.2098238e+02
   6.5537362e+02
   1.1227896e+03
