   1.9293082e+03
   5.6741774e+02
   2.4302001e+03
   2.7195387e+03
   5.6971905e+02
   3.8598110e+02
   9.3373277e+02
   1.2104772e+03
   1.3250440e+02
   1.9093721e+02
   1.3039747e+03
   9.5740807e+01
   2.6541659e+01
   4.0524278e+01
   1.3294486e+01
   5.9173875e+02
   1.2298624e+02
   2.1968053e+01
   1.6856701e+01
   3.2409309e+01
   3.3610661e+02
   8.9064403e+01
   7.6033423e+02
   1.1702083e+02
   1.0163689e+01
   7.5328019e+01
   1.2644849e+02
   1.9198916e+01
   2.1535296e+03
   5.0186221e+02
   9.6846228e+02
   7.8463272e+02
   1.1435340e+03
   1.9405385e+01
   1.5621518e+03
   8.0701496e+02
   1.5175611e+03
   2.9832991e+02
   1.0862449e+02
   5.1188379e+02
   6.3651499e+02
   2.2857851e+03
   1.6291874e+03
   1.5192925e+02
   8.1510802e+00
   1.5039089e+02
   2.2139628e+03
   2.0418824e+03
   2.7675535e+03
   2.5864401e+03
   2.5611190e+03
   1.5911422e+03
   2.7921816e+03
   2.5354844e+03
   2.4843618e+03
   1.7840548e+03
   1.1717136e+03
   5.7334614e+02
   8.0824281e+01
   3.0405713e+02
   1.6611944e+03
   2.3401004e+03
   2.3178326e+03
   2.3610843e+03
   1.8160348e+01
   5.5606986e+01
   6.3220302e+02
   5.1696445e+01
   1.3643269e+01
   2.0702610e+01
   1.7149445e+03
   4.6182218e+01
   1.1379717e+03
   8.9388170e+01
   1.9318899e+02
   5.6978009e+01
   4.5442462e+01
   1.1979997e+02
   2.1947269e+01
   8.6873972e+01
   1.6059825e+02
   1.3991754e+02
   1.5615438e+01
   1.1463052e+02
   7.6889579e+01
   3.2229651e+02
   2.7449977e+01
   1.0375199e+03
   1.6696129e+02
   5.0005441e+01
   3.0837543e+01
   3.3812841e+00
   1.6815380e+02
   2.4174329e+01
   1.4075241e+02
   1.8588035e+02
   5.8948856e+01
   1.3537311e+02
   1.1394832e+02
   1.9302753e+02
   1.4520605e+02
   2.0839689e+02
   5.2325965e+01
   8.0217193e+01
   1.0678827e+02
   1.8924787e+02
   1.4150524e+01
   1.6232402e+02
   1.5116110e+02
   9.5939520e+00
   1.9734750e+02
   1.8312243e+02
   1.7917002e+01
   5.2067231e+01
   1.0058727e+02
   7.8613134e+01
   1.3431789e+01
   2.0174121e+02
   3.3373389e+01
   9.5890738e+01
   1.3435370e+02
   2.0354821e+02
   1.1313854e+02
   2.5007472e+00
   1.3769790e+03
   3.8934365e+01
   7.5279738e+02
   7.5119960e+02
   7.7957949e+02
   7.0524360e+02
   9.4281220e+02
   1.6242521e+03
   1.3798654e+03
   1.9397573e+03
   1.2272306e+03
   1.5170741e+03
   2.2996314e+03
   2.3181366e+03
   1.1624422e+03
   1.1964984e+03
   1.6563830e+01
   8.2865774e+02
   4.3526045e+02
   5.6600849e+02
   6.9817006e+02
   8.6223134e+02
   2.8666817e+02
   5.8709284e+02
   2.3916970e+02
   6.2214122e+01
   1.1576660e+02
   3.9766944e+02
   6.4471454e+01
   3.8402424e+02
   7.1913503e+01
   9.1944166e+00
   3.0702169e+02
   1.5667864e+01
   6.7088461e+01
   1.0016212e+02
   1.6895043e+02
   4.8772972e+02
   7.1229596e+01
   3.3415631e+02
   3.6523025e+01
   3.6825431e+01
   1.3836252e+02
   2.7167849e+02
   7.7725203e+01
   1.4509886e+02
   5.4307906e+02
   2.8029093e+02
   1.1807205e+03
   2.0793703e+03
   8.6848876e+02
   1.5137686e+03
   9.1443084e+02
   1.2661713e+03
   2.9655916e+02
   6.2955780e+02
   4.0642047e+01
   3.7342600e+02
   1.9266081e+02
   2.2477012e+02
   1.9969951e+03
   2.7179078e+02
   7.1287482e+02
   1.2724426e+03
   6.8294588e+01
   5.6792069e+02
   1.5914798e+03
   1.4049022e+03
   1.9701893e+03
   2.2779370e+03
   1.7009812e+03
   1.8382458e+03
   1.9051484e+03
   2.8014673e+03
   2.2347166e+03
   2.3182725e+03
   2.5275534e+03
   2.2920514e+03
   1.8852360e+03
   2.2497057e+03
   1.9238895e+03
   2.5130185e+03
   7.8223828e+02
   1.1424885e+03
   2.7795794e+03
   2.6224926e+03
   1.9791700e+03
   2.5252711e+03
   2.5820431e+03
   2.7366924e+03
   1.9906446e+03
   1.8396491e+03
   2.8476349e+03
   2.7150748e+03
   2.7593263e+03
   2.8054012e+03
   1.4763445e+03
   1.3246825e+03
   1.1073607e+03
   2.7696849e+03
   1.7672896e+03
   2.6072934e+03
   2.8451139e+03
   2.6604683e+03
   6.0409787e+02
   2.1412391e+03
   2.7956217e+03
   2.4751775e+03
   4.9068598e+02
   2.6425751e+03
   2.4180248e+03
   2.0197845e+03
   1.0051308e+03
   1.9899283e+03
   1.7609842e+03
   2.3632079e+03
   1.9530201e+03
   2.2281558e+03
   2.7297678e+03
   1.7777269e+03
   1.1445799e+03
   1.3029338e+03
   1.3637162e+03
   3.0393379e+02
   1.1231837e+03
   5.3816830e+02
   6.4378231e+02
   1.2587692e+02
   7.4304403e+02
   2.6964626e+02
   5.4644170e+02
   2.2496436e+02
   4.6815214e+02
   1.0493359e+03
   6.6640241e+02
   1.4589765e+02
   1.8102901e+03
   1.6238633e+03
   1.5155243e+03
   6.0471105e+02
   1.0755830e+03
   3.5092662e+02
   8.2517361e+02
   1.2788551e+03
   9.1487559e+02
   1.7327788e+03
   9.5497249e+02
   3.6540779e+02
   3.8241397e+02
   1.9279402e+02
   2.4094007e+02
   9.7275838e+01
   6.2698498e+01
   1.8504528e+01
   1.2667232e+01
   2.0441153e+02
   6.3441400e+01
   2.1136084e+02
   1.9072212e+02
   2.4145671e+01
   2.0829929e+02
   9.6959955e+01
   3.9510521e+02
   4.5578780e+01
   1.9799894e+02
   9.5962337e+01
   1.3177686e+03
   9.7045783e+02
   9.9306877e+02
   5.2405718e+00
   3.8477928e+02
   1.1581324e+03
   1.3255932e+03
   1.3936464e+03
   1.7720172e+03
   2.6258372e+03
   1.3792535e+03
   6.5508111e+02
   2.1436241e+03
   2.4417170e+03
   2.4017634e+03
   2.6675224e+03
   1.9478427e+03
   1.6928541e+03
   7.8784328e+02
   9.1429545e+02
   3.0002937e+02
   5.7202133e+02
   9.4588263e+02
   4.5787477e+02
   5.2770851e+02
   1.9997381e+02
   2.1670446e+01
   2.8661723e+02
   7.2452399e+00
   6.7813058e+01
   1.5262302e+02
   1.7808334e+02
   1.7613695e+02
   8.9053198e+01
   1.2993099e+02
   2.0439276e+02
   1.4710701e+01
   5.1465789e+01
   3.4162560e+00
   1.3500732e+02
   1.2564705e+02
   1.2364714e+02
   1.6021913e+01
   5.4261838e+02
   1.1164629e+02
   1.7670419e+01
   3.4784977e+01
   2.8062853e+01
   2.7784025e+02
   4.7686355e+00
   1.0260542e+02
   3.0652043e+01
   3.5926448e+01
   5.3111178e+01
   4.4210079e+01
   1.7308605e+01
   1.9471433e+01
   1.3639190e+01
   2.2753238e+01
   1.5304646e+01
   2.9113387e+01
   1.5423455e+01
   1.5640616e+01
   1.8217228e+01
   9.4020725e+01
   3.3622329e+01
   8.1418512e+01
   2.2050636e+01
   4.5570634e+01
   2.5955084e+01
   1.3107800e+02
   6.8579746e+01
   5.5208461e+01
   6.3603073e+01
   7.3599138e+01
   1.0276889e+02
   3.8751005e+01
   6.6991616e+01
   1.6229793e+01
   4.3057169e+01
   1.7497313e+01
   8.6995519e+01
   1.0454878e+01
   7.0641734e+01
   7.3016349e+01
   9.1935256e+00
   7.1708829e+00
   2.7708036e+01
   2.4427797e+01
   1.8847057e+01
   5.8986637e+01
   1.1101003e+02
   5.3993331e+01
   1.6739832e+02
   1.6293971e+02
   1.9342968e+02
   1.6650328e+02
   1.8065451e+02
   1.8326156e+02
   1.8487470e+02
   1.9638034e+02
   1.8161974e+02
   1.5615263e+02
   1.1404559e+02
   1.0062906e+02
   2.0105286e+02
   1.8976677e+02
   1.1509200e+02
   2.0734419e+02
   1.9015468e+02
   1.9235626e+02
   1.9313723e+02
   1.4165590e+01
   1.8407033e+02
   1.9232083e+02
   1.4082865e+02
   2.0252119e+02
   1.8198196e+02
   1.1034059e+02
   1.9320016e+02
   2.2869834e+01
   2.0137855e+02
   2.0166386e+02
   2.0450354e+02
   1.7310516e+02
   1.4800554e+02
   1.8538431e+02
   1.6976878e+02
   1.3887555e+02
   1.2677563e+02
   1.9113073e+01
   1.5950077e+02
   1.1463570e+02
   1.4923717e+02
   7.0407231e+01
   1.7069414e+02
   1.7992529e+02
   2.0252125e+02
   8.8142628e+01
   1.9438081e+02
   1.7043887e+02
   1.8034688e+02
   1.9397062e+02
   7.3081672e+00
   4.0757949e+01
   8.4182911e+01
   4.4088215e+01
   1.6357991e+02
   4.7052388e+01
   3.8797322e+01
   2.7668762e+02
   9.6248957e+00
   1.5066104e+02
   1.4516347e+01
   2.5537359e+01
   1.8954131e+01
   9.1501670e+01
   4.1698004e+01
   1.8493245e+01
   6.4336063e+01
   1.9122726e+01
   5.3172655e+01
   1.0137361e+02
   7.0926036e+01
   1.0297553e+02
   1.5387332e+02
   1.2039087e+02
   2.5208616e+01
   1.9974328e+01
   5.8482605e+01
   3.5914474e+01
   1.3475817e+02
   9.6280528e+01
   1.6658141e+01
   3.3674242e+01
   2.9392844e+01
   1.4652434e+01
   2.2482941e+01
   2.2124831e+01
   1.5646510e+01
   2.6640951e+01
   1.5599576e+01
   2.0053024e+01
   1.5395919e+01
   2.0144844e+01
   1.3214320e+01
   3.8163712e+01
   2.2140384e+01
   4.1089549e+01
   6.3223190e+01
   5.0745838e+01
   1.0571005e+01
   5.6598047e+01
   1.9082770e+01
   3.7925208e+01
   3.1745860e+01
   8.0644458e+00
   5.7455995e+01
   7.2452512e+01
   8.6955515e+01
   6.9460038e+01
   1.0758825e+02
   1.2996597e+02
   1.7026080e+02
   1.6964566e+02
   1.3411549e+02
   1.0278646e+02
   7.2140585e+00
   5.8886406e+01
   6.6233437e+00
   2.0771688e+02
   5.2582319e+00
   4.3907974e+01
   1.5696781e+02
   3.9605450e+02
   4.3485984e+02
   2.0996064e+02
   5.7733231e+01
