   8.0943348e+02
   3.7450399e+02
   9.6000011e+02
   1.0407562e+03
   3.3684547e+02
   2.5187622e+02
   4.7805713e+02
   5.7813972e+02
   1.1180229e+02
   1.7240552e+02
   6.5836109e+02
   9.3827204e+01
   2.4750560e+01
   4.1990168e+01
   2.5853790e+01
   3.9938109e+02
   1.1077986e+01
   4.9713590e+00
   1.1348568e+01
   3.2583569e+01
   2.3955882e+02
   4.8695461e+00
   4.5912483e+02
   9.4053013e+00
   3.8865363e+01
   1.9264965e+02
   4.6015673e+00
   1.1675613e+02
   8.8659318e+02
   3.0575489e+02
   5.4469148e+02
   4.1988180e+02
   5.5074642e+02
   4.0477721e+01
   6.9252047e+02
   4.4235106e+02
   6.7794780e+02
   2.0743940e+02
   1.3042217e+02
   3.0676205e+02
   3.6850211e+02
   9.1536044e+02
   7.2285443e+02
   1.2933454e+02
   5.3378254e+01
   1.6803292e+01
   8.9590594e+02
   8.5143319e+02
   1.0571461e+03
   1.0034651e+03
   1.0011899e+03
   7.0232775e+02
   1.0630121e+03
   9.8718472e+02
   9.7398220e+02
   7.7013011e+02
   5.9437248e+02
   4.3049203e+02
   1.0147993e+02
   2.9103732e+02
   7.2497765e+02
   9.3584137e+02
   9.2827071e+02
   9.3746639e+02
   1.2089140e+01
   9.4179089e+01
   4.0131427e+02
   5.0324299e+01
   1.9777376e+01
   1.8209916e+01
   7.5744556e+02
   5.6448149e+01
   6.0594899e+02
   2.0896148e+02
   2.0287928e+02
   9.3320913e+00
   2.7838719e+00
   2.1335488e+02
   1.3231613e+01
   1.5773734e+01
   1.6670298e+01
   1.2327122e+01
   5.1196638e+00
   4.5229862e+00
   3.6629388e+00
   2.8637848e+02
   1.0246011e+01
   5.8513172e+02
   5.2128371e+00
   1.2191240e+02
   3.9050533e+01
   8.4388013e+01
   2.3927721e+00
   4.9536905e+01
   8.7613209e+00
   5.1627099e+00
   9.9189255e+00
   2.6559191e+00
   4.2218323e+00
   1.7977415e+01
   1.0850170e+01
   1.6666498e+02
   2.0802296e+00
   1.6328002e+01
   7.5391288e+00
   4.2944312e+00
   4.9568174e+01
   2.0485099e+02
   2.4718108e+00
   4.7309597e+01
   6.8144110e+00
   5.9425270e+00
   1.2270815e+01
   9.9718490e+01
   9.7689420e+01
   1.8469072e+01
   1.8978940e+01
   1.6363098e+01
   1.3115083e+00
   3.4726000e+00
   4.2273655e+00
   1.0531501e+01
   1.8368796e+02
   9.4718052e+01
   6.7058162e+02
   1.2906823e+01
   4.7351852e+02
   4.9343734e+02
   4.6757767e+02
   4.6810499e+02
   5.1063894e+02
   7.3307484e+02
   6.5113359e+02
   8.1359586e+02
   5.8307921e+02
   6.8585020e+02
   9.2204611e+02
   9.2577532e+02
   5.5748332e+02
   5.7740165e+02
   2.9911305e+00
   4.3606656e+02
   3.3534405e+02
   3.4207337e+02
   4.1245127e+02
   4.5087622e+02
   2.5217014e+02
   3.4422089e+02
   2.0138378e+02
   7.5693289e+01
   1.5506927e+02
   3.4836664e+02
   1.0167391e+02
   2.8452847e+02
   1.7983738e+02
   1.1280833e+02
   2.2673861e+02
   7.5885234e+00
   6.3884927e+01
   1.1676377e+02
   1.4687582e+02
   2.9579365e+02
   7.0472628e+01
   2.2843855e+02
   4.2809711e+01
   3.7207559e+01
   1.1518481e+02
   1.9276232e+02
   7.4759540e+01
   1.2022602e+02
   3.2845148e+02
   1.9945019e+02
   5.6833245e+02
   8.5535462e+02
   4.5997581e+02
   6.7679601e+02
   4.8576265e+02
   6.1223503e+02
   2.5746654e+02
   3.8375673e+02
   5.7162710e+01
   2.6787886e+02
   2.1775827e+02
   2.0402264e+02
   8.4684036e+02
   3.1289331e+02
   4.6839476e+02
   6.5255843e+02
   1.3233911e+02
   4.0321347e+02
   7.0550177e+02
   6.7545445e+02
   8.2861838e+02
   9.1875318e+02
   7.7097183e+02
   7.9864199e+02
   8.0219034e+02
   1.0704284e+03
   9.0229024e+02
   9.3098283e+02
   9.8608215e+02
   9.1889188e+02
   7.9517992e+02
   9.0805415e+02
   8.0730909e+02
   9.8421948e+02
   4.1767181e+02
   5.5215699e+02
   1.0634482e+03
   1.0118694e+03
   8.2397467e+02
   9.8435314e+02
   1.0065321e+03
   1.0505395e+03
   8.4338542e+02
   8.0679394e+02
   1.0848189e+03
   1.0386114e+03
   1.0587655e+03
   1.0680418e+03
   7.0772369e+02
   6.6494230e+02
   6.0638920e+02
   1.0611675e+03
   7.6294620e+02
   1.0145525e+03
   1.0835327e+03
   1.0246237e+03
   3.4703194e+02
   8.7375836e+02
   1.0657465e+03
   9.7230471e+02
   2.9768440e+02
   1.0243914e+03
   9.5702742e+02
   8.3762836e+02
   5.1892237e+02
   8.3285475e+02
   7.8576015e+02
   9.3928207e+02
   8.1622884e+02
   9.0031987e+02
   1.0471508e+03
   7.7850642e+02
   6.0212239e+02
   6.1931389e+02
   6.5743693e+02
   2.4465378e+02
   5.7096241e+02
   4.0792943e+02
   4.5646999e+02
   2.2433118e+02
   4.4088922e+02
   2.9287058e+02
   3.5164265e+02
   2.2059879e+02
   2.9880775e+02
   5.2819301e+02
   3.8864202e+02
   1.2786576e+02
   7.7151313e+02
   7.1244414e+02
   6.7699797e+02
   3.4602850e+02
   5.2709630e+02
   2.3543655e+02
   4.3411575e+02
   5.9743840e+02
   4.6770000e+02
   7.4703044e+02
   4.8440909e+02
   2.4703560e+02
   2.4739034e+02
   1.5170411e+02
   1.8999320e+02
   1.4300372e+02
   6.8000677e+01
   2.8331775e+01
   7.1445799e+01
   2.4431118e+02
   6.0588055e+01
   1.5924862e+02
   1.4878915e+02
   2.6908844e+01
   1.7976094e+02
   8.9044935e+01
   2.7968366e+02
   6.7864596e+01
   1.6375996e+02
   1.3341458e+02
   6.4078780e+02
   4.9293720e+02
   5.2620365e+02
   7.7650728e+01
   2.8940893e+02
   6.0457741e+02
   6.1381484e+02
   6.4509210e+02
   7.5974014e+02
   1.0128939e+03
   6.3547488e+02
   3.8405048e+02
   8.7320819e+02
   9.6179955e+02
   9.4975283e+02
   1.0244677e+03
   8.3009296e+02
   7.6684576e+02
   4.8552379e+02
   5.4862063e+02
   2.8609672e+02
   3.9402266e+02
   5.5703381e+02
   3.8356448e+02
   4.1720135e+02
   2.6461797e+02
   1.4229014e+02
   3.1781223e+02
   7.0630537e+01
   1.8211167e+01
   1.1067251e+01
   2.6067975e+00
   2.5671463e+00
   1.4346814e+01
   3.3743186e+00
   1.9523867e+01
   4.5525976e+01
   1.3569394e+02
   8.4980890e+01
   4.5497861e+00
   2.5691686e+00
   4.9765754e+00
   1.3729677e+02
   4.0957273e+02
   2.1920626e+02
   8.5735237e+01
   4.0556342e+01
   4.3230625e+01
   2.9305046e+02
   8.4983074e+01
   1.2132344e+02
   8.5370062e+01
   1.3720456e+02
   1.9711873e+01
   5.9443701e+01
   4.9881066e+01
   4.3225188e+01
   2.6724559e+01
   2.6055603e+00
   1.4300180e+01
   1.2944278e+00
   4.4953523e+00
   1.3763742e+01
   2.4268035e+00
   3.6832022e+00
   1.3973427e+00
   7.2540586e+00
   2.4834521e+01
   5.1360919e+00
   4.1380786e+00
   3.5922667e+00
   3.9555790e+00
   2.1756988e+00
   2.3495529e+00
   3.7719642e+00
   7.1495492e+00
   2.2681882e+00
   3.0917993e+00
   5.2987844e+00
   1.6681651e+00
   1.1318285e+01
   3.4439950e+00
   4.4796762e+01
   1.1695429e+01
   1.5956404e+02
   4.8790425e+01
   6.0509004e+01
   2.1576104e+01
   1.3647365e+02
   2.1032989e+01
   2.3797105e+00
   2.7040903e+00
   3.9768934e+00
   9.8709847e+00
   1.8647365e+01
   2.5537480e+01
   2.1468004e+01
   2.0744646e+01
   2.1286819e+01
   1.5573766e+01
   2.8243539e+01
   1.0779976e+01
   8.2549284e+00
   7.0079854e+00
   2.8053684e+00
   2.4509160e+01
   2.6582122e+01
   2.6108077e+00
   1.3309392e+01
   5.7047747e+00
   2.8533621e+01
   1.5641454e+01
   1.4778881e+01
   2.6700375e+01
   2.9147487e+01
   1.4370003e+01
   2.2617794e+01
   2.5763705e+01
   8.0256466e+00
   2.5926999e+01
   3.1036520e+00
   1.5354828e+01
   2.2264629e+01
   9.9199780e+00
   1.6066460e+01
   1.1528698e+01
   1.2730517e+01
   2.3163811e+00
   4.1197588e+00
   6.0584403e+00
   5.3680648e+01
   1.6567747e+01
   9.0115299e+00
   1.6838260e+01
   3.5464103e+00
   2.2442037e+01
   2.2398874e+01
   1.1854857e+01
   8.4700563e+00
   2.1964895e+01
   1.0542624e+01
   2.2360395e+01
   2.9360439e+01
   9.5865051e+01
   3.3563348e+01
   5.6706424e+00
   2.6664311e+01
   3.3799550e+00
   1.2965037e+01
   1.3496355e+02
   2.7844397e+02
   1.1521640e+02
   2.2332419e+02
   4.6926279e+01
   1.0247098e+02
   5.6095972e+01
   1.0335346e+02
   9.3891127e+00
   3.4330226e+01
   3.2681509e+00
   1.7879619e+01
   2.6937376e+00
   2.8158063e+00
   2.7268549e+00
   5.6408893e+00
   4.5829652e+00
   5.8471532e+00
   2.8916058e+00
   1.9586559e+01
   2.3564578e+00
   1.5808356e+00
   1.2175436e+01
   6.6386099e+00
   4.5031338e+00
   3.1943743e+01
   4.7313110e+00
   1.1959283e+01
   1.6670388e+00
   2.3902652e+01
   3.1681105e+01
   3.8719976e+01
   6.7779478e+00
   1.5413297e+01
   1.0013508e+01
   5.3806633e+01
   6.9680190e+01
   2.5195050e+00
   1.1181494e+01
   4.1037944e+00
   1.2996912e+02
   1.4733285e+02
   4.4175800e+01
   2.5030457e+01
   1.9459463e+01
   3.0584694e+01
   2.2461566e+01
   5.2778670e+01
   2.2132896e+00
   4.1067884e+00
   4.0320840e+00
   2.7547312e+00
   2.7229434e+00
   6.0294700e+00
   3.3078103e+00
   6.1755421e+00
   3.1093651e+00
   4.7356643e+00
   6.4416004e+01
   1.5279101e+01
   7.9581244e+01
   2.6933011e+02
   1.0973340e+02
   1.7114202e+02
   2.5078892e+02
   3.6652082e+02
   3.8234485e+02
   2.7952699e+02
   1.8350513e+02
