   7.4204664e+02
   2.9966732e+02
   9.3385449e+02
   1.0129245e+03
   2.5726331e+02
   1.7736582e+02
   3.9505045e+02
   5.0072624e+02
   6.1782542e+01
   1.1462315e+02
   5.9797154e+02
   5.1843216e+01
   8.5043341e+00
   1.7574589e+01
   9.5336649e+00
   3.2357216e+02
   2.9370857e+01
   1.5152251e+00
   2.9032637e+00
   4.9554876e+00
   1.7077686e+02
   1.5473924e+01
   3.8474914e+02
   2.6174590e+01
   1.3366410e+01
   1.1485735e+02
   6.9163462e+00
   5.7359206e+01
   8.5294020e+02
   2.2654539e+02
   4.7401546e+02
   3.3422919e+02
   4.6417287e+02
   1.7719784e+01
   6.1569079e+02
   3.6507978e+02
   5.9843093e+02
   1.3774193e+02
   8.0484114e+01
   2.2483439e+02
   2.8977989e+02
   8.7258364e+02
   6.6329044e+02
   7.6853446e+01
   1.9169800e+01
   4.1219427e+01
   8.5575971e+02
   8.1092679e+02
   1.0260528e+03
   9.6794866e+02
   9.5565005e+02
   6.2993263e+02
   1.0348821e+03
   9.5585951e+02
   9.4743327e+02
   7.1620129e+02
   5.2765590e+02
   3.4844473e+02
   5.8931261e+01
   2.1433976e+02
   6.5650800e+02
   9.0710972e+02
   8.7398473e+02
   8.9468948e+02
   3.2760121e+00
   5.2627503e+01
   3.2672019e+02
   2.1490617e+01
   6.9247796e+00
   5.9184835e+00
   7.0630254e+02
   2.7602473e+01
   5.3991573e+02
   1.2766351e+02
   1.3902128e+02
   1.8270249e+00
   3.1576772e+00
   1.3643438e+02
   2.6671518e+00
   1.5118169e+00
   4.2711725e+01
   3.3708452e+01
   1.5243352e+00
   1.8077314e+01
   4.9384739e+00
   2.1255217e+02
   1.9114380e+00
   5.1577930e+02
   2.6229748e+01
   6.8280293e+01
   6.4582010e+00
   3.0440445e+01
   1.7494179e+01
   9.9430945e+00
   2.8787827e+01
   2.8554168e+01
   1.7789578e+00
   1.5059932e+01
   6.6423694e+00
   4.9553062e+01
   3.2487747e+01
   1.0739222e+02
   6.2568432e+00
   1.4422470e+00
   2.2022186e+01
   2.6993188e+01
   2.1116302e+01
   1.3738385e+02
   1.5675450e+01
   1.4435391e+01
   3.3333438e+01
   2.9797539e+01
   2.9346558e+00
   5.5487970e+01
   5.4547599e+01
   1.3750717e+00
   6.4237755e+00
   4.8725260e+01
   2.7340870e+00
   1.3525869e+01
   7.8039039e+00
   4.0502754e+01
   1.1659202e+02
   3.6197080e+01
   6.1161287e+02
   1.7749623e+00
   3.9810553e+02
   4.1542747e+02
   3.9344995e+02
   3.9030865e+02
   4.3842888e+02
   6.7951892e+02
   5.8762515e+02
   7.6015121e+02
   5.0448940e+02
   6.2162080e+02
   8.6876029e+02
   8.7741105e+02
   4.7179964e+02
   5.0279409e+02
   1.0387292e+00
   3.4935344e+02
   2.5984815e+02
   2.6502163e+02
   3.3722019e+02
   3.6677690e+02
   1.8300543e+02
   2.6403975e+02
   1.3909010e+02
   4.0403732e+01
   9.8258548e+01
   2.6702480e+02
   5.8134015e+01
   2.1372150e+02
   1.0654148e+02
   5.1062534e+01
   1.5994526e+02
   2.1997733e+00
   2.9484979e+01
   7.0280109e+01
   9.2315074e+01
   2.1444950e+02
   3.4768633e+01
   1.5750841e+02
   1.8941986e+01
   1.4759771e+01
   6.3863881e+01
   1.2470422e+02
   3.7257819e+01
   6.7948911e+01
   2.5038963e+02
   1.3171306e+02
   4.9018630e+02
   7.9371595e+02
   3.8048316e+02
   5.9945385e+02
   4.1017200e+02
   5.4477633e+02
   1.8769903e+02
   3.0843902e+02
   2.8309453e+01
   1.9776690e+02
   1.4957030e+02
   1.4123093e+02
   8.0936090e+02
   2.2602631e+02
   3.9103702e+02
   5.9107930e+02
   7.7567375e+01
   3.2534958e+02
   6.3928698e+02
   6.1680090e+02
   7.8361849e+02
   8.8811028e+02
   7.2446619e+02
   7.5358488e+02
   7.3304980e+02
   1.0360701e+03
   8.4701398e+02
   9.0273963e+02
   9.4917764e+02
   8.8291102e+02
   7.2996706e+02
   8.5086761e+02
   7.4849681e+02
   9.4124851e+02
   3.3037192e+02
   4.6936499e+02
   1.0289505e+03
   9.8687212e+02
   7.6597362e+02
   9.5289299e+02
   9.6289728e+02
   1.0149057e+03
   8.0495442e+02
   7.6474049e+02
   1.0512719e+03
   1.0129639e+03
   1.0219031e+03
   1.0385074e+03
   6.5314939e+02
   6.0521524e+02
   5.3928974e+02
   1.0255451e+03
   7.0640101e+02
   9.7118196e+02
   1.0504639e+03
   9.9222016e+02
   2.6405314e+02
   8.2936280e+02
   1.0349337e+03
   9.2921678e+02
   2.1701809e+02
   9.8306053e+02
   9.0861340e+02
   7.7249380e+02
   4.4521579e+02
   7.8748686e+02
   7.4113488e+02
   9.0664376e+02
   7.6016050e+02
   8.4487640e+02
   1.0131404e+03
   7.3038645e+02
   5.3631652e+02
   5.5112883e+02
   5.9678880e+02
   1.7736852e+02
   5.0212450e+02
   3.2710145e+02
   3.7577955e+02
   1.4436991e+02
   3.6664771e+02
   2.1179227e+02
   2.7753929e+02
   1.5459804e+02
   2.2421422e+02
   4.5247396e+02
   3.1191701e+02
   7.6671964e+01
   7.0321754e+02
   6.3551307e+02
   5.9879999e+02
   2.6160513e+02
   4.4218591e+02
   1.6320421e+02
   3.4709404e+02
   5.1338253e+02
   3.7986834e+02
   6.7646570e+02
   4.0001904e+02
   1.7575084e+02
   1.7120187e+02
   9.3283074e+01
   1.2808718e+02
   8.8336349e+01
   3.4406059e+01
   1.1491009e+01
   3.1448789e+01
   1.6962931e+02
   2.7462063e+01
   9.7452317e+01
   9.0163342e+01
   1.0406710e+01
   1.2066203e+02
   4.6763258e+01
   2.0914469e+02
   3.5367688e+01
   1.0604640e+02
   8.1884296e+01
   5.7840667e+02
   4.1185044e+02
   4.5483608e+02
   2.5053371e+01
   2.1835217e+02
   5.3925044e+02
   5.3231416e+02
   5.7711051e+02
   6.9459315e+02
   9.8551339e+02
   5.6254598e+02
   3.0760539e+02
   8.2258589e+02
   9.1887507e+02
   9.1797210e+02
   1.0000169e+03
   7.8956979e+02
   7.1979777e+02
   4.1086737e+02
   4.7515188e+02
   2.1038470e+02
   3.1790004e+02
   4.8472551e+02
   3.0015156e+02
   3.3341543e+02
   1.8264560e+02
   7.1890724e+01
   2.3153522e+02
   2.1527011e+01
   1.4572547e+00
   3.3934434e+01
   2.0220050e+01
   1.9759448e+01
   1.6694934e+00
   8.9039358e+00
   5.3349780e+01
   1.1334325e+01
   7.6501196e+01
   3.1171596e+01
   7.4393523e+00
   1.1582827e+01
   6.3845553e+00
   6.7072324e+01
   3.2884491e+02
   1.3849522e+02
   4.0585497e+01
   6.2750770e+00
   7.7833101e+00
   2.1297123e+02
   3.3434585e+01
   7.3796647e+01
   4.3809301e+01
   7.3564859e+01
   1.8032068e+00
   2.9791215e+01
   2.2172291e+01
   1.9210425e+01
   7.2676038e+00
   1.3695509e+00
   4.7976256e+00
   2.0759990e+00
   1.2291595e+00
   4.5387547e+00
   1.0650014e+00
   1.3793960e+01
   2.6745744e+00
   3.0072763e+00
   4.7991929e+00
   2.2236467e+00
   1.5509172e+00
   1.7957845e+01
   4.1015631e+00
   6.6117997e+00
   7.1905196e+00
   1.1747906e+01
   2.0857583e+01
   2.7910094e+00
   9.7699953e+00
   1.5954653e+00
   4.1107103e+00
   2.7965414e+00
   1.2478406e+01
   1.7078465e+01
   1.7410549e+00
   9.4845326e+01
   1.5102656e+01
   1.9584284e+01
   3.4710871e+00
   6.9701629e+01
   4.5521297e+00
   5.2596743e+00
   1.2463851e+01
   3.1023163e+00
   3.4342530e+01
   4.5609200e+01
   5.9131911e+01
   4.9693800e+01
   5.1134368e+01
   5.2237796e+01
   4.5083750e+01
   6.2865611e+01
   3.7768479e+01
   3.0208447e+01
   2.2262515e+01
   1.1859775e+01
   5.9130029e+01
   5.9778882e+01
   1.2071026e+01
   4.5248226e+01
   3.0236397e+01
   6.2531639e+01
   4.6441621e+01
   4.3643398e+00
   5.8958284e+01
   6.3248978e+01
   3.6561737e+01
   5.7013259e+01
   5.7494780e+01
   3.7931197e+00
   5.9567025e+01
   1.4106866e+00
   4.7286004e+01
   5.6435634e+01
   3.9660306e+01
   4.3924160e+01
   3.3882141e+01
   4.1202835e+01
   1.6701610e+01
   2.0256055e+01
   5.6344268e+00
   1.2103526e+01
   4.2412253e+01
   2.5279694e+01
   4.1085666e+01
   1.0991990e+01
   5.1593188e+01
   5.3076750e+01
   4.2399874e+01
   2.8295407e+00
   5.4892128e+01
   3.5803911e+01
   5.3099090e+01
   6.3777103e+01
   4.1151091e+01
   4.3078329e+00
   3.8609184e+00
   2.9607339e+00
   2.1349567e+01
   1.6326984e+00
   7.3006115e+01
   2.0214486e+02
   5.2536614e+01
   1.4787076e+02
   1.1732361e+01
   5.1703292e+01
   2.5638572e+01
   6.0094268e+01
   1.6775166e+00
   7.5408657e+00
   4.4443337e+00
   3.8625323e+00
   4.0535126e+00
   1.2003630e+01
   9.1041675e+00
   1.8578594e+01
   2.3211760e+01
   2.1276817e+01
   1.5319760e+00
   6.8174229e+00
   7.2835478e+00
   2.9481721e+00
   3.2708235e+01
   1.9205216e+01
   1.4170986e+00
   1.1560840e+01
   1.6622928e+00
   3.8234093e+00
   1.3401643e+00
   8.9097101e+00
   1.2796967e+01
   1.7180428e+01
   1.7437967e+00
   4.5076340e+00
   3.0149799e+00
   2.4729882e+01
   3.0718602e+01
   2.6282422e+00
   2.3259880e+00
   2.2695195e+00
   7.5348347e+01
   8.2923626e+01
   1.6787800e+01
   2.1349891e+00
   4.1944829e+00
   4.0422323e+00
   3.2477424e+00
   1.7515494e+01
   6.6037160e+00
   4.2512935e+00
   1.3721948e+01
   5.6994146e+00
   9.3475156e+00
   2.2884099e+01
   2.1944817e+01
   2.8476907e+01
   9.7447813e+00
   5.5019145e+00
   2.0224526e+01
   1.5319182e+00
   3.2129869e+01
   1.8699950e+02
   4.7189666e+01
   9.4682049e+01
   1.6666388e+02
   2.8049074e+02
   2.9676655e+02
   1.9415342e+02
   1.0535836e+02
