 3.4 1.80022e-05 5.09385e-05
 3.401 1.80889e-05 5.13148e-05
 3.402 1.81763e-05 5.16955e-05
 3.403 1.82643e-05 5.20807e-05
 3.404 1.8353e-05 5.24706e-05
 3.405 1.84424e-05 5.2865e-05
 3.406 1.85325e-05 5.32643e-05
 3.407 1.86233e-05 5.36683e-05
 3.408 1.87148e-05 5.40772e-05
 3.409 1.8807e-05 5.44911e-05
 3.41 1.88999e-05 5.49101e-05
 3.411 1.89936e-05 5.53342e-05
 3.412 1.9088e-05 5.57636e-05
 3.413 1.91831e-05 5.61983e-05
 3.414 1.9279e-05 5.66383e-05
 3.415 1.93757e-05 5.70839e-05
 3.416 1.94731e-05 5.75351e-05
 3.417 1.95714e-05 5.7992e-05
 3.418 1.96704e-05 5.84547e-05
 3.419 1.97702e-05 5.89233e-05
 3.42 1.98709e-05 5.93979e-05
 3.421 1.99723e-05 5.98786e-05
 3.422 2.00746e-05 6.03655e-05
 3.423 2.01778e-05 6.08588e-05
 3.424 2.02818e-05 6.13584e-05
 3.425 2.03866e-05 6.18647e-05
 3.426 2.04924e-05 6.23776e-05
 3.427 2.0599e-05 6.28973e-05
 3.428 2.07065e-05 6.3424e-05
 3.429 2.08149e-05 6.39576e-05
 3.43 2.09243e-05 6.44985e-05
 3.431 2.10345e-05 6.50467e-05
 3.432 2.11457e-05 6.56023e-05
 3.433 2.12579e-05 6.61655e-05
 3.434 2.1371e-05 6.67364e-05
 3.435 2.14852e-05 6.73153e-05
 3.436 2.16003e-05 6.79021e-05
 3.437 2.17164e-05 6.84971e-05
 3.438 2.18335e-05 6.91004e-05
 3.439 2.19517e-05 6.97123e-05
 3.44 2.20709e-05 7.03328e-05
 3.441 2.21911e-05 7.09621e-05
 3.442 2.23125e-05 7.16004e-05
 3.443 2.24349e-05 7.2248e-05
 3.444 2.25584e-05 7.29048e-05
 3.445 2.26831e-05 7.35712e-05
 3.446 2.28089e-05 7.42474e-05
 3.447 2.29358e-05 7.49335e-05
 3.448 2.30639e-05 7.56297e-05
 3.449 2.31932e-05 7.63363e-05
 3.45 2.33236e-05 7.70534e-05
 3.451 2.34553e-05 7.77813e-05
 3.452 2.35883e-05 7.85201e-05
 3.453 2.37224e-05 7.92702e-05
 3.454 2.38579e-05 8.00318e-05
 3.455 2.39946e-05 8.0805e-05
 3.456 2.41327e-05 8.15902e-05
 3.457 2.4272e-05 8.23875e-05
 3.458 2.44127e-05 8.31974e-05
 3.459 2.45548e-05 8.40199e-05
 3.46 2.46983e-05 8.48555e-05
 3.461 2.48432e-05 8.57043e-05
 3.462 2.49895e-05 8.65667e-05
 3.463 2.51372e-05 8.74429e-05
 3.464 2.52865e-05 8.83334e-05
 3.465 2.54372e-05 8.92383e-05
 3.466 2.55894e-05 9.0158e-05
 3.467 2.57432e-05 9.10929e-05
 3.468 2.58986e-05 9.20433e-05
 3.469 2.60556e-05 9.30095e-05
 3.47 2.62142e-05 9.39919e-05
 3.471 2.63744e-05 9.49909e-05
 3.472 2.65363e-05 9.60069e-05
 3.473 2.66999e-05 9.70402e-05
 3.474 2.68653e-05 9.80913e-05
 3.475 2.70324e-05 9.91605e-05
 3.476 2.72014e-05 0.000100248
 3.477 2.73721e-05 0.000101355
 3.478 2.75447e-05 0.000102482
 3.479 2.77192e-05 0.000103628
 3.48 2.78957e-05 0.000104795
 3.481 2.8074e-05 0.000105983
 3.482 2.82544e-05 0.000107193
 3.483 2.84369e-05 0.000108424
 3.484 2.86214e-05 0.000109678
 3.485 2.8808e-05 0.000110955
 3.486 2.89968e-05 0.000112256
 3.487 2.91877e-05 0.000113582
 3.488 2.93809e-05 0.000114932
 3.489 2.95764e-05 0.000116308
 3.49 2.97742e-05 0.00011771
 3.491 2.99744e-05 0.000119139
 3.492 3.01771e-05 0.000120596
 3.493 3.03822e-05 0.000122081
 3.494 3.05898e-05 0.000123596
 3.495 3.08e-05 0.00012514
 3.496 3.10129e-05 0.000126715
 3.497 3.12284e-05 0.000128322
 3.498 3.14467e-05 0.000129962
 3.499 3.16679e-05 0.000131635
 3.5 3.18919e-05 0.000133342
 3.501 3.21189e-05 0.000135084
 3.502 3.23489e-05 0.000136863
 3.503 3.2582e-05 0.000138679
 3.504 3.28183e-05 0.000140534
 3.505 3.30578e-05 0.000142428
 3.506 3.33007e-05 0.000144363
 3.507 3.3547e-05 0.00014634
 3.508 3.37968e-05 0.00014836
 3.509 3.40502e-05 0.000150425
 3.51 3.43073e-05 0.000152535
 3.511 3.45682e-05 0.000154693
 3.512 3.4833e-05 0.0001569
 3.513 3.51019e-05 0.000159156
 3.514 3.53749e-05 0.000161465
 3.515 3.56521e-05 0.000163826
 3.516 3.59338e-05 0.000166244
 3.517 3.622e-05 0.000168717
 3.518 3.65109e-05 0.00017125
 3.519 3.68066e-05 0.000173844
 3.52 3.71074e-05 0.0001765
 3.521 3.74133e-05 0.000179221
 3.522 3.77245e-05 0.000182009
 3.523 3.80413e-05 0.000184867
 3.524 3.83639e-05 0.000187796
 3.525 3.86924e-05 0.0001908
 3.526 3.90271e-05 0.00019388
 3.527 3.93683e-05 0.00019704
 3.528 3.97161e-05 0.000200283
 3.529 4.0071e-05 0.000203611
 3.53 4.04332e-05 0.000207028
 3.531 4.08031e-05 0.000210537
 3.532 4.11809e-05 0.000214142
 3.533 4.15671e-05 0.000217846
 3.534 4.19621e-05 0.000221653
 3.535 4.23663e-05 0.000225567
 3.536 4.27802e-05 0.000229593
 3.537 4.32044e-05 0.000233736
 3.538 4.36394e-05 0.000237999
 3.539 4.40859e-05 0.000242389
 3.54 4.45446e-05 0.00024691
 3.541 4.50162e-05 0.000251569
 3.542 4.55016e-05 0.000256371
 3.543 4.60017e-05 0.000261324
 3.544 4.65175e-05 0.000266434
 3.545 4.70503e-05 0.000271709
 3.546 4.76013e-05 0.000277157
 3.547 4.81719e-05 0.000282787
 3.548 4.87639e-05 0.000288609
 3.549 4.93791e-05 0.000294632
 3.55 5.00195e-05 0.000300868
 3.551 5.06876e-05 0.000307329
 3.552 5.13861e-05 0.00031403
 3.553 5.21182e-05 0.000320984
 3.554 5.28876e-05 0.00032821
 3.555 5.36985e-05 0.000335725
 3.556 5.45559e-05 0.00034355
 3.557 5.54656e-05 0.000351711
 3.558 5.64347e-05 0.000360235
 3.559 5.74714e-05 0.000369153
 3.56 5.85856e-05 0.000378504
 3.561 5.97895e-05 0.000388333
 3.562 6.10976e-05 0.000398693
 3.563 6.25282e-05 0.000409648
 3.564 6.41038e-05 0.000421281
 3.565 6.58528e-05 0.000433691
 3.566 6.78112e-05 0.000447007
 3.567 7.00258e-05 0.000461394
 3.568 7.25574e-05 0.00047707
 3.569 7.54869e-05 0.000494325
 3.57 7.8924e-05 0.000513551
 3.571 8.30198e-05 0.000535285
 3.572 8.79874e-05 0.000560264
 3.573 9.41358e-05 0.000589488
 3.574 0.000101926 0.000624258
 3.575 0.000112067 0.000666083
 3.576 0.000125703 0.000716166
 3.577 0.000144756 0.000773996
 3.578 0.000172653 0.000835057
 3.579 0.00021592 0.000890681
 3.58 0.000287964 0.000936324
 3.581 0.00041847 0.000985757
 3.582 0.000673821 0.00107729
 3.583 0.00114428 0.00125338
 3.584 0.00150174 0.00136889
 3.585 0.00108969 0.0011784
 3.586 0.000621486 0.000991741
 3.587 0.000378468 0.000906441
 3.588 0.000258108 0.000874841
 3.589 0.000193741 0.00086866
 3.59 0.000156457 0.000875799
 3.591 0.000133423 0.000890871
 3.592 0.000118477 0.000911271
 3.593 0.000108423 0.00093565
 3.594 0.000101486 0.000963278
 3.595 9.66257e-05 0.000993751
 3.596 9.32017e-05 0.00102685
 3.597 9.08035e-05 0.00106249
 3.598 8.91594e-05 0.00110063
 3.599 8.80842e-05 0.0011413
 3.6 8.74484e-05 0.00118457
 3.601 8.71598e-05 0.00123053
 3.602 8.71513e-05 0.0012793
 3.603 8.73734e-05 0.00133101
 3.604 8.77891e-05 0.00138581
 3.605 8.83704e-05 0.00144388
 3.606 8.9096e-05 0.00150539
 3.607 8.99496e-05 0.00157054
 3.608 9.09185e-05 0.00163952
 3.609 9.19928e-05 0.00171255
 3.61 9.31648e-05 0.00178983
 3.611 9.44286e-05 0.0018716
 3.612 9.57791e-05 0.00195805
 3.613 9.72126e-05 0.00204939
 3.614 9.87257e-05 0.00214582
 3.615 0.000100316 0.0022475
 3.616 0.000101979 0.00235457
 3.617 0.000103714 0.00246712
 3.618 0.000105517 0.00258518
 3.619 0.000107385 0.0027087
 3.62 0.000109314 0.00283753
 3.621 0.000111298 0.0029714
 3.622 0.000113332 0.0031099
 3.623 0.00011541 0.00325243
 3.624 0.000117521 0.00339821
 3.625 0.000119657 0.0035462
 3.626 0.000121806 0.00369513
 3.627 0.000123956 0.00384344
 3.628 0.000126091 0.00398933
 3.629 0.000128197 0.00413069
 3.63 0.000130257 0.00426521
 3.631 0.000132256 0.00439038
 3.632 0.000134179 0.00450357
 3.633 0.000136011 0.00460216
 3.634 0.000137742 0.00468363
 3.635 0.000139364 0.00474571
 3.636 0.000140874 0.00478649
 3.637 0.000142275 0.00480458
 3.638 0.000143574 0.00479918
 3.639 0.000144786 0.00477014
 3.64 0.000145929 0.004718
 3.641 0.000147026 0.00464393
 3.642 0.000148105 0.00454965
 3.643 0.000149197 0.00443734
 3.644 0.000150332 0.00430951
 3.645 0.000151543 0.00416883
 3.646 0.000152862 0.00401804
 3.647 0.000154319 0.00385979
 3.648 0.000155946 0.00369657
 3.649 0.000157769 0.00353066
 3.65 0.000159816 0.00336403
 3.651 0.000162113 0.00319838
 3.652 0.000164685 0.00303511
 3.653 0.000167559 0.00287533
 3.654 0.00017076 0.00271991
 3.655 0.000174317 0.00256945
 3.656 0.000178261 0.0024244
 3.657 0.000182627 0.00228499
 3.658 0.000187453 0.00215134
 3.659 0.000192786 0.00202345
 3.66 0.00019868 0.00190124
 3.661 0.000205198 0.00178456
 3.662 0.000212416 0.00167322
 3.663 0.000220426 0.001567
 3.664 0.000229338 0.00146571
 3.665 0.000239287 0.00136916
 3.666 0.000250439 0.00127723
 3.667 0.000262995 0.0011899
 3.668 0.000277207 0.00110731
 3.669 0.000293384 0.00102982
 3.67 0.000311907 0.000958169
 3.671 0.000333242 0.000893627
 3.672 0.000357948 0.000838242
 3.673 0.00038667 0.000795161
 3.674 0.000420109 0.000769004
 3.675 0.000458918 0.000766157
 3.676 0.00050352 0.000794687
 3.677 0.000553803 0.000863299
 3.678 0.000608805 0.000978654
 3.679 0.000666641 0.00114107
 3.68 0.000725087 0.00134065
 3.681 0.000782956 0.00155794
 3.682 0.000841609 0.00177146
 3.683 0.000905606 0.00196835
 3.684 0.000982315 0.00215177
 3.685 0.00108144 0.00234052
 3.686 0.0012156 0.00254645
 3.687 0.00140253 0.00270904
 3.688 0.00166996 0.00279367
 3.689 0.00206515 0.00292349
 3.69 0.00267514 0.00318743
 3.691 0.00367317 0.00365694
 3.692 0.00543331 0.00448022
 3.693 0.00881581 0.00599952
 3.694 0.0156047 0.00892196
 3.695 0.0256808 0.0133234
 3.696 0.0251125 0.0142782
 3.697 0.0149477 0.0122465
 3.698 0.00848126 0.0124
 3.699 0.00535291 0.0142297
 3.7 0.00375421 0.0147222
