 3.2 0.000150976 0.000206047
 3.201 0.000151444 0.000206833
 3.202 0.000151915 0.000207624
 3.203 0.000152389 0.00020842
 3.204 0.000152865 0.000209221
 3.205 0.000153344 0.000210027
 3.206 0.000153826 0.000210837
 3.207 0.00015431 0.000211653
 3.208 0.000154797 0.000212474
 3.209 0.000155287 0.0002133
 3.21 0.000155779 0.00021413
 3.211 0.000156274 0.000214966
 3.212 0.000156772 0.000215808
 3.213 0.000157273 0.000216654
 3.214 0.000157777 0.000217506
 3.215 0.000158283 0.000218363
 3.216 0.000158793 0.000219225
 3.217 0.000159305 0.000220093
 3.218 0.00015982 0.000220966
 3.219 0.000160339 0.000221844
 3.22 0.00016086 0.000222729
 3.221 0.000161384 0.000223618
 3.222 0.000161911 0.000224513
 3.223 0.000162442 0.000225414
 3.224 0.000162975 0.000226321
 3.225 0.000163512 0.000227233
 3.226 0.000164051 0.000228151
 3.227 0.000164594 0.000229075
 3.228 0.000165141 0.000230005
 3.229 0.00016569 0.000230941
 3.23 0.000166242 0.000231883
 3.231 0.000166798 0.00023283
 3.232 0.000167358 0.000233784
 3.233 0.00016792 0.000234744
 3.234 0.000168486 0.00023571
 3.235 0.000169056 0.000236682
 3.236 0.000169628 0.000237661
 3.237 0.000170205 0.000238646
 3.238 0.000170785 0.000239637
 3.239 0.000171368 0.000240634
 3.24 0.000171955 0.000241638
 3.241 0.000172545 0.000242649
 3.242 0.00017314 0.000243666
 3.243 0.000173737 0.000244689
 3.244 0.000174339 0.00024572
 3.245 0.000174944 0.000246757
 3.246 0.000175553 0.0002478
 3.247 0.000176166 0.000248851
 3.248 0.000176783 0.000249909
 3.249 0.000177404 0.000250973
 3.25 0.000178028 0.000252044
 3.251 0.000178657 0.000253123
 3.252 0.00017929 0.000254208
 3.253 0.000179926 0.000255301
 3.254 0.000180567 0.000256401
 3.255 0.000181212 0.000257508
 3.256 0.000181861 0.000258622
 3.257 0.000182514 0.000259744
 3.258 0.000183172 0.000260873
 3.259 0.000183834 0.000262009
 3.26 0.0001845 0.000263154
 3.261 0.00018517 0.000264305
 3.262 0.000185846 0.000265465
 3.263 0.000186525 0.000266632
 3.264 0.000187209 0.000267807
 3.265 0.000187898 0.000268989
 3.266 0.000188591 0.00027018
 3.267 0.000189289 0.000271378
 3.268 0.000189992 0.000272585
 3.269 0.000190699 0.0002738
 3.27 0.000191411 0.000275022
 3.271 0.000192129 0.000276253
 3.272 0.000192851 0.000277492
 3.273 0.000193578 0.00027874
 3.274 0.00019431 0.000279996
 3.275 0.000195047 0.00028126
 3.276 0.00019579 0.000282533
 3.277 0.000196537 0.000283814
 3.278 0.00019729 0.000285104
 3.279 0.000198049 0.000286403
 3.28 0.000198812 0.00028771
 3.281 0.000199582 0.000289026
 3.282 0.000200356 0.000290351
 3.283 0.000201137 0.000291685
 3.284 0.000201923 0.000293028
 3.285 0.000202714 0.00029438
 3.286 0.000203512 0.000295741
 3.287 0.000204315 0.000297112
 3.288 0.000205125 0.000298492
 3.289 0.00020594 0.000299881
 3.29 0.000206762 0.000301279
 3.291 0.000207589 0.000302687
 3.292 0.000208423 0.000304104
 3.293 0.000209264 0.000305531
 3.294 0.000210111 0.000306968
 3.295 0.000210964 0.000308414
 3.296 0.000211824 0.00030987
 3.297 0.00021269 0.000311336
 3.298 0.000213563 0.000312812
 3.299 0.000214444 0.000314298
 3.3 0.000215331 0.000315794
 3.301 0.000216225 0.0003173
 3.302 0.000217126 0.000318817
 3.303 0.000218035 0.000320343
 3.304 0.000218951 0.00032188
 3.305 0.000219874 0.000323427
 3.306 0.000220805 0.000324985
 3.307 0.000221744 0.000326554
 3.308 0.00022269 0.000328133
 3.309 0.000223644 0.000329722
 3.31 0.000224607 0.000331323
 3.311 0.000225577 0.000332934
 3.312 0.000226556 0.000334556
 3.313 0.000227543 0.000336189
 3.314 0.000228539 0.000337833
 3.315 0.000229543 0.000339488
 3.316 0.000230556 0.000341155
 3.317 0.000231578 0.000342833
 3.318 0.000232609 0.000344522
 3.319 0.00023365 0.000346222
 3.32 0.000234699 0.000347934
 3.321 0.000235759 0.000349657
 3.322 0.000236828 0.000351393
 3.323 0.000237907 0.000353139
 3.324 0.000238996 0.000354898
 3.325 0.000240095 0.000356668
 3.326 0.000241204 0.000358451
 3.327 0.000242325 0.000360245
 3.328 0.000243456 0.000362052
 3.329 0.000244598 0.000363871
 3.33 0.000245751 0.000365702
 3.331 0.000246915 0.000367545
 3.332 0.000248092 0.000369401
 3.333 0.00024928 0.00037127
 3.334 0.00025048 0.000373151
 3.335 0.000251693 0.000375045
 3.336 0.000252918 0.000376951
 3.337 0.000254156 0.000378871
 3.338 0.000255407 0.000380804
 3.339 0.000256672 0.000382749
 3.34 0.00025795 0.000384708
 3.341 0.000259242 0.000386681
 3.342 0.000260549 0.000388667
 3.343 0.00026187 0.000390666
 3.344 0.000263207 0.00039268
 3.345 0.000264558 0.000394707
 3.346 0.000265926 0.000396748
 3.347 0.000267309 0.000398803
 3.348 0.000268709 0.000400873
 3.349 0.000270126 0.000402957
 3.35 0.00027156 0.000405055
 3.351 0.000273012 0.000407169
 3.352 0.000274482 0.000409297
 3.353 0.000275971 0.000411441
 3.354 0.000277479 0.000413599
 3.355 0.000279007 0.000415774
 3.356 0.000280555 0.000417964
 3.357 0.000282124 0.000420169
 3.358 0.000283714 0.000422392
 3.359 0.000285327 0.00042463
 3.36 0.000286963 0.000426886
 3.361 0.000288622 0.000429158
 3.362 0.000290305 0.000431447
 3.363 0.000292013 0.000433755
 3.364 0.000293748 0.00043608
 3.365 0.000295509 0.000438424
 3.366 0.000297297 0.000440786
 3.367 0.000299114 0.000443167
 3.368 0.000300961 0.000445568
 3.369 0.000302838 0.000447989
 3.37 0.000304748 0.000450431
 3.371 0.00030669 0.000452894
 3.372 0.000308666 0.000455378
 3.373 0.000310678 0.000457885
 3.374 0.000312726 0.000460415
 3.375 0.000314813 0.000462968
 3.376 0.00031694 0.000465546
 3.377 0.000319109 0.00046815
 3.378 0.000321321 0.000470779
 3.379 0.000323579 0.000473436
 3.38 0.000325884 0.000476122
 3.381 0.000328238 0.000478837
 3.382 0.000330645 0.000481583
 3.383 0.000333105 0.000484362
 3.384 0.000335623 0.000487174
 3.385 0.0003382 0.000490022
 3.386 0.00034084 0.000492907
 3.387 0.000343545 0.000495831
 3.388 0.00034632 0.000498797
 3.389 0.000349168 0.000501807
 3.39 0.000352093 0.000504864
 3.391 0.0003551 0.00050797
 3.392 0.000358192 0.000511128
 3.393 0.000361375 0.000514343
 3.394 0.000364653 0.000517618
 3.395 0.000368034 0.000520957
 3.396 0.000371522 0.000524366
 3.397 0.000375125 0.000527849
 3.398 0.000378849 0.000531412
 3.399 0.000382702 0.000535062
 3.4 0.000386693 0.000538806
 3.401 0.000390831 0.000542652
 3.402 0.000395124 0.000546609
 3.403 0.000399584 0.000550687
 3.404 0.000404221 0.000554897
 3.405 0.000409048 0.000559252
 3.406 0.000414077 0.000563764
 3.407 0.000419322 0.00056845
 3.408 0.000424797 0.000573327
 3.409 0.000430519 0.000578415
 3.41 0.000436503 0.000583733
 3.411 0.000442767 0.000589307
 3.412 0.000449329 0.000595163
 3.413 0.000456207 0.000601331
 3.414 0.000463419 0.000607842
 3.415 0.000470985 0.000614733
 3.416 0.000478923 0.000622043
 3.417 0.000487249 0.000629815
 3.418 0.000495978 0.000638095
 3.419 0.00050512 0.000646933
 3.42 0.000514682 0.00065638
 3.421 0.000524662 0.00066649
 3.422 0.000535051 0.000677317
 3.423 0.000545827 0.000688912
 3.424 0.000556951 0.000701323
 3.425 0.000568368 0.000714588
 3.426 0.000579998 0.000728733
 3.427 0.000591734 0.000743764
 3.428 0.00060344 0.000759663
 3.429 0.000614948 0.000776378
 3.43 0.000626058 0.000793816
 3.431 0.00063654 0.00081184
 3.432 0.00064614 0.000830262
 3.433 0.000654595 0.000848845
 3.434 0.000661645 0.000867305
 3.435 0.000667052 0.000885327
 3.436 0.000670623 0.000902575
 3.437 0.000672226 0.000918723
 3.438 0.00067181 0.000933469
 3.439 0.000669412 0.000946568
 3.44 0.000665153 0.000957845
 3.441 0.000659232 0.000967207
 3.442 0.000651907 0.000974647
 3.443 0.000643475 0.000980236
 3.444 0.000634246 0.000984112
 3.445 0.000624522 0.000986461
 3.446 0.000614583 0.000987497
 3.447 0.000604675 0.000987446
 3.448 0.000594999 0.000986535
 3.449 0.000585717 0.000984973
 3.45 0.000576949 0.000982951
 3.451 0.000568777 0.000980636
 3.452 0.000561253 0.000978169
 3.453 0.000554405 0.000975665
 3.454 0.000548239 0.000973219
 3.455 0.000542746 0.000970902
 3.456 0.000537906 0.00096877
 3.457 0.000533694 0.000966864
 3.458 0.000530077 0.000965212
 3.459 0.000527022 0.000963833
 3.46 0.000524493 0.000962738
 3.461 0.000522456 0.00096193
 3.462 0.000520877 0.000961411
 3.463 0.000519724 0.000961177
 3.464 0.000518966 0.000961221
 3.465 0.000518575 0.000961535
 3.466 0.000518524 0.000962112
 3.467 0.00051879 0.000962939
 3.468 0.000519349 0.000964008
 3.469 0.000520183 0.000965307
 3.47 0.000521272 0.000966825
 3.471 0.000522599 0.000968553
 3.472 0.000524151 0.000970479
 3.473 0.000525912 0.000972594
 3.474 0.000527872 0.000974889
 3.475 0.000530018 0.000977353
 3.476 0.000532342 0.000979978
 3.477 0.000534833 0.000982756
 3.478 0.000537485 0.000985679
 3.479 0.000540291 0.000988739
 3.48 0.000543244 0.000991929
 3.481 0.000546338 0.000995242
 3.482 0.000549569 0.00099867
 3.483 0.000552932 0.00100221
 3.484 0.000556425 0.00100585
 3.485 0.000560043 0.00100959
 3.486 0.000563783 0.00101343
 3.487 0.000567645 0.00101735
 3.488 0.000571624 0.00102136
 3.489 0.000575721 0.00102544
 3.49 0.000579934 0.0010296
 3.491 0.000584261 0.00103383
 3.492 0.000588703 0.00103812
 3.493 0.000593258 0.00104247
 3.494 0.000597927 0.00104689
 3.495 0.00060271 0.00105135
 3.496 0.000607607 0.00105587
 3.497 0.000612619 0.00106043
 3.498 0.000617746 0.00106504
 3.499 0.000622991 0.00106968
 3.5 0.000628353 0.00107437
