 3.2 5.44514e-05 9.03578e-05
 3.201 5.4611e-05 9.07156e-05
 3.202 5.47713e-05 9.10757e-05
 3.203 5.49324e-05 9.14381e-05
 3.204 5.50943e-05 9.18029e-05
 3.205 5.5257e-05 9.21702e-05
 3.206 5.54205e-05 9.25398e-05
 3.207 5.55848e-05 9.29119e-05
 3.208 5.57499e-05 9.32864e-05
 3.209 5.59158e-05 9.36634e-05
 3.21 5.60826e-05 9.40429e-05
 3.211 5.62502e-05 9.44249e-05
 3.212 5.64186e-05 9.48095e-05
 3.213 5.65879e-05 9.51967e-05
 3.214 5.6758e-05 9.55864e-05
 3.215 5.6929e-05 9.59788e-05
 3.216 5.71009e-05 9.63738e-05
 3.217 5.72736e-05 9.67715e-05
 3.218 5.74472e-05 9.71719e-05
 3.219 5.76217e-05 9.7575e-05
 3.22 5.7797e-05 9.79808e-05
 3.221 5.79733e-05 9.83895e-05
 3.222 5.81504e-05 9.88009e-05
 3.223 5.83285e-05 9.92151e-05
 3.224 5.85075e-05 9.96322e-05
 3.225 5.86873e-05 0.000100052
 3.226 5.88682e-05 0.000100475
 3.227 5.90499e-05 0.000100901
 3.228 5.92326e-05 0.00010133
 3.229 5.94162e-05 0.000101761
 3.23 5.96008e-05 0.000102196
 3.231 5.97863e-05 0.000102634
 3.232 5.99728e-05 0.000103075
 3.233 6.01603e-05 0.000103519
 3.234 6.03487e-05 0.000103966
 3.235 6.05382e-05 0.000104416
 3.236 6.07286e-05 0.000104869
 3.237 6.092e-05 0.000105326
 3.238 6.11124e-05 0.000105786
 3.239 6.13059e-05 0.000106249
 3.24 6.15004e-05 0.000106716
 3.241 6.16959e-05 0.000107186
 3.242 6.18924e-05 0.000107659
 3.243 6.209e-05 0.000108135
 3.244 6.22886e-05 0.000108616
 3.245 6.24884e-05 0.000109099
 3.246 6.26891e-05 0.000109586
 3.247 6.2891e-05 0.000110077
 3.248 6.30939e-05 0.000110571
 3.249 6.32979e-05 0.000111069
 3.25 6.35031e-05 0.000111571
 3.251 6.37093e-05 0.000112076
 3.252 6.39167e-05 0.000112585
 3.253 6.41252e-05 0.000113098
 3.254 6.43348e-05 0.000113614
 3.255 6.45456e-05 0.000114135
 3.256 6.47575e-05 0.000114659
 3.257 6.49706e-05 0.000115187
 3.258 6.51848e-05 0.00011572
 3.259 6.54003e-05 0.000116256
 3.26 6.56169e-05 0.000116796
 3.261 6.58347e-05 0.000117341
 3.262 6.60538e-05 0.000117889
 3.263 6.6274e-05 0.000118442
 3.264 6.64955e-05 0.000118999
 3.265 6.67182e-05 0.00011956
 3.266 6.69422e-05 0.000120125
 3.267 6.71674e-05 0.000120695
 3.268 6.73939e-05 0.00012127
 3.269 6.76217e-05 0.000121848
 3.27 6.78508e-05 0.000122432
 3.271 6.80811e-05 0.000123019
 3.272 6.83128e-05 0.000123612
 3.273 6.85458e-05 0.000124209
 3.274 6.87801e-05 0.00012481
 3.275 6.90157e-05 0.000125417
 3.276 6.92527e-05 0.000126028
 3.277 6.94911e-05 0.000126644
 3.278 6.97309e-05 0.000127265
 3.279 6.9972e-05 0.000127891
 3.28 7.02145e-05 0.000128522
 3.281 7.04584e-05 0.000129158
 3.282 7.07038e-05 0.000129799
 3.283 7.09506e-05 0.000130446
 3.284 7.11988e-05 0.000131097
 3.285 7.14485e-05 0.000131754
 3.286 7.16996e-05 0.000132416
 3.287 7.19523e-05 0.000133084
 3.288 7.22064e-05 0.000133757
 3.289 7.2462e-05 0.000134435
 3.29 7.27191e-05 0.000135119
 3.291 7.29778e-05 0.000135809
 3.292 7.3238e-05 0.000136505
 3.293 7.34998e-05 0.000137206
 3.294 7.37632e-05 0.000137913
 3.295 7.40281e-05 0.000138626
 3.296 7.42946e-05 0.000139345
 3.297 7.45628e-05 0.00014007
 3.298 7.48326e-05 0.000140801
 3.299 7.5104e-05 0.000141539
 3.3 7.5377e-05 0.000142283
 3.301 7.56518e-05 0.000143033
 3.302 7.59282e-05 0.000143789
 3.303 7.62063e-05 0.000144552
 3.304 7.64862e-05 0.000145321
 3.305 7.67677e-05 0.000146097
 3.306 7.70511e-05 0.00014688
 3.307 7.73361e-05 0.00014767
 3.308 7.7623e-05 0.000148466
 3.309 7.79116e-05 0.000149269
 3.31 7.82021e-05 0.00015008
 3.311 7.84944e-05 0.000150897
 3.312 7.87885e-05 0.000151722
 3.313 7.90845e-05 0.000152554
 3.314 7.93824e-05 0.000153394
 3.315 7.96821e-05 0.00015424
 3.316 7.99838e-05 0.000155095
 3.317 8.02874e-05 0.000155957
 3.318 8.0593e-05 0.000156827
 3.319 8.09005e-05 0.000157705
 3.32 8.121e-05 0.00015859
 3.321 8.15215e-05 0.000159484
 3.322 8.18351e-05 0.000160386
 3.323 8.21506e-05 0.000161296
 3.324 8.24683e-05 0.000162214
 3.325 8.2788e-05 0.000163141
 3.326 8.31098e-05 0.000164076
 3.327 8.34338e-05 0.00016502
 3.328 8.37599e-05 0.000165973
 3.329 8.40882e-05 0.000166934
 3.33 8.44186e-05 0.000167905
 3.331 8.47513e-05 0.000168885
 3.332 8.50862e-05 0.000169874
 3.333 8.54233e-05 0.000170872
 3.334 8.57627e-05 0.00017188
 3.335 8.61044e-05 0.000172897
 3.336 8.64485e-05 0.000173924
 3.337 8.67949e-05 0.000174961
 3.338 8.71436e-05 0.000176007
 3.339 8.74948e-05 0.000177064
 3.34 8.78483e-05 0.000178131
 3.341 8.82043e-05 0.000179209
 3.342 8.85628e-05 0.000180297
 3.343 8.89238e-05 0.000181395
 3.344 8.92873e-05 0.000182504
 3.345 8.96533e-05 0.000183625
 3.346 9.00219e-05 0.000184756
 3.347 9.03931e-05 0.000185898
 3.348 9.0767e-05 0.000187052
 3.349 9.11435e-05 0.000188218
 3.35 9.15227e-05 0.000189395
 3.351 9.19045e-05 0.000190584
 3.352 9.22892e-05 0.000191784
 3.353 9.26766e-05 0.000192997
 3.354 9.30668e-05 0.000194223
 3.355 9.34599e-05 0.000195461
 3.356 9.38558e-05 0.000196711
 3.357 9.42546e-05 0.000197974
 3.358 9.46564e-05 0.000199251
 3.359 9.50611e-05 0.00020054
 3.36 9.54688e-05 0.000201843
 3.361 9.58795e-05 0.00020316
 3.362 9.62934e-05 0.00020449
 3.363 9.67103e-05 0.000205834
 3.364 9.71303e-05 0.000207193
 3.365 9.75536e-05 0.000208566
 3.366 9.798e-05 0.000209953
 3.367 9.84097e-05 0.000211355
 3.368 9.88427e-05 0.000212772
 3.369 9.9279e-05 0.000214205
 3.37 9.97187e-05 0.000215653
 3.371 0.000100162 0.000217116
 3.372 0.000100608 0.000218596
 3.373 0.000101058 0.000220092
 3.374 0.000101512 0.000221604
 3.375 0.000101969 0.000223132
 3.376 0.00010243 0.000224678
 3.377 0.000102894 0.000226241
 3.378 0.000103362 0.000227821
 3.379 0.000103834 0.000229419
 3.38 0.00010431 0.000231034
 3.381 0.00010479 0.000232668
 3.382 0.000105273 0.000234321
 3.383 0.000105761 0.000235992
 3.384 0.000106252 0.000237682
 3.385 0.000106747 0.000239392
 3.386 0.000107247 0.000241122
 3.387 0.000107751 0.000242871
 3.388 0.000108259 0.000244641
 3.389 0.000108771 0.000246431
 3.39 0.000109288 0.000248242
 3.391 0.000109809 0.000250075
 3.392 0.000110335 0.000251929
 3.393 0.000110865 0.000253805
 3.394 0.0001114 0.000255704
 3.395 0.000111939 0.000257625
 3.396 0.000112483 0.000259569
 3.397 0.000113032 0.000261537
 3.398 0.000113586 0.000263529
 3.399 0.000114144 0.000265545
 3.4 0.000114708 0.000267585
 3.401 0.000115277 0.000269651
 3.402 0.000115851 0.000271742
 3.403 0.00011643 0.000273859
 3.404 0.000117015 0.000276003
 3.405 0.000117605 0.000278173
 3.406 0.0001182 0.000280371
 3.407 0.000118801 0.000282596
 3.408 0.000119408 0.00028485
 3.409 0.00012002 0.000287133
 3.41 0.000120638 0.000289444
 3.411 0.000121263 0.000291786
 3.412 0.000121893 0.000294158
 3.413 0.00012253 0.00029656
 3.414 0.000123172 0.000298994
 3.415 0.000123821 0.00030146
 3.416 0.000124477 0.000303959
 3.417 0.000125139 0.000306491
 3.418 0.000125808 0.000309056
 3.419 0.000126484 0.000311656
 3.42 0.000127167 0.00031429
 3.421 0.000127857 0.000316961
 3.422 0.000128554 0.000319667
 3.423 0.000129258 0.000322411
 3.424 0.00012997 0.000325192
 3.425 0.00013069 0.000328012
 3.426 0.000131417 0.00033087
 3.427 0.000132152 0.000333769
 3.428 0.000132896 0.000336708
 3.429 0.000133648 0.000339688
 3.43 0.000134408 0.00034271
 3.431 0.000135177 0.000345775
 3.432 0.000135955 0.000348884
 3.433 0.000136741 0.000352037
 3.434 0.000137537 0.000355235
 3.435 0.000138343 0.00035848
 3.436 0.000139158 0.000361771
 3.437 0.000139983 0.00036511
 3.438 0.000140818 0.000368498
 3.439 0.000141664 0.000371935
 3.44 0.00014252 0.000375423
 3.441 0.000143387 0.000378962
 3.442 0.000144265 0.000382554
 3.443 0.000145155 0.000386198
 3.444 0.000146056 0.000389896
 3.445 0.00014697 0.000393649
 3.446 0.000147896 0.000397457
 3.447 0.000148834 0.000401322
 3.448 0.000149786 0.000405245
 3.449 0.000150752 0.000409225
 3.45 0.000151731 0.000413264
 3.451 0.000152725 0.000417362
 3.452 0.000153733 0.000421521
 3.453 0.000154757 0.000425741
 3.454 0.000155797 0.000430021
 3.455 0.000156853 0.000434364
 3.456 0.000157925 0.000438769
 3.457 0.000159016 0.000443236
 3.458 0.000160124 0.000447765
 3.459 0.000161251 0.000452357
 3.46 0.000162398 0.000457012
 3.461 0.000163565 0.000461728
 3.462 0.000164753 0.000466507
 3.463 0.000165962 0.000471346
 3.464 0.000167195 0.000476246
 3.465 0.000168451 0.000481205
 3.466 0.000169733 0.000486221
 3.467 0.00017104 0.000491294
 3.468 0.000172374 0.000496422
 3.469 0.000173737 0.000501601
 3.47 0.00017513 0.000506831
 3.471 0.000176554 0.000512109
 3.472 0.000178011 0.00051743
 3.473 0.000179503 0.000522793
 3.474 0.000181032 0.000528194
 3.475 0.0001826 0.000533628
 3.476 0.000184209 0.000539092
 3.477 0.000185862 0.000544582
 3.478 0.000187561 0.000550093
 3.479 0.00018931 0.000555621
 3.48 0.000191111 0.000561161
 3.481 0.000192969 0.000566708
 3.482 0.000194887 0.000572257
 3.483 0.000196871 0.000577805
 3.484 0.000198924 0.000583345
 3.485 0.000201053 0.000588876
 3.486 0.000203263 0.000594391
 3.487 0.000205562 0.000599887
 3.488 0.000207958 0.000605362
 3.489 0.000210459 0.000610811
 3.49 0.000213074 0.000616233
 3.491 0.000215817 0.000621625
 3.492 0.000218698 0.000626985
 3.493 0.000221734 0.000632312
 3.494 0.000224941 0.000637604
 3.495 0.000228338 0.000642862
 3.496 0.000231948 0.000648084
 3.497 0.000235797 0.00065327
 3.498 0.000239917 0.00065842
 3.499 0.000244343 0.000663534
 3.5 0.000249118 0.000668612
