 3.4 6.34237e-06 4.57592e-06 5.50584e-06
 3.401 6.38482e-06 4.60404e-06 5.54086e-06
 3.402 6.42772e-06 4.63243e-06 5.57621e-06
 3.403 6.47107e-06 4.6611e-06 5.61191e-06
 3.404 6.51487e-06 4.69003e-06 5.64794e-06
 3.405 6.55914e-06 4.71925e-06 5.68433e-06
 3.406 6.60388e-06 4.74876e-06 5.72107e-06
 3.407 6.6491e-06 4.77855e-06 5.75816e-06
 3.408 6.69481e-06 4.80863e-06 5.79562e-06
 3.409 6.74101e-06 4.83901e-06 5.83344e-06
 3.41 6.78771e-06 4.86968e-06 5.87163e-06
 3.411 6.83492e-06 4.90067e-06 5.91021e-06
 3.412 6.88265e-06 4.93196e-06 5.94916e-06
 3.413 6.9309e-06 4.96356e-06 5.9885e-06
 3.414 6.97968e-06 4.99549e-06 6.02823e-06
 3.415 7.02901e-06 5.02773e-06 6.06836e-06
 3.416 7.07889e-06 5.0603e-06 6.10889e-06
 3.417 7.12933e-06 5.09321e-06 6.14983e-06
 3.418 7.18033e-06 5.12645e-06 6.19119e-06
 3.419 7.23191e-06 5.16003e-06 6.23296e-06
 3.42 7.28408e-06 5.19396e-06 6.27517e-06
 3.421 7.33685e-06 5.22825e-06 6.3178e-06
 3.422 7.39022e-06 5.26289e-06 6.36087e-06
 3.423 7.4442e-06 5.29789e-06 6.40439e-06
 3.424 7.49882e-06 5.33326e-06 6.44835e-06
 3.425 7.55406e-06 5.36901e-06 6.49277e-06
 3.426 7.60996e-06 5.40514e-06 6.53766e-06
 3.427 7.66651e-06 5.44165e-06 6.58302e-06
 3.428 7.72373e-06 5.47856e-06 6.62885e-06
 3.429 7.78163e-06 5.51586e-06 6.67516e-06
 3.43 7.84023e-06 5.55357e-06 6.72197e-06
 3.431 7.89952e-06 5.59169e-06 6.76928e-06
 3.432 7.95953e-06 5.63023e-06 6.81708e-06
 3.433 8.02027e-06 5.66919e-06 6.86541e-06
 3.434 8.08175e-06 5.70858e-06 6.91425e-06
 3.435 8.14399e-06 5.74841e-06 6.96362e-06
 3.436 8.20699e-06 5.78869e-06 7.01352e-06
 3.437 8.27077e-06 5.82941e-06 7.06397e-06
 3.438 8.33535e-06 5.8706e-06 7.11497e-06
 3.439 8.40073e-06 5.91226e-06 7.16653e-06
 3.44 8.46694e-06 5.95439e-06 7.21866e-06
 3.441 8.53398e-06 5.99701e-06 7.27137e-06
 3.442 8.60188e-06 6.04012e-06 7.32466e-06
 3.443 8.67064e-06 6.08372e-06 7.37855e-06
 3.444 8.7403e-06 6.12784e-06 7.43304e-06
 3.445 8.81085e-06 6.17248e-06 7.48815e-06
 3.446 8.88232e-06 6.21764e-06 7.54387e-06
 3.447 8.95472e-06 6.26334e-06 7.60023e-06
 3.448 9.02808e-06 6.30958e-06 7.65724e-06
 3.449 9.10241e-06 6.35638e-06 7.71489e-06
 3.45 9.17773e-06 6.40374e-06 7.77321e-06
 3.451 9.25405e-06 6.45168e-06 7.8322e-06
 3.452 9.33141e-06 6.50021e-06 7.89188e-06
 3.453 9.40981e-06 6.54933e-06 7.95225e-06
 3.454 9.48928e-06 6.59906e-06 8.01332e-06
 3.455 9.56984e-06 6.6494e-06 8.07512e-06
 3.456 9.65151e-06 6.70038e-06 8.13764e-06
 3.457 9.73431e-06 6.752e-06 8.2009e-06
 3.458 9.81827e-06 6.80427e-06 8.26492e-06
 3.459 9.90341e-06 6.85721e-06 8.3297e-06
 3.46 9.98975e-06 6.91083e-06 8.39527e-06
 3.461 1.00773e-05 6.96514e-06 8.46162e-06
 3.462 1.01661e-05 7.02015e-06 8.52877e-06
 3.463 1.02562e-05 7.07589e-06 8.59675e-06
 3.464 1.03476e-05 7.13236e-06 8.66555e-06
 3.465 1.04404e-05 7.18958e-06 8.7352e-06
 3.466 1.05345e-05 7.24756e-06 8.80571e-06
 3.467 1.063e-05 7.30632e-06 8.8771e-06
 3.468 1.07269e-05 7.36587e-06 8.94937e-06
 3.469 1.08252e-05 7.42624e-06 9.02255e-06
 3.47 1.09251e-05 7.48743e-06 9.09665e-06
 3.471 1.10264e-05 7.54947e-06 9.17169e-06
 3.472 1.11293e-05 7.61237e-06 9.24768e-06
 3.473 1.12338e-05 7.67615e-06 9.32464e-06
 3.474 1.13399e-05 7.74083e-06 9.40258e-06
 3.475 1.14477e-05 7.80643e-06 9.48153e-06
 3.476 1.15571e-05 7.87297e-06 9.5615e-06
 3.477 1.16683e-05 7.94046e-06 9.64251e-06
 3.478 1.17812e-05 8.00894e-06 9.72458e-06
 3.479 1.1896e-05 8.07842e-06 9.80773e-06
 3.48 1.20126e-05 8.14893e-06 9.89197e-06
 3.481 1.21311e-05 8.22048e-06 9.97733e-06
 3.482 1.22515e-05 8.29311e-06 1.00638e-05
 3.483 1.2374e-05 8.36683e-06 1.01515e-05
 3.484 1.24984e-05 8.44168e-06 1.02403e-05
 3.485 1.2625e-05 8.51767e-06 1.03304e-05
 3.486 1.27537e-05 8.59484e-06 1.04216e-05
 3.487 1.28846e-05 8.67322e-06 1.05142e-05
 3.488 1.30177e-05 8.75283e-06 1.06079e-05
 3.489 1.31531e-05 8.8337e-06 1.0703e-05
 3.49 1.32909e-05 8.91587e-06 1.07994e-05
 3.491 1.34311e-05 8.99936e-06 1.08972e-05
 3.492 1.35738e-05 9.08421e-06 1.09963e-05
 3.493 1.3719e-05 9.17046e-06 1.10968e-05
 3.494 1.38669e-05 9.25814e-06 1.11988e-05
 3.495 1.40174e-05 9.34729e-06 1.13022e-05
 3.496 1.41707e-05 9.43794e-06 1.14071e-05
 3.497 1.43267e-05 9.53014e-06 1.15135e-05
 3.498 1.44857e-05 9.62393e-06 1.16214e-05
 3.499 1.46477e-05 9.71935e-06 1.17309e-05
 3.5 1.48128e-05 9.81644e-06 1.1842e-05
 3.501 1.4981e-05 9.91525e-06 1.19548e-05
 3.502 1.51524e-05 1.00158e-05 1.20692e-05
 3.503 1.53272e-05 1.01182e-05 1.21854e-05
 3.504 1.55053e-05 1.02225e-05 1.23032e-05
 3.505 1.5687e-05 1.03287e-05 1.24229e-05
 3.506 1.58724e-05 1.04369e-05 1.25444e-05
 3.507 1.60615e-05 1.05471e-05 1.26677e-05
 3.508 1.62544e-05 1.06595e-05 1.27929e-05
 3.509 1.64513e-05 1.0774e-05 1.292e-05
 3.51 1.66522e-05 1.08907e-05 1.30492e-05
 3.511 1.68574e-05 1.10097e-05 1.31803e-05
 3.512 1.70669e-05 1.11311e-05 1.33135e-05
 3.513 1.72809e-05 1.1255e-05 1.34488e-05
 3.514 1.74994e-05 1.13814e-05 1.35863e-05
 3.515 1.77228e-05 1.15104e-05 1.37259e-05
 3.516 1.79511e-05 1.16421e-05 1.38678e-05
 3.517 1.81844e-05 1.17766e-05 1.4012e-05
 3.518 1.8423e-05 1.1914e-05 1.41586e-05
 3.519 1.8667e-05 1.20543e-05 1.43075e-05
 3.52 1.89167e-05 1.21978e-05 1.44589e-05
 3.521 1.91721e-05 1.23445e-05 1.46129e-05
 3.522 1.94335e-05 1.24944e-05 1.47694e-05
 3.523 1.97012e-05 1.26479e-05 1.49285e-05
 3.524 1.99752e-05 1.28049e-05 1.50904e-05
 3.525 2.02559e-05 1.29656e-05 1.5255e-05
 3.526 2.05436e-05 1.31301e-05 1.54224e-05
 3.527 2.08384e-05 1.32987e-05 1.55927e-05
 3.528 2.11406e-05 1.34714e-05 1.5766e-05
 3.529 2.14505e-05 1.36484e-05 1.59423e-05
 3.53 2.17685e-05 1.383e-05 1.61217e-05
 3.531 2.20947e-05 1.40162e-05 1.63043e-05
 3.532 2.24296e-05 1.42073e-05 1.64902e-05
 3.533 2.27735e-05 1.44035e-05 1.66794e-05
 3.534 2.31268e-05 1.46051e-05 1.6872e-05
 3.535 2.34898e-05 1.48122e-05 1.70682e-05
 3.536 2.38629e-05 1.50251e-05 1.7268e-05
 3.537 2.42466e-05 1.52441e-05 1.74715e-05
 3.538 2.46414e-05 1.54695e-05 1.76788e-05
 3.539 2.50477e-05 1.57015e-05 1.78899e-05
 3.54 2.5466e-05 1.59406e-05 1.81051e-05
 3.541 2.58968e-05 1.6187e-05 1.83244e-05
 3.542 2.63408e-05 1.64411e-05 1.85479e-05
 3.543 2.67986e-05 1.67034e-05 1.87758e-05
 3.544 2.72708e-05 1.69742e-05 1.90081e-05
 3.545 2.77581e-05 1.72541e-05 1.9245e-05
 3.546 2.82612e-05 1.75435e-05 1.94866e-05
 3.547 2.8781e-05 1.78429e-05 1.9733e-05
 3.548 2.93182e-05 1.8153e-05 1.99844e-05
 3.549 2.98739e-05 1.84743e-05 2.02409e-05
 3.55 3.04489e-05 1.88076e-05 2.05027e-05
 3.551 3.10443e-05 1.91536e-05 2.077e-05
 3.552 3.16612e-05 1.9513e-05 2.10428e-05
 3.553 3.23009e-05 1.98868e-05 2.13213e-05
 3.554 3.29646e-05 2.02758e-05 2.16058e-05
 3.555 3.36537e-05 2.06812e-05 2.18964e-05
 3.556 3.43697e-05 2.1104e-05 2.21933e-05
 3.557 3.51144e-05 2.15455e-05 2.24967e-05
 3.558 3.58894e-05 2.20071e-05 2.28068e-05
 3.559 3.66968e-05 2.24901e-05 2.31239e-05
 3.56 3.75385e-05 2.29964e-05 2.34481e-05
 3.561 3.8417e-05 2.35277e-05 2.37796e-05
 3.562 3.93347e-05 2.4086e-05 2.41188e-05
 3.563 4.02945e-05 2.46736e-05 2.44659e-05
 3.564 4.12993e-05 2.52929e-05 2.48212e-05
 3.565 4.23524e-05 2.59468e-05 2.5185e-05
 3.566 4.34576e-05 2.66384e-05 2.55575e-05
 3.567 4.4619e-05 2.73712e-05 2.59392e-05
 3.568 4.5841e-05 2.81491e-05 2.63302e-05
 3.569 4.71287e-05 2.89767e-05 2.67311e-05
 3.57 4.84878e-05 2.98589e-05 2.71422e-05
 3.571 4.99244e-05 3.08016e-05 2.75638e-05
 3.572 5.14457e-05 3.18113e-05 2.79966e-05
 3.573 5.30597e-05 3.28955e-05 2.84408e-05
 3.574 5.47753e-05 3.40631e-05 2.8897e-05
 3.575 5.66028e-05 3.53241e-05 2.93659e-05
 3.576 5.8554e-05 3.66902e-05 2.98479e-05
 3.577 6.0642e-05 3.8175e-05 3.03437e-05
 3.578 6.28825e-05 3.97946e-05 3.0854e-05
 3.579 6.52931e-05 4.1568e-05 3.13796e-05
 3.58 6.78946e-05 4.35178e-05 3.19214e-05
 3.581 7.07113e-05 4.56708e-05 3.24803e-05
 3.582 7.37715e-05 4.80596e-05 3.30574e-05
 3.583 7.71091e-05 5.07234e-05 3.3654e-05
 3.584 8.07641e-05 5.37105e-05 3.42714e-05
 3.585 8.47849e-05 5.70802e-05 3.49112e-05
 3.586 8.92298e-05 6.09063e-05 3.55753e-05
 3.587 9.41699e-05 6.5282e-05 3.62661e-05
 3.588 9.96931e-05 7.03254e-05 3.69861e-05
 3.589 0.000105909 7.6189e-05 3.77386e-05
 3.59 0.000112954 8.30716e-05 3.85276e-05
 3.591 0.000121003 9.12369e-05 3.93582e-05
 3.592 0.000130283 0.000101041 4.02368e-05
 3.593 0.000141088 0.000112971 4.11719e-05
 3.594 0.000153814 0.000127715 4.21746e-05
 3.595 0.000168993 0.000146259 4.32604e-05
 3.596 0.000187369 0.000170067 4.44507e-05
 3.597 0.000209994 0.000201376 4.57765e-05
 3.598 0.00023841 0.00024375 4.7284e-05
 3.599 0.000274949 0.000303126 4.90451e-05
 3.6 0.000323287 0.000389964 5.11757e-05
 3.601 0.000389507 0.000523965 5.38735e-05
 3.602 0.00048432 0.000745335 5.74962e-05
 3.603 0.000628045 0.00114376 6.27397e-05
 3.604 0.000862562 0.00193249 7.1078e-05
 3.605 0.00127646 0.00353032 8.59205e-05
 3.606 0.00200578 0.00548807 0.000115418
 3.607 0.00319054 0.00516843 0.000171848
 3.608 0.00448363 0.00403066 0.000211561
 3.609 0.00530553 0.00251478 0.000160362
 3.61 0.00716185 0.00148838 0.000112188
 3.611 0.00677619 0.000954945 8.9238e-05
 3.612 0.00398815 0.00064555 7.86555e-05
 3.613 0.0022631 0.000465796 7.36068e-05
 3.614 0.00142311 0.000356348 7.1256e-05
 3.615 0.000988237 0.000285299 7.0359e-05
 3.616 0.000742334 0.000236752 7.03201e-05
 3.617 0.000592991 0.000202284 7.08304e-05
 3.618 0.000497515 0.000177105 7.17194e-05
 3.619 0.000434425 0.000158326 7.28882e-05
 3.62 0.000392094 0.000144124 7.4277e-05
 3.621 0.000363843 0.000133301 7.58491e-05
 3.622 0.000345657 0.00012505 7.7582e-05
 3.623 0.000335046 0.000118812 7.94618e-05
 3.624 0.000330441 0.000114196 8.14809e-05
 3.625 0.000330859 0.000110925 8.36358e-05
 3.626 0.000335717 0.000108806 8.59259e-05
 3.627 0.000344715 0.000107705 8.83532e-05
 3.628 0.000357782 0.00010754 9.09213e-05
 3.629 0.000375039 0.000108265 9.36356e-05
 3.63 0.000396796 0.000109873 9.65029e-05
 3.631 0.000423557 0.000112389 9.95312e-05
 3.632 0.000456052 0.000115877 0.00010273
 3.633 0.000495282 0.00012044 0.00010611
 3.634 0.000542604 0.000126231 0.000109683
 3.635 0.000599835 0.00013347 0.000113463
 3.636 0.00066943 0.000142458 0.000117465
 3.637 0.00075473 0.000153616 0.000121706
 3.638 0.000860347 0.000167531 0.000126205
 3.639 0.000992756 0.000185031 0.000130982
 3.64 0.00116122 0.000207308 0.000136062
 3.641 0.0013793 0.000236106 0.000141469
 3.642 0.0016673 0.000274047 0.000147233
 3.643 0.00205645 0.000325158 0.000153386
 3.644 0.00259595 0.000395793 0.000159966
 3.645 0.00336477 0.000496149 0.000167012
 3.646 0.00448988 0.000642622 0.000174572
 3.647 0.00616489 0.000860225 0.000182697
 3.648 0.00862225 0.001179 0.000191447
 3.649 0.0118673 0.00159972 0.000200889
 3.65 0.0148802 0.00199083 0.000211101
 3.651 0.0154261 0.00206374 0.000222171
 3.652 0.0129787 0.00175029 0.000234201
 3.653 0.00964593 0.0013225 0.000247308
 3.654 0.00692782 0.00097411 0.00026163
 3.655 0.0050358 0.000732532 0.000277325
 3.656 0.00376361 0.000571192 0.000294581
 3.657 0.00289968 0.000462815 0.000313618
 3.658 0.0022988 0.000388684 0.000334699
 3.659 0.00186968 0.000337046 0.000358135
 3.66 0.00155551 0.000300606 0.000384301
 3.661 0.00132048 0.000274778 0.000413653
 3.662 0.00114143 0.000256628 0.000446744
 3.663 0.00100307 0.00024424 0.000484256
 3.664 0.000895044 0.000236354 0.000527036
 3.665 0.00081023 0.000232141 0.000576147
 3.666 0.000743647 0.000231069 0.000632936
 3.667 0.000691805 0.00023283 0.000699134
 3.668 0.000652281 0.000237288 0.000776992
 3.669 0.000623461 0.000244462 0.000869482
 3.67 0.000604391 0.000254525 0.000980596
 3.671 0.000594715 0.000267825 0.00111579
 3.672 0.000594695 0.000284928 0.0012827
 3.673 0.000605329 0.0003067 0.00149223
 3.674 0.000628618 0.000334446 0.00176043
 3.675 0.000668075 0.000370156 0.00211165
 3.676 0.000729714 0.000416935 0.0025843
 3.677 0.000823987 0.000479815 0.00324159
 3.678 0.000969839 0.000567335 0.00419335
 3.679 0.00120377 0.000694877 0.00564277
 3.68 0.00160181 0.000892221 0.00799581
 3.681 0.00233652 0.00122211 0.0121368
 3.682 0.00381937 0.00182851 0.0201336
 3.683 0.00678585 0.00304433 0.0363144
 3.684 0.00971775 0.00532218 0.0611353
 3.685 0.00732526 0.00738375 0.0726251
 3.686 0.00416476 0.00562237 0.0510377
 3.687 0.00257237 0.00327354 0.0279346
 3.688 0.00183013 0.00209443 0.0161538
 3.689 0.00147553 0.00155649 0.0103436
 3.69 0.00131903 0.00131432 0.00722311
 3.691 0.00128553 0.00122651 0.00540727
 3.692 0.00135105 0.00123772 0.00428866
 3.693 0.00152331 0.00133152 0.00357835
 3.694 0.00184427 0.00151645 0.00312956
 3.695 0.00241622 0.00182951 0.00286567
 3.696 0.00347801 0.00236055 0.0027494
 3.697 0.00559876 0.00331831 0.00276995
 3.698 0.00982659 0.00508506 0.00294031
 3.699 0.01443 0.00715519 0.00330243
 3.7 0.0117062 0.00710542 0.00394166
