1.565949800466329422e-01 -8.491107949251860965e-02
6.226763927625236783e-02 3.087467782613783143e-02
6.226763927624888451e-02 -3.087467782614826406e-02
1.565949800466394926e-01 8.491107949251910925e-02
2.549897751752245867e-01 6.547520973454282710e-03
2.555264895589825502e-01 -3.371852204522486629e-02
2.014110910294953372e-01 2.188501082710088766e-02
2.014110910295016654e-01 -2.188501082712053167e-02
2.555264895590043106e-01 3.371852204522197277e-02
2.549897751752436825e-01 -6.547520973453934898e-03
2.860029853447470516e-01 -5.102625895841342043e-15
2.549897751752317476e-01 6.547520973470259513e-03
2.549897751752219777e-01 -6.547520973438811578e-03
2.860029853447198511e-01 3.246610864153772791e-16
2.555264895589760554e-01 -3.371852204523451135e-02
2.014110910294711898e-01 2.188501082711107396e-02
2.014110910294819867e-01 -2.188501082711293358e-02
2.555264895589923757e-01 3.371852204522630264e-02
1.565949800466133746e-01 -8.491107949250227549e-02
6.226763927624007905e-02 3.087467782612948047e-02
6.226763927624508893e-02 -3.087467782613767531e-02
1.565949800466214514e-01 8.491107949250906173e-02
