3.044613885423620214e+00
3.044509536619417922e+00
3.044395188896956927e+00
3.044270825751284715e+00
3.044136429290274837e+00
3.043991980246381512e+00
3.043837457989296169e+00
3.043672840539501045e+00
3.043498104582741615e+00
3.043313225485379636e+00
3.043118177310631278e+00
3.042912932826271177e+00
3.042697463557260118e+00
3.042471739756453353e+00
3.042235730454256881e+00
3.041989403472149522e+00
3.041732725444073804e+00
3.041465661838675505e+00
3.041188176982314584e+00
3.040900234082914100e+00
3.040601795254611162e+00
3.040292821543156609e+00
3.039973272952141148e+00
3.039643108469934685e+00
3.039302286097412154e+00
3.038950762876420075e+00
3.038588494918943894e+00
3.038215437437028488e+00
3.037831544773379466e+00
3.037436770432687005e+00
3.037031067113593608e+00
3.036614386741367078e+00
3.036186680501207658e+00
3.035747898872239059e+00
3.035297991662075923e+00
3.034836908042069403e+00
3.034364596583143392e+00
3.033881005292219157e+00
3.033386081649243948e+00
3.032879772644819560e+00
3.032362024818330948e+00
3.031832784296731198e+00
3.031291996833768376e+00
3.030739607849851858e+00
3.030175562472383177e+00
3.029599805576630445e+00
3.029012281827148989e+00
3.028412935719666965e+00
3.027801711623538505e+00
3.027178553824654283e+00
3.026543406568883654e+00
3.025896214106046589e+00
3.025236920734356794e+00
3.024565470845435922e+00
3.023881808969814511e+00
3.023185879912195784e+00
3.022477628453751564e+00
3.021756999898782325e+00
3.021023939800158598e+00
3.020278394085951224e+00
3.019520309108662648e+00
3.018749631695166524e+00
3.017966309197482655e+00
3.017170289544457429e+00
3.016361521294409265e+00
3.015539953688893160e+00
3.014705536707688704e+00
3.013858221125160330e+00
3.012997958568194523e+00
3.012124701575939145e+00
3.011238403661558038e+00
3.010339019376385039e+00
3.009426504376781164e+00
3.008500815494195457e+00
3.007561910808882022e+00
3.006609749728033965e+00
3.005644293068967077e+00
3.004665503148368888e+00
3.003673343878720647e+00
3.002667780873240044e+00
3.001648781561021995e+00
3.000616315314444726e+00
2.999570353591343608e+00
2.998510870095087544e+00
2.997437840956457489e+00
2.996351244942181413e+00
2.995251063696281690e+00
2.994137282022002911e+00
2.993009888214230418e+00
2.991868874455187122e+00
2.990714237289882060e+00
2.989545978202921894e+00
2.988364104325014647e+00
2.987168629307043410e+00
2.985959574412246909e+00
2.984736969895398051e+00
2.983500856763311226e+00
2.982251289047737952e+00
2.980988336775075798e+00
2.979712089896045857e+00
2.978422663556295813e+00
2.977120205268515285e+00
2.975804904824940422e+00
2.974477008228439523e+00
2.973136837627170070e+00
2.971784820396833116e+00
2.970421532450200797e+00
2.969047764139014500e+00
2.967664622744583536e+00
2.966273695177352732e+00
2.964877310412085354e+00
2.963478964638777136e+00
2.962083994160067402e+00
2.960700546725238080e+00
2.959340612344319776e+00
2.955708933306109287e+00
2.954513372201749366e+00
2.953232023714837506e+00
2.951870169369966490e+00
2.950441994683720814e+00
2.948962631259057776e+00
2.947443942246419368e+00
2.945894105117867756e+00
2.944318519837663573e+00
2.942720746336294990e+00
2.941103171819826390e+00
2.939467437288996177e+00
2.937814701758861169e+00
2.936145808746676522e+00
2.934461387256932952e+00
2.932761920318217364e+00
2.931047788407544541e+00
2.929319298879964784e+00
2.927576706120934347e+00
2.925820225609934599e+00
2.924050043908546836e+00
2.922266325869463000e+00
2.920469219917148695e+00
2.918658861968474572e+00
2.916835378379535104e+00
2.914998888185230452e+00
2.913149504818487667e+00
2.911287337441844869e+00
2.909412491986999694e+00
2.907525071971918340e+00
2.905625179146885451e+00
2.903712914007689605e+00
2.901788376204727182e+00
2.899851664869899537e+00
2.897902878878050092e+00
2.895942117055859466e+00
2.893969479093948305e+00
2.891985062790561667e+00
2.889988968357203536e+00
2.887981295778882629e+00
2.885962145536498547e+00
2.883931618652087803e+00
2.881889816720652586e+00
2.879836841930762503e+00
2.877772797075618616e+00
2.875697785556121655e+00
2.873611911377071504e+00
2.871515279137563326e+00
2.869407994016424990e+00
2.867290161753361044e+00
2.865161888626506226e+00
2.863023281426827271e+00
2.860874447429834877e+00
2.858715494365080545e+00
2.856546530383624383e+00
2.854367664023897966e+00
2.852179004176160326e+00
2.849980660045773107e+00
2.847772741115525363e+00
2.845555357107148797e+00
2.843328617942221914e+00
2.841092632680781271e+00
2.838847513460234229e+00
2.836593369639348161e+00
2.834330311539485781e+00
2.832058449481456908e+00
2.829777893745263118e+00
2.827488754529948967e+00
2.825191141913688586e+00
2.822885165814144504e+00
2.820570935949192393e+00
2.818248561798051721e+00
2.815918152562868926e+00
2.813579817130834382e+00
2.811233664036857594e+00
2.808879801426843681e+00
2.806518337021619569e+00
2.804149378081555621e+00
2.801773031371893818e+00
2.799389403128835330e+00
2.796998599026407017e+00
2.794600724144137960e+00
2.792195882935560647e+00
2.789784179197587033e+00
2.787365716040728358e+00
2.784940595860250667e+00
2.782508920308193634e+00
2.780070791553396869e+00
2.777626307218574286e+00
2.775175567751559935e+00
2.772718671571106963e+00
2.770255716227087994e+00
2.767786798378234714e+00
2.765312013770863775e+00
2.762831457218578812e+00
2.760345222582960556e+00
2.757853402755235273e+00
2.755356089638915318e+00
2.752853374133433118e+00
2.750345346118756584e+00
2.747832094440950446e+00
2.745313706898734107e+00
2.742790270230988536e+00
2.740261870105211273e+00
2.737728591106928011e+00
2.735190516730040322e+00
2.732647729368088196e+00
2.730100310306444289e+00
2.727548339715407888e+00
2.724991896644187062e+00
2.722431059015770760e+00
2.719865903622650460e+00
2.717296506123411781e+00
2.714722941040169868e+00
2.712145281756794812e+00
2.709563600517977733e+00
2.706977966867599061e+00
2.704388453790925961e+00
2.701795128654477907e+00
2.699198059152122742e+00
2.696597311845344791e+00
2.693992952166798016e+00
2.691385044424543072e+00
2.688773651806946940e+00
2.686158836388238935e+00
2.683540659134704853e+00
2.680919179911481098e+00
2.678294457489949654e+00
2.675666549555714813e+00
2.673035512717126583e+00
2.670401402514342326e+00
2.667764273428912869e+00
2.665124178893863327e+00
2.662481171304248218e+00
2.659835302028180859e+00
2.657186621418289540e+00
2.654535178823605346e+00
2.651881022601852766e+00
2.649224200132116902e+00
2.646564757827892134e+00
2.643902741150459423e+00
2.641238194622613111e+00
2.638571161842680812e+00
2.635901685498844405e+00
2.633229807383736354e+00
2.630555568409298495e+00
2.627879008621861967e+00
2.625200167217470071e+00
2.622519082557403625e+00
2.619835792183876855e+00
2.617150332835928683e+00
2.614462742336087775e+00
2.611773052215208502e+00
2.609081298682471850e+00
2.606387515425995449e+00
2.603691735412157371e+00
2.600993990902169983e+00
2.598294313468732408e+00
2.595592734012727387e+00
2.592889282779957671e+00
2.590183989377889962e+00
2.587476882797300259e+00
2.584767991417042499e+00
2.582057343028153706e+00
2.579344964852351207e+00
2.576630883556671581e+00
2.573915125270087145e+00
2.571197715600069156e+00
2.568478679649056406e+00
2.565758042030845676e+00
2.563035826886892465e+00
2.560312057902496274e+00
2.557586758322861531e+00
2.554859950969050164e+00
2.552131658253788515e+00
2.549401902197120595e+00
