-1.850907618200573035e+00
-9.460583790057353060e-01
-6.421291367377988113e-01
-4.879261773649511413e-01
-3.938486640845486608e-01
-3.300583834820629558e-01
-2.837437555760302099e-01
-2.484742038018019350e-01
-2.206575640489886747e-01
-1.981238128424402944e-01
-1.794810897382413950e-01
-1.637933487211997163e-01
-1.504064638787144248e-01
-1.388486060726282501e-01
-1.287702744357580309e-01
-1.199066696378895402e-01
-1.120532372315712344e-01
-1.050492805034582977e-01
-9.876668574313759996e-02
-9.310198251639084654e-02
-8.797063625373358065e-02
-8.330286965145426714e-02
-7.904055273482271660e-02
-7.513485380632095589e-02
-7.154444122881992163e-02
-6.823409004806223199e-02
-6.517359027878041888e-02
-6.233688282321094704e-02
-5.970136915682083129e-02
-5.724735508265829664e-02
-5.495759894776311438e-02
-5.281694199799270156e-02
-5.081200386674949304e-02
-4.893093012153065802e-02
-4.716318172388191121e-02
-4.549935846748800333e-02
-4.393105013904220757e-02
-4.245071043493157947e-02
-4.105154966284727674e-02
-3.972744303333062416e-02
-3.847285195497306826e-02
-3.728275622774202686e-02
-3.615259541101787516e-02
-3.507821794846661956e-02
-3.405583687757779421e-02
-3.308199115035587862e-02
-3.215351175309826004e-02
-3.126749194504086643e-02
-3.042126104382657584e-02
-2.961236127490172662e-02
