1.721649672308040779e+00
1.721649672308041001e+00
1.721649507072521734e+00
1.721649507072521956e+00
1.721649326059544682e+00
1.721649326059544682e+00
1.721649129258622235e+00
1.721649129258622679e+00
1.721648916658448325e+00
1.721648916658448325e+00
1.721648688246899761e+00
1.721648688246899983e+00
1.721648444011033785e+00
1.721648444011033785e+00
1.721648183937088517e+00
1.721648183937088517e+00
1.721647908010483174e+00
1.721647908010483397e+00
1.721647616215816301e+00
1.721647616215816745e+00
1.721647308536865761e+00
1.721647308536865983e+00
1.721646984956586524e+00
1.721646984956586968e+00
1.721646645457112434e+00
1.721646645457112879e+00
1.721646290019754000e+00
1.721646290019754666e+00
1.721645918624996829e+00
1.721645918624996829e+00
1.721645531252502082e+00
1.721645531252502526e+00
1.721645127881106463e+00
1.721645127881106685e+00
1.721644708488817788e+00
1.721644708488817788e+00
1.721644273052816976e+00
1.721644273052817198e+00
1.721643821549456055e+00
1.721643821549456055e+00
1.721643353954257938e+00
1.721643353954258160e+00
1.721642870241913537e+00
1.721642870241913537e+00
1.721642370386281318e+00
1.721642370386281540e+00
1.721641854360387303e+00
1.721641854360387525e+00
1.721641322136422847e+00
1.721641322136423069e+00
1.721640773685741532e+00
1.721640773685741754e+00
1.721640208978860720e+00
1.721640208978861164e+00
1.721639627985459331e+00
1.721639627985459997e+00
1.721639030674375404e+00
1.721639030674375626e+00
1.721638417013604094e+00
1.721638417013604316e+00
1.721637786970297901e+00
1.721637786970298123e+00
1.721637140510764885e+00
1.721637140510764885e+00
1.721636477600463788e+00
1.721636477600463788e+00
1.721635798204006695e+00
1.721635798204006695e+00
1.721635102285154595e+00
1.721635102285155039e+00
1.721634389806815602e+00
1.721634389806815824e+00
1.721633660731044069e+00
1.721633660731044291e+00
1.721632915019036814e+00
1.721632915019037036e+00
1.721632152631133339e+00
1.721632152631133561e+00
1.721631373526812503e+00
1.721631373526812947e+00
1.721630577664689188e+00
1.721630577664689188e+00
1.721629765002764989e+00
1.721629765002765211e+00
1.721628935497440560e+00
1.721628935497440782e+00
1.721628089104960235e+00
1.721628089104960457e+00
1.721627225780464787e+00
1.721627225780464787e+00
1.721626345478218578e+00
1.721626345478218800e+00
1.721625448151610449e+00
1.721625448151610671e+00
1.721624533753145725e+00
1.721624533753145947e+00
1.721623602234449990e+00
1.721623602234450434e+00
1.721622653546260651e+00
1.721622653546260651e+00
1.721621687638425380e+00
1.721621687638425602e+00
1.721620704459901452e+00
1.721620704459901896e+00
1.721619703958750636e+00
1.721619703958750636e+00
1.721618686082134531e+00
1.721618686082134975e+00
1.721617650776315456e+00
1.721617650776315678e+00
1.721616597986648012e+00
1.721616597986648234e+00
1.721615527657581302e+00
1.721615527657581524e+00
1.721614439732648494e+00
1.721614439732648494e+00
1.721613334154469932e+00
1.721613334154469932e+00
1.721612210864744252e+00
1.721612210864744696e+00
1.721611069804248384e+00
1.721611069804248606e+00
1.721609910912831332e+00
1.721609910912831554e+00
1.721608734129408624e+00
1.721608734129409068e+00
1.721607539391963426e+00
1.721607539391963648e+00
1.721606326637536322e+00
1.721606326637536544e+00
1.721605095802224872e+00
1.721605095802224872e+00
1.721603846821177175e+00
1.721603846821177619e+00
1.721602579628589202e+00
1.721602579628589647e+00
1.721601294157697470e+00
1.721601294157697692e+00
1.721599990340775710e+00
1.721599990340775932e+00
1.721598668109130870e+00
1.721598668109131092e+00
1.721597327393096455e+00
1.721597327393096455e+00
1.721595968122028530e+00
1.721595968122028752e+00
1.721594590224298615e+00
1.721594590224298837e+00
1.721593193627291241e+00
1.721593193627291241e+00
1.721591778257394845e+00
1.721591778257395067e+00
1.721590344039999998e+00
1.721590344040000220e+00
1.721588890899489188e+00
1.721588890899489410e+00
1.721587418759236598e+00
1.721587418759236598e+00
1.721585927541595451e+00
1.721585927541595673e+00
1.721584417167897341e+00
1.721584417167898007e+00
1.721582887558443131e+00
1.721582887558443131e+00
1.721581338632495628e+00
1.721581338632496072e+00
1.721579770308277135e+00
1.721579770308277357e+00
1.721578182502958576e+00
1.721578182502958576e+00
1.721576575132653053e+00
1.721576575132653275e+00
1.721574948112410519e+00
1.721574948112410741e+00
1.721573301356210672e+00
1.721573301356211116e+00
1.721571634776954074e+00
1.721571634776954074e+00
1.721569948286454821e+00
1.721569948286454821e+00
1.721568241795433440e+00
1.721568241795433662e+00
1.721566515213510007e+00
1.721566515213510229e+00
1.721564768449193483e+00
1.721564768449193483e+00
1.721563001409876836e+00
1.721563001409877058e+00
1.721561214001825713e+00
1.721561214001825935e+00
1.721559406130171554e+00
1.721559406130172221e+00
1.721557577698904495e+00
1.721557577698904939e+00
1.721555728610859370e+00
1.721555728610859592e+00
1.721553858767713052e+00
1.721553858767713496e+00
1.721551968069970240e+00
1.721551968069970240e+00
1.721550056416957464e+00
1.721550056416957686e+00
1.721548123706809763e+00
1.721548123706810207e+00
1.721546169836467133e+00
1.721546169836467577e+00
1.721544194701656760e+00
1.721544194701656760e+00
1.721542198196889917e+00
1.721542198196890139e+00
1.721540180215445526e+00
1.721540180215445748e+00
1.721538140649364612e+00
1.721538140649365056e+00
1.721536079389438090e+00
1.721536079389438090e+00
1.721533996325193439e+00
1.721533996325193883e+00
1.721531891344886045e+00
1.721531891344886267e+00
1.721529764335488766e+00
1.721529764335488988e+00
1.721527615182676829e+00
1.721527615182676829e+00
1.721525443770817843e+00
1.721525443770818065e+00
1.721523249982962245e+00
1.721523249982962467e+00
1.721521033700825765e+00
1.721521033700826653e+00
1.721518794804784092e+00
1.721518794804784536e+00
1.721516533173851116e+00
1.721516533173851338e+00
1.721514248685675152e+00
1.721514248685675375e+00
1.721511941216520070e+00
1.721511941216520292e+00
1.721509610641252186e+00
1.721509610641252408e+00
1.721507256833330501e+00
1.721507256833330501e+00
1.721504879664788934e+00
1.721504879664789378e+00
1.721502479006223885e+00
1.721502479006224329e+00
1.721500054726780249e+00
1.721500054726780915e+00
1.721497606694135429e+00
1.721497606694135429e+00
1.721495134774484903e+00
1.721495134774485125e+00
1.721492638832528232e+00
1.721492638832528677e+00
1.721490118731454189e+00
1.721490118731454633e+00
1.721487574332922321e+00
1.721487574332922543e+00
1.721485005497048304e+00
1.721485005497048748e+00
1.721482412082389946e+00
1.721482412082390168e+00
1.721479793945927428e+00
1.721479793945927650e+00
1.721477150943049539e+00
1.721477150943049539e+00
1.721474482927535021e+00
1.721474482927535243e+00
1.721471789751534587e+00
1.721471789751535253e+00
1.721469071265556483e+00
1.721469071265556705e+00
1.721466327318444511e+00
1.721466327318444733e+00
1.721463557757364038e+00
1.721463557757364260e+00
1.721460762427780677e+00
1.721460762427780899e+00
1.721457941173443418e+00
1.721457941173443862e+00
1.721455093836362860e+00
1.721455093836363082e+00
1.721452220256797450e+00
1.721452220256797672e+00
1.721449320273227279e+00
1.721449320273227501e+00
1.721446393722338764e+00
1.721446393722338764e+00
1.721443440439002437e+00
1.721443440439002659e+00
1.721440460256254079e+00
1.721440460256254523e+00
1.721437453005271623e+00
1.721437453005271845e+00
1.721434418515355835e+00
1.721434418515356057e+00
1.721431356613909003e+00
1.721431356613909225e+00
1.721428267126411615e+00
1.721428267126411615e+00
1.721425149876400829e+00
1.721425149876400829e+00
1.721422004685449147e+00
1.721422004685449370e+00
1.721418831373140890e+00
1.721418831373141112e+00
1.721415629757049981e+00
1.721415629757049981e+00
1.721412399652713088e+00
1.721412399652713310e+00
1.721409140873611410e+00
1.721409140873611410e+00
1.721405853231142036e+00
1.721405853231142036e+00
1.721402536534594852e+00
1.721402536534595074e+00
1.721399190591131001e+00
1.721399190591131445e+00
1.721395815205751800e+00
1.721395815205752022e+00
1.721392410181277643e+00
1.721392410181277643e+00
1.721388975318320913e+00
1.721388975318321135e+00
1.721385510415259557e+00
1.721385510415259557e+00
1.721382015268212662e+00
1.721382015268212662e+00
1.721378489671010037e+00
1.721378489671010481e+00
1.721374933415167119e+00
1.721374933415167563e+00
1.721371346289858328e+00
1.721371346289858550e+00
1.721367728081887538e+00
1.721367728081888204e+00
1.721364078575660317e+00
1.721364078575660317e+00
1.721360397553154620e+00
1.721360397553155064e+00
1.721356684793894809e+00
1.721356684793894809e+00
1.721352940074917681e+00
1.721352940074917903e+00
1.721349163170746266e+00
1.721349163170746488e+00
1.721345353853358517e+00
1.721345353853358739e+00
1.721341511892158227e+00
1.721341511892158449e+00
1.721337637053941272e+00
1.721337637053941494e+00
1.721333729102867416e+00
1.721333729102867638e+00
1.721329787800428779e+00
1.721329787800429223e+00
1.721325812905415198e+00
1.721325812905415642e+00
1.721321804173886028e+00
1.721321804173886694e+00
1.721317761359133280e+00
1.721317761359134169e+00
1.721313684209654804e+00
1.721313684209654804e+00
1.721309572479071237e+00
1.721309572479071459e+00
1.721305425906262121e+00
1.721305425906262565e+00
1.721301244235091010e+00
1.721301244235091010e+00
1.721297027204523378e+00
1.721297027204523600e+00
1.721292774550561955e+00
1.721292774550562177e+00
1.721288486006203877e+00
1.721288486006204321e+00
1.721284161301410487e+00
1.721284161301410931e+00
1.721279800163069140e+00
1.721279800163069362e+00
1.721275402314958347e+00
1.721275402314959013e+00
1.721270967477711800e+00
1.721270967477712022e+00
1.721266495368781513e+00
1.721266495368782401e+00
1.721261985702400077e+00
1.721261985702400521e+00
1.721257438189546907e+00
1.721257438189546907e+00
1.721252852537905165e+00
1.721252852537905165e+00
1.721248228451829787e+00
1.721248228451830009e+00
1.721243565632307515e+00
1.721243565632307515e+00
1.721238863776916261e+00
1.721238863776916483e+00
1.721234122579791137e+00
1.721234122579791359e+00
1.721229341731581819e+00
1.721229341731582485e+00
1.721224520919416356e+00
1.721224520919416578e+00
1.721219659826860093e+00
1.721219659826860537e+00
1.721214758133877920e+00
1.721214758133878142e+00
1.721209815516793640e+00
1.721209815516794306e+00
1.721204831648249778e+00
1.721204831648250000e+00
1.721199806197170057e+00
1.721199806197170279e+00
1.721194738828464965e+00
1.721189629201237858e+00
1.721189629201238303e+00
1.721184476975347266e+00
1.721184476975347488e+00
1.721179281813448814e+00
1.721179281813449258e+00
1.721174043350512495e+00
1.721174043350512717e+00
1.721168761238199396e+00
1.721168761238199618e+00
1.721163435118262530e+00
1.721163435118262752e+00
1.721158064628409923e+00
1.721158064628409923e+00
1.721152649402265977e+00
1.721152649402266199e+00
1.721147189069329952e+00
1.721147189069330397e+00
1.721141683254935995e+00
1.721141683254936439e+00
1.721136131580210504e+00
1.721136131580210726e+00
1.721130533662034834e+00
1.721130533662035500e+00
1.721124889113000878e+00
1.721124889113001100e+00
1.721119197541376211e+00
1.721119197541376433e+00
1.721113458551057462e+00
1.721113458551057684e+00
1.721107671741538114e+00
1.721107671741538336e+00
1.721101836707860322e+00
1.721101836707860766e+00
1.721095953040582716e+00
1.721095953040582938e+00
1.721090020325737768e+00
1.721090020325737990e+00
1.721084038144793382e+00
1.721084038144793604e+00
1.721078006074615585e+00
1.721078006074615807e+00
1.721071923687428340e+00
1.721071923687428784e+00
1.721065790550778685e+00
1.721065790550779129e+00
1.721059606227498540e+00
1.721059606227499428e+00
1.721053370275661409e+00
1.721053370275661853e+00
1.721047082248565507e+00
1.721047082248565951e+00
1.721040741694678688e+00
1.721040741694678911e+00
1.721034348157610916e+00
1.721034348157611138e+00
1.721027901176082286e+00
1.721027901176082731e+00
1.721021400283886171e+00
1.721021400283886171e+00
1.721014845009856575e+00
1.721014845009857464e+00
1.721008234877842158e+00
1.721008234877842602e+00
1.721001569406668263e+00
1.721001569406668485e+00
1.720994848110110942e+00
1.720994848110111164e+00
1.720988070496866973e+00
1.720988070496867195e+00
1.720981236070528775e+00
1.720981236070528997e+00
1.720974344329554429e+00
1.720974344329554651e+00
1.720967394767243253e+00
1.720967394767243475e+00
1.720960386871713155e+00
1.720960386871713155e+00
1.720953320125875541e+00
1.720953320125875985e+00
1.720946194007417551e+00
1.720946194007417773e+00
1.720939007988776970e+00
1.720939007988777192e+00
1.720931761537127569e+00
1.720931761537127791e+00
1.720924454114362012e+00
1.720924454114362456e+00
1.720917085177074535e+00
1.720917085177074757e+00
1.720909654176550285e+00
1.720909654176550729e+00
1.720902160558750005e+00
1.720902160558750005e+00
1.720894603764303810e+00
1.720894603764304254e+00
1.720886983228503420e+00
1.720886983228503642e+00
1.720879298381291500e+00
1.720879298381291944e+00
1.720871548647265215e+00
1.720871548647265659e+00
1.720863733445669119e+00
1.720863733445669785e+00
1.720855852190399382e+00
1.720855852190399604e+00
1.720847904290003116e+00
1.720847904290003560e+00
1.720839889147691038e+00
1.720839889147691260e+00
1.720831806161338129e+00
1.720831806161338129e+00
1.720823654723497631e+00
1.720823654723497631e+00
1.720815434221417251e+00
1.720815434221417251e+00
1.720807144037052039e+00
1.720807144037052261e+00
1.720798783547085042e+00
1.720798783547085709e+00
1.720790352122949063e+00
1.720790352122949507e+00
1.720781849130852414e+00
1.720781849130852859e+00
1.720773273931810676e+00
1.720773273931810898e+00
1.720764625881670673e+00
1.720764625881670895e+00
1.720755904331155550e+00
1.720755904331155772e+00
1.720747108625894750e+00
1.720747108625894972e+00
1.720738238106471751e+00
1.720738238106472195e+00
1.720729292108469810e+00
1.720729292108470254e+00
1.720720269962518145e+00
1.720720269962518367e+00
1.720711170994346784e+00
1.720711170994346784e+00
1.720701994524846956e+00
1.720701994524847400e+00
1.720692739870129051e+00
1.720692739870129273e+00
1.720683406341588562e+00
1.720683406341589006e+00
1.720673993245976696e+00
1.720673993245976918e+00
1.720664499885474541e+00
1.720664499885474763e+00
1.720654925557768999e+00
1.720654925557769221e+00
1.720645269556138945e+00
1.720645269556139612e+00
1.720635531169540933e+00
1.720635531169541377e+00
1.720625709682699789e+00
1.720625709682700233e+00
1.720615804376205427e+00
1.720615804376205649e+00
1.720605814526616539e+00
1.720605814526616761e+00
1.720595739406562519e+00
1.720595739406562519e+00
1.720585578284858475e+00
1.720585578284858697e+00
