 Energy(eV)     Sca_U     Sca_D
 442.801 853.963 11694.2
 441.225 877.811 12020.8
 439.66 902.465 12358.4
 438.107 927.962 12707.6
 436.564 954.339 13068.8
 435.032 981.635 13442.6
 433.511 1009.89 13829.5
 432 1039.15 14230.2
 430.5 1069.47 14645.4
 429.011 1100.88 15075.6
 427.532 1133.45 15521.6
 426.062 1167.23 15984.1
 424.603 1202.28 16464.1
 423.154 1238.66 16962.3
 421.715 1276.44 17479.6
 420.285 1315.68 18017
 418.865 1356.47 18575.6
 417.455 1398.89 19156.5
 416.054 1443.02 19760.8
 414.663 1488.95 20389.8
 413.28 1536.78 21044.8
 411.907 1586.62 21727.3
 410.544 1638.58 22438.8
 409.189 1692.77 23180.9
 407.843 1749.33 23955.5
 406.505 1808.4 24764.4
 405.177 1870.12 25609.6
 403.857 1934.66 26493.3
 402.546 2002.18 27418
 401.243 2072.87 28386.1
 399.949 2146.94 29400.3
 398.663 2224.6 30463.8
 397.385 2306.08 31579.6
 396.115 2391.63 32751.2
 394.854 2481.55 33982.5
 393.6 2576.11 35277.5
 392.355 2675.66 36640.7
 391.117 2780.54 38077
 389.887 2891.15 39591.6
 388.665 3007.9 41190.4
 387.45 3131.27 42879.8
 386.243 3261.75 44666.7
 385.044 3399.92 46558.8
 383.852 3546.39 48564.4
 382.667 3701.83 50693.1
 381.49 3866.99 52954.9
 380.319 4042.72 55361.3
 379.156 4229.93 57925
 378 4429.65 60660
 376.851 4643.03 63581.9
 375.71 4871.34 66708.4
 374.574 5116.02 70059.1
 373.446 5378.69 73656.1
 372.325 5661.15 77524.2
 371.21 5965.47 81691.6
 370.102 6293.98 86190.2
 369 6649.33 91056.3
 367.905 7034.54 96331.4
 366.817 7453.09 102063
 365.735 7908.96 108306
 364.659 8406.77 115123
 363.59 8951.87 122588
 362.527 9550.5 130785
 361.47 10210 139816
 360.419 10938.9 149798
 359.374 11747.5 160870
 358.336 12647.8 173200
 357.303 13654.6 186986
 356.276 14785.3 202471
 355.255 16061.5 219947
 354.24 17509.4 239775
 353.231 19161.7 262401
 352.228 21059 288384
 351.23 23252.9 318426
 350.238 25809 353430
 349.251 28812.6 394562
 348.27 32375.3 443350
 347.295 36645.6 501826
 346.324 41823.1 572727
 345.36 48178.6 659760
 344.4 56081.2 767978
 343.446 66063.4 904674
 342.498 78987.4 1.08166e+06
 341.554 96197.5 1.31733e+06
 340.616 119721 1.63946e+06
 339.683 152830 2.09286e+06
 338.754 201005 2.75256e+06
 337.831 273398 3.74393e+06
 336.913 383940 5.25771e+06
 336 544859 7.46136e+06
 335.092 726549 9.94944e+06
 334.189 798066 1.09288e+07
 333.291 671837 9.20022e+06
 332.397 462289 6.33065e+06
 331.508 292376 4.00383e+06
 330.624 187390 2.56614e+06
 329.745 132666 1.81674e+06
 328.87 117179 1.60466e+06
 328 137079 1.87717e+06
 327.135 172463 2.36173e+06
 326.274 178205 2.44035e+06
