   6.5135816e+04
   6.5095830e+04
   6.4973979e+04
   6.4769548e+04
   6.4481368e+04
   6.4107838e+04
   6.3646973e+04
   6.3096454e+04
   6.2453693e+04
   6.1715915e+04
   6.0880240e+04
   5.9943794e+04
   5.8903816e+04
   5.7757787e+04
   5.6503562e+04
   5.5139515e+04
   5.3664694e+04
   5.2078969e+04
   5.0383196e+04
   4.8579366e+04
   4.6670764e+04
   4.4662101e+04
   4.2559640e+04
   4.0371301e+04
   3.8106734e+04
   3.5777364e+04
   3.3396390e+04
   3.0978744e+04
   2.8540999e+04
   2.6101215e+04
   2.3678736e+04
   2.1293916e+04
   1.8967794e+04
   1.6721706e+04
   1.4576842e+04
   1.2553767e+04
   1.0671892e+04
   8.9489407e+03
   7.4004007e+03
   6.0389914e+03
   4.8741681e+03
   3.9116827e+03
   3.1532250e+03
   2.5961654e+03
   2.2334195e+03
   2.0534479e+03
   2.0404057e+03
   2.1744583e+03
   2.4322717e+03
   2.7876614e+03
   3.2123791e+03
   3.6770188e+03
   4.1520161e+03
   4.6087057e+03
   5.0203933e+03
   5.3633940e+03
   5.6179873e+03
   5.7692387e+03
   5.8076421e+03
   5.7295405e+03
   5.5372937e+03
   5.2391719e+03
   4.8489669e+03
   4.3853269e+03
   3.8708391e+03
   3.3308956e+03
   2.7923948e+03
   2.2823422e+03
   1.8264215e+03
   1.4476137e+03
   1.1649391e+03
   9.9239185e+02
   9.3812877e+02
   1.0039848e+03
   1.1853622e+03
   1.4714652e+03
   1.8458585e+03
   2.2873515e+03
   2.7711690e+03
   3.2703322e+03
   3.7571656e+03
   4.2048415e+03
   4.5888698e+03
   4.8884432e+03
   5.0875590e+03
   5.1758514e+03
   5.1490847e+03
   5.0092850e+03
   4.7645038e+03
   4.4282370e+03
   4.0185399e+03
   3.5568987e+03
   3.0669343e+03
   2.5730206e+03
   2.0989041e+03
   1.6664099e+03
   1.2943070e+03
   9.9739745e+02
   7.8586978e+02
   6.6494175e+02
   6.3480530e+02
   6.9088720e+02
   8.2437877e+02
   1.0229420e+03
   1.2715610e+03
   1.5535054e+03
   1.8513332e+03
   2.1478635e+03
   2.4270625e+03
   2.6747978e+03
   2.8794280e+03
   3.0322069e+03
   3.1274952e+03
   3.1627851e+03
   3.1385538e+03
   3.0579715e+03
   2.9264959e+03
   2.7513893e+03
   2.5411934e+03
   2.3051991e+03
   2.0529409e+03
   1.7937442e+03
   1.5363432e+03
   1.2885847e+03
   1.0572234e+03
   8.4780701e+02
   6.6464752e+02
   5.1086731e+02
   3.8850656e+02
   2.9867680e+02
   2.4174093e+02
   2.1749639e+02
   2.2535029e+02
   2.6450718e+02
   3.3415197e+02
   4.3357538e+02
   5.6224935e+02
   7.1987414e+02
   9.0639706e+02
   1.1220013e+03
   1.3670676e+03
   1.6421153e+03
   1.9477284e+03
   2.2844729e+03
   2.6528128e+03
   3.0530287e+03
   3.4851446e+03
   3.9488660e+03
   4.4435321e+03
   4.9680834e+03
   5.5210450e+03
   6.1005258e+03
   6.7042326e+03
   7.3294961e+03
   7.9733086e+03
   8.6323700e+03
   9.3031401e+03
   9.9818942e+03
   1.0664781e+04
   1.1347879e+04
   1.2027252e+04
   1.2699000e+04
   1.3359306e+04
   1.4004474e+04
   1.4630967e+04
   1.5235432e+04
   1.5814726e+04
   1.6365926e+04
   1.6886342e+04
   1.7373526e+04
   1.7825262e+04
   1.8239577e+04
   1.8614721e+04
   1.8949169e+04
   1.9241608e+04
   1.9490925e+04
   1.9696201e+04
   1.9856696e+04
   1.9971844e+04
   2.0041248e+04
   2.0064667e+04
   2.0042021e+04
   1.9973384e+04
   1.9858989e+04
   1.9699229e+04
   1.9494662e+04
   1.9246020e+04
   1.8954218e+04
   1.8620361e+04
   1.8245756e+04
   1.7831922e+04
   1.7380599e+04
   1.6893760e+04
   1.6373609e+04
   1.5822593e+04
   1.5243396e+04
   1.4638935e+04
   1.4012352e+04
   1.3366998e+04
   1.2706410e+04
   1.2034282e+04
   1.1354435e+04
   1.0670774e+04
   9.9872414e+03
   9.3077658e+03
   8.6362092e+03
   7.9763085e+03
   7.3316185e+03
   6.7054551e+03
   6.1008437e+03
   5.5204722e+03
   4.9666535e+03
   4.4412982e+03
   3.9459005e+03
   3.4815379e+03
   3.0488877e+03
   2.6482577e+03
   2.2796341e+03
   1.9427422e+03
   1.6371193e+03
   1.3621949e+03
   1.1173753e+03
   9.0212517e+02
   7.1604206e+02
   5.5891569e+02
   4.3076693e+02
   3.3186029e+02
   2.6268731e+02
   2.2392217e+02
   2.1634698e+02
   2.4072309e+02
   2.9760848e+02
   3.8717757e+02
   5.0905047e+02
   6.6211015e+02
   8.4432213e+02
   1.0525812e+03
   1.2826036e+03
   1.5288810e+03
   1.7847078e+03
   2.0422937e+03
   2.2929664e+03
   2.5274651e+03
   2.7363185e+03
   2.9102943e+03
   3.0409013e+03
   3.1209161e+03
   3.1449054e+03
   3.1097066e+03
   3.0148321e+03
   2.8627608e+03
   2.6590850e+03
   2.4124883e+03
   2.1345364e+03
   1.8392767e+03
   1.5426538e+03
   1.2617599e+03
   1.0139544e+03
   8.1589679e+02
   6.8255076e+02
   6.2622634e+02
   6.5572908e+02
   7.7564696e+02
   9.8581981e+02
   1.2810845e+03
   1.6513296e+03
   2.0818476e+03
   2.5539733e+03
   3.0459895e+03
   3.5342533e+03
   3.9944850e+03
   4.4031418e+03
   4.7387947e+03
   4.9834216e+03
   5.1235330e+03
   5.1510567e+03
   5.0639205e+03
   4.8662905e+03
   4.5684449e+03
   4.1862847e+03
   3.7405088e+03
   3.2554981e+03
   2.7579767e+03
   2.2755280e+03
   1.8350563e+03
   1.4612835e+03
   1.1753724e+03
   9.9375947e+02
   9.2726838e+02
   9.8054092e+02
   1.1517948e+03
   1.4329395e+03
   1.8100637e+03
   2.2642397e+03
   2.7725804e+03
   3.3094912e+03
   3.8480458e+03
   4.3614109e+03
   4.8242436e+03
   5.2139875e+03
   5.5120059e+03
   5.7045008e+03
   5.7831777e+03
   5.7456374e+03
   5.5954852e+03
   5.3421660e+03
   5.0005470e+03
   4.5902790e+03
   4.1349782e+03
   3.6612743e+03
   3.1977750e+03
   2.7739960e+03
   2.4193055e+03
   2.1619252e+03
   2.0280228e+03
   2.0409239e+03
   2.2204629e+03
   2.5824962e+03
   3.1385875e+03
   3.8958551e+03
   4.8569687e+03
   6.0202819e+03
   7.3800873e+03
   8.9269742e+03
   1.0648266e+04
   1.2528518e+04
   1.4550044e+04
   1.6693464e+04
   1.8938245e+04
   2.1263220e+04
   2.3647072e+04
   2.6068777e+04
   2.8507989e+04
   3.0945368e+04
   3.3362853e+04
   3.5743870e+04
   3.8073479e+04
   4.0338470e+04
   4.2527409e+04
   4.4630630e+04
   4.6640201e+04
   4.8549842e+04
   5.0354828e+04
   5.2051860e+04
   5.3638931e+04
   5.5115173e+04
   5.6480700e+04
   5.7736457e+04
   5.8884057e+04
   5.9925636e+04
   6.0863705e+04
   6.1701018e+04
   6.2440446e+04
   6.3084862e+04
   6.3637039e+04
   6.4099563e+04
   6.4474751e+04
   6.4764588e+04
   6.4970672e+04
   6.5094177e+04
   6.5135816e+04
