   8.1575901e+04
   8.1539434e+04
   8.1430012e+04
   8.1247376e+04
   8.0991102e+04
   8.0660611e+04
   8.0255178e+04
   7.9773954e+04
   7.9215987e+04
   7.8580241e+04
   7.7865631e+04
   7.7071051e+04
   7.6195410e+04
   7.5237670e+04
   7.4196888e+04
   7.3072259e+04
   7.1863166e+04
   7.0569223e+04
   6.9190329e+04
   6.7726715e+04
   6.6178999e+04
   6.4548234e+04
   6.2835958e+04
   6.1044237e+04
   5.9175715e+04
   5.7233648e+04
   5.5221938e+04
   5.3145163e+04
   5.1008594e+04
   4.8818206e+04
   4.6580679e+04
   4.4303385e+04
   4.1994369e+04
   3.9662313e+04
   3.7316485e+04
   3.4966680e+04
   3.2623139e+04
   3.0296466e+04
   2.7997518e+04
   2.5737295e+04
   2.3526808e+04
   2.1376949e+04
   1.9298340e+04
   1.7301189e+04
   1.5395136e+04
   1.3589100e+04
   1.1891136e+04
   1.0308286e+04
   8.8464569e+03
   7.5102963e+03
   6.3030985e+03
   5.2267239e+03
   4.2815445e+03
   3.4664154e+03
   2.7786744e+03
   2.2141709e+03
   1.7673258e+03
   1.4312207e+03
   1.1977171e+03
   1.0576017e+03
   1.0007586e+03
   1.0163602e+03
   1.0930774e+03
   1.2193011e+03
   1.3833698e+03
   1.5738000e+03
   1.7795101e+03
   1.9900345e+03
   2.1957204e+03
   2.3879027e+03
   2.5590524e+03
   2.7028936e+03
   2.8144862e+03
   2.8902728e+03
   2.9280884e+03
   2.9271320e+03
   2.8879042e+03
   2.8121100e+03
   2.7025328e+03
   2.5628832e+03
   2.3976279e+03
   2.2118049e+03
   2.0108302e+03
   1.8003040e+03
   1.5858213e+03
   1.3727933e+03
   1.1662848e+03
   9.7087220e+02
   7.9052639e+02
   6.2852214e+02
   4.8737655e+02
   3.6881670e+02
   2.7377600e+02
   2.0241762e+02
   1.5418266e+02
   1.2785961e+02
   1.2167145e+02
   1.3337585e+02
   1.6037423e+02
   1.9982491e+02
   2.4875604e+02
   3.0417419e+02
   3.6316501e+02
   4.2298272e+02
   4.8112632e+02
   5.3540054e+02
   5.8396063e+02
   6.2534087e+02
   6.5846691e+02
   6.8265323e+02
   6.9758691e+02
   7.0329984e+02
   7.0013136e+02
   6.8868379e+02
   6.6977312e+02
   6.4437731e+02
   6.1358434e+02
   5.7854205e+02
   5.4041143e+02
   5.0032475e+02
   4.5934964e+02
   4.1845975e+02
   3.7851239e+02
   3.4023317e+02
   3.0420736e+02
   2.7087763e+02
   2.4054731e+02
   2.1338844e+02
   1.8945378e+02
   1.6869166e+02
   1.5096287e+02
   1.3605861e+02
   1.2371871e+02
   1.1364933e+02
   1.0553952e+02
   9.9076241e+01
   9.3957322e+01
   8.9902251e+01
   8.6660577e+01
   8.4017969e+01
   8.1799973e+01
   7.9873646e+01
   7.8147268e+01
   7.6568400e+01
   7.5120576e+01
   7.3818926e+01
   7.2705033e+01
   7.1841309e+01
   7.1305164e+01
   7.1183189e+01
   7.1565582e+01
   7.2540970e+01
   7.4191766e+01
   7.6590153e+01
   7.9794767e+01
   8.3848108e+01
   8.8774670e+01
   9.4579787e+01
   1.0124915e+02
   1.0874894e+02
   1.1702649e+02
   1.2601146e+02
   1.3561736e+02
   1.4574346e+02
   1.5627688e+02
   1.6709488e+02
   1.7806728e+02
   1.8905887e+02
   1.9993188e+02
   2.1054835e+02
   2.2077239e+02
   2.3047242e+02
   2.3952311e+02
   2.4780728e+02
   2.5521760e+02
   2.6165800e+02
   2.6704504e+02
   2.7130894e+02
   2.7439453e+02
   2.7626189e+02
   2.7688688e+02
   2.7626141e+02
   2.7439358e+02
   2.7130753e+02
   2.6704317e+02
   2.6165570e+02
   2.5521490e+02
   2.4780420e+02
   2.3951968e+02
   2.3046868e+02
   2.2076838e+02
   2.1054409e+02
   1.9992743e+02
   1.8905426e+02
   1.7806255e+02
   1.6709007e+02
   1.5627203e+02
   1.4573860e+02
   1.3561252e+02
   1.2600667e+02
   1.1702178e+02
   1.0874433e+02
   1.0124465e+02
   9.4575417e+01
   8.8770436e+01
   8.3844016e+01
   7.9790818e+01
   7.6586344e+01
   7.4188094e+01
   7.2537430e+01
   7.1562167e+01
   7.1179894e+01
   7.1301987e+01
   7.1838248e+01
   7.2702092e+01
   7.3816115e+01
   7.5117913e+01
   7.6565909e+01
   7.8144985e+01
   7.9871615e+01
   8.1798251e+01
   8.4016623e+01
   8.6659687e+01
   8.9901908e+01
   9.3957628e+01
   9.9077307e+01
   1.0554147e+02
   1.1365228e+02
   1.2372280e+02
   1.3606397e+02
   1.5096962e+02
   1.6869994e+02
   1.8946370e+02
   2.1340009e+02
   2.4056077e+02
   2.7089296e+02
   3.0422459e+02
   3.4025230e+02
   3.7853341e+02
   4.1848256e+02
   4.5937415e+02
   5.0035080e+02
   5.4043884e+02
   5.7857059e+02
   6.1361374e+02
   6.4440728e+02
   6.6980334e+02
   6.8871392e+02
   7.0016103e+02
   7.0332870e+02
   6.9761461e+02
   6.8267944e+02
   6.5849134e+02
   6.2536325e+02
   5.8398078e+02
   5.3541832e+02
   4.8114171e+02
   4.2299575e+02
   3.6317583e+02
   3.0418307e+02
   2.4876332e+02
   1.9983107e+02
   1.6037985e+02
   1.3338159e+02
   1.2167808e+02
   1.2786796e+02
   1.5419359e+02
   2.0243206e+02
   2.7379487e+02
   3.6884089e+02
   4.8740690e+02
   6.2855942e+02
   7.9057128e+02
   9.7092522e+02
   1.1663463e+03
   1.3728636e+03
   1.5859003e+03
   1.8003914e+03
   2.0109257e+03
   2.2119079e+03
   2.3977375e+03
   2.5629983e+03
   2.7026523e+03
   2.8122326e+03
   2.8880285e+03
   2.9272564e+03
   2.9282113e+03
   2.8903929e+03
   2.8146019e+03
   2.7030037e+03
   2.5591558e+03
   2.3879985e+03
   2.1958079e+03
   1.9901136e+03
   1.7795807e+03
   1.5738625e+03
   1.3834250e+03
   1.2193501e+03
   1.0931219e+03
   1.0164019e+03
   1.0008000e+03
   1.0576454e+03
   1.1977660e+03
   1.4312781e+03
   1.7673949e+03
   2.2142553e+03
   2.7787777e+03
   3.4665413e+03
   4.2816966e+03
   5.2269058e+03
   6.3033135e+03
   7.5105475e+03
   8.8467473e+03
   1.0308619e+04
   1.1891512e+04
   1.3589522e+04
   1.5395605e+04
   1.7301707e+04
   1.9298907e+04
   2.1377565e+04
   2.3527472e+04
   2.5738006e+04
   2.7998276e+04
   3.0297268e+04
   3.2623984e+04
   3.4967564e+04
   3.7317407e+04
   3.9663268e+04
   4.1995354e+04
   4.4304396e+04
   4.6581713e+04
   4.8819259e+04
   5.1009661e+04
   5.3146239e+04
   5.5223019e+04
   5.7234729e+04
   5.9176793e+04
   6.1045307e+04
   6.2837015e+04
   6.4549275e+04
   6.6180018e+04
   6.7727709e+04
   6.9191294e+04
   7.0570156e+04
   7.1864063e+04
   7.3073116e+04
   7.4197701e+04
   7.5238438e+04
   7.6196130e+04
   7.7071720e+04
   7.7866247e+04
   7.8580801e+04
   7.9216489e+04
   7.9774398e+04
   8.0255560e+04
   8.0660931e+04
   8.0991360e+04
   8.1247570e+04
   8.1430142e+04
   8.1539499e+04
   8.1575901e+04
