   3.2314740e-05
   3.2314730e-05
   3.2314718e-05
   3.2314704e-05
   3.2314688e-05
   3.2314667e-05
   3.2314643e-05
   3.2314612e-05
   3.2314574e-05
   3.2314526e-05
   3.2314467e-05
   3.2314394e-05
   3.2314305e-05
   3.2314196e-05
   3.2314066e-05
   3.2313910e-05
   3.2313726e-05
   3.2313509e-05
   3.2313256e-05
   3.2312964e-05
   3.2312626e-05
   3.2312241e-05
   3.2311802e-05
   3.2311305e-05
   3.2310745e-05
   3.2310118e-05
   3.2309417e-05
   3.2308638e-05
   3.2307776e-05
   3.2306824e-05
   3.2305777e-05
   3.2304629e-05
   3.2303374e-05
   3.2302007e-05
   3.2300522e-05
   3.2298911e-05
   3.2297170e-05
   3.2295292e-05
   3.2293270e-05
   3.2291100e-05
   3.2288773e-05
   3.2286285e-05
   3.2283628e-05
   3.2280797e-05
   3.2277785e-05
   3.2274587e-05
   3.2271196e-05
   3.2267606e-05
   3.2263811e-05
   3.2259806e-05
   3.2255584e-05
   3.2251140e-05
   3.2246469e-05
   3.2241565e-05
   3.2236422e-05
   3.2231036e-05
   3.2225401e-05
   3.2219513e-05
   3.2213368e-05
   3.2206960e-05
   3.2200285e-05
   3.2193340e-05
   3.2186121e-05
   3.2178623e-05
   3.2170844e-05
   3.2162781e-05
   3.2154430e-05
   3.2145790e-05
   3.2136857e-05
   3.2127629e-05
   3.2118105e-05
   3.2108284e-05
   3.2098163e-05
   3.2087742e-05
   3.2077021e-05
   3.2065999e-05
   3.2054676e-05
   3.2043052e-05
   3.2031127e-05
   3.2018904e-05
   3.2006383e-05
   3.1993565e-05
   3.1980452e-05
   3.1967048e-05
   3.1953353e-05
   3.1939372e-05
   3.1925107e-05
   3.1910561e-05
   3.1895740e-05
   3.1880646e-05
   3.1865285e-05
   3.1849662e-05
   3.1833781e-05
   3.1817648e-05
   3.1801269e-05
   3.1784650e-05
   3.1767797e-05
   3.1750718e-05
   3.1733419e-05
   3.1715908e-05
   3.1698193e-05
   3.1680281e-05
   3.1662180e-05
   3.1643899e-05
   3.1625448e-05
   3.1606834e-05
   3.1588068e-05
   3.1569158e-05
   3.1550115e-05
   3.1530948e-05
   3.1511668e-05
   3.1492286e-05
   3.1472811e-05
   3.1453255e-05
   3.1433629e-05
   3.1413943e-05
   3.1394210e-05
   3.1374440e-05
   3.1354646e-05
   3.1334838e-05
   3.1315030e-05
   3.1295233e-05
   3.1275459e-05
   3.1255720e-05
   3.1236028e-05
   3.1216396e-05
   3.1196837e-05
   3.1177362e-05
   3.1157984e-05
   3.1138715e-05
   3.1119569e-05
   3.1100556e-05
   3.1081691e-05
   3.1062984e-05
   3.1044449e-05
   3.1026098e-05
   3.1007943e-05
   3.0989996e-05
   3.0972269e-05
   3.0954775e-05
   3.0937524e-05
   3.0920529e-05
   3.0903802e-05
   3.0887353e-05
   3.0871194e-05
   3.0855337e-05
   3.0839792e-05
   3.0824570e-05
   3.0809681e-05
   3.0795136e-05
   3.0780945e-05
   3.0767118e-05
   3.0753665e-05
   3.0740595e-05
   3.0727917e-05
   3.0715641e-05
   3.0703774e-05
   3.0692326e-05
   3.0681304e-05
   3.0670717e-05
   3.0660571e-05
   3.0650874e-05
   3.0641633e-05
   3.0632855e-05
   3.0624545e-05
   3.0616710e-05
   3.0609356e-05
   3.0602487e-05
   3.0596108e-05
   3.0590225e-05
   3.0584841e-05
   3.0579960e-05
   3.0575586e-05
   3.0571722e-05
   3.0568370e-05
   3.0565534e-05
   3.0563214e-05
   3.0561414e-05
   3.0560133e-05
   3.0559374e-05
   3.0559136e-05
   3.0559419e-05
   3.0560224e-05
   3.0561551e-05
   3.0563397e-05
   3.0565762e-05
   3.0568644e-05
   3.0572040e-05
   3.0575950e-05
   3.0580368e-05
   3.0585294e-05
   3.0590722e-05
   3.0596650e-05
   3.0603072e-05
   3.0609984e-05
   3.0617382e-05
   3.0625260e-05
   3.0633612e-05
   3.0642432e-05
   3.0651715e-05
   3.0661453e-05
   3.0671639e-05
   3.0682267e-05
   3.0693328e-05
   3.0704816e-05
   3.0716721e-05
   3.0729036e-05
   3.0741751e-05
   3.0754858e-05
   3.0768348e-05
   3.0782210e-05
   3.0796436e-05
   3.0811015e-05
   3.0825937e-05
   3.0841193e-05
   3.0856770e-05
   3.0872659e-05
   3.0888848e-05
   3.0905327e-05
   3.0922084e-05
   3.0939107e-05
   3.0956385e-05
   3.0973907e-05
   3.0991659e-05
   3.1009632e-05
   3.1027811e-05
   3.1046186e-05
   3.1064743e-05
   3.1083471e-05
   3.1102358e-05
   3.1121390e-05
   3.1140556e-05
   3.1159843e-05
   3.1179238e-05
   3.1198730e-05
   3.1218305e-05
   3.1237951e-05
   3.1257656e-05
   3.1277408e-05
   3.1297194e-05
   3.1317002e-05
   3.1336821e-05
   3.1356637e-05
   3.1376440e-05
   3.1396217e-05
   3.1415956e-05
   3.1435648e-05
   3.1455279e-05
   3.1474838e-05
   3.1494316e-05
   3.1513701e-05
   3.1532982e-05
   3.1552149e-05
   3.1571191e-05
   3.1590100e-05
   3.1608864e-05
   3.1627474e-05
   3.1645922e-05
   3.1664198e-05
   3.1682293e-05
   3.1700199e-05
   3.1717908e-05
   3.1735411e-05
   3.1752702e-05
   3.1769772e-05
   3.1786614e-05
   3.1803223e-05
   3.1819590e-05
   3.1835711e-05
   3.1851580e-05
   3.1867190e-05
   3.1882537e-05
   3.1897617e-05
   3.1912423e-05
   3.1926953e-05
   3.1941202e-05
   3.1955167e-05
   3.1968844e-05
   3.1982231e-05
   3.1995325e-05
   3.2008125e-05
   3.2020627e-05
   3.2032831e-05
   3.2044736e-05
   3.2056340e-05
   3.2067643e-05
   3.2078644e-05
   3.2089344e-05
   3.2099743e-05
   3.2109842e-05
   3.2119642e-05
   3.2129143e-05
   3.2138348e-05
   3.2147258e-05
   3.2155876e-05
   3.2164204e-05
   3.2172244e-05
   3.2179999e-05
   3.2187473e-05
   3.2194669e-05
   3.2201590e-05
   3.2208241e-05
   3.2214625e-05
   3.2220746e-05
   3.2226610e-05
   3.2232221e-05
   3.2237583e-05
   3.2242701e-05
   3.2247582e-05
   3.2252229e-05
   3.2256649e-05
   3.2260846e-05
   3.2264828e-05
   3.2268598e-05
   3.2272164e-05
   3.2275532e-05
   3.2278706e-05
   3.2281694e-05
   3.2284502e-05
   3.2287135e-05
   3.2289600e-05
   3.2291904e-05
   3.2294052e-05
   3.2296050e-05
   3.2297906e-05
   3.2299624e-05
   3.2301212e-05
   3.2302675e-05
   3.2304020e-05
   3.2305252e-05
   3.2306378e-05
   3.2307404e-05
   3.2308334e-05
   3.2309175e-05
   3.2309933e-05
   3.2310612e-05
   3.2311218e-05
   3.2311757e-05
   3.2312233e-05
   3.2312652e-05
   3.2313017e-05
   3.2313334e-05
   3.2313606e-05
   3.2313839e-05
   3.2314035e-05
   3.2314200e-05
   3.2314336e-05
   3.2314446e-05
   3.2314535e-05
   3.2314605e-05
   3.2314658e-05
   3.2314698e-05
   3.2314727e-05
   3.2314746e-05
   3.2314757e-05
   3.2314763e-05
   3.2314764e-05
   3.2314761e-05
   3.2314756e-05
   3.2314749e-05
   3.2314740e-05
