   9.3525659e+04
   9.3503354e+04
   9.3434778e+04
   9.3318417e+04
   9.3151760e+04
   9.2931318e+04
   9.2652655e+04
   9.2310433e+04
   9.1898460e+04
   9.1409759e+04
   9.0836650e+04
   9.0170843e+04
   8.9403559e+04
   8.8525662e+04
   8.7527816e+04
   8.6400660e+04
   8.5135011e+04
   8.3722086e+04
   8.2153742e+04
   8.0422744e+04
   7.8523042e+04
   7.6450063e+04
   7.4201014e+04
   7.1775181e+04
   6.9174221e+04
   6.6402442e+04
   6.3467048e+04
   6.0378353e+04
   5.7149936e+04
   5.3798730e+04
   5.0345044e+04
   4.6812479e+04
   4.3227754e+04
   3.9620419e+04
   3.6022448e+04
   3.2467722e+04
   2.8991384e+04
   2.5629099e+04
   2.2416209e+04
   1.9386814e+04
   1.6572809e+04
   1.4002891e+04
   1.1701592e+04
   9.6883631e+03
   7.9767602e+03
   6.5737738e+03
   5.4793416e+03
   4.6860851e+03
   4.1792985e+03
   3.9372157e+03
   3.9315644e+03
   4.1284053e+03
   4.4892351e+03
   4.9723207e+03
   5.5342171e+03
   6.1314083e+03
   6.7219974e+03
   7.2673639e+03
   7.7337028e+03
   8.0933622e+03
   8.3258996e+03
   8.4187942e+03
   8.3677647e+03
   8.1766656e+03
   7.8569599e+03
   7.4267896e+03
   6.9096931e+03
   6.3330426e+03
   5.7262920e+03
   5.1191426e+03
   4.5397393e+03
   4.0130121e+03
   3.5592655e+03
   3.1931062e+03
   2.9227742e+03
   2.7499144e+03
   2.6697973e+03
   2.6719603e+03
   2.7412171e+03
   2.8589507e+03
   3.0045926e+03
   3.1571726e+03
   3.2968277e+03
   3.4061574e+03
   3.4713337e+03
   3.4828916e+03
   3.4361561e+03
   3.3312889e+03
   3.1729705e+03
   2.9697608e+03
   2.7332037e+03
   2.4767599e+03
   2.2146597e+03
   1.9607717e+03
   1.7275726e+03
   1.5252952e+03
   1.3613070e+03
   1.2397563e+03
   1.1614909e+03
   1.1242402e+03
   1.1230230e+03
   1.1507338e+03
   1.1988452e+03
   1.2581641e+03
   1.3195755e+03
   1.3747175e+03
   1.4165407e+03
   1.4397169e+03
   1.4408798e+03
   1.4186950e+03
   1.3737686e+03
   1.3084190e+03
   1.2263413e+03
   1.1322028e+03
   1.0312054e+03
   9.2865391e+02
   8.2956046e+02
   7.3831215e+02
   6.5841883e+02
   5.9235129e+02
   5.4147129e+02
   5.0604805e+02
   4.8534955e+02
   4.7779335e+02
   4.8113879e+02
   4.9270230e+02
   5.0957799e+02
   5.2884770e+02
   5.4776750e+02
   5.6392107e+02
   5.7533402e+02
   5.8054683e+02
   5.7864728e+02
   5.6926568e+02
   5.5253840e+02
   5.2904622e+02
   4.9973502e+02
   4.6582577e+02
   4.2872097e+02
   3.8991332e+02
   3.5090154e+02
   3.1311709e+02
   2.7786406e+02
   2.4627364e+02
   2.1927321e+02
   1.9756946e+02
   1.8164403e+02
   1.7175981e+02
   1.6797571e+02
   1.7016796e+02
   1.7805611e+02
   1.9123187e+02
   2.0918891e+02
   2.3135176e+02
   2.5710275e+02
   2.8580598e+02
   3.1682812e+02
   3.4955558e+02
   3.8340822e+02
   4.1784951e+02
   4.5239358e+02
   4.8660926e+02
   5.2012174e+02
   5.5261202e+02
   5.8381480e+02
   6.1351502e+02
   6.4154352e+02
   6.6777208e+02
   6.9210824e+02
   7.1448988e+02
   7.3488007e+02
   7.5326203e+02
   7.6963452e+02
   7.8400755e+02
   7.9639865e+02
   8.0682952e+02
   8.1532319e+02
   8.2190169e+02
   8.2658408e+02
   8.2938505e+02
   8.3031385e+02
   8.2937369e+02
   8.2656153e+02
   8.2186825e+02
   8.1527932e+02
   8.0677576e+02
   7.9633563e+02
   7.8393592e+02
   7.6955489e+02
   7.5317491e+02
   7.3478577e+02
   7.1438841e+02
   6.9199920e+02
   6.6765451e+02
   6.4141573e+02
   6.1337449e+02
   5.8365792e+02
   5.5243393e+02
   5.1991614e+02
   4.8636821e+02
   4.5210729e+02
   4.1750618e+02
   3.8299389e+02
   3.4905404e+02
   3.1622084e+02
   2.8507214e+02
   2.5621934e+02
   2.3029384e+02
   2.0792993e+02
   1.8974423e+02
   1.7631185e+02
   1.6813968e+02
   1.6563743e+02
   1.6908786e+02
   1.7861777e+02
   1.9417200e+02
   2.1549216e+02
   2.4210197e+02
   2.7330094e+02
   3.0816855e+02
   3.4558091e+02
   3.8424129e+02
   4.2272523e+02
   4.5954022e+02
   4.9319850e+02
   5.2230082e+02
   5.4562730e+02
   5.6223073e+02
   5.7152622e+02
   5.7337053e+02
   5.6812371e+02
   5.5668587e+02
   5.4050238e+02
   5.2153215e+02
   5.0217555e+02
   4.8516105e+02
   4.7339290e+02
   4.6976574e+02
   4.7695558e+02
   4.9720008e+02
   5.3208410e+02
   5.8234795e+02
   6.4773673e+02
   7.2690859e+02
   8.1741737e+02
   9.1578112e+02
   1.0176422e+03
   1.1180171e+03
   1.2116273e+03
   1.2932918e+03
   1.3583576e+03
   1.4031348e+03
   1.4253006e+03
   1.4242343e+03
   1.4012455e+03
   1.3596671e+03
   1.3047871e+03
   1.2436105e+03
   1.1844537e+03
   1.1363887e+03
   1.1085718e+03
   1.1095025e+03
   1.1462708e+03
   1.2238562e+03
   1.3445429e+03
   1.5075113e+03
   1.7086552e+03
   1.9406593e+03
   2.1933502e+03
   2.4543131e+03
   2.7097392e+03
   2.9454508e+03
   3.1480287e+03
   3.3059555e+03
   3.4106802e+03
   3.4575126e+03
   3.4462629e+03
   3.3815612e+03
   3.2728140e+03
   3.1337814e+03
   2.9817916e+03
   2.8366368e+03
   2.7192223e+03
   2.6500640e+03
   2.6477415e+03
   2.7274227e+03
   2.8995722e+03
   3.1689425e+03
   3.5339304e+03
   3.9863546e+03
   4.5116794e+03
   5.0896787e+03
   5.6955036e+03
   6.3010867e+03
   6.8767964e+03
   7.3932356e+03
   7.8230725e+03
   8.1427901e+03
   8.3342482e+03
   8.3859655e+03
   8.2940504e+03
   8.0627314e+03
   7.7044630e+03
   7.2396128e+03
   6.6957530e+03
   6.1066083e+03
   5.5107231e+03
   4.9499254e+03
   4.4676734e+03
   4.1073672e+03
   3.9107096e+03
   3.9161890e+03
   4.1577452e+03
   4.6636652e+03
   5.4557437e+03
   6.5487265e+03
   7.9500415e+03
   9.6598064e+03
   1.1671091e+04
   1.3970400e+04
   1.6538342e+04
   1.9350444e+04
   2.2378060e+04
   2.5589342e+04
   2.8950228e+04
   3.2425407e+04
   3.5979238e+04
   3.9576592e+04
   4.3183596e+04
   4.6768274e+04
   5.0301072e+04
   5.3755256e+04
   5.7107208e+04
   6.0336601e+04
   6.3426474e+04
   6.6363226e+04
   6.9136516e+04
   7.1739112e+04
   7.4166681e+04
   7.6417540e+04
   7.8492380e+04
   8.0393973e+04
   8.2126870e+04
   8.3697107e+04
   8.5111902e+04
   8.6379386e+04
   8.7508333e+04
   8.8507918e+04
   8.9387496e+04
   9.0156400e+04
   9.0823765e+04
   9.1398372e+04
   9.1888509e+04
   9.2301862e+04
   9.2645412e+04
   9.2925357e+04
   9.3147041e+04
   9.3314907e+04
   9.3432452e+04
   9.3502195e+04
   9.3525659e+04
