   7.9498031e+04
   7.9483437e+04
   7.9439243e+04
   7.9364683e+04
   7.9258481e+04
   7.9118866e+04
   7.8943579e+04
   7.8729889e+04
   7.8474621e+04
   7.8174170e+04
   7.7824544e+04
   7.7421390e+04
   7.6960045e+04
   7.6435580e+04
   7.5842859e+04
   7.5176605e+04
   7.4431469e+04
   7.3602112e+04
   7.2683295e+04
   7.1669973e+04
   7.0557400e+04
   6.9341241e+04
   6.8017689e+04
   6.6583586e+04
   6.5036545e+04
   6.3375082e+04
   6.1598735e+04
   5.9708187e+04
   5.7705377e+04
   5.5593604e+04
   5.3377616e+04
   5.1063678e+04
   4.8659621e+04
   4.6174866e+04
   4.3620414e+04
   4.1008807e+04
   3.8354051e+04
   3.5671503e+04
   3.2977715e+04
   3.0290242e+04
   2.7627404e+04
   2.5008022e+04
   2.2451107e+04
   1.9975528e+04
   1.7599659e+04
   1.5341000e+04
   1.3215811e+04
   1.1238728e+04
   9.4224159e+03
   7.7772347e+03
   6.3109509e+03
   5.0284991e+03
   3.9318044e+03
   3.0196765e+03
   2.2877809e+03
   1.7286938e+03
   1.3320432e+03
   1.0847464e+03
   9.7135487e+02
   9.7448256e+02
   1.0752434e+03
   1.2537087e+03
   1.4894509e+03
   1.7621398e+03
   2.0521298e+03
   2.3410133e+03
   2.6121274e+03
   2.8509988e+03
   3.0457095e+03
   3.1871682e+03
   3.2692779e+03
   3.2889894e+03
   3.2462425e+03
   3.1437943e+03
   2.9869439e+03
   2.7831658e+03
   2.5416689e+03
   2.2728999e+03
   1.9880157e+03
   1.6983460e+03
   1.4148731e+03
   1.1477496e+03
   9.0587602e+02
   6.9655608e+02
   5.2524112e+02
   3.9536932e+02
   3.0829365e+02
   2.6329804e+02
   2.5775538e+02
   2.8745474e+02
   3.4692065e+02
   4.2967007e+02
   5.2854622e+02
   6.3611793e+02
   7.4507176e+02
   8.4856683e+02
   9.4054015e+02
   1.0159528e+03
   1.0709689e+03
   1.1030632e+03
   1.1110556e+03
   1.0950757e+03
   1.0564638e+03
   9.9761876e+02
   9.2180168e+02
   8.3291172e+02
   7.3524533e+02
   6.3325366e+02
   5.3131038e+02
   4.3350129e+02
   3.4344493e+02
   2.6415131e+02
   1.9792405e+02
   1.4630893e+02
   1.1008640e+02
   8.9286188e+01
   8.3188074e+01
   9.0374998e+01
   1.0894403e+02
   1.3669821e+02
   1.7123088e+02
   2.1001812e+02
   2.5053923e+02
   2.9039508e+02
   3.2740950e+02
   3.5971003e+02
   3.8578669e+02
   4.0452888e+02
   4.1524117e+02
   4.1763965e+02
   4.1183095e+02
   3.9827690e+02
   3.7774781e+02
   3.5126770e+02
   3.2005465e+02
   2.8545936e+02
   2.4890462e+02
   2.1182802e+02
   1.7562980e+02
   1.4162707e+02
   1.1101519e+02
   8.4836218e+01
   6.3954679e+01
   4.9044091e+01
   4.0599701e+01
   3.8984398e+01
   4.4423367e+01
   5.6915984e+01
   7.6246363e+01
   1.0206490e+02
   1.3392710e+02
   1.7130754e+02
   2.1361429e+02
   2.6020637e+02
   3.1041188e+02
   3.6354528e+02
   4.1892306e+02
   4.7587726e+02
   5.3376680e+02
   5.9198658e+02
   6.4997439e+02
   7.0721575e+02
   7.6324685e+02
   8.1765584e+02
   8.7008261e+02
   9.2021739e+02
   9.6779822e+02
   1.0126078e+03
   1.0544696e+03
   1.0932437e+03
   1.1288223e+03
   1.1611250e+03
   1.1900948e+03
   1.2156933e+03
   1.2378970e+03
   1.2566935e+03
   1.2720780e+03
   1.2840506e+03
   1.2926141e+03
   1.2977717e+03
   1.2995257e+03
   1.2978772e+03
   1.2928251e+03
   1.2843668e+03
   1.2724989e+03
   1.2572185e+03
   1.2385252e+03
   1.2164233e+03
   1.1909249e+03
   1.1620529e+03
   1.1298451e+03
   1.0943577e+03
   1.0556702e+03
   1.0138894e+03
   9.6915407e+02
   9.2163955e+02
   8.7156180e+02
   8.1918133e+02
   7.6480644e+02
   7.0879574e+02
   6.5155958e+02
   5.9356031e+02
   5.3531108e+02
   4.7737293e+02
   4.2034999e+02
   3.6488271e+02
   3.1163880e+02
   2.6130200e+02
   2.1455868e+02
   1.7208232e+02
   1.3451648e+02
   1.0245694e+02
   7.6434685e+01
   5.6901529e+01
   4.4213789e+01
   3.8586033e+01
   4.0005974e+01
   4.8242802e+01
   6.2947679e+01
   8.3643646e+01
   1.0966954e+02
   1.4016848e+02
   1.7410376e+02
   2.1028412e+02
   2.4739545e+02
   2.8403921e+02
   3.1877796e+02
   3.5018731e+02
   3.7691297e+02
   3.9773115e+02
   4.1161000e+02
   4.1776923e+02
   4.1573510e+02
   4.0538732e+02
   3.8699479e+02
   3.6123694e+02
   3.2920797e+02
   2.9240161e+02
   2.5267477e+02
   2.1218943e+02
   1.7333266e+02
   1.3861660e+02
   1.1056339e+02
   9.1591386e+01
   8.3926413e+01
   8.9499918e+01
   1.0973174e+02
   1.4533470e+02
   1.9628811e+02
   2.6183640e+02
   3.4046512e+02
   4.2990300e+02
   5.2717111e+02
   6.2867936e+02
   7.3036656e+02
   8.2787869e+02
   9.1677823e+02
   9.9277538e+02
   1.0519701e+03
   1.0910921e+03
   1.1077260e+03
   1.1005069e+03
   1.0692740e+03
   1.0151708e+03
   9.4068147e+02
   8.4959844e+02
   7.4691650e+02
   6.3865553e+02
   5.3161579e+02
   4.3307366e+02
   3.5042831e+02
   2.9081401e+02
   2.6071357e+02
   2.6563506e+02
   3.0983363e+02
   3.9596160e+02
   5.2475127e+02
   6.9487688e+02
   9.0294108e+02
   1.1435418e+03
   1.4094279e+03
   1.6917515e+03
   1.9804093e+03
   2.2644632e+03
   2.5326202e+03
   2.7737513e+03
   2.9774274e+03
   3.1344468e+03
   3.2373307e+03
   3.2807653e+03
   3.2619688e+03
   3.1809676e+03
   3.0407697e+03
   2.8474256e+03
   2.6099760e+03
   2.3402869e+03
   2.0527797e+03
   1.7640670e+03
   1.4925095e+03
   1.2577091e+03
   1.0799558e+03
   9.7964220e+02
   9.7667641e+02
   1.0899473e+03
   1.3368592e+03
   1.7328784e+03
   2.2911026e+03
   3.0219216e+03
   3.9327833e+03
   5.0280516e+03
   6.3089510e+03
   7.7735926e+03
   9.4170796e+03
   1.1231682e+04
   1.3207077e+04
   1.5330634e+04
   1.7587744e+04
   1.9962177e+04
   2.2436454e+04
   2.4992220e+04
   2.7610619e+04
   3.0272649e+04
   3.2959496e+04
   3.5652838e+04
   3.8335119e+04
   4.0989780e+04
   4.3601456e+04
   4.6156128e+04
   4.8641242e+04
   5.1045781e+04
   5.3360311e+04
   5.5576984e+04
   5.7689518e+04
   5.9693150e+04
   6.1584566e+04
   6.3361811e+04
   6.5024189e+04
   6.6572150e+04
   6.8007168e+04
   6.9331617e+04
   7.0548648e+04
   7.1662061e+04
   7.2676186e+04
   7.3595762e+04
   7.4425832e+04
   7.5171632e+04
   7.5838501e+04
   7.6431785e+04
   7.6956764e+04
   7.7418575e+04
   7.7822147e+04
   7.8172148e+04
   7.8472932e+04
   7.8728498e+04
   7.8942450e+04
   7.9117971e+04
   7.9257796e+04
   7.9364186e+04
   7.9438921e+04
   7.9483278e+04
   7.9498031e+04
