   1.8870297e+05
   1.8859169e+05
   1.8825644e+05
   1.8769576e+05
   1.8690729e+05
   1.8588781e+05
   1.8463332e+05
   1.8313916e+05
   1.8140013e+05
   1.7941063e+05
   1.7716488e+05
   1.7465709e+05
   1.7188170e+05
   1.6883363e+05
   1.6550853e+05
   1.6190309e+05
   1.5801532e+05
   1.5384486e+05
   1.4939330e+05
   1.4466449e+05
   1.3966484e+05
   1.3440359e+05
   1.2889310e+05
   1.2314904e+05
   1.1719061e+05
   1.1104061e+05
   1.0472553e+05
   9.8275493e+04
   9.1724171e+04
   8.5108553e+04
   7.8468639e+04
   7.1847017e+04
   6.5288332e+04
   5.8838651e+04
   5.2544728e+04
   4.6453176e+04
   4.0609572e+04
   3.5057497e+04
   2.9837554e+04
   2.4986379e+04
   2.0535680e+04
   1.6511341e+04
   1.2932622e+04
   9.8114929e+03
   7.1521315e+03
   4.9506226e+03
   3.1948766e+03
   1.8647908e+03
   9.3266397e+02
   3.6386960e+02
   1.1773249e+02
   1.4832902e+02
   4.0691636e+02
   8.4215500e+02
   1.4021329e+03
   2.0360396e+03
   2.6956887e+03
   3.3369950e+03
   3.9213000e+03
   4.4164832e+03
   4.7978055e+03
   5.0484446e+03
   5.1596950e+03
   5.1308231e+03
   4.9685807e+03
   4.6864035e+03
   4.3033315e+03
   3.8427085e+03
   3.3307257e+03
   2.7948854e+03
   2.2624642e+03
   1.7590547e+03
   1.3072604e+03
   9.2560823e+02
   6.2773161e+02
   4.2185992e+02
   3.1064522e+02
   2.9133487e+02
   3.5618215e+02
   4.9308618e+02
   6.8657107e+02
   9.1889295e+02
   1.1711892e+03
   1.4246435e+03
   1.6615972e+03
   1.8665411e+03
   2.0269313e+03
   2.1337899e+03
   2.1820645e+03
   2.1707376e+03
   2.1026908e+03
   1.9843457e+03
   1.8251133e+03
   1.6366953e+03
   1.4322861e+03
   1.2257274e+03
   1.0306674e+03
   8.5977339e+02
   7.2404061e+02
   6.3222949e+02
   5.9045588e+02
   6.0194597e+02
   6.6696400e+02
   7.8291154e+02
   9.4457945e+02
   1.1445244e+03
   1.3735438e+03
   1.6212210e+03
   1.8765088e+03
   2.1283181e+03
   2.3660833e+03
   2.5802755e+03
   2.7628433e+03
   2.9075639e+03
   3.0102931e+03
   3.0691094e+03
   3.0843535e+03
   3.0585658e+03
   2.9963351e+03
   2.9040684e+03
   2.7896996e+03
   2.6623532e+03
   2.5319813e+03
   2.4089903e+03
   2.3038759e+03
   2.2268779e+03
   2.1876696e+03
   2.1950904e+03
   2.2569284e+03
   2.3797571e+03
   2.5688288e+03
   2.8280203e+03
   3.1598309e+03
   3.5654244e+03
   4.0447099e+03
   4.5964531e+03
   5.2184117e+03
   5.9074841e+03
   6.6598664e+03
   7.4712094e+03
   8.3367698e+03
   9.2515498e+03
   1.0210423e+04
   1.1208241e+04
   1.2239923e+04
   1.3300524e+04
   1.4385285e+04
   1.5489664e+04
   1.6609354e+04
   1.7740282e+04
   1.8878600e+04
   2.0020670e+04
   2.1163035e+04
   2.2302397e+04
   2.3435582e+04
   2.4559516e+04
   2.5671199e+04
   2.6767676e+04
   2.7846027e+04
   2.8903346e+04
   2.9936737e+04
   3.0943308e+04
   3.1920174e+04
   3.2864458e+04
   3.3773308e+04
   3.4643901e+04
   3.5473464e+04
   3.6259289e+04
   3.6998752e+04
   3.7689329e+04
   3.8328620e+04
   3.8914363e+04
   3.9444453e+04
   3.9916961e+04
   4.0330145e+04
   4.0682469e+04
   4.0972612e+04
   4.1199476e+04
   4.1362201e+04
   4.1460167e+04
   4.1492998e+04
   4.1460568e+04
   4.1363001e+04
   4.1200667e+04
   4.0974186e+04
   4.0684414e+04
   4.0332445e+04
   3.9919597e+04
   3.9447404e+04
   3.8917605e+04
   3.8332125e+04
   3.7693067e+04
   3.7002688e+04
   3.6263389e+04
   3.5477688e+04
   3.4648208e+04
   3.3777655e+04
   3.2868801e+04
   3.1924464e+04
   3.0947499e+04
   2.9940780e+04
   2.8907193e+04
   2.7849631e+04
   2.6770990e+04
   2.5674180e+04
   2.4562123e+04
   2.3437777e+04
   2.2304150e+04
   2.1164320e+04
   2.0021468e+04
   1.8878901e+04
   1.7740083e+04
   1.6608664e+04
   1.5488501e+04
   1.4383677e+04
   1.3298511e+04
   1.2237555e+04
   1.1205577e+04
   1.0207532e+04
   9.2485076e+03
   8.3336582e+03
   7.4681142e+03
   6.6568742e+03
   5.9046800e+03
   5.2158761e+03
   4.5942585e+03
   4.0429177e+03
   3.5640823e+03
   3.1589697e+03
   2.8276518e+03
   2.5689439e+03
   2.3803246e+03
   2.2578940e+03
   2.1963776e+03
   2.1891804e+03
   2.2284964e+03
   2.3054724e+03
   2.4104268e+03
   2.5331175e+03
   2.6630533e+03
   2.7898385e+03
   2.9035385e+03
   2.9950520e+03
   3.0564735e+03
   3.0814279e+03
   3.0653611e+03
   3.0057676e+03
   2.9023410e+03
   2.7570334e+03
   2.5740148e+03
   2.3595273e+03
   2.1216333e+03
   1.8698638e+03
   1.6147773e+03
   1.3674461e+03
   1.1388932e+03
   9.3950422e+02
   7.7844695e+02
   6.6312771e+02
   5.9871532e+02
   5.8776089e+02
   6.2994834e+02
   7.2200747e+02
   8.5779608e+02
   1.0285443e+03
   1.2232608e+03
   1.4292928e+03
   1.6330176e+03
   1.8206281e+03
   1.9789731e+03
   2.0963995e+03
   2.1635480e+03
   2.1740492e+03
   2.1250703e+03
   2.0176716e+03
   1.8569393e+03
   1.6518740e+03
   1.4150302e+03
   1.1619147e+03
   9.1017149e+02
   6.7859320e+02
   4.8601554e+02
   3.5015898e+02
   2.8645719e+02
   3.0687776e+02
   4.1902882e+02
   6.2564694e+02
   9.2408184e+02
   1.3060823e+03
   1.7579905e+03
   2.2612642e+03
   2.7932982e+03
   3.3285118e+03
   3.8396535e+03
   4.2992575e+03
   4.6811787e+03
   4.9621267e+03
   5.1231188e+03
   5.1507787e+03
   5.0384127e+03
   4.7868086e+03
   4.4047200e+03
   3.9090092e+03
   3.3244458e+03
   2.6831707e+03
   2.0238517e+03
   1.3905743e+03
   8.3151892e+02
   3.9749846e+02
   1.4048599e+02
   1.1143486e+02
   3.5900174e+02
   9.2954009e+02
   1.8634989e+03
   3.1954225e+03
   4.9529581e+03
   7.1561628e+03
   9.8170861e+03
   1.2939609e+04
   1.6519524e+04
   2.0544842e+04
   2.4996287e+04
   2.9847967e+04
   3.5068172e+04
   4.0620271e+04
   4.6463670e+04
   5.2554804e+04
   5.8848113e+04
   6.5297008e+04
   7.1854757e+04
   7.8475320e+04
   8.5114079e+04
   9.1728474e+04
   9.8278532e+04
   1.0472729e+05
   1.1104110e+05
   1.1718986e+05
   1.2314710e+05
   1.2889004e+05
   1.3439950e+05
   1.3965982e+05
   1.4465865e+05
   1.4938676e+05
   1.5383775e+05
   1.5800776e+05
   1.6189523e+05
   1.6550049e+05
   1.6882554e+05
   1.7187369e+05
   1.7464927e+05
   1.7715738e+05
   1.7940355e+05
   1.8139358e+05
   1.8313322e+05
   1.8462808e+05
   1.8588333e+05
   1.8690363e+05
   1.8769297e+05
   1.8825456e+05
   1.8859075e+05
   1.8870297e+05
