   1.3012607e+05
   1.3009295e+05
   1.2999297e+05
   1.2982484e+05
   1.2958645e+05
   1.2927486e+05
   1.2888632e+05
   1.2841635e+05
   1.2785974e+05
   1.2721059e+05
   1.2646244e+05
   1.2560828e+05
   1.2464068e+05
   1.2355187e+05
   1.2233385e+05
   1.2097853e+05
   1.1947785e+05
   1.1782398e+05
   1.1600943e+05
   1.1402726e+05
   1.1187128e+05
   1.0953623e+05
   1.0701800e+05
   1.0431385e+05
   1.0142262e+05
   9.8344902e+04
   9.5083307e+04
   9.1642599e+04
   8.8029878e+04
   8.4254719e+04
   8.0329272e+04
   7.6268326e+04
   7.2089327e+04
   6.7812335e+04
   6.3459926e+04
   5.9057031e+04
   5.4630700e+04
   5.0209800e+04
   4.5824647e+04
   4.1506556e+04
   3.7287346e+04
   3.3198774e+04
   2.9271932e+04
   2.5536605e+04
   2.2020618e+04
   1.8749178e+04
   1.5744234e+04
   1.3023889e+04
   1.0601861e+04
   8.4870346e+03
   6.6831228e+03
   5.1884412e+03
   3.9958291e+03
   3.0927158e+03
   2.4613491e+03
   2.0791955e+03
   1.9195225e+03
   1.9521251e+03
   2.1441204e+03
   2.4608204e+03
   2.8667218e+03
   3.3265677e+03
   3.8064083e+03
   4.2746152e+03
   4.7028132e+03
   5.0666957e+03
   5.3466909e+03
   5.5284475e+03
   5.6031198e+03
   5.5674366e+03
   5.4235493e+03
   5.1786658e+03
   4.8444840e+03
   4.4364525e+03
   3.9728896e+03
   3.4740036e+03
   2.9608602e+03
   2.4543439e+03
   1.9741649e+03
   1.5379576e+03
   1.1605114e+03
   8.5317116e+02
   6.2342608e+02
   4.7468425e+02
   4.0621369e+02
   4.1334471e+02
   4.8805297e+02
   6.1958294e+02
   7.9499014e+02
   9.9985466e+02
   1.2191129e+03
   1.4378826e+03
   1.6422285e+03
   1.8198347e+03
   1.9605575e+03
   2.0568341e+03
   2.1039331e+03
   2.1000418e+03
   2.0461925e+03
   1.9460425e+03
   1.8055264e+03
   1.6324077e+03
   1.4357592e+03
   1.2254064e+03
   1.0113643e+03
   8.0330070e+02
   6.1005140e+02
   4.3921178e+02
   2.9682070e+02
   1.8715149e+02
   1.1263112e+02
   7.3922726e+01
   6.9926057e+01
   9.7495647e+01
   1.5226666e+02
   2.2909682e+02
   3.2209560e+02
   4.2495544e+02
   5.3131302e+02
   6.3507038e+02
   7.3067148e+02
   8.1332883e+02
   8.7919475e+02
   9.2547433e+02
   9.5048014e+02
   9.5363154e+02
   9.3540383e+02
   8.9723459e+02
   8.4139560e+02
   7.7083981e+02
   6.8903265e+02
   5.9977690e+02
   5.0703949e+02
   4.1478752e+02
   3.2683955e+02
   2.4673664e+02
   1.7763653e+02
   1.2223377e+02
   8.2711790e+01
   6.0738842e+01
   5.7461935e+01
   7.3383553e+01
   1.0842312e+02
   1.6210771e+02
   2.3358255e+02
   3.2163478e+02
   4.2475765e+02
   5.4122108e+02
   6.6914010e+02
   8.0653875e+02
   9.5140866e+02
   1.1017610e+03
   1.2556715e+03
   1.4113174e+03
   1.5670074e+03
   1.7212034e+03
   1.8725358e+03
   2.0198118e+03
   2.1620185e+03
   2.2983202e+03
   2.4280521e+03
   2.5507108e+03
   2.6659412e+03
   2.7735227e+03
   2.8733538e+03
   2.9654352e+03
   3.0498544e+03
   3.1267690e+03
   3.1963917e+03
   3.2589756e+03
   3.3148006e+03
   3.3641613e+03
   3.4073557e+03
   3.4446751e+03
   3.4763959e+03
   3.5027718e+03
   3.5240279e+03
   3.5403552e+03
   3.5519064e+03
   3.5587932e+03
   3.5610839e+03
   3.5588016e+03
   3.5519246e+03
   3.5403863e+03
   3.5240764e+03
   3.5028434e+03
   3.4764978e+03
   3.4448158e+03
   3.4075446e+03
   3.3644090e+03
   3.3151182e+03
   3.2593749e+03
   3.1968849e+03
   3.1273683e+03
   3.0505718e+03
   2.9662821e+03
   2.8743405e+03
   2.7746586e+03
   2.6672334e+03
   2.5521646e+03
   2.4296703e+03
   2.3001023e+03
   2.1639608e+03
   2.0219068e+03
   1.8747718e+03
   1.7235647e+03
   1.5694738e+03
   1.4138642e+03
   1.2582699e+03
   1.1043781e+03
   9.5400811e+02
   8.0908139e+02
   6.7158476e+02
   5.4352565e+02
   4.2688031e+02
   3.2353543e+02
   2.3522421e+02
   1.6345781e+02
   1.0945340e+02
   7.4066288e+01
   5.7764155e+01
   6.0642348e+01
   8.2242186e+01
   1.2143471e+02
   1.7655377e+02
   2.4542238e+02
   3.2535580e+02
   4.1320636e+02
   5.0544167e+02
   5.9824949e+02
   6.8766600e+02
   7.6972396e+02
   8.4061628e+02
   8.9686900e+02
   9.3551630e+02
   9.5426930e+02
   9.5166951e+02
   9.2721739e+02
   8.8146685e+02
   8.1607710e+02
   7.3381449e+02
   6.3849912e+02
   5.3489318e+02
   4.2853089e+02
   3.2549292e+02
   2.3213037e+02
   1.5474438e+02
   9.9231378e+01
   7.0783973e+01
   7.3865356e+01
   1.1160760e+02
   1.8507419e+02
   2.9364947e+02
   4.3497056e+02
   6.0482280e+02
   7.9722045e+02
   1.0046155e+03
   1.2182122e+03
   1.4283737e+03
   1.6251049e+03
   1.7985875e+03
   1.9397423e+03
   2.0407854e+03
   2.0957481e+03
   2.1009264e+03
   2.0552302e+03
   1.9604065e+03
   1.8211154e+03
   1.6448462e+03
   1.4416708e+03
   1.2238378e+03
   1.0052230e+03
   8.0065931e+02
   6.2517307e+02
   4.9316380e+02
   4.1758701e+02
   4.0925700e+02
   4.7627466e+02
   6.2335618e+02
   8.5127192e+02
   1.1566743e+03
   1.5321533e+03
   1.9664510e+03
   2.4448641e+03
   2.9498389e+03
   3.4617359e+03
   3.9597286e+03
   4.4227940e+03
   4.8307491e+03
   5.1652825e+03
   5.4109349e+03
   5.5559793e+03
   5.5931633e+03
   5.5202767e+03
   5.3405208e+03
   5.0626633e+03
   4.7009725e+03
   4.2749362e+03
   3.8087786e+03
   3.3307971e+03
   2.8725494e+03
   2.4679227e+03
   2.1521207e+03
   1.9606065e+03
   1.9280476e+03
   2.0873331e+03
   2.4686939e+03
   3.0988936e+03
   4.0004975e+03
   5.1912948e+03
   6.6839005e+03
   8.4855276e+03
   1.0597916e+04
   1.3017414e+04
   1.5735194e+04
   1.8737594e+04
   2.2006567e+04
   2.5520211e+04
   2.9253361e+04
   3.3178230e+04
   3.7265061e+04
   4.1482784e+04
   4.5799656e+04
   5.0183867e+04
   5.4604101e+04
   5.9030039e+04
   6.3432803e+04
   6.7785329e+04
   7.2062669e+04
   7.6242223e+04
   8.0303910e+04
   8.4230261e+04
   8.8006459e+04
   9.1620329e+04
   9.5062274e+04
   9.8325167e+04
   1.0140422e+05
   1.0429682e+05
   1.0700232e+05
   1.0952189e+05
   1.1185825e+05
   1.1401550e+05
   1.1599889e+05
   1.1781459e+05
   1.1946954e+05
   1.2097122e+05
   1.2232748e+05
   1.2354635e+05
   1.2463594e+05
   1.2560423e+05
   1.2645901e+05
   1.2720772e+05
   1.2785736e+05
   1.2841441e+05
   1.2888476e+05
   1.2927363e+05
   1.2958552e+05
   1.2982417e+05
   1.2999254e+05
   1.3009274e+05
   1.3012607e+05
