   5.5345440e+04
   5.5316966e+04
   5.5231226e+04
   5.5087578e+04
   5.4884967e+04
   5.4621936e+04
   5.4296652e+04
   5.3906942e+04
   5.3450330e+04
   5.2924087e+04
   5.2325289e+04
   5.1650883e+04
   5.0897761e+04
   5.0062849e+04
   4.9143195e+04
   4.8136079e+04
   4.7039121e+04
   4.5850401e+04
   4.4568584e+04
   4.3193054e+04
   4.1724046e+04
   4.0162776e+04
   3.8511581e+04
   3.6774032e+04
   3.4955058e+04
   3.3061036e+04
   3.1099872e+04
   2.9081053e+04
   2.7015667e+04
   2.4916389e+04
   2.2797420e+04
   2.0674385e+04
   1.8564180e+04
   1.6484766e+04
   1.4454907e+04
   1.2493854e+04
   1.0620987e+04
   8.8553958e+03
   7.2154365e+03
   5.7182493e+03
   4.3792646e+03
   3.2117060e+03
   2.2261096e+03
   1.4298783e+03
   8.2689303e+02
   4.1719404e+02
   1.9664416e+02
   1.5639488e+02
   2.8455838e+02
   5.6516823e+02
   9.7777399e+02
   1.4988806e+03
   2.1024046e+03
   2.7603459e+03
   3.4436200e+03
   4.1229859e+03
   4.7700299e+03
   5.3581649e+03
   5.8636037e+03
   6.2662600e+03
   6.5505341e+03
   6.7059399e+03
   6.7275366e+03
   6.6161348e+03
   6.3782570e+03
   6.0258433e+03
   5.5757065e+03
   5.0487539e+03
   4.4690067e+03
   3.8624598e+03
   3.2558353e+03
   2.6752917e+03
   2.1451550e+03
   1.6867381e+03
   1.3173149e+03
   1.0493107e+03
   8.8976202e+02
   8.4006923e+02
   8.9600874e+02
   1.0480176e+03
   1.2818237e+03
   1.5793652e+03
   1.9198829e+03
   2.2811253e+03
   2.6406146e+03
   2.9769020e+03
   3.2707393e+03
   3.5060973e+03
   3.6709743e+03
   3.7579490e+03
   3.7644544e+03
   3.6927599e+03
   3.5496755e+03
   3.3460014e+03
   3.0957664e+03
   2.8153100e+03
   2.5222664e+03
   2.2345197e+03
   1.9691919e+03
   1.7417235e+03
   1.5650976e+03
   1.4492445e+03
   1.4006498e+03
   1.4221803e+03
   1.5131262e+03
   1.6694482e+03
   1.8841967e+03
   2.1480606e+03
   2.4500042e+03
   2.7779490e+03
   3.1194578e+03
   3.4623817e+03
   3.7954351e+03
   4.1086713e+03
   4.3938416e+03
   4.6446271e+03
   4.8567447e+03
   5.0279336e+03
   5.1578382e+03
   5.2478043e+03
   5.3006140e+03
   5.3201804e+03
   5.3112279e+03
   5.2789772e+03
   5.2288560e+03
   5.1662474e+03
   5.0962883e+03
   5.0237216e+03
   4.9528049e+03
   4.8872717e+03
   4.8303403e+03
   4.7847608e+03
   4.7528927e+03
   4.7367990e+03
   4.7383500e+03
   4.7593243e+03
   4.8015002e+03
   4.8667294e+03
   4.9569900e+03
   5.0744134e+03
   5.2212872e+03
   5.4000316e+03
   5.6131547e+03
   5.8631880e+03
   6.1526077e+03
   6.4837460e+03
   6.8586979e+03
   7.2792276e+03
   7.7466806e+03
   8.2619031e+03
   8.8251749e+03
   9.4361551e+03
   1.0093845e+04
   1.0796566e+04
   1.1541960e+04
   1.2326995e+04
   1.3148002e+04
   1.4000709e+04
   1.4880298e+04
   1.5781469e+04
   1.6698509e+04
   1.7625368e+04
   1.8555743e+04
   1.9483150e+04
   2.0401012e+04
   2.1302733e+04
   2.2181775e+04
   2.3031726e+04
   2.3846365e+04
   2.4619726e+04
   2.5346145e+04
   2.6020315e+04
   2.6637323e+04
   2.7192687e+04
   2.7682389e+04
   2.8102899e+04
   2.8451197e+04
   2.8724791e+04
   2.8921727e+04
   2.9040605e+04
   2.9080579e+04
   2.9041369e+04
   2.8923254e+04
   2.8727076e+04
   2.8454236e+04
   2.8106683e+04
   2.7686908e+04
   2.7197928e+04
   2.6643272e+04
   2.6026954e+04
   2.5353454e+04
   2.4627681e+04
   2.3854940e+04
   2.3040891e+04
   2.2191498e+04
   2.1312977e+04
   2.0411737e+04
   1.9494314e+04
   1.8567301e+04
   1.7637273e+04
   1.6710711e+04
   1.5793917e+04
   1.4892940e+04
   1.4013492e+04
   1.3160874e+04
   1.2339905e+04
   1.1554857e+04
   1.0809403e+04
   1.0106577e+04
   9.4487417e+03
   8.8375792e+03
   8.2740927e+03
   7.7586281e+03
   7.2909110e+03
   6.8701002e+03
   6.4948557e+03
   6.1634180e+03
   5.8736970e+03
   5.6233651e+03
   5.4099500e+03
   5.2309237e+03
   5.0837813e+03
   4.9661052e+03
   4.8756102e+03
   4.8101670e+03
   4.7677994e+03
   4.7466576e+03
   4.7449654e+03
   4.7609463e+03
   4.7927326e+03
   4.8382638e+03
   4.8951837e+03
   4.9607448e+03
   5.0317318e+03
   5.1044134e+03
   5.1745335e+03
   5.2373492e+03
   5.2877220e+03
   5.3202648e+03
   5.3295438e+03
   5.3103285e+03
   5.2578825e+03
   5.1682771e+03
   5.0387121e+03
   4.8678213e+03
   4.6559385e+03
   4.4053020e+03
   4.1201730e+03
   3.8068506e+03
   3.4735670e+03
   3.1302571e+03
   2.7882007e+03
   2.4595479e+03
   2.1567450e+03
   1.8918876e+03
   1.6760371e+03
   1.5185383e+03
   1.4263830e+03
   1.4036583e+03
   1.4511251e+03
   1.5659664e+03
   1.7417410e+03
   1.9685562e+03
   2.2334575e+03
   2.5210229e+03
   2.8141369e+03
   3.0949090e+03
   3.3456843e+03
   3.5500898e+03
   3.6940504e+03
   3.7667099e+03
   3.7611948e+03
   3.6751681e+03
   3.5111294e+03
   3.2764358e+03
   2.9830329e+03
   2.6469045e+03
   2.2872674e+03
   1.9255549e+03
   1.5842467e+03
   1.2856135e+03
   1.0504513e+03
   8.9687699e+02
   8.3923536e+02
   8.8717196e+02
   1.0449894e+03
   1.3113600e+03
   1.6793176e+03
   2.1365038e+03
   2.6657030e+03
   3.2456472e+03
   3.8520391e+03
   4.4587314e+03
   5.0389951e+03
   5.5668113e+03
   6.0181187e+03
   6.3719560e+03
   6.6114460e+03
   6.7245761e+03
   6.7047474e+03
   6.5510723e+03
   6.2684171e+03
   5.8671994e+03
   5.3629592e+03
   4.7757335e+03
   4.1292727e+03
   3.4501401e+03
   2.7667391e+03
   2.1083136e+03
   1.5039630e+03
   9.8171275e+02
   5.6767869e+02
   2.8538949e+02
   1.5534378e+02
   1.9364767e+02
   4.1218283e+02
   8.1981954e+02
   1.4207596e+03
   2.2150155e+03
   3.1987511e+03
   4.3646008e+03
   5.7020595e+03
   7.1979273e+03
   8.8367908e+03
   1.0601520e+04
   1.2473763e+04
   1.4434426e+04
   1.6464124e+04
   1.8543594e+04
   2.0654054e+04
   2.2777528e+04
   2.4897098e+04
   2.6997117e+04
   2.9063361e+04
   3.1083132e+04
   3.3045321e+04
   3.4940419e+04
   3.6760499e+04
   3.8499165e+04
   4.0151473e+04
   4.1713835e+04
   4.3183904e+04
   4.4560449e+04
   4.5843229e+04
   4.7032853e+04
   4.8130649e+04
   4.9138534e+04
   5.0058887e+04
   5.0894428e+04
   5.1648110e+04
   5.2323008e+04
   5.2922233e+04
   5.3448844e+04
   5.3905769e+04
   5.4295742e+04
   5.4621246e+04
   5.4884460e+04
   5.5087225e+04
   5.5231003e+04
   5.5316859e+04
   5.5345440e+04
