   4.3656652e+01
   4.3656351e+01
   4.3655468e+01
   4.3653951e+01
   4.3651711e+01
   4.3648624e+01
   4.3644533e+01
   4.3639242e+01
   4.3632525e+01
   4.3624121e+01
   4.3613733e+01
   4.3601035e+01
   4.3585665e+01
   4.3567233e+01
   4.3545316e+01
   4.3519463e+01
   4.3489194e+01
   4.3454000e+01
   4.3413348e+01
   4.3366680e+01
   4.3313415e+01
   4.3252950e+01
   4.3184663e+01
   4.3107915e+01
   4.3022051e+01
   4.2926404e+01
   4.2820295e+01
   4.2703041e+01
   4.2573949e+01
   4.2432328e+01
   4.2277486e+01
   4.2108737e+01
   4.1925403e+01
   4.1726815e+01
   4.1512322e+01
   4.1281291e+01
   4.1033112e+01
   4.0767201e+01
   4.0483005e+01
   4.0180008e+01
   3.9857730e+01
   3.9515735e+01
   3.9153635e+01
   3.8771092e+01
   3.8367824e+01
   3.7943606e+01
   3.7498276e+01
   3.7031738e+01
   3.6543964e+01
   3.6034998e+01
   3.5504957e+01
   3.4954036e+01
   3.4382508e+01
   3.3790725e+01
   3.3179121e+01
   3.2548210e+01
   3.1898590e+01
   3.1230939e+01
   3.0546017e+01
   2.9844663e+01
   2.9127792e+01
   2.8396396e+01
   2.7651540e+01
   2.6894356e+01
   2.6126042e+01
   2.5347857e+01
   2.4561114e+01
   2.3767178e+01
   2.2967458e+01
   2.2163402e+01
   2.1356488e+01
   2.0548219e+01
   1.9740119e+01
   1.8933717e+01
   1.8130551e+01
   1.7332150e+01
   1.6540032e+01
   1.5755695e+01
   1.4980612e+01
   1.4216218e+01
   1.3463907e+01
   1.2725026e+01
   1.2000865e+01
   1.1292652e+01
   1.0601549e+01
   9.9286426e+00
   9.2749447e+00
   8.6413835e+00
   8.0288017e+00
   7.4379532e+00
   6.8695003e+00
   6.3240122e+00
   5.8019634e+00
   5.3037332e+00
   4.8296058e+00
   4.3797709e+00
   3.9543250e+00
   3.5532732e+00
   3.1765315e+00
   2.8239299e+00
   2.4952158e+00
   2.1900579e+00
   1.9080502e+00
   1.6487171e+00
   1.4115178e+00
   1.1958519e+00
   1.0010646e+00
   8.2645233e-01
   6.7126846e-01
   5.3472886e-01
   4.1601779e-01
   3.1429346e-01
   2.2869373e-01
   1.5834151e-01
   1.0235011e-01
   5.9828335e-02
   2.9885368e-02
   1.1635401e-02
   4.2019632e-03
   6.7219816e-03
   1.8349499e-02
   3.8259039e-02
   6.5648698e-02
   9.9742851e-02
   1.3979453e-01
   1.8508744e-01
   2.3493771e-01
   2.8869519e-01
   3.4574459e-01
   4.0550618e-01
   4.6743632e-01
   5.3102758e-01
   5.9580878e-01
   6.6134462e-01
   7.2723526e-01
   7.9311555e-01
   8.5865421e-01
   9.2355282e-01
   9.8754462e-01
   1.0503933e+00
   1.1118915e+00
   1.1718596e+00
   1.2301441e+00
   1.2866159e+00
   1.3411691e+00
   1.3937191e+00
   1.4442012e+00
   1.4925690e+00
   1.5387927e+00
   1.5828578e+00
   1.6247635e+00
   1.6645213e+00
   1.7021535e+00
   1.7376920e+00
   1.7711773e+00
   1.8026565e+00
   1.8321831e+00
   1.8598154e+00
   1.8856154e+00
   1.9096484e+00
   1.9319815e+00
   1.9526832e+00
   1.9718226e+00
   1.9894686e+00
   2.0056893e+00
   2.0205515e+00
   2.0341202e+00
   2.0464579e+00
   2.0576245e+00
   2.0676768e+00
   2.0766682e+00
   2.0846480e+00
   2.0916620e+00
   2.0977514e+00
   2.1029532e+00
   2.1072995e+00
   2.1108179e+00
   2.1135312e+00
   2.1154571e+00
   2.1166082e+00
   2.1169923e+00
   2.1166119e+00
   2.1154645e+00
   2.1135423e+00
   2.1108327e+00
   2.1073179e+00
   2.1029752e+00
   2.0977771e+00
   2.0916912e+00
   2.0846807e+00
   2.0767043e+00
   2.0677163e+00
   2.0576673e+00
   2.0465039e+00
   2.0341694e+00
   2.0206038e+00
   2.0057446e+00
   1.9895267e+00
   1.9718834e+00
   1.9527466e+00
   1.9320473e+00
   1.9097166e+00
   1.8856857e+00
   1.8598877e+00
   1.8322572e+00
   1.8027322e+00
   1.7712543e+00
   1.7377703e+00
   1.7022327e+00
   1.6646013e+00
   1.6248440e+00
   1.5829386e+00
   1.5388734e+00
   1.4926495e+00
   1.4442811e+00
   1.3937982e+00
   1.3412471e+00
   1.2866925e+00
   1.2302190e+00
   1.1719327e+00
   1.1119623e+00
   1.0504617e+00
   9.8761029e-01
   9.2361553e-01
   8.5871373e-01
   7.9317166e-01
   7.2728777e-01
   6.6139338e-01
   5.9585364e-01
   5.3106844e-01
   4.6747311e-01
   4.0553888e-01
   3.4577319e-01
   2.8871976e-01
   2.3495836e-01
   1.8510434e-01
   1.3980789e-01
   9.9752958e-02
   6.5655896e-02
   3.8263741e-02
   1.8352184e-02
   6.7232013e-03
   4.2023584e-03
   1.1635683e-02
   2.9886305e-02
   5.9830783e-02
   1.0235501e-01
   1.5834987e-01
   2.2870663e-01
   3.1431206e-01
   4.1604332e-01
   5.3476264e-01
   6.7131183e-01
   8.2650674e-01
   1.0011315e+00
   1.1959328e+00
   1.4116144e+00
   1.6488309e+00
   1.9081829e+00
   2.1902111e+00
   2.4953912e+00
   2.8241292e+00
   3.1767563e+00
   3.5535253e+00
   3.9546060e+00
   4.3800824e+00
   4.8299493e+00
   5.3041102e+00
   5.8023753e+00
   6.3244605e+00
   6.8699862e+00
   7.4384779e+00
   8.0293664e+00
   8.6419891e+00
   9.2755920e+00
   9.9293324e+00
   1.0602282e+01
   1.1293429e+01
   1.2001686e+01
   1.2725891e+01
   1.3464816e+01
   1.4217171e+01
   1.4981608e+01
   1.5756735e+01
   1.6541114e+01
   1.7333275e+01
   1.8131717e+01
   1.8934924e+01
   1.9741364e+01
   2.0549503e+01
   2.1357808e+01
   2.2164757e+01
   2.2968847e+01
   2.3768598e+01
   2.4562564e+01
   2.5349334e+01
   2.6127546e+01
   2.6895883e+01
   2.7653089e+01
   2.8397965e+01
   2.9129378e+01
   2.9846264e+01
   3.0547631e+01
   3.1232563e+01
   3.1900222e+01
   3.2549847e+01
   3.3180761e+01
   3.3792367e+01
   3.4384149e+01
   3.4955674e+01
   3.5506589e+01
   3.6036622e+01
   3.6545579e+01
   3.7033341e+01
   3.7499865e+01
   3.7945180e+01
   3.8369380e+01
   3.8772629e+01
   3.9155151e+01
   3.9517228e+01
   3.9859199e+01
   4.0181452e+01
   4.0484423e+01
   4.0768591e+01
   4.1034473e+01
   4.1282622e+01
   4.1513621e+01
   4.1728082e+01
   4.1926636e+01
   4.2109937e+01
   4.2278651e+01
   4.2433457e+01
   4.2575043e+01
   4.2704098e+01
   4.2821316e+01
   4.2927386e+01
   4.3022996e+01
   4.3108821e+01
   4.3185531e+01
   4.3253779e+01
   4.3314206e+01
   4.3367432e+01
   4.3414060e+01
   4.3454673e+01
   4.3489827e+01
   4.3520057e+01
   4.3545871e+01
   4.3567748e+01
   4.3586140e+01
   4.3601470e+01
   4.3614129e+01
   4.3624477e+01
   4.3632842e+01
   4.3639519e+01
   4.3644770e+01
   4.3648822e+01
   4.3651869e+01
   4.3654070e+01
   4.3655547e+01
   4.3656390e+01
   4.3656652e+01
