   1.8710830e-04
   1.8710823e-04
   1.8710810e-04
   1.8710789e-04
   1.8710761e-04
   1.8710725e-04
   1.8710679e-04
   1.8710623e-04
   1.8710556e-04
   1.8710475e-04
   1.8710380e-04
   1.8710268e-04
   1.8710137e-04
   1.8709985e-04
   1.8709810e-04
   1.8709609e-04
   1.8709380e-04
   1.8709119e-04
   1.8708823e-04
   1.8708489e-04
   1.8708113e-04
   1.8707693e-04
   1.8707224e-04
   1.8706703e-04
   1.8706125e-04
   1.8705487e-04
   1.8704784e-04
   1.8704012e-04
   1.8703167e-04
   1.8702244e-04
   1.8701238e-04
   1.8700145e-04
   1.8698961e-04
   1.8697679e-04
   1.8696296e-04
   1.8694806e-04
   1.8693205e-04
   1.8691488e-04
   1.8689649e-04
   1.8687683e-04
   1.8685586e-04
   1.8683352e-04
   1.8680977e-04
   1.8678455e-04
   1.8675782e-04
   1.8672951e-04
   1.8669960e-04
   1.8666802e-04
   1.8663473e-04
   1.8659968e-04
   1.8656283e-04
   1.8652413e-04
   1.8648354e-04
   1.8644101e-04
   1.8639650e-04
   1.8634997e-04
   1.8630139e-04
   1.8625070e-04
   1.8619788e-04
   1.8614289e-04
   1.8608570e-04
   1.8602628e-04
   1.8596459e-04
   1.8590061e-04
   1.8583431e-04
   1.8576567e-04
   1.8569467e-04
   1.8562128e-04
   1.8554549e-04
   1.8546728e-04
   1.8538664e-04
   1.8530357e-04
   1.8521804e-04
   1.8513005e-04
   1.8503961e-04
   1.8494671e-04
   1.8485134e-04
   1.8475353e-04
   1.8465326e-04
   1.8455056e-04
   1.8444543e-04
   1.8433789e-04
   1.8422795e-04
   1.8411564e-04
   1.8400098e-04
   1.8388400e-04
   1.8376471e-04
   1.8364316e-04
   1.8351938e-04
   1.8339340e-04
   1.8326526e-04
   1.8313501e-04
   1.8300268e-04
   1.8286833e-04
   1.8273200e-04
   1.8259375e-04
   1.8245364e-04
   1.8231171e-04
   1.8216803e-04
   1.8202266e-04
   1.8187566e-04
   1.8172710e-04
   1.8157706e-04
   1.8142559e-04
   1.8127278e-04
   1.8111869e-04
   1.8096342e-04
   1.8080702e-04
   1.8064959e-04
   1.8049121e-04
   1.8033197e-04
   1.8017194e-04
   1.8001121e-04
   1.7984989e-04
   1.7968805e-04
   1.7952578e-04
   1.7936319e-04
   1.7920036e-04
   1.7903739e-04
   1.7887438e-04
   1.7871142e-04
   1.7854861e-04
   1.7838606e-04
   1.7822384e-04
   1.7806208e-04
   1.7790087e-04
   1.7774030e-04
   1.7758048e-04
   1.7742151e-04
   1.7726350e-04
   1.7710653e-04
   1.7695071e-04
   1.7679614e-04
   1.7664293e-04
   1.7649117e-04
   1.7634095e-04
   1.7619238e-04
   1.7604556e-04
   1.7590058e-04
   1.7575754e-04
   1.7561653e-04
   1.7547765e-04
   1.7534099e-04
   1.7520664e-04
   1.7507469e-04
   1.7494523e-04
   1.7481834e-04
   1.7469412e-04
   1.7457265e-04
   1.7445401e-04
   1.7433828e-04
   1.7422553e-04
   1.7411586e-04
   1.7400932e-04
   1.7390600e-04
   1.7380596e-04
   1.7370928e-04
   1.7361602e-04
   1.7352624e-04
   1.7344001e-04
   1.7335739e-04
   1.7327843e-04
   1.7320318e-04
   1.7313171e-04
   1.7306405e-04
   1.7300026e-04
   1.7294038e-04
   1.7288446e-04
   1.7283252e-04
   1.7278461e-04
   1.7274076e-04
   1.7270100e-04
   1.7266536e-04
   1.7263387e-04
   1.7260653e-04
   1.7258338e-04
   1.7256444e-04
   1.7254970e-04
   1.7253919e-04
   1.7253291e-04
   1.7253086e-04
   1.7253306e-04
   1.7253948e-04
   1.7255014e-04
   1.7256502e-04
   1.7258412e-04
   1.7260741e-04
   1.7263489e-04
   1.7266653e-04
   1.7270232e-04
   1.7274222e-04
   1.7278621e-04
   1.7283427e-04
   1.7288634e-04
   1.7294241e-04
   1.7300243e-04
   1.7306636e-04
   1.7313415e-04
   1.7320576e-04
   1.7328114e-04
   1.7336023e-04
   1.7344299e-04
   1.7352935e-04
   1.7361926e-04
   1.7371265e-04
   1.7380946e-04
   1.7390962e-04
   1.7401306e-04
   1.7411972e-04
   1.7422951e-04
   1.7434237e-04
   1.7445822e-04
   1.7457697e-04
   1.7469855e-04
   1.7482288e-04
   1.7494987e-04
   1.7507944e-04
   1.7521149e-04
   1.7534594e-04
   1.7548270e-04
   1.7562167e-04
   1.7576277e-04
   1.7590590e-04
   1.7605097e-04
   1.7619787e-04
   1.7634652e-04
   1.7649682e-04
   1.7664866e-04
   1.7680194e-04
   1.7695658e-04
   1.7711246e-04
   1.7726950e-04
   1.7742758e-04
   1.7758660e-04
   1.7774648e-04
   1.7790710e-04
   1.7806836e-04
   1.7823017e-04
   1.7839243e-04
   1.7855503e-04
   1.7871788e-04
   1.7888087e-04
   1.7904392e-04
   1.7920692e-04
   1.7936977e-04
   1.7953239e-04
   1.7969467e-04
   1.7985653e-04
   1.8001788e-04
   1.8017861e-04
   1.8033865e-04
   1.8049790e-04
   1.8065629e-04
   1.8081372e-04
   1.8097011e-04
   1.8112539e-04
   1.8127946e-04
   1.8143227e-04
   1.8158372e-04
   1.8173375e-04
   1.8188229e-04
   1.8202927e-04
   1.8217462e-04
   1.8231827e-04
   1.8246018e-04
   1.8260026e-04
   1.8273848e-04
   1.8287477e-04
   1.8300909e-04
   1.8314137e-04
   1.8327159e-04
   1.8339968e-04
   1.8352562e-04
   1.8364936e-04
   1.8377086e-04
   1.8389009e-04
   1.8400703e-04
   1.8412163e-04
   1.8423389e-04
   1.8434377e-04
   1.8445125e-04
   1.8455632e-04
   1.8465896e-04
   1.8475916e-04
   1.8485691e-04
   1.8495221e-04
   1.8504505e-04
   1.8513542e-04
   1.8522334e-04
   1.8530879e-04
   1.8539180e-04
   1.8547237e-04
   1.8555050e-04
   1.8562622e-04
   1.8569953e-04
   1.8577046e-04
   1.8583903e-04
   1.8590525e-04
   1.8596915e-04
   1.8603076e-04
   1.8609011e-04
   1.8614722e-04
   1.8620213e-04
   1.8625487e-04
   1.8630548e-04
   1.8635398e-04
   1.8640043e-04
   1.8644486e-04
   1.8648731e-04
   1.8652783e-04
   1.8656645e-04
   1.8660322e-04
   1.8663818e-04
   1.8667139e-04
   1.8670289e-04
   1.8673273e-04
   1.8676095e-04
   1.8678761e-04
   1.8681275e-04
   1.8683642e-04
   1.8685868e-04
   1.8687958e-04
   1.8689915e-04
   1.8691747e-04
   1.8693457e-04
   1.8695050e-04
   1.8696532e-04
   1.8697907e-04
   1.8699181e-04
   1.8700359e-04
   1.8701444e-04
   1.8702442e-04
   1.8703358e-04
   1.8704196e-04
   1.8704961e-04
   1.8705657e-04
   1.8706288e-04
   1.8706858e-04
   1.8707372e-04
   1.8707834e-04
   1.8708247e-04
   1.8708616e-04
   1.8708943e-04
   1.8709232e-04
   1.8709486e-04
   1.8709709e-04
   1.8709903e-04
   1.8710071e-04
   1.8710216e-04
   1.8710340e-04
   1.8710446e-04
   1.8710534e-04
   1.8710608e-04
   1.8710669e-04
   1.8710719e-04
   1.8710758e-04
   1.8710787e-04
   1.8710809e-04
   1.8710823e-04
   1.8710830e-04
   1.8710830e-04
