   4.6698936e+04
   4.6691499e+04
   4.6669217e+04
   4.6631538e+04
   4.6577541e+04
   4.6505949e+04
   4.6415131e+04
   4.6303114e+04
   4.6167603e+04
   4.6005988e+04
   4.5815377e+04
   4.5592613e+04
   4.5334309e+04
   4.5036882e+04
   4.4696597e+04
   4.4309614e+04
   4.3872042e+04
   4.3380001e+04
   4.2829690e+04
   4.2217459e+04
   4.1539894e+04
   4.0793902e+04
   3.9976800e+04
   3.9086413e+04
   3.8121173e+04
   3.7080213e+04
   3.5963465e+04
   3.4771753e+04
   3.3506876e+04
   3.2171686e+04
   3.0770146e+04
   2.9307377e+04
   2.7789683e+04
   2.6224551e+04
   2.4620626e+04
   2.2987655e+04
   2.1336403e+04
   1.9678532e+04
   1.8026450e+04
   1.6393124e+04
   1.4791864e+04
   1.3236080e+04
   1.1739014e+04
   1.0313450e+04
   8.9714237e+03
   7.7239167e+03
   6.5805690e+03
   5.5494011e+03
   4.6365663e+03
   3.8461405e+03
   3.1799591e+03
   2.6375118e+03
   2.2159015e+03
   1.9098729e+03
   1.7119162e+03
   1.6124436e+03
   1.6000387e+03
   1.6617721e+03
   1.7835744e+03
   1.9506557e+03
   2.1479564e+03
   2.3606138e+03
   2.5744250e+03
   2.7762898e+03
   2.9546123e+03
   3.0996463e+03
   3.2037675e+03
   3.2616612e+03
   3.2704160e+03
   3.2295187e+03
   3.1407521e+03
   3.0079989e+03
   2.8369612e+03
   2.6348111e+03
   2.4097877e+03
   2.1707606e+03
   1.9267831e+03
   1.6866547e+03
   1.4585156e+03
   1.2494919e+03
   1.0654074e+03
   9.1057469e+02
   7.8767256e+02
   6.9771315e+02
   6.4009610e+02
   6.1274289e+02
   6.1230025e+02
   6.3439803e+02
   6.7394460e+02
   7.2544136e+02
   7.8329811e+02
   8.4213154e+02
   8.9703150e+02
   9.4378203e+02
   9.7902815e+02
   1.0003825e+03
   1.0064706e+03
   9.9691635e+02
   9.7227370e+02
   9.3391256e+02
   8.8386920e+02
   8.2467284e+02
   7.5916054e+02
   6.9029200e+02
   6.2097493e+02
   5.5391017e+02
   4.9146347e+02
   4.3556876e+02
   3.8766522e+02
   3.4866838e+02
   3.1897328e+02
   2.9848609e+02
   2.8667929e+02
   2.8266455e+02
   2.8527737e+02
   2.9316709e+02
   3.0488670e+02
   3.1897747e+02
   3.3404409e+02
   3.4881765e+02
   3.6220409e+02
   3.7331769e+02
   3.8149948e+02
   3.8632155e+02
   3.8757904e+02
   3.8527184e+02
   3.7957830e+02
   3.7082362e+02
   3.5944520e+02
   3.4595727e+02
   3.3091665e+02
   3.1489134e+02
   2.9843297e+02
   2.8205407e+02
   2.6621041e+02
   2.5128865e+02
   2.3759891e+02
   2.2537200e+02
   2.1476057e+02
   2.0584358e+02
   1.9863332e+02
   1.9308417e+02
   1.8910251e+02
   1.8655705e+02
   1.8528910e+02
   1.8512229e+02
   1.8587148e+02
   1.8735052e+02
   1.8937882e+02
   1.9178660e+02
   1.9441890e+02
   1.9713831e+02
   1.9982670e+02
   2.0238592e+02
   2.0473764e+02
   2.0682264e+02
   2.0859952e+02
   2.1004306e+02
   2.1114234e+02
   2.1189878e+02
   2.1232409e+02
   2.1243831e+02
   2.1226798e+02
   2.1184438e+02
   2.1120203e+02
   2.1037734e+02
   2.0940744e+02
   2.0832925e+02
   2.0717868e+02
   2.0599000e+02
   2.0479540e+02
   2.0362464e+02
   2.0250480e+02
   2.0146014e+02
   2.0051202e+02
   1.9967887e+02
   1.9897618e+02
   1.9841657e+02
   1.9800978e+02
   1.9776273e+02
   1.9767956e+02
   1.9776165e+02
   1.9800761e+02
   1.9841330e+02
   1.9897178e+02
   1.9967329e+02
   2.0050523e+02
   2.0145207e+02
   2.0249538e+02
   2.0361379e+02
   2.0478302e+02
   2.0597599e+02
   2.0716292e+02
   2.0831163e+02
   2.0938781e+02
   2.1035555e+02
   2.1117794e+02
   2.1181783e+02
   2.1223882e+02
   2.1240638e+02
   2.1228924e+02
   2.1186088e+02
   2.1110127e+02
   2.0999871e+02
   2.0855184e+02
   2.0677160e+02
   2.0468326e+02
   2.0232826e+02
   1.9976591e+02
   1.9707456e+02
   1.9435246e+02
   1.9171782e+02
   1.8930810e+02
   1.8727835e+02
   1.8579842e+02
   1.8504896e+02
   1.8521617e+02
   1.8648524e+02
   1.8903257e+02
   1.9301683e+02
   1.9856931e+02
   2.0578358e+02
   2.1470518e+02
   2.2532173e+02
   2.3755413e+02
   2.5124956e+02
   2.6617705e+02
   2.8202626e+02
   2.9841034e+02
   3.1487329e+02
   3.3090237e+02
   3.4594575e+02
   3.5943529e+02
   3.7081401e+02
   3.7956763e+02
   3.8525872e+02
   3.8756212e+02
   3.8629960e+02
   3.8147149e+02
   3.7328290e+02
   3.6216208e+02
   3.4876841e+02
   3.3398804e+02
   3.1891548e+02
   3.0482014e+02
   2.9309772e+02
   2.8520738e+02
   2.8259642e+02
   2.8661572e+02
   2.9842988e+02
   3.1892714e+02
   3.4863482e+02
   3.8764641e+02
   4.3556633e+02
   4.9147841e+02
   5.5394272e+02
   6.2102450e+02
   6.9035714e+02
   7.5923896e+02
   8.2476147e+02
   8.8396433e+02
   9.3400999e+02
   9.7236896e+02
   9.9700496e+02
   1.0065484e+03
   1.0004457e+03
   9.7907387e+02
   9.4380848e+02
   8.9703813e+02
   8.4211923e+02
   7.8326923e+02
   7.2539982e+02
   6.7389575e+02
   6.3434849e+02
   6.1225768e+02
   6.1271568e+02
   6.4009298e+02
   6.9774278e+02
   7.8774310e+02
   9.1069336e+02
   1.0655801e+03
   1.2497227e+03
   1.4588067e+03
   1.6870059e+03
   1.9271922e+03
   2.1712227e+03
   2.4102960e+03
   2.6353568e+03
   2.8375338e+03
   3.0085868e+03
   3.1413431e+03
   3.2301003e+03
   3.2709763e+03
   3.2621895e+03
   3.2042545e+03
   3.1000849e+03
   2.9549982e+03
   2.7766213e+03
   2.5747037e+03
   2.3608446e+03
   2.1481476e+03
   1.9508187e+03
   1.7837236e+03
   1.6619246e+03
   1.6002139e+03
   1.6126626e+03
   1.7122012e+03
   1.9102470e+03
   2.2163875e+03
   2.6381324e+03
   3.1807355e+03
   3.8470925e+03
   4.6377116e+03
   5.5507549e+03
   6.5821437e+03
   7.7257216e+03
   8.9734650e+03
   1.0315731e+04
   1.1741534e+04
   1.3238835e+04
   1.4794848e+04
   1.6396327e+04
   1.8029860e+04
   1.9682135e+04
   2.1340182e+04
   2.2991592e+04
   2.4624702e+04
   2.6228745e+04
   2.7793973e+04
   2.9311741e+04
   3.0774563e+04
   3.2176135e+04
   3.3511335e+04
   3.4776201e+04
   3.5967883e+04
   3.7084581e+04
   3.8125474e+04
   3.9090629e+04
   3.9980915e+04
   4.0797903e+04
   4.1543767e+04
   4.2221192e+04
   4.2833272e+04
   4.3383423e+04
   4.3875295e+04
   4.4312690e+04
   4.4699490e+04
   4.5039586e+04
   4.5336819e+04
   4.5594926e+04
   4.5817488e+04
   4.6007895e+04
   4.6169302e+04
   4.6304605e+04
   4.6416411e+04
   4.6507018e+04
   4.6578398e+04
   4.6632181e+04
   4.6669646e+04
   4.6691713e+04
   4.6698936e+04
