   4.5856206e+03
   4.5857188e+03
   4.5860023e+03
   4.5864482e+03
   4.5870186e+03
   4.5876603e+03
   4.5883051e+03
   4.5888698e+03
   4.5892565e+03
   4.5893521e+03
   4.5890295e+03
   4.5881470e+03
   4.5865492e+03
   4.5840669e+03
   4.5805180e+03
   4.5757081e+03
   4.5694307e+03
   4.5614687e+03
   4.5515949e+03
   4.5395736e+03
   4.5251611e+03
   4.5081081e+03
   4.4881607e+03
   4.4650626e+03
   4.4385569e+03
   4.4083885e+03
   4.3743064e+03
   4.3360665e+03
   4.2934341e+03
   4.2461872e+03
   4.1941195e+03
   4.1370433e+03
   4.0747934e+03
   4.0072303e+03
   3.9342432e+03
   3.8557542e+03
   3.7717207e+03
   3.6821395e+03
   3.5870489e+03
   3.4865325e+03
   3.3807206e+03
   3.2697929e+03
   3.1539800e+03
   3.0335646e+03
   2.9088816e+03
   2.7803184e+03
   2.6483141e+03
   2.5133577e+03
   2.3759860e+03
   2.2367806e+03
   2.0963635e+03
   1.9553932e+03
   1.8145584e+03
   1.6745722e+03
   1.5361651e+03
   1.4000775e+03
   1.2670510e+03
   1.1378209e+03
   1.0131063e+03
   8.9360147e+02
   7.7996675e+02
   6.7281941e+02
   5.7272496e+02
   4.8018882e+02
   3.9564861e+02
   3.1946720e+02
   2.5192669e+02
   1.9322341e+02
   1.4346415e+02
   1.0266362e+02
   7.0743337e+01
   4.7531919e+01
   3.2766814e+01
   2.6097525e+01
   2.7090250e+01
   3.5233883e+01
   4.9947309e+01
   7.0587839e+01
   9.6460661e+01
   1.2682913e+02
   1.6092573e+02
   1.9796341e+02
   2.3714729e+02
   2.7768618e+02
   3.1880411e+02
   3.5975123e+02
   3.9981421e+02
   4.3832575e+02
   4.7467317e+02
   5.0830572e+02
   5.3874081e+02
   5.6556876e+02
   5.8845620e+02
   6.0714801e+02
   6.2146789e+02
   6.3131746e+02
   6.3667409e+02
   6.3758755e+02
   6.3417538e+02
   6.2661749e+02
   6.1514979e+02
   6.0005721e+02
   5.8166625e+02
   5.6033715e+02
   5.3645597e+02
   5.1042667e+02
   4.8266332e+02
   4.5358270e+02
   4.2359728e+02
   3.9310875e+02
   3.6250222e+02
   3.3214111e+02
   3.0236278e+02
   2.7347496e+02
   2.4575298e+02
   2.1943781e+02
   1.9473477e+02
   1.7181310e+02
   1.5080608e+02
   1.3181184e+02
   1.1489471e+02
   1.0008696e+02
   8.7391048e+01
   7.6782082e+01
   6.8210594e+01
   6.1605421e+01
   5.6876712e+01
   5.3918937e+01
   5.2613885e+01
   5.2833559e+01
   5.4442947e+01
   5.7302634e+01
   6.1271203e+01
   6.6207425e+01
   7.1972213e+01
   7.8430337e+01
   8.5451880e+01
   9.2913466e+01
   1.0069924e+02
   1.0870162e+02
   1.1682185e+02
   1.2497034e+02
   1.3306684e+02
   1.4104045e+02
   1.4882947e+02
   1.5638119e+02
   1.6365149e+02
   1.7060445e+02
   1.7721182e+02
   1.8345248e+02
   1.8931188e+02
   1.9478141e+02
   1.9985782e+02
   2.0454260e+02
   2.0884139e+02
   2.1276341e+02
   2.1632091e+02
   2.1952867e+02
   2.2240346e+02
   2.2496367e+02
   2.2722883e+02
   2.2921925e+02
   2.3095571e+02
   2.3245913e+02
   2.3375029e+02
   2.3484965e+02
   2.3577707e+02
   2.3655169e+02
   2.3719177e+02
   2.3771455e+02
   2.3813614e+02
   2.3847148e+02
   2.3873419e+02
   2.3893661e+02
   2.3908966e+02
   2.3920290e+02
   2.3928442e+02
   2.3934087e+02
   2.3937744e+02
   2.3939785e+02
   2.3940431e+02
   2.3939757e+02
   2.3937689e+02
   2.3934004e+02
   2.3928331e+02
   2.3920151e+02
   2.3908800e+02
   2.3893466e+02
   2.3873197e+02
   2.3846899e+02
   2.3813338e+02
   2.3771152e+02
   2.3718848e+02
   2.3654813e+02
   2.3577325e+02
   2.3484558e+02
   2.3374598e+02
   2.3245457e+02
   2.3095092e+02
   2.2921424e+02
   2.2722361e+02
   2.2495825e+02
   2.2239786e+02
   2.1952289e+02
   2.1631498e+02
   2.1275734e+02
   2.0883521e+02
   2.0453632e+02
   1.9985147e+02
   1.9477502e+02
   1.8930547e+02
   1.8344607e+02
   1.7720545e+02
   1.7059814e+02
   1.6364527e+02
   1.5637509e+02
   1.4882352e+02
   1.4103467e+02
   1.3306126e+02
   1.2496499e+02
   1.1681675e+02
   1.0869678e+02
   1.0069468e+02
   9.2909202e+01
   8.5447911e+01
   7.8426662e+01
   7.1968824e+01
   6.6204307e+01
   6.1268335e+01
   5.7299987e+01
   5.4440482e+01
   5.2831229e+01
   5.2611637e+01
   5.3916708e+01
   5.6874431e+01
   6.1603012e+01
   6.8207972e+01
   7.6779159e+01
   8.7387730e+01
   1.0008316e+02
   1.1489032e+02
   1.3180677e+02
   1.5080022e+02
   1.7180638e+02
   1.9472711e+02
   2.1942914e+02
   2.4574324e+02
   2.7346410e+02
   3.0235078e+02
   3.3212796e+02
   3.6248793e+02
   3.9309336e+02
   4.2358084e+02
   4.5356529e+02
   4.8264504e+02
   5.1040766e+02
   5.3643638e+02
   5.6031714e+02
   5.8164601e+02
   6.0003694e+02
   6.1512971e+02
   6.2659783e+02
   6.3415638e+02
   6.3756944e+02
   6.3665711e+02
   6.3130181e+02
   6.2145379e+02
   6.0713564e+02
   5.8844572e+02
   5.6556031e+02
   5.3873448e+02
   5.0830156e+02
   4.7467120e+02
   4.3832596e+02
   3.9981650e+02
   3.5975549e+02
   3.1881017e+02
   2.7769381e+02
   2.3715623e+02
   1.9797335e+02
   1.6093631e+02
   1.2683997e+02
   9.6471332e+01
   7.0597894e+01
   4.9956278e+01
   3.5241282e+01
   2.7095587e+01
   2.6100308e+01
   3.2766552e+01
   4.7528137e+01
   7.0735578e+01
   1.0265145e+02
   1.4344718e+02
   1.9320127e+02
   2.5189907e+02
   3.1943383e+02
   3.9560925e+02
   4.8014331e+02
   5.7267318e+02
   6.7276129e+02
   7.7990228e+02
   8.9353070e+02
   1.0130293e+03
   1.1377379e+03
   1.2669621e+03
   1.3999829e+03
   1.5360652e+03
   1.6744673e+03
   1.8144487e+03
   1.9552792e+03
   2.0962456e+03
   2.2366592e+03
   2.3758615e+03
   2.5132306e+03
   2.6481848e+03
   2.7801873e+03
   2.9087492e+03
   3.0334313e+03
   3.1538463e+03
   3.2696591e+03
   3.3805872e+03
   3.4863998e+03
   3.5869174e+03
   3.6820093e+03
   3.7715924e+03
   3.8556279e+03
   3.9341192e+03
   4.0071088e+03
   4.0746748e+03
   4.1369276e+03
   4.1940070e+03
   4.2460781e+03
   4.2933284e+03
   4.3359644e+03
   4.3742080e+03
   4.4082938e+03
   4.4384660e+03
   4.4649756e+03
   4.4880776e+03
   4.5080289e+03
   4.5250859e+03
   4.5395023e+03
   4.5515277e+03
   4.5614053e+03
   4.5693713e+03
   4.5756526e+03
   4.5804664e+03
   4.5840191e+03
   4.5865052e+03
   4.5881069e+03
   4.5889931e+03
   4.5893195e+03
   4.5892275e+03
   4.5888446e+03
   4.5882835e+03
   4.5876423e+03
   4.5870042e+03
   4.5864374e+03
   4.5859951e+03
   4.5857152e+03
   4.5856206e+03
