   6.1577305e+04
   6.1566132e+04
   6.1532562e+04
   6.1476121e+04
   6.1396026e+04
   6.1291186e+04
   6.1160213e+04
   6.1001426e+04
   6.0812870e+04
   6.0592328e+04
   6.0337337e+04
   6.0045213e+04
   5.9713072e+04
   5.9337861e+04
   5.8916389e+04
   5.8445361e+04
   5.7921422e+04
   5.7341200e+04
   5.6701355e+04
   5.5998633e+04
   5.5229921e+04
   5.4392313e+04
   5.3483172e+04
   5.2500196e+04
   5.1441494e+04
   5.0305650e+04
   4.9091799e+04
   4.7799697e+04
   4.6429788e+04
   4.4983270e+04
   4.3462149e+04
   4.1869294e+04
   4.0208480e+04
   3.8484411e+04
   3.6702743e+04
   3.4870085e+04
   3.2993980e+04
   3.1082874e+04
   2.9146062e+04
   2.7193614e+04
   2.5236281e+04
   2.3285374e+04
   2.1352635e+04
   1.9450075e+04
   1.7589805e+04
   1.5783847e+04
   1.4043933e+04
   1.2381304e+04
   1.0806495e+04
   9.3291299e+03
   7.9577222e+03
   6.6994856e+03
   5.5601666e+03
   4.5439008e+03
   3.6530976e+03
   2.8883611e+03
   2.2484487e+03
   1.7302716e+03
   1.3289396e+03
   1.0378503e+03
   8.4882249e+02
   7.5227213e+02
   7.3742608e+02
   7.9257018e+02
   9.0532425e+02
   1.0629371e+03
   1.2525926e+03
   1.4617186e+03
   1.6782876e+03
   1.8911015e+03
   2.0900496e+03
   2.2663323e+03
   2.4126433e+03
   2.5233031e+03
   2.5943407e+03
   2.6235206e+03
   2.6103144e+03
   2.5558187e+03
   2.4626231e+03
   2.3346340e+03
   2.1768604e+03
   1.9951713e+03
   1.7960336e+03
   1.5862409e+03
   1.3726432e+03
   1.1618877e+03
   9.6018077e+02
   7.7307738e+02
   6.0530735e+02
   4.6064167e+02
   3.4180313e+02
   2.5042243e+02
   1.8703924e+02
   1.5114582e+02
   1.4126909e+02
   1.5508584e+02
   1.8956434e+02
   2.4112507e+02
   3.0581295e+02
   3.7947306e+02
   4.5792274e+02
   5.3711296e+02
   6.1327326e+02
   6.8303538e+02
   7.4353208e+02
   7.9246895e+02
   8.2816821e+02
   8.4958506e+02
   8.5629797e+02
   8.4847546e+02
   8.2682280e+02
   7.9251230e+02
   7.4710171e+02
   6.9244486e+02
   6.3059903e+02
   5.6373290e+02
   4.9403889e+02
   4.2365276e+02
   3.5458311e+02
   2.8865241e+02
   2.2745077e+02
   1.7230291e+02
   1.2424813e+02
   8.4032771e+01
   5.2113864e+01
   2.8672796e+01
   1.3637136e+01
   6.7089387e+00
   7.3976756e+00
   1.5055985e+01
   2.8916606e+01
   4.8128981e+01
   7.1794215e+01
   9.8997360e+01
   1.2883620e+02
   1.6044598e+02
   1.9301974e+02
   2.2582410e+02
   2.5821071e+02
   2.8962335e+02
   3.1960129e+02
   3.4777912e+02
   3.7388372e+02
   3.9772886e+02
   4.1920788e+02
   4.3828510e+02
   4.5498632e+02
   4.6938897e+02
   4.8161222e+02
   4.9180735e+02
   5.0014870e+02
   5.0682539e+02
   5.1203389e+02
   5.1597160e+02
   5.1883142e+02
   5.2079735e+02
   5.2204102e+02
   5.2271921e+02
   5.2297215e+02
   5.2292258e+02
   5.2267543e+02
   5.2231812e+02
   5.2192121e+02
   5.2153947e+02
   5.2121313e+02
   5.2096942e+02
   5.2082413e+02
   5.2078326e+02
   5.2084464e+02
   5.2099957e+02
   5.2123433e+02
   5.2153160e+02
   5.2187181e+02
   5.2223431e+02
   5.2259843e+02
   5.2294445e+02
   5.2325434e+02
   5.2351246e+02
   5.2370613e+02
   5.2382596e+02
   5.2386623e+02
   5.2382499e+02
   5.2370420e+02
   5.2350958e+02
   5.2325051e+02
   5.2293969e+02
   5.2259277e+02
   5.2222776e+02
   5.2186441e+02
   5.2152337e+02
   5.2122531e+02
   5.2098980e+02
   5.2083416e+02
   5.2077213e+02
   5.2081240e+02
   5.2095714e+02
   5.2120036e+02
   5.2152627e+02
   5.2190765e+02
   5.2230427e+02
   5.2266136e+02
   5.2290836e+02
   5.2295787e+02
   5.2270493e+02
   5.2202681e+02
   5.2078329e+02
   5.1881759e+02
   5.1595805e+02
   5.1202069e+02
   5.0681260e+02
   5.0013638e+02
   4.9179553e+02
   4.8160095e+02
   4.6937827e+02
   4.5497620e+02
   4.3827557e+02
   4.1919895e+02
   3.9772051e+02
   3.7387594e+02
   3.4777189e+02
   3.1959458e+02
   2.8961712e+02
   2.5820493e+02
   2.2581875e+02
   1.9301480e+02
   1.6044145e+02
   1.2883209e+02
   9.8993696e+01
   7.1791057e+01
   4.8126418e+01
   2.8914756e+01
   1.5055001e+01
   7.3977447e+00
   6.7102921e+00
   1.3640039e+01
   2.8677534e+01
   5.2120745e+01
   8.4042123e+01
   1.2426029e+02
   1.7231819e+02
   2.2746949e+02
   2.8867483e+02
   3.5460946e+02
   4.2368318e+02
   4.9407345e+02
   5.6377158e+02
   6.3064169e+02
   6.9249124e+02
   7.4715144e+02
   7.9256488e+02
   8.2687762e+02
   8.4853182e+02
   8.5635506e+02
   8.4964204e+02
   8.2822418e+02
   7.9252304e+02
   7.4358346e+02
   6.8308330e+02
   6.1331712e+02
   5.3715233e+02
   4.5795740e+02
   3.7950303e+02
   3.0583853e+02
   2.4114687e+02
   1.8958324e+02
   1.5510305e+02
   1.4128606e+02
   1.5116426e+02
   1.8706106e+02
   2.5044966e+02
   3.4183787e+02
   4.6068602e+02
   6.0536331e+02
   7.7314676e+02
   9.6026513e+02
   1.1619883e+03
   1.3727607e+03
   1.5863757e+03
   1.7961855e+03
   1.9953395e+03
   2.1770436e+03
   2.3348304e+03
   2.4628304e+03
   2.5560341e+03
   2.6105350e+03
   2.6237430e+03
   2.5945615e+03
   2.5235189e+03
   2.4128509e+03
   2.2665288e+03
   2.0902324e+03
   1.8912688e+03
   1.6784381e+03
   1.4618517e+03
   1.2527089e+03
   1.0630378e+03
   9.0541171e+02
   7.9264761e+02
   7.3749764e+02
   7.5234286e+02
   8.4889825e+02
   1.0379376e+03
   1.3290457e+03
   1.7304040e+03
   2.2486153e+03
   2.8885700e+03
   3.6533567e+03
   4.5442180e+03
   5.5605494e+03
   6.6999409e+03
   7.9582565e+03
   9.3297488e+03
   1.0807203e+04
   1.2382105e+04
   1.4044831e+04
   1.5784842e+04
   1.7590900e+04
   1.9451268e+04
   2.1353925e+04
   2.3286758e+04
   2.5237756e+04
   2.7195176e+04
   2.9147706e+04
   3.1084593e+04
   3.2995769e+04
   3.4871936e+04
   3.6704649e+04
   3.8486363e+04
   4.0210470e+04
   4.1871315e+04
   4.3464191e+04
   4.4985325e+04
   4.6431848e+04
   4.7801753e+04
   4.9093842e+04
   5.0307673e+04
   5.1443490e+04
   5.2502158e+04
   5.3485091e+04
   5.4394184e+04
   5.5231738e+04
   5.6000389e+04
   5.6703046e+04
   5.7342821e+04
   5.7922968e+04
   5.8446827e+04
   5.8917772e+04
   5.9339159e+04
   5.9714280e+04
   6.0046329e+04
   6.0338358e+04
   6.0593253e+04
   6.0813697e+04
   6.1002152e+04
   6.1160838e+04
   6.1291709e+04
   6.1396445e+04
   6.1476436e+04
   6.1532772e+04
   6.1566237e+04
   6.1577305e+04
