   8.2031640e+01
   8.2030847e+01
   8.2028492e+01
   8.2024463e+01
   8.2018572e+01
   8.2010557e+01
   8.2000082e+01
   8.1986736e+01
   8.1970038e+01
   8.1949434e+01
   8.1924298e+01
   8.1893937e+01
   8.1857587e+01
   8.1814422e+01
   8.1763548e+01
   8.1704011e+01
   8.1634797e+01
   8.1554834e+01
   8.1462998e+01
   8.1358111e+01
   8.1238952e+01
   8.1104253e+01
   8.0952710e+01
   8.0782983e+01
   8.0593702e+01
   8.0383475e+01
   8.0150891e+01
   7.9894526e+01
   7.9612951e+01
   7.9304737e+01
   7.8968464e+01
   7.8602728e+01
   7.8206148e+01
   7.7777374e+01
   7.7315098e+01
   7.6818057e+01
   7.6285048e+01
   7.5714934e+01
   7.5106653e+01
   7.4459226e+01
   7.3771771e+01
   7.3043503e+01
   7.2273754e+01
   7.1461971e+01
   7.0607732e+01
   6.9710751e+01
   6.8770885e+01
   6.7788140e+01
   6.6762684e+01
   6.5694841e+01
   6.4585109e+01
   6.3434155e+01
   6.2242819e+01
   6.1012122e+01
   5.9743262e+01
   5.8437615e+01
   5.7096733e+01
   5.5722347e+01
   5.4316356e+01
   5.2880828e+01
   5.1417990e+01
   4.9930225e+01
   4.8420059e+01
   4.6890157e+01
   4.5343305e+01
   4.3782404e+01
   4.2210456e+01
   4.0630546e+01
   3.9045832e+01
   3.7459530e+01
   3.5874891e+01
   3.4295192e+01
   3.2723714e+01
   3.1163728e+01
   2.9618474e+01
   2.8091145e+01
   2.6584870e+01
   2.5102698e+01
   2.3647576e+01
   2.2222342e+01
   2.0829702e+01
   1.9472218e+01
   1.8152296e+01
   1.6872173e+01
   1.5633906e+01
   1.4439361e+01
   1.3290207e+01
   1.2187907e+01
   1.1133715e+01
   1.0128671e+01
   9.1735978e+00
   8.2691025e+00
   7.4155762e+00
   6.6131964e+00
   5.8619315e+00
   5.1615457e+00
   4.5116059e+00
   3.9114894e+00
   3.3603933e+00
   2.8573440e+00
   2.4012089e+00
   1.9907077e+00
   1.6244252e+00
   1.3008244e+00
   1.0182593e+00
   7.7498968e-01
   5.6919392e-01
   3.9898361e-01
   2.6241702e-01
   1.5751276e-01
   8.2263006e-02
   3.4646319e-02
   1.2639957e-02
   1.4231560e-02
   3.7430205e-02
   8.0276636e-02
   1.4085281e-01
   2.1729054e-01
   3.0777937e-01
   4.1057345e-01
   5.2399764e-01
   6.4645269e-01
   7.7641951e-01
   9.1246268e-01
   1.0532330e+00
   1.1974694e+00
   1.3439999e+00
   1.4917422e+00
   1.6397029e+00
   1.7869771e+00
   1.9327467e+00
   2.0762780e+00
   2.2169202e+00
   2.3541014e+00
   2.4873263e+00
   2.6161722e+00
   2.7402857e+00
   2.8593785e+00
   2.9732233e+00
   3.0816500e+00
   3.1845413e+00
   3.2818287e+00
   3.3734882e+00
   3.4595362e+00
   3.5400256e+00
   3.6150420e+00
   3.6846997e+00
   3.7491383e+00
   3.8085190e+00
   3.8630219e+00
   3.9128421e+00
   3.9581876e+00
   3.9992761e+00
   4.0363329e+00
   4.0695880e+00
   4.0992747e+00
   4.1256272e+00
   4.1488791e+00
   4.1692616e+00
   4.1870023e+00
   4.2023238e+00
   4.2154428e+00
   4.2265690e+00
   4.2359042e+00
   4.2436417e+00
   4.2499656e+00
   4.2550503e+00
   4.2590603e+00
   4.2621493e+00
   4.2644605e+00
   4.2661261e+00
   4.2672669e+00
   4.2679928e+00
   4.2684020e+00
   4.2685813e+00
   4.2686059e+00
   4.2685397e+00
   4.2684348e+00
   4.2683318e+00
   4.2682596e+00
   4.2682356e+00
   4.2682656e+00
   4.2683439e+00
   4.2684530e+00
   4.2685640e+00
   4.2686363e+00
   4.2686177e+00
   4.2684444e+00
   4.2680412e+00
   4.2673213e+00
   4.2661864e+00
   4.2645268e+00
   4.2622214e+00
   4.2591382e+00
   4.2551340e+00
   4.2500550e+00
   4.2437367e+00
   4.2360048e+00
   4.2266750e+00
   4.2155541e+00
   4.2024402e+00
   4.1871237e+00
   4.1693879e+00
   4.1490101e+00
   4.1257627e+00
   4.0994144e+00
   4.0697318e+00
   4.0364804e+00
   3.9994272e+00
   3.9583418e+00
   3.9129992e+00
   3.8631815e+00
   3.8086808e+00
   3.7493018e+00
   3.6848646e+00
   3.6152078e+00
   3.5401919e+00
   3.4597025e+00
   3.3736540e+00
   3.2819935e+00
   3.1847045e+00
   3.0818112e+00
   2.9733819e+00
   2.8595339e+00
   2.7404375e+00
   2.6163198e+00
   2.4874691e+00
   2.3542389e+00
   2.2170520e+00
   2.0764036e+00
   1.9328655e+00
   1.7870889e+00
   1.6398073e+00
   1.4918388e+00
   1.3440886e+00
   1.1975499e+00
   1.0533053e+00
   9.1252663e-01
   7.7647524e-01
   6.4650035e-01
   5.2403751e-01
   4.1060588e-01
   3.0780486e-01
   2.1730969e-01
   1.4086635e-01
   8.0285444e-02
   3.7435274e-02
   1.4234025e-02
   1.2641120e-02
   3.4647596e-02
   8.2265946e-02
   1.5751907e-01
   2.6242853e-01
   3.9900229e-01
   5.6922187e-01
   7.7502911e-01
   1.0183126e+00
   1.3008939e+00
   1.6245136e+00
   1.9908175e+00
   2.4013428e+00
   2.8575049e+00
   3.3605839e+00
   3.9117126e+00
   4.5118645e+00
   5.1618425e+00
   5.8622694e+00
   6.6135782e+00
   7.4160046e+00
   8.2695803e+00
   9.1741274e+00
   1.0129255e+01
   1.1134356e+01
   1.2188606e+01
   1.3290967e+01
   1.4440184e+01
   1.5634794e+01
   1.6873127e+01
   1.8153317e+01
   1.9473306e+01
   2.0830859e+01
   2.2223569e+01
   2.3648873e+01
   2.5104064e+01
   2.6586307e+01
   2.8092651e+01
   2.9620048e+01
   3.1165370e+01
   3.2725422e+01
   3.4296964e+01
   3.5876726e+01
   3.7461426e+01
   3.9047787e+01
   4.0632557e+01
   4.2212521e+01
   4.3784520e+01
   4.5345469e+01
   4.6892366e+01
   4.8422310e+01
   4.9932514e+01
   5.1420314e+01
   5.2883183e+01
   5.4318739e+01
   5.5724755e+01
   5.7099161e+01
   5.8440059e+01
   5.9745719e+01
   6.1014589e+01
   6.2245291e+01
   6.3436628e+01
   6.4587581e+01
   6.5697307e+01
   6.6765140e+01
   6.7790585e+01
   6.8773313e+01
   6.9713161e+01
   7.0610120e+01
   7.1464333e+01
   7.2276088e+01
   7.3045807e+01
   7.3774040e+01
   7.4461460e+01
   7.5108848e+01
   7.5717089e+01
   7.6287160e+01
   7.6820124e+01
   7.7317119e+01
   7.7779347e+01
   7.8208071e+01
   7.8604600e+01
   7.8970283e+01
   7.9306502e+01
   7.9614661e+01
   7.9896180e+01
   8.0152489e+01
   8.0385015e+01
   8.0595183e+01
   8.0784404e+01
   8.0954072e+01
   8.1105555e+01
   8.1240193e+01
   8.1359292e+01
   8.1464117e+01
   8.1555892e+01
   8.1635793e+01
   8.1704946e+01
   8.1764420e+01
   8.1815232e+01
   8.1858335e+01
   8.1894622e+01
   8.1924921e+01
   8.1949995e+01
   8.1970537e+01
   8.1987172e+01
   8.2000455e+01
   8.2010868e+01
   8.2018821e+01
   8.2024650e+01
   8.2028617e+01
   8.2030909e+01
   8.2031640e+01
