   1.1091582e+05
   1.1088325e+05
   1.1078544e+05
   1.1062159e+05
   1.1039033e+05
   1.1008980e+05
   1.0971765e+05
   1.0927102e+05
   1.0874665e+05
   1.0814085e+05
   1.0744959e+05
   1.0666853e+05
   1.0579309e+05
   1.0481853e+05
   1.0374000e+05
   1.0255264e+05
   1.0125165e+05
   9.9832453e+04
   9.8290710e+04
   9.6622497e+04
   9.4824403e+04
   9.2893649e+04
   9.0828218e+04
   8.8626976e+04
   8.6289804e+04
   8.3817713e+04
   8.1212962e+04
   7.8479166e+04
   7.5621389e+04
   7.2646222e+04
   6.9561844e+04
   6.6378058e+04
   6.3106306e+04
   5.9759648e+04
   5.6352710e+04
   5.2901607e+04
   4.9423816e+04
   4.5938018e+04
   4.2463905e+04
   3.9021945e+04
   3.5633112e+04
   3.2318588e+04
   2.9099432e+04
   2.5996229e+04
   2.3028726e+04
   2.0215457e+04
   1.7573368e+04
   1.5117462e+04
   1.2860453e+04
   1.0812464e+04
   8.9807603e+03
   7.3695429e+03
   5.9797971e+03
   4.8092166e+03
   3.8522032e+03
   3.0999469e+03
   2.5405901e+03
   2.1594728e+03
   1.9394569e+03
   1.8613221e+03
   1.9042250e+03
   2.0462075e+03
   2.2647424e+03
   2.5372979e+03
   2.8419043e+03
   3.1577044e+03
   3.4654685e+03
   3.7480563e+03
   3.9908106e+03
   4.1818663e+03
   4.3123667e+03
   4.3765755e+03
   4.3718848e+03
   4.2987159e+03
   4.1603194e+03
   3.9624824e+03
   3.7131554e+03
   3.4220146e+03
   3.0999782e+03
   2.7586954e+03
   2.4100307e+03
   2.0655644e+03
   1.7361269e+03
   1.4313880e+03
   1.1595141e+03
   9.2690640e+02
   7.3802681e+02
   5.9531687e+02
   4.9920777e+02
   4.4821748e+02
   4.3912625e+02
   4.6721875e+02
   5.2657853e+02
   6.1041858e+02
   7.1143105e+02
   8.2213884e+02
   9.3523295e+02
   1.0438806e+03
   1.1419920e+03
   1.2244353e+03
   1.2871938e+03
   1.3274617e+03
   1.3436771e+03
   1.3354971e+03
   1.3037180e+03
   1.2501502e+03
   1.1774563e+03
   1.0889622e+03
   9.8845387e+02
   8.7996891e+02
   7.6759381e+02
   6.5527608e+02
   5.4665864e+02
   4.4494237e+02
   3.5278082e+02
   2.7220923e+02
   2.0460808e+02
   1.5069967e+02
   1.1057498e+02
   8.3746643e+01
   6.9223199e+01
   6.5599134e+01
   7.1155157e+01
   8.3963108e+01
   1.0199033e+02
   1.2319886e+02
   1.4563558e+02
   1.6751020e+02
   1.8725893e+02
   2.0359249e+02
   2.1552810e+02
   2.2240561e+02
   2.2388886e+02
   2.1995372e+02
   2.1086471e+02
   1.9714241e+02
   1.7952390e+02
   1.5891862e+02
   1.3636188e+02
   1.1296795e+02
   8.9884766e+01
   6.8251618e+01
   4.9161074e+01
   3.3626088e+01
   2.2552832e+01
   1.6719562e+01
   1.6761537e+01
   2.3161774e+01
   3.6247280e+01
   5.6190233e+01
   8.3013424e+01
   1.1659930e+02
   1.5670185e+02
   2.0296065e+02
   2.5491633e+02
   3.1202684e+02
   3.7368394e+02
   4.3922937e+02
   5.0797039e+02
   5.7919421e+02
   6.5218116e+02
   7.2621644e+02
   8.0060020e+02
   8.7465613e+02
   9.4773839e+02
   1.0192371e+03
   1.0885821e+03
   1.1552461e+03
   1.2187458e+03
   1.2786426e+03
   1.3345423e+03
   1.3860941e+03
   1.4329895e+03
   1.4749597e+03
   1.5117744e+03
   1.5432392e+03
   1.5691937e+03
   1.5895097e+03
   1.6040893e+03
   1.6128637e+03
   1.6157918e+03
   1.6128602e+03
   1.6040825e+03
   1.5894995e+03
   1.5691802e+03
   1.5432224e+03
   1.5117546e+03
   1.4749370e+03
   1.4329640e+03
   1.3860661e+03
   1.3345119e+03
   1.2786101e+03
   1.2187114e+03
   1.1552102e+03
   1.0885449e+03
   1.0191988e+03
   9.4769951e+02
   8.7461690e+02
   8.0056096e+02
   7.2617752e+02
   6.5214290e+02
   5.7915692e+02
   5.0793441e+02
   4.3919500e+02
   3.7365147e+02
   3.1199654e+02
   2.5488844e+02
   2.0293538e+02
   1.5667937e+02
   1.1657974e+02
   8.2996883e+01
   5.6176752e+01
   3.6236854e+01
   2.3154346e+01
   1.6757000e+01
   1.6717759e+01
   2.2553560e+01
   3.3629093e+01
   4.9166061e+01
   6.8258254e+01
   8.9892687e+01
   1.1297677e+02
   1.3637120e+02
   1.5892804e+02
   1.7953302e+02
   1.9715087e+02
   2.1087217e+02
   2.1995989e+02
   2.2389352e+02
   2.2240860e+02
   2.1552936e+02
   2.0359205e+02
   1.8725691e+02
   1.6750686e+02
   1.4563127e+02
   1.2319405e+02
   1.0198560e+02
   8.3959142e+01
   7.1152718e+01
   6.5599061e+01
   6.9226383e+01
   8.3753995e+01
   1.1058740e+02
   1.5071803e+02
   2.0463316e+02
   2.7224172e+02
   3.5282126e+02
   4.4499112e+02
   5.4671586e+02
   6.5534170e+02
   7.6766752e+02
   8.8005015e+02
   9.8854180e+02
   1.0890557e+03
   1.1775542e+03
   1.2502510e+03
   1.3038200e+03
   1.3355987e+03
   1.3437767e+03
   1.3275575e+03
   1.2872844e+03
   1.2245193e+03
   1.1420685e+03
   1.0439489e+03
   9.3529290e+02
   8.2219072e+02
   7.1147564e+02
   6.1045720e+02
   5.2661300e+02
   4.6725139e+02
   4.3915977e+02
   4.4825496e+02
   4.9925252e+02
   5.9537234e+02
   7.3809644e+02
   9.2699347e+02
   1.1596216e+03
   1.4315185e+03
   1.7362825e+03
   2.0657464e+03
   2.4102396e+03
   2.7589309e+03
   3.1002393e+03
   3.4222993e+03
   3.7134607e+03
   3.9628049e+03
   4.1606549e+03
   4.2990596e+03
   4.3722316e+03
   4.3769202e+03
   4.3127042e+03
   4.1821919e+03
   3.9911198e+03
   3.7483456e+03
   3.4657352e+03
   3.1579469e+03
   2.8421223e+03
   2.5374924e+03
   2.2649158e+03
   2.0463638e+03
   1.9043694e+03
   1.8614614e+03
   1.9395990e+03
   2.1596269e+03
   2.5407663e+03
   3.1001561e+03
   3.8524568e+03
   4.8095266e+03
   5.9801752e+03
   7.3700010e+03
   8.9813095e+03
   1.0813115e+04
   1.2861216e+04
   1.5118345e+04
   1.7574380e+04
   2.0216602e+04
   2.3030010e+04
   2.5997655e+04
   2.9101001e+04
   3.2320302e+04
   3.5634968e+04
   3.9023939e+04
   4.2466033e+04
   4.5940273e+04
   4.9426191e+04
   5.2904095e+04
   5.6355299e+04
   5.9762328e+04
   6.3109067e+04
   6.6380887e+04
   6.9564728e+04
   7.2649149e+04
   7.5624346e+04
   7.8482140e+04
   8.1215940e+04
   8.3820681e+04
   8.6292751e+04
   8.8629889e+04
   9.0831085e+04
   9.2896460e+04
   9.4827146e+04
   9.6625162e+04
   9.8293286e+04
   9.9834933e+04
   1.0125403e+05
   1.0255490e+05
   1.0374214e+05
   1.0482055e+05
   1.0579497e+05
   1.0667027e+05
   1.0745118e+05
   1.0814230e+05
   1.0874795e+05
   1.0927217e+05
   1.0971863e+05
   1.1009063e+05
   1.1039099e+05
   1.1062208e+05
   1.1078578e+05
   1.1088342e+05
   1.1091582e+05
