   2.2202558e+04
   2.2200661e+04
   2.2194965e+04
   2.2185307e+04
   2.2171418e+04
   2.2152924e+04
   2.2129346e+04
   2.2100101e+04
   2.2064507e+04
   2.2021787e+04
   2.1971067e+04
   2.1911390e+04
   2.1841711e+04
   2.1760913e+04
   2.1667809e+04
   2.1561153e+04
   2.1439651e+04
   2.1301970e+04
   2.1146753e+04
   2.0972632e+04
   2.0778246e+04
   2.0562258e+04
   2.0323373e+04
   2.0060358e+04
   1.9772066e+04
   1.9457457e+04
   1.9115622e+04
   1.8745808e+04
   1.8347443e+04
   1.7920161e+04
   1.7463824e+04
   1.6978549e+04
   1.6464726e+04
   1.5923041e+04
   1.5354491e+04
   1.4760398e+04
   1.4142420e+04
   1.3502553e+04
   1.2843134e+04
   1.2166835e+04
   1.1476648e+04
   1.0775868e+04
   1.0068070e+04
   9.3570689e+03
   8.6468885e+03
   7.9417092e+03
   7.2458174e+03
   6.5635465e+03
   5.8992142e+03
   5.2570545e+03
   4.6411486e+03
   4.0553535e+03
   3.5032321e+03
   2.9879841e+03
   2.5123823e+03
   2.0787132e+03
   1.6887259e+03
   1.3435904e+03
   1.0438653e+03
   7.8947934e+02
   5.7972482e+02
   4.1326538e+02
   2.8815800e+02
   2.0188939e+02
   1.5142602e+02
   1.3327729e+02
   1.4357016e+02
   1.7813385e+02
   2.3259219e+02
   3.0246151e+02
   3.8325119e+02
   4.7056414e+02
   5.6019436e+02
   6.4821868e+02
   7.3107991e+02
   8.0565915e+02
   8.6933477e+02
   9.2002664e+02
   9.5622421e+02
   9.7699773e+02
   9.8199252e+02
   9.7140676e+02
   9.4595364e+02
   9.0680963e+02
   8.5555064e+02
   7.9407863e+02
   7.2454121e+02
   6.4924722e+02
   5.7058112e+02
   4.9091920e+02
   4.1255031e+02
   3.3760360e+02
   2.6798554e+02
   2.0532785e+02
   1.5094770e+02
   1.0582094e+02
   7.0568599e+01
   4.5456464e+01
   3.0406977e+01
   2.5022341e+01
   2.8617351e+01
   4.0260159e+01
   5.8819034e+01
   8.3013046e+01
   1.1146459e+02
   1.4275172e+02
   1.7545848e+02
   2.0822149e+02
   2.3977145e+02
   2.6896843e+02
   2.9483012e+02
   3.1655272e+02
   3.3352407e+02
   3.4532946e+02
   3.5175029e+02
   3.5275636e+02
   3.4849258e+02
   3.3926101e+02
   3.2549934e+02
   3.0775682e+02
   2.8666868e+02
   2.6293010e+02
   2.3727071e+02
   2.1043019e+02
   1.8313597e+02
   1.5608335e+02
   1.2991849e+02
   1.0522457e+02
   8.2511169e+01
   6.2206891e+01
   4.4655087e+01
   3.0112491e+01
   1.8750466e+01
   1.0658516e+01
   5.8497123e+00
   4.2676240e+00
   5.7943759e+00
   1.0259432e+01
   1.7448816e+01
   2.7114393e+01
   3.8982942e+01
   5.2764816e+01
   6.8161971e+01
   8.4875239e+01
   1.0261075e+02
   1.2108540e+02
   1.4003146e+02
   1.5920010e+02
   1.7836419e+02
   1.9732015e+02
   2.1588901e+02
   2.3391686e+02
   2.5127465e+02
   2.6785746e+02
   2.8358341e+02
   2.9839220e+02
   3.1224340e+02
   3.2511459e+02
   3.3699940e+02
   3.4790549e+02
   3.5785254e+02
   3.6687030e+02
   3.7499673e+02
   3.8227621e+02
   3.8875795e+02
   3.9449443e+02
   3.9954009e+02
   4.0395012e+02
   4.0777936e+02
   4.1108142e+02
   4.1390785e+02
   4.1630743e+02
   4.1832569e+02
   4.2000434e+02
   4.2138094e+02
   4.2248856e+02
   4.2335554e+02
   4.2400531e+02
   4.2445622e+02
   4.2472146e+02
   4.2480896e+02
   4.2472138e+02
   4.2445606e+02
   4.2400506e+02
   4.2335521e+02
   4.2248815e+02
   4.2138045e+02
   4.2000377e+02
   4.1832503e+02
   4.1630669e+02
   4.1390701e+02
   4.1108050e+02
   4.0777835e+02
   4.0394902e+02
   3.9953889e+02
   3.9449314e+02
   3.8875656e+02
   3.8227472e+02
   3.7499513e+02
   3.6686860e+02
   3.5785073e+02
   3.4790356e+02
   3.3699736e+02
   3.2511242e+02
   3.1224111e+02
   2.9838979e+02
   2.8358087e+02
   2.6785479e+02
   2.5127186e+02
   2.3391395e+02
   2.1588599e+02
   1.9731703e+02
   1.7836098e+02
   1.5919682e+02
   1.4002814e+02
   1.2108208e+02
   1.0260746e+02
   8.4872031e+01
   6.8158899e+01
   5.2761946e+01
   3.8980349e+01
   2.7112161e+01
   1.7447040e+01
   1.0258215e+01
   5.7938309e+00
   4.2678733e+00
   5.8508878e+00
   1.0660748e+01
   1.8753885e+01
   3.0117228e+01
   4.4661268e+01
   6.2214634e+01
   8.2520578e+01
   1.0523573e+02
   1.2993147e+02
   1.5609818e+02
   1.8315267e+02
   2.1044872e+02
   2.3729100e+02
   2.6295205e+02
   2.8669211e+02
   3.0778156e+02
   3.2552513e+02
   3.3928757e+02
   3.4851959e+02
   3.5278349e+02
   3.5177716e+02
   3.4535569e+02
   3.3354928e+02
   3.1657656e+02
   2.9485226e+02
   2.6898858e+02
   2.3978940e+02
   2.0823708e+02
   1.7547165e+02
   1.4276251e+02
   1.1147315e+02
   8.3019648e+01
   5.8824063e+01
   4.0264120e+01
   2.8620859e+01
   2.5026113e+01
   3.0411816e+01
   4.5463235e+01
   7.0578205e+01
   1.0583430e+02
   1.5096571e+02
   2.0535136e+02
   2.6801531e+02
   3.3764027e+02
   4.1259438e+02
   4.9097099e+02
   5.7064074e+02
   6.4931458e+02
   7.2461599e+02
   7.9416028e+02
   8.5563837e+02
   9.0690245e+02
   9.4605038e+02
   9.7150608e+02
   9.8209296e+02
   9.7709776e+02
   9.5632229e+02
   9.2012124e+02
   8.6942446e+02
   8.0574264e+02
   7.3115613e+02
   6.4828679e+02
   5.6025386e+02
   4.7061485e+02
   3.8329332e+02
   3.0249567e+02
   2.3261941e+02
   1.7815558e+02
   1.4358828e+02
   1.3329404e+02
   1.5144405e+02
   2.0191163e+02
   2.8818769e+02
   4.1330597e+02
   5.7977993e+02
   7.8955266e+02
   1.0439605e+03
   1.3437113e+03
   1.6888761e+03
   2.0788959e+03
   2.5126008e+03
   2.9882413e+03
   3.5035304e+03
   4.0556952e+03
   4.6415353e+03
   5.2574875e+03
   5.8996942e+03
   6.5640739e+03
   7.2463919e+03
   7.9423304e+03
   8.6475551e+03
   9.3577794e+03
   1.0068822e+04
   1.0776661e+04
   1.1477477e+04
   1.2167698e+04
   1.2844028e+04
   1.3503474e+04
   1.4143365e+04
   1.4761364e+04
   1.5355473e+04
   1.5924036e+04
   1.6465729e+04
   1.6979557e+04
   1.7464833e+04
   1.7921167e+04
   1.8348443e+04
   1.8746798e+04
   1.9116599e+04
   1.9458418e+04
   1.9773008e+04
   2.0061278e+04
   2.0324268e+04
   2.0563126e+04
   2.0779084e+04
   2.0973438e+04
   2.1147525e+04
   2.1302707e+04
   2.1440352e+04
   2.1561816e+04
   2.1668432e+04
   2.1761495e+04
   2.1842252e+04
   2.1911888e+04
   2.1971523e+04
   2.2022198e+04
   2.2064874e+04
   2.2100423e+04
   2.2129622e+04
   2.2153155e+04
   2.2171603e+04
   2.2185446e+04
   2.2195058e+04
   2.2200708e+04
   2.2202558e+04
