   1.5113887e+01
   1.5113656e+01
   1.5112963e+01
   1.5111803e+01
   1.5110163e+01
   1.5108027e+01
   1.5105376e+01
   1.5102184e+01
   1.5098423e+01
   1.5094058e+01
   1.5089052e+01
   1.5083362e+01
   1.5076943e+01
   1.5069744e+01
   1.5061712e+01
   1.5052788e+01
   1.5042911e+01
   1.5032015e+01
   1.5020034e+01
   1.5006894e+01
   1.4992522e+01
   1.4976840e+01
   1.4959768e+01
   1.4941223e+01
   1.4921121e+01
   1.4899375e+01
   1.4875896e+01
   1.4850595e+01
   1.4823380e+01
   1.4794159e+01
   1.4762840e+01
   1.4729328e+01
   1.4693531e+01
   1.4655355e+01
   1.4614709e+01
   1.4571499e+01
   1.4525637e+01
   1.4477032e+01
   1.4425598e+01
   1.4371250e+01
   1.4313906e+01
   1.4253486e+01
   1.4189914e+01
   1.4123119e+01
   1.4053031e+01
   1.3979587e+01
   1.3902727e+01
   1.3822398e+01
   1.3738549e+01
   1.3651138e+01
   1.3560127e+01
   1.3465485e+01
   1.3367187e+01
   1.3265215e+01
   1.3159559e+01
   1.3050214e+01
   1.2937185e+01
   1.2820482e+01
   1.2700124e+01
   1.2576139e+01
   1.2448561e+01
   1.2317432e+01
   1.2182804e+01
   1.2044735e+01
   1.1903293e+01
   1.1758551e+01
   1.1610592e+01
   1.1459508e+01
   1.1305396e+01
   1.1148362e+01
   1.0988518e+01
   1.0825984e+01
   1.0660887e+01
   1.0493359e+01
   1.0323540e+01
   1.0151574e+01
   9.9776109e+00
   9.8018061e+00
   9.6243190e+00
   9.4453134e+00
   9.2649563e+00
   9.0834184e+00
   8.9008726e+00
   8.7174942e+00
   8.5334602e+00
   8.3489487e+00
   8.1641382e+00
   7.9792077e+00
   7.7943354e+00
   7.6096990e+00
   7.4254744e+00
   7.2418358e+00
   7.0589549e+00
   6.8770005e+00
   6.6961382e+00
   6.5165296e+00
   6.3383325e+00
   6.1616996e+00
   5.9867790e+00
   5.8137133e+00
   5.6426398e+00
   5.4736894e+00
   5.3069872e+00
   5.1426517e+00
   4.9807947e+00
   4.8215214e+00
   4.6649298e+00
   4.5111110e+00
   4.3601488e+00
   4.2121200e+00
   4.0670938e+00
   3.9251324e+00
   3.7862908e+00
   3.6506166e+00
   3.5181505e+00
   3.3889262e+00
   3.2629703e+00
   3.1403031e+00
   3.0209379e+00
   2.9048821e+00
   2.7921365e+00
   2.6826963e+00
   2.5765508e+00
   2.4736841e+00
   2.3740747e+00
   2.2776966e+00
   2.1845189e+00
   2.0945064e+00
   2.0076199e+00
   1.9238161e+00
   1.8430486e+00
   1.7652675e+00
   1.6904200e+00
   1.6184507e+00
   1.5493020e+00
   1.4829138e+00
   1.4192245e+00
   1.3581709e+00
   1.2996884e+00
   1.2437114e+00
   1.1901736e+00
   1.1390080e+00
   1.0901472e+00
   1.0435238e+00
   9.9907027e-01
   9.5671958e-01
   9.1640495e-01
   8.7806027e-01
   8.4162017e-01
   8.0702021e-01
   7.7419700e-01
   7.4308835e-01
   7.1363334e-01
   6.8577250e-01
   6.5944785e-01
   6.3460305e-01
   6.1118342e-01
   5.8913606e-01
   5.6840993e-01
   5.4895587e-01
   5.3072666e-01
   5.1367710e-01
   4.9776403e-01
   4.8294638e-01
   4.6918517e-01
   4.5644358e-01
   4.4468694e-01
   4.3388276e-01
   4.2400076e-01
   4.1501286e-01
   4.0689322e-01
   3.9961821e-01
   3.9316645e-01
   3.8751880e-01
   3.8265835e-01
   3.7857047e-01
   3.7524276e-01
   3.7266508e-01
   3.7082954e-01
   3.6973051e-01
   3.6936459e-01
   3.6973068e-01
   3.7082989e-01
   3.7266560e-01
   3.7524346e-01
   3.7857135e-01
   3.8265941e-01
   3.8752005e-01
   3.9316790e-01
   3.9961987e-01
   4.0689509e-01
   4.1501496e-01
   4.2400309e-01
   4.3388533e-01
   4.4468977e-01
   4.5644669e-01
   4.6918858e-01
   4.8295010e-01
   4.9776808e-01
   5.1368149e-01
   5.3073142e-01
   5.4896103e-01
   5.6841551e-01
   5.8914209e-01
   6.1118991e-01
   6.3461004e-01
   6.5945538e-01
   6.8578060e-01
   7.1364204e-01
   7.4309769e-01
   7.7420702e-01
   8.0703095e-01
   8.4163167e-01
   8.7807257e-01
   9.1641811e-01
   9.5673364e-01
   9.9908529e-01
   1.0435398e+00
   1.0901643e+00
   1.1390262e+00
   1.1901930e+00
   1.2437320e+00
   1.2997103e+00
   1.3581941e+00
   1.4192492e+00
   1.4829399e+00
   1.5493297e+00
   1.6184801e+00
   1.6904510e+00
   1.7653003e+00
   1.8430833e+00
   1.9238527e+00
   2.0076585e+00
   2.0945471e+00
   2.1845617e+00
   2.2777416e+00
   2.3741220e+00
   2.4737337e+00
   2.5766029e+00
   2.6827509e+00
   2.7921937e+00
   2.9049419e+00
   3.0210005e+00
   3.1403685e+00
   3.2630386e+00
   3.3889973e+00
   3.5182246e+00
   3.6506938e+00
   3.7863710e+00
   3.9252158e+00
   4.0671803e+00
   4.2122097e+00
   4.3602418e+00
   4.5112073e+00
   4.6650294e+00
   4.8216243e+00
   4.9809010e+00
   5.1427614e+00
   5.3071003e+00
   5.4738058e+00
   5.6427596e+00
   5.8138365e+00
   5.9869054e+00
   6.1618293e+00
   6.3384655e+00
   6.5166659e+00
   6.6962777e+00
   6.8771431e+00
   7.0591006e+00
   7.2419845e+00
   7.4256261e+00
   7.6098535e+00
   7.7944928e+00
   7.9793677e+00
   8.1643009e+00
   8.3491138e+00
   8.5336278e+00
   8.7176641e+00
   8.9010446e+00
   9.0835925e+00
   9.2651324e+00
   9.4454912e+00
   9.6244985e+00
   9.8019871e+00
   9.9777933e+00
   1.0151758e+01
   1.0323725e+01
   1.0493545e+01
   1.0661074e+01
   1.0826171e+01
   1.0988706e+01
   1.1148550e+01
   1.1305585e+01
   1.1459697e+01
   1.1610781e+01
   1.1758739e+01
   1.1903480e+01
   1.2044922e+01
   1.2182991e+01
   1.2317618e+01
   1.2448746e+01
   1.2576323e+01
   1.2700307e+01
   1.2820663e+01
   1.2937364e+01
   1.3050392e+01
   1.3159735e+01
   1.3265389e+01
   1.3367359e+01
   1.3465655e+01
   1.3560294e+01
   1.3651303e+01
   1.3738712e+01
   1.3822558e+01
   1.3902885e+01
   1.3979742e+01
   1.4053184e+01
   1.4123269e+01
   1.4190061e+01
   1.4253630e+01
   1.4314046e+01
   1.4371388e+01
   1.4425733e+01
   1.4477163e+01
   1.4525765e+01
   1.4571624e+01
   1.4614830e+01
   1.4655473e+01
   1.4693646e+01
   1.4729439e+01
   1.4762947e+01
   1.4794264e+01
   1.4823481e+01
   1.4850692e+01
   1.4875990e+01
   1.4899465e+01
   1.4921208e+01
   1.4941306e+01
   1.4959848e+01
   1.4976916e+01
   1.4992595e+01
   1.5006963e+01
   1.5020099e+01
   1.5032077e+01
   1.5042968e+01
   1.5052842e+01
   1.5061762e+01
   1.5069791e+01
   1.5076986e+01
   1.5083402e+01
   1.5089088e+01
   1.5094090e+01
   1.5098452e+01
   1.5102210e+01
   1.5105398e+01
   1.5108045e+01
   1.5110177e+01
   1.5111814e+01
   1.5112970e+01
   1.5113659e+01
   1.5113887e+01
