   5.4745543e+04
   5.4736546e+04
   5.4709511e+04
   5.4664017e+04
   5.4599365e+04
   5.4514581e+04
   5.4408426e+04
   5.4279398e+04
   5.4125749e+04
   5.3945492e+04
   5.3736417e+04
   5.3496111e+04
   5.3221976e+04
   5.2911254e+04
   5.2561054e+04
   5.2168382e+04
   5.1730176e+04
   5.1243343e+04
   5.0704803e+04
   5.0111534e+04
   4.9460623e+04
   4.8749316e+04
   4.7975079e+04
   4.7135656e+04
   4.6229128e+04
   4.5253981e+04
   4.4209169e+04
   4.3094173e+04
   4.1909070e+04
   4.0654586e+04
   3.9332156e+04
   3.7943968e+04
   3.6493006e+04
   3.4983084e+04
   3.3418860e+04
   3.1805853e+04
   3.0150427e+04
   2.8459773e+04
   2.6741870e+04
   2.5005423e+04
   2.3259790e+04
   2.1514886e+04
   1.9781067e+04
   1.8069000e+04
   1.6389518e+04
   1.4753450e+04
   1.3171457e+04
   1.1653844e+04
   1.0210374e+04
   8.8500847e+03
   7.5811004e+03
   6.4104636e+03
   5.3439732e+03
   4.3860455e+03
   3.5395988e+03
   2.8059668e+03
   2.1848443e+03
   1.6742701e+03
   1.2706466e+03
   9.6880050e+02
   7.6208253e+02
   6.4250552e+02
   6.0091901e+02
   6.2721579e+02
   7.1056586e+02
   8.3967136e+02
   1.0030357e+03
   1.1892385e+03
   1.3872091e+03
   1.5864885e+03
   1.7774736e+03
   1.9516333e+03
   2.1016915e+03
   2.2217706e+03
   2.3074891e+03
   2.3560130e+03
   2.3660574e+03
   2.3378392e+03
   2.2729847e+03
   2.1743928e+03
   2.0460631e+03
   1.8928931e+03
   1.7204528e+03
   1.5347468e+03
   1.3419713e+03
   1.1482762e+03
   9.5954010e+02
   7.8116650e+02
   6.1790833e+02
   4.7372564e+02
   3.5168093e+02
   2.5387413e+02
   1.8141803e+02
   1.3445294e+02
   1.1219795e+02
   1.1303491e+02
   1.3461970e+02
   1.7401510e+02
   2.2783831e+02
   2.9241652e+02
   3.6394373e+02
   4.3863234e+02
   5.1285383e+02
   5.8326360e+02
   6.4690601e+02
   7.0129689e+02
   7.4448179e+02
   7.7506955e+02
   7.9224174e+02
   7.9573945e+02
   7.8582997e+02
   7.6325610e+02
   7.2917189e+02
   6.8506830e+02
   6.3269268e+02
   5.7396584e+02
   5.1090010e+02
   4.4552144e+02
   3.7979836e+02
   3.1557950e+02
   2.5454157e+02
   1.9814851e+02
   1.4762213e+02
   1.0392433e+02
   6.7750058e+01
   3.9530310e+01
   1.9443757e+01
   7.4356940e+00
   3.2427315e+00
   6.4216768e+00
   1.6381019e+01
   3.2413682e+01
   5.3729646e+01
   7.9487343e+01
   1.0882291e+02
   1.4087653e+02
   1.7481546e+02
   2.0985319e+02
   2.4526489e+02
   2.8039889e+02
   3.1468458e+02
   3.4763678e+02
   3.7885712e+02
   4.0803271e+02
   4.3493250e+02
   4.5940199e+02
   4.8135646e+02
   5.0077330e+02
   5.1768375e+02
   5.3216449e+02
   5.4432918e+02
   5.5432042e+02
   5.6230211e+02
   5.6845254e+02
   5.7295812e+02
   5.7600799e+02
   5.7778938e+02
   5.7848386e+02
   5.7826426e+02
   5.7729245e+02
   5.7571766e+02
   5.7367550e+02
   5.7128742e+02
   5.6866069e+02
   5.6588869e+02
   5.6305150e+02
   5.6021676e+02
   5.5744060e+02
   5.5476881e+02
   5.5223796e+02
   5.4987656e+02
   5.4770627e+02
   5.4574302e+02
   5.4399802e+02
   5.4247878e+02
   5.4118998e+02
   5.4013424e+02
   5.3931280e+02
   5.3872603e+02
   5.3837392e+02
   5.3825631e+02
   5.3837315e+02
   5.3872450e+02
   5.3931050e+02
   5.4013119e+02
   5.4118618e+02
   5.4247425e+02
   5.4399278e+02
   5.4573708e+02
   5.4769967e+02
   5.4986930e+02
   5.5223008e+02
   5.5476035e+02
   5.5743158e+02
   5.6020722e+02
   5.6304149e+02
   5.6587824e+02
   5.6864985e+02
   5.7127624e+02
   5.7366403e+02
   5.7570596e+02
   5.7728057e+02
   5.7825225e+02
   5.7847177e+02
   5.7777728e+02
   5.7599593e+02
   5.7294616e+02
   5.6844073e+02
   5.6229050e+02
   5.5430904e+02
   5.4431809e+02
   5.3215371e+02
   5.1767333e+02
   5.0076325e+02
   4.8134681e+02
   4.5939275e+02
   4.3492367e+02
   4.0802430e+02
   3.7884914e+02
   3.4762920e+02
   3.1467740e+02
   2.8039212e+02
   2.4525852e+02
   2.0984723e+02
   1.7480992e+02
   1.4087144e+02
   1.0881831e+02
   7.9483318e+01
   5.3726277e+01
   3.2411085e+01
   1.6379336e+01
   6.4210779e+00
   3.2434165e+00
   7.4379042e+00
   1.9447737e+01
   3.9536328e+01
   6.7758394e+01
   1.0393527e+02
   1.4763595e+02
   1.9816547e+02
   2.5456190e+02
   3.1560339e+02
   3.7982594e+02
   4.4555277e+02
   5.1093514e+02
   5.7400448e+02
   6.3273469e+02
   6.8511337e+02
   7.2921958e+02
   7.6330587e+02
   7.8588119e+02
   7.9579143e+02
   7.9229370e+02
   7.7512070e+02
   7.4453134e+02
   7.0134407e+02
   6.4695014e+02
   5.8330408e+02
   5.1289022e+02
   4.3866439e+02
   3.6397141e+02
   2.9244002e+02
   2.2785809e+02
   1.7403189e+02
   1.3463450e+02
   1.1304896e+02
   1.1221276e+02
   1.3447016e+02
   1.8143949e+02
   2.5390173e+02
   3.5171660e+02
   4.7377125e+02
   6.1796561e+02
   7.8123697e+02
   9.5962500e+02
   1.1483764e+03
   1.3420873e+03
   1.5348785e+03
   1.7205999e+03
   1.8930546e+03
   2.0462375e+03
   2.1745781e+03
   2.2731786e+03
   2.3380391e+03
   2.3662602e+03
   2.3562158e+03
   2.3076886e+03
   2.2219638e+03
   2.1018756e+03
   1.9518058e+03
   1.7776324e+03
   1.5866322e+03
   1.3873367e+03
   1.1893501e+03
   1.0031320e+03
   8.3975408e+02
   7.1063746e+02
   6.2727965e+02
   6.0097933e+02
   6.4256731e+02
   7.6215147e+02
   9.6888289e+02
   1.2707492e+03
   1.6744000e+03
   2.1850090e+03
   2.8061735e+03
   3.5398550e+03
   4.3863582e+03
   5.3443491e+03
   6.4109091e+03
   7.5816210e+03
   8.8506852e+03
   1.0211059e+04
   1.1654616e+04
   1.3172319e+04
   1.4754402e+04
   1.6390561e+04
   1.8070134e+04
   1.9782289e+04
   2.1516194e+04
   2.3261181e+04
   2.5006893e+04
   2.6743413e+04
   2.8461385e+04
   3.0152100e+04
   3.1807581e+04
   3.3420636e+04
   3.4984900e+04
   3.6494855e+04
   3.7945842e+04
   3.9334048e+04
   4.0656487e+04
   4.1910973e+04
   4.3096070e+04
   4.4211053e+04
   4.5255845e+04
   4.6230964e+04
   4.7137458e+04
   4.7976842e+04
   4.8751033e+04
   4.9462289e+04
   5.0113144e+04
   5.0706351e+04
   5.1244826e+04
   5.1731589e+04
   5.2169722e+04
   5.2562318e+04
   5.2912439e+04
   5.3223078e+04
   5.3497129e+04
   5.3737349e+04
   5.3946335e+04
   5.4126503e+04
   5.4280060e+04
   5.4408995e+04
   5.4515057e+04
   5.4599746e+04
   5.4664304e+04
   5.4709703e+04
   5.4736642e+04
   5.4745543e+04
