   5.0054403e+03
   5.0052382e+03
   5.0046316e+03
   5.0035963e+03
   5.0020918e+03
   5.0000615e+03
   4.9974330e+03
   4.9941183e+03
   4.9900138e+03
   4.9850009e+03
   4.9789463e+03
   4.9717025e+03
   4.9631084e+03
   4.9529898e+03
   4.9411607e+03
   4.9274235e+03
   4.9115705e+03
   4.8933853e+03
   4.8726436e+03
   4.8491151e+03
   4.8225653e+03
   4.7927570e+03
   4.7594526e+03
   4.7224165e+03
   4.6814172e+03
   4.6362300e+03
   4.5866401e+03
   4.5324450e+03
   4.4734578e+03
   4.4095104e+03
   4.3404569e+03
   4.2661763e+03
   4.1865763e+03
   4.1015965e+03
   4.0112113e+03
   3.9154330e+03
   3.8143148e+03
   3.7079530e+03
   3.5964893e+03
   3.4801128e+03
   3.3590610e+03
   3.2336211e+03
   3.1041295e+03
   2.9709721e+03
   2.8345828e+03
   2.6954418e+03
   2.5540730e+03
   2.4110406e+03
   2.2669450e+03
   2.1224178e+03
   1.9781163e+03
   1.8347168e+03
   1.6929082e+03
   1.5533839e+03
   1.4168339e+03
   1.2839368e+03
   1.1553507e+03
   1.0317049e+03
   9.1359135e+02
   8.0155605e+02
   6.9609135e+02
   5.9762848e+02
   5.0653094e+02
   4.2308877e+02
   3.4751377e+02
   2.7993598e+02
   2.2040134e+02
   1.6887076e+02
   1.2522049e+02
   8.9244038e+01
   6.0655443e+01
   3.9093919e+01
   2.4129857e+01
   1.5272020e+01
   1.1975822e+01
   1.3652534e+01
   1.9679229e+01
   2.9409264e+01
   4.2183082e+01
   5.7339115e+01
   7.4224539e+01
   9.2205678e+01
   1.1067782e+02
   1.2907426e+02
   1.4687435e+02
   1.6361045e+02
   1.7887364e+02
   1.9231802e+02
   2.0366367e+02
   2.1269812e+02
   2.1927644e+02
   2.2331991e+02
   2.2481342e+02
   2.2380166e+02
   2.2038424e+02
   2.1470995e+02
   2.0697027e+02
   1.9739230e+02
   1.8623142e+02
   1.7376372e+02
   1.6027848e+02
   1.4607083e+02
   1.3143479e+02
   1.1665681e+02
   1.0200992e+02
   8.7748595e+01
   7.4104438e+01
   6.1282674e+01
   4.9459530e+01
   3.8780468e+01
   2.9359258e+01
   2.1277849e+01
   1.4586975e+01
   9.3074195e+00
   5.4318586e+00
   2.9271851e+00
   1.7372157e+00
   1.7856844e+00
   2.9794221e+00
   5.2116293e+00
   8.3651583e+00
   1.2315722e+01
   1.6934962e+01
   2.2093314e+01
   2.7662631e+01
   3.3518516e+01
   3.9542351e+01
   4.5622999e+01
   5.1658174e+01
   5.7555492e+01
   6.3233206e+01
   6.8620642e+01
   7.3658363e+01
   7.8298097e+01
   8.2502435e+01
   8.6244362e+01
   8.9506620e+01
   9.2280970e+01
   9.4567351e+01
   9.6372986e+01
   9.7711458e+01
   9.8601772e+01
   9.9067431e+01
   9.9135543e+01
   9.8835976e+01
   9.8200560e+01
   9.7262366e+01
   9.6055049e+01
   9.4612268e+01
   9.2967184e+01
   9.1152032e+01
   8.9197768e+01
   8.7133784e+01
   8.4987696e+01
   8.2785183e+01
   8.0549890e+01
   7.8303376e+01
   7.6065101e+01
   7.3852460e+01
   7.1680839e+01
   6.9563699e+01
   6.7512684e+01
   6.5537737e+01
   6.3647232e+01
   6.1848114e+01
   6.0146037e+01
   5.8545508e+01
   5.7050027e+01
   5.5662221e+01
   5.4383978e+01
   5.3216567e+01
   5.2160754e+01
   5.1216911e+01
   5.0385107e+01
   4.9665201e+01
   4.9056915e+01
   4.8559903e+01
   4.8173802e+01
   4.7898287e+01
   4.7733097e+01
   4.7678067e+01
   4.7733140e+01
   4.7898373e+01
   4.8173932e+01
   4.8560077e+01
   4.9057137e+01
   4.9665471e+01
   5.0385428e+01
   5.1217286e+01
   5.2161186e+01
   5.3217059e+01
   5.4384535e+01
   5.5662847e+01
   5.7050727e+01
   5.8546287e+01
   6.0146900e+01
   6.1849068e+01
   6.3648282e+01
   6.5538889e+01
   6.7513946e+01
   6.9565076e+01
   7.1682338e+01
   7.3854088e+01
   7.6066864e+01
   7.8305280e+01
   8.0551941e+01
   8.2787386e+01
   8.4990055e+01
   8.7136303e+01
   8.9200449e+01
   9.1154878e+01
   9.2970193e+01
   9.4615438e+01
   9.6058377e+01
   9.7265846e+01
   9.8204184e+01
   9.8839734e+01
   9.9139424e+01
   9.9071418e+01
   9.8605848e+01
   9.7715603e+01
   9.6377177e+01
   9.4571564e+01
   9.2285177e+01
   8.9510793e+01
   8.6248470e+01
   8.2506448e+01
   7.8301982e+01
   7.3662089e+01
   6.8624178e+01
   6.3236524e+01
   5.7558565e+01
   5.1660979e+01
   4.5625518e+01
   3.9544572e+01
   3.3520431e+01
   2.7664242e+01
   2.2094630e+01
   1.6936001e+01
   1.2316512e+01
   8.3657371e+00
   5.2120459e+00
   2.9797357e+00
   1.7859649e+00
   1.7375441e+00
   2.9276509e+00
   5.4325587e+00
   9.3084583e+00
   1.4588462e+01
   2.1279898e+01
   2.9361982e+01
   3.8783980e+01
   4.9463939e+01
   6.1288082e+01
   7.4110935e+01
   8.7756261e+01
   1.0201882e+02
   1.1666698e+02
   1.3144626e+02
   1.4608360e+02
   1.6029253e+02
   1.7377900e+02
   1.8624785e+02
   1.9740978e+02
   2.0698867e+02
   2.1472913e+02
   2.2040401e+02
   2.2382183e+02
   2.2483378e+02
   2.2334024e+02
   2.1929651e+02
   2.1271771e+02
   2.0368255e+02
   1.9233598e+02
   1.7889048e+02
   1.6362600e+02
   1.4688846e+02
   1.2908683e+02
   1.1068878e+02
   9.2214999e+01
   7.4232249e+01
   5.7345292e+01
   4.2187859e+01
   2.9412827e+01
   1.9681822e+01
   1.3654456e+01
   1.1977424e+01
   1.5273703e+01
   2.4132068e+01
   3.9097143e+01
   6.0660202e+01
   8.9250881e+01
   1.2522998e+02
   1.6888349e+02
   2.2041789e+02
   2.7995693e+02
   3.4753969e+02
   4.2312021e+02
   5.0656842e+02
   5.9767248e+02
   6.9614232e+02
   8.0161438e+02
   9.1365737e+02
   1.0317789e+03
   1.1554329e+03
   1.2840273e+03
   1.4169329e+03
   1.5534913e+03
   1.6930241e+03
   1.8348410e+03
   1.9782485e+03
   2.1225580e+03
   2.2670928e+03
   2.4111956e+03
   2.5542348e+03
   2.6956100e+03
   2.8347568e+03
   2.9711515e+03
   3.1043137e+03
   3.2338095e+03
   3.3592532e+03
   3.4803079e+03
   3.5966869e+03
   3.7081524e+03
   3.8145154e+03
   3.9156342e+03
   4.0114125e+03
   4.1017971e+03
   4.1867757e+03
   4.2663740e+03
   4.3406523e+03
   4.4097032e+03
   4.4736473e+03
   4.5326308e+03
   4.5868218e+03
   4.6364073e+03
   4.6815895e+03
   4.7225836e+03
   4.7596142e+03
   4.7929127e+03
   4.8227149e+03
   4.8492584e+03
   4.8727803e+03
   4.8935153e+03
   4.9116936e+03
   4.9275394e+03
   4.9412694e+03
   4.9530912e+03
   4.9632023e+03
   4.9717889e+03
   4.9790250e+03
   4.9850719e+03
   4.9900770e+03
   4.9941737e+03
   4.9974806e+03
   5.0001012e+03
   5.0021236e+03
   5.0036202e+03
   5.0046476e+03
   5.0052462e+03
   5.0054403e+03
