   4.8032084e+03
   4.8030200e+03
   4.8024547e+03
   4.8014895e+03
   4.8000856e+03
   4.7981891e+03
   4.7957310e+03
   4.7926272e+03
   4.7887790e+03
   4.7840732e+03
   4.7783826e+03
   4.7715665e+03
   4.7634711e+03
   4.7539302e+03
   4.7427659e+03
   4.7297899e+03
   4.7148037e+03
   4.6976004e+03
   4.6779659e+03
   4.6556799e+03
   4.6305181e+03
   4.6022536e+03
   4.5706590e+03
   4.5355084e+03
   4.4965801e+03
   4.4536584e+03
   4.4065369e+03
   4.3550208e+03
   4.2989300e+03
   4.2381022e+03
   4.1723957e+03
   4.1016927e+03
   4.0259025e+03
   3.9449644e+03
   3.8588509e+03
   3.7675702e+03
   3.6711694e+03
   3.5697366e+03
   3.4634031e+03
   3.3523451e+03
   3.2367852e+03
   3.1169928e+03
   2.9932849e+03
   2.8660253e+03
   2.7356242e+03
   2.6025356e+03
   2.4672560e+03
   2.3303204e+03
   2.1922989e+03
   2.0537919e+03
   1.9154247e+03
   1.7778420e+03
   1.6417007e+03
   1.5076632e+03
   1.3763894e+03
   1.2485294e+03
   1.1247148e+03
   1.0055505e+03
   8.9160710e+02
   7.8341223e+02
   6.8144337e+02
   5.8612064e+02
   4.9780039e+02
   4.1676965e+02
   3.4324145e+02
   2.7735132e+02
   2.1915489e+02
   1.6862682e+02
   1.2566101e+02
   9.0072160e+01
   6.1598718e+01
   3.9907121e+01
   2.4597295e+01
   1.5209333e+01
   1.1231206e+01
   1.2107389e+01
   1.7248206e+01
   2.6039713e+01
   3.7853930e+01
   5.2059182e+01
   6.8030359e+01
   8.5158860e+01
   1.0286202e+02
   1.2059183e+02
   1.3784278e+02
   1.5415862e+02
   1.6913801e+02
   1.8243888e+02
   1.9378143e+02
   2.0294987e+02
   2.0979266e+02
   2.1422162e+02
   2.1620959e+02
   2.1578712e+02
   2.1303802e+02
   2.0809405e+02
   2.0112897e+02
   1.9235189e+02
   1.8200040e+02
   1.7033341e+02
   1.5762402e+02
   1.4415250e+02
   1.3019967e+02
   1.1604058e+02
   1.0193891e+02
   8.8141892e+01
   7.4876053e+01
   6.2343712e+01
   5.0720286e+01
   4.0152419e+01
   3.0756900e+01
   2.2620345e+01
   1.5799598e+01
   1.0322751e+01
   6.1907499e+00
   3.3794624e+00
   1.8421372e+00
   1.5121568e+00
   2.3059911e+00
   4.1262598e+00
   6.8648291e+00
   1.0405859e+01
   1.4628735e+01
   1.9410832e+01
   2.4630052e+01
   3.0167109e+01
   3.5907532e+01
   4.1743365e+01
   4.7574558e+01
   5.3310056e+01
   5.8868588e+01
   6.4179174e+01
   6.9181369e+01
   7.3825270e+01
   7.8071312e+01
   8.1889884e+01
   8.5260788e+01
   8.8172588e+01
   9.0621851e+01
   9.2612336e+01
   9.4154136e+01
   9.5262808e+01
   9.5958507e+01
   9.6265134e+01
   9.6209533e+01
   9.5820727e+01
   9.5129217e+01
   9.4166340e+01
   9.2963702e+01
   9.1552675e+01
   8.9963968e+01
   8.8227270e+01
   8.6370953e+01
   8.4421845e+01
   8.2405055e+01
   8.0343858e+01
   7.8259622e+01
   7.6171781e+01
   7.4097841e+01
   7.2053426e+01
   7.0052337e+01
   6.8106641e+01
   6.6226774e+01
   6.4421657e+01
   6.2698814e+01
   6.1064506e+01
   5.9523856e+01
   5.8080981e+01
   5.6739115e+01
   5.5500736e+01
   5.4367676e+01
   5.3341233e+01
   5.2422273e+01
   5.1611319e+01
   5.0908636e+01
   5.0314304e+01
   4.9828284e+01
   4.9450468e+01
   4.9180728e+01
   4.9018946e+01
   4.8965043e+01
   4.9018991e+01
   4.9180818e+01
   4.9450605e+01
   4.9828469e+01
   5.0314538e+01
   5.0908921e+01
   5.1611657e+01
   5.2422667e+01
   5.3341687e+01
   5.4368192e+01
   5.5501319e+01
   5.6739769e+01
   5.8081710e+01
   5.9524666e+01
   6.1065401e+01
   6.2699800e+01
   6.4422740e+01
   6.6227960e+01
   6.8107935e+01
   7.0053746e+01
   7.2054957e+01
   7.4099499e+01
   7.6173571e+01
   7.8261551e+01
   8.0345930e+01
   8.2407275e+01
   8.4424216e+01
   8.6373477e+01
   8.8229950e+01
   8.9966804e+01
   9.1555665e+01
   9.2966845e+01
   9.4169630e+01
   9.5132648e+01
   9.5824291e+01
   9.6213218e+01
   9.6268928e+01
   9.5962394e+01
   9.5266771e+01
   9.4158153e+01
   9.2616386e+01
   9.0625909e+01
   8.8176628e+01
   8.5264782e+01
   8.1893801e+01
   7.8075124e+01
   7.3828945e+01
   6.9184879e+01
   6.4182490e+01
   5.8871683e+01
   5.3312907e+01
   4.7577144e+01
   4.1745671e+01
   3.5909548e+01
   3.0168831e+01
   2.4631484e+01
   1.9411987e+01
   1.4629633e+01
   1.0406530e+01
   6.8653133e+00
   4.1266075e+00
   2.3062626e+00
   1.5124230e+00
   1.8424786e+00
   3.3799674e+00
   6.1915139e+00
   1.0323876e+01
   1.5801190e+01
   2.2622515e+01
   3.0759755e+01
   4.0156069e+01
   5.0724832e+01
   6.2349249e+01
   7.4882667e+01
   8.8149654e+01
   1.0194788e+02
   1.1605079e+02
   1.3021113e+02
   1.4416522e+02
   1.5763797e+02
   1.7034853e+02
   1.8201662e+02
   1.9236909e+02
   2.0114702e+02
   2.0811281e+02
   2.1305731e+02
   2.1580676e+02
   2.1622936e+02
   2.1424131e+02
   2.0981205e+02
   2.0296874e+02
   1.9379957e+02
   1.8245608e+02
   1.6915409e+02
   1.5417342e+02
   1.3785616e+02
   1.2060370e+02
   1.0287232e+02
   8.5167569e+01
   6.8037517e+01
   5.2064872e+01
   3.7858291e+01
   2.6042936e+01
   1.7250535e+01
   1.2109122e+01
   1.1232690e+01
   1.5210965e+01
   2.4599514e+01
   3.9910401e+01
   6.1603569e+01
   9.0079115e+01
   1.2567062e+02
   1.6863966e+02
   2.1917151e+02
   2.7737228e+02
   3.4326731e+02
   4.1680093e+02
   4.9783760e+02
   5.8616423e+02
   6.8149377e+02
   7.8346980e+02
   8.9167217e+02
   1.0056234e+03
   1.1247956e+03
   1.2486184e+03
   1.3764866e+03
   1.5077685e+03
   1.6418142e+03
   1.7779635e+03
   1.9155540e+03
   2.0539288e+03
   2.1924431e+03
   2.3304716e+03
   2.4674138e+03
   2.6026995e+03
   2.7357937e+03
   2.8662000e+03
   2.9934642e+03
   3.1171761e+03
   3.2369720e+03
   3.3525349e+03
   3.4635951e+03
   3.5699303e+03
   3.6713642e+03
   3.7677655e+03
   3.8590462e+03
   3.9451591e+03
   4.0260961e+03
   4.1018845e+03
   4.1725853e+03
   4.2382891e+03
   4.2991138e+03
   4.3552009e+03
   4.4067130e+03
   4.4538302e+03
   4.4967471e+03
   4.5356704e+03
   4.5708155e+03
   4.6024045e+03
   4.6306631e+03
   4.6558187e+03
   4.6780984e+03
   4.6977264e+03
   4.7149229e+03
   4.7299022e+03
   4.7428712e+03
   4.7540283e+03
   4.7635621e+03
   4.7716502e+03
   4.7784589e+03
   4.7841420e+03
   4.7888403e+03
   4.7926809e+03
   4.7957771e+03
   4.7982276e+03
   4.8001164e+03
   4.8015126e+03
   4.8024702e+03
   4.8030277e+03
   4.8032084e+03
