   1.1820289e-04
   1.1820285e-04
   1.1820278e-04
   1.1820268e-04
   1.1820255e-04
   1.1820238e-04
   1.1820216e-04
   1.1820190e-04
   1.1820157e-04
   1.1820118e-04
   1.1820072e-04
   1.1820016e-04
   1.1819951e-04
   1.1819874e-04
   1.1819785e-04
   1.1819681e-04
   1.1819561e-04
   1.1819424e-04
   1.1819267e-04
   1.1819089e-04
   1.1818888e-04
   1.1818661e-04
   1.1818406e-04
   1.1818121e-04
   1.1817804e-04
   1.1817452e-04
   1.1817063e-04
   1.1816635e-04
   1.1816164e-04
   1.1815647e-04
   1.1815084e-04
   1.1814469e-04
   1.1813801e-04
   1.1813077e-04
   1.1812294e-04
   1.1811449e-04
   1.1810540e-04
   1.1809562e-04
   1.1808513e-04
   1.1807390e-04
   1.1806191e-04
   1.1804912e-04
   1.1803550e-04
   1.1802102e-04
   1.1800566e-04
   1.1798938e-04
   1.1797215e-04
   1.1795395e-04
   1.1793474e-04
   1.1791451e-04
   1.1789322e-04
   1.1787084e-04
   1.1784735e-04
   1.1782272e-04
   1.1779693e-04
   1.1776996e-04
   1.1774177e-04
   1.1771236e-04
   1.1768168e-04
   1.1764973e-04
   1.1761649e-04
   1.1758193e-04
   1.1754604e-04
   1.1750880e-04
   1.1747020e-04
   1.1743022e-04
   1.1738884e-04
   1.1734606e-04
   1.1730186e-04
   1.1725624e-04
   1.1720919e-04
   1.1716070e-04
   1.1711076e-04
   1.1705938e-04
   1.1700654e-04
   1.1695225e-04
   1.1689651e-04
   1.1683932e-04
   1.1678069e-04
   1.1672061e-04
   1.1665911e-04
   1.1659617e-04
   1.1653183e-04
   1.1646607e-04
   1.1639893e-04
   1.1633041e-04
   1.1626054e-04
   1.1618932e-04
   1.1611678e-04
   1.1604294e-04
   1.1596782e-04
   1.1589144e-04
   1.1581384e-04
   1.1573504e-04
   1.1565507e-04
   1.1557395e-04
   1.1549173e-04
   1.1540843e-04
   1.1532409e-04
   1.1523874e-04
   1.1515243e-04
   1.1506519e-04
   1.1497706e-04
   1.1488809e-04
   1.1479831e-04
   1.1470778e-04
   1.1461653e-04
   1.1452461e-04
   1.1443207e-04
   1.1433896e-04
   1.1424534e-04
   1.1415124e-04
   1.1405672e-04
   1.1396183e-04
   1.1386663e-04
   1.1377117e-04
   1.1367551e-04
   1.1357970e-04
   1.1348380e-04
   1.1338786e-04
   1.1329194e-04
   1.1319610e-04
   1.1310039e-04
   1.1300489e-04
   1.1290963e-04
   1.1281469e-04
   1.1272013e-04
   1.1262599e-04
   1.1253235e-04
   1.1243926e-04
   1.1234678e-04
   1.1225497e-04
   1.1216389e-04
   1.1207359e-04
   1.1198415e-04
   1.1189561e-04
   1.1180804e-04
   1.1172148e-04
   1.1163601e-04
   1.1155167e-04
   1.1146853e-04
   1.1138663e-04
   1.1130604e-04
   1.1122681e-04
   1.1114898e-04
   1.1107262e-04
   1.1099778e-04
   1.1092450e-04
   1.1085284e-04
   1.1078284e-04
   1.1071456e-04
   1.1064804e-04
   1.1058332e-04
   1.1052046e-04
   1.1045949e-04
   1.1040045e-04
   1.1034339e-04
   1.1028835e-04
   1.1023537e-04
   1.1018447e-04
   1.1013570e-04
   1.1008909e-04
   1.1004468e-04
   1.1000249e-04
   1.0996255e-04
   1.0992490e-04
   1.0988955e-04
   1.0985654e-04
   1.0982588e-04
   1.0979760e-04
   1.0977172e-04
   1.0974825e-04
   1.0972721e-04
   1.0970862e-04
   1.0969249e-04
   1.0967883e-04
   1.0966765e-04
   1.0965896e-04
   1.0965276e-04
   1.0964907e-04
   1.0964787e-04
   1.0964918e-04
   1.0965299e-04
   1.0965929e-04
   1.0966809e-04
   1.0967938e-04
   1.0969315e-04
   1.0970939e-04
   1.0972809e-04
   1.0974924e-04
   1.0977281e-04
   1.0979881e-04
   1.0982719e-04
   1.0985796e-04
   1.0989108e-04
   1.0992653e-04
   1.0996429e-04
   1.1000433e-04
   1.1004662e-04
   1.1009114e-04
   1.1013784e-04
   1.1018671e-04
   1.1023770e-04
   1.1029079e-04
   1.1034593e-04
   1.1040308e-04
   1.1046221e-04
   1.1052327e-04
   1.1058622e-04
   1.1065103e-04
   1.1071764e-04
   1.1078601e-04
   1.1085609e-04
   1.1092783e-04
   1.1100119e-04
   1.1107611e-04
   1.1115255e-04
   1.1123045e-04
   1.1130976e-04
   1.1139042e-04
   1.1147239e-04
   1.1155560e-04
   1.1164000e-04
   1.1172554e-04
   1.1181216e-04
   1.1189979e-04
   1.1198839e-04
   1.1207789e-04
   1.1216824e-04
   1.1225937e-04
   1.1235123e-04
   1.1244376e-04
   1.1253690e-04
   1.1263058e-04
   1.1272476e-04
   1.1281937e-04
   1.1291434e-04
   1.1300963e-04
   1.1310517e-04
   1.1320090e-04
   1.1329677e-04
   1.1339272e-04
   1.1348868e-04
   1.1358461e-04
   1.1368044e-04
   1.1377612e-04
   1.1387159e-04
   1.1396680e-04
   1.1406170e-04
   1.1415623e-04
   1.1425033e-04
   1.1434397e-04
   1.1443708e-04
   1.1452961e-04
   1.1462153e-04
   1.1471277e-04
   1.1480330e-04
   1.1489307e-04
   1.1498204e-04
   1.1507015e-04
   1.1515738e-04
   1.1524368e-04
   1.1532900e-04
   1.1541333e-04
   1.1549660e-04
   1.1557880e-04
   1.1565989e-04
   1.1573984e-04
   1.1581862e-04
   1.1589619e-04
   1.1597253e-04
   1.1604762e-04
   1.1612142e-04
   1.1619393e-04
   1.1626511e-04
   1.1633495e-04
   1.1640343e-04
   1.1647053e-04
   1.1653624e-04
   1.1660054e-04
   1.1666343e-04
   1.1672489e-04
   1.1678492e-04
   1.1684351e-04
   1.1690065e-04
   1.1695634e-04
   1.1701057e-04
   1.1706336e-04
   1.1711469e-04
   1.1716458e-04
   1.1721302e-04
   1.1726001e-04
   1.1730558e-04
   1.1734972e-04
   1.1739244e-04
   1.1743376e-04
   1.1747369e-04
   1.1751224e-04
   1.1754942e-04
   1.1758525e-04
   1.1761975e-04
   1.1765293e-04
   1.1768482e-04
   1.1771544e-04
   1.1774479e-04
   1.1777292e-04
   1.1779984e-04
   1.1782557e-04
   1.1785013e-04
   1.1787356e-04
   1.1789588e-04
   1.1791711e-04
   1.1793729e-04
   1.1795643e-04
   1.1797458e-04
   1.1799174e-04
   1.1800797e-04
   1.1802327e-04
   1.1803769e-04
   1.1805125e-04
   1.1806399e-04
   1.1807592e-04
   1.1808709e-04
   1.1809752e-04
   1.1810724e-04
   1.1811628e-04
   1.1812468e-04
   1.1813245e-04
   1.1813964e-04
   1.1814626e-04
   1.1815235e-04
   1.1815793e-04
   1.1816304e-04
   1.1816770e-04
   1.1817193e-04
   1.1817577e-04
   1.1817923e-04
   1.1818235e-04
   1.1818515e-04
   1.1818764e-04
   1.1818986e-04
   1.1819182e-04
   1.1819356e-04
   1.1819507e-04
   1.1819639e-04
   1.1819754e-04
   1.1819853e-04
   1.1819937e-04
   1.1820009e-04
   1.1820070e-04
   1.1820120e-04
   1.1820162e-04
   1.1820196e-04
   1.1820223e-04
   1.1820245e-04
   1.1820262e-04
   1.1820274e-04
   1.1820283e-04
   1.1820288e-04
   1.1820290e-04
   1.1820289e-04
