   1.2344555e+00
   1.2344522e+00
   1.2344428e+00
   1.2344269e+00
   1.2344037e+00
   1.2343723e+00
   1.2343314e+00
   1.2342792e+00
   1.2342141e+00
   1.2341338e+00
   1.2340359e+00
   1.2339177e+00
   1.2337762e+00
   1.2336083e+00
   1.2334105e+00
   1.2331789e+00
   1.2329097e+00
   1.2325986e+00
   1.2322412e+00
   1.2318328e+00
   1.2313685e+00
   1.2308434e+00
   1.2302521e+00
   1.2295891e+00
   1.2288490e+00
   1.2280258e+00
   1.2271137e+00
   1.2261066e+00
   1.2249984e+00
   1.2237829e+00
   1.2224536e+00
   1.2210041e+00
   1.2194280e+00
   1.2177188e+00
   1.2158698e+00
   1.2138747e+00
   1.2117268e+00
   1.2094196e+00
   1.2069468e+00
   1.2043019e+00
   1.2014787e+00
   1.1984710e+00
   1.1952729e+00
   1.1918783e+00
   1.1882816e+00
   1.1844773e+00
   1.1804601e+00
   1.1762250e+00
   1.1717671e+00
   1.1670818e+00
   1.1621650e+00
   1.1570127e+00
   1.1516213e+00
   1.1459875e+00
   1.1401085e+00
   1.1339817e+00
   1.1276050e+00
   1.1209767e+00
   1.1140956e+00
   1.1069607e+00
   1.0995716e+00
   1.0919285e+00
   1.0840317e+00
   1.0758824e+00
   1.0674820e+00
   1.0588323e+00
   1.0499359e+00
   1.0407957e+00
   1.0314150e+00
   1.0217977e+00
   1.0119482e+00
   1.0018713e+00
   9.9157227e-01
   9.8105689e-01
   9.7033135e-01
   9.5940227e-01
   9.4827670e-01
   9.3696211e-01
   9.2546632e-01
   9.1379756e-01
   9.0196440e-01
   8.8997574e-01
   8.7784078e-01
   8.6556903e-01
   8.5317024e-01
   8.4065442e-01
   8.2803179e-01
   8.1531274e-01
   8.0250784e-01
   7.8962780e-01
   7.7668341e-01
   7.6368556e-01
   7.5064520e-01
   7.3757328e-01
   7.2448076e-01
   7.1137858e-01
   6.9827760e-01
   6.8518862e-01
   6.7212231e-01
   6.5908923e-01
   6.4609976e-01
   6.3316410e-01
   6.2029226e-01
   6.0749403e-01
   5.9477893e-01
   5.8215622e-01
   5.6963491e-01
   5.5722368e-01
   5.4493091e-01
   5.3276465e-01
   5.2073261e-01
   5.0884216e-01
   4.9710030e-01
   4.8551366e-01
   4.7408853e-01
   4.6283077e-01
   4.5174591e-01
   4.4083907e-01
   4.3011498e-01
   4.1957801e-01
   4.0923213e-01
   3.9908094e-01
   3.8912766e-01
   3.7937514e-01
   3.6982588e-01
   3.6048201e-01
   3.5134533e-01
   3.4241730e-01
   3.3369902e-01
   3.2519133e-01
   3.1689471e-01
   3.0880939e-01
   3.0093530e-01
   2.9327210e-01
   2.8581921e-01
   2.7857578e-01
   2.7154078e-01
   2.6471292e-01
   2.5809075e-01
   2.5167262e-01
   2.4545671e-01
   2.3944104e-01
   2.3362349e-01
   2.2800184e-01
   2.2257372e-01
   2.1733669e-01
   2.1228820e-01
   2.0742564e-01
   2.0274634e-01
   1.9824759e-01
   1.9392662e-01
   1.8978067e-01
   1.8580694e-01
   1.8200264e-01
   1.7836500e-01
   1.7489125e-01
   1.7157866e-01
   1.6842454e-01
   1.6542623e-01
   1.6258116e-01
   1.5988679e-01
   1.5734066e-01
   1.5494040e-01
   1.5268371e-01
   1.5056839e-01
   1.4859233e-01
   1.4675353e-01
   1.4505009e-01
   1.4348023e-01
   1.4204227e-01
   1.4073466e-01
   1.3955597e-01
   1.3850491e-01
   1.3758030e-01
   1.3678111e-01
   1.3610643e-01
   1.3555548e-01
   1.3512764e-01
   1.3482242e-01
   1.3463947e-01
   1.3457856e-01
   1.3463964e-01
   1.3482276e-01
   1.3512816e-01
   1.3555617e-01
   1.3610728e-01
   1.3678214e-01
   1.3758152e-01
   1.3850630e-01
   1.3955755e-01
   1.4073642e-01
   1.4204422e-01
   1.4348238e-01
   1.4505244e-01
   1.4675609e-01
   1.4859510e-01
   1.5057137e-01
   1.5268691e-01
   1.5494382e-01
   1.5734432e-01
   1.5989068e-01
   1.6258531e-01
   1.6543064e-01
   1.6842920e-01
   1.7158360e-01
   1.7489647e-01
   1.7837051e-01
   1.8200845e-01
   1.8581306e-01
   1.8978711e-01
   1.9393339e-01
   1.9825470e-01
   2.0275380e-01
   2.0743346e-01
   2.1229640e-01
   2.1734528e-01
   2.2258271e-01
   2.2801124e-01
   2.3363331e-01
   2.3945129e-01
   2.4546741e-01
   2.5168378e-01
   2.5810239e-01
   2.6472504e-01
   2.7155339e-01
   2.7858891e-01
   2.8583285e-01
   2.9328629e-01
   3.0095003e-01
   3.0882468e-01
   3.1691057e-01
   3.2520777e-01
   3.3371606e-01
   3.4243493e-01
   3.5136359e-01
   3.6050089e-01
   3.6984539e-01
   3.7939529e-01
   3.8914845e-01
   3.9910239e-01
   4.0925425e-01
   4.1960080e-01
   4.3013845e-01
   4.4086322e-01
   4.5177074e-01
   4.6285629e-01
   4.7411473e-01
   4.8554055e-01
   4.9712787e-01
   5.0887042e-01
   5.2076156e-01
   5.3279428e-01
   5.4496122e-01
   5.5725466e-01
   5.6966656e-01
   5.8218852e-01
   5.9481187e-01
   6.0752761e-01
   6.2032647e-01
   6.3319892e-01
   6.4613517e-01
   6.5912523e-01
   6.7215888e-01
   6.8522574e-01
   6.9831525e-01
   7.1141674e-01
   7.2451941e-01
   7.3761240e-01
   7.5068477e-01
   7.6372555e-01
   7.7672380e-01
   7.8966856e-01
   8.0254896e-01
   8.1535418e-01
   8.2807352e-01
   8.4069643e-01
   8.5321248e-01
   8.6561148e-01
   8.7788341e-01
   8.9001852e-01
   9.0200731e-01
   9.1384056e-01
   9.2550938e-01
   9.3700520e-01
   9.4831980e-01
   9.5944533e-01
   9.7037435e-01
   9.8109981e-01
   9.9161507e-01
   1.0019139e+00
   1.0119907e+00
   1.0218400e+00
   1.0314570e+00
   1.0408375e+00
   1.0499774e+00
   1.0588735e+00
   1.0675228e+00
   1.0759229e+00
   1.0840718e+00
   1.0919681e+00
   1.0996108e+00
   1.1069994e+00
   1.1141338e+00
   1.1210145e+00
   1.1276423e+00
   1.1340184e+00
   1.1401447e+00
   1.1460231e+00
   1.1516563e+00
   1.1570471e+00
   1.1621988e+00
   1.1671150e+00
   1.1717996e+00
   1.1762569e+00
   1.1804914e+00
   1.1845079e+00
   1.1883115e+00
   1.1919075e+00
   1.1953014e+00
   1.1984989e+00
   1.2015059e+00
   1.2043284e+00
   1.2069725e+00
   1.2094447e+00
   1.2117511e+00
   1.2138983e+00
   1.2158927e+00
   1.2177410e+00
   1.2194495e+00
   1.2210249e+00
   1.2224736e+00
   1.2238022e+00
   1.2250171e+00
   1.2261246e+00
   1.2271309e+00
   1.2280423e+00
   1.2288648e+00
   1.2296043e+00
   1.2302666e+00
   1.2308572e+00
   1.2313816e+00
   1.2318452e+00
   1.2322529e+00
   1.2326096e+00
   1.2329201e+00
   1.2331886e+00
   1.2334195e+00
   1.2336167e+00
   1.2337840e+00
   1.2339248e+00
   1.2340423e+00
   1.2341396e+00
   1.2342192e+00
   1.2342837e+00
   1.2343352e+00
   1.2343755e+00
   1.2344063e+00
   1.2344288e+00
   1.2344441e+00
   1.2344528e+00
   1.2344555e+00
