   6.4389247e+02
   6.4387098e+02
   6.4380643e+02
   6.4369772e+02
   6.4354306e+02
   6.4333991e+02
   6.4308504e+02
   6.4277451e+02
   6.4240369e+02
   6.4196728e+02
   6.4145929e+02
   6.4087309e+02
   6.4020144e+02
   6.3943647e+02
   6.3856972e+02
   6.3759220e+02
   6.3649437e+02
   6.3526620e+02
   6.3389723e+02
   6.3237654e+02
   6.3069289e+02
   6.2883468e+02
   6.2679006e+02
   6.2454695e+02
   6.2209314e+02
   6.1941630e+02
   6.1650410e+02
   6.1334424e+02
   6.0992457e+02
   6.0623311e+02
   6.0225819e+02
   5.9798850e+02
   5.9341319e+02
   5.8852196e+02
   5.8330513e+02
   5.7775379e+02
   5.7185983e+02
   5.6561606e+02
   5.5901631e+02
   5.5205551e+02
   5.4472979e+02
   5.3703656e+02
   5.2897458e+02
   5.2054406e+02
   5.1174672e+02
   5.0258584e+02
   4.9306634e+02
   4.8319483e+02
   4.7297962e+02
   4.6243076e+02
   4.5156008e+02
   4.4038116e+02
   4.2890933e+02
   4.1716166e+02
   4.0515694e+02
   3.9291557e+02
   3.8045956e+02
   3.6781244e+02
   3.5499911e+02
   3.4204583e+02
   3.2898001e+02
   3.1583016e+02
   3.0262566e+02
   2.8939669e+02
   2.7617398e+02
   2.6298871e+02
   2.4987230e+02
   2.3685620e+02
   2.2397173e+02
   2.1124987e+02
   1.9872109e+02
   1.8641510e+02
   1.7436072e+02
   1.6258568e+02
   1.5111640e+02
   1.3997787e+02
   1.2919349e+02
   1.1878486e+02
   1.0877173e+02
   9.9171831e+01
   9.0000770e+01
   8.1271971e+01
   7.2996594e+01
   6.5183484e+01
   5.7839151e+01
   5.0967752e+01
   4.4571106e+01
   3.8648725e+01
   3.3197856e+01
   2.8213552e+01
   2.3688753e+01
   1.9614386e+01
   1.5979477e+01
   1.2771280e+01
   9.9754127e+00
   7.5760085e+00
   5.5558711e+00
   3.8966385e+00
   2.5789509e+00
   1.5826208e+00
   8.8680538e-01
   4.7017632e-01
   3.1108845e-01
   3.8774343e-01
   6.7834799e-01
   1.1612650e+00
   1.8151564e+00
   2.6191162e+00
   3.5527941e+00
   4.5965068e+00
   5.7313386e+00
   6.9392296e+00
   8.2030512e+00
   9.5066696e+00
   1.0834996e+01
   1.2174028e+01
   1.3510872e+01
   1.4833762e+01
   1.6132065e+01
   1.7396271e+01
   1.8617984e+01
   1.9789895e+01
   2.0905750e+01
   2.1960315e+01
   2.2949329e+01
   2.3869458e+01
   2.4718237e+01
   2.5494019e+01
   2.6195911e+01
   2.6823715e+01
   2.7377869e+01
   2.7859381e+01
   2.8269770e+01
   2.8611005e+01
   2.8885447e+01
   2.9095790e+01
   2.9245010e+01
   2.9336312e+01
   2.9373081e+01
   2.9358838e+01
   2.9297195e+01
   2.9191820e+01
   2.9046403e+01
   2.8864617e+01
   2.8650101e+01
   2.8406425e+01
   2.8137077e+01
   2.7845439e+01
   2.7534773e+01
   2.7208212e+01
   2.6868746e+01
   2.6519216e+01
   2.6162311e+01
   2.5800561e+01
   2.5436339e+01
   2.5071861e+01
   2.4709185e+01
   2.4350218e+01
   2.3996717e+01
   2.3650296e+01
   2.3312431e+01
   2.2984465e+01
   2.2667618e+01
   2.2362990e+01
   2.2071572e+01
   2.1794249e+01
   2.1531813e+01
   2.1284964e+01
   2.1054323e+01
   2.0840433e+01
   2.0643769e+01
   2.0464744e+01
   2.0303713e+01
   2.0160979e+01
   2.0036799e+01
   1.9931386e+01
   1.9844914e+01
   1.9777522e+01
   1.9729313e+01
   1.9700362e+01
   1.9690711e+01
   1.9700375e+01
   1.9729340e+01
   1.9777562e+01
   1.9844968e+01
   1.9931453e+01
   2.0036880e+01
   2.0161074e+01
   2.0303821e+01
   2.0464867e+01
   2.0643907e+01
   2.0840585e+01
   2.1054491e+01
   2.1285148e+01
   2.1532012e+01
   2.1794465e+01
   2.2071804e+01
   2.2363240e+01
   2.2667885e+01
   2.2984750e+01
   2.3312734e+01
   2.3650618e+01
   2.3997058e+01
   2.4350578e+01
   2.4709565e+01
   2.5072261e+01
   2.5436760e+01
   2.5801002e+01
   2.6162773e+01
   2.6519699e+01
   2.6869249e+01
   2.7208736e+01
   2.7535318e+01
   2.7846004e+01
   2.8137663e+01
   2.8407031e+01
   2.8650726e+01
   2.8865261e+01
   2.9047064e+01
   2.9192499e+01
   2.9297889e+01
   2.9359547e+01
   2.9373803e+01
   2.9337046e+01
   2.9245754e+01
   2.9096542e+01
   2.8886205e+01
   2.8611768e+01
   2.8270535e+01
   2.7860146e+01
   2.7378631e+01
   2.6824471e+01
   2.6196659e+01
   2.5494756e+01
   2.4718961e+01
   2.3870165e+01
   2.2950018e+01
   2.1960981e+01
   2.0906392e+01
   1.9790510e+01
   1.8618569e+01
   1.7396824e+01
   1.6132584e+01
   1.4834246e+01
   1.3511318e+01
   1.2174436e+01
   1.0835365e+01
   9.5069990e+00
   8.2033414e+00
   6.9394812e+00
   5.7315527e+00
   4.5966852e+00
   3.5529393e+00
   2.6192312e+00
   1.8152448e+00
   1.1613313e+00
   6.7839715e-01
   3.8778125e-01
   3.1112144e-01
   4.7021165e-01
   8.8685089e-01
   1.5826850e+00
   2.5790429e+00
   3.8967682e+00
   5.5560487e+00
   7.5762449e+00
   9.9757192e+00
   1.2771668e+01
   1.5979960e+01
   1.9614975e+01
   2.3689461e+01
   2.8214391e+01
   3.3198839e+01
   3.8649864e+01
   4.4572415e+01
   5.0969241e+01
   5.7840834e+01
   6.5185372e+01
   7.2998697e+01
   8.1274300e+01
   9.0003334e+01
   9.9174639e+01
   1.0877479e+02
   1.1878818e+02
   1.2919707e+02
   1.3998173e+02
   1.5112053e+02
   1.6259009e+02
   1.7436541e+02
   1.8642007e+02
   1.9872634e+02
   2.1125540e+02
   2.2397753e+02
   2.3686227e+02
   2.4987864e+02
   2.6299531e+02
   2.7618083e+02
   2.8940378e+02
   3.0263300e+02
   3.1583772e+02
   3.2898779e+02
   3.4205380e+02
   3.5500727e+02
   3.6782077e+02
   3.8046807e+02
   3.9292422e+02
   4.0516572e+02
   4.1717056e+02
   4.2891833e+02
   4.4039024e+02
   4.5156924e+02
   4.6243997e+02
   4.7298887e+02
   4.8320410e+02
   4.9307562e+02
   5.0259511e+02
   5.1175596e+02
   5.2055327e+02
   5.2898374e+02
   5.3704565e+02
   5.4473880e+02
   5.5206442e+02
   5.5902512e+02
   5.6562475e+02
   5.7186839e+02
   5.7776221e+02
   5.8331339e+02
   5.8853005e+02
   5.9342111e+02
   5.9799624e+02
   6.0226574e+02
   6.0624046e+02
   6.0993172e+02
   6.1335118e+02
   6.1651082e+02
   6.1942279e+02
   6.2209940e+02
   6.2455298e+02
   6.2679585e+02
   6.2884023e+02
   6.3069819e+02
   6.3238160e+02
   6.3390203e+02
   6.3527075e+02
   6.3649866e+02
   6.3759623e+02
   6.3857349e+02
   6.3943997e+02
   6.4020468e+02
   6.4087606e+02
   6.4146199e+02
   6.4196971e+02
   6.4240586e+02
   6.4277640e+02
   6.4308666e+02
   6.4334126e+02
   6.4354414e+02
   6.4369854e+02
   6.4380697e+02
   6.4387125e+02
   6.4389247e+02
