   4.1151366e+04
   4.1138598e+04
   4.1100191e+04
   4.1035668e+04
   4.0944242e+04
   4.0824821e+04
   4.0676021e+04
   4.0496184e+04
   4.0283394e+04
   4.0035501e+04
   3.9750153e+04
   3.9424825e+04
   3.9056860e+04
   3.8643511e+04
   3.8181992e+04
   3.7669528e+04
   3.7103423e+04
   3.6481118e+04
   3.5800269e+04
   3.5058817e+04
   3.4255071e+04
   3.3387789e+04
   3.2456263e+04
   3.1460402e+04
   3.0400818e+04
   2.9278901e+04
   2.8096895e+04
   2.6857960e+04
   2.5566224e+04
   2.4226824e+04
   2.2845926e+04
   2.1430720e+04
   1.9989404e+04
   1.8531130e+04
   1.7065927e+04
   1.5604598e+04
   1.4158581e+04
   1.2739783e+04
   1.1360382e+04
   1.0032606e+04
   8.7684905e+03
   7.5796060e+03
   6.4767869e+03
   5.4698461e+03
   4.5672951e+03
   3.7760759e+03
   3.1013146e+03
   2.5461067e+03
   2.1113448e+03
   1.7955978e+03
   1.5950505e+03
   1.5035103e+03
   1.5124874e+03
   1.6113494e+03
   1.7875531e+03
   2.0269481e+03
   2.3141476e+03
   2.6329561e+03
   2.9668428e+03
   3.2994434e+03
   3.6150746e+03
   3.8992408e+03
   4.1391131e+03
   4.3239594e+03
   4.4455084e+03
   4.4982267e+03
   4.4794980e+03
   4.3896911e+03
   4.2321111e+03
   4.0128341e+03
   3.7404273e+03
   3.4255669e+03
   3.0805662e+03
   2.7188354e+03
   2.3542950e+03
   2.0007703e+03
   1.6713925e+03
   1.3780356e+03
   1.1308139e+03
   9.3766423e+02
   8.0403186e+02
   7.3267356e+02
   7.2358714e+02
   7.7406857e+02
   8.7889237e+02
   1.0306046e+03
   1.2199122e+03
   1.4361476e+03
   1.6677849e+03
   1.9029804e+03
   2.1301114e+03
   2.3382866e+03
   2.5178050e+03
   2.6605422e+03
   2.7602492e+03
   2.8127518e+03
   2.8160465e+03
   2.7702932e+03
   2.6777090e+03
   2.5423747e+03
   2.3699682e+03
   2.1674397e+03
   1.9426507e+03
   1.7039933e+03
   1.4600105e+03
   1.2190346e+03
   9.8885936e+02
   7.7645773e+02
   5.8775588e+02
   4.2746777e+02
   2.9899376e+02
   2.0438167e+02
   1.4434680e+02
   1.1834456e+02
   1.2468753e+02
   1.6069779e+02
   2.2288422e+02
   3.0713503e+02
   4.0891565e+02
   5.2346337e+02
   6.4597108e+02
   7.7175393e+02
   8.9639424e+02
   1.0158615e+03
   1.1266060e+03
   1.2256252e+03
   1.3105050e+03
   1.3794355e+03
   1.4312065e+03
   1.4651838e+03
   1.4812700e+03
   1.4798540e+03
   1.4617516e+03
   1.4281416e+03
   1.3804983e+03
   1.3205248e+03
   1.2500880e+03
   1.1711579e+03
   1.0857512e+03
   9.9588057e+02
   9.0351145e+02
   8.1052396e+02
   7.1868220e+02
   6.2960957e+02
   5.4477008e+02
   4.6545514e+02
   3.9277522e+02
   3.2765598e+02
   2.7083814e+02
   2.2288056e+02
   1.8416615e+02
   1.5490985e+02
   1.3516849e+02
   1.2485195e+02
   1.2373534e+02
   1.3147189e+02
   1.4760618e+02
   1.7158768e+02
   2.0278410e+02
   2.4049469e+02
   2.8396318e+02
   3.3239020e+02
   3.8494533e+02
   4.4077835e+02
   4.9903004e+02
   5.5884209e+02
   6.1936646e+02
   6.7977390e+02
   7.3926179e+02
   7.9706127e+02
   8.5244363e+02
   9.0472606e+02
   9.5327672e+02
   9.9751919e+02
   1.0369364e+03
   1.0710737e+03
   1.0995422e+03
   1.1220204e+03
   1.1382565e+03
   1.1480697e+03
   1.1513511e+03
   1.1480644e+03
   1.1382459e+03
   1.1220047e+03
   1.0995215e+03
   1.0710483e+03
   1.0369065e+03
   9.9748531e+02
   9.5323918e+02
   9.0468531e+02
   8.5240015e+02
   7.9701561e+02
   7.3921451e+02
   6.7972559e+02
   6.1931776e+02
   5.5879362e+02
   4.9898244e+02
   4.4073228e+02
   3.8490142e+02
   3.3234908e+02
   2.8392545e+02
   2.4046095e+02
   2.0275486e+02
   1.7156346e+02
   1.4758741e+02
   1.3145895e+02
   1.2372857e+02
   1.2485159e+02
   1.3517471e+02
   1.5492275e+02
   1.8418575e+02
   2.2290679e+02
   2.7087084e+02
   3.2769494e+02
   3.9282012e+02
   4.6550560e+02
   5.4482565e+02
   6.2966973e+02
   7.1874638e+02
   8.1059154e+02
   9.0358176e+02
   9.9595291e+02
   1.0858248e+03
   1.1712322e+03
   1.2501621e+03
   1.3205981e+03
   1.3805701e+03
   1.4282112e+03
   1.4618185e+03
   1.4799175e+03
   1.4813298e+03
   1.4652396e+03
   1.4312579e+03
   1.3794825e+03
   1.3105476e+03
   1.2256637e+03
   1.1266406e+03
   1.0158928e+03
   8.9642292e+02
   7.7178089e+02
   6.4599737e+02
   5.2349020e+02
   4.0894438e+02
   3.0716712e+02
   2.2292119e+02
   1.6074121e+02
   1.2473896e+02
   1.1840550e+02
   1.4441864e+02
   2.0446557e+02
   2.9909065e+02
   4.2757828e+02
   5.8788031e+02
   7.7659602e+02
   9.8901105e+02
   1.2191989e+03
   1.4601861e+03
   1.7041787e+03
   1.9428442e+03
   2.1676393e+03
   2.3701719e+03
   2.5425806e+03
   2.6779151e+03
   2.7704982e+03
   2.8162493e+03
   2.8129518e+03
   2.7604467e+03
   2.6607380e+03
   2.5180006e+03
   2.3384845e+03
   2.1303147e+03
   1.9031928e+03
   1.6680106e+03
   1.4363912e+03
   1.2201785e+03
   1.0308983e+03
   8.7921792e+02
   7.7442991e+02
   7.2398749e+02
   7.3311522e+02
   8.0451604e+02
   9.3819092e+02
   1.1313817e+03
   1.3786421e+03
   1.6720337e+03
   2.0014413e+03
   2.3549897e+03
   2.7195472e+03
   3.0812880e+03
   3.4262912e+03
   3.7411468e+03
   4.0135419e+03
   4.2328012e+03
   4.3903583e+03
   4.4801384e+03
   4.4988379e+03
   4.4460895e+03
   4.3245114e+03
   4.1396384e+03
   3.8997437e+03
   3.6155607e+03
   3.2999198e+03
   2.9673178e+03
   2.6334389e+03
   2.3146478e+03
   2.0274759e+03
   1.7881185e+03
   1.6119623e+03
   1.5131570e+03
   1.5042450e+03
   1.5958576e+03
   1.7964834e+03
   2.1123134e+03
   2.5471616e+03
   3.1024573e+03
   3.7773064e+03
   4.5686118e+03
   5.4712460e+03
   6.4782657e+03
   7.5811580e+03
   8.7701090e+03
   1.0034284e+04
   1.1362109e+04
   1.2741552e+04
   1.4160383e+04
   1.5606423e+04
   1.7067765e+04
   1.8532972e+04
   1.9991241e+04
   2.1432544e+04
   2.2847728e+04
   2.4228596e+04
   2.5567959e+04
   2.6859652e+04
   2.8098539e+04
   2.9280492e+04
   3.0402351e+04
   3.1461874e+04
   3.2457670e+04
   3.3389130e+04
   3.4256344e+04
   3.5060021e+04
   3.5801403e+04
   3.6482182e+04
   3.7104416e+04
   3.7670452e+04
   3.8182847e+04
   3.8644299e+04
   3.9057581e+04
   3.9425480e+04
   3.9750743e+04
   4.0036028e+04
   4.0283859e+04
   4.0496588e+04
   4.0676365e+04
   4.0825106e+04
   4.0944469e+04
   4.1035838e+04
   4.1100304e+04
   4.1138655e+04
   4.1151366e+04
