   1.3942968e+05
   1.3936979e+05
   1.3918785e+05
   1.3888206e+05
   1.3844949e+05
   1.3788609e+05
   1.3718673e+05
   1.3634533e+05
   1.3535493e+05
   1.3420779e+05
   1.3289559e+05
   1.3140955e+05
   1.2974064e+05
   1.2787977e+05
   1.2581807e+05
   1.2354711e+05
   1.2105922e+05
   1.1834776e+05
   1.1540745e+05
   1.1223474e+05
   1.0882810e+05
   1.0518836e+05
   1.0131908e+05
   9.7226835e+04
   9.2921489e+04
   8.8416450e+04
   8.3728842e+04
   7.8879634e+04
   7.3893665e+04
   6.8799597e+04
   6.3629743e+04
   5.8419800e+04
   5.3208445e+04
   4.8036816e+04
   4.2947864e+04
   3.7985589e+04
   3.3194163e+04
   2.8616970e+04
   2.4295564e+04
   2.0268597e+04
   1.6570731e+04
   1.3231579e+04
   1.0274721e+04
   7.7168301e+03
   5.5669511e+03
   3.8259836e+03
   2.4863923e+03
   1.5321812e+03
   9.3914712e+02
   6.7544760e+02
   7.0255154e+02
   9.7630985e+02
   1.4481825e+03
   2.0669322e+03
   2.7803799e+03
   3.5371837e+03
   4.2886267e+03
   4.9903254e+03
   5.6037738e+03
   6.0976443e+03
   6.4487748e+03
   6.6427903e+03
   6.6743175e+03
   6.5467804e+03
   6.2717789e+03
   5.8680837e+03
   5.3602968e+03
   4.7772528e+03
   4.1502471e+03
   3.5111929e+03
   2.8908109e+03
   2.3169545e+03
   1.8131673e+03
   1.3975509e+03
   1.0820050e+03
   8.7187513e+02
   7.6601328e+02
   7.5723033e+02
   8.3310616e+02
   9.7709993e+02
   1.1698638e+03
   1.3906573e+03
   1.6187693e+03
   1.8348560e+03
   2.0221069e+03
   2.1671685e+03
   2.2607743e+03
   2.2980548e+03
   2.2785248e+03
   2.2057698e+03
   2.0868713e+03
   1.9316319e+03
   1.7516670e+03
   1.5594390e+03
   1.3673082e+03
   1.1866669e+03
   1.0272133e+03
   8.9640720e+02
   7.9913174e+02
   7.3756879e+02
   7.1127886e+02
   7.1746161e+02
   7.5136108e+02
   8.0677215e+02
   8.7660135e+02
   9.5343627e+02
   1.0300813e+03
   1.1000243e+03
   1.1578070e+03
   1.1992835e+03
   1.2217598e+03
   1.2240177e+03
   1.2062351e+03
   1.1698212e+03
   1.1171870e+03
   1.0514768e+03
   9.7628444e+02
   8.9537588e+02
   8.1243657e+02
   7.3085861e+02
   6.5357646e+02
   5.8295570e+02
   5.2073511e+02
   4.6801787e+02
   4.2530520e+02
   3.9256354e+02
   3.6931536e+02
   3.5474365e+02
   3.4780067e+02
   3.4731294e+02
   3.5207598e+02
   3.6093428e+02
   3.7284376e+02
   3.8691569e+02
   4.0244261e+02
   4.1890783e+02
   4.3598111e+02
   4.5350340e+02
   4.7146388e+02
   4.8997228e+02
   5.0922938e+02
   5.2949783e+02
   5.5107522e+02
   5.7427054e+02
   5.9938471e+02
   6.2669559e+02
   6.5644705e+02
   6.8884199e+02
   7.2403843e+02
   7.6214815e+02
   8.0323704e+02
   8.4732658e+02
   8.9439587e+02
   9.4438367e+02
   9.9719026e+02
   1.0526789e+03
   1.1106767e+03
   1.1709755e+03
   1.2333316e+03
   1.2974664e+03
   1.3630667e+03
   1.4297848e+03
   1.4972401e+03
   1.5650207e+03
   1.6326858e+03
   1.6997693e+03
   1.7657841e+03
   1.8302270e+03
   1.8925846e+03
   1.9523403e+03
   2.0089808e+03
   2.0620040e+03
   2.1109262e+03
   2.1552903e+03
   2.1946725e+03
   2.2286896e+03
   2.2570056e+03
   2.2793373e+03
   2.2954592e+03
   2.3052073e+03
   2.3084822e+03
   2.3052506e+03
   2.2955462e+03
   2.2794686e+03
   2.2571821e+03
   2.2289125e+03
   2.1949433e+03
   2.1556107e+03
   2.1112980e+03
   2.0624288e+03
   2.0094606e+03
   1.9528766e+03
   1.8931788e+03
   1.8308800e+03
   1.7664962e+03
   1.7005400e+03
   1.6335135e+03
   1.5659028e+03
   1.4981727e+03
   1.4307623e+03
   1.3640820e+03
   1.2985104e+03
   1.2343934e+03
   1.1720424e+03
   1.1117343e+03
   1.0537109e+03
   9.9817937e+02
   9.4531146e+02
   8.9524349e+02
   8.4807532e+02
   8.0386898e+02
   7.6264695e+02
   7.2439006e+02
   6.8903552e+02
   6.5647539e+02
   6.2655606e+02
   5.9907950e+02
   5.7380688e+02
   5.5046537e+02
   5.2875869e+02
   5.0838179e+02
   4.8904000e+02
   4.7047215e+02
   4.5247730e+02
   4.3494357e+02
   4.1787752e+02
   4.0143167e+02
   3.8592758e+02
   3.7187122e+02
   3.5995774e+02
   3.5106246e+02
   3.4621573e+02
   3.4655989e+02
   3.5328772e+02
   3.6756348e+02
   3.9042890e+02
   4.2269888e+02
   4.6485329e+02
   5.1693286e+02
   5.7844863e+02
   6.4831464e+02
   7.2481390e+02
   8.0560620e+02
   8.8778482e+02
   9.6798599e+02
   1.0425513e+03
   1.1077387e+03
   1.1599728e+03
   1.1961206e+03
   1.2137737e+03
   1.2115162e+03
   1.1891530e+03
   1.1478757e+03
   1.0903432e+03
   1.0206596e+03
   9.4423684e+02
   8.6754001e+02
   7.9772021e+02
   7.4215229e+02
   7.0790340e+02
   7.0116704e+02
   7.2670314e+02
   7.8732998e+02
   8.8351685e+02
   1.0131227e+03
   1.1713159e+03
   1.3506971e+03
   1.5416336e+03
   1.7327993e+03
   1.9118950e+03
   2.0665094e+03
   2.1850637e+03
   2.2577741e+03
   2.2775573e+03
   2.2408048e+03
   2.1479583e+03
   2.0038251e+03
   1.8175950e+03
   1.6025343e+03
   1.3753617e+03
   1.1553313e+03
   9.6307552e+02
   8.1927744e+02
   7.4325916e+02
   7.5156063e+02
   8.5659875e+02
   1.0655548e+03
   1.3795957e+03
   1.7934329e+03
   2.2952506e+03
   2.8670459e+03
   3.4853794e+03
   4.1225011e+03
   4.7477869e+03
   5.3294084e+03
   5.8361385e+03
   6.2391911e+03
   6.5139903e+03
   6.6417687e+03
   6.6109066e+03
   6.4179393e+03
   6.0681804e+03
   5.5759306e+03
   4.9642667e+03
   4.2644250e+03
   3.5148185e+03
   2.7597410e+03
   2.0478282e+03
   1.4303570e+03
   9.5947515e+02
   6.8644645e+02
   6.5979906e+02
   9.2347269e+02
   1.5159519e+03
   2.4691878e+03
   3.8074581e+03
   5.5468118e+03
   7.6948366e+03
   1.0250690e+04
   1.3205386e+04
   1.6542315e+04
   2.0237955e+04
   2.4262750e+04
   2.8582090e+04
   3.3157370e+04
   3.7947074e+04
   4.2907852e+04
   4.7995552e+04
   5.3166194e+04
   5.8376834e+04
   6.3586338e+04
   6.8756024e+04
   7.3850189e+04
   7.8836505e+04
   8.3686294e+04
   8.8374697e+04
   9.2880727e+04
   9.7187236e+04
   1.0128080e+05
   1.0515152e+05
   1.0879281e+05
   1.1220110e+05
   1.1537552e+05
   1.1831758e+05
   1.2103085e+05
   1.2352057e+05
   1.2579337e+05
   1.2785691e+05
   1.2971962e+05
   1.3139037e+05
   1.3287824e+05
   1.3419224e+05
   1.3534117e+05
   1.3633335e+05
   1.3717650e+05
   1.3787759e+05
   1.3844271e+05
   1.3887699e+05
   1.3918447e+05
   1.3936811e+05
   1.3942968e+05
