   1.2198751e+04
   1.2197079e+04
   1.2192016e+04
   1.2183459e+04
   1.2171238e+04
   1.2155117e+04
   1.2134793e+04
   1.2109900e+04
   1.2080009e+04
   1.2044635e+04
   1.2003233e+04
   1.1955211e+04
   1.1899925e+04
   1.1836693e+04
   1.1764794e+04
   1.1683478e+04
   1.1591975e+04
   1.1489502e+04
   1.1375271e+04
   1.1248505e+04
   1.1108444e+04
   1.0954359e+04
   1.0785568e+04
   1.0601449e+04
   1.0401453e+04
   1.0185121e+04
   9.9521015e+03
   9.7021631e+03
   9.4352131e+03
   9.1513121e+03
   8.8506887e+03
   8.5337529e+03
   8.2011089e+03
   7.8535648e+03
   7.4921405e+03
   7.1180732e+03
   6.7328192e+03
   6.3380520e+03
   5.9356572e+03
   5.5277223e+03
   5.1165228e+03
   4.7045029e+03
   4.2942520e+03
   3.8884760e+03
   3.4899651e+03
   3.1015556e+03
   2.7260901e+03
   2.3663726e+03
   2.0251222e+03
   1.7049245e+03
   1.4081834e+03
   1.1370718e+03
   8.9348530e+02
   6.7899795e+02
   4.9482233e+02
   3.4177493e+02
   2.2024801e+02
   1.3018906e+02
   7.1088807e+01
   4.1978539e+01
   4.1437282e+01
   6.7609190e+01
   1.1823123e+02
   1.9067075e+02
   2.8197251e+02
   3.8891422e+02
   5.0806962e+02
   6.3587743e+02
   7.6871467e+02
   9.0297254e+02
   1.0351328e+03
   1.1618427e+03
   1.2799862e+03
   1.3867497e+03
   1.4796805e+03
   1.5567360e+03
   1.6163225e+03
   1.6573219e+03
   1.6791073e+03
   1.6815441e+03
   1.6649802e+03
   1.6302224e+03
   1.5785021e+03
   1.5114309e+03
   1.4309462e+03
   1.3392512e+03
   1.2387481e+03
   1.1319694e+03
   1.0215072e+03
   9.0994373e+02
   7.9978532e+02
   6.9340025e+02
   5.9296364e+02
   5.0040977e+02
   4.1739328e+02
   3.4525970e+02
   2.8502601e+02
   2.3737101e+02
   2.0263543e+02
   1.8083113e+02
   1.7165865e+02
   1.7453209e+02
   1.8861018e+02
   2.1283216e+02
   2.4595726e+02
   2.8660635e+02
   3.3330438e+02
   3.8452256e+02
   4.3871886e+02
   4.9437609e+02
   5.5003652e+02
   6.0433254e+02
   6.5601265e+02
   7.0396268e+02
   7.4722195e+02
   7.8499442e+02
   8.1665493e+02
   8.4175089e+02
   8.5999970e+02
   8.7128242e+02
   8.7563412e+02
   8.7323151e+02
   8.6437844e+02
   8.4948971e+02
   8.2907388e+02
   8.0371549e+02
   7.7405719e+02
   7.4078222e+02
   7.0459762e+02
   6.6621840e+02
   6.2635308e+02
   5.8569059e+02
   5.4488890e+02
   5.0456522e+02
   4.6528802e+02
   4.2757076e+02
   3.9186724e+02
   3.5856865e+02
   3.2800201e+02
   3.0043003e+02
   2.7605220e+02
   2.5500693e+02
   2.3737460e+02
   2.2318136e+02
   2.1240353e+02
   2.0497245e+02
   2.0077957e+02
   1.9968177e+02
   2.0150668e+02
   2.0605791e+02
   2.1312015e+02
   2.2246405e+02
   2.3385072e+02
   2.4703593e+02
   2.6177389e+02
   2.7782064e+02
   2.9493697e+02
   3.1289095e+02
   3.3145997e+02
   3.5043243e+02
   3.6960906e+02
   3.8880374e+02
   4.0784418e+02
   4.2657214e+02
   4.4484347e+02
   4.6252788e+02
   4.7950859e+02
   4.9568168e+02
   5.1095549e+02
   5.2524979e+02
   5.3849499e+02
   5.5063123e+02
   5.6160754e+02
   5.7138096e+02
   5.7991574e+02
   5.8718257e+02
   5.9315791e+02
   5.9782334e+02
   6.0116510e+02
   6.0317364e+02
   6.0384336e+02
   6.0317242e+02
   6.0116266e+02
   5.9781970e+02
   5.9315309e+02
   5.8717659e+02
   5.7990863e+02
   5.7137277e+02
   5.6159831e+02
   5.5062102e+02
   5.3848384e+02
   5.2523778e+02
   5.1094267e+02
   4.9566814e+02
   4.7949441e+02
   4.6251315e+02
   4.4482826e+02
   4.2655656e+02
   4.0782832e+02
   3.8878770e+02
   3.6959293e+02
   3.5041633e+02
   3.3144397e+02
   3.1287516e+02
   2.9492148e+02
   2.7780553e+02
   2.6175923e+02
   2.4702180e+02
   2.3383718e+02
   2.2245114e+02
   2.1310790e+02
   2.0604633e+02
   2.0149577e+02
   1.9967152e+02
   2.0076994e+02
   2.0496338e+02
   2.1239495e+02
   2.2317318e+02
   2.3736670e+02
   2.5499920e+02
   2.7604449e+02
   3.0042218e+02
   3.2799387e+02
   3.5856006e+02
   3.9185802e+02
   4.2756075e+02
   4.6527709e+02
   5.0455322e+02
   5.4487572e+02
   5.8567615e+02
   6.2633732e+02
   6.6620132e+02
   7.0457924e+02
   7.4076261e+02
   7.7403648e+02
   8.0369385e+02
   8.2905153e+02
   8.4946693e+02
   8.6435554e+02
   8.7320884e+02
   8.7561207e+02
   8.7126140e+02
   8.5998011e+02
   8.4173315e+02
   8.1663944e+02
   7.8498154e+02
   7.4721200e+02
   7.0395590e+02
   6.5600922e+02
   6.0433255e+02
   5.5003995e+02
   4.9438281e+02
   4.3872862e+02
   3.8453499e+02
   3.3331899e+02
   2.8662254e+02
   2.4597434e+02
   2.1284934e+02
   1.8862660e+02
   1.7454686e+02
   1.7167085e+02
   1.8083987e+02
   2.0263985e+02
   2.3737034e+02
   2.8501958e+02
   3.4524699e+02
   4.1737393e+02
   5.0038363e+02
   5.9293073e+02
   6.9336086e+02
   7.9973994e+02
   9.0989308e+02
   1.0214522e+03
   1.1319112e+03
   1.2386880e+03
   1.3391906e+03
   1.4308867e+03
   1.5113740e+03
   1.5784496e+03
   1.6301756e+03
   1.6649407e+03
   1.6815132e+03
   1.6790861e+03
   1.6573113e+03
   1.6163230e+03
   1.5567481e+03
   1.4797041e+03
   1.3867844e+03
   1.2800314e+03
   1.1618973e+03
   1.0351955e+03
   9.0304159e+02
   7.6878821e+02
   6.3595332e+02
   5.0814553e+02
   3.8898768e+02
   2.8204096e+02
   1.9073163e+02
   1.1828197e+02
   6.7647304e+01
   4.1460418e+01
   4.1984501e+01
   7.1075595e+01
   1.3015493e+02
   2.2019148e+02
   3.4169483e+02
   4.9471778e+02
   6.7886839e+02
   8.9333048e+02
   1.1368918e+03
   1.4079785e+03
   1.7046955e+03
   2.0248698e+03
   2.3660981e+03
   2.7257947e+03
   3.1012409e+03
   3.4896327e+03
   3.8881278e+03
   4.2938898e+03
   4.7041287e+03
   5.1161385e+03
   5.5273299e+03
   5.9352586e+03
   6.3376492e+03
   6.7324141e+03
   7.1176676e+03
   7.4917360e+03
   7.8531630e+03
   8.2007114e+03
   8.5333610e+03
   8.8503036e+03
   9.1509351e+03
   9.4348451e+03
   9.7018050e+03
   9.9517543e+03
   1.0184786e+04
   1.0401129e+04
   1.0601138e+04
   1.0785270e+04
   1.0954074e+04
   1.1108172e+04
   1.1248248e+04
   1.1375028e+04
   1.1489272e+04
   1.1591759e+04
   1.1683276e+04
   1.1764606e+04
   1.1836519e+04
   1.1899766e+04
   1.1955065e+04
   1.2003101e+04
   1.2044516e+04
   1.2079904e+04
   1.2109808e+04
   1.2134715e+04
   1.2155052e+04
   1.2171186e+04
   1.2183420e+04
   1.2191990e+04
   1.2197066e+04
   1.2198751e+04
