   5.4510437e+04
   5.4492872e+04
   5.4440125e+04
   5.4351594e+04
   5.4226277e+04
   5.4062789e+04
   5.3859378e+04
   5.3613941e+04
   5.3324054e+04
   5.2987002e+04
   5.2599817e+04
   5.2159320e+04
   5.1662173e+04
   5.1104933e+04
   5.0484120e+04
   4.9796286e+04
   4.9038090e+04
   4.8206389e+04
   4.7298325e+04
   4.6311422e+04
   4.5243691e+04
   4.4093727e+04
   4.2860827e+04
   4.1545082e+04
   4.0147493e+04
   3.8670061e+04
   3.7115876e+04
   3.5489198e+04
   3.3795516e+04
   3.2041591e+04
   3.0235473e+04
   2.8386499e+04
   2.6505251e+04
   2.4603486e+04
   2.2694033e+04
   2.0790648e+04
   1.8907836e+04
   1.7060632e+04
   1.5264348e+04
   1.3534288e+04
   1.1885440e+04
   1.0332139e+04
   8.8877226e+03
   7.5641856e+03
   6.3718347e+03
   5.3189682e+03
   4.4115843e+03
   3.6531342e+03
   3.0443307e+03
   2.5830242e+03
   2.2641562e+03
   2.0797975e+03
   2.0192768e+03
   2.0694011e+03
   2.2147678e+03
   2.4381606e+03
   2.7210227e+03
   3.0439914e+03
   3.3874793e+03
   3.7322809e+03
   4.0601818e+03
   4.3545479e+03
   4.6008682e+03
   4.7872287e+03
   4.9046947e+03
   4.9475829e+03
   4.9136077e+03
   4.8038938e+03
   4.6228499e+03
   4.3779069e+03
   4.0791305e+03
   3.7387233e+03
   3.3704379e+03
   2.9889274e+03
   2.6090638e+03
   2.2452553e+03
   1.9107951e+03
   1.6172731e+03
   1.3740786e+03
   1.1880166e+03
   1.0630562e+03
   1.0002214e+03
   9.9762646e+02
   1.0506536e+03
   1.1522583e+03
   1.2933860e+03
   1.4634745e+03
   1.6510153e+03
   1.8441422e+03
   2.0312164e+03
   2.2013784e+03
   2.3450390e+03
   2.4542869e+03
   2.5231947e+03
   2.5480135e+03
   2.5272490e+03
   2.4616241e+03
   2.3539329e+03
   2.2088023e+03
   2.0323764e+03
   1.8319462e+03
   1.6155462e+03
   1.3915408e+03
   1.1682218e+03
   9.5343697e+02
   7.5426578e+02
   5.7675481e+02
   4.2572150e+02
   3.0463002e+02
   2.1553951e+02
   1.5912065e+02
   1.3473371e+02
   1.4055855e+02
   1.7376524e+02
   2.3071340e+02
   3.0716769e+02
   3.9851794e+02
   4.9999312e+02
   6.0686004e+02
   7.1459951e+02
   8.1905467e+02
   9.1654826e+02
   1.0039674e+03
   1.0788165e+03
   1.1392397e+03
   1.1840166e+03
   1.2125343e+03
   1.2247407e+03
   1.2210840e+03
   1.2024414e+03
   1.1700435e+03
   1.1253964e+03
   1.0702052e+03
   1.0063028e+03
   9.3558382e+02
   8.5994720e+02
   7.8124648e+02
   7.0124939e+02
   6.2160591e+02
   5.4382449e+02
   4.6925580e+02
   3.9908301e+02
   3.3431781e+02
   2.7580097e+02
   2.2420670e+02
   1.8004978e+02
   1.4369475e+02
   1.1536641e+02
   9.5161168e+01
   8.3058663e+01
   7.8933415e+01
   8.2566195e+01
   9.3654971e+01
   1.1182531e+02
   1.3664019e+02
   1.6760921e+02
   2.0419726e+02
   2.4583252e+02
   2.9191407e+02
   3.4181896e+02
   3.9490885e+02
   4.5053622e+02
   5.0805026e+02
   5.6680236e+02
   6.2615129e+02
   6.8546803e+02
   7.4414030e+02
   8.0157677e+02
   8.5721093e+02
   9.1050470e+02
   9.6095164e+02
   1.0080800e+03
   1.0514553e+03
   1.0906828e+03
   1.1254094e+03
   1.1553256e+03
   1.1801670e+03
   1.1997157e+03
   1.2138009e+03
   1.2223004e+03
   1.2251403e+03
   1.2222962e+03
   1.2137926e+03
   1.1997033e+03
   1.1801507e+03
   1.1553054e+03
   1.1253856e+03
   1.0906555e+03
   1.0514248e+03
   1.0080466e+03
   9.6091556e+02
   9.1046627e+02
   8.5717051e+02
   8.0153473e+02
   7.4409703e+02
   6.8542395e+02
   6.2610684e+02
   5.6675800e+02
   5.0800645e+02
   4.5049344e+02
   3.9486758e+02
   3.4177970e+02
   2.9187730e+02
   2.4579874e+02
   2.0416697e+02
   1.6758289e+02
   1.3661830e+02
   1.1180830e+02
   9.3643278e+01
   8.2560223e+01
   7.8933536e+01
   8.3065211e+01
   9.5174431e+01
   1.1538662e+02
   1.4372209e+02
   1.8008436e+02
   2.2424854e+02
   2.7585003e+02
   3.3437394e+02
   3.9914596e+02
   4.6932521e+02
   5.4389989e+02
   6.2168669e+02
   7.0133482e+02
   7.8133572e+02
   8.6003928e+02
   9.3567766e+02
   1.0063972e+03
   1.0702989e+03
   1.1254882e+03
   1.1701321e+03
   1.2025254e+03
   1.2211623e+03
   1.2248122e+03
   1.2125981e+03
   1.1840721e+03
   1.1392865e+03
   1.0788545e+03
   1.0039970e+03
   9.1657024e+02
   8.1907022e+02
   7.1461028e+02
   6.0686811e+02
   5.0000096e+02
   3.9852837e+02
   3.0718378e+02
   2.3073838e+02
   1.7380239e+02
   1.4061105e+02
   1.3480453e+02
   1.5921236e+02
   2.1565415e+02
   3.0476896e+02
   4.2588534e+02
   5.7694328e+02
   7.5447772e+02
   9.5367033e+02
   1.1684736e+03
   1.3918074e+03
   1.6158233e+03
   1.8322291e+03
   2.0326601e+03
   2.2090820e+03
   2.3542041e+03
   2.4618829e+03
   2.5274926e+03
   2.5482400e+03
   2.5234039e+03
   2.4544799e+03
   2.3452187e+03
   2.2015494e+03
   2.0313847e+03
   1.8443153e+03
   1.6512019e+03
   1.4636839e+03
   1.2936282e+03
   1.1525431e+03
   1.0509904e+03
   9.9802368e+02
   1.0006860e+03
   1.0635936e+03
   1.1886297e+03
   1.3747682e+03
   1.6180373e+03
   1.9116294e+03
   2.2461530e+03
   2.6100156e+03
   2.9899221e+03
   3.3714629e+03
   3.7397649e+03
   4.0801744e+03
   4.3789390e+03
   4.6238568e+03
   4.8048636e+03
   4.9145301e+03
   4.9484502e+03
   4.9055017e+03
   4.7879734e+03
   4.6015517e+03
   4.3551747e+03
   4.0607595e+03
   3.7328202e+03
   3.3879938e+03
   3.0444968e+03
   2.7215370e+03
   2.4387030e+03
   2.2153583e+03
   2.0700602e+03
   2.0200246e+03
   2.0806535e+03
   2.2651384e+03
   2.5841488e+03
   3.0456119e+03
   3.6545836e+03
   4.4132109e+03
   5.3207781e+03
   6.3738310e+03
   7.5663685e+03
   8.8900894e+03
   1.0334684e+04
   1.1888156e+04
   1.3537164e+04
   1.5267372e+04
   1.7063790e+04
   1.8911113e+04
   2.0794026e+04
   2.2697495e+04
   2.4607015e+04
   2.6508829e+04
   2.8390108e+04
   3.0239095e+04
   3.2045208e+04
   3.3799112e+04
   3.5492757e+04
   3.7119384e+04
   3.8673503e+04
   4.0150858e+04
   4.1548357e+04
   4.2864002e+04
   4.4096794e+04
   4.5246639e+04
   4.6314247e+04
   4.7301019e+04
   4.8208947e+04
   4.9040508e+04
   4.9798560e+04
   5.0486249e+04
   5.1106913e+04
   5.1664002e+04
   5.2160998e+04
   5.2601343e+04
   5.2988375e+04
   5.3325274e+04
   5.3615008e+04
   5.3860292e+04
   5.4063551e+04
   5.4226885e+04
   5.4352050e+04
   5.4440430e+04
   5.4493024e+04
   5.4510437e+04
