   6.1971953e+04
   6.1937189e+04
   6.1832330e+04
   6.1656732e+04
   6.1409329e+04
   6.1088657e+04
   6.0692882e+04
   6.0219837e+04
   5.9667072e+04
   5.9031906e+04
   5.8311494e+04
   5.7502906e+04
   5.6603204e+04
   5.5609546e+04
   5.4519286e+04
   5.3330085e+04
   5.2040040e+04
   5.0647806e+04
   4.9152734e+04
   4.7555008e+04
   4.5855786e+04
   4.4057336e+04
   4.2163166e+04
   4.0178151e+04
   3.8108637e+04
   3.5962533e+04
   3.3749375e+04
   3.1480360e+04
   2.9168350e+04
   2.6827826e+04
   2.4474807e+04
   2.2126709e+04
   1.9802161e+04
   1.7520756e+04
   1.5302756e+04
   1.3168735e+04
   1.1139178e+04
   9.2340358e+03
   7.4722379e+03
   5.8711925e+03
   4.4462688e+03
   3.2102896e+03
   2.1730483e+03
   1.3408729e+03
   7.1625876e+02
   2.9760900e+02
   7.9157283e+01
   4.9301437e+01
   1.9444043e+02
   4.9633390e+02
   9.3211869e+02
   1.4762340e+03
   2.1006626e+03
   2.7757083e+03
   3.4709016e+03
   4.1559823e+03
   4.8019222e+03
   5.3819454e+03
   5.8725039e+03
   6.2541607e+03
   6.5123380e+03
   6.6378878e+03
   6.6274497e+03
   6.4835707e+03
   6.2145691e+03
   5.8341396e+03
   5.3607082e+03
   4.8165606e+03
   4.2267794e+03
   3.6180393e+03
   3.0173163e+03
   2.4505770e+03
   1.9415146e+03
   1.5104001e+03
   1.1731126e+03
   9.4041153e+02
   8.1750090e+02
   8.0388596e+02
   8.9347107e+02
   1.0749506e+03
   1.3325667e+03
   1.6471192e+03
   1.9971174e+03
   2.3600225e+03
   2.7135280e+03
   3.0368005e+03
   3.3116105e+03
   3.5232846e+03
   3.6614269e+03
   3.7203717e+03
   3.6993475e+03
   3.6023492e+03
   3.4377374e+03
   3.2175965e+03
   2.9568994e+03
   2.6725374e+03
   2.3822787e+03
   2.1037234e+03
   1.8533170e+03
   1.6454806e+03
   1.4919030e+03
   1.4010275e+03
   1.3777519e+03
   1.4233491e+03
   1.5356055e+03
   1.7091550e+03
   1.9359703e+03
   2.2059665e+03
   2.5076737e+03
   2.8289341e+03
   3.1575821e+03
   3.4820678e+03
   3.7919916e+03
   4.0785261e+03
   4.3347111e+03
   4.5556159e+03
   4.7383739e+03
   4.8821001e+03
   4.9877102e+03
   5.0576627e+03
   5.0956490e+03
   5.1062571e+03
   5.0946324e+03
   5.0661572e+03
   5.0261671e+03
   4.9797165e+03
   4.9314025e+03
   4.8852506e+03
   4.8446605e+03
   4.8124083e+03
   4.7906963e+03
   4.7812403e+03
   4.7853838e+03
   4.8042258e+03
   4.8387521e+03
   4.8899589e+03
   4.9589602e+03
   5.0470727e+03
   5.1558730e+03
   5.2872249e+03
   5.4432768e+03
   5.6264306e+03
   5.8392849e+03
   6.0845572e+03
   6.3649902e+03
   6.6832479e+03
   7.0418062e+03
   7.4428450e+03
   7.8881456e+03
   8.3789981e+03
   8.9161221e+03
   9.4996034e+03
   1.0128849e+04
   1.0802561e+04
   1.1518725e+04
   1.2274625e+04
   1.3066865e+04
   1.3891415e+04
   1.4743659e+04
   1.5618467e+04
   1.6510261e+04
   1.7413097e+04
   1.8320750e+04
   1.9226791e+04
   2.0124676e+04
   2.1007824e+04
   2.1869696e+04
   2.2703868e+04
   2.3504097e+04
   2.4264389e+04
   2.4979046e+04
   2.5642724e+04
   2.6250473e+04
   2.6797773e+04
   2.7280572e+04
   2.7695305e+04
   2.8038925e+04
   2.8308913e+04
   2.8503296e+04
   2.8620660e+04
   2.8660151e+04
   2.8621482e+04
   2.8504939e+04
   2.8311371e+04
   2.8042192e+04
   2.7699373e+04
   2.7285428e+04
   2.6803403e+04
   2.6256860e+04
   2.5649848e+04
   2.4986884e+04
   2.4272914e+04
   2.3513281e+04
   2.2713677e+04
   2.1880095e+04
   2.1018773e+04
   2.0136132e+04
   1.9238709e+04
   1.8333081e+04
   1.7425792e+04
   1.6523266e+04
   1.5631729e+04
   1.4757125e+04
   1.3905030e+04
   1.3080576e+04
   1.2288379e+04
   1.1532472e+04
   1.0816254e+04
   1.0142445e+04
   9.5130622e+03
   8.9294087e+03
   8.3920825e+03
   7.9010028e+03
   7.4554555e+03
   7.0541557e+03
   6.6953273e+03
   6.3767951e+03
   6.0960875e+03
   5.8505444e+03
   5.6374263e+03
   5.4540182e+03
   5.2977235e+03
   5.1661419e+03
   5.0571260e+03
   4.9688127e+03
   4.8996262e+03
   4.8482506e+03
   4.8135730e+03
   4.7945986e+03
   4.7903440e+03
   4.7997129e+03
   4.8213650e+03
   4.8535885e+03
   4.8941851e+03
   4.9403828e+03
   4.9887854e+03
   5.0353698e+03
   5.0755399e+03
   5.1042402e+03
   5.1161311e+03
   5.1058234e+03
   5.0681615e+03
   4.9985434e+03
   4.8932605e+03
   4.7498343e+03
   4.5673266e+03
   4.3465984e+03
   4.0904924e+03
   3.8039163e+03
   3.4938103e+03
   3.1689859e+03
   2.8398326e+03
   2.5178972e+03
   2.2153503e+03
   1.9443631e+03
   1.7164283e+03
   1.5416626e+03
   1.4281339e+03
   1.3812570e+03
   1.4032991e+03
   1.4930416e+03
   1.6456370e+03
   1.8526853e+03
   2.1025325e+03
   2.3807820e+03
   2.6710012e+03
   2.9555892e+03
   3.2167621e+03
   3.4375989e+03
   3.6030827e+03
   3.7010737e+03
   3.7231462e+03
   3.6652345e+03
   3.5280378e+03
   3.3171510e+03
   3.0429062e+03
   2.7199228e+03
   2.3663902e+03
   2.0031177e+03
   1.6524059e+03
   1.3368057e+03
   1.0778395e+03
   8.9475788e+02
   8.0339040e+02
   8.1513008e+02
   9.3615966e+02
   1.1670518e+03
   1.5026779e+03
   1.9323526e+03
   2.4402645e+03
   3.0061979e+03
   3.6064987e+03
   4.2152211e+03
   4.8053905e+03
   5.3503151e+03
   5.8248766e+03
   6.2067383e+03
   6.4774096e+03
   6.6231218e+03
   6.6354758e+03
   6.5118412e+03
   6.2554964e+03
   5.8755118e+03
   5.3863954e+03
   4.8075247e+03
   4.1624003e+03
   3.4777646e+03
   2.7826265e+03
   2.1072411e+03
   1.4820865e+03
   9.3687984e+02
   4.9966904e+02
   1.9604715e+02
   4.8873997e+01
   7.6678271e+01
   2.9289757e+02
   7.0922020e+02
   1.3314908e+03
   2.1613632e+03
   3.1963923e+03
   4.4302951e+03
   5.8533158e+03
   7.4526630e+03
   9.2129912e+03
   1.1116910e+04
   1.3145497e+04
   1.5278807e+04
   1.7496351e+04
   1.9777548e+04
   2.2102122e+04
   2.4450464e+04
   2.6803926e+04
   2.9145070e+04
   3.1457854e+04
   3.3727773e+04
   3.5941943e+04
   3.8089143e+04
   4.0159813e+04
   4.2146025e+04
   4.4041412e+04
   4.5841085e+04
   4.7541516e+04
   4.9140426e+04
   5.0636645e+04
   5.2029980e+04
   5.3321073e+04
   5.4511261e+04
   5.5602447e+04
   5.6596965e+04
   5.7497462e+04
   5.8306782e+04
   5.9027863e+04
   5.9663640e+04
   6.0216962e+04
   6.0690513e+04
   6.1086752e+04
   6.1407851e+04
   6.1655650e+04
   6.1831622e+04
   6.1936838e+04
   6.1971953e+04
