   7.1324804e+04
   7.1281860e+04
   7.1152188e+04
   7.0935129e+04
   7.0629593e+04
   7.0234089e+04
   6.9746757e+04
   6.9165412e+04
   6.8487601e+04
   6.7710666e+04
   6.6831822e+04
   6.5848243e+04
   6.4757158e+04
   6.3555963e+04
   6.2242335e+04
   6.0814360e+04
   5.9270669e+04
   5.7610579e+04
   5.5834240e+04
   5.3942782e+04
   5.1938462e+04
   4.9824809e+04
   4.7606760e+04
   4.5290777e+04
   4.2884954e+04
   4.0399099e+04
   3.7844781e+04
   3.5235349e+04
   3.2585911e+04
   2.9913258e+04
   2.7235748e+04
   2.4573132e+04
   2.1946320e+04
   1.9377090e+04
   1.6887745e+04
   1.4500706e+04
   1.2238063e+04
   1.0121082e+04
   8.1696800e+03
   6.4018825e+03
   4.8332819e+03
   3.4765083e+03
   2.3407383e+03
   1.4312613e+03
   7.4912314e+02
   2.9087164e+02
   4.8426920e+01
   8.9730304e+00
   1.5546933e+02
   4.6640965e+02
   9.1670913e+02
   1.4781745e+03
   2.1202865e+03
   2.8110919e+03
   3.5181913e+03
   4.2097916e+03
   4.8557818e+03
   5.4287884e+03
   5.9051647e+03
   6.2658649e+03
   6.4971597e+03
   6.5911518e+03
   6.5460587e+03
   6.3662391e+03
   6.0619511e+03
   5.6488438e+03
   5.1471969e+03
   4.5809386e+03
   3.9764834e+03
   3.3614439e+03
   2.7632798e+03
   2.2079518e+03
   1.7186507e+03
   1.3146710e+03
   1.0104934e+03
   8.1514155e+02
   7.3186156e+02
   7.5808241e+02
   8.8559227e+02
   1.1010657e+03
   1.3869754e+03
   1.7227042e+03
   2.0857683e+03
   2.4531148e+03
   2.8024289e+03
   3.1133725e+03
   3.3686799e+03
   3.5550473e+03
   3.6637665e+03
   3.6910709e+03
   3.6381815e+03
   3.5110571e+03
   3.3198741e+03
   3.0782779e+03
   2.8024570e+03
   2.5101061e+03
   2.2193450e+03
   1.9476617e+03
   1.7109430e+03
   1.5226492e+03
   1.3931719e+03
   1.3294048e+03
   1.3345382e+03
   1.4080845e+03
   1.5461231e+03
   1.7417340e+03
   1.9855724e+03
   2.2665395e+03
   2.5725014e+03
   2.8910131e+03
   3.2100027e+03
   3.5183775e+03
   3.8065228e+03
   4.0666716e+03
   4.2931351e+03
   4.4823932e+03
   4.6330531e+03
   4.7456928e+03
   4.8226098e+03
   4.8675023e+03
   4.8851082e+03
   4.8808316e+03
   4.8603784e+03
   4.8294257e+03
   4.7933406e+03
   4.7569602e+03
   4.7244403e+03
   4.6991735e+03
   4.6837738e+03
   4.6801205e+03
   4.6894511e+03
   4.7124910e+03
   4.7496066e+03
   4.8009686e+03
   4.8667129e+03
   4.9470884e+03
   5.0425815e+03
   5.1540122e+03
   5.2825962e+03
   5.4299714e+03
   5.5981899e+03
   5.7896771e+03
   6.0071622e+03
   6.2535848e+03
   6.5319852e+03
   6.8453826e+03
   7.1966492e+03
   7.5883857e+03
   8.0228033e+03
   8.5016177e+03
   9.0259581e+03
   9.5962944e+03
   1.0212384e+04
   1.0873238e+04
   1.1577114e+04
   1.2321515e+04
   1.3103226e+04
   1.3918345e+04
   1.4762350e+04
   1.5630158e+04
   1.6516206e+04
   1.7414531e+04
   1.8318860e+04
   1.9222693e+04
   2.0119396e+04
   2.1002282e+04
   2.1864695e+04
   2.2700088e+04
   2.3502092e+04
   2.4264580e+04
   2.4981731e+04
   2.5648078e+04
   2.6258555e+04
   2.6808535e+04
   2.7293868e+04
   2.7710903e+04
   2.8056517e+04
   2.8328129e+04
   2.8523719e+04
   2.8641834e+04
   2.8681601e+04
   2.8642727e+04
   2.8525502e+04
   2.8330797e+04
   2.8060063e+04
   2.7715316e+04
   2.7299134e+04
   2.6814639e+04
   2.6265476e+04
   2.5655794e+04
   2.4990216e+04
   2.4273804e+04
   2.3512022e+04
   2.2710689e+04
   2.1875925e+04
   2.1014098e+04
   2.0131753e+04
   1.9235541e+04
   1.8332146e+04
   1.7428202e+04
   1.6530206e+04
   1.5644431e+04
   1.4776838e+04
   1.3932992e+04
   1.3117975e+04
   1.2336314e+04
   1.1591911e+04
   1.0887987e+04
   1.0227040e+04
   9.6108186e+03
   9.0403168e+03
   8.5157822e+03
   8.0367506e+03
   7.6020983e+03
   7.2101149e+03
   6.8585943e+03
   6.5449402e+03
   6.2662844e+03
   6.0196108e+03
   5.8018817e+03
   5.6101587e+03
   5.4417137e+03
   5.2941217e+03
   5.1653303e+03
   5.0537008e+03
   4.9580174e+03
   4.8774595e+03
   4.8115412e+03
   4.7600144e+03
   4.7227453e+03
   4.6995660e+03
   4.6901142e+03
   4.6936696e+03
   4.7090002e+03
   4.7342331e+03
   4.7667600e+03
   4.8031938e+03
   4.8393824e+03
   4.8704906e+03
   4.8911503e+03
   4.8956802e+03
   4.8783660e+03
   4.8337916e+03
   4.7572025e+03
   4.6448804e+03
   4.4945042e+03
   4.3054701e+03
   4.0791437e+03
   3.8190188e+03
   3.5307594e+03
   3.2221117e+03
   2.9026750e+03
   2.5835337e+03
   2.2767599e+03
   1.9948080e+03
   1.7498310e+03
   1.5529569e+03
   1.4135700e+03
   1.3386396e+03
   1.3321432e+03
   1.3946283e+03
   1.5229620e+03
   1.7103017e+03
   1.9462981e+03
   2.2175232e+03
   2.5081100e+03
   2.8005768e+03
   3.0767944e+03
   3.3190427e+03
   3.5110921e+03
   3.6392426e+03
   3.6932512e+03
   3.6670846e+03
   3.5594434e+03
   3.3740159e+03
   3.1194372e+03
   2.8089470e+03
   2.4597605e+03
   2.0921812e+03
   1.7285084e+03
   1.3917991e+03
   1.1045614e+03
   8.8745747e+02
   7.5808319e+02
   7.2985581e+02
   8.1108556e+02
   1.0044291e+03
   1.3067198e+03
   1.7090154e+03
   2.1969136e+03
   2.7511874e+03
   3.3486971e+03
   3.9635145e+03
   4.5681915e+03
   5.1351063e+03
   5.6378153e+03
   6.0523427e+03
   6.3583455e+03
   6.5400986e+03
   6.5872591e+03
   6.4953787e+03
   6.2661493e+03
   5.9073808e+03
   5.4327216e+03
   4.8611463e+03
   4.2162426e+03
   3.5253390e+03
   2.8185168e+03
   2.1275549e+03
   1.4848535e+03
   9.2238164e+02
   4.7068722e+02
   1.5800422e+02
   9.4750742e+00
   4.6614880e+01
   2.8659340e+02
   7.4225428e+02
   1.4217437e+03
   2.3285756e+03
   3.4617617e+03
   4.8160654e+03
   6.3823561e+03
   8.1480432e+03
   1.0097567e+04
   1.2212924e+04
   1.4474215e+04
   1.6860184e+04
   1.9348742e+04
   2.1917464e+04
   2.4544040e+04
   2.7206674e+04
   2.9884441e+04
   3.2557569e+04
   3.5207677e+04
   3.7817948e+04
   4.0373250e+04
   4.2860211e+04
   4.5267234e+04
   4.7584491e+04
   4.9803864e+04
   5.1918870e+04
   5.3924556e+04
   5.5817376e+04
   5.7595057e+04
   5.9256459e+04
   6.0801422e+04
   6.2230620e+04
   6.3545418e+04
   6.4747726e+04
   6.5839863e+04
   6.6824435e+04
   6.7704213e+04
   6.8482025e+04
   6.9160660e+04
   6.9742780e+04
   7.0230844e+04
   7.0627043e+04
   7.0933244e+04
   7.1150945e+04
   7.1281242e+04
   7.1324804e+04
