   2.0175878e-02
   2.0175873e-02
   2.0175859e-02
   2.0175835e-02
   2.0175801e-02
   2.0175755e-02
   2.0175697e-02
   2.0175625e-02
   2.0175536e-02
   2.0175430e-02
   2.0175303e-02
   2.0175153e-02
   2.0174976e-02
   2.0174771e-02
   2.0174533e-02
   2.0174259e-02
   2.0173944e-02
   2.0173586e-02
   2.0173178e-02
   2.0172718e-02
   2.0172199e-02
   2.0171617e-02
   2.0170967e-02
   2.0170243e-02
   2.0169440e-02
   2.0168552e-02
   2.0167573e-02
   2.0166497e-02
   2.0165317e-02
   2.0164028e-02
   2.0162623e-02
   2.0161095e-02
   2.0159438e-02
   2.0157644e-02
   2.0155708e-02
   2.0153621e-02
   2.0151377e-02
   2.0148970e-02
   2.0146391e-02
   2.0143633e-02
   2.0140691e-02
   2.0137556e-02
   2.0134221e-02
   2.0130680e-02
   2.0126925e-02
   2.0122949e-02
   2.0118746e-02
   2.0114309e-02
   2.0109631e-02
   2.0104705e-02
   2.0099525e-02
   2.0094084e-02
   2.0088377e-02
   2.0082397e-02
   2.0076138e-02
   2.0069594e-02
   2.0062761e-02
   2.0055633e-02
   2.0048204e-02
   2.0040469e-02
   2.0032425e-02
   2.0024066e-02
   2.0015389e-02
   2.0006389e-02
   1.9997064e-02
   1.9987409e-02
   1.9977421e-02
   1.9967099e-02
   1.9956439e-02
   1.9945439e-02
   1.9934098e-02
   1.9922414e-02
   1.9910387e-02
   1.9898014e-02
   1.9885297e-02
   1.9872235e-02
   1.9858828e-02
   1.9845077e-02
   1.9830983e-02
   1.9816547e-02
   1.9801772e-02
   1.9786659e-02
   1.9771212e-02
   1.9755432e-02
   1.9739324e-02
   1.9722892e-02
   1.9706138e-02
   1.9689068e-02
   1.9671687e-02
   1.9654000e-02
   1.9636013e-02
   1.9617731e-02
   1.9599161e-02
   1.9580309e-02
   1.9561184e-02
   1.9541791e-02
   1.9522140e-02
   1.9502238e-02
   1.9482094e-02
   1.9461716e-02
   1.9441114e-02
   1.9420297e-02
   1.9399275e-02
   1.9378058e-02
   1.9356656e-02
   1.9335081e-02
   1.9313342e-02
   1.9291451e-02
   1.9269420e-02
   1.9247260e-02
   1.9224983e-02
   1.9202602e-02
   1.9180128e-02
   1.9157574e-02
   1.9134953e-02
   1.9112277e-02
   1.9089560e-02
   1.9066815e-02
   1.9044056e-02
   1.9021295e-02
   1.8998546e-02
   1.8975823e-02
   1.8953140e-02
   1.8930510e-02
   1.8907948e-02
   1.8885466e-02
   1.8863080e-02
   1.8840803e-02
   1.8818649e-02
   1.8796632e-02
   1.8774766e-02
   1.8753065e-02
   1.8731543e-02
   1.8710213e-02
   1.8689089e-02
   1.8668185e-02
   1.8647515e-02
   1.8627091e-02
   1.8606927e-02
   1.8587037e-02
   1.8567434e-02
   1.8548129e-02
   1.8529136e-02
   1.8510468e-02
   1.8492137e-02
   1.8474155e-02
   1.8456534e-02
   1.8439285e-02
   1.8422421e-02
   1.8405952e-02
   1.8389889e-02
   1.8374244e-02
   1.8359026e-02
   1.8344246e-02
   1.8329914e-02
   1.8316039e-02
   1.8302631e-02
   1.8289698e-02
   1.8277250e-02
   1.8265295e-02
   1.8253841e-02
   1.8242895e-02
   1.8232466e-02
   1.8222559e-02
   1.8213182e-02
   1.8204342e-02
   1.8196043e-02
   1.8188292e-02
   1.8181094e-02
   1.8174454e-02
   1.8168377e-02
   1.8162865e-02
   1.8157924e-02
   1.8153556e-02
   1.8149765e-02
   1.8146553e-02
   1.8143922e-02
   1.8141874e-02
   1.8140411e-02
   1.8139533e-02
   1.8139241e-02
   1.8139535e-02
   1.8140415e-02
   1.8141880e-02
   1.8143930e-02
   1.8146563e-02
   1.8149777e-02
   1.8153570e-02
   1.8157940e-02
   1.8162883e-02
   1.8168396e-02
   1.8174476e-02
   1.8181118e-02
   1.8188318e-02
   1.8196070e-02
   1.8204371e-02
   1.8213213e-02
   1.8222592e-02
   1.8232500e-02
   1.8242932e-02
   1.8253879e-02
   1.8265335e-02
   1.8277292e-02
   1.8289741e-02
   1.8302676e-02
   1.8316085e-02
   1.8329962e-02
   1.8344296e-02
   1.8359077e-02
   1.8374297e-02
   1.8389944e-02
   1.8406008e-02
   1.8422478e-02
   1.8439344e-02
   1.8456594e-02
   1.8474217e-02
   1.8492200e-02
   1.8510533e-02
   1.8529202e-02
   1.8548196e-02
   1.8567502e-02
   1.8587107e-02
   1.8606998e-02
   1.8627163e-02
   1.8647587e-02
   1.8668259e-02
   1.8689164e-02
   1.8710288e-02
   1.8731619e-02
   1.8753142e-02
   1.8774844e-02
   1.8796711e-02
   1.8818729e-02
   1.8840884e-02
   1.8863161e-02
   1.8885548e-02
   1.8908030e-02
   1.8930593e-02
   1.8953223e-02
   1.8975907e-02
   1.8998630e-02
   1.9021379e-02
   1.9044141e-02
   1.9066901e-02
   1.9089646e-02
   1.9112363e-02
   1.9135038e-02
   1.9157660e-02
   1.9180214e-02
   1.9202688e-02
   1.9225069e-02
   1.9247346e-02
   1.9269506e-02
   1.9291537e-02
   1.9313428e-02
   1.9335166e-02
   1.9356742e-02
   1.9378143e-02
   1.9399360e-02
   1.9420382e-02
   1.9441198e-02
   1.9461800e-02
   1.9482177e-02
   1.9502321e-02
   1.9522223e-02
   1.9541874e-02
   1.9561265e-02
   1.9580390e-02
   1.9599241e-02
   1.9617811e-02
   1.9636092e-02
   1.9654079e-02
   1.9671765e-02
   1.9689145e-02
   1.9706214e-02
   1.9722967e-02
   1.9739399e-02
   1.9755506e-02
   1.9771285e-02
   1.9786732e-02
   1.9801843e-02
   1.9816618e-02
   1.9831052e-02
   1.9845145e-02
   1.9858896e-02
   1.9872302e-02
   1.9885363e-02
   1.9898079e-02
   1.9910451e-02
   1.9922478e-02
   1.9934160e-02
   1.9945500e-02
   1.9956499e-02
   1.9967158e-02
   1.9977479e-02
   1.9987466e-02
   1.9997120e-02
   2.0006444e-02
   2.0015443e-02
   2.0024119e-02
   2.0032477e-02
   2.0040520e-02
   2.0048253e-02
   2.0055681e-02
   2.0062809e-02
   2.0069641e-02
   2.0076183e-02
   2.0082441e-02
   2.0088420e-02
   2.0094127e-02
   2.0099566e-02
   2.0104745e-02
   2.0109670e-02
   2.0114348e-02
   2.0118784e-02
   2.0122986e-02
   2.0126960e-02
   2.0130714e-02
   2.0134255e-02
   2.0137588e-02
   2.0140722e-02
   2.0143664e-02
   2.0146420e-02
   2.0148998e-02
   2.0151405e-02
   2.0153648e-02
   2.0155734e-02
   2.0157670e-02
   2.0159462e-02
   2.0161119e-02
   2.0162646e-02
   2.0164050e-02
   2.0165338e-02
   2.0166517e-02
   2.0167592e-02
   2.0168570e-02
   2.0169458e-02
   2.0170260e-02
   2.0170983e-02
   2.0171632e-02
   2.0172213e-02
   2.0172731e-02
   2.0173191e-02
   2.0173598e-02
   2.0173956e-02
   2.0174269e-02
   2.0174543e-02
   2.0174780e-02
   2.0174985e-02
   2.0175160e-02
   2.0175310e-02
   2.0175436e-02
   2.0175542e-02
   2.0175630e-02
   2.0175701e-02
   2.0175759e-02
   2.0175804e-02
   2.0175837e-02
   2.0175860e-02
   2.0175874e-02
   2.0175878e-02
