   6.2254591e+04
   6.2235851e+04
   6.2179539e+04
   6.2085323e+04
   6.1952650e+04
   6.1780758e+04
   6.1568675e+04
   6.1315240e+04
   6.1019105e+04
   6.0678759e+04
   6.0292541e+04
   5.9858660e+04
   5.9375224e+04
   5.8840259e+04
   5.8251744e+04
   5.7607641e+04
   5.6905930e+04
   5.6144648e+04
   5.5321930e+04
   5.4436052e+04
   5.3485479e+04
   5.2468911e+04
   5.1385336e+04
   5.0234078e+04
   4.9014850e+04
   4.7727806e+04
   4.6373591e+04
   4.4953391e+04
   4.3468978e+04
   4.1922748e+04
   4.0317764e+04
   3.8657779e+04
   3.6947262e+04
   3.5191409e+04
   3.3396143e+04
   3.1568108e+04
   2.9714642e+04
   2.7843746e+04
   2.5964025e+04
   2.4084629e+04
   2.2215169e+04
   2.0365616e+04
   1.8546197e+04
   1.6767264e+04
   1.5039157e+04
   1.3372058e+04
   1.1775831e+04
   1.0259864e+04
   8.8328975e+03
   7.5028691e+03
   6.2767487e+03
   5.1603913e+03
   4.1584003e+03
   3.2740085e+03
   2.5089803e+03
   1.8635400e+03
   1.3363275e+03
   9.2438711e+02
   6.2318899e+02
   4.2668598e+02
   3.2740612e+02
   3.1658006e+02
   3.8430180e+02
   5.1972001e+02
   7.1125627e+02
   9.4684530e+02
   1.2141915e+03
   1.5010354e+03
   1.7954228e+03
   2.0859692e+03
   2.3621121e+03
   2.6143432e+03
   2.8344142e+03
   3.0155083e+03
   3.1523741e+03
   3.2414145e+03
   3.2807308e+03
   3.2701171e+03
   3.2110074e+03
   3.1063755e+03
   2.9605919e+03
   2.7792410e+03
   2.5689055e+03
   2.3369252e+03
   2.0911377e+03
   1.8396096e+03
   1.5903679e+03
   1.3511391e+03
   1.1291057e+03
   9.3068752e+02
   7.6135397e+02
   6.2547384e+02
   5.2620602e+02
   4.6543390e+02
   4.4374462e+02
   4.6045221e+02
   5.1366248e+02
   6.0037608e+02
   7.1662465e+02
   8.5763428e+02
   1.0180094e+03
   1.1919302e+03
   1.3733555e+03
   1.5562255e+03
   1.7346548e+03
   1.9031126e+03
   2.0565819e+03
   2.1906952e+03
   2.3018421e+03
   2.3872478e+03
   2.4450204e+03
   2.4741679e+03
   2.4745860e+03
   2.4470186e+03
   2.3929947e+03
   2.3147441e+03
   2.2150977e+03
   2.0973750e+03
   1.9652642e+03
   1.8226997e+03
   1.6737392e+03
   1.5224472e+03
   1.3727850e+03
   1.2285118e+03
   1.0930996e+03
   9.6966095e+02
   8.6089352e+02
   7.6903938e+02
   6.9586035e+02
   6.4262802e+02
   6.1012759e+02
   5.9867415e+02
   6.0813967e+02
   6.3798905e+02
   6.8732312e+02
   7.5492697e+02
   8.3932152e+02
   9.3881672e+02
   1.0515648e+03
   1.1756119e+03
   1.3089477e+03
   1.4495504e+03
   1.5954285e+03
   1.7446569e+03
   1.8954080e+03
   2.0459774e+03
   2.1948038e+03
   2.3404847e+03
   2.4817855e+03
   2.6176458e+03
   2.7471799e+03
   2.8696746e+03
   2.9845839e+03
   3.0915203e+03
   3.1902447e+03
   3.2806546e+03
   3.3627707e+03
   3.4367232e+03
   3.5027379e+03
   3.5611218e+03
   3.6122492e+03
   3.6565489e+03
   3.6944909e+03
   3.7265750e+03
   3.7533197e+03
   3.7752528e+03
   3.7929020e+03
   3.8067874e+03
   3.8174146e+03
   3.8252686e+03
   3.8308091e+03
   3.8344660e+03
   3.8366361e+03
   3.8376801e+03
   3.8379205e+03
   3.8376395e+03
   3.8370778e+03
   3.8364338e+03
   3.8358623e+03
   3.8354741e+03
   3.8353361e+03
   3.8354706e+03
   3.8358551e+03
   3.8364231e+03
   3.8370634e+03
   3.8376214e+03
   3.8378987e+03
   3.8376545e+03
   3.8366066e+03
   3.8344325e+03
   3.8307715e+03
   3.8252269e+03
   3.8173687e+03
   3.8067373e+03
   3.7928475e+03
   3.7751939e+03
   3.7532563e+03
   3.7265070e+03
   3.6944185e+03
   3.6564720e+03
   3.6121678e+03
   3.5610360e+03
   3.5026479e+03
   3.4366291e+03
   3.3626726e+03
   3.2805529e+03
   3.1901396e+03
   3.0914121e+03
   2.9844731e+03
   2.8695617e+03
   2.7470653e+03
   2.6175301e+03
   2.4816694e+03
   2.3403687e+03
   2.1946887e+03
   2.0458639e+03
   1.8952969e+03
   1.7445489e+03
   1.5953243e+03
   1.4494509e+03
   1.3088535e+03
   1.1755239e+03
   1.0514834e+03
   9.3874268e+02
   8.3925526e+02
   7.5486889e+02
   6.8727350e+02
   6.3794805e+02
   6.0810733e+02
   5.9865035e+02
   6.1011208e+02
   6.4262040e+02
   6.9586006e+02
   7.6904573e+02
   8.6090568e+02
   9.6967798e+02
   1.0931204e+03
   1.2285353e+03
   1.3728099e+03
   1.5224724e+03
   1.6737633e+03
   1.8227215e+03
   1.9652825e+03
   2.0973887e+03
   2.2151057e+03
   2.3147456e+03
   2.3929889e+03
   2.4470050e+03
   2.4745641e+03
   2.4741376e+03
   2.4449817e+03
   2.3872010e+03
   2.3017876e+03
   2.1906337e+03
   2.0565144e+03
   1.9030400e+03
   1.7345782e+03
   1.5561463e+03
   1.3732750e+03
   1.1918497e+03
   1.0179305e+03
   8.5755832e+02
   7.1655293e+02
   6.0030985e+02
   5.1360286e+02
   4.6040016e+02
   4.4370094e+02
   4.6539919e+02
   5.2618067e+02
   6.2545805e+02
   7.6134768e+02
   9.3069050e+02
   1.1291175e+03
   1.3511591e+03
   1.5903952e+03
   1.8396433e+03
   2.0911766e+03
   2.3369682e+03
   2.5689514e+03
   2.7792884e+03
   2.9606396e+03
   3.1064221e+03
   3.2110517e+03
   3.2701581e+03
   3.2807674e+03
   3.2414457e+03
   3.1523992e+03
   3.0155267e+03
   2.8344255e+03
   2.6143472e+03
   2.3621088e+03
   2.0859587e+03
   1.7954055e+03
   1.5010119e+03
   1.2141625e+03
   9.4681169e+02
   7.1121913e+02
   5.1968052e+02
   3.8426127e+02
   3.1653989e+02
   3.2736778e+02
   4.2665099e+02
   6.2315892e+02
   9.2436351e+02
   1.3363119e+03
   1.8635338e+03
   2.5089852e+03
   3.2740256e+03
   4.1584309e+03
   5.1604365e+03
   6.2768096e+03
   7.5029465e+03
   8.8329921e+03
   1.0259976e+04
   1.1775962e+04
   1.3372207e+04
   1.5039324e+04
   1.6767449e+04
   1.8546401e+04
   2.0365837e+04
   2.2215406e+04
   2.4084883e+04
   2.5964294e+04
   2.7844030e+04
   2.9714940e+04
   3.1568417e+04
   3.3396464e+04
   3.5191739e+04
   3.6947601e+04
   3.8658125e+04
   4.0318115e+04
   4.1923104e+04
   4.3469336e+04
   4.4953751e+04
   4.6373950e+04
   4.7728163e+04
   4.9015204e+04
   5.0234428e+04
   5.1385681e+04
   5.2469249e+04
   5.3485808e+04
   5.4436372e+04
   5.5322239e+04
   5.6144946e+04
   5.6906216e+04
   5.7607913e+04
   5.8252002e+04
   5.8840502e+04
   5.9375451e+04
   5.9858871e+04
   6.0292734e+04
   6.0678935e+04
   6.1019262e+04
   6.1315378e+04
   6.1568795e+04
   6.1780858e+04
   6.1952731e+04
   6.2085383e+04
   6.2179580e+04
   6.2235871e+04
   6.2254591e+04
