   1.3302458e+00
   1.3302421e+00
   1.3302315e+00
   1.3302135e+00
   1.3301874e+00
   1.3301521e+00
   1.3301060e+00
   1.3300475e+00
   1.3299746e+00
   1.3298849e+00
   1.3297757e+00
   1.3296441e+00
   1.3294869e+00
   1.3293006e+00
   1.3290813e+00
   1.3288250e+00
   1.3285274e+00
   1.3281838e+00
   1.3277894e+00
   1.3273391e+00
   1.3268276e+00
   1.3262494e+00
   1.3255987e+00
   1.3248696e+00
   1.3240560e+00
   1.3231515e+00
   1.3221497e+00
   1.3210441e+00
   1.3198278e+00
   1.3184942e+00
   1.3170361e+00
   1.3154468e+00
   1.3137190e+00
   1.3118457e+00
   1.3098197e+00
   1.3076340e+00
   1.3052814e+00
   1.3027548e+00
   1.3000473e+00
   1.2971519e+00
   1.2940617e+00
   1.2907702e+00
   1.2872707e+00
   1.2835568e+00
   1.2796223e+00
   1.2754613e+00
   1.2710680e+00
   1.2664369e+00
   1.2615628e+00
   1.2564408e+00
   1.2510662e+00
   1.2454349e+00
   1.2395430e+00
   1.2333870e+00
   1.2269637e+00
   1.2202704e+00
   1.2133050e+00
   1.2060656e+00
   1.1985509e+00
   1.1907600e+00
   1.1826926e+00
   1.1743487e+00
   1.1657291e+00
   1.1568348e+00
   1.1476676e+00
   1.1382297e+00
   1.1285238e+00
   1.1185531e+00
   1.1083215e+00
   1.0978333e+00
   1.0870933e+00
   1.0761069e+00
   1.0648799e+00
   1.0534188e+00
   1.0417303e+00
   1.0298219e+00
   1.0177012e+00
   1.0053765e+00
   9.9285655e-01
   9.8015028e-01
   9.6726716e-01
   9.5421698e-01
   9.4100988e-01
   9.2765628e-01
   9.1416693e-01
   9.0055279e-01
   8.8682507e-01
   8.7299519e-01
   8.5907472e-01
   8.4507538e-01
   8.3100901e-01
   8.1688751e-01
   8.0272286e-01
   7.8852702e-01
   7.7431198e-01
   7.6008967e-01
   7.4587194e-01
   7.3167057e-01
   7.1749718e-01
   7.0336327e-01
   6.8928014e-01
   6.7525888e-01
   6.6131037e-01
   6.4744521e-01
   6.3367376e-01
   6.2000605e-01
   6.0645182e-01
   5.9302047e-01
   5.7972104e-01
   5.6656223e-01
   5.5355235e-01
   5.4069932e-01
   5.2801068e-01
   5.1549355e-01
   5.0315464e-01
   4.9100025e-01
   4.7903625e-01
   4.6726811e-01
   4.5570084e-01
   4.4433906e-01
   4.3318697e-01
   4.2224834e-01
   4.1152654e-01
   4.0102453e-01
   3.9074487e-01
   3.8068975e-01
   3.7086096e-01
   3.6125994e-01
   3.5188777e-01
   3.4274517e-01
   3.3383255e-01
   3.2514999e-01
   3.1669727e-01
   3.0847388e-01
   3.0047903e-01
   2.9271168e-01
   2.8517053e-01
   2.7785408e-01
   2.7076058e-01
   2.6388812e-01
   2.5723459e-01
   2.5079771e-01
   2.4457505e-01
   2.3856407e-01
   2.3276209e-01
   2.2716632e-01
   2.2177389e-01
   2.1658187e-01
   2.1158723e-01
   2.0678694e-01
   2.0217791e-01
   1.9775701e-01
   1.9352115e-01
   1.8946719e-01
   1.8559204e-01
   1.8189263e-01
   1.7836591e-01
   1.7500888e-01
   1.7181862e-01
   1.6879223e-01
   1.6592692e-01
   1.6321997e-01
   1.6066874e-01
   1.5827068e-01
   1.5602337e-01
   1.5392447e-01
   1.5197176e-01
   1.5016316e-01
   1.4849668e-01
   1.4697048e-01
   1.4558285e-01
   1.4433222e-01
   1.4321715e-01
   1.4223634e-01
   1.4138866e-01
   1.4067311e-01
   1.4008884e-01
   1.3963514e-01
   1.3931149e-01
   1.3911749e-01
   1.3905290e-01
   1.3911766e-01
   1.3931183e-01
   1.3963566e-01
   1.4008952e-01
   1.4067398e-01
   1.4138971e-01
   1.4223756e-01
   1.4321855e-01
   1.4433381e-01
   1.4558463e-01
   1.4697245e-01
   1.4849884e-01
   1.5016553e-01
   1.5197434e-01
   1.5392726e-01
   1.5602637e-01
   1.5827391e-01
   1.6067219e-01
   1.6322367e-01
   1.6593086e-01
   1.6879642e-01
   1.7182307e-01
   1.7501360e-01
   1.7837091e-01
   1.8189792e-01
   1.8559763e-01
   1.8947308e-01
   1.9352735e-01
   1.9776355e-01
   2.0218478e-01
   2.0679417e-01
   2.1159482e-01
   2.1658983e-01
   2.2178224e-01
   2.2717506e-01
   2.3277124e-01
   2.3857365e-01
   2.4458507e-01
   2.5080817e-01
   2.5724551e-01
   2.6389952e-01
   2.7077247e-01
   2.7786647e-01
   2.8518344e-01
   2.9272511e-01
   3.0049301e-01
   3.0848842e-01
   3.1671238e-01
   3.2516568e-01
   3.3384883e-01
   3.4276206e-01
   3.5190527e-01
   3.6127807e-01
   3.7087973e-01
   3.8070917e-01
   3.9076495e-01
   4.0104528e-01
   4.1154798e-01
   4.2227047e-01
   4.3320979e-01
   4.4436259e-01
   4.5572507e-01
   4.6729305e-01
   4.7906191e-01
   4.9102663e-01
   5.0318175e-01
   5.1552138e-01
   5.2803924e-01
   5.4072860e-01
   5.5358235e-01
   5.6659295e-01
   5.7975247e-01
   5.9305261e-01
   6.0648466e-01
   6.2003959e-01
   6.3370798e-01
   6.4748011e-01
   6.6134592e-01
   6.7529508e-01
   6.8931698e-01
   7.0340073e-01
   7.1753524e-01
   7.3170921e-01
   7.4591115e-01
   7.6012942e-01
   7.7435226e-01
   7.8856781e-01
   8.0276412e-01
   8.1692923e-01
   8.3105115e-01
   8.4511793e-01
   8.5911764e-01
   8.7303846e-01
   8.8686867e-01
   9.0059667e-01
   9.1421108e-01
   9.2770066e-01
   9.4105445e-01
   9.5426173e-01
   9.6731204e-01
   9.8019527e-01
   9.9290162e-01
   1.0054216e+00
   1.0177463e+00
   1.0298670e+00
   1.0417753e+00
   1.0534637e+00
   1.0649247e+00
   1.0761515e+00
   1.0871378e+00
   1.0978776e+00
   1.1083656e+00
   1.1185969e+00
   1.1285673e+00
   1.1382729e+00
   1.1477105e+00
   1.1568773e+00
   1.1657711e+00
   1.1743903e+00
   1.1827337e+00
   1.1908007e+00
   1.1985911e+00
   1.2061053e+00
   1.2133441e+00
   1.2203090e+00
   1.2270017e+00
   1.2334244e+00
   1.2395798e+00
   1.2454711e+00
   1.2511018e+00
   1.2564756e+00
   1.2615970e+00
   1.2664704e+00
   1.2711008e+00
   1.2754934e+00
   1.2796538e+00
   1.2835875e+00
   1.2873007e+00
   1.2907995e+00
   1.2940903e+00
   1.2971797e+00
   1.3000744e+00
   1.3027811e+00
   1.3053070e+00
   1.3076588e+00
   1.3098438e+00
   1.3118690e+00
   1.3137416e+00
   1.3154686e+00
   1.3170573e+00
   1.3185145e+00
   1.3198475e+00
   1.3210630e+00
   1.3221679e+00
   1.3231689e+00
   1.3240727e+00
   1.3248856e+00
   1.3256139e+00
   1.3262639e+00
   1.3268414e+00
   1.3273522e+00
   1.3278017e+00
   1.3281954e+00
   1.3285383e+00
   1.3288353e+00
   1.3290909e+00
   1.3293095e+00
   1.3294951e+00
   1.3296516e+00
   1.3297825e+00
   1.3298910e+00
   1.3299800e+00
   1.3300523e+00
   1.3301101e+00
   1.3301554e+00
   1.3301901e+00
   1.3302156e+00
   1.3302328e+00
   1.3302428e+00
   1.3302458e+00
