   4.5730418e+04
   4.5719585e+04
   4.5686981e+04
   4.5632306e+04
   4.5555066e+04
   4.5454573e+04
   4.5329953e+04
   4.5180150e+04
   4.5003940e+04
   4.4799937e+04
   4.4566609e+04
   4.4302291e+04
   4.4005205e+04
   4.3673478e+04
   4.3305164e+04
   4.2898269e+04
   4.2450782e+04
   4.1960699e+04
   4.1426062e+04
   4.0844991e+04
   4.0215725e+04
   3.9536658e+04
   3.8806386e+04
   3.8023747e+04
   3.7187871e+04
   3.6298218e+04
   3.5354632e+04
   3.4357378e+04
   3.3307188e+04
   3.2205301e+04
   3.1053499e+04
   2.9854135e+04
   2.8610161e+04
   2.7325143e+04
   2.6003271e+04
   2.4649358e+04
   2.3268826e+04
   2.1867686e+04
   2.0452501e+04
   1.9030335e+04
   1.7608694e+04
   1.6195449e+04
   1.4798746e+04
   1.3426909e+04
   1.2088325e+04
   1.0791323e+04
   9.5440480e+03
   8.3543197e+03
   7.2295002e+03
   6.1763544e+03
   5.2009162e+03
   4.3083609e+03
   3.5028888e+03
   2.7876225e+03
   2.1645208e+03
   1.6343149e+03
   1.1964663e+03
   8.4915249e+02
   5.8927843e+02
   4.1251842e+02
   3.1338623e+02
   2.8533406e+02
   3.2087860e+02
   4.1175197e+02
   5.4907423e+02
   7.2354353e+02
   9.2563914e+02
   1.1458320e+03
   1.3747970e+03
   1.6036214e+03
   1.8240020e+03
   2.0284273e+03
   2.2103371e+03
   2.3642555e+03
   2.4858931e+03
   2.5722155e+03
   2.6214744e+03
   2.6332031e+03
   2.6081743e+03
   2.5483221e+03
   2.4566331e+03
   2.3370071e+03
   2.1940956e+03
   2.0331207e+03
   1.8596837e+03
   1.6795670e+03
   1.4985385e+03
   1.3221626e+03
   1.1556266e+03
   1.0035851e+03
   8.7002920e+02
   7.5818307e+02
   6.7043063e+02
   6.0827360e+02
   5.7232130e+02
   5.6231094e+02
   5.7715644e+02
   6.1502271e+02
   6.7342163e+02
   7.4932516e+02
   8.3929085e+02
   9.3959464e+02
   1.0463659e+03
   1.1557198e+03
   1.2638829e+03
   1.3673074e+03
   1.4627713e+03
   1.5474619e+03
   1.6190402e+03
   1.6756863e+03
   1.7161248e+03
   1.7396309e+03
   1.7460188e+03
   1.7356135e+03
   1.7092086e+03
   1.6680125e+03
   1.6135861e+03
   1.5477738e+03
   1.4726314e+03
   1.3903536e+03
   1.3032027e+03
   1.2134417e+03
   1.1232722e+03
   1.0347802e+03
   9.4988939e+02
   8.7032340e+02
   7.9757709e+02
   7.3289680e+02
   6.7726935e+02
   6.3141911e+02
   5.9581255e+02
   5.7066909e+02
   5.5597753e+02
   5.5151672e+02
   5.5687962e+02
   5.7149957e+02
   5.9467774e+02
   6.2561104e+02
   6.6341949e+02
   7.0717247e+02
   7.5591328e+02
   8.0868155e+02
   8.6453315e+02
   9.2255750e+02
   9.8189201e+02
   1.0417338e+03
   1.1013489e+03
   1.1600782e+03
   1.2173419e+03
   1.2726415e+03
   1.3255591e+03
   1.3757562e+03
   1.4229706e+03
   1.4670118e+03
   1.5077564e+03
   1.5451417e+03
   1.5791601e+03
   1.6098526e+03
   1.6373020e+03
   1.6616269e+03
   1.6829754e+03
   1.7015190e+03
   1.7174474e+03
   1.7309632e+03
   1.7422771e+03
   1.7516041e+03
   1.7591593e+03
   1.7651548e+03
   1.7697969e+03
   1.7732835e+03
   1.7758022e+03
   1.7775282e+03
   1.7786234e+03
   1.7792349e+03
   1.7794940e+03
   1.7795158e+03
   1.7793984e+03
   1.7792225e+03
   1.7790512e+03
   1.7789297e+03
   1.7788852e+03
   1.7789266e+03
   1.7790449e+03
   1.7792131e+03
   1.7793857e+03
   1.7794998e+03
   1.7794746e+03
   1.7792121e+03
   1.7785970e+03
   1.7774982e+03
   1.7757684e+03
   1.7732458e+03
   1.7697552e+03
   1.7651089e+03
   1.7591091e+03
   1.7515495e+03
   1.7422180e+03
   1.7308994e+03
   1.7173790e+03
   1.7014459e+03
   1.6828976e+03
   1.6615444e+03
   1.6372149e+03
   1.6097609e+03
   1.5790640e+03
   1.5450414e+03
   1.5076521e+03
   1.4669040e+03
   1.4228595e+03
   1.3756422e+03
   1.3254427e+03
   1.2725234e+03
   1.2172226e+03
   1.1599583e+03
   1.1012291e+03
   1.0416150e+03
   9.8177476e+02
   9.2244263e+02
   8.6442142e+02
   8.0857369e+02
   7.5581002e+02
   7.0707446e+02
   6.6332733e+02
   6.2552524e+02
   5.9459871e+02
   5.7142760e+02
   5.5681487e+02
   5.5145919e+02
   5.5592708e+02
   5.7062543e+02
   5.9577519e+02
   6.3138743e+02
   6.7724254e+02
   7.3287393e+02
   7.9755706e+02
   8.7030503e+02
   9.4987139e+02
   1.0347612e+03
   1.1232509e+03
   1.2134166e+03
   1.3031726e+03
   1.3903171e+03
   1.4725875e+03
   1.5477215e+03
   1.6135245e+03
   1.6679411e+03
   1.7091269e+03
   1.7355216e+03
   1.7459167e+03
   1.7395190e+03
   1.7160038e+03
   1.6755570e+03
   1.6189038e+03
   1.5473197e+03
   1.4626247e+03
   1.3671579e+03
   1.2637321e+03
   1.1555694e+03
   1.0462175e+03
   9.3944973e+02
   8.3915078e+02
   7.4919110e+02
   6.7329455e+02
   6.1490336e+02
   5.7704530e+02
   5.6220823e+02
   5.7222696e+02
   6.0818731e+02
   6.7035184e+02
   7.5811101e+02
   8.6996291e+02
   1.0035235e+03
   1.1555685e+03
   1.3221067e+03
   1.4984835e+03
   1.6795119e+03
   1.8596272e+03
   2.0330618e+03
   2.1940335e+03
   2.3369412e+03
   2.4565628e+03
   2.5482472e+03
   2.6080947e+03
   2.6331190e+03
   2.6213861e+03
   2.5721236e+03
   2.4857983e+03
   2.3641584e+03
   2.2102386e+03
   2.0283283e+03
   1.8239034e+03
   1.6035241e+03
   1.3747019e+03
   1.1457396e+03
   9.2555018e+02
   7.2345842e+02
   5.4899329e+02
   4.1167536e+02
   3.2080631e+02
   2.8526592e+02
   3.1332192e+02
   4.1245748e+02
   5.8922028e+02
   8.4909646e+02
   1.1964117e+03
   1.6342607e+03
   2.1644663e+03
   2.7875668e+03
   3.5028311e+03
   4.3083003e+03
   5.2008520e+03
   6.1762859e+03
   7.2294267e+03
   8.3542407e+03
   9.5439631e+03
   1.0791232e+04
   1.2088227e+04
   1.3426805e+04
   1.4798635e+04
   1.6195332e+04
   1.7608571e+04
   1.9030207e+04
   2.0452367e+04
   2.1867547e+04
   2.3268682e+04
   2.4649211e+04
   2.6003121e+04
   2.7324990e+04
   2.8610006e+04
   2.9853979e+04
   3.1053342e+04
   3.2205144e+04
   3.3307032e+04
   3.4357223e+04
   3.5354479e+04
   3.6298068e+04
   3.7187724e+04
   3.8023604e+04
   3.8806246e+04
   3.9536523e+04
   4.0215594e+04
   4.0844866e+04
   4.1425942e+04
   4.1960585e+04
   4.2450674e+04
   4.2898167e+04
   4.3305068e+04
   4.3673389e+04
   4.4005123e+04
   4.4302215e+04
   4.4566539e+04
   4.4799874e+04
   4.5003884e+04
   4.5180101e+04
   4.5329911e+04
   4.5454538e+04
   4.5555038e+04
   4.5632285e+04
   4.5686967e+04
   4.5719578e+04
   4.5730418e+04
