   2.8582348e+03
   2.8579070e+03
   2.8569232e+03
   2.8552788e+03
   2.8529665e+03
   2.8499760e+03
   2.8462941e+03
   2.8419049e+03
   2.8367898e+03
   2.8309276e+03
   2.8242944e+03
   2.8168643e+03
   2.8086090e+03
   2.7994981e+03
   2.7894994e+03
   2.7785792e+03
   2.7667020e+03
   2.7538315e+03
   2.7399301e+03
   2.7249596e+03
   2.7088816e+03
   2.6916571e+03
   2.6732479e+03
   2.6536159e+03
   2.6327241e+03
   2.6105366e+03
   2.5870192e+03
   2.5621397e+03
   2.5358681e+03
   2.5081774e+03
   2.4790436e+03
   2.4484463e+03
   2.4163690e+03
   2.3827997e+03
   2.3477308e+03
   2.3111600e+03
   2.2730904e+03
   2.2335307e+03
   2.1924958e+03
   2.1500068e+03
   2.1060915e+03
   2.0607843e+03
   2.0141267e+03
   1.9661670e+03
   1.9169610e+03
   1.8665712e+03
   1.8150675e+03
   1.7625268e+03
   1.7090328e+03
   1.6546758e+03
   1.5995525e+03
   1.5437659e+03
   1.4874244e+03
   1.4306415e+03
   1.3735358e+03
   1.3162296e+03
   1.2588489e+03
   1.2015226e+03
   1.1443813e+03
   1.0875574e+03
   1.0311836e+03
   9.7539238e+02
   9.2031509e+02
   8.6608115e+02
   8.1281717e+02
   7.6064610e+02
   7.0968641e+02
   6.6005128e+02
   6.1184783e+02
   5.6517640e+02
   5.2012981e+02
   4.7679280e+02
   4.3524142e+02
   3.9554255e+02
   3.5775350e+02
   3.2192162e+02
   2.8808411e+02
   2.5626783e+02
   2.2648920e+02
   1.9875428e+02
   1.7305883e+02
   1.4938851e+02
   1.2771919e+02
   1.0801730e+02
   9.0240278e+01
   7.4337084e+01
   6.0248792e+01
   4.7909221e+01
   3.7245637e+01
   2.8179477e+01
   2.0627124e+01
   1.4500695e+01
   9.7088455e+00
   6.1575812e+00
   3.7510652e+00
   2.3924130e+00
   1.9844657e+00
   2.4305355e+00
   3.6351151e+00
   5.5045444e+00
   7.9476295e+00
   1.0876209e+01
   1.4205663e+01
   1.7855361e+01
   2.1749052e+01
   2.5815187e+01
   2.9987177e+01
   3.4203598e+01
   3.8408316e+01
   4.2550572e+01
   4.6584999e+01
   5.0471584e+01
   5.4175587e+01
   5.7667414e+01
   6.0922437e+01
   6.3920798e+01
   6.6647163e+01
   6.9090460e+01
   7.1243594e+01
   7.3103144e+01
   7.4669048e+01
   7.5944284e+01
   7.6934547e+01
   7.7647923e+01
   7.8094577e+01
   7.8286436e+01
   7.8236899e+01
   7.7960544e+01
   7.7472863e+01
   7.6790008e+01
   7.5928559e+01
   7.4905303e+01
   7.3737048e+01
   7.2440443e+01
   7.1031823e+01
   6.9527080e+01
   6.7941545e+01
   6.6289889e+01
   6.4586051e+01
   6.2843174e+01
   6.1073557e+01
   5.9288626e+01
   5.7498918e+01
   5.5714071e+01
   5.3942830e+01
   5.2193063e+01
   5.0471781e+01
   4.8785166e+01
   4.7138608e+01
   4.5536743e+01
   4.3983495e+01
   4.2482125e+01
   4.1035274e+01
   3.9645014e+01
   3.8312898e+01
   3.7040006e+01
   3.5826995e+01
   3.4674145e+01
   3.3581407e+01
   3.2548441e+01
   3.1574665e+01
   3.0659289e+01
   2.9801354e+01
   2.8999765e+01
   2.8253329e+01
   2.7560777e+01
   2.6920798e+01
   2.6332059e+01
   2.5793233e+01
   2.5303014e+01
   2.4860141e+01
   2.4463412e+01
   2.4111696e+01
   2.3803952e+01
   2.3539234e+01
   2.3316706e+01
   2.3135645e+01
   2.2995452e+01
   2.2895656e+01
   2.2835917e+01
   2.2816030e+01
   2.2835926e+01
   2.2895673e+01
   2.2995478e+01
   2.3135679e+01
   2.3316749e+01
   2.3539287e+01
   2.3804015e+01
   2.4111770e+01
   2.4463497e+01
   2.4860238e+01
   2.5303123e+01
   2.5793355e+01
   2.6332196e+01
   2.6920950e+01
   2.7560945e+01
   2.8253514e+01
   2.8999969e+01
   2.9801577e+01
   3.0659533e+01
   3.1574932e+01
   3.2548732e+01
   3.3581722e+01
   3.4674487e+01
   3.5827364e+01
   3.7040405e+01
   3.8313328e+01
   3.9645477e+01
   4.1035770e+01
   4.2482657e+01
   4.3984064e+01
   4.5537350e+01
   4.7139255e+01
   4.8785854e+01
   5.0472511e+01
   5.2193836e+01
   5.3943647e+01
   5.5714932e+01
   5.7499824e+01
   5.9289578e+01
   6.1074553e+01
   6.2844216e+01
   6.4587138e+01
   6.6291019e+01
   6.7942717e+01
   6.9528294e+01
   7.1033076e+01
   7.2441732e+01
   7.3738372e+01
   7.4906659e+01
   7.5929943e+01
   7.6791417e+01
   7.7474292e+01
   7.7961988e+01
   7.8238355e+01
   7.8287898e+01
   7.8096039e+01
   7.7649381e+01
   7.6935993e+01
   7.5945714e+01
   7.4670454e+01
   7.3104521e+01
   7.1244935e+01
   6.9091759e+01
   6.6648414e+01
   6.3921996e+01
   6.0923576e+01
   5.7668488e+01
   5.4176594e+01
   5.0472518e+01
   4.6585859e+01
   4.2551355e+01
   3.8409021e+01
   3.4204225e+01
   2.9987728e+01
   2.5815662e+01
   2.1749457e+01
   1.7855701e+01
   1.4205945e+01
   1.0876442e+01
   7.9478226e+00
   5.5047099e+00
   3.6352668e+00
   2.4306888e+00
   1.9846378e+00
   2.3926229e+00
   3.7513335e+00
   6.1579302e+00
   9.7092992e+00
   1.4501279e+01
   2.0627865e+01
   2.8180402e+01
   3.7246777e+01
   4.7910606e+01
   6.0250452e+01
   7.4339052e+01
   9.0242584e+01
   1.0801998e+02
   1.2772227e+02
   1.4939203e+02
   1.7306282e+02
   1.9875877e+02
   2.2649422e+02
   2.5627340e+02
   2.8809027e+02
   3.2192839e+02
   3.5776090e+02
   3.9555062e+02
   4.3525016e+02
   4.7680223e+02
   5.2013996e+02
   5.6518727e+02
   6.1185944e+02
   6.6006363e+02
   7.0969950e+02
   7.6065994e+02
   8.1283176e+02
   8.6609647e+02
   9.2033114e+02
   9.7540915e+02
   1.0312011e+03
   1.0875756e+03
   1.1444001e+03
   1.2015420e+03
   1.2588690e+03
   1.3162503e+03
   1.3735571e+03
   1.4306633e+03
   1.4874466e+03
   1.5437887e+03
   1.5995757e+03
   1.6546993e+03
   1.7090566e+03
   1.7625510e+03
   1.8150919e+03
   1.8665958e+03
   1.9169858e+03
   1.9661920e+03
   2.0141517e+03
   2.0608094e+03
   2.1061165e+03
   2.1500318e+03
   2.1925206e+03
   2.2335554e+03
   2.2731149e+03
   2.3111843e+03
   2.3477548e+03
   2.3828234e+03
   2.4163924e+03
   2.4484693e+03
   2.4790662e+03
   2.5081995e+03
   2.5358898e+03
   2.5621608e+03
   2.5870398e+03
   2.6105567e+03
   2.6327436e+03
   2.6536348e+03
   2.6732661e+03
   2.6916746e+03
   2.7088983e+03
   2.7249757e+03
   2.7399454e+03
   2.7538461e+03
   2.7667158e+03
   2.7785922e+03
   2.7895116e+03
   2.7995094e+03
   2.8086195e+03
   2.8168740e+03
   2.8243033e+03
   2.8309356e+03
   2.8367970e+03
   2.8419112e+03
   2.8462995e+03
   2.8499805e+03
   2.8529701e+03
   2.8552815e+03
   2.8569250e+03
   2.8579079e+03
   2.8582348e+03
