   8.6276425e-05
   8.6276398e-05
   8.6276354e-05
   8.6276294e-05
   8.6276213e-05
   8.6276111e-05
   8.6275982e-05
   8.6275823e-05
   8.6275628e-05
   8.6275390e-05
   8.6275104e-05
   8.6274762e-05
   8.6274355e-05
   8.6273873e-05
   8.6273308e-05
   8.6272647e-05
   8.6271881e-05
   8.6270997e-05
   8.6269983e-05
   8.6268824e-05
   8.6267508e-05
   8.6266019e-05
   8.6264343e-05
   8.6262464e-05
   8.6260365e-05
   8.6258030e-05
   8.6255441e-05
   8.6252582e-05
   8.6249434e-05
   8.6245978e-05
   8.6242195e-05
   8.6238068e-05
   8.6233575e-05
   8.6228697e-05
   8.6223415e-05
   8.6217708e-05
   8.6211555e-05
   8.6204937e-05
   8.6197832e-05
   8.6190221e-05
   8.6182082e-05
   8.6173394e-05
   8.6164137e-05
   8.6154291e-05
   8.6143834e-05
   8.6132748e-05
   8.6121010e-05
   8.6108602e-05
   8.6095504e-05
   8.6081696e-05
   8.6067160e-05
   8.6051877e-05
   8.6035828e-05
   8.6018995e-05
   8.6001362e-05
   8.5982911e-05
   8.5963626e-05
   8.5943491e-05
   8.5922491e-05
   8.5900612e-05
   8.5877839e-05
   8.5854159e-05
   8.5829561e-05
   8.5804031e-05
   8.5777560e-05
   8.5750137e-05
   8.5721753e-05
   8.5692399e-05
   8.5662068e-05
   8.5630754e-05
   8.5598450e-05
   8.5565152e-05
   8.5530856e-05
   8.5495559e-05
   8.5459260e-05
   8.5421957e-05
   8.5383652e-05
   8.5344344e-05
   8.5304038e-05
   8.5262736e-05
   8.5220442e-05
   8.5177163e-05
   8.5132905e-05
   8.5087676e-05
   8.5041484e-05
   8.4994341e-05
   8.4946257e-05
   8.4897244e-05
   8.4847315e-05
   8.4796486e-05
   8.4744772e-05
   8.4692189e-05
   8.4638755e-05
   8.4584489e-05
   8.4529411e-05
   8.4473541e-05
   8.4416902e-05
   8.4359516e-05
   8.4301408e-05
   8.4242603e-05
   8.4183125e-05
   8.4123003e-05
   8.4062264e-05
   8.4000937e-05
   8.3939051e-05
   8.3876636e-05
   8.3813724e-05
   8.3750348e-05
   8.3686538e-05
   8.3622331e-05
   8.3557758e-05
   8.3492856e-05
   8.3427660e-05
   8.3362207e-05
   8.3296532e-05
   8.3230674e-05
   8.3164670e-05
   8.3098559e-05
   8.3032379e-05
   8.2966170e-05
   8.2899971e-05
   8.2833821e-05
   8.2767763e-05
   8.2701835e-05
   8.2636078e-05
   8.2570534e-05
   8.2505243e-05
   8.2440246e-05
   8.2375585e-05
   8.2311301e-05
   8.2247435e-05
   8.2184028e-05
   8.2121122e-05
   8.2058756e-05
   8.1996973e-05
   8.1935812e-05
   8.1875315e-05
   8.1815520e-05
   8.1756469e-05
   8.1698199e-05
   8.1640751e-05
   8.1584163e-05
   8.1528472e-05
   8.1473718e-05
   8.1419936e-05
   8.1367163e-05
   8.1315436e-05
   8.1264790e-05
   8.1215259e-05
   8.1166878e-05
   8.1119679e-05
   8.1073695e-05
   8.1028959e-05
   8.0985500e-05
   8.0943350e-05
   8.0902536e-05
   8.0863089e-05
   8.0825035e-05
   8.0788400e-05
   8.0753211e-05
   8.0719492e-05
   8.0687266e-05
   8.0656557e-05
   8.0627385e-05
   8.0599771e-05
   8.0573734e-05
   8.0549294e-05
   8.0526466e-05
   8.0505268e-05
   8.0485713e-05
   8.0467817e-05
   8.0451590e-05
   8.0437046e-05
   8.0424194e-05
   8.0413043e-05
   8.0403601e-05
   8.0395875e-05
   8.0389871e-05
   8.0385591e-05
   8.0383041e-05
   8.0382221e-05
   8.0383131e-05
   8.0385772e-05
   8.0390142e-05
   8.0396237e-05
   8.0404052e-05
   8.0413584e-05
   8.0424824e-05
   8.0437766e-05
   8.0452399e-05
   8.0468713e-05
   8.0486698e-05
   8.0506340e-05
   8.0527625e-05
   8.0550539e-05
   8.0575065e-05
   8.0601186e-05
   8.0628884e-05
   8.0658140e-05
   8.0688932e-05
   8.0721239e-05
   8.0755039e-05
   8.0790309e-05
   8.0827022e-05
   8.0865154e-05
   8.0904678e-05
   8.0945567e-05
   8.0987793e-05
   8.1031325e-05
   8.1076134e-05
   8.1122188e-05
   8.1169457e-05
   8.1217907e-05
   8.1267505e-05
   8.1318217e-05
   8.1370009e-05
   8.1422844e-05
   8.1476688e-05
   8.1531502e-05
   8.1587251e-05
   8.1643896e-05
   8.1701400e-05
   8.1759723e-05
   8.1818827e-05
   8.1878673e-05
   8.1939219e-05
   8.2000427e-05
   8.2062256e-05
   8.2124665e-05
   8.2187614e-05
   8.2251061e-05
   8.2314966e-05
   8.2379287e-05
   8.2443983e-05
   8.2509014e-05
   8.2574336e-05
   8.2639910e-05
   8.2705695e-05
   8.2771650e-05
   8.2837733e-05
   8.2903905e-05
   8.2970125e-05
   8.3036353e-05
   8.3102550e-05
   8.3168677e-05
   8.3234695e-05
   8.3300565e-05
   8.3366249e-05
   8.3431712e-05
   8.3496914e-05
   8.3561821e-05
   8.3626396e-05
   8.3690606e-05
   8.3754415e-05
   8.3817790e-05
   8.3880698e-05
   8.3943107e-05
   8.4004986e-05
   8.4066305e-05
   8.4127034e-05
   8.4187145e-05
   8.4246609e-05
   8.4305400e-05
   8.4363492e-05
   8.4420860e-05
   8.4477480e-05
   8.4533329e-05
   8.4588386e-05
   8.4642629e-05
   8.4696038e-05
   8.4748595e-05
   8.4800283e-05
   8.4851084e-05
   8.4900983e-05
   8.4949965e-05
   8.4998018e-05
   8.5045129e-05
   8.5091286e-05
   8.5136481e-05
   8.5180703e-05
   8.5223946e-05
   8.5266202e-05
   8.5307466e-05
   8.5347733e-05
   8.5387001e-05
   8.5425265e-05
   8.5462527e-05
   8.5498784e-05
   8.5534038e-05
   8.5568291e-05
   8.5601545e-05
   8.5633805e-05
   8.5665074e-05
   8.5695360e-05
   8.5724668e-05
   8.5753006e-05
   8.5780382e-05
   8.5806806e-05
   8.5832289e-05
   8.5856840e-05
   8.5880472e-05
   8.5903197e-05
   8.5925028e-05
   8.5945980e-05
   8.5966067e-05
   8.5985304e-05
   8.6003706e-05
   8.6021291e-05
   8.6038075e-05
   8.6054076e-05
   8.6069311e-05
   8.6083799e-05
   8.6097558e-05
   8.6110608e-05
   8.6122968e-05
   8.6134658e-05
   8.6145697e-05
   8.6156106e-05
   8.6165905e-05
   8.6175115e-05
   8.6183756e-05
   8.6191848e-05
   8.6199413e-05
   8.6206472e-05
   8.6213044e-05
   8.6219151e-05
   8.6224812e-05
   8.6230050e-05
   8.6234882e-05
   8.6239331e-05
   8.6243414e-05
   8.6247152e-05
   8.6250565e-05
   8.6253670e-05
   8.6256486e-05
   8.6259031e-05
   8.6261324e-05
   8.6263380e-05
   8.6265218e-05
   8.6266852e-05
   8.6268299e-05
   8.6269575e-05
   8.6270692e-05
   8.6271666e-05
   8.6272509e-05
   8.6273235e-05
   8.6273855e-05
   8.6274380e-05
   8.6274822e-05
   8.6275190e-05
   8.6275493e-05
   8.6275740e-05
   8.6275938e-05
   8.6276094e-05
   8.6276214e-05
   8.6276304e-05
   8.6276368e-05
   8.6276410e-05
   8.6276432e-05
   8.6276436e-05
   8.6276425e-05
