   1.1339767e-04
   1.1339763e-04
   1.1339757e-04
   1.1339748e-04
   1.1339735e-04
   1.1339719e-04
   1.1339699e-04
   1.1339674e-04
   1.1339644e-04
   1.1339607e-04
   1.1339564e-04
   1.1339512e-04
   1.1339450e-04
   1.1339378e-04
   1.1339294e-04
   1.1339196e-04
   1.1339083e-04
   1.1338954e-04
   1.1338806e-04
   1.1338637e-04
   1.1338447e-04
   1.1338232e-04
   1.1337991e-04
   1.1337721e-04
   1.1337421e-04
   1.1337088e-04
   1.1336719e-04
   1.1336313e-04
   1.1335866e-04
   1.1335376e-04
   1.1334841e-04
   1.1334258e-04
   1.1333624e-04
   1.1332937e-04
   1.1332193e-04
   1.1331390e-04
   1.1330526e-04
   1.1329597e-04
   1.1328601e-04
   1.1327534e-04
   1.1326394e-04
   1.1325178e-04
   1.1323883e-04
   1.1322507e-04
   1.1321046e-04
   1.1319498e-04
   1.1317859e-04
   1.1316128e-04
   1.1314302e-04
   1.1312377e-04
   1.1310352e-04
   1.1308223e-04
   1.1305988e-04
   1.1303646e-04
   1.1301192e-04
   1.1298625e-04
   1.1295943e-04
   1.1293144e-04
   1.1290225e-04
   1.1287185e-04
   1.1284021e-04
   1.1280732e-04
   1.1277316e-04
   1.1273772e-04
   1.1270098e-04
   1.1266292e-04
   1.1262353e-04
   1.1258281e-04
   1.1254074e-04
   1.1249731e-04
   1.1245252e-04
   1.1240636e-04
   1.1235881e-04
   1.1230989e-04
   1.1225959e-04
   1.1220790e-04
   1.1215483e-04
   1.1210038e-04
   1.1204455e-04
   1.1198735e-04
   1.1192879e-04
   1.1186886e-04
   1.1180759e-04
   1.1174498e-04
   1.1168104e-04
   1.1161580e-04
   1.1154925e-04
   1.1148143e-04
   1.1141235e-04
   1.1134203e-04
   1.1127049e-04
   1.1119776e-04
   1.1112385e-04
   1.1104881e-04
   1.1097264e-04
   1.1089539e-04
   1.1081708e-04
   1.1073774e-04
   1.1065741e-04
   1.1057612e-04
   1.1049392e-04
   1.1041082e-04
   1.1032688e-04
   1.1024213e-04
   1.1015662e-04
   1.1007038e-04
   1.0998347e-04
   1.0989591e-04
   1.0980777e-04
   1.0971908e-04
   1.0962989e-04
   1.0954025e-04
   1.0945022e-04
   1.0935983e-04
   1.0926914e-04
   1.0917821e-04
   1.0908708e-04
   1.0899580e-04
   1.0890444e-04
   1.0881305e-04
   1.0872167e-04
   1.0863036e-04
   1.0853919e-04
   1.0844820e-04
   1.0835746e-04
   1.0826701e-04
   1.0817691e-04
   1.0808723e-04
   1.0799801e-04
   1.0790932e-04
   1.0782121e-04
   1.0773374e-04
   1.0764696e-04
   1.0756094e-04
   1.0747572e-04
   1.0739136e-04
   1.0730792e-04
   1.0722546e-04
   1.0714402e-04
   1.0706366e-04
   1.0698444e-04
   1.0690641e-04
   1.0682962e-04
   1.0675413e-04
   1.0667997e-04
   1.0660722e-04
   1.0653590e-04
   1.0646608e-04
   1.0639780e-04
   1.0633110e-04
   1.0626604e-04
   1.0620265e-04
   1.0614099e-04
   1.0608109e-04
   1.0602299e-04
   1.0596674e-04
   1.0591237e-04
   1.0585992e-04
   1.0580943e-04
   1.0576093e-04
   1.0571446e-04
   1.0567005e-04
   1.0562773e-04
   1.0558752e-04
   1.0554947e-04
   1.0551359e-04
   1.0547990e-04
   1.0544845e-04
   1.0541923e-04
   1.0539228e-04
   1.0536762e-04
   1.0534526e-04
   1.0532521e-04
   1.0530750e-04
   1.0529213e-04
   1.0527911e-04
   1.0526846e-04
   1.0526018e-04
   1.0525428e-04
   1.0525075e-04
   1.0524961e-04
   1.0525086e-04
   1.0525449e-04
   1.0526050e-04
   1.0526889e-04
   1.0527965e-04
   1.0529277e-04
   1.0530825e-04
   1.0532607e-04
   1.0534622e-04
   1.0536869e-04
   1.0539346e-04
   1.0542051e-04
   1.0544983e-04
   1.0548139e-04
   1.0551517e-04
   1.0555116e-04
   1.0558931e-04
   1.0562961e-04
   1.0567204e-04
   1.0571654e-04
   1.0576311e-04
   1.0581171e-04
   1.0586229e-04
   1.0591483e-04
   1.0596929e-04
   1.0602564e-04
   1.0608382e-04
   1.0614381e-04
   1.0620556e-04
   1.0626904e-04
   1.0633418e-04
   1.0640096e-04
   1.0646932e-04
   1.0653922e-04
   1.0661061e-04
   1.0668345e-04
   1.0675767e-04
   1.0683324e-04
   1.0691010e-04
   1.0698820e-04
   1.0706749e-04
   1.0714791e-04
   1.0722941e-04
   1.0731193e-04
   1.0739543e-04
   1.0747985e-04
   1.0756512e-04
   1.0765120e-04
   1.0773803e-04
   1.0782555e-04
   1.0791371e-04
   1.0800244e-04
   1.0809170e-04
   1.0818142e-04
   1.0827155e-04
   1.0836204e-04
   1.0845282e-04
   1.0854384e-04
   1.0863504e-04
   1.0872637e-04
   1.0881778e-04
   1.0890920e-04
   1.0900058e-04
   1.0909187e-04
   1.0918302e-04
   1.0927397e-04
   1.0936467e-04
   1.0945507e-04
   1.0954511e-04
   1.0963475e-04
   1.0972395e-04
   1.0981264e-04
   1.0990078e-04
   1.0998834e-04
   1.1007525e-04
   1.1016148e-04
   1.1024699e-04
   1.1033172e-04
   1.1041565e-04
   1.1049873e-04
   1.1058093e-04
   1.1066220e-04
   1.1074251e-04
   1.1082182e-04
   1.1090011e-04
   1.1097734e-04
   1.1105348e-04
   1.1112850e-04
   1.1120238e-04
   1.1127508e-04
   1.1134659e-04
   1.1141687e-04
   1.1148592e-04
   1.1155370e-04
   1.1162021e-04
   1.1168542e-04
   1.1174931e-04
   1.1181188e-04
   1.1187311e-04
   1.1193299e-04
   1.1199152e-04
   1.1204867e-04
   1.1210445e-04
   1.1215886e-04
   1.1221188e-04
   1.1226351e-04
   1.1231377e-04
   1.1236264e-04
   1.1241013e-04
   1.1245624e-04
   1.1250098e-04
   1.1254435e-04
   1.1258637e-04
   1.1262704e-04
   1.1266637e-04
   1.1270437e-04
   1.1274106e-04
   1.1277645e-04
   1.1281055e-04
   1.1284338e-04
   1.1287496e-04
   1.1290531e-04
   1.1293444e-04
   1.1296237e-04
   1.1298913e-04
   1.1301474e-04
   1.1303922e-04
   1.1306259e-04
   1.1308488e-04
   1.1310611e-04
   1.1312631e-04
   1.1314549e-04
   1.1316370e-04
   1.1318095e-04
   1.1319728e-04
   1.1321270e-04
   1.1322726e-04
   1.1324096e-04
   1.1325385e-04
   1.1326596e-04
   1.1327730e-04
   1.1328791e-04
   1.1329782e-04
   1.1330706e-04
   1.1331564e-04
   1.1332362e-04
   1.1333100e-04
   1.1333782e-04
   1.1334410e-04
   1.1334988e-04
   1.1335518e-04
   1.1336002e-04
   1.1336444e-04
   1.1336845e-04
   1.1337209e-04
   1.1337537e-04
   1.1337832e-04
   1.1338097e-04
   1.1338333e-04
   1.1338542e-04
   1.1338728e-04
   1.1338891e-04
   1.1339035e-04
   1.1339159e-04
   1.1339267e-04
   1.1339360e-04
   1.1339439e-04
   1.1339507e-04
   1.1339563e-04
   1.1339611e-04
   1.1339650e-04
   1.1339681e-04
   1.1339707e-04
   1.1339727e-04
   1.1339743e-04
   1.1339754e-04
   1.1339762e-04
   1.1339766e-04
   1.1339768e-04
   1.1339767e-04
