   5.2720085e+02
   5.2719278e+02
   5.2716879e+02
   5.2712748e+02
   5.2706654e+02
   5.2698272e+02
   5.2687187e+02
   5.2672893e+02
   5.2654794e+02
   5.2632207e+02
   5.2604360e+02
   5.2570400e+02
   5.2529388e+02
   5.2480307e+02
   5.2422064e+02
   5.2353491e+02
   5.2273351e+02
   5.2180343e+02
   5.2073106e+02
   5.1950226e+02
   5.1810237e+02
   5.1651637e+02
   5.1472888e+02
   5.1272427e+02
   5.1048675e+02
   5.0800046e+02
   5.0524960e+02
   5.0221850e+02
   4.9889177e+02
   4.9525440e+02
   4.9129192e+02
   4.8699052e+02
   4.8233717e+02
   4.7731980e+02
   4.7192743e+02
   4.6615031e+02
   4.5998010e+02
   4.5340997e+02
   4.4643478e+02
   4.3905122e+02
   4.3125792e+02
   4.2305561e+02
   4.1444721e+02
   4.0543793e+02
   3.9603540e+02
   3.8624968e+02
   3.7609339e+02
   3.6558170e+02
   3.5473233e+02
   3.4356561e+02
   3.3210437e+02
   3.2037394e+02
   3.0840204e+02
   2.9621867e+02
   2.8385598e+02
   2.7134810e+02
   2.5873096e+02
   2.4604204e+02
   2.3332017e+02
   2.2060525e+02
   2.0793795e+02
   1.9535944e+02
   1.8291104e+02
   1.7063392e+02
   1.5856874e+02
   1.4675534e+02
   1.3523237e+02
   1.2403695e+02
   1.1320438e+02
   1.0276781e+02
   9.2757899e+01
   8.3202605e+01
   7.4126893e+01
   6.5552523e+01
   5.7497858e+01
   4.9977712e+01
   4.3003229e+01
   3.6581803e+01
   3.0717045e+01
   2.5408782e+01
   2.0653102e+01
   1.6442445e+01
   1.2765719e+01
   9.6084719e+00
   6.9530865e+00
   4.7790122e+00
   3.0630265e+00
   1.7795214e+00
   9.0081022e-01
   3.9745281e-01
   2.3859132e-01
   3.9229444e-01
   8.2590352e-01
   1.5063765e+00
   2.4006253e+00
   3.4758416e+00
   4.6998077e+00
   6.0411880e+00
   7.4697980e+00
   8.9568482e+00
   1.0475161e+01
   1.1999356e+01
   1.3506008e+01
   1.4973772e+01
   1.6383473e+01
   1.7718172e+01
   1.8963193e+01
   2.0106128e+01
   2.1136809e+01
   2.2047257e+01
   2.2831607e+01
   2.3486010e+01
   2.4008521e+01
   2.4398967e+01
   2.4658805e+01
   2.4790972e+01
   2.4799721e+01
   2.4690462e+01
   2.4469598e+01
   2.4144355e+01
   2.3722630e+01
   2.3212830e+01
   2.2623724e+01
   2.1964305e+01
   2.1243660e+01
   2.0470846e+01
   1.9654789e+01
   1.8804182e+01
   1.7927402e+01
   1.7032441e+01
   1.6126844e+01
   1.5217658e+01
   1.4311401e+01
   1.3414032e+01
   1.2530934e+01
   1.1666909e+01
   1.0826175e+01
   1.0012380e+01
   9.2286094e+00
   8.4774125e+00
   7.7608234e+00
   7.0803908e+00
   6.4372091e+00
   5.8319522e+00
   5.2649085e+00
   4.7360167e+00
   4.2449023e+00
   3.7909126e+00
   3.3731527e+00
   2.9905190e+00
   2.6417314e+00
   2.3253650e+00
   2.0398781e+00
   1.7836398e+00
   1.5549545e+00
   1.3520844e+00
   1.1732703e+00
   1.0167498e+00
   8.8077304e-01
   7.6361771e-01
   6.6360070e-01
   5.7908885e-01
   5.0850772e-01
   4.5034882e-01
   4.0317559e-01
   3.6562792e-01
   3.3642576e-01
   3.1437162e-01
   2.9835229e-01
   2.8733984e-01
   2.8039208e-01
   2.7665249e-01
   2.7534981e-01
   2.7579742e-01
   2.7739249e-01
   2.7961507e-01
   2.8202713e-01
   2.8427170e-01
   2.8607205e-01
   2.8723101e-01
   2.8763048e-01
   2.8723115e-01
   2.8607233e-01
   2.8427212e-01
   2.8202768e-01
   2.7961576e-01
   2.7739333e-01
   2.7579842e-01
   2.7535100e-01
   2.7665391e-01
   2.8039382e-01
   2.8734198e-01
   2.9835496e-01
   3.1437501e-01
   3.3643009e-01
   3.6563348e-01
   4.0318272e-01
   4.5035797e-01
   5.0851939e-01
   5.7910368e-01
   6.6361938e-01
   7.6364109e-01
   8.8080210e-01
   1.0167856e+00
   1.1733142e+00
   1.3521377e+00
   1.5550188e+00
   1.7837170e+00
   2.0399700e+00
   2.3254737e+00
   2.6418593e+00
   2.9906685e+00
   3.3733267e+00
   3.7911138e+00
   4.2451337e+00
   4.7362817e+00
   5.2652103e+00
   5.8322945e+00
   6.4375954e+00
   7.0808249e+00
   7.7613092e+00
   8.4779536e+00
   9.2292097e+00
   1.0013043e+01
   1.0826905e+01
   1.1667709e+01
   1.2531808e+01
   1.3414982e+01
   1.4312430e+01
   1.5218768e+01
   1.6128036e+01
   1.7033719e+01
   1.7928764e+01
   1.8805629e+01
   1.9656320e+01
   2.0472460e+01
   2.1245354e+01
   2.1966077e+01
   2.2625568e+01
   2.3214742e+01
   2.3724605e+01
   2.4146385e+01
   2.4471674e+01
   2.4692578e+01
   2.4801865e+01
   2.4793135e+01
   2.4660976e+01
   2.4401133e+01
   2.4010671e+01
   2.3488131e+01
   2.2833686e+01
   2.2049282e+01
   2.1138767e+01
   2.0108007e+01
   1.8964981e+01
   1.7719859e+01
   1.6385049e+01
   1.4975228e+01
   1.3507337e+01
   1.2000552e+01
   1.0476221e+01
   8.9577711e+00
   7.4705842e+00
   6.0418408e+00
   4.7003330e+00
   3.4762479e+00
   2.4009241e+00
   1.5065821e+00
   8.2603313e-01
   3.9236806e-01
   2.3863196e-01
   3.9748628e-01
   9.0086472e-01
   1.7796276e+00
   3.0632176e+00
   4.7793233e+00
   6.9535545e+00
   9.6091352e+00
   1.2766617e+01
   1.6443618e+01
   2.0654592e+01
   2.5410629e+01
   3.0719290e+01
   3.6584486e+01
   4.3006389e+01
   4.9981387e+01
   5.7502084e+01
   6.5557332e+01
   7.4132317e+01
   8.3208673e+01
   9.2764635e+01
   1.0277523e+02
   1.1321252e+02
   1.2404581e+02
   1.3524196e+02
   1.4676567e+02
   1.5857982e+02
   1.7064573e+02
   1.8292359e+02
   1.9537272e+02
   2.0795194e+02
   2.2061994e+02
   2.3333553e+02
   2.4605805e+02
   2.5874759e+02
   2.7136533e+02
   2.8387376e+02
   2.9623697e+02
   3.0842082e+02
   3.2039317e+02
   3.3212399e+02
   3.4358559e+02
   3.5475262e+02
   3.6560225e+02
   3.7611417e+02
   3.8627063e+02
   3.9605648e+02
   4.0545909e+02
   4.1446841e+02
   4.2307680e+02
   4.3127906e+02
   4.3907226e+02
   4.4645568e+02
   4.5343069e+02
   4.6000061e+02
   4.6617057e+02
   4.7194740e+02
   4.7733945e+02
   4.8235646e+02
   4.8700943e+02
   4.9131042e+02
   4.9527246e+02
   4.9890936e+02
   5.0223561e+02
   5.0526620e+02
   5.0801653e+02
   5.1050227e+02
   5.1273923e+02
   5.1474327e+02
   5.1653017e+02
   5.1811557e+02
   5.1951484e+02
   5.2074303e+02
   5.2181476e+02
   5.2274420e+02
   5.2354495e+02
   5.2423004e+02
   5.2481181e+02
   5.2530196e+02
   5.2571142e+02
   5.2605035e+02
   5.2632815e+02
   5.2655335e+02
   5.2673367e+02
   5.2687593e+02
   5.2698611e+02
   5.2706925e+02
   5.2712952e+02
   5.2717015e+02
   5.2719346e+02
   5.2720085e+02
