   5.8948344e+03
   5.8944432e+03
   5.8932669e+03
   5.8912848e+03
   5.8884627e+03
   5.8847524e+03
   5.8800927e+03
   5.8744090e+03
   5.8676137e+03
   5.8596067e+03
   5.8502757e+03
   5.8394964e+03
   5.8271336e+03
   5.8130413e+03
   5.7970635e+03
   5.7790353e+03
   5.7587835e+03
   5.7361275e+03
   5.7108808e+03
   5.6828519e+03
   5.6518456e+03
   5.6176648e+03
   5.5801117e+03
   5.5389898e+03
   5.4941054e+03
   5.4452697e+03
   5.3923010e+03
   5.3350266e+03
   5.2732850e+03
   5.2069283e+03
   5.1358245e+03
   5.0598600e+03
   4.9789416e+03
   4.8929994e+03
   4.8019888e+03
   4.7058928e+03
   4.6047240e+03
   4.4985270e+03
   4.3873798e+03
   4.2713955e+03
   4.1507237e+03
   4.0255517e+03
   3.8961046e+03
   3.7626463e+03
   3.6254789e+03
   3.4849426e+03
   3.3414143e+03
   3.1953064e+03
   3.0470649e+03
   2.8971667e+03
   2.7461166e+03
   2.5944443e+03
   2.4427001e+03
   2.2914503e+03
   2.1412730e+03
   1.9927527e+03
   1.8464747e+03
   1.7030195e+03
   1.5629570e+03
   1.4268406e+03
   1.2952010e+03
   1.1685406e+03
   1.0473275e+03
   9.3199043e+02
   8.2291326e+02
   7.2043074e+02
   6.2482427e+02
   5.3631844e+02
   4.5507832e+02
   3.8120741e+02
   3.1474649e+02
   2.5567319e+02
   2.0390254e+02
   1.5928827e+02
   1.2162509e+02
   9.0651678e+01
   6.6054521e+01
   4.7472460e+01
   3.4501893e+01
   2.6702537e+01
   2.3603668e+01
   2.4710715e+01
   2.9512106e+01
   3.7486242e+01
   4.8108482e+01
   6.0858014e+01
   7.5224494e+01
   9.0714356e+01
   1.0685667e+02
   1.2320846e+02
   1.3935945e+02
   1.5493604e+02
   1.6960464e+02
   1.8307421e+02
   1.9509799e+02
   2.0547443e+02
   2.1404744e+02
   2.2070575e+02
   2.2538172e+02
   2.2804934e+02
   2.2872183e+02
   2.2744855e+02
   2.2431163e+02
   2.1942217e+02
   2.1291626e+02
   2.0495075e+02
   1.9569906e+02
   1.8534689e+02
   1.7408811e+02
   1.6212074e+02
   1.4964320e+02
   1.3685082e+02
   1.2393267e+02
   1.1106878e+02
   9.8427704e+01
   8.6164513e+01
   7.4419179e+01
   6.3315372e+01
   5.2959648e+01
   4.3441006e+01
   3.4830801e+01
   2.7182975e+01
   2.0534574e+01
   1.4906518e+01
   1.0304587e+01
   6.7205731e+00
   4.1335748e+00
   2.5113892e+00
   1.8119640e+00
   1.9848804e+00
   2.9728328e+00
   4.7130816e+00
   7.1388520e+00
   1.0180661e+01
   1.3767556e+01
   1.7828246e+01
   2.2292132e+01
   2.7090208e+01
   3.2155850e+01
   3.7425479e+01
   4.2839110e+01
   4.8340780e+01
   5.3878876e+01
   5.9406347e+01
   6.4880844e+01
   7.0264752e+01
   7.5525166e+01
   8.0633789e+01
   8.5566784e+01
   9.0304571e+01
   9.4831594e+01
   9.9136054e+01
   1.0320962e+02
   1.0704715e+02
   1.1064633e+02
   1.1400743e+02
   1.1713296e+02
   1.2002738e+02
   1.2269680e+02
   1.2514872e+02
   1.2739177e+02
   1.2943544e+02
   1.3128989e+02
   1.3296572e+02
   1.3447379e+02
   1.3582505e+02
   1.3703035e+02
   1.3810038e+02
   1.3904548e+02
   1.3987556e+02
   1.4060000e+02
   1.4122761e+02
   1.4176650e+02
   1.4222407e+02
   1.4260693e+02
   1.4292089e+02
   1.4317093e+02
   1.4336113e+02
   1.4349469e+02
   1.4357392e+02
   1.4360019e+02
   1.4357398e+02
   1.4349481e+02
   1.4336131e+02
   1.4317117e+02
   1.4292119e+02
   1.4260728e+02
   1.4222448e+02
   1.4176697e+02
   1.4122814e+02
   1.4060058e+02
   1.3987619e+02
   1.3904616e+02
   1.3810111e+02
   1.3703112e+02
   1.3582586e+02
   1.3447465e+02
   1.3296661e+02
   1.3129081e+02
   1.2943639e+02
   1.2739274e+02
   1.2514971e+02
   1.2269780e+02
   1.2002839e+02
   1.1713397e+02
   1.1400844e+02
   1.1064732e+02
   1.0704813e+02
   1.0321058e+02
   9.9136981e+01
   9.4832484e+01
   9.0305418e+01
   8.5567582e+01
   8.0634533e+01
   7.5525850e+01
   7.0265371e+01
   6.4881394e+01
   5.9406826e+01
   5.3879280e+01
   4.8341111e+01
   4.2839367e+01
   3.7425665e+01
   3.2155969e+01
   2.7090267e+01
   2.2292139e+01
   1.7828212e+01
   1.3767494e+01
   1.0180588e+01
   7.1387863e+00
   4.7130442e+00
   2.9728478e+00
   1.9849742e+00
   1.8121662e+00
   2.5117314e+00
   4.1340904e+00
   6.7212972e+00
   1.0305557e+01
   1.4907771e+01
   2.0536147e+01
   2.7184908e+01
   3.4833131e+01
   4.3443770e+01
   5.2962879e+01
   6.3319102e+01
   7.4423436e+01
   8.6169321e+01
   9.8433081e+01
   1.1107474e+02
   1.2393922e+02
   1.3685795e+02
   1.4965091e+02
   1.6212902e+02
   1.7409692e+02
   1.8535620e+02
   1.9570883e+02
   2.0496093e+02
   2.1292679e+02
   2.1943299e+02
   2.2432266e+02
   2.2745971e+02
   2.2873304e+02
   2.2806051e+02
   2.2539275e+02
   2.2071657e+02
   2.1405795e+02
   2.0548455e+02
   1.9510763e+02
   1.8308331e+02
   1.6961312e+02
   1.5494385e+02
   1.3936656e+02
   1.2321484e+02
   1.0686231e+02
   9.0719266e+01
   7.5228702e+01
   6.0861567e+01
   4.8111450e+01
   3.7488714e+01
   2.9514194e+01
   2.4712551e+01
   2.3605404e+01
   2.6704345e+01
   3.4503962e+01
   4.7474996e+01
   6.6057744e+01
   9.0655822e+01
   1.2163040e+02
   1.5929499e+02
   2.0391093e+02
   2.5568351e+02
   3.1475899e+02
   3.8122234e+02
   4.5509592e+02
   5.3633895e+02
   6.2484791e+02
   7.2045772e+02
   8.2294376e+02
   9.3202461e+02
   1.0473656e+03
   1.1685826e+03
   1.2952470e+03
   1.4268907e+03
   1.5630113e+03
   1.7030779e+03
   1.8465373e+03
   1.9928195e+03
   2.1413439e+03
   2.2915251e+03
   2.4427787e+03
   2.5945267e+03
   2.7462025e+03
   2.8972559e+03
   3.0471573e+03
   3.1954018e+03
   3.3415123e+03
   3.4850431e+03
   3.6255816e+03
   3.7627509e+03
   3.8962109e+03
   4.0256593e+03
   4.1508324e+03
   4.2715050e+03
   4.3874898e+03
   4.4986372e+03
   4.6048342e+03
   4.7060026e+03
   4.8020981e+03
   4.8931078e+03
   4.9790489e+03
   5.0599659e+03
   5.1359289e+03
   5.2070309e+03
   5.2733856e+03
   5.3351250e+03
   5.3923970e+03
   5.4453631e+03
   5.4941961e+03
   5.5390776e+03
   5.5801965e+03
   5.6177465e+03
   5.6519240e+03
   5.6829269e+03
   5.7109524e+03
   5.7361955e+03
   5.7588478e+03
   5.7790959e+03
   5.7971203e+03
   5.8130942e+03
   5.8271827e+03
   5.8395415e+03
   5.8503168e+03
   5.8596438e+03
   5.8676468e+03
   5.8744380e+03
   5.8801176e+03
   5.8847732e+03
   5.8884793e+03
   5.8912973e+03
   5.8932752e+03
   5.8944473e+03
   5.8948344e+03
