   1.0367709e+05
   1.0364822e+05
   1.0356154e+05
   1.0341626e+05
   1.0321113e+05
   1.0294437e+05
   1.0261377e+05
   1.0221663e+05
   1.0174985e+05
   1.0120995e+05
   1.0059310e+05
   9.9895178e+04
   9.9111810e+04
   9.8238452e+04
   9.7270449e+04
   9.6203110e+04
   9.5031793e+04
   9.3751993e+04
   9.2359443e+04
   9.0850215e+04
   8.9220827e+04
   8.7468359e+04
   8.5590564e+04
   8.3585994e+04
   8.1454107e+04
   7.9195390e+04
   7.6811466e+04
   7.4305195e+04
   7.1680768e+04
   6.8943788e+04
   6.6101328e+04
   6.3161975e+04
   6.0135850e+04
   5.7034599e+04
   5.3871360e+04
   5.0660691e+04
   4.7418473e+04
   4.4161772e+04
   4.0908669e+04
   3.7678054e+04
   3.4489387e+04
   3.1362428e+04
   2.8316938e+04
   2.5372360e+04
   2.2547483e+04
   1.9860094e+04
   1.7326630e+04
   1.4961840e+04
   1.2778456e+04
   1.0786902e+04
   8.9950283e+03
   7.4079003e+03
   6.0276362e+03
   4.8533112e+03
   3.8809300e+03
   3.1034720e+03
   2.5110146e+03
   2.0909307e+03
   1.8281627e+03
   1.7055634e+03
   1.7042989e+03
   1.8043031e+03
   1.9847696e+03
   2.2246684e+03
   2.5032709e+03
   2.8006661e+03
   3.0982511e+03
   3.3791802e+03
   3.6287549e+03
   3.8347442e+03
   3.9876205e+03
   4.0807051e+03
   4.1102179e+03
   4.0752286e+03
   3.9775142e+03
   3.8213271e+03
   3.6130850e+03
   3.3609950e+03
   3.0746279e+03
   2.7644600e+03
   2.4414017e+03
   2.1163313e+03
   1.7996531e+03
   1.5008963e+03
   1.2283709e+03
   9.8889055e+02
   7.8757373e+02
   6.2772625e+02
   5.1080752e+02
   4.3647773e+02
   4.0271990e+02
   4.0602749e+02
   4.4164605e+02
   5.0385475e+02
   5.8627328e+02
   6.8217845e+02
   7.8481579e+02
   8.8769203e+02
   9.8483643e+02
   1.0710209e+03
   1.1419316e+03
   1.1942871e+03
   1.2259020e+03
   1.2356966e+03
   1.2236553e+03
   1.1907417e+03
   1.1387751e+03
   1.0702792e+03
   9.8831088e+02
   8.9627999e+02
   7.9776768e+02
   6.9635339e+02
   5.9545686e+02
   4.9820145e+02
   4.0730325e+02
   3.2498869e+02
   2.5294177e+02
   1.9228078e+02
   1.4356247e+02
   1.0681111e+02
   8.1568498e+01
   6.6960614e+01
   6.1776304e+01
   6.4553114e+01
   7.3665755e+01
   8.7412955e+01
   1.0409900e+02
   1.2210691e+02
   1.3996098e+02
   1.5637700e+02
   1.7029939e+02
   1.8092504e+02
   1.8771427e+02
   1.9038991e+02
   1.8892578e+02
   1.8352626e+02
   1.7459875e+02
   1.6272097e+02
   1.4860484e+02
   1.3305897e+02
   1.1695112e+02
   1.0117220e+02
   8.6603005e+01
   7.4084428e+01
   6.4392040e+01
   5.8215251e+01
   5.6141333e+01
   5.8644240e+01
   6.6078028e+01
   7.8674535e+01
   9.6544862e+01
   1.1968415e+02
   1.4797907e+02
   1.8121745e+02
   2.1909948e+02
   2.6124993e+02
   3.0723094e+02
   3.5655487e+02
   4.0869686e+02
   4.6310683e+02
   5.1922057e+02
   5.7646987e+02
   6.3429149e+02
   6.9213482e+02
   7.4946846e+02
   8.0578542e+02
   8.6060731e+02
   9.1348734e+02
   9.6401237e+02
   1.0118042e+03
   1.0565199e+03
   1.0978519e+03
   1.1355271e+03
   1.1693062e+03
   1.1989824e+03
   1.2243800e+03
   1.2453531e+03
   1.2617844e+03
   1.2735840e+03
   1.2806883e+03
   1.2830596e+03
   1.2806854e+03
   1.2735781e+03
   1.2617757e+03
   1.2453415e+03
   1.2243657e+03
   1.1989655e+03
   1.1692868e+03
   1.1355053e+03
   1.0978279e+03
   1.0564939e+03
   1.0117763e+03
   9.6398288e+02
   9.1345644e+02
   8.6057526e+02
   8.0575246e+02
   7.4943485e+02
   6.9210084e+02
   6.3425740e+02
   5.7643597e+02
   5.1918712e+02
   4.6307412e+02
   4.0866516e+02
   3.5652443e+02
   3.0720201e+02
   2.6122274e+02
   2.1907424e+02
   1.8119435e+02
   1.4795826e+02
   1.1966575e+02
   9.6528960e+01
   7.8661183e+01
   6.6067237e+01
   5.8635976e+01
   5.6135522e+01
   5.8211777e+01
   6.4390745e+01
   7.4085114e+01
   8.6605436e+01
   1.0117611e+02
   1.1695621e+02
   1.3306494e+02
   1.4861135e+02
   1.6272770e+02
   1.7460538e+02
   1.8353248e+02
   1.8893132e+02
   1.9039453e+02
   1.8771779e+02
   1.8092735e+02
   1.7030044e+02
   1.5637683e+02
   1.3995972e+02
   1.2210479e+02
   1.0409635e+02
   8.7410211e+01
   7.3663436e+01
   6.4551834e+01
   6.1776756e+01
   6.6963550e+01
   8.1574711e+01
   1.0682141e+02
   1.4357765e+02
   1.9230159e+02
   2.5296890e+02
   3.2502271e+02
   4.0734462e+02
   4.9825043e+02
   5.9551354e+02
   6.9641764e+02
   7.9783913e+02
   8.9635806e+02
   9.8839474e+02
   1.0703678e+03
   1.1388672e+03
   1.1908359e+03
   1.2237502e+03
   1.2357905e+03
   1.2259935e+03
   1.1943745e+03
   1.1420137e+03
   1.0710967e+03
   9.8490503e+02
   8.8775301e+02
   7.8486915e+02
   6.8222462e+02
   5.8631319e+02
   5.0388983e+02
   4.4167817e+02
   4.0605897e+02
   4.0275343e+02
   4.3651631e+02
   5.1085431e+02
   6.2778451e+02
   7.8764667e+02
   9.8898117e+02
   1.2284819e+03
   1.5010299e+03
   1.7998110e+03
   2.1165145e+03
   2.4416104e+03
   2.7646937e+03
   3.0748852e+03
   3.3612737e+03
   3.6133821e+03
   3.8216390e+03
   3.9778367e+03
   4.0755570e+03
   4.1105474e+03
   4.0810308e+03
   3.9879375e+03
   3.8350481e+03
   3.6290419e+03
   3.3794470e+03
   3.0984956e+03
   2.8008872e+03
   2.5034687e+03
   2.2248444e+03
   1.9849265e+03
   1.8044453e+03
   1.7044318e+03
   1.7056939e+03
   1.8282989e+03
   2.0910816e+03
   2.5111901e+03
   3.1036829e+03
   3.8811873e+03
   4.8536264e+03
   6.0280205e+03
   7.4083650e+03
   8.9955840e+03
   1.0787558e+04
   1.2779222e+04
   1.4962724e+04
   1.7327640e+04
   1.9861234e+04
   2.2548758e+04
   2.5373772e+04
   2.8318488e+04
   3.1364115e+04
   3.4491210e+04
   3.7680009e+04
   4.0910751e+04
   4.4163974e+04
   4.7420789e+04
   5.0663111e+04
   5.3873875e+04
   5.7037200e+04
   6.0138524e+04
   6.3164711e+04
   6.6104115e+04
   6.8946613e+04
   7.1683618e+04
   7.4308058e+04
   7.6814330e+04
   7.9198243e+04
   8.1456937e+04
   8.3588788e+04
   8.5593313e+04
   8.7471050e+04
   8.9223452e+04
   9.0852763e+04
   9.2361906e+04
   9.3754362e+04
   9.5034059e+04
   9.6205268e+04
   9.7272491e+04
   9.8240372e+04
   9.9113601e+04
   9.9896837e+04
   1.0059463e+05
   1.0121133e+05
   1.0175109e+05
   1.0221771e+05
   1.0261471e+05
   1.0294516e+05
   1.0321176e+05
   1.0341674e+05
   1.0356186e+05
   1.0364838e+05
   1.0367709e+05
