   3.3706480e+04
   3.3701710e+04
   3.3687296e+04
   3.3662971e+04
   3.3628288e+04
   3.3582625e+04
   3.3525190e+04
   3.3455022e+04
   3.3370999e+04
   3.3271846e+04
   3.3156141e+04
   3.3022327e+04
   3.2868724e+04
   3.2693542e+04
   3.2494899e+04
   3.2270836e+04
   3.2019344e+04
   3.1738380e+04
   3.1425897e+04
   3.1079872e+04
   3.0698336e+04
   3.0279408e+04
   2.9821332e+04
   2.9322512e+04
   2.8781553e+04
   2.8197302e+04
   2.7568889e+04
   2.6895770e+04
   2.6177766e+04
   2.5415104e+04
   2.4608456e+04
   2.3758968e+04
   2.2868296e+04
   2.1938627e+04
   2.0972696e+04
   1.9973798e+04
   1.8945785e+04
   1.7893064e+04
   1.6820569e+04
   1.5733738e+04
   1.4638463e+04
   1.3541040e+04
   1.2448100e+04
   1.1366526e+04
   1.0303370e+04
   9.2657430e+03
   8.2607143e+03
   7.2951894e+03
   6.3757914e+03
   5.5087378e+03
   4.6997181e+03
   3.9537751e+03
   3.2751939e+03
   2.6674004e+03
   2.1328737e+03
   1.6730753e+03
   1.2883974e+03
   9.7813385e+02
   7.4047393e+02
   5.7252252e+02
   4.7034559e+02
   4.2904171e+02
   4.4283863e+02
   5.0521305e+02
   6.0903109e+02
   7.4670631e+02
   9.1037096e+02
   1.0920561e+03
   1.2838755e+03
   1.4782080e+03
   1.6678722e+03
   1.8462900e+03
   2.0076312e+03
   2.1469370e+03
   2.2602173e+03
   2.3445185e+03
   2.3979610e+03
   2.4197437e+03
   2.4101167e+03
   2.3703235e+03
   2.3025136e+03
   2.2096312e+03
   2.0952819e+03
   1.9635833e+03
   1.8190056e+03
   1.6662064e+03
   1.5098669e+03
   1.3545348e+03
   1.2044782e+03
   1.0635566e+03
   9.3511261e+02
   8.2188597e+02
   7.2595417e+02
   6.4869878e+02
   5.9079846e+02
   5.5224710e+02
   5.3239532e+02
   5.3001235e+02
   5.4336501e+02
   5.7030978e+02
   6.0839364e+02
   6.5495964e+02
   7.0725268e+02
   7.6252169e+02
   8.1811464e+02
   8.7156327e+02
   9.2065514e+02
   9.6349128e+02
   9.9852832e+02
   1.0246048e+03
   1.0409517e+03
   1.0471888e+03
   1.0433070e+03
   1.0296393e+03
   1.0068228e+03
   9.7575251e+02
   9.3753095e+02
   8.9341473e+02
   8.4476081e+02
   7.9297417e+02
   7.3945882e+02
   6.8557334e+02
   6.3259229e+02
   5.8167408e+02
   5.3383584e+02
   4.8993541e+02
   4.5066022e+02
   4.1652285e+02
   3.8786252e+02
   3.6485185e+02
   3.4750811e+02
   3.3570797e+02
   3.2920490e+02
   3.2764836e+02
   3.3060388e+02
   3.3757333e+02
   3.4801463e+02
   3.6136049e+02
   3.7703555e+02
   3.9447174e+02
   4.1312152e+02
   4.3246896e+02
   4.5203853e+02
   4.7140176e+02
   4.9018173e+02
   5.0805573e+02
   5.2475608e+02
   5.4006954e+02
   5.5383535e+02
   5.6594231e+02
   5.7632502e+02
   5.8495953e+02
   5.9185867e+02
   5.9706708e+02
   6.0065633e+02
   6.0272007e+02
   6.0336938e+02
   6.0272846e+02
   6.0093067e+02
   5.9811495e+02
   5.9442265e+02
   5.8999485e+02
   5.8497008e+02
   5.7948240e+02
   5.7365997e+02
   5.6762383e+02
   5.6148719e+02
   5.5535478e+02
   5.4932263e+02
   5.4347794e+02
   5.3789914e+02
   5.3265612e+02
   5.2781047e+02
   5.2341585e+02
   5.1951842e+02
   5.1615717e+02
   5.1336431e+02
   5.1116571e+02
   5.0958109e+02
   5.0862438e+02
   5.0830385e+02
   5.0862223e+02
   5.0957677e+02
   5.1115920e+02
   5.1335560e+02
   5.1614620e+02
   5.1950517e+02
   5.2340026e+02
   5.2779246e+02
   5.3263564e+02
   5.3787612e+02
   5.4345230e+02
   5.4929429e+02
   5.5532365e+02
   5.6145318e+02
   5.6758686e+02
   5.7361995e+02
   5.7943927e+02
   5.8492375e+02
   5.8994527e+02
   5.9436975e+02
   5.9805870e+02
   6.0087105e+02
   6.0266545e+02
   6.0330300e+02
   6.0265035e+02
   6.0058334e+02
   5.9699091e+02
   5.9177943e+02
   5.8487736e+02
   5.7624009e+02
   5.6585484e+02
   5.5374556e+02
   5.3997768e+02
   5.2466245e+02
   5.0796061e+02
   4.9008546e+02
   4.7130465e+02
   4.5194093e+02
   4.3237120e+02
   4.1302393e+02
   3.9437463e+02
   3.7693922e+02
   3.6126520e+02
   3.4792060e+02
   3.3748074e+02
   3.3051285e+02
   3.2755896e+02
   3.2911714e+02
   3.3562180e+02
   3.4742341e+02
   3.6476843e+02
   3.8778014e+02
   4.1644121e+02
   4.5057896e+02
   4.8985414e+02
   5.3375415e+02
   5.8159151e+02
   6.3250841e+02
   6.8548771e+02
   7.3937102e+02
   7.9288383e+02
   8.4466758e+02
   8.9331835e+02
   9.3743119e+02
   9.7564925e+02
   1.0067160e+03
   1.0295289e+03
   1.0431931e+03
   1.0470716e+03
   1.0408314e+03
   1.0244816e+03
   9.9840261e+02
   9.6336329e+02
   9.2052518e+02
   8.7143160e+02
   8.1798152e+02
   7.6238731e+02
   7.0711718e+02
   6.5482309e+02
   6.0825603e+02
   5.7017103e+02
   5.4322499e+02
   5.2987084e+02
   5.3225209e+02
   5.5210188e+02
   5.9065095e+02
   6.4854872e+02
   7.2580133e+02
   8.2173020e+02
   9.3495380e+02
   1.0633948e+03
   1.2043135e+03
   1.3543675e+03
   1.5096975e+03
   1.6660352e+03
   1.8188335e+03
   1.9634110e+03
   2.0951103e+03
   2.2094612e+03
   2.3023462e+03
   2.3701597e+03
   2.4099576e+03
   2.4195899e+03
   2.3978134e+03
   2.3443776e+03
   2.2600836e+03
   2.1468107e+03
   2.0075122e+03
   1.8461780e+03
   1.6677667e+03
   1.4781081e+03
   1.2837803e+03
   1.0919641e+03
   9.1028063e+02
   7.4661596e+02
   6.0893882e+02
   5.0511687e+02
   4.4273650e+02
   4.2893153e+02
   4.7022529e+02
   5.7239013e+02
   7.4032757e+02
   9.7797180e+02
   1.2882182e+03
   1.6728775e+03
   2.1326564e+03
   2.6671627e+03
   3.2749354e+03
   3.9534955e+03
   4.6994175e+03
   5.5084166e+03
   6.3754502e+03
   7.2948291e+03
   8.2603360e+03
   9.2653481e+03
   1.0302959e+04
   1.1366103e+04
   1.2447664e+04
   1.3540595e+04
   1.4638010e+04
   1.5733279e+04
   1.6820106e+04
   1.7892599e+04
   1.8945321e+04
   1.9973335e+04
   2.0972237e+04
   2.1938173e+04
   2.2867849e+04
   2.3758529e+04
   2.4608026e+04
   2.5414686e+04
   2.6177359e+04
   2.6895376e+04
   2.7568509e+04
   2.8196936e+04
   2.8781202e+04
   2.9322176e+04
   2.9821012e+04
   3.0279104e+04
   3.0698047e+04
   3.1079599e+04
   3.1425640e+04
   3.1738139e+04
   3.2019119e+04
   3.2270627e+04
   3.2494705e+04
   3.2693363e+04
   3.2868560e+04
   3.3022179e+04
   3.3156007e+04
   3.3271726e+04
   3.3370893e+04
   3.3454930e+04
   3.3525111e+04
   3.3582560e+04
   3.3628236e+04
   3.3662932e+04
   3.3687270e+04
   3.3701697e+04
   3.3706480e+04
