   6.8754086e+04
   6.8742619e+04
   6.8707882e+04
   6.8649219e+04
   6.8565545e+04
   6.8455346e+04
   6.8316694e+04
   6.8147256e+04
   6.7944313e+04
   6.7704779e+04
   6.7425228e+04
   6.7101919e+04
   6.6730835e+04
   6.6307719e+04
   6.5828125e+04
   6.5287464e+04
   6.4681070e+04
   6.4004258e+04
   6.3252405e+04
   6.2421023e+04
   6.1505848e+04
   6.0502933e+04
   5.9408744e+04
   5.8220261e+04
   5.6935088e+04
   5.5551555e+04
   5.4068827e+04
   5.2487005e+04
   5.0807230e+04
   4.9031769e+04
   4.7164100e+04
   4.5208976e+04
   4.3172472e+04
   4.1062019e+04
   3.8886407e+04
   3.6655761e+04
   3.4381494e+04
   3.2076222e+04
   2.9753651e+04
   2.7428427e+04
   2.5115953e+04
   2.2832174e+04
   2.0593335e+04
   1.8415705e+04
   1.6315291e+04
   1.4307522e+04
   1.2406936e+04
   1.0626861e+04
   8.9791080e+03
   7.4736749e+03
   6.1184886e+03
   4.9191762e+03
   3.8788877e+03
   2.9981721e+03
   2.2749171e+03
   1.7043545e+03
   1.2791368e+03
   9.8948756e+02
   8.2343646e+02
   7.6714868e+02
   8.0529924e+02
   9.2143171e+02
   1.0983594e+03
   1.3186488e+03
   1.5651237e+03
   1.8213483e+03
   2.0720764e+03
   2.3036588e+03
   2.5043934e+03
   2.6648063e+03
   2.7778517e+03
   2.8390224e+03
   2.8463680e+03
   2.8004172e+03
   2.7040121e+03
   2.5620576e+03
   2.3812012e+03
   2.1694544e+03
   1.9357748e+03
   1.6896265e+03
   1.4405383e+03
   1.1976800e+03
   9.6947350e+02
   7.6325606e+02
   5.8500911e+02
   4.3916094e+02
   3.2846655e+02
   2.5395836e+02
   2.1496670e+02
   2.0925913e+02
   2.3332357e+02
   2.8262953e+02
   3.5182392e+02
   4.3499973e+02
   5.2602250e+02
   6.1884790e+02
   7.0780656e+02
   7.8784853e+02
   8.5474053e+02
   9.0521028e+02
   9.3703424e+02
   9.4906838e+02
   9.4122401e+02
   9.1439400e+02
   8.7033641e+02
   8.1152457e+02
   7.4097366e+02
   6.6205418e+02
   5.7830284e+02
   4.9324044e+02
   4.1020535e+02
   3.3220976e+02
   2.6182404e+02
   2.0109324e+02
   1.5148765e+02
   1.1388711e+02
   8.8590688e+01
   7.5329248e+01
   7.3279574e+01
   8.1162048e+01
   9.7417073e+01
   1.2031157e+02
   1.4799186e+02
   1.7855719e+02
   2.1014751e+02
   2.4102442e+02
   2.6963786e+02
   2.9467668e+02
   3.1510325e+02
   3.3017252e+02
   3.3943666e+02
   3.4273677e+02
   3.4018340e+02
   3.3212819e+02
   3.1912859e+02
   3.0190827e+02
   2.8131508e+02
   2.5827868e+02
   2.3376960e+02
   2.0876106e+02
   1.8419482e+02
   1.6095175e+02
   1.3982785e+02
   1.2151617e+02
   1.0659519e+02
   9.5524040e+01
   8.8643899e+01
   8.6182108e+01
   8.8253971e+01
   9.4862006e+01
   1.0589961e+02
   1.2116392e+02
   1.4037430e+02
   1.6319037e+02
   1.8922751e+02
   2.1806995e+02
   2.4928251e+02
   2.8242115e+02
   3.1704239e+02
   3.5271151e+02
   3.8900950e+02
   4.2553859e+02
   4.6192654e+02
   4.9782967e+02
   5.3293478e+02
   5.6695998e+02
   5.9965471e+02
   6.3079901e+02
   6.6020217e+02
   6.8770091e+02
   7.1315724e+02
   7.3645609e+02
   7.5750287e+02
   7.7622091e+02
   7.9254910e+02
   8.0643958e+02
   8.1785560e+02
   8.2676975e+02
   8.3316233e+02
   8.3702012e+02
   8.3833550e+02
   8.3710585e+02
   8.3333339e+02
   8.2702536e+02
   8.1819453e+02
   8.0686015e+02
   7.9304915e+02
   7.7679770e+02
   7.5815308e+02
   7.3717574e+02
   7.1394160e+02
   6.8854446e+02
   6.6109853e+02
   6.3174087e+02
   6.0063379e+02
   5.6796699e+02
   5.3395943e+02
   4.9886061e+02
   4.6295143e+02
   4.2654419e+02
   3.8998173e+02
   3.5363563e+02
   3.1790319e+02
   2.8320325e+02
   2.4997067e+02
   2.1864951e+02
   1.8968486e+02
   1.6351349e+02
   1.4055329e+02
   1.2119146e+02
   1.0577093e+02
   9.4574349e+01
   8.7805347e+01
   8.5570237e+01
   8.7866620e+01
   9.4581718e+01
   1.0549376e+02
   1.2026902e+02
   1.3845605e+02
   1.5948323e+02
   1.8266324e+02
   2.0720458e+02
   2.3222978e+02
   2.5679925e+02
   2.7994069e+02
   3.0068306e+02
   3.1809469e+02
   3.3132408e+02
   3.3964222e+02
   3.4248459e+02
   3.3949091e+02
   3.3054042e+02
   3.1578055e+02
   2.9564660e+02
   2.7087040e+02
   2.4247610e+02
   2.1176141e+02
   1.8026355e+02
   1.4970908e+02
   1.2194820e+02
   9.8875957e+01
   8.2349340e+01
   7.4119174e+01
   7.5770555e+01
   8.8594360e+01
   1.1340816e+02
   1.5048002e+02
   1.9952354e+02
   2.5968059e+02
   3.2950611e+02
   4.0698105e+02
   4.8956020e+02
   5.7425466e+02
   6.5774639e+02
   7.3653101e+02
   8.0708339e+02
   8.6603900e+02
   9.1038251e+02
   9.3763391e+02
   9.4602194e+02
   9.3463429e+02
   9.0353455e+02
   8.5383688e+02
   7.8773128e+02
   7.0845419e+02
   6.2020210e+02
   5.2798867e+02
   4.3744851e+02
   3.5459350e+02
   2.8552877e+02
   2.3613891e+02
   2.1177346e+02
   2.1699008e+02
   2.5533957e+02
   3.2907475e+02
   4.3887608e+02
   5.8373129e+02
   7.6091769e+02
   9.6604722e+02
   1.1931823e+03
   1.4350301e+03
   1.6832113e+03
   1.9285950e+03
   2.1616854e+03
   2.3730447e+03
   2.5537332e+03
   2.6957488e+03
   2.7924441e+03
   2.8389049e+03
   2.8322716e+03
   2.7719897e+03
   2.6599774e+03
   2.5007040e+03
   2.3011739e+03
   2.0708173e+03
   1.8212921e+03
   1.5662045e+03
   1.3207595e+03
   1.1013545e+03
   9.2512961e+02
   8.0948482e+02
   7.7158127e+02
   8.2786936e+02
   9.9368807e+02
   1.2828895e+03
   1.7074560e+03
   2.2771768e+03
   2.9994166e+03
   3.8789666e+03
   4.9179665e+03
   6.1158975e+03
   7.4696413e+03
   8.9736029e+03
   1.0619887e+04
   1.2398525e+04
   1.4297735e+04
   1.6304212e+04
   1.8403440e+04
   2.0580007e+04
   2.2817921e+04
   2.5100922e+04
   2.7412773e+04
   2.9737530e+04
   3.2059788e+04
   3.4364900e+04
   3.6639154e+04
   3.8869923e+04
   4.1045785e+04
   4.3156602e+04
   4.5193573e+04
   4.7149252e+04
   4.9017550e+04
   5.0793701e+04
   5.2474213e+04
   5.4056806e+04
   5.5540327e+04
   5.6924664e+04
   5.8210640e+04
   5.9399916e+04
   6.0494882e+04
   6.1498549e+04
   6.2414446e+04
   6.3246514e+04
   6.3999015e+04
   6.4676432e+04
   6.5283389e+04
   6.5824567e+04
   6.6304635e+04
   6.6728181e+04
   6.7099653e+04
   6.7423309e+04
   6.7703169e+04
   6.7942975e+04
   6.8146159e+04
   6.8315809e+04
   6.8454649e+04
   6.8565013e+04
   6.8648836e+04
   6.8707633e+04
   6.8742497e+04
   6.8754086e+04
