   1.1817380e+05
   1.1812504e+05
   1.1797620e+05
   1.1772566e+05
   1.1737077e+05
   1.1690784e+05
   1.1633224e+05
   1.1563845e+05
   1.1482015e+05
   1.1387033e+05
   1.1278141e+05
   1.1154542e+05
   1.1015412e+05
   1.0859927e+05
   1.0687276e+05
   1.0496693e+05
   1.0287475e+05
   1.0059019e+05
   9.8108437e+04
   9.5426260e+04
   9.2542292e+04
   8.9457360e+04
   8.6174792e+04
   8.2700705e+04
   7.9044273e+04
   7.5217946e+04
   7.1237623e+04
   6.7122760e+04
   6.2896391e+04
   5.8585070e+04
   5.4218699e+04
   4.9830243e+04
   4.5455337e+04
   4.1131748e+04
   3.6898733e+04
   3.2796266e+04
   2.8864160e+04
   2.5141106e+04
   2.1663638e+04
   1.8465061e+04
   1.5574392e+04
   1.3015323e+04
   1.0805284e+04
   8.9546349e+03
   7.4660284e+03
   6.3340066e+03
   5.5448498e+03
   5.0767212e+03
   4.9001252e+03
   4.9786901e+03
   5.2702639e+03
   5.7282936e+03
   6.3034445e+03
   6.9454036e+03
   7.6047949e+03
   8.2351193e+03
   8.7946254e+03
   9.2480107e+03
   9.5678570e+03
   9.7357130e+03
   9.7427496e+03
   9.5899356e+03
   9.2877054e+03
   8.8551210e+03
   8.3185604e+03
   7.7099953e+03
   7.0649493e+03
   6.4202548e+03
   5.8117382e+03
   5.2719791e+03
   4.8282835e+03
   4.5010045e+03
   4.3023218e+03
   4.2355631e+03
   4.2951165e+03
   4.4669381e+03
   4.7296221e+03
   5.0559584e+03
   5.4148692e+03
   5.7735875e+03
   6.0999230e+03
   6.3644537e+03
   6.5424876e+03
   6.6156586e+03
   6.5730468e+03
   6.4117510e+03
   6.1368836e+03
   5.7610014e+03
   5.3030273e+03
   4.7867551e+03
   4.2390610e+03
   3.6879582e+03
   3.1606459e+03
   2.6816928e+03
   2.2714829e+03
   1.9450263e+03
   1.7112043e+03
   1.5724846e+03
   1.5251041e+03
   1.5596788e+03
   1.6621700e+03
   1.8151131e+03
   1.9990090e+03
   2.1937658e+03
   2.3800856e+03
   2.5406966e+03
   2.6613560e+03
   2.7315665e+03
   2.7449803e+03
   2.6994857e+03
   2.5969977e+03
   2.4429926e+03
   2.2458422e+03
   2.0160128e+03
   1.7651974e+03
   1.5054477e+03
   1.2483665e+03
   1.0044101e+03
   7.8233663e+02
   5.8882368e+02
   4.2826221e+02
   3.0272186e+02
   2.1206898e+02
   1.5421048e+02
   1.2544053e+02
   1.2088301e+02
   1.3496501e+02
   1.6182345e+02
   1.9568904e+02
   2.3125876e+02
   2.6399998e+02
   2.9036730e+02
   3.0793434e+02
   3.1544493e+02
   3.1279097e+02
   3.0092709e+02
   2.8173452e+02
   2.5784783e+02
   2.3245861e+02
   2.0911041e+02
   1.9149945e+02
   1.8329521e+02
   1.8798536e+02
   2.0873156e+02
   2.4823048e+02
   3.0861133e+02
   3.9139136e+02
   4.9746972e+02
   6.2714007e+02
   7.8011871e+02
   9.5558833e+02
   1.1522556e+03
   1.3684189e+03
   1.6020413e+03
   1.8508271e+03
   2.1122956e+03
   2.3838524e+03
   2.6628551e+03
   2.9466709e+03
   3.2327274e+03
   3.5185543e+03
   3.8018166e+03
   4.0803396e+03
   4.3521262e+03
   4.6153675e+03
   4.8684463e+03
   5.1099357e+03
   5.3385938e+03
   5.5533536e+03
   5.7533114e+03
   5.9377124e+03
   6.1059359e+03
   6.2574789e+03
   6.3919414e+03
   6.5090103e+03
   6.6084456e+03
   6.6900677e+03
   6.7537457e+03
   6.7993877e+03
   6.8269339e+03
   6.8363503e+03
   6.8276256e+03
   6.8007703e+03
   6.7558172e+03
   6.6928255e+03
   6.6118855e+03
   6.5131265e+03
   6.3967264e+03
   6.2629227e+03
   6.1120254e+03
   5.9444317e+03
   5.7606403e+03
   5.5612675e+03
   5.3470630e+03
   5.1189249e+03
   4.8779138e+03
   4.6252651e+03
   4.3623983e+03
   4.0909231e+03
   3.8126408e+03
   3.5295407e+03
   3.2437898e+03
   2.9577161e+03
   2.6737833e+03
   2.3945583e+03
   2.1226694e+03
   1.8607565e+03
   1.6114129e+03
   1.3771208e+03
   1.1601798e+03
   9.6263334e+02
   7.8619277e+02
   6.3216420e+02
   5.0138111e+02
   3.9414689e+02
   3.1019112e+02
   2.4864125e+02
   2.0800813e+02
   1.8618793e+02
   1.8050251e+02
   1.8780400e+02
   2.0462023e+02
   2.2730008e+02
   2.5216419e+02
   2.7568033e+02
   2.9466058e+02
   3.0646569e+02
   3.0920119e+02
   3.0189081e+02
   2.8461310e+02
   2.5858767e+02
   2.2619873e+02
   1.9094581e+02
   1.5731439e+02
   1.3056109e+02
   1.1640947e+02
   1.2067597e+02
   1.4889583e+02
   2.0593054e+02
   2.9548876e+02
   4.1967770e+02
   5.7865807e+02
   7.7040184e+02
   9.9057353e+02
   1.2325628e+03
   1.4876869e+03
   1.7455689e+03
   1.9946847e+03
   2.2230549e+03
   2.4190480e+03
   2.5722430e+03
   2.6742935e+03
   2.7197258e+03
   2.7066033e+03
   2.6369922e+03
   2.5171725e+03
   2.3575553e+03
   2.1722841e+03
   1.9785239e+03
   1.7954666e+03
   1.6431051e+03
   1.5408551e+03
   1.5061187e+03
   1.5528991e+03
   1.6905750e+03
   1.9229356e+03
   2.2475695e+03
   2.6556779e+03
   3.1323545e+03
   3.6573331e+03
   4.2061690e+03
   4.7517842e+03
   5.2662750e+03
   5.7228556e+03
   6.0977963e+03
   6.3722082e+03
   6.5335352e+03
   6.5766331e+03
   6.5043406e+03
   6.3274900e+03
   6.0643405e+03
   5.7394663e+03
   5.3821693e+03
   5.0245257e+03
   4.6992028e+03
   4.4371997e+03
   4.2656744e+03
   4.2060098e+03
   4.2722574e+03
   4.4700656e+03
   4.7961683e+03
   5.2384689e+03
   5.7767115e+03
   6.3836949e+03
   7.0269447e+03
   7.6707327e+03
   8.2783122e+03
   8.8142260e+03
   9.2465473e+03
   9.5489182e+03
   9.7022717e+03
   9.6961442e+03
   9.5295164e+03
   9.2111485e+03
   8.7594092e+03
   8.2016257e+03
   7.5730062e+03
   6.9152097e+03
   6.2746493e+03
   5.7006259e+03
   5.2433915e+03
   4.9522359e+03
   4.8736845e+03
   5.0498786e+03
   5.5171959e+03
   6.3051536e+03
   7.4356254e+03
   8.9223802e+03
   1.0770935e+04
   1.2978703e+04
   1.5535393e+04
   1.8423645e+04
   2.1619835e+04
   2.5095011e+04
   2.8815925e+04
   3.2746095e+04
   3.6846873e+04
   4.1078480e+04
   4.5400967e+04
   4.9775094e+04
   5.4163100e+04
   5.8529355e+04
   6.2840883e+04
   6.7067771e+04
   7.1183449e+04
   7.5164859e+04
   7.8992521e+04
   8.2650511e+04
   8.6126348e+04
   8.9410833e+04
   9.2497820e+04
   9.5383955e+04
   9.8068386e+04
   1.0055245e+05
   1.0283937e+05
   1.0493393e+05
   1.0684216e+05
   1.0857105e+05
   1.1012827e+05
   1.1152190e+05
   1.1276020e+05
   1.1385139e+05
   1.1480345e+05
   1.1562394e+05
   1.1631988e+05
   1.1689760e+05
   1.1736262e+05
   1.1771957e+05
   1.1797215e+05
   1.1812302e+05
   1.1817380e+05
