   6.5125500e+04
   6.5119383e+04
   6.5099758e+04
   6.5065425e+04
   6.5014387e+04
   6.4943861e+04
   6.4850292e+04
   6.4729370e+04
   6.4576057e+04
   6.4384624e+04
   6.4148688e+04
   6.3861272e+04
   6.3514871e+04
   6.3101531e+04
   6.2612948e+04
   6.2040583e+04
   6.1375794e+04
   6.0609990e+04
   5.9734805e+04
   5.8742285e+04
   5.7625102e+04
   5.6376783e+04
   5.4991942e+04
   5.3466538e+04
   5.1798126e+04
   4.9986107e+04
   4.8031972e+04
   4.5939526e+04
   4.3715086e+04
   4.1367634e+04
   3.8908928e+04
   3.6353548e+04
   3.3718878e+04
   3.1024994e+04
   2.8294481e+04
   2.5552139e+04
   2.2824605e+04
   2.0139866e+04
   1.7526691e+04
   1.5013970e+04
   1.2629991e+04
   1.0401659e+04
   8.3536962e+03
   6.5078361e+03
   4.8820532e+03
   3.4898589e+03
   2.3396972e+03
   1.4344765e+03
   7.7126690e+02
   3.4118629e+02
   1.2949761e+02
   1.1617911e+02
   2.7610047e+02
   5.7982474e+02
   9.9498845e+02
   1.4871983e+03
   2.0213291e+03
   2.5628791e+03
   3.0793241e+03
   3.5414108e+03
   3.9243234e+03
   4.2086580e+03
   4.3811504e+03
   4.4351089e+03
   4.3705237e+03
   4.1938371e+03
   3.9173821e+03
   3.5585144e+03
   3.1384841e+03
   2.6811086e+03
   2.2113244e+03
   1.7537023e+03
   1.3310167e+03
   9.6295478e+02
   6.6504703e+02
   4.4788274e+02
   3.1665543e+02
   2.7104778e+02
   3.0547258e+02
   4.0970929e+02
   5.6978924e+02
   7.6905680e+02
   9.8939886e+02
   1.2125330e+03
   1.4212525e+03
   1.6005437e+03
   1.7385019e+03
   1.8269894e+03
   1.8619973e+03
   1.8436989e+03
   1.7762016e+03
   1.6670304e+03
   1.5263920e+03
   1.3662833e+03
   1.1995189e+03
   1.0387511e+03
   8.9555614e+02
   7.7965038e+02
   6.9828669e+02
   6.5586571e+02
   6.5377794e+02
   6.9047317e+02
   7.6173717e+02
   8.6114290e+02
   9.8063268e+02
   1.1111803e+03
   1.2434785e+03
   1.3686011e+03
   1.4785932e+03
   1.5669531e+03
   1.6289806e+03
   1.6619775e+03
   1.6652968e+03
   1.6402528e+03
   1.5899066e+03
   1.5187545e+03
   1.4323488e+03
   1.3368816e+03
   1.2387638e+03
   1.1442258e+03
   1.0589661e+03
   9.8786277e+02
   9.3476192e+02
   9.0234696e+02
   8.9208861e+02
   9.0426953e+02
   9.3807383e+02
   9.9172848e+02
   1.0626823e+03
   1.1478071e+03
   1.2436076e+03
   1.3464250e+03
   1.4526259e+03
   1.5587660e+03
   1.6617241e+03
   1.7588025e+03
   1.8477941e+03
   1.9270159e+03
   1.9953138e+03
   2.0520411e+03
   2.0970172e+03
   2.1304707e+03
   2.1529727e+03
   2.1653650e+03
   2.1686877e+03
   2.1641096e+03
   2.1528647e+03
   2.1361961e+03
   2.1153096e+03
   2.0913362e+03
   2.0653049e+03
   2.0381244e+03
   2.0105729e+03
   1.9832954e+03
   1.9568065e+03
   1.9314981e+03
   1.9076504e+03
   1.8854455e+03
   1.8649813e+03
   1.8462867e+03
   1.8293359e+03
   1.8140617e+03
   1.8003682e+03
   1.7881406e+03
   1.7772550e+03
   1.7675853e+03
   1.7590090e+03
   1.7514110e+03
   1.7446871e+03
   1.7387453e+03
   1.7335063e+03
   1.7289039e+03
   1.7248838e+03
   1.7214033e+03
   1.7184291e+03
   1.7159364e+03
   1.7139074e+03
   1.7123296e+03
   1.7111949e+03
   1.7104983e+03
   1.7102374e+03
   1.7104116e+03
   1.7110225e+03
   1.7120734e+03
   1.7135701e+03
   1.7155217e+03
   1.7179414e+03
   1.7208479e+03
   1.7242669e+03
   1.7282320e+03
   1.7327868e+03
   1.7379860e+03
   1.7438961e+03
   1.7505968e+03
   1.7581803e+03
   1.7667509e+03
   1.7764234e+03
   1.7873202e+03
   1.7995671e+03
   1.8132877e+03
   1.8285958e+03
   1.8455871e+03
   1.8643279e+03
   1.8848431e+03
   1.9071033e+03
   1.9310094e+03
   1.9563789e+03
   1.9829308e+03
   2.0102726e+03
   2.0378891e+03
   2.0651351e+03
   2.0912323e+03
   2.1152719e+03
   2.1362250e+03
   2.1529606e+03
   2.1642733e+03
   2.1689201e+03
   2.1656670e+03
   2.1533452e+03
   2.1309141e+03
   2.0975313e+03
   2.0526243e+03
   1.9959628e+03
   1.9277252e+03
   1.8485553e+03
   1.7596039e+03
   1.6625502e+03
   1.5595974e+03
   1.4534390e+03
   1.3471925e+03
   1.2442985e+03
   1.1483879e+03
   1.0631174e+03
   9.9198201e+02
   9.3811057e+02
   9.0405691e+02
   8.9159865e+02
   9.0155854e+02
   9.3366306e+02
   9.8645264e+02
   1.0572563e+03
   1.1422409e+03
   1.2365406e+03
   1.3344682e+03
   1.4298017e+03
   1.5161364e+03
   1.5872823e+03
   1.6376852e+03
   1.6628421e+03
   1.6596811e+03
   1.6268730e+03
   1.5650457e+03
   1.4768768e+03
   1.3670436e+03
   1.2420255e+03
   1.1097567e+03
   9.7914589e+02
   8.5948693e+02
   7.5979839e+02
   6.8813686e+02
   6.5093666e+02
   6.5242979e+02
   6.9419496e+02
   7.7487753e+02
   8.9011526e+02
   1.0326931e+03
   1.1929302e+03
   1.3592820e+03
   1.5191222e+03
   1.6596541e+03
   1.7688887e+03
   1.8366161e+03
   1.8552967e+03
   1.8207965e+03
   1.7329058e+03
   1.5955883e+03
   1.4169313e+03
   1.2087858e+03
   9.8611276e+02
   7.6606911e+02
   5.6689265e+02
   4.0665696e+02
   3.0198723e+02
   2.6686227e+02
   3.1157931e+02
   4.4177364e+02
   6.5776699e+02
   9.5439577e+02
   1.3211265e+03
   1.7424947e+03
   2.1988804e+03
   2.6675732e+03
   3.1240595e+03
   3.5434493e+03
   3.9019594e+03
   4.1783592e+03
   4.3552973e+03
   4.4204291e+03
   4.3672863e+03
   4.1958393e+03
   3.9127289e+03
   3.5311607e+03
   3.0704741e+03
   2.5554182e+03
   2.0151803e+03
   1.4822217e+03
   9.9098640e+02
   5.7654636e+02
   2.7324016e+02
   1.1339899e+02
   1.2673584e+02
   3.3810364e+02
   7.6746206e+02
   1.4296513e+03
   2.3335980e+03
   3.4822714e+03
   4.8728058e+03
   6.4968028e+03
   8.3407984e+03
   1.0386865e+04
   1.2613315e+04
   1.4995471e+04
   1.7506463e+04
   2.0118040e+04
   2.2801339e+04
   2.5527615e+04
   2.8268896e+04
   3.0998558e+04
   3.3691805e+04
   3.6326055e+04
   3.8881224e+04
   4.1339922e+04
   4.3687558e+04
   4.5912360e+04
   4.8005328e+04
   4.9960131e+04
   5.1772944e+04
   5.3442258e+04
   5.4968654e+04
   5.6354560e+04
   5.7604000e+04
   5.8722344e+04
   5.9716053e+04
   6.0592441e+04
   6.1359451e+04
   6.2025441e+04
   6.2598993e+04
   6.3088743e+04
   6.3503226e+04
   6.3850742e+04
   6.4139242e+04
   6.4376232e+04
   6.4568690e+04
   6.4722996e+04
   6.4844885e+04
   6.4939396e+04
   6.5010842e+04
   6.5062782e+04
   6.5098004e+04
   6.5118508e+04
   6.5125500e+04
