   7.1673322e+03
   7.1667084e+03
   7.1648306e+03
   7.1616702e+03
   7.1571794e+03
   7.1512914e+03
   7.1439211e+03
   7.1349644e+03
   7.1242996e+03
   7.1117871e+03
   7.0972701e+03
   7.0805753e+03
   7.0615135e+03
   7.0398807e+03
   7.0154586e+03
   6.9880160e+03
   6.9573101e+03
   6.9230877e+03
   6.8850872e+03
   6.8430398e+03
   6.7966719e+03
   6.7457074e+03
   6.6898696e+03
   6.6288841e+03
   6.5624819e+03
   6.4904016e+03
   6.4123936e+03
   6.3282228e+03
   6.2376725e+03
   6.1405481e+03
   6.0366807e+03
   5.9259314e+03
   5.8081952e+03
   5.6834049e+03
   5.5515352e+03
   5.4126062e+03
   5.2666879e+03
   5.1139028e+03
   4.9544298e+03
   4.7885064e+03
   4.6164317e+03
   4.4385678e+03
   4.2553414e+03
   4.0672440e+03
   3.8748322e+03
   3.6787263e+03
   3.4796087e+03
   3.2782211e+03
   3.0753606e+03
   2.8718753e+03
   2.6686583e+03
   2.4666409e+03
   2.2667852e+03
   2.0700754e+03
   1.8775081e+03
   1.6900825e+03
   1.5087889e+03
   1.3345979e+03
   1.1684479e+03
   1.0112336e+03
   8.6379369e+02
   7.2689883e+02
   6.0124022e+02
   4.8741858e+02
   3.8593398e+02
   2.9717663e+02
   2.2141896e+02
   1.5880908e+02
   1.0936582e+02
   7.2975562e+01
   4.9390856e+01
   3.8231119e+01
   3.8985295e+01
   5.1016595e+01
   7.3569283e+01
   1.0577744e+02
   1.4667563e+02
   1.9521127e+02
   2.5025861e+02
   3.1063403e+02
   3.7511247e+02
   4.4244457e+02
   5.1137451e+02
   5.8065783e+02
   6.4907931e+02
   7.1547028e+02
   7.7872517e+02
   8.3781705e+02
   8.9181165e+02
   9.3987992e+02
   9.8130856e+02
   1.0155086e+03
   1.0420220e+03
   1.0605251e+03
   1.0708311e+03
   1.0728890e+03
   1.0667811e+03
   1.0527173e+03
   1.0310287e+03
   1.0021579e+03
   9.6664917e+02
   9.2513554e+02
   8.7832620e+02
   8.2699226e+02
   7.7195209e+02
   7.1405657e+02
   6.5417413e+02
   5.9317629e+02
   5.3192364e+02
   4.7125270e+02
   4.1196371e+02
   3.5480974e+02
   3.0048699e+02
   2.4962669e+02
   2.0278840e+02
   1.6045498e+02
   1.2302908e+02
   9.0831160e+01
   6.4099065e+01
   4.2988937e+01
   2.7577460e+01
   1.7865269e+01
   1.3781384e+01
   1.5188532e+01
   2.1889175e+01
   3.3632106e+01
   5.0119444e+01
   7.1013864e+01
   9.5945931e+01
   1.2452138e+02
   1.5632827e+02
   1.9094377e+02
   2.2794068e+02
   2.6689344e+02
   3.0738362e+02
   3.4900485e+02
   3.9136717e+02
   4.3410072e+02
   4.7685890e+02
   5.1932077e+02
   5.6119300e+02
   6.0221114e+02
   6.4214043e+02
   6.8077608e+02
   7.1794311e+02
   7.5349579e+02
   7.8731673e+02
   8.1931566e+02
   8.4942799e+02
   8.7761317e+02
   9.0385288e+02
   9.2814908e+02
   9.5052209e+02
   9.7100856e+02
   9.8965944e+02
   1.0065380e+03
   1.0217181e+03
   1.0352819e+03
   1.0473187e+03
   1.0579227e+03
   1.0671920e+03
   1.0752267e+03
   1.0821279e+03
   1.0879967e+03
   1.0929326e+03
   1.0970330e+03
   1.1003922e+03
   1.1031010e+03
   1.1052456e+03
   1.1069072e+03
   1.1081619e+03
   1.1090800e+03
   1.1097257e+03
   1.1101571e+03
   1.1104256e+03
   1.1105763e+03
   1.1106472e+03
   1.1106697e+03
   1.1106683e+03
   1.1106605e+03
   1.1106566e+03
   1.1106604e+03
   1.1106681e+03
   1.1106695e+03
   1.1106468e+03
   1.1105758e+03
   1.1104251e+03
   1.1101564e+03
   1.1097250e+03
   1.1090792e+03
   1.1081610e+03
   1.1069062e+03
   1.1052445e+03
   1.1030999e+03
   1.1003910e+03
   1.0970316e+03
   1.0929311e+03
   1.0879952e+03
   1.0821263e+03
   1.0752250e+03
   1.0671902e+03
   1.0579209e+03
   1.0473167e+03
   1.0352799e+03
   1.0217160e+03
   1.0065358e+03
   9.8965713e+02
   9.7100616e+02
   9.5051960e+02
   9.2814649e+02
   9.0385019e+02
   8.7761039e+02
   8.4942510e+02
   8.1931267e+02
   7.8731364e+02
   7.5349260e+02
   7.1793981e+02
   6.8077267e+02
   6.4213692e+02
   6.0220753e+02
   5.6118929e+02
   5.1931698e+02
   4.7685502e+02
   4.3409677e+02
   3.9136315e+02
   3.4900079e+02
   3.0737953e+02
   2.6688935e+02
   2.2793660e+02
   1.9093974e+02
   1.5632432e+02
   1.2451755e+02
   9.5942251e+01
   7.1010383e+01
   5.0116207e+01
   3.3629164e+01
   2.1886579e+01
   1.5186339e+01
   1.3779650e+01
   1.7864052e+01
   2.7576820e+01
   4.2988930e+01
   6.4099747e+01
   9.0832583e+01
   1.2303129e+02
   1.6045803e+02
   2.0279232e+02
   2.4963152e+02
   3.0049275e+02
   3.5481643e+02
   4.1197134e+02
   4.7126125e+02
   5.3193311e+02
   5.9318662e+02
   6.5418529e+02
   7.1406849e+02
   7.7196470e+02
   8.2700546e+02
   8.7833990e+02
   9.2514962e+02
   9.6666352e+02
   1.0021724e+03
   1.0310432e+03
   1.0527317e+03
   1.0667951e+03
   1.0729027e+03
   1.0708441e+03
   1.0605374e+03
   1.0420334e+03
   1.0155192e+03
   9.8131804e+02
   9.3988825e+02
   8.9181876e+02
   8.3782288e+02
   7.7872970e+02
   7.1547350e+02
   6.4908124e+02
   5.8065850e+02
   5.1137400e+02
   4.4244297e+02
   3.7510988e+02
   3.1063062e+02
   2.5025452e+02
   1.9520670e+02
   1.4667078e+02
   1.0577253e+02
   7.3564546e+01
   5.1012278e+01
   3.8981652e+01
   3.8228412e+01
   4.9389345e+01
   7.2975507e+01
   1.0936748e+02
   1.5881269e+02
   2.2142476e+02
   2.9718485e+02
   3.8594483e+02
   4.8743225e+02
   6.0125686e+02
   7.2691861e+02
   8.6381673e+02
   1.0112600e+03
   1.1684777e+03
   1.3346312e+03
   1.5088257e+03
   1.6901228e+03
   1.8775519e+03
   2.0701226e+03
   2.2668357e+03
   2.4666946e+03
   2.6687152e+03
   2.8719352e+03
   3.0754234e+03
   3.2782865e+03
   3.4796766e+03
   3.6787965e+03
   3.8749045e+03
   4.0673181e+03
   4.2554172e+03
   4.4386450e+03
   4.6165101e+03
   4.7885857e+03
   4.9545099e+03
   5.1139834e+03
   5.2667688e+03
   5.4126872e+03
   5.5516159e+03
   5.6834854e+03
   5.8082751e+03
   5.9260105e+03
   6.0367588e+03
   6.1406251e+03
   6.2377482e+03
   6.3282970e+03
   6.4124662e+03
   6.4904724e+03
   6.5625507e+03
   6.6289509e+03
   6.6899342e+03
   6.7457698e+03
   6.7967319e+03
   6.8430972e+03
   6.8851421e+03
   6.9231399e+03
   6.9573596e+03
   6.9880627e+03
   7.0155024e+03
   7.0399216e+03
   7.0615515e+03
   7.0806102e+03
   7.0973019e+03
   7.1118159e+03
   7.1243253e+03
   7.1349869e+03
   7.1439404e+03
   7.1513076e+03
   7.1571923e+03
   7.1616799e+03
   7.1648371e+03
   7.1667116e+03
   7.1673322e+03
