   3.2589751e+03
   3.2588771e+03
   3.2585840e+03
   3.2580809e+03
   3.2573433e+03
   3.2563367e+03
   3.2550173e+03
   3.2533314e+03
   3.2512161e+03
   3.2485990e+03
   3.2453991e+03
   3.2415261e+03
   3.2368819e+03
   3.2313598e+03
   3.2248458e+03
   3.2172187e+03
   3.2083508e+03
   3.1981085e+03
   3.1863532e+03
   3.1729422e+03
   3.1577292e+03
   3.1405661e+03
   3.1213035e+03
   3.0997922e+03
   3.0758850e+03
   3.0494374e+03
   3.0203099e+03
   2.9883692e+03
   2.9534904e+03
   2.9155585e+03
   2.8744703e+03
   2.8301366e+03
   2.7824840e+03
   2.7314568e+03
   2.6770190e+03
   2.6191564e+03
   2.5578777e+03
   2.4932168e+03
   2.4252342e+03
   2.3540179e+03
   2.2796847e+03
   2.2023810e+03
   2.1222834e+03
   2.0395983e+03
   1.9545621e+03
   1.8674406e+03
   1.7785275e+03
   1.6881432e+03
   1.5966330e+03
   1.5043640e+03
   1.4117230e+03
   1.3191128e+03
   1.2269485e+03
   1.1356535e+03
   1.0456552e+03
   9.5738018e+02
   8.7124924e+02
   7.8767261e+02
   7.0704469e+02
   6.2973907e+02
   5.5610355e+02
   4.8645539e+02
   4.2107691e+02
   3.6021138e+02
   3.0405949e+02
   2.5277632e+02
   2.0646895e+02
   1.6519475e+02
   1.2896049e+02
   9.7722145e+01
   7.1385538e+01
   4.9807824e+01
   3.2799725e+01
   2.0128564e+01
   1.1522002e+01
   6.6724412e+00
   5.2419976e+00
   6.8679623e+00
   1.1168636e+01
   1.7749426e+01
   2.6209094e+01
   3.6146009e+01
   4.7164299e+01
   5.8879778e+01
   7.0925516e+01
   8.2956960e+01
   9.4656508e+01
   1.0573744e+02
   1.1594718e+02
   1.2506973e+02
   1.3292746e+02
   1.3938196e+02
   1.4433422e+02
   1.4772396e+02
   1.4952836e+02
   1.4975999e+02
   1.4846427e+02
   1.4571636e+02
   1.4161764e+02
   1.3629191e+02
   1.2988130e+02
   1.2254217e+02
   1.1444086e+02
   1.0574959e+02
   9.6642549e+01
   8.7292112e+01
   7.7865458e+01
   6.8521498e+01
   5.9408214e+01
   5.0660430e+01
   4.2398030e+01
   3.4724633e+01
   2.7726715e+01
   2.1473164e+01
   1.6015244e+01
   1.1386933e+01
   7.6055935e+00
   4.6729401e+00
   2.5762444e+00
   1.2897384e+00
   7.7616263e-01
   9.8841273e-01
   1.8712346e+00
   3.3629314e+00
   5.3970420e+00
   7.9039540e+00
   1.0812425e+01
   1.4050989e+01
   1.7549224e+01
   2.1238879e+01
   2.5054838e+01
   2.8935930e+01
   3.2825572e+01
   3.6672266e+01
   4.0429940e+01
   4.4058156e+01
   4.7522186e+01
   5.0792985e+01
   5.3847048e+01
   5.6666200e+01
   5.9237307e+01
   6.1551930e+01
   6.3605944e+01
   6.5399123e+01
   6.6934710e+01
   6.8218981e+01
   6.9260810e+01
   7.0071247e+01
   7.0663113e+01
   7.1050615e+01
   7.1248994e+01
   7.1274195e+01
   7.1142579e+01
   7.0870655e+01
   7.0474856e+01
   6.9971343e+01
   6.9375838e+01
   6.8703493e+01
   6.7968778e+01
   6.7185404e+01
   6.6366260e+01
   6.5523380e+01
   6.4667918e+01
   6.3810151e+01
   6.2959481e+01
   6.2124459e+01
   6.1312816e+01
   6.0531493e+01
   5.9786690e+01
   5.9083904e+01
   5.8427976e+01
   5.7823140e+01
   5.7273068e+01
   5.6780911e+01
   5.6349346e+01
   5.5980609e+01
   5.5676532e+01
   5.5438572e+01
   5.5267835e+01
   5.5165100e+01
   5.5130824e+01
   5.5165162e+01
   5.5267961e+01
   5.5438760e+01
   5.5676784e+01
   5.5980926e+01
   5.6349730e+01
   5.6781363e+01
   5.7273589e+01
   5.7823732e+01
   5.8428641e+01
   5.9084645e+01
   5.9787509e+01
   6.0532392e+01
   6.1313797e+01
   6.2125526e+01
   6.2960636e+01
   6.3811396e+01
   6.4669256e+01
   6.5524811e+01
   6.6367788e+01
   6.7187029e+01
   6.7970502e+01
   6.8705315e+01
   6.9377759e+01
   6.9973362e+01
   7.0476971e+01
   7.0872864e+01
   7.1144878e+01
   7.1276581e+01
   7.1251459e+01
   7.1053154e+01
   7.0665717e+01
   7.0073907e+01
   6.9263515e+01
   6.8221719e+01
   6.6937468e+01
   6.5401886e+01
   6.3608696e+01
   6.1554655e+01
   5.9239988e+01
   5.6668819e+01
   5.3849586e+01
   5.0795424e+01
   4.7524509e+01
   4.4060345e+01
   4.0431979e+01
   3.6674141e+01
   3.2827271e+01
   2.8937444e+01
   2.5056161e+01
   2.1240008e+01
   1.7550161e+01
   1.4051742e+01
   1.0813007e+01
   7.9043824e+00
   5.3973411e+00
   3.3631318e+00
   1.8713730e+00
   9.8853233e-01
   7.7631383e-01
   1.2899773e+00
   2.5766313e+00
   4.6735403e+00
   7.6064764e+00
   1.1388171e+01
   1.6016911e+01
   2.1475334e+01
   2.7729460e+01
   3.4728024e+01
   4.2402132e+01
   5.0665302e+01
   5.9413907e+01
   6.8528052e+01
   7.7872903e+01
   8.7300463e+01
   9.6651807e+01
   1.0575974e+02
   1.1445187e+02
   1.2255400e+02
   1.2989388e+02
   1.3630515e+02
   1.4163146e+02
   1.4573063e+02
   1.4847887e+02
   1.4977478e+02
   1.4954319e+02
   1.4773868e+02
   1.4434867e+02
   1.3939600e+02
   1.3294093e+02
   1.2508248e+02
   1.1595908e+02
   1.0574839e+02
   9.4666400e+01
   8.2965729e+01
   7.0933119e+01
   5.8886205e+01
   4.7169570e+01
   3.6150180e+01
   2.6212259e+01
   1.7751715e+01
   1.1170216e+01
   6.8690400e+00
   5.2428146e+00
   6.6732734e+00
   1.1523156e+01
   2.0130374e+01
   3.2802551e+01
   4.9812045e+01
   7.1391550e+01
   9.7730352e+01
   1.2897130e+02
   1.6520858e+02
   2.0648619e+02
   2.5279737e+02
   3.0408473e+02
   3.6024115e+02
   4.2111154e+02
   4.8649518e+02
   5.5614875e+02
   6.2978991e+02
   7.0710134e+02
   7.8773521e+02
   8.7131789e+02
   9.5745491e+02
   1.0457360e+03
   1.1357404e+03
   1.2270413e+03
   1.3192114e+03
   1.4118272e+03
   1.5044736e+03
   1.5967478e+03
   1.6882629e+03
   1.7786517e+03
   1.8675690e+03
   1.9546943e+03
   2.0397339e+03
   2.1224221e+03
   2.2025224e+03
   2.2798282e+03
   2.3541631e+03
   2.4253808e+03
   2.4933643e+03
   2.5580256e+03
   2.6193043e+03
   2.6771666e+03
   2.7316036e+03
   2.7826296e+03
   2.8302807e+03
   2.8746125e+03
   2.9156984e+03
   2.9536278e+03
   2.9885037e+03
   3.0204412e+03
   3.0495653e+03
   3.0760092e+03
   3.0999126e+03
   3.1214197e+03
   3.1406781e+03
   3.1578367e+03
   3.1730450e+03
   3.1864513e+03
   3.1982017e+03
   3.2084389e+03
   3.2173017e+03
   3.2249236e+03
   3.2314323e+03
   3.2369490e+03
   3.2415879e+03
   3.2454553e+03
   3.2486498e+03
   3.2512613e+03
   3.2533710e+03
   3.2550513e+03
   3.2563651e+03
   3.2573660e+03
   3.2580979e+03
   3.2585954e+03
   3.2588828e+03
   3.2589751e+03
