   7.0266277e+04
   7.0238623e+04
   7.0156283e+04
   7.0018432e+04
   6.9823707e+04
   6.9570218e+04
   6.9255575e+04
   6.8876915e+04
   6.8430941e+04
   6.7913971e+04
   6.7321988e+04
   6.6650708e+04
   6.5895654e+04
   6.5052243e+04
   6.4115879e+04
   6.3082064e+04
   6.1946514e+04
   6.0705291e+04
   5.9354943e+04
   5.7892652e+04
   5.6316392e+04
   5.4625089e+04
   5.2818787e+04
   5.0898813e+04
   4.8867934e+04
   4.6730504e+04
   4.4492603e+04
   4.2162146e+04
   3.9748969e+04
   3.7264883e+04
   3.4723681e+04
   3.2141107e+04
   2.9534759e+04
   2.6923947e+04
   2.4329481e+04
   2.1773389e+04
   1.9278581e+04
   1.6868439e+04
   1.4566347e+04
   1.2395178e+04
   1.0376725e+04
   8.5311148e+03
   6.8762012e+03
   5.4269710e+03
   4.1949762e+03
   3.1878200e+03
   2.4087194e+03
   1.8561707e+03
   1.5237480e+03
   1.4000589e+03
   1.4688543e+03
   1.7092727e+03
   2.0962729e+03
   2.6012796e+03
   3.1929985e+03
   3.8383634e+03
   4.5035974e+03
   5.1553540e+03
   5.7618964e+03
   6.2942642e+03
   6.7273753e+03
   7.0410082e+03
   7.2206135e+03
   7.2579058e+03
   7.1512001e+03
   6.9054610e+03
   6.5320528e+03
   6.0481882e+03
   5.4760940e+03
   4.8419248e+03
   4.1744720e+03
   3.5037311e+03
   2.8593967e+03
   2.2693640e+03
   1.7583173e+03
   1.3464851e+03
   1.0486333e+03
   8.7336175e+02
   8.2273909e+02
   8.9226478e+02
   1.0711790e+03
   1.3431672e+03
   1.6873878e+03
   2.0797220e+03
   2.4941860e+03
   2.9044335e+03
   3.2852595e+03
   3.6140148e+03
   3.8718482e+03
   4.0447039e+03
   4.1240203e+03
   4.1070914e+03
   3.9970794e+03
   3.8026845e+03
   3.5375012e+03
   3.2191076e+03
   2.8679529e+03
   2.5061124e+03
   2.1559930e+03
   1.8390645e+03
   1.5746931e+03
   1.3791398e+03
   1.2647735e+03
   1.2395317e+03
   1.3066490e+03
   1.4646627e+03
   1.7076797e+03
   2.0258663e+03
   2.4061150e+03
   2.8328438e+03
   3.2888747e+03
   3.7563401e+03
   4.2175632e+03
   4.6558678e+03
   5.0562805e+03
   5.4060957e+03
   5.6952887e+03
   5.9167688e+03
   6.0664758e+03
   6.1433320e+03
   6.1490676e+03
   6.0879435e+03
   5.9663976e+03
   5.7926411e+03
   5.5762329e+03
   5.3276540e+03
   5.0579042e+03
   4.7781362e+03
   4.4993394e+03
   4.2320802e+03
   3.9863009e+03
   3.7711770e+03
   3.5950274e+03
   3.4652709e+03
   3.3884214e+03
   3.3701118e+03
   3.4151380e+03
   3.5275148e+03
   3.7105354e+03
   3.9668285e+03
   4.2984087e+03
   4.7067163e+03
   5.1926458e+03
   5.7565622e+03
   6.3983069e+03
   7.1171949e+03
   7.9120046e+03
   8.7809652e+03
   9.7217429e+03
   1.0731429e+04
   1.1806532e+04
   1.2942979e+04
   1.4136121e+04
   1.5380749e+04
   1.6671123e+04
   1.8001005e+04
   1.9363705e+04
   2.0752133e+04
   2.2158859e+04
   2.3576176e+04
   2.4996173e+04
   2.6410802e+04
   2.7811955e+04
   2.9191531e+04
   3.0541509e+04
   3.1854012e+04
   3.3121373e+04
   3.4336192e+04
   3.5491389e+04
   3.6580251e+04
   3.7596478e+04
   3.8534217e+04
   3.9388092e+04
   4.0153236e+04
   4.0825310e+04
   4.1400522e+04
   4.1875643e+04
   4.2248016e+04
   4.2515565e+04
   4.2676805e+04
   4.2730843e+04
   4.2677380e+04
   4.2516715e+04
   4.2249740e+04
   4.1877942e+04
   4.1403394e+04
   4.0828754e+04
   4.0157249e+04
   3.9392671e+04
   3.8539358e+04
   3.7602175e+04
   3.6586495e+04
   3.5498169e+04
   3.4343495e+04
   3.3129183e+04
   3.1862309e+04
   3.0550270e+04
   2.9200731e+04
   2.7821563e+04
   2.6420784e+04
   2.5006492e+04
   2.3586791e+04
   2.2169726e+04
   2.0763206e+04
   1.9374934e+04
   1.8012338e+04
   1.6682506e+04
   1.5392129e+04
   1.4147443e+04
   1.2954189e+04
   1.1817577e+04
   1.0742258e+04
   9.7323074e+03
   8.7912199e+03
   7.9219082e+03
   7.1267110e+03
   6.4074042e+03
   5.7652150e+03
   5.2008350e+03
   4.7144295e+03
   4.3056407e+03
   3.9735815e+03
   3.7168197e+03
   3.5333490e+03
   3.4205490e+03
   3.3751354e+03
   3.3931021e+03
   3.4696615e+03
   3.5991887e+03
   3.7751771e+03
   3.9902139e+03
   4.2359852e+03
   4.5033190e+03
   4.7822741e+03
   5.0622837e+03
   5.3323549e+03
   5.5813290e+03
   5.7981972e+03
   5.9724662e+03
   6.0945617e+03
   6.1562542e+03
   6.1510850e+03
   6.0747703e+03
   5.9255556e+03
   5.7044941e+03
   5.4156223e+03
   5.0660092e+03
   4.6656608e+03
   4.2272687e+03
   3.7657981e+03
   3.2979234e+03
   2.8413268e+03
   2.4138894e+03
   2.0328097e+03
   1.7136977e+03
   1.4696950e+03
   1.3106750e+03
   1.2425747e+03
   1.2669028e+03
   1.3804686e+03
   1.5753730e+03
   1.8392776e+03
   2.1559431e+03
   2.5060149e+03
   2.8680234e+03
   3.2195503e+03
   3.5384967e+03
   3.8043789e+03
   3.9995746e+03
   4.1104378e+03
   4.1282126e+03
   4.0496795e+03
   3.8774892e+03
   3.6201538e+03
   3.2916879e+03
   2.9109128e+03
   2.5004607e+03
   2.0855344e+03
   1.6924924e+03
   1.3473448e+03
   1.0742499e+03
   8.9409959e+02
   8.2326891e+02
   8.7258480e+02
   1.0466138e+03
   1.3433472e+03
   1.7542383e+03
   2.2645664e+03
   2.8541376e+03
   3.4982885e+03
   4.1691309e+03
   4.8369621e+03
   5.4717648e+03
   6.0447127e+03
   6.5296061e+03
   6.9041648e+03
   7.1511175e+03
   7.2590396e+03
   7.2229066e+03
   7.0443481e+03
   6.7316000e+03
   6.2991712e+03
   5.7672526e+03
   5.1609070e+03
   4.5090869e+03
   3.8435329e+03
   3.1976057e+03
   2.6051061e+03
   2.0991316e+03
   1.7110143e+03
   1.4693712e+03
   1.3992895e+03
   1.5216796e+03
   1.8528386e+03
   2.4042012e+03
   3.1822297e+03
   4.1884588e+03
   5.4196970e+03
   6.8683604e+03
   8.5229093e+03
   1.0368363e+04
   1.2386867e+04
   1.4558290e+04
   1.6860825e+04
   1.9271585e+04
   2.1767165e+04
   2.4324162e+04
   2.6919642e+04
   2.9531550e+04
   3.2139052e+04
   3.4722815e+04
   3.7265213e+04
   3.9750483e+04
   4.2164809e+04
   4.4496363e+04
   4.6735293e+04
   4.8873668e+04
   5.0905400e+04
   5.2826123e+04
   5.4633065e+04
   5.6324895e+04
   5.7901567e+04
   5.9364153e+04
   6.0714682e+04
   6.1955972e+04
   6.3091481e+04
   6.4125152e+04
   6.5061271e+04
   6.5904346e+04
   6.6658977e+04
   6.7329755e+04
   6.7921165e+04
   6.8437497e+04
   6.8882775e+04
   6.9260690e+04
   6.9574546e+04
   6.9827211e+04
   7.0021085e+04
   7.0158063e+04
   7.0239517e+04
   7.0266277e+04
