   4.0923877e+03
   4.0922441e+03
   4.0918138e+03
   4.0910775e+03
   4.0900031e+03
   4.0885458e+03
   4.0866481e+03
   4.0842401e+03
   4.0812398e+03
   4.0775529e+03
   4.0730736e+03
   4.0676847e+03
   4.0612580e+03
   4.0536552e+03
   4.0447278e+03
   4.0343185e+03
   4.0222618e+03
   4.0083844e+03
   3.9925072e+03
   3.9744456e+03
   3.9540114e+03
   3.9310136e+03
   3.9052608e+03
   3.8765622e+03
   3.8447300e+03
   3.8095811e+03
   3.7709391e+03
   3.7286372e+03
   3.6825198e+03
   3.6324455e+03
   3.5782894e+03
   3.5199457e+03
   3.4573302e+03
   3.3903833e+03
   3.3190718e+03
   3.2433918e+03
   3.1633710e+03
   3.0790706e+03
   2.9905869e+03
   2.8980535e+03
   2.8016419e+03
   2.7015627e+03
   2.5980657e+03
   2.4914401e+03
   2.3820136e+03
   2.2701516e+03
   2.1562551e+03
   2.0407584e+03
   1.9241265e+03
   1.8068510e+03
   1.6894465e+03
   1.5724456e+03
   1.4563935e+03
   1.3418429e+03
   1.2293472e+03
   1.1194547e+03
   1.0127017e+03
   9.0960568e+02
   8.1065870e+02
   7.1632071e+02
   6.2701314e+02
   5.4311285e+02
   4.6494659e+02
   3.9278606e+02
   3.2684367e+02
   2.6726919e+02
   2.1414726e+02
   1.6749592e+02
   1.2726622e+02
   9.3342853e+01
   6.5545969e+01
   4.3634008e+01
   2.7307617e+01
   1.6214556e+01
   9.9555044e+00
   8.0906707e+00
   1.0147079e+01
   1.5626381e+01
   2.4013050e+01
   3.4782771e+01
   4.7410880e+01
   6.1380657e+01
   7.6191307e+01
   9.1365479e+01
   1.0645616e+02
   1.2105279e+02
   1.3478658e+02
   1.4733474e+02
   1.5842379e+02
   1.6783176e+02
   1.7538925e+02
   1.8097948e+02
   1.8453726e+02
   1.8604696e+02
   1.8553965e+02
   1.8308936e+02
   1.7880871e+02
   1.7284397e+02
   1.6536971e+02
   1.5658320e+02
   1.4669864e+02
   1.3594143e+02
   1.2454256e+02
   1.1273328e+02
   1.0074008e+02
   8.8780225e+01
   7.7057678e+01
   6.5759743e+01
   5.5054242e+01
   4.5087368e+01
   3.5982174e+01
   2.7837689e+01
   2.0728632e+01
   1.4705691e+01
   9.7963001e+00
   6.0058609e+00
   3.3193479e+00
   1.7032154e+00
   1.1075425e+00
   1.4683434e+00
   2.7099692e+00
   4.7475441e+00
   7.4893742e+00
   1.0839274e+01
   1.4698767e+01
   1.8969124e+01
   2.3553208e+01
   2.8357105e+01
   3.3291525e+01
   3.8272968e+01
   4.3224655e+01
   4.8077227e+01
   5.2769225e+01
   5.7247362e+01
   6.1466606e+01
   6.5390100e+01
   6.8988933e+01
   7.2241777e+01
   7.5134440e+01
   7.7659324e+01
   7.9814830e+01
   8.1604726e+01
   8.3037489e+01
   8.4125646e+01
   8.4885123e+01
   8.5334613e+01
   8.5494978e+01
   8.5388687e+01
   8.5039302e+01
   8.4471009e+01
   8.3708203e+01
   8.2775122e+01
   8.1695535e+01
   8.0492483e+01
   7.9188061e+01
   7.7803251e+01
   7.6357797e+01
   7.4870115e+01
   7.3357241e+01
   7.1834807e+01
   7.0317039e+01
   6.8816790e+01
   6.7345576e+01
   6.5913637e+01
   6.4530007e+01
   6.3202590e+01
   6.1938248e+01
   6.0742884e+01
   5.9621535e+01
   5.8578458e+01
   5.7617216e+01
   5.6740761e+01
   5.5951515e+01
   5.5251440e+01
   5.4642104e+01
   5.4124742e+01
   5.3700310e+01
   5.3369527e+01
   5.3132914e+01
   5.2990822e+01
   5.2943454e+01
   5.2990876e+01
   5.3133022e+01
   5.3369690e+01
   5.3700530e+01
   5.4125019e+01
   5.4642440e+01
   5.5251837e+01
   5.5951976e+01
   5.6741288e+01
   5.7617812e+01
   5.8579127e+01
   5.9622280e+01
   6.0743709e+01
   6.1939156e+01
   6.3203586e+01
   6.4531095e+01
   6.5914822e+01
   6.7346862e+01
   6.8818182e+01
   7.0318540e+01
   7.1836422e+01
   7.3358974e+01
   7.4871969e+01
   7.6359774e+01
   7.7805355e+01
   7.9190293e+01
   8.0494845e+01
   8.1698025e+01
   8.2777739e+01
   8.3710945e+01
   8.4473871e+01
   8.5042279e+01
   8.5391772e+01
   8.5498163e+01
   8.5337886e+01
   8.4888472e+01
   8.4129056e+01
   8.3040944e+01
   8.1608208e+01
   7.9818319e+01
   7.7662798e+01
   7.5137877e+01
   7.2245153e+01
   6.8992224e+01
   6.5393281e+01
   6.1469652e+01
   5.7250250e+01
   5.2771933e+01
   4.8079734e+01
   4.3226942e+01
   3.8275022e+01
   3.3293336e+01
   2.8358667e+01
   2.3554522e+01
   1.8970196e+01
   1.4699612e+01
   1.0839913e+01
   7.4898363e+00
   4.7478669e+00
   2.7101985e+00
   1.4685336e+00
   1.1077569e+00
   1.7035251e+00
   3.3198297e+00
   6.0065978e+00
   9.7973803e+00
   1.4707206e+01
   2.0730675e+01
   2.7840354e+01
   3.5985553e+01
   4.5091547e+01
   5.5059301e+01
   6.5765754e+01
   7.7064701e+01
   8.8788306e+01
   1.0074926e+02
   1.1274355e+02
   1.2455393e+02
   1.3595387e+02
   1.4671211e+02
   1.5659762e+02
   1.6538500e+02
   1.7286001e+02
   1.7882537e+02
   1.8310650e+02
   1.8555709e+02
   1.8606453e+02
   1.8455477e+02
   1.8099675e+02
   1.7540608e+02
   1.6784796e+02
   1.5843919e+02
   1.4734917e+02
   1.3479989e+02
   1.2106487e+02
   1.0646691e+02
   9.1374850e+01
   7.6199273e+01
   6.1387237e+01
   4.7416137e+01
   3.4786811e+01
   2.4016029e+01
   1.5628499e+01
   1.0148583e+01
   8.0918520e+00
   9.9566967e+00
   1.6216131e+01
   2.7309981e+01
   4.3637596e+01
   6.5551243e+01
   9.3350290e+01
   1.2727631e+02
   1.6750917e+02
   2.1416415e+02
   2.6729022e+02
   3.2686930e+02
   3.9281673e+02
   4.6498274e+02
   5.4315486e+02
   6.2706135e+02
   7.1637544e+02
   8.1072019e+02
   9.0967415e+02
   1.0127773e+03
   1.1195375e+03
   1.2294373e+03
   1.3419402e+03
   1.4564980e+03
   1.5725571e+03
   1.6895649e+03
   1.8069760e+03
   1.9242578e+03
   2.0408958e+03
   2.1563981e+03
   2.2702999e+03
   2.3821667e+03
   2.4915975e+03
   2.5982271e+03
   2.7017275e+03
   2.8018096e+03
   2.8982235e+03
   2.9907588e+03
   3.0792438e+03
   3.1635450e+03
   3.2435661e+03
   3.3192458e+03
   3.3905566e+03
   3.4575024e+03
   3.5201162e+03
   3.5784578e+03
   3.6326114e+03
   3.6826828e+03
   3.7287970e+03
   3.7710952e+03
   3.8097332e+03
   3.8448779e+03
   3.8767055e+03
   3.9053993e+03
   3.9311470e+03
   3.9541395e+03
   3.9745683e+03
   3.9926243e+03
   4.0084957e+03
   4.0223670e+03
   4.0344177e+03
   4.0448208e+03
   4.0537418e+03
   4.0613383e+03
   4.0677585e+03
   4.0731409e+03
   4.0776136e+03
   4.0812938e+03
   4.0842875e+03
   4.0866887e+03
   4.0885797e+03
   4.0900303e+03
   4.0910979e+03
   4.0918274e+03
   4.0922509e+03
   4.0923877e+03
