 Energy(eV)     NS_eels     NN_eels     NS_cat     NN_cat     NS_CL_left     NS_CL_right     NN_CL_left     NN_CL_right     both_left     both_right
 3 8.24455e-05 7.31246e-05 2.1593e-05 1.32591e-05 3.84865e-07 2.12082e-05 8.42619e-07 1.24164e-05 1.22819e-06 1.64715e-05
 3.01 8.45995e-05 7.50152e-05 2.22192e-05 1.3666e-05 3.94878e-07 2.18243e-05 8.68149e-07 1.27979e-05 1.26406e-06 1.69561e-05
 3.02 8.68442e-05 7.69857e-05 2.28718e-05 1.40912e-05 4.05257e-07 2.24665e-05 8.94803e-07 1.31964e-05 1.30151e-06 1.74622e-05
 3.03 8.91848e-05 7.90407e-05 2.35526e-05 1.45357e-05 4.1602e-07 2.31365e-05 9.22651e-07 1.36131e-05 1.34065e-06 1.79913e-05
 3.04 9.1627e-05 8.11852e-05 2.42632e-05 1.50008e-05 4.27189e-07 2.3836e-05 9.51767e-07 1.40491e-05 1.38158e-06 1.85447e-05
 3.05 9.4177e-05 8.34245e-05 2.50054e-05 1.54878e-05 4.38785e-07 2.45666e-05 9.82235e-07 1.45056e-05 1.42443e-06 1.91241e-05
 3.06 9.68411e-05 8.57646e-05 2.57813e-05 1.59982e-05 4.50831e-07 2.53305e-05 1.01414e-06 1.49841e-05 1.46932e-06 1.97312e-05
 3.07 9.96267e-05 8.82117e-05 2.65931e-05 1.65336e-05 4.63352e-07 2.61297e-05 1.04758e-06 1.5486e-05 1.51638e-06 2.03679e-05
 3.08 0.000102541 9.07726e-05 2.7443e-05 1.70956e-05 4.76376e-07 2.69666e-05 1.08267e-06 1.6013e-05 1.56576e-06 2.10362e-05
 3.09 0.000105593 9.34546e-05 2.83336e-05 1.76863e-05 4.8993e-07 2.78436e-05 1.11951e-06 1.65668e-05 1.61764e-06 2.17384e-05
 3.1 0.000108792 9.62659e-05 2.92676e-05 1.83075e-05 5.04047e-07 2.87635e-05 1.15822e-06 1.71493e-05 1.67218e-06 2.24768e-05
 3.11 0.000112146 9.92152e-05 3.0248e-05 1.89616e-05 5.18759e-07 2.97293e-05 1.19896e-06 1.77627e-05 1.72958e-06 2.32541e-05
 3.12 0.000115668 0.000102312 3.12782e-05 1.96511e-05 5.34102e-07 3.07441e-05 1.24185e-06 1.84092e-05 1.79005e-06 2.40732e-05
 3.13 0.000119369 0.000105566 3.23616e-05 2.03785e-05 5.50116e-07 3.18115e-05 1.28708e-06 1.90914e-05 1.85383e-06 2.49372e-05
 3.14 0.00012326 0.00010899 3.35022e-05 2.1147e-05 5.66842e-07 3.29353e-05 1.33481e-06 1.98122e-05 1.92116e-06 2.58497e-05
 3.15 0.000127358 0.000112596 3.47041e-05 2.19597e-05 5.84327e-07 3.41198e-05 1.38525e-06 2.05745e-05 1.99234e-06 2.68144e-05
 3.16 0.000131675 0.000116396 3.59722e-05 2.28204e-05 6.02619e-07 3.53695e-05 1.43861e-06 2.13818e-05 2.06766e-06 2.78357e-05
 3.17 0.000136231 0.000120407 3.73114e-05 2.37329e-05 6.21773e-07 3.66897e-05 1.49513e-06 2.22377e-05 2.14748e-06 2.8918e-05
 3.18 0.000141043 0.000124645 3.87276e-05 2.47017e-05 6.41847e-07 3.80858e-05 1.55508e-06 2.31466e-05 2.23216e-06 3.00667e-05
 3.19 0.000146131 0.000129129 4.02269e-05 2.57318e-05 6.62906e-07 3.9564e-05 1.61876e-06 2.4113e-05 2.32213e-06 3.12875e-05
 3.2 0.000151519 0.000133877 4.18163e-05 2.68286e-05 6.85019e-07 4.11313e-05 1.6865e-06 2.51421e-05 2.41785e-06 3.25866e-05
 3.21 0.000157231 0.000138914 4.35034e-05 2.79982e-05 7.08262e-07 4.27951e-05 1.75866e-06 2.62396e-05 2.51985e-06 3.39713e-05
 3.22 0.000163296 0.000144264 4.52967e-05 2.92476e-05 7.32721e-07 4.4564e-05 1.83566e-06 2.7412e-05 2.6287e-06 3.54493e-05
 3.23 0.000169744 0.000149956 4.72057e-05 3.05845e-05 7.58487e-07 4.64472e-05 1.91796e-06 2.86665e-05 2.74505e-06 3.70297e-05
 3.24 0.000176612 0.00015602 4.9241e-05 3.20175e-05 7.85663e-07 4.84554e-05 2.00608e-06 3.00114e-05 2.86963e-06 3.87223e-05
 3.25 0.000183938 0.000162492 5.14145e-05 3.35564e-05 8.1436e-07 5.06002e-05 2.10061e-06 3.14558e-05 3.00325e-06 4.05383e-05
 3.26 0.000191766 0.000169411 5.37395e-05 3.52125e-05 8.44704e-07 5.28948e-05 2.20221e-06 3.30103e-05 3.14686e-06 4.24905e-05
 3.27 0.000200147 0.000176824 5.62309e-05 3.69983e-05 8.76834e-07 5.53541e-05 2.31164e-06 3.46866e-05 3.30148e-06 4.45931e-05
 3.28 0.000209137 0.000184781 5.89057e-05 3.89283e-05 9.10903e-07 5.79948e-05 2.42976e-06 3.64985e-05 3.46833e-06 4.68625e-05
 3.29 0.000218801 0.00019334 6.17832e-05 4.1019e-05 9.47084e-07 6.08361e-05 2.55757e-06 3.84614e-05 3.64874e-06 4.93173e-05
 3.3 0.000229214 0.000202567 6.4885e-05 4.32895e-05 9.85571e-07 6.38995e-05 2.69619e-06 4.05933e-05 3.84427e-06 5.19786e-05
 3.31 0.000240461 0.000212541 6.82363e-05 4.57617e-05 1.02658e-06 6.72097e-05 2.84693e-06 4.29147e-05 4.05671e-06 5.48709e-05
 3.32 0.000252641 0.00022335 7.18655e-05 4.84612e-05 1.07036e-06 7.07951e-05 3.01133e-06 4.54498e-05 4.2881e-06 5.80223e-05
 3.33 0.000265869 0.000235097 7.58055e-05 5.14176e-05 1.11719e-06 7.46883e-05 3.19115e-06 4.82264e-05 4.54082e-06 6.14654e-05
 3.34 0.000280279 0.000247902 8.00944e-05 5.46658e-05 1.16738e-06 7.8927e-05 3.38847e-06 5.12773e-05 4.81762e-06 6.52379e-05
 3.35 0.00029603 0.000261908 8.47763e-05 5.82467e-05 1.22129e-06 8.3555e-05 3.60575e-06 5.46409e-05 5.12173e-06 6.93839e-05
 3.36 0.000313309 0.000277282 8.99028e-05 6.22088e-05 1.27935e-06 8.86234e-05 3.84588e-06 5.83629e-05 5.4569e-06 7.39553e-05
 3.37 0.000332343 0.000294225 9.55343e-05 6.66099e-05 1.34203e-06 9.41923e-05 4.11234e-06 6.24975e-05 5.82758e-06 7.90128e-05
 3.38 0.000353403 0.000312976 0.000101742 7.15192e-05 1.40989e-06 0.000100333 4.4093e-06 6.71099e-05 6.23902e-06 8.46288e-05
 3.39 0.000376819 0.000333828 0.000108612 7.70204e-05 1.48358e-06 0.000107128 4.74184e-06 7.22785e-05 6.69745e-06 9.08889e-05
 3.4 0.000403001 0.000357137 0.000116245 8.3215e-05 1.56387e-06 0.000114681 5.11616e-06 7.80988e-05 7.21035e-06 9.78959e-05
 3.41 0.000432459 0.000383343 0.000124763 9.02276e-05 1.65167e-06 0.000123112 5.53994e-06 8.46877e-05 7.7867e-06 0.000105773
 3.42 0.000465835 0.000412997 0.000134316 9.82124e-05 1.74805e-06 0.000132568 6.02281e-06 9.21895e-05 8.43735e-06 0.000114671
 3.43 0.00050396 0.000446799 0.000145087 0.000107362 1.85434e-06 0.000143233 6.577e-06 0.000100785 9.1755e-06 0.000124771
 3.44 0.000547915 0.000485648 0.000157302 0.000117918 1.97211e-06 0.000155329 7.21835e-06 0.0001107 1.00173e-05 0.000136296
 3.45 0.000599147 0.000530721 0.000171244 0.000130192 2.10332e-06 0.000169141 7.96774e-06 0.000122224 1.09826e-05 0.000149519
 3.46 0.000659629 0.000583588 0.000187275 0.000144585 2.25041e-06 0.000185024 8.85345e-06 0.000135731 1.20958e-05 0.000164782
 3.47 0.000732126 0.000646394 0.000205856 0.000161626 2.41641e-06 0.000203439 9.91497e-06 0.000151711 1.33875e-05 0.000182504
 3.48 0.000820631 0.000722145 0.000227591 0.000182024 2.60522e-06 0.000224986 1.12096e-05 0.000170814 1.48954e-05 0.00020321
 3.49 0.000931103 0.000815171 0.00025328 0.000206752 2.82185e-06 0.000250458 1.28248e-05 0.000193927 1.66664e-05 0.000227556
 3.5 0.00107277 0.000931913 0.000283988 0.000237184 3.07277e-06 0.000280915 1.49008e-05 0.000222283 1.87586e-05 0.000256351
 3.51 0.00126046 0.00108221 0.000321146 0.000275318 3.36623e-06 0.00031778 1.76779e-05 0.00025764 2.12432e-05 0.000290592
 3.52 0.00151885 0.00128123 0.000366614 0.000324151 3.71217e-06 0.000362902 2.15906e-05 0.000302561 2.42046e-05 0.000331468
 3.53 0.00188934 0.0015512 0.000422501 0.000388179 4.11983e-06 0.000418382 2.74427e-05 0.000360737 2.77386e-05 0.00038034
 3.54 0.00243651 0.00191641 0.000489805 0.000473397 4.58658e-06 0.000485218 3.66036e-05 0.000436793 3.19423e-05 0.000438599
 3.55 0.0032224 0.00236819 0.000562769 0.000583575 5.05922e-06 0.00055771 5.05094e-05 0.000533066 3.68871e-05 0.000507327
 3.56 0.00412192 0.00278991 0.000615776 0.000708249 5.36108e-06 0.000610415 6.75958e-05 0.000640653 4.25589e-05 0.000586543
 3.57 0.0045206 0.00302633 0.000615429 0.00082296 5.32248e-06 0.000610106 8.10972e-05 0.000741863 4.87505e-05 0.000673824
 3.58 0.00407849 0.00314118 0.00060289 0.00092385 5.29023e-06 0.0005976 8.73659e-05 0.000836484 5.4923e-05 0.000762269
 3.59 0.0034766 0.00329713 0.000649854 0.0010225 5.69785e-06 0.000644156 8.90546e-05 0.000933441 6.009e-05 0.000838747
 3.6 0.00317429 0.0035493 0.000762889 0.00111573 6.52076e-06 0.000756368 8.8124e-05 0.0010276 6.29064e-05 0.000885099
 3.61 0.00317889 0.00389365 0.000928152 0.00119011 7.64044e-06 0.000920511 8.44418e-05 0.00110566 6.21947e-05 0.00088529
 3.62 0.00341113 0.00434781 0.00113781 0.00123867 8.99346e-06 0.00112882 7.77553e-05 0.00116092 5.77376e-05 0.000836335
 3.63 0.00380564 0.00498087 0.00138373 0.0012698 1.05169e-05 0.00137321 6.88255e-05 0.00120098 5.06201e-05 0.000753417
 3.64 0.00429778 0.00585914 0.00164629 0.00129829 1.20815e-05 0.00163421 5.9264e-05 0.00123903 4.27364e-05 0.000663667
 3.65 0.00480214 0.00682436 0.00188641 0.00131578 1.34601e-05 0.00187294 5.06698e-05 0.00126511 3.60796e-05 0.000596523
 3.66 0.00521789 0.00734731 0.00205085 0.00127383 1.44026e-05 0.00203645 4.30862e-05 0.00123075 3.25451e-05 0.000579454
 3.67 0.00547021 0.0072528 0.00209792 0.00115304 1.48514e-05 0.00208307 3.45683e-05 0.00111847 3.39375e-05 0.000631283
 3.68 0.00554708 0.00687272 0.00202756 0.000985728 1.50553e-05 0.0020125 2.49014e-05 0.000960827 4.03169e-05 0.000728887
 3.69 0.00550167 0.00622828 0.00188516 0.000805146 1.52056e-05 0.00186996 1.7596e-05 0.00078755 4.65596e-05 0.000782419
 3.7 0.00544341 0.00550972 0.0017207 0.000661125 1.52774e-05 0.00170542 1.52514e-05 0.000645874 4.6738e-05 0.000736868
 3.71 0.00550716 0.00512283 0.0015617 0.000573791 1.53807e-05 0.00154632 1.59033e-05 0.000557888 4.22313e-05 0.000639479
 3.72 0.00580063 0.00523222 0.00142545 0.00052744 1.5907e-05 0.00140954 1.74435e-05 0.000509997 3.6864e-05 0.00054509
 3.73 0.00640369 0.00579497 0.00131517 0.000502386 1.72724e-05 0.0012979 1.93718e-05 0.000483014 3.24007e-05 0.000472054
 3.74 0.0073478 0.00644884 0.00121704 0.00048357 1.95286e-05 0.00119751 2.15465e-05 0.000462023 2.92154e-05 0.000422376
 3.75 0.00853263 0.00664918 0.00109609 0.000465942 2.27945e-05 0.00107329 2.43898e-05 0.000441552 2.72224e-05 0.000395328
 3.76 0.00974584 0.00667544 0.000918068 0.000458028 2.80103e-05 0.000890058 2.97797e-05 0.000428249 2.59953e-05 0.000387876
 3.77 0.0108029 0.00710935 0.00073516 0.000478069 3.67214e-05 0.000698439 4.03672e-05 0.000437702 2.47151e-05 0.000395675
 3.78 0.0121037 0.00816172 0.000661041 0.000546608 4.79724e-05 0.000613069 5.6556e-05 0.000490052 2.29007e-05 0.000415498
 3.79 0.0140648 0.00974167 0.000707005 0.000662169 5.63069e-05 0.000650698 7.4278e-05 0.000587891 2.07898e-05 0.000438324
 3.8 0.0156498 0.0111844 0.000782416 0.000788664 5.92629e-05 0.000723153 8.77206e-05 0.000700943 1.89175e-05 0.000445357
 3.81 0.015542 0.011645 0.000802345 0.000866309 5.94907e-05 0.000742854 9.11464e-05 0.000775162 1.85512e-05 0.000431411
 3.82 0.0148129 0.0110447 0.000800061 0.000894868 5.97075e-05 0.000740354 8.68585e-05 0.000808009 2.00598e-05 0.000414919
 3.83 0.0139594 0.0102394 0.000817833 0.000920839 6.03541e-05 0.000757479 8.21407e-05 0.000838698 2.30333e-05 0.000412726
 3.84 0.0124103 0.00967144 0.000834296 0.000944014 6.01637e-05 0.000774133 7.85567e-05 0.000865457 2.68335e-05 0.000421357
 3.85 0.0106864 0.00927014 0.000819411 0.000931517 5.77765e-05 0.000761634 7.41085e-05 0.000857409 2.95117e-05 0.000418595
 3.86 0.00945257 0.00921921 0.000760283 0.000874331 5.27866e-05 0.000707496 6.76574e-05 0.000806673 2.90499e-05 0.000388639
 3.87 0.00903589 0.00997641 0.000667243 0.000788768 4.58556e-05 0.000621388 5.946e-05 0.000729308 2.60891e-05 0.000339858
 3.88 0.00906578 0.0113799 0.000557042 0.000685446 3.81749e-05 0.000518867 4.99595e-05 0.000635486 2.1952e-05 0.000282965
 3.89 0.0086568 0.0120388 0.000448562 0.000565517 3.077e-05 0.000417792 3.94483e-05 0.000526069 1.75569e-05 0.000225667
 3.9 0.00794149 0.0110878 0.000361221 0.000449138 2.42502e-05 0.000336971 2.96034e-05 0.000419535 1.38322e-05 0.000177658
 3.91 0.00770487 0.00990628 0.000300109 0.000361744 1.88263e-05 0.000281282 2.21289e-05 0.000339615 1.10991e-05 0.000142452
 3.92 0.00798106 0.0093375 0.000262284 0.000303822 1.44766e-05 0.000247807 1.68984e-05 0.000286923 9.1215e-06 0.000117189
 3.93 0.00852629 0.0092426 0.00024841 0.000269781 1.12658e-05 0.000237144 1.3464e-05 0.000256317 7.74947e-06 0.000100082
 3.94 0.0092945 0.00942362 0.000259853 0.000252056 9.57174e-06 0.000250281 1.17849e-05 0.000240271 6.93774e-06 9.06927e-05
 3.95 0.00989132 0.00958936 0.000282035 0.00023968 9.57354e-06 0.000272462 1.17794e-05 0.000227901 6.62721e-06 8.80377e-05
 3.96 0.0100518 0.00986992 0.000308147 0.000232276 1.04802e-05 0.000297666 1.27169e-05 0.00021956 6.78884e-06 9.07821e-05
 3.97 0.00993564 0.0104703 0.00033998 0.000224178 1.12662e-05 0.000328714 1.3372e-05 0.000210806 7.17257e-06 9.49233e-05
 3.98 0.00938044 0.0110755 0.000348395 0.000206916 1.10797e-05 0.000337316 1.29608e-05 0.000193955 7.40743e-06 9.65761e-05
 3.99 0.00843874 0.0110856 0.000320346 0.000182277 9.9471e-06 0.000310399 1.16227e-05 0.000170654 7.14174e-06 9.24287e-05
 4 0.00754409 0.0104838 0.000275944 0.000156542 8.5878e-06 0.000267356 1.00058e-05 0.000146536 6.45042e-06 8.32943e-05
