 Energy(eV)     NS_eels     NN_eels     NS_cat     NN_cat     NS_CL_left     NS_CL_right     NN_CL_left     NN_CL_right     both_left     both_right
 3 6.23689e-06 6.14401e-06 2.36473e-09 1.07736e-09 1.9366e-11 2.34537e-09 6.31414e-11 1.01422e-09 2.062e-10 2.72187e-09
 3.01 6.39822e-06 6.30138e-06 2.4339e-09 1.11124e-09 1.99437e-11 2.41396e-09 6.51193e-11 1.04613e-09 2.12529e-10 2.80542e-09
 3.02 6.56592e-06 6.46492e-06 2.5059e-09 1.14662e-09 2.05448e-11 2.48535e-09 6.71842e-11 1.07944e-09 2.19133e-10 2.89259e-09
 3.03 6.74034e-06 6.63495e-06 2.58089e-09 1.18358e-09 2.11705e-11 2.55972e-09 6.93412e-11 1.11424e-09 2.26027e-10 2.98359e-09
 3.04 6.92185e-06 6.81183e-06 2.65904e-09 1.22222e-09 2.18224e-11 2.63721e-09 7.15961e-11 1.15062e-09 2.33229e-10 3.07866e-09
 3.05 7.11085e-06 6.99596e-06 2.74053e-09 1.26265e-09 2.25018e-11 2.71803e-09 7.3955e-11 1.18869e-09 2.40757e-10 3.17805e-09
 3.06 7.30777e-06 7.18773e-06 2.82557e-09 1.30497e-09 2.32104e-11 2.80236e-09 7.64243e-11 1.22855e-09 2.48634e-10 3.28202e-09
 3.07 7.51306e-06 7.38761e-06 2.91436e-09 1.34932e-09 2.39498e-11 2.89041e-09 7.90114e-11 1.27031e-09 2.5688e-10 3.39087e-09
 3.08 7.72723e-06 7.59605e-06 3.00714e-09 1.39582e-09 2.4722e-11 2.98241e-09 8.17238e-11 1.3141e-09 2.65519e-10 3.50491e-09
 3.09 7.95081e-06 7.81358e-06 3.10414e-09 1.44462e-09 2.55289e-11 3.07861e-09 8.457e-11 1.36005e-09 2.74578e-10 3.62449e-09
 3.1 8.18437e-06 8.04074e-06 3.20565e-09 1.49587e-09 2.63725e-11 3.17928e-09 8.75591e-11 1.40831e-09 2.84084e-10 3.74998e-09
 3.11 8.42853e-06 8.27814e-06 3.31194e-09 1.54975e-09 2.72554e-11 3.28468e-09 9.07008e-11 1.45905e-09 2.94068e-10 3.88177e-09
 3.12 8.68396e-06 8.52641e-06 3.42333e-09 1.60643e-09 2.81798e-11 3.39515e-09 9.40061e-11 1.51243e-09 3.04563e-10 4.02032e-09
 3.13 8.95139e-06 8.78626e-06 3.54016e-09 1.66613e-09 2.91486e-11 3.51101e-09 9.74867e-11 1.56864e-09 3.15606e-10 4.16609e-09
 3.14 9.23161e-06 9.05844e-06 3.6628e-09 1.72905e-09 3.01646e-11 3.63263e-09 1.01155e-10 1.6279e-09 3.27235e-10 4.31961e-09
 3.15 9.52546e-06 9.34376e-06 3.79164e-09 1.79545e-09 3.1231e-11 3.76041e-09 1.05026e-10 1.69042e-09 3.39495e-10 4.48144e-09
 3.16 9.83389e-06 9.64314e-06 3.92712e-09 1.86558e-09 3.23514e-11 3.89477e-09 1.09114e-10 1.75646e-09 3.52432e-10 4.65221e-09
 3.17 1.01579e-05 9.95753e-06 4.06971e-09 1.93973e-09 3.35293e-11 4.03618e-09 1.13437e-10 1.82629e-09 3.66097e-10 4.83261e-09
 3.18 1.04986e-05 1.0288e-05 4.21994e-09 2.01823e-09 3.47689e-11 4.18517e-09 1.18013e-10 1.90021e-09 3.80549e-10 5.02338e-09
 3.19 1.08572e-05 1.06357e-05 4.37837e-09 2.10141e-09 3.60748e-11 4.3423e-09 1.22862e-10 1.97855e-09 3.95849e-10 5.22535e-09
 3.2 1.1235e-05 1.10019e-05 4.54563e-09 2.18968e-09 3.74517e-11 4.50817e-09 1.28008e-10 2.06167e-09 4.12066e-10 5.43942e-09
 3.21 1.16335e-05 1.1388e-05 4.72238e-09 2.28346e-09 3.8905e-11 4.68348e-09 1.33475e-10 2.14998e-09 4.29277e-10 5.66662e-09
 3.22 1.20543e-05 1.17956e-05 4.90939e-09 2.38322e-09 4.04406e-11 4.86895e-09 1.39291e-10 2.24393e-09 4.47565e-10 5.90804e-09
 3.23 1.24991e-05 1.22262e-05 5.10748e-09 2.48949e-09 4.20649e-11 5.06542e-09 1.45487e-10 2.344e-09 4.67025e-10 6.16493e-09
 3.24 1.29699e-05 1.26819e-05 5.31757e-09 2.60286e-09 4.37852e-11 5.27378e-09 1.52098e-10 2.45076e-09 4.87761e-10 6.43866e-09
 3.25 1.34688e-05 1.31646e-05 5.54065e-09 2.72398e-09 4.56091e-11 5.49504e-09 1.59162e-10 2.56482e-09 5.09889e-10 6.73077e-09
 3.26 1.39983e-05 1.36766e-05 5.77786e-09 2.8536e-09 4.75455e-11 5.73031e-09 1.66722e-10 2.68687e-09 5.33538e-10 7.04295e-09
 3.27 1.4561e-05 1.42205e-05 6.03044e-09 2.99252e-09 4.96039e-11 5.98083e-09 1.74827e-10 2.8177e-09 5.58854e-10 7.37715e-09
 3.28 1.51599e-05 1.47991e-05 6.29976e-09 3.14169e-09 5.17951e-11 6.24797e-09 1.83531e-10 2.95816e-09 5.86001e-10 7.73549e-09
 3.29 1.57983e-05 1.54157e-05 6.58739e-09 3.30214e-09 5.4131e-11 6.53325e-09 1.92896e-10 3.10924e-09 6.1516e-10 8.12043e-09
 3.3 1.648e-05 1.60737e-05 6.89504e-09 3.47506e-09 5.66249e-11 6.83841e-09 2.02992e-10 3.27207e-09 6.46542e-10 8.53469e-09
 3.31 1.72092e-05 1.67772e-05 7.22467e-09 3.6618e-09 5.92918e-11 7.16538e-09 2.13898e-10 3.4479e-09 6.80381e-10 8.98139e-09
 3.32 1.79908e-05 1.75308e-05 7.57846e-09 3.86388e-09 6.21484e-11 7.51631e-09 2.25706e-10 3.63817e-09 7.16945e-10 9.46407e-09
 3.33 1.88302e-05 1.83395e-05 7.95887e-09 4.08306e-09 6.52135e-11 7.89366e-09 2.38519e-10 3.84454e-09 7.5654e-10 9.98676e-09
 3.34 1.97335e-05 1.92094e-05 8.36872e-09 4.32136e-09 6.85085e-11 8.30021e-09 2.52456e-10 4.0689e-09 7.99517e-10 1.05541e-08
 3.35 2.07081e-05 2.01471e-05 8.81117e-09 4.58108e-09 7.20576e-11 8.73911e-09 2.67657e-10 4.31342e-09 8.46277e-10 1.11714e-08
 3.36 2.17621e-05 2.11604e-05 9.28984e-09 4.86492e-09 7.58882e-11 9.21395e-09 2.8428e-10 4.58064e-09 8.97287e-10 1.18447e-08
 3.37 2.29051e-05 2.22581e-05 9.80887e-09 5.17599e-09 8.00316e-11 9.72884e-09 3.02513e-10 4.87348e-09 9.53085e-10 1.25813e-08
 3.38 2.41482e-05 2.34508e-05 1.0373e-08 5.51794e-09 8.45237e-11 1.02885e-08 3.22574e-10 5.19537e-09 1.0143e-09 1.33894e-08
 3.39 2.55047e-05 2.47505e-05 1.09878e-08 5.89505e-09 8.94058e-11 1.08984e-08 3.4472e-10 5.55033e-09 1.08167e-09 1.42787e-08
 3.4 2.699e-05 2.61714e-05 1.16595e-08 6.31236e-09 9.47256e-11 1.15648e-08 3.69256e-10 5.94311e-09 1.15605e-09 1.52607e-08
 3.41 2.86226e-05 2.77306e-05 1.23955e-08 6.77588e-09 1.00538e-10 1.2295e-08 3.96544e-10 6.37933e-09 1.23848e-09 1.63488e-08
 3.42 3.04249e-05 2.94481e-05 1.32044e-08 7.29276e-09 1.06908e-10 1.30975e-08 4.27019e-10 6.86574e-09 1.33018e-09 1.75593e-08
 3.43 3.2424e-05 3.13483e-05 1.40965e-08 7.87161e-09 1.1391e-10 1.39825e-08 4.61207e-10 7.41041e-09 1.4326e-09 1.89113e-08
 3.44 3.4653e-05 3.34605e-05 1.50834e-08 8.52288e-09 1.21634e-10 1.49618e-08 4.99746e-10 8.02314e-09 1.54751e-09 2.04283e-08
 3.45 3.71536e-05 3.58211e-05 1.61796e-08 9.25929e-09 1.30184e-10 1.60494e-08 5.43419e-10 8.71587e-09 1.67706e-09 2.21384e-08
 3.46 3.99778e-05 3.84747e-05 1.74018e-08 1.00965e-08 1.39685e-10 1.72621e-08 5.93197e-10 9.50332e-09 1.82388e-09 2.40766e-08
 3.47 4.31926e-05 4.1478e-05 1.87703e-08 1.1054e-08 1.50288e-10 1.862e-08 6.50292e-10 1.04037e-08 1.99122e-09 2.62856e-08
 3.48 4.68853e-05 4.4903e-05 2.03097e-08 1.21562e-08 1.62171e-10 2.01475e-08 7.16235e-10 1.14399e-08 2.18313e-09 2.8819e-08
 3.49 5.11723e-05 4.8843e-05 2.20499e-08 1.3434e-08 1.75556e-10 2.18743e-08 7.92987e-10 1.2641e-08 2.40474e-09 3.17444e-08
 3.5 5.62116e-05 5.34219e-05 2.40275e-08 1.49271e-08 1.9071e-10 2.38368e-08 8.83086e-10 1.4044e-08 2.66257e-09 3.5148e-08
 3.51 6.22248e-05 5.88066e-05 2.62879e-08 1.66872e-08 2.07965e-10 2.60799e-08 9.89872e-10 1.56973e-08 2.96505e-09 3.9141e-08
 3.52 6.95311e-05 6.52289e-05 2.88876e-08 1.87821e-08 2.27733e-10 2.86599e-08 1.11782e-09 1.76643e-08 3.32321e-09 4.3869e-08
 3.53 7.86063e-05 7.30199e-05 3.1898e-08 2.13031e-08 2.50534e-10 3.16475e-08 1.27302e-09 2.00301e-08 3.75173e-09 4.95257e-08
 3.54 9.01881e-05 8.26686e-05 3.54101e-08 2.43744e-08 2.77029e-10 3.51331e-08 1.46402e-09 2.29104e-08 4.27041e-09 5.63727e-08
 3.55 0.000105465 9.49252e-05 3.95423e-08 2.81689e-08 3.08079e-10 3.92343e-08 1.70306e-09 2.64658e-08 4.90658e-09 6.47704e-08
 3.56 0.000126429 0.000110987 4.4453e-08 3.29325e-08 3.44834e-10 4.41082e-08 2.00835e-09 3.09242e-08 5.69862e-09 7.52257e-08
 3.57 0.000156482 0.000132827 5.03667e-08 3.90244e-08 3.88926e-10 4.99777e-08 2.40807e-09 3.66163e-08 6.70181e-09 8.84682e-08
 3.58 0.000201215 0.000163706 5.76399e-08 4.69841e-08 4.42943e-10 5.7197e-08 2.94791e-09 4.40362e-08 7.99784e-09 1.05576e-07
 3.59 0.000267442 0.000208375 6.69463e-08 5.76492e-08 5.11756e-10 6.64345e-08 3.70424e-09 5.39449e-08 9.7109e-09 1.28188e-07
 3.6 0.000351093 0.000269662 7.96739e-08 7.23614e-08 6.05292e-10 7.90686e-08 4.79834e-09 6.75631e-08 1.20358e-08 1.58874e-07
 3.61 0.000407824 0.00033388 9.78268e-08 9.33228e-08 7.37616e-10 9.70892e-08 6.37036e-09 8.69524e-08 1.52873e-08 2.01792e-07
 3.62 0.000393448 0.000371257 1.22063e-07 1.2425e-07 9.13004e-10 1.2115e-07 8.53658e-09 1.15714e-07 1.99876e-08 2.63835e-07
 3.63 0.000353565 0.000396423 1.52776e-07 1.71704e-07 1.13431e-09 1.51642e-07 1.16578e-08 1.60046e-07 2.70045e-08 3.56462e-07
 3.64 0.000338243 0.000455161 1.93671e-07 2.46833e-07 1.42807e-09 1.92243e-07 1.65764e-08 2.30257e-07 3.76697e-08 4.97249e-07
 3.65 0.000358609 0.000573992 2.51757e-07 3.63921e-07 1.84397e-09 2.49913e-07 2.42985e-08 3.39622e-07 5.32545e-08 7.02974e-07
 3.66 0.000417917 0.000753105 3.38465e-07 5.17716e-07 2.46272e-09 3.36002e-07 3.4302e-08 4.83414e-07 7.12655e-08 9.40722e-07
 3.67 0.000527369 0.000929806 4.73244e-07 6.24197e-07 3.42123e-09 4.69823e-07 4.03377e-08 5.83859e-07 7.833e-08 1.03396e-06
 3.68 0.000710716 0.00103316 6.87636e-07 5.91861e-07 4.94055e-09 6.82696e-07 3.56096e-08 5.56251e-07 6.45558e-08 8.52123e-07
 3.69 0.000996518 0.00109961 1.01606e-06 5.0555e-07 7.25881e-09 1.0088e-06 2.58734e-08 4.79677e-07 4.57562e-08 6.03939e-07
 3.7 0.00135381 0.00114645 1.4174e-06 4.53487e-07 1.00775e-08 1.40733e-06 1.77466e-08 4.3574e-07 3.57198e-08 4.71421e-07
 3.71 0.00157312 0.00117014 1.63952e-06 4.07075e-07 1.16235e-08 1.6279e-06 1.17464e-08 3.95328e-07 3.53371e-08 4.66324e-07
 3.72 0.00146461 0.00110635 1.47876e-06 3.22973e-07 1.04945e-08 1.46827e-06 7.11863e-09 3.15855e-07 3.79298e-08 5.00499e-07
 3.73 0.00117924 0.000949251 1.11731e-06 2.30307e-07 7.9755e-09 1.10933e-06 4.20852e-09 2.26098e-07 3.48238e-08 4.59491e-07
 3.74 0.000947581 0.000826783 7.92729e-07 1.62288e-07 5.72057e-09 7.87008e-07 2.79543e-09 1.59493e-07 2.75189e-08 3.63091e-07
 3.75 0.000839957 0.000801983 5.70716e-07 1.19036e-07 4.18978e-09 5.66526e-07 2.10392e-09 1.16932e-07 2.07702e-08 2.74033e-07
 3.76 0.000831763 0.000834544 4.26491e-07 9.13734e-08 3.20764e-09 4.23283e-07 1.7066e-09 8.96668e-08 1.58329e-08 2.08878e-07
 3.77 0.000879948 0.000827429 3.23999e-07 7.20527e-08 2.51865e-09 3.2148e-07 1.45334e-09 7.05994e-08 1.23903e-08 1.63448e-07
 3.78 0.000980507 0.000781118 2.30918e-07 5.58239e-08 1.90657e-09 2.29011e-07 1.31288e-09 5.4511e-08 9.95714e-09 1.31339e-07
 3.79 0.00114161 0.000783482 1.31824e-07 4.09712e-08 1.26887e-09 1.30555e-07 1.3396e-09 3.96316e-08 8.13928e-09 1.07357e-07
 3.8 0.00136294 0.000875517 5.45998e-08 3.37792e-08 7.90253e-10 5.38096e-08 1.70913e-09 3.20701e-08 6.59601e-09 8.70205e-08
 3.81 0.00167379 0.00105148 2.05879e-08 3.94364e-08 6.30408e-10 1.99575e-08 2.57613e-09 3.68602e-08 5.04876e-09 6.66594e-08
 3.82 0.00194485 0.00123439 1.29268e-08 5.08821e-08 7.03029e-10 1.22237e-08 3.57625e-09 4.73059e-08 3.58825e-09 4.74442e-08
 3.83 0.00198168 0.0013203 1.6539e-08 5.75078e-08 9.30688e-10 1.56083e-08 4.02631e-09 5.34815e-08 2.72647e-09 3.60819e-08
 3.84 0.00191354 0.00130445 2.6668e-08 6.11802e-08 1.30616e-09 2.53618e-08 4.08483e-09 5.70954e-08 2.56727e-09 3.39307e-08
 3.85 0.00180959 0.00128175 3.96334e-08 6.73988e-08 1.86452e-09 3.77688e-08 4.26817e-09 6.31306e-08 2.97794e-09 3.92442e-08
 3.86 0.0016276 0.00128136 5.21612e-08 7.77378e-08 2.68788e-09 4.94733e-08 4.84334e-09 7.28945e-08 3.91584e-09 5.14493e-08
 3.87 0.00138834 0.00125699 6.64617e-08 9.30465e-08 3.84585e-09 6.26159e-08 5.87192e-09 8.71746e-08 5.06736e-09 6.64414e-08
 3.88 0.00116833 0.00125638 7.91723e-08 1.0737e-07 4.93223e-09 7.42401e-08 6.86621e-09 1.00503e-07 5.82461e-09 7.6305e-08
 3.89 0.0010367 0.00135577 7.58672e-08 1.03721e-07 4.86583e-09 7.10014e-08 6.59185e-09 9.71294e-08 5.43756e-09 7.12419e-08
 3.9 0.000957387 0.00146901 5.74629e-08 8.08592e-08 3.68278e-09 5.37801e-08 4.94471e-09 7.59145e-08 4.02782e-09 5.28012e-08
 3.91 0.000891238 0.00142213 3.99641e-08 5.60789e-08 2.48531e-09 3.74788e-08 3.1427e-09 5.29362e-08 2.61937e-09 3.43696e-08
 3.92 0.000866575 0.00127391 2.95078e-08 3.95577e-08 1.67792e-09 2.78298e-08 1.92639e-09 3.76313e-08 1.72294e-09 2.26421e-08
 3.93 0.000886737 0.00116711 2.585e-08 3.09054e-08 1.19572e-09 2.46543e-08 1.28966e-09 2.96158e-08 1.25486e-09 1.65235e-08
 3.94 0.000947427 0.00112623 2.89411e-08 2.69377e-08 9.36116e-10 2.8005e-08 1.03132e-09 2.59064e-08 1.0682e-09 1.40931e-08
 3.95 0.00103896 0.00111414 3.68846e-08 2.47855e-08 8.19561e-10 3.6065e-08 1.02173e-09 2.37638e-08 1.09836e-09 1.45097e-08
 3.96 0.00109925 0.00110517 4.4928e-08 2.3165e-08 7.78197e-10 4.41498e-08 1.14179e-09 2.20232e-08 1.30004e-09 1.71804e-08
 3.97 0.00110647 0.0011232 5.37e-08 2.19222e-08 7.94595e-10 5.29054e-08 1.23821e-09 2.0684e-08 1.56935e-09 2.07318e-08
 3.98 0.00106031 0.00117155 6.12582e-08 1.94014e-08 8.21989e-10 6.04362e-08 1.17056e-09 1.82308e-08 1.7187e-09 2.26933e-08
 3.99 0.000951301 0.00120731 6.05175e-08 1.58993e-08 7.77044e-10 5.97404e-08 9.90173e-10 1.49091e-08 1.70093e-09 2.24513e-08
 4 0.000830034 0.00118451 5.297e-08 1.25881e-08 6.70233e-10 5.22998e-08 8.04589e-10 1.17835e-08 1.56001e-09 2.05867e-08
