 Energy(eV)     NS_eels     NN_eels     NS_cat     NN_cat     NS_CL_left     NS_CL_right     NN_CL_left     NN_CL_right     both_left     both_right
 2.5 0.000198963 0.000155181 0.000169036 0.00012569 3.04285e-06 0.000165993 7.41346e-06 0.000118276 5.662e-06 0.00012157
 2.51 0.000201764 0.000157315 0.00017218 0.000128195 3.08741e-06 0.000169092 7.55073e-06 0.000120644 5.76554e-06 0.000123954
 2.52 0.000204653 0.000159523 0.000175402 0.000130764 3.13287e-06 0.000172269 7.69148e-06 0.000123072 5.87172e-06 0.000126399
 2.53 0.000207632 0.000161807 0.000178706 0.000133399 3.17928e-06 0.000175527 7.83585e-06 0.000125563 5.98064e-06 0.000128909
 2.54 0.000210705 0.000164168 0.000182094 0.000136104 3.22665e-06 0.000178868 7.984e-06 0.00012812 6.09241e-06 0.000131485
 2.55 0.000213873 0.000166611 0.00018557 0.00013888 3.27503e-06 0.000182295 8.13609e-06 0.000130744 6.20716e-06 0.00013413
 2.56 0.000217142 0.000169137 0.000189137 0.000141731 3.32446e-06 0.000185813 8.29229e-06 0.000133439 6.32502e-06 0.000136847
 2.57 0.000220514 0.00017175 0.000192799 0.000144659 3.37497e-06 0.000189424 8.45279e-06 0.000136206 6.44613e-06 0.000139639
 2.58 0.000223994 0.000174452 0.000196559 0.000147667 3.42661e-06 0.000193132 8.61778e-06 0.000139049 6.57063e-06 0.000142508
 2.59 0.000227584 0.000177246 0.000200421 0.000150759 3.47941e-06 0.000196942 8.78748e-06 0.000141972 6.69868e-06 0.000145458
 2.6 0.00023129 0.000180136 0.00020439 0.000153938 3.53342e-06 0.000200857 8.9621e-06 0.000144976 6.83046e-06 0.000148492
 2.61 0.000235116 0.000183125 0.000208471 0.000157207 3.5887e-06 0.000204882 9.14189e-06 0.000148065 6.96613e-06 0.000151614
 2.62 0.000239066 0.000186217 0.000212666 0.000160571 3.64528e-06 0.000209021 9.3271e-06 0.000151244 7.10588e-06 0.000154827
 2.63 0.000243146 0.000189416 0.000216983 0.000164033 3.70322e-06 0.00021328 9.51801e-06 0.000154515 7.24993e-06 0.000158136
 2.64 0.000247361 0.000192726 0.000221426 0.000167597 3.76257e-06 0.000217663 9.7149e-06 0.000157882 7.39848e-06 0.000161543
 2.65 0.000251716 0.000196151 0.000226 0.000171267 3.8234e-06 0.000222177 9.91808e-06 0.000161349 7.55177e-06 0.000165055
 2.66 0.000256217 0.000199697 0.000230712 0.00017505 3.88576e-06 0.000226826 1.01279e-05 0.000164922 7.71004e-06 0.000168674
 2.67 0.000260871 0.000203368 0.000235567 0.000178948 3.94971e-06 0.000231617 1.03447e-05 0.000168603 7.87357e-06 0.000172407
 2.68 0.000265684 0.000207169 0.000240573 0.000182968 4.01533e-06 0.000236558 1.05689e-05 0.000172399 8.04264e-06 0.000176258
 2.69 0.000270663 0.000211107 0.000245736 0.000187116 4.08269e-06 0.000241653 1.08009e-05 0.000176315 8.21756e-06 0.000180233
 2.7 0.000275817 0.000215186 0.000251064 0.000191396 4.15185e-06 0.000246912 1.10412e-05 0.000180355 8.39867e-06 0.000184337
 2.71 0.000281153 0.000219413 0.000256565 0.000195816 4.2229e-06 0.000252342 1.12901e-05 0.000184526 8.58631e-06 0.000188577
 2.72 0.000286679 0.000223796 0.000262247 0.000200382 4.29592e-06 0.000257951 1.15484e-05 0.000188833 8.78089e-06 0.000192959
 2.73 0.000292406 0.000228341 0.000268119 0.000205101 4.371e-06 0.000263748 1.18165e-05 0.000193284 8.98281e-06 0.000197491
 2.74 0.000298342 0.000233055 0.000274192 0.00020998 4.44824e-06 0.000269744 1.2095e-05 0.000197885 9.19254e-06 0.000202179
 2.75 0.000304499 0.000237948 0.000280475 0.000215029 4.52773e-06 0.000275947 1.23847e-05 0.000202644 9.41056e-06 0.000207033
 2.76 0.000310888 0.000243028 0.00028698 0.000220254 4.60958e-06 0.00028237 1.26862e-05 0.000207568 9.63741e-06 0.000212059
 2.77 0.00031752 0.000248304 0.000293718 0.000225666 4.6939e-06 0.000289024 1.30004e-05 0.000212666 9.87367e-06 0.000217268
 2.78 0.00032441 0.000253785 0.000300703 0.000231275 4.78081e-06 0.000295922 1.33281e-05 0.000217947 1.012e-05 0.000222669
 2.79 0.00033157 0.000259484 0.000307947 0.00023709 4.87043e-06 0.000303077 1.36702e-05 0.00022342 1.0377e-05 0.000228272
 2.8 0.000339017 0.000265411 0.000315467 0.000243124 4.9629e-06 0.000310504 1.40279e-05 0.000229096 1.06455e-05 0.000234089
 2.81 0.000346766 0.00027158 0.000323277 0.000249388 5.05837e-06 0.000318218 1.44022e-05 0.000234986 1.09264e-05 0.000240131
 2.82 0.000354835 0.000278002 0.000331395 0.000255895 5.15699e-06 0.000326238 1.47944e-05 0.000241101 1.12205e-05 0.000246412
 2.83 0.000363243 0.000284692 0.00033984 0.00026266 5.25892e-06 0.000334581 1.52058e-05 0.000247454 1.15288e-05 0.000252945
 2.84 0.000372011 0.000291666 0.000348632 0.000269697 5.36433e-06 0.000343268 1.5638e-05 0.000254059 1.18524e-05 0.000259746
 2.85 0.000381162 0.000298941 0.000357793 0.000277023 5.47342e-06 0.000352319 1.60925e-05 0.00026093 1.21925e-05 0.000266831
 2.86 0.000390719 0.000306534 0.000367346 0.000284655 5.58639e-06 0.00036176 1.65714e-05 0.000268084 1.25504e-05 0.000274216
 2.87 0.00040071 0.000314465 0.000377319 0.000292613 5.70345e-06 0.000371615 1.70764e-05 0.000275536 1.29277e-05 0.000281921
 2.88 0.000411164 0.000322754 0.000387738 0.000300916 5.82483e-06 0.000381913 1.761e-05 0.000283306 1.33259e-05 0.000289967
 2.89 0.000422112 0.000331425 0.000398636 0.000309588 5.9508e-06 0.000392685 1.81745e-05 0.000291413 1.37468e-05 0.000298376
 2.9 0.00043359 0.000340503 0.000410047 0.000318652 6.08161e-06 0.000403965 1.87728e-05 0.000299879 1.41924e-05 0.000307173
 2.91 0.000445637 0.000350014 0.000422008 0.000328134 6.21757e-06 0.00041579 1.94079e-05 0.000308727 1.4665e-05 0.000316382
 2.92 0.000458295 0.000359988 0.00043456 0.000338065 6.359e-06 0.000428201 2.00831e-05 0.000317982 1.51671e-05 0.000326035
 2.93 0.00047161 0.000370457 0.00044775 0.000348473 6.50623e-06 0.000441244 2.08024e-05 0.000327671 1.57013e-05 0.000336162
 2.94 0.000485637 0.000381455 0.000461629 0.000359395 6.65966e-06 0.00045497 2.157e-05 0.000337825 1.62708e-05 0.000346797
 2.95 0.000500432 0.000393021 0.000476253 0.000370866 6.81969e-06 0.000469433 2.23905e-05 0.000348476 1.6879e-05 0.00035798
 2.96 0.00051606 0.000405196 0.000491685 0.000382928 6.98677e-06 0.000484698 2.32694e-05 0.000359659 1.75298e-05 0.000369752
 2.97 0.000532595 0.000418026 0.000507997 0.000395625 7.16141e-06 0.000500835 2.42126e-05 0.000371413 1.82275e-05 0.000382159
 2.98 0.000550118 0.000431561 0.000525267 0.000409006 7.34414e-06 0.000517923 2.52267e-05 0.000383779 1.89771e-05 0.000395252
 2.99 0.000568722 0.000445855 0.000543585 0.000423125 7.53559e-06 0.000536049 2.63194e-05 0.000396805 1.97839e-05 0.000409089
 3 0.000588511 0.00046097 0.000563053 0.00043804 7.73641e-06 0.000555317 2.74989e-05 0.000410541 2.06542e-05 0.00042373
 3.01 0.000609604 0.000476971 0.000583787 0.000453816 7.94736e-06 0.00057584 2.8775e-05 0.000425041 2.15949e-05 0.000439248
 3.02 0.000632137 0.000493932 0.000605918 0.000470523 8.16927e-06 0.000597749 3.01581e-05 0.000440365 2.26138e-05 0.000455719
 3.03 0.000656265 0.000511931 0.000629598 0.000488242 8.4031e-06 0.000621194 3.16603e-05 0.000456581 2.37198e-05 0.00047323
 3.04 0.000682168 0.000531058 0.000655 0.000507056 8.64989e-06 0.00064635 3.32952e-05 0.00047376 2.49228e-05 0.000491879
 3.05 0.000710055 0.000551408 0.000682327 0.00052706 8.91087e-06 0.000673416 3.5078e-05 0.000491982 2.62342e-05 0.000511775
 3.06 0.000740166 0.000573088 0.000711813 0.000548358 9.18741e-06 0.000702626 3.70256e-05 0.000511333 2.76665e-05 0.000533043
 3.07 0.000772787 0.000596214 0.000743734 0.000571064 9.48111e-06 0.000734253 3.91573e-05 0.000531907 2.92339e-05 0.00055582
 3.08 0.00080825 0.000620914 0.000778412 0.000595302 9.79379e-06 0.000768618 4.14944e-05 0.000553807 3.09527e-05 0.000580266
 3.09 0.00084695 0.000647326 0.000816231 0.000621207 1.01276e-05 0.000806103 4.40609e-05 0.000577146 3.28406e-05 0.000606558
 3.1 0.000889357 0.000675601 0.000857645 0.000648927 1.04851e-05 0.00084716 4.68833e-05 0.000602044 3.49178e-05 0.000634902
 3.11 0.000936033 0.000705904 0.000903199 0.000678622 1.08691e-05 0.000892329 4.99909e-05 0.000628631 3.72067e-05 0.000665529
 3.12 0.000987655 0.00073841 0.000953546 0.000710463 1.12834e-05 0.000942263 5.3416e-05 0.000657047 3.97321e-05 0.000698707
 3.13 0.00104504 0.000773308 0.00100948 0.000744634 1.17321e-05 0.000997745 5.71939e-05 0.00068744 4.25212e-05 0.000734743
 3.14 0.00110917 0.000810796 0.00107195 0.00078133 1.22204e-05 0.00105973 6.13625e-05 0.000719967 4.56038e-05 0.000773988
 3.15 0.00118126 0.000851082 0.00114213 0.000820753 1.27547e-05 0.00112937 6.59623e-05 0.000754791 4.90122e-05 0.00081685
 3.16 0.00126277 0.000894382 0.00122141 0.000863113 1.33428e-05 0.00120807 7.10358e-05 0.000792077 5.27807e-05 0.000863796
 3.17 0.00135545 0.000940912 0.00131151 0.000908621 1.39942e-05 0.00129751 7.66268e-05 0.000831994 5.69454e-05 0.000915361
 3.18 0.0014614 0.000990887 0.00141443 0.000957487 1.47208e-05 0.00139971 8.2779e-05 0.000874708 6.15432e-05 0.000972152
 3.19 0.00158304 0.00104451 0.00153252 0.00100991 1.55372e-05 0.00151698 8.95343e-05 0.000920374 6.66111e-05 0.00103484
 3.2 0.00172303 0.00110197 0.00166829 0.00106607 1.64606e-05 0.00165183 9.69312e-05 0.000969137 7.21845e-05 0.00110412
 3.21 0.00188391 0.00116343 0.00182421 0.00112612 1.75112e-05 0.00180669 0.000105002 0.00102112 7.8295e-05 0.00118064
 3.22 0.00206741 0.00122901 0.00200185 0.0011902 1.87098e-05 0.00198314 0.00011377 0.00107643 8.49682e-05 0.00126484
 3.23 0.00227284 0.00129881 0.0022005 0.00125837 2.00731e-05 0.00218043 0.000123246 0.00113512 9.22193e-05 0.00135653
 3.24 0.00249437 0.00137285 0.0024144 0.00133067 2.16036e-05 0.0023928 0.000133425 0.00119724 0.000100048 0.00145435
 3.25 0.0027169 0.00145113 0.00262881 0.00140709 2.32709e-05 0.00260554 0.000144285 0.0012628 0.000108434 0.00155483
 3.26 0.00291194 0.00153359 0.00281606 0.00148757 2.49878e-05 0.00279107 0.000155783 0.00133179 0.000117329 0.00165154
 3.27 0.00303839 0.00162015 0.00293637 0.00157203 2.65958e-05 0.00290978 0.000167855 0.00140417 0.000126654 0.00173542
 3.28 0.00305491 0.0017107 0.00294994 0.00166035 2.78962e-05 0.00292205 0.000180414 0.00147994 0.000136316 0.00179766
 3.29 0.00294378 0.00180514 0.00283999 0.00175243 2.87431e-05 0.00281124 0.000193355 0.00155907 0.000146226 0.00183497
 3.3 0.0027276 0.0019034 0.00262882 0.00184819 2.91424e-05 0.00259968 0.000206558 0.00164163 0.000156322 0.0018531
 3.31 0.00245908 0.00200548 0.00236769 0.00194762 2.92558e-05 0.00233844 0.000219893 0.00172772 0.000166564 0.00186426
 3.32 0.00219233 0.00211156 0.00210897 0.00205087 2.93043e-05 0.00207967 0.000233225 0.00181765 0.000176911 0.00188067
 3.33 0.00196243 0.00222204 0.00188645 0.00215833 2.94695e-05 0.00185698 0.000246423 0.00191191 0.000187306 0.00191027
 3.34 0.00178324 0.00233763 0.00171333 0.00227066 2.98596e-05 0.00168347 0.000259365 0.00201129 0.000197676 0.00195644
 3.35 0.00165477 0.00245944 0.00158947 0.00238892 3.05237e-05 0.00155894 0.00027194 0.00211698 0.000207941 0.00201982
 3.36 0.00157094 0.00258907 0.00150884 0.00251464 3.14787e-05 0.00147736 0.000284045 0.0022306 0.000218023 0.00210018
 3.37 0.0015242 0.00272876 0.00146406 0.00264995 3.273e-05 0.00143133 0.000295589 0.00235437 0.000227845 0.00219748
 3.38 0.00150773 0.00288154 0.0014485 0.00279775 3.4284e-05 0.00141422 0.000306478 0.00249128 0.000237332 0.00231254
 3.39 0.00151613 0.00305145 0.00145686 0.00296191 3.61535e-05 0.00142071 0.0003166 0.00264531 0.000246395 0.00244734
 3.4 0.00154545 0.00324383 0.0014853 0.00314753 3.83622e-05 0.00144694 0.000325809 0.00282172 0.000254921 0.00260526
 3.41 0.00159304 0.00346555 0.00153123 0.00336113 4.09459e-05 0.00149028 0.000333882 0.00302725 0.000262739 0.00279127
 3.42 0.00165742 0.00372487 0.00159317 0.00361056 4.3956e-05 0.00154921 0.000340473 0.00327009 0.000269588 0.00301184
 3.43 0.00173811 0.00403039 0.00167062 0.00390386 4.74622e-05 0.00162316 0.000345073 0.00355879 0.000275076 0.00327413
 3.44 0.00183566 0.00438704 0.00176405 0.0042454 5.15575e-05 0.00171249 0.000347041 0.00389836 0.000278706 0.00358276
 3.45 0.00195166 0.00478617 0.00187494 0.00462621 5.63642e-05 0.00181857 0.000345969 0.00428024 0.000280153 0.00393163
 3.46 0.00208894 0.00518862 0.00200589 0.00500759 6.20404e-05 0.00194385 0.000342875 0.00466472 0.000280191 0.00428921
 3.47 0.00225167 0.00551707 0.00216078 0.00531394 6.87849e-05 0.002092 0.0003425 0.00497144 0.00028253 0.00458997
 3.48 0.00244516 0.00570574 0.00234445 0.00548062 7.68287e-05 0.00226762 0.000354562 0.00512606 0.000294937 0.00477175
 3.49 0.00267405 0.00581035 0.00256083 0.00555828 8.63965e-05 0.00247444 0.000389628 0.00516865 0.000326226 0.00486519
 3.5 0.00293649 0.00603239 0.00280712 0.00573006 9.76527e-05 0.00270947 0.000449768 0.00528029 0.000379275 0.00501645
 3.51 0.0032159 0.00645057 0.00306569 0.00604283 0.000110888 0.0029548 0.000494721 0.00554811 0.000424856 0.00529341
 3.52 0.00349458 0.00585282 0.00331771 0.00536113 0.000127519 0.00319019 0.000344435 0.0050167 0.000316866 0.00490652
 3.53 0.00380239 0.00421463 0.00358978 0.00383258 0.000151177 0.0034386 0.000168968 0.00366361 0.000174592 0.00382326
 3.54 0.0042258 0.00385414 0.00395778 0.00353031 0.000187676 0.0037701 0.000200227 0.00333009 0.000196693 0.00357285
 3.55 0.0049053 0.00427279 0.004528 0.00389498 0.000247883 0.00428012 0.000299274 0.00359571 0.000276801 0.00382943
 3.56 0.00625965 0.00548916 0.00553277 0.00480383 0.000363162 0.00516961 0.000459197 0.00434463 0.00040418 0.00450842
 3.57 0.0180031 0.0162954 0.00960045 0.0087526 0.0016517 0.00794875 0.00177965 0.00697295 0.00155067 0.00688534
 3.58 0.00951924 0.00834681 0.00772953 0.00668101 0.000346982 0.00738255 0.000532121 0.00614888 0.000379369 0.00585613
 3.59 0.00844364 0.00706502 0.00760312 0.00632908 0.000109912 0.00749321 0.000261776 0.00606731 0.000197525 0.00523407
 3.6 0.0109141 0.00851393 0.0100383 0.00779767 0.000163315 0.00987503 0.000304254 0.00749342 0.000250066 0.00620072
 3.61 0.0150829 0.00813648 0.0139142 0.0074251 0.00027515 0.013639 0.000328321 0.00709678 0.000314406 0.00761824
 3.62 0.019803 0.00732576 0.0181868 0.00661933 0.000420116 0.0177667 0.000350345 0.00626899 0.000390285 0.00939808
 3.63 0.0197569 0.00781442 0.0179746 0.00697316 0.000485342 0.0174893 0.000397149 0.00657601 0.000443905 0.00986884
 3.64 0.0140689 0.0105237 0.0126365 0.00923629 0.000412034 0.0122245 0.000467752 0.00876854 0.000458455 0.00951914
 3.65 0.0099824 0.0197279 0.00886361 0.0169841 0.000340991 0.00852262 0.000541203 0.0164429 0.000471008 0.0131821
 3.66 0.00931748 0.0193129 0.00825893 0.0163969 0.000331621 0.00792731 0.000718501 0.0156784 0.000566572 0.0120834
 3.67 0.0119148 0.0110503 0.0106552 0.00962349 0.000390786 0.0102644 0.00119411 0.00842938 0.000886817 0.00752799
 3.68 0.0180934 0.00957898 0.0163654 0.00860805 0.000523443 0.0158419 0.00135667 0.00725138 0.00102384 0.00777439
 3.69 0.0248134 0.0108695 0.0226182 0.0098897 0.000643755 0.0219744 0.00150892 0.00838078 0.00113361 0.00958466
 3.7 0.0246845 0.015132 0.0225276 0.0137721 0.000574505 0.021953 0.00181882 0.0119533 0.00128884 0.0117167
 3.71 0.0217801 0.0181689 0.0197474 0.0164784 0.000427381 0.01932 0.00172101 0.0147574 0.00117148 0.0131622
 3.72 0.0200283 0.0141782 0.0180462 0.0128617 0.000386009 0.0176601 0.0009892 0.0118725 0.000711624 0.011794
 3.73 0.0136504 0.00991641 0.0122599 0.00905779 0.000350287 0.0119096 0.000532132 0.00852566 0.000429867 0.00861911
 3.74 0.00889116 0.00778668 0.00794841 0.00716473 0.000272463 0.00767595 0.000315576 0.00684915 0.000267699 0.0067323
 3.75 0.00748344 0.00705277 0.00670404 0.00651451 0.000224469 0.00647957 0.0002097 0.00630481 0.000180847 0.00621182
 3.76 0.0083539 0.00747922 0.00752207 0.00692294 0.000214812 0.00730726 0.000190883 0.00673206 0.000176427 0.00665168
 3.77 0.011999 0.00956884 0.0108139 0.00886408 0.000245177 0.0105687 0.000215395 0.00864869 0.000209411 0.00853594
 3.78 0.0203728 0.014887 0.0182795 0.0137819 0.000329249 0.0179503 0.000293874 0.013488 0.000284435 0.0130771
 3.79 0.022324 0.0239129 0.0198718 0.0220918 0.00033338 0.0195384 0.000447308 0.0216445 0.000397272 0.0190404
 3.8 0.0115891 0.0219392 0.0102175 0.0201668 0.000205341 0.0100121 0.000464233 0.0197025 0.000377672 0.0162715
 3.81 0.00600985 0.0118174 0.00524086 0.0107803 0.000141327 0.00509953 0.000322801 0.0104575 0.000259538 0.00882689
 3.82 0.00379723 0.00664137 0.00326564 0.00599621 0.000114481 0.00315116 0.000236613 0.0057596 0.000195702 0.00511258
 3.83 0.00281364 0.004432 0.00237177 0.00394435 9.99532e-05 0.00227181 0.000193619 0.00375073 0.000165902 0.00352012
 3.84 0.00234596 0.00342666 0.00191672 0.00298587 8.94072e-05 0.00182731 0.000168638 0.00281723 0.000149461 0.00277414
 3.85 0.00216873 0.00298892 0.00168276 0.00251825 7.97189e-05 0.00160305 0.000150695 0.00236755 0.000138659 0.00240272
 3.86 0.00228969 0.0029644 0.00162082 0.00235125 6.96778e-05 0.00155115 0.000134976 0.00221628 0.000132466 0.00224209
 3.87 0.00324903 0.00377222 0.00191436 0.00261787 6.02604e-05 0.0018541 0.000119803 0.00249807 0.000144759 0.00233079
 3.88 0.0165793 0.0151023 0.00655446 0.00685822 8.19351e-05 0.00647253 0.000117003 0.00674122 0.000615107 0.00556281
 3.89 0.0083751 0.00627975 0.00310496 0.00236445 6.00065e-05 0.00304495 8.00976e-05 0.00228435 8.51147e-05 0.00262799
 3.9 0.0157437 0.0157804 0.00735206 0.00776632 5.83953e-05 0.00729366 0.000100604 0.00766572 0.000120063 0.00661816
 3.91 0.0279361 0.0229406 0.0147274 0.0147798 0.000400738 0.0143266 0.000117587 0.0146622 0.000617639 0.0126366
 3.92 0.0133258 0.00831439 0.00639173 0.0043276 0.000209552 0.00618218 0.000223627 0.00410397 0.000244986 0.00362203
 3.93 0.008767 0.00995867 0.00331948 0.00594415 0.000157586 0.00316189 0.000254396 0.00568976 0.000172638 0.00340163
 3.94 0.0189887 0.0163401 0.0105556 0.00765426 0.00032998 0.0102256 0.000286837 0.00736742 0.000232773 0.0037093
 3.95 0.0301149 0.0268922 0.00802187 0.00732523 0.000343986 0.00767788 0.000341928 0.0069833 0.000415409 0.00659022
 3.96 0.0175984 0.0596721 0.00456495 0.0154899 0.000157574 0.00440737 0.000475625 0.0150143 0.000782779 0.0130138
 3.97 0.00931197 0.0127094 0.00439804 0.00417992 0.000210087 0.00418795 0.000199436 0.00398049 0.000188766 0.00359665
 3.98 0.0110489 0.0161128 0.00536006 0.00489029 0.000185038 0.00517502 0.000185354 0.00470494 0.000140044 0.00308502
 3.99 0.00433136 0.00458425 0.00245858 0.00197239 0.000117337 0.00234124 0.000117408 0.00185499 9.02187e-05 0.000890525
 4 0.0173822 0.021667 0.00200163 0.00347445 9.03531e-05 0.00191128 8.93356e-05 0.00338511 0.000110658 0.00140995
