 Energy(eV)     NS_eels     NN_eels     NS_cat     NN_cat     NS_CL_left     NS_CL_right     NN_CL_left     NN_CL_right     both_left     both_right
 3 0.00146315 0.00107797 0.00120907 0.000862505 1.60951e-05 0.00119298 8.27887e-05 0.000779716 1.43422e-05 0.000318777
 3.01 0.00152091 0.0011149 0.00125717 0.00089285 1.66539e-05 0.00124051 8.70042e-05 0.000805846 1.46151e-05 0.000326986
 3.02 0.00157964 0.00115348 0.00130586 0.000924512 1.72443e-05 0.00128862 9.144e-05 0.000833072 1.48977e-05 0.000335562
 3.03 0.00163853 0.00119379 0.00135443 0.000957532 1.78679e-05 0.00133656 9.60996e-05 0.000861433 1.51906e-05 0.00034453
 3.04 0.00169652 0.00123586 0.00140192 0.00099195 1.85263e-05 0.00138339 0.000100985 0.000890965 1.54941e-05 0.000353917
 3.05 0.00175234 0.00127978 0.00144719 0.0010278 1.92206e-05 0.00142797 0.000106096 0.000921708 1.5809e-05 0.000363753
 3.06 0.00180449 0.00132559 0.00148894 0.00106513 1.99515e-05 0.00146899 0.000111432 0.000953701 1.61359e-05 0.000374072
 3.07 0.00185141 0.00137335 0.00152579 0.00110397 2.07195e-05 0.00150507 0.000116987 0.000986985 1.64753e-05 0.000384908
 3.08 0.00189151 0.00142314 0.00155635 0.00114436 2.15243e-05 0.00153483 0.000122756 0.0010216 1.68282e-05 0.000396303
 3.09 0.00192341 0.00147502 0.00157945 0.00118633 2.23657e-05 0.00155708 0.000128728 0.0010576 1.71951e-05 0.000408299
 3.1 0.00194611 0.00152907 0.00159423 0.00122992 2.32431e-05 0.00157098 0.000134892 0.00109503 1.75771e-05 0.000420946
 3.11 0.00195917 0.00158535 0.00160033 0.00127518 2.41565e-05 0.00157618 0.000141233 0.00113395 1.7975e-05 0.000434298
 3.12 0.00196281 0.00164396 0.001598 0.00132216 2.51064e-05 0.00157289 0.000147733 0.00117442 1.83899e-05 0.000448412
 3.13 0.00195796 0.00170502 0.00158807 0.0013709 2.60943e-05 0.00156197 0.000154372 0.00121653 1.88229e-05 0.000463355
 3.14 0.00194615 0.00176862 0.00157189 0.00142148 2.7123e-05 0.00154477 0.000161127 0.00126035 1.92753e-05 0.000479199
 3.15 0.00192935 0.00183493 0.00155121 0.00147398 2.8197e-05 0.00152301 0.000167974 0.00130601 1.97484e-05 0.000496023
 3.16 0.00190975 0.0019041 0.00152792 0.00152849 2.93219e-05 0.0014986 0.000174888 0.00135361 2.02437e-05 0.000513914
 3.17 0.00188956 0.00197633 0.00150393 0.00158514 3.05048e-05 0.00147342 0.00018184 0.0014033 2.07631e-05 0.000532968
 3.18 0.00187081 0.00205185 0.00148095 0.00164405 3.1754e-05 0.00144919 0.000188805 0.00145524 2.13081e-05 0.000553286
 3.19 0.00185523 0.00213093 0.00146045 0.00170538 3.30787e-05 0.00142737 0.000195756 0.00150962 2.18808e-05 0.000574976
 3.2 0.00184426 0.00221384 0.0014436 0.0017693 3.44888e-05 0.00140911 0.000202667 0.00156663 2.24833e-05 0.000598151
 3.21 0.00183896 0.00230092 0.00143126 0.00183599 3.59951e-05 0.00139526 0.000209516 0.00162648 2.31175e-05 0.000622923
 3.22 0.00184015 0.00239248 0.00142402 0.00190564 3.76091e-05 0.00138641 0.000216282 0.00168936 2.37856e-05 0.000649398
 3.23 0.00184837 0.00248887 0.00142228 0.00197841 3.93432e-05 0.00138294 0.000222952 0.00175545 2.44894e-05 0.000677665
 3.24 0.00186404 0.00259037 0.00142626 0.0020544 4.12106e-05 0.00138505 0.000229514 0.00182489 2.52304e-05 0.00070778
 3.25 0.00188743 0.0026972 0.00143609 0.00213365 4.32255e-05 0.00139286 0.000235967 0.00189768 2.60092e-05 0.000739748
 3.26 0.00191879 0.00280946 0.00145181 0.00221605 4.54034e-05 0.0014064 0.000242315 0.00197374 2.68254e-05 0.000773489
 3.27 0.00195832 0.00292704 0.00147345 0.00230129 4.7761e-05 0.00142569 0.000248576 0.00205272 2.76768e-05 0.000808807
 3.28 0.00200626 0.00304958 0.00150101 0.00238882 5.03162e-05 0.0014507 0.000254778 0.00213404 2.85584e-05 0.000845342
 3.29 0.00206291 0.0031764 0.00153453 0.00247774 5.30883e-05 0.00148144 0.000260964 0.00221678 2.94622e-05 0.000882531
 3.3 0.00212861 0.00330649 0.00157401 0.00256687 5.60975e-05 0.00151791 0.000267187 0.00229968 3.03763e-05 0.000919577
 3.31 0.00220379 0.00343862 0.00161951 0.00265471 5.9365e-05 0.00156014 0.000273509 0.0023812 3.12848e-05 0.000955446
 3.32 0.00228897 0.00357151 0.00167105 0.00273965 6.29121e-05 0.00160814 0.000279978 0.00245967 3.21686e-05 0.000988921
 3.33 0.00238477 0.00370417 0.00172868 0.00282017 6.67594e-05 0.00166192 0.000286598 0.00253357 3.30073e-05 0.00101872
 3.34 0.0024919 0.00383638 0.00179237 0.00289517 7.0926e-05 0.00172144 0.000293275 0.0026019 3.37829e-05 0.00104368
 3.35 0.00261122 0.00396894 0.00186206 0.00296419 7.54279e-05 0.00178663 0.000299718 0.00266447 3.4484e-05 0.00106298
 3.36 0.00274379 0.00410368 0.00193765 0.00302727 8.02774e-05 0.00185737 0.000305306 0.00272196 3.51105e-05 0.00107632
 3.37 0.00289097 0.00424257 0.00201899 0.00308435 8.54817e-05 0.00193351 0.00030891 0.00277544 3.56771e-05 0.00108406
 3.38 0.00305473 0.00438555 0.00210608 0.00313381 9.10432e-05 0.00201504 0.00030874 0.00282507 3.62157e-05 0.00108717
 3.39 0.00323802 0.00452719 0.00219925 0.00317072 9.69587e-05 0.00210229 0.000302497 0.00286823 3.67753e-05 0.00108712
 3.4 0.0034455 0.00465447 0.00229954 0.0031866 0.000103216 0.00219632 0.000288412 0.00289818 3.74216e-05 0.00108572
 3.41 0.00368437 0.00475264 0.00240912 0.00317487 0.000109781 0.00229934 0.000267631 0.00290724 3.82336e-05 0.00108501
 3.42 0.0039655 0.00482454 0.00253172 0.00314301 0.000116563 0.00241516 0.000246203 0.00289681 3.92957e-05 0.00108717
 3.43 0.00430447 0.00490762 0.00267267 0.00311804 0.000123341 0.00254933 0.000232503 0.00288554 4.06771e-05 0.00109442
 3.44 0.00472245 0.00506056 0.00283839 0.00313171 0.000129638 0.00270875 0.000230922 0.00290079 4.2384e-05 0.00110866
 3.45 0.00524595 0.00533294 0.0030345 0.00320052 0.00013457 0.00289993 0.000239382 0.00296114 4.42653e-05 0.00113046
 3.46 0.00590417 0.00575191 0.00326181 0.00331999 0.000136853 0.00312495 0.000252286 0.0030677 4.58945e-05 0.00115752
 3.47 0.00672293 0.00632421 0.00351022 0.00346707 0.000135456 0.00337477 0.000264207 0.00320286 4.65513e-05 0.00118411
 3.48 0.00771244 0.00703339 0.0037561 0.00360428 0.000131144 0.00362496 0.000272673 0.00333161 4.54467e-05 0.00120423
 3.49 0.00879476 0.00778011 0.00397039 0.00369149 0.000125817 0.00384457 0.000278355 0.00341314 4.21858e-05 0.00121608
 3.5 0.00963722 0.008245 0.00415888 0.00372516 0.00011538 0.0040435 0.000277772 0.00344739 3.73196e-05 0.00122162
 3.51 0.0101219 0.008324 0.00443043 0.00380224 9.99266e-05 0.0043305 0.000270865 0.00353138 3.22484e-05 0.00122241
 3.52 0.010737 0.00849968 0.00484308 0.00400236 9.52044e-05 0.00474788 0.000272959 0.0037294 2.82109e-05 0.00121771
 3.53 0.0116001 0.00900883 0.00528802 0.00430844 0.000104989 0.00518303 0.00028841 0.00402003 2.56467e-05 0.00120687
 3.54 0.0124003 0.00978022 0.00558923 0.00468385 0.000122209 0.00546702 0.000311831 0.00437202 2.44034e-05 0.00119283
 3.55 0.0127583 0.0105784 0.00558954 0.00504751 0.000138631 0.00545091 0.000339164 0.00470835 2.42668e-05 0.00118161
 3.56 0.0125213 0.0110155 0.00526809 0.00524762 0.000148619 0.00511948 0.000372007 0.00487561 2.53527e-05 0.00117862
 3.57 0.0119241 0.0108422 0.00479276 0.00518972 0.00015167 0.00464109 0.000416537 0.00477318 2.8192e-05 0.00118628
 3.58 0.0114024 0.0102707 0.00440078 0.00498012 0.000151358 0.00424942 0.000474632 0.00450549 3.35732e-05 0.00120516
 3.59 0.0112985 0.00972691 0.00425761 0.00481082 0.000151652 0.00410596 0.000539027 0.00427179 4.22696e-05 0.00123789
 3.6 0.0117566 0.00946713 0.00442748 0.0047864 0.000154628 0.00427285 0.000599992 0.00418641 5.487e-05 0.0012944
 3.61 0.0127384 0.00954918 0.00489594 0.00491634 0.000160042 0.0047359 0.000652013 0.00426433 7.1891e-05 0.00139488
 3.62 0.0140192 0.00993745 0.00557017 0.00516922 0.000165364 0.0054048 0.000692972 0.00447625 9.38619e-05 0.00156561
 3.63 0.0151826 0.0105351 0.00626673 0.0054909 0.000166304 0.00610042 0.000718547 0.00477235 0.000120743 0.00182441
 3.64 0.0157538 0.0111534 0.0067575 0.00579222 0.000158951 0.00659855 0.000718115 0.0050741 0.000150774 0.00215954
 3.65 0.0154944 0.0115268 0.00689881 0.00595971 0.000142892 0.00675592 0.000679494 0.00528022 0.000180139 0.00252189
 3.66 0.0145751 0.0114758 0.00672559 0.00593151 0.000121825 0.00660377 0.000603629 0.00532789 0.00020426 0.00284494
 3.67 0.0134189 0.0110822 0.00640244 0.00576592 0.00010074 0.0063017 0.000511622 0.0052543 0.000219323 0.00307118
 3.68 0.0124117 0.0106087 0.00610042 0.00558996 8.32142e-05 0.0060172 0.000429997 0.00515996 0.00022313 0.0031644
 3.69 0.0117378 0.0102774 0.00591103 0.00549841 7.08003e-05 0.00584023 0.000373614 0.0051248 0.00021592 0.00311769
 3.7 0.0113705 0.0101702 0.00582614 0.00551669 6.3595e-05 0.00576255 0.000343448 0.00517324 0.000200473 0.00295646
 3.71 0.0111347 0.0102426 0.00575936 0.00560943 6.0823e-05 0.00569853 0.000332469 0.00527697 0.000180499 0.00272242
 3.72 0.0108008 0.0103561 0.00559403 0.00569349 6.10947e-05 0.00553294 0.00033079 0.0053627 0.000158859 0.00245237
 3.73 0.0102113 0.0103254 0.00525329 0.00566233 6.26454e-05 0.00519064 0.000328652 0.00533368 0.000137275 0.00217252
 3.74 0.00937274 0.0100087 0.00475057 0.00543807 6.38867e-05 0.00468668 0.000319078 0.00511899 0.000116907 0.0019028
 3.75 0.00842409 0.00939817 0.00416977 0.00502321 6.39561e-05 0.00410582 0.00030019 0.00472302 9.86539e-05 0.0016581
 3.76 0.00752433 0.00861878 0.00360118 0.00449619 6.27459e-05 0.00353843 0.000274862 0.00422133 8.3054e-05 0.00144632
 3.77 0.00677742 0.00783551 0.00310018 0.00395417 6.05282e-05 0.00303965 0.000247627 0.00370654 7.02024e-05 0.00126857
 3.78 0.00622808 0.00717174 0.00268594 0.00346486 5.7614e-05 0.00262832 0.000221899 0.00324297 5.98527e-05 0.00112162
 3.79 0.00588901 0.00669207 0.00235647 0.00305732 5.42133e-05 0.00230225 0.000199206 0.00285811 5.15965e-05 0.00100044
 3.8 0.00576759 0.0064248 0.00210215 0.00273486 5.04316e-05 0.00205172 0.000179698 0.00255517 4.50066e-05 0.000899984
 3.81 0.00588548 0.00639056 0.00191357 0.00248971 4.63227e-05 0.00186724 0.000162839 0.00232687 3.971e-05 0.000815873
 3.82 0.00629598 0.00662619 0.00178575 0.0023123 4.19693e-05 0.00174378 0.000147876 0.00216443 3.54138e-05 0.000744749
 3.83 0.00710374 0.0072049 0.00172133 0.00219607 3.76044e-05 0.00168373 0.000134107 0.00206196 3.19159e-05 0.000684424
 3.84 0.00847279 0.00824338 0.00173315 0.00213847 3.37856e-05 0.00169936 0.000121089 0.00201738 2.91291e-05 0.000634296
 3.85 0.0105199 0.00982196 0.00183747 0.00213454 3.14972e-05 0.00180597 0.000108933 0.00202561 2.71513e-05 0.000596442
 3.86 0.0128819 0.0116789 0.0020136 0.00216244 3.167e-05 0.00198193 9.85318e-05 0.00206391 2.64135e-05 0.00057797
 3.87 0.0147023 0.0132402 0.00219111 0.00221721 3.50858e-05 0.00215603 9.11894e-05 0.00212602 2.78435e-05 0.000593759
 3.88 0.0160025 0.0145148 0.00238642 0.00234845 4.56086e-05 0.00234081 8.92753e-05 0.00225918 3.25609e-05 0.000659811
 3.89 0.0170196 0.0155031 0.00261659 0.00249792 6.62679e-05 0.00255032 9.59662e-05 0.00240196 4.06471e-05 0.000763309
 3.9 0.0175032 0.0161847 0.00274549 0.00255487 8.91736e-05 0.00265632 0.000110261 0.00244461 5.00946e-05 0.000850623
 3.91 0.0180024 0.0173076 0.00277957 0.00257315 0.000104173 0.00267539 0.000125946 0.00244721 5.78426e-05 0.000875365
 3.92 0.0192666 0.0194702 0.00288431 0.00259177 0.000110617 0.00277369 0.000138202 0.00245357 6.40617e-05 0.000851266
 3.93 0.0207276 0.0220723 0.00301919 0.00252787 0.000115147 0.00290404 0.000143807 0.00238406 6.94183e-05 0.000820565
 3.94 0.0209314 0.0237253 0.00306366 0.0023804 0.00012075 0.00294291 0.000140046 0.00224036 7.03159e-05 0.000794476
 3.95 0.0194203 0.0235152 0.00300821 0.00222258 0.000122094 0.00288611 0.000129686 0.0020929 6.50898e-05 0.00074995
 3.96 0.0173529 0.0217626 0.00286366 0.00206135 0.000115649 0.00274801 0.000117807 0.00194354 5.6106e-05 0.000672342
 3.97 0.0157291 0.0195597 0.0026415 0.00188135 0.000103571 0.00253793 0.000105231 0.00177612 4.70768e-05 0.000582963
 3.98 0.0150858 0.0181415 0.00237498 0.00168924 8.97846e-05 0.00228519 9.13695e-05 0.00159787 3.99414e-05 0.000505218
 3.99 0.0156717 0.0183458 0.00214261 0.0015093 7.70694e-05 0.00206554 7.76801e-05 0.00143162 3.48354e-05 0.00044652
 4 0.0166998 0.0196562 0.0019899 0.00134814 6.74756e-05 0.00192242 6.67147e-05 0.00128143 3.16099e-05 0.000408726
