 Energy(eV)     NS_eels     NN_eels     NS_cat     NN_cat     NS_CL_left     NS_CL_right     NN_CL_left     NN_CL_right     both_left     both_right
 2.5 0.000339487 0.000271074 0.00030207 0.00023553 5.19866e-06 0.000296871 1.41008e-05 0.000221429 1.07646e-05 0.000222748
 2.51 0.000345012 0.000275454 0.000307981 0.000240332 5.28372e-06 0.000302697 1.44189e-05 0.000225913 1.10055e-05 0.000227265
 2.52 0.00035072 0.00027998 0.000314065 0.000245269 5.37109e-06 0.000308694 1.47491e-05 0.00023052 1.12557e-05 0.000231913
 2.53 0.00035662 0.000284659 0.000320328 0.000250348 5.46085e-06 0.000314867 1.50923e-05 0.000235256 1.15155e-05 0.000236696
 2.54 0.00036272 0.000289496 0.00032678 0.000255575 5.5531e-06 0.000321227 1.54492e-05 0.000240125 1.17856e-05 0.000241621
 2.55 0.000369028 0.000294498 0.000333429 0.000260955 5.64795e-06 0.000327781 1.58206e-05 0.000245134 1.20666e-05 0.000246694
 2.56 0.000375555 0.000299671 0.000340285 0.000266495 5.7455e-06 0.00033454 1.62074e-05 0.000250287 1.2359e-05 0.000251922
 2.57 0.000382311 0.000305022 0.000347358 0.000272202 5.84586e-06 0.000341512 1.66105e-05 0.000255592 1.26637e-05 0.000257311
 2.58 0.000389306 0.000310559 0.000354658 0.000278085 5.94916e-06 0.000348709 1.70309e-05 0.000261054 1.29812e-05 0.000262869
 2.59 0.000396552 0.00031629 0.000362198 0.000284151 6.05552e-06 0.000356142 1.74697e-05 0.000266681 1.33125e-05 0.000268604
 2.6 0.000404061 0.000322223 0.000369989 0.000290407 6.16507e-06 0.000363824 1.79279e-05 0.000272479 1.36584e-05 0.000274524
 2.61 0.000411848 0.000328367 0.000378045 0.000296864 6.27795e-06 0.000371767 1.8407e-05 0.000278457 1.40197e-05 0.000280638
 2.62 0.000419926 0.000334731 0.000386379 0.00030353 6.39431e-06 0.000379985 1.8908e-05 0.000284622 1.43974e-05 0.000286956
 2.63 0.00042831 0.000341325 0.000395008 0.000310416 6.5143e-06 0.000388493 1.94326e-05 0.000290983 1.47927e-05 0.000293488
 2.64 0.000437017 0.00034816 0.000403946 0.000317531 6.63808e-06 0.000397308 1.99821e-05 0.000297549 1.52065e-05 0.000300244
 2.65 0.000446065 0.000355247 0.000413213 0.000324888 6.76583e-06 0.000406447 2.05583e-05 0.00030433 1.56402e-05 0.000307236
 2.66 0.000455473 0.000362598 0.000422826 0.000332497 6.89773e-06 0.000415928 2.11629e-05 0.000311334 1.6095e-05 0.000314476
 2.67 0.000465262 0.000370226 0.000432806 0.000340372 7.03398e-06 0.000425772 2.17977e-05 0.000318575 1.65723e-05 0.000321977
 2.68 0.000475453 0.000378144 0.000443175 0.000348526 7.17476e-06 0.000436 2.24648e-05 0.000326061 1.70736e-05 0.000329752
 2.69 0.000486072 0.000386366 0.000453956 0.000356973 7.32032e-06 0.000446636 2.31664e-05 0.000333806 1.76006e-05 0.000337817
 2.7 0.000497144 0.000394908 0.000465176 0.000365727 7.47087e-06 0.000457705 2.39048e-05 0.000341823 1.8155e-05 0.000346188
 2.71 0.000508698 0.000403785 0.000476862 0.000374806 7.62665e-06 0.000469235 2.46825e-05 0.000350123 1.87386e-05 0.000354881
 2.72 0.000520765 0.000413015 0.000489044 0.000384225 7.78794e-06 0.000481256 2.55023e-05 0.000358723 1.93536e-05 0.000363914
 2.73 0.000533377 0.000422616 0.000501756 0.000394004 7.95501e-06 0.000493801 2.63671e-05 0.000367636 2.0002e-05 0.000373307
 2.74 0.000546572 0.000432607 0.000515033 0.00040416 8.12816e-06 0.000506905 2.728e-05 0.00037688 2.06862e-05 0.000383082
 2.75 0.000560389 0.00044301 0.000528914 0.000414714 8.3077e-06 0.000520606 2.82444e-05 0.00038647 2.14088e-05 0.000393259
 2.76 0.000574872 0.000453845 0.000543442 0.000425689 8.49397e-06 0.000534948 2.9264e-05 0.000396425 2.21724e-05 0.000403864
 2.77 0.000590068 0.000465136 0.000558663 0.000437107 8.68735e-06 0.000549975 3.03426e-05 0.000406764 2.29801e-05 0.000414922
 2.78 0.000606029 0.000476908 0.000574627 0.000448992 8.88822e-06 0.000565739 3.14845e-05 0.000417507 2.3835e-05 0.000426461
 2.79 0.000622811 0.000489188 0.000591392 0.00046137 9.097e-06 0.000582295 3.26942e-05 0.000428676 2.47405e-05 0.000438511
 2.8 0.000640479 0.000502002 0.000609017 0.000474269 9.31416e-06 0.000599703 3.39766e-05 0.000440292 2.57002e-05 0.000451105
 2.81 0.000659099 0.000515381 0.00062757 0.000487718 9.54018e-06 0.00061803 3.53368e-05 0.000452381 2.67182e-05 0.000464276
 2.82 0.000678747 0.000529357 0.000647124 0.000501749 9.7756e-06 0.000637348 3.67805e-05 0.000464968 2.77986e-05 0.000478064
 2.83 0.000699505 0.000543962 0.00066776 0.000516393 1.0021e-05 0.000657739 3.83135e-05 0.000478079 2.8946e-05 0.000492508
 2.84 0.000721464 0.000559231 0.000689566 0.000531686 1.0277e-05 0.000679289 3.99424e-05 0.000491743 3.01653e-05 0.000507651
 2.85 0.000744723 0.000575203 0.00071264 0.000547664 1.05443e-05 0.000702095 4.1674e-05 0.00050599 3.14618e-05 0.000523541
 2.86 0.000769392 0.000591917 0.000737088 0.000564367 1.08237e-05 0.000726264 4.35155e-05 0.000520852 3.28411e-05 0.000540229
 2.87 0.000795588 0.000609415 0.000763026 0.000581836 1.11159e-05 0.00075191 4.54747e-05 0.000536362 3.43091e-05 0.000557769
 2.88 0.000823444 0.00062774 0.000790582 0.000600114 1.14219e-05 0.00077916 4.75597e-05 0.000552554 3.58722e-05 0.000576218
 2.89 0.000853099 0.000646939 0.000819894 0.000619246 1.17426e-05 0.000808151 4.97793e-05 0.000569467 3.75372e-05 0.000595641
 2.9 0.000884706 0.00066706 0.00085111 0.00063928 1.20793e-05 0.000839031 5.21427e-05 0.000587137 3.93114e-05 0.000616104
 2.91 0.00091843 0.000688155 0.000884391 0.000660267 1.2433e-05 0.000871958 5.46594e-05 0.000605607 4.12023e-05 0.000637677
 2.92 0.000954443 0.000710275 0.000919906 0.000682257 1.28052e-05 0.000907101 5.73395e-05 0.000624918 4.32178e-05 0.000660436
 2.93 0.000992925 0.000733477 0.00095783 0.000705307 1.31972e-05 0.000944633 6.01934e-05 0.000645114 4.53665e-05 0.000684459
 2.94 0.00103406 0.000757818 0.000998342 0.000729471 1.36109e-05 0.000984732 6.32319e-05 0.000666239 4.76571e-05 0.000709827
 2.95 0.00107803 0.000783357 0.00104162 0.000754808 1.40479e-05 0.00102757 6.64661e-05 0.000688342 5.00985e-05 0.000736621
 2.96 0.00112499 0.000810154 0.00108782 0.000781378 1.45103e-05 0.00107331 6.99073e-05 0.000711471 5.27002e-05 0.000764922
 2.97 0.0011751 0.000838271 0.00113708 0.000809242 1.50003e-05 0.00112208 7.35666e-05 0.000735675 5.54716e-05 0.000794804
 2.98 0.00122842 0.000867773 0.00118948 0.000838462 1.55203e-05 0.00117396 7.74554e-05 0.000761006 5.84223e-05 0.000826335
 2.99 0.00128498 0.000898723 0.00124503 0.0008691 1.60728e-05 0.00122896 8.15844e-05 0.000787516 6.15617e-05 0.000859564
 3 0.00134467 0.000931186 0.00130362 0.00090122 1.66606e-05 0.00128696 8.59643e-05 0.000815256 6.48992e-05 0.000894516
 3.01 0.0014072 0.000965225 0.00136499 0.000934885 1.72862e-05 0.00134771 9.06047e-05 0.000844281 6.84436e-05 0.000931183
 3.02 0.00147209 0.00100091 0.00142865 0.000970158 1.79525e-05 0.0014107 9.55142e-05 0.000874643 7.22032e-05 0.000969505
 3.03 0.00153854 0.00103829 0.00149381 0.0010071 1.86617e-05 0.00147515 0.0001007 0.000906399 7.61852e-05 0.00100936
 3.04 0.0016054 0.00107744 0.00155935 0.00104577 1.9416e-05 0.00153993 0.000106169 0.000939601 8.03956e-05 0.00105055
 3.05 0.0016711 0.00111841 0.00162373 0.00108623 2.02163e-05 0.00160352 0.000111923 0.000974307 8.4839e-05 0.00109277
 3.06 0.00173366 0.00116127 0.00168502 0.00112854 2.10627e-05 0.00166396 0.000117965 0.00101057 8.95176e-05 0.00113566
 3.07 0.00179071 0.00120608 0.0017409 0.00117275 2.19541e-05 0.00171894 0.000124292 0.00104845 9.44317e-05 0.00117874
 3.08 0.00183966 0.00125289 0.00178883 0.00121891 2.28874e-05 0.00176595 0.0001309 0.00108801 9.95785e-05 0.0012215
 3.09 0.00187796 0.00130175 0.00182634 0.0012671 2.38588e-05 0.00180248 0.000137781 0.00112932 0.000104953 0.00126345
 3.1 0.00190345 0.00135274 0.00185129 0.00131736 2.4863e-05 0.00182643 0.000144923 0.00117243 0.000110546 0.00130417
 3.11 0.00191471 0.00140592 0.00186233 0.00136976 2.58953e-05 0.00183644 0.00015231 0.00121745 0.000116347 0.00134343
 3.12 0.00191146 0.00146136 0.00185917 0.00142437 2.69519e-05 0.00183222 0.000159922 0.00126445 0.000122342 0.00138126
 3.13 0.00189462 0.00151915 0.00184274 0.00148128 2.80314e-05 0.00181471 0.000167736 0.00131354 0.000128516 0.00141795
 3.14 0.00186631 0.0015794 0.00181509 0.00154059 2.91356e-05 0.00178595 0.000175725 0.00136487 0.000134849 0.0014541
 3.15 0.00182947 0.00164225 0.00177912 0.00160243 3.02701e-05 0.00174885 0.000183858 0.00141857 0.000141324 0.00149048
 3.16 0.00178751 0.00170784 0.00173817 0.00166695 3.14437e-05 0.00170672 0.000192102 0.00147485 0.000147919 0.00152802
 3.17 0.00174383 0.00177639 0.00169554 0.00173436 3.2668e-05 0.00166287 0.000200423 0.00153393 0.000154613 0.00156766
 3.18 0.00170146 0.00184814 0.00165421 0.00180488 3.39565e-05 0.00162025 0.000208786 0.0015961 0.000161385 0.00161031
 3.19 0.00166288 0.0019234 0.0016166 0.00187883 3.53241e-05 0.00158128 0.000217154 0.00166168 0.000168212 0.00165678
 3.2 0.00162996 0.00200254 0.00158452 0.00195655 3.67864e-05 0.00154774 0.000225494 0.00173106 0.000175075 0.00170781
 3.21 0.00160395 0.00208598 0.00155921 0.00203847 3.83597e-05 0.00152085 0.000233775 0.00180469 0.000181953 0.00176406
 3.22 0.00158565 0.00217422 0.00154143 0.00212505 4.00607e-05 0.00150137 0.00024197 0.00188308 0.00018883 0.00182611
 3.23 0.00157547 0.00226781 0.00153159 0.00221684 4.1907e-05 0.00148968 0.000250056 0.00196678 0.000195693 0.00189451
 3.24 0.00157359 0.0023673 0.00152985 0.00231437 4.39174e-05 0.00148593 0.000258021 0.00205635 0.000202536 0.00196978
 3.25 0.00158005 0.00247327 0.00153623 0.00241818 4.61123e-05 0.00149012 0.000265858 0.00215232 0.000209359 0.00205238
 3.26 0.0015948 0.00258616 0.0015507 0.0025287 4.85144e-05 0.00150218 0.000273578 0.00225512 0.000216171 0.00214267
 3.27 0.0016178 0.00270623 0.0015732 0.00264615 5.11488e-05 0.00152205 0.000281208 0.00236495 0.000222998 0.00224083
 3.28 0.00164906 0.00283338 0.00160373 0.00277042 5.40439e-05 0.00154969 0.0002888 0.00248162 0.000229884 0.00234673
 3.29 0.00168863 0.00296694 0.00164234 0.0029008 5.7232e-05 0.00158511 0.000296445 0.00260436 0.000236902 0.00245981
 3.3 0.00173666 0.00310552 0.00168915 0.00303588 6.07492e-05 0.00162841 0.000304281 0.0027316 0.000244164 0.00257882
 3.31 0.0017934 0.00324688 0.00174439 0.00317338 6.46364e-05 0.00167976 0.000312511 0.00286087 0.000251834 0.00270182
 3.32 0.00185917 0.00338803 0.00180834 0.0033103 6.89393e-05 0.00173941 0.000321415 0.00298889 0.000260135 0.00282616
 3.33 0.00193437 0.00352584 0.00188136 0.00344346 7.37081e-05 0.00180765 0.000331343 0.00311212 0.000269353 0.00294896
 3.34 0.00201942 0.00365814 0.0019638 0.00357057 7.89975e-05 0.00188481 0.000342687 0.00322788 0.000279811 0.00306799
 3.35 0.00211471 0.0037853 0.00205598 0.00369184 8.48659e-05 0.00197111 0.000355793 0.00333604 0.000291807 0.00318301
 3.36 0.00222053 0.00391195 0.00215806 0.00381154 9.13754e-05 0.00206669 0.000370771 0.00344077 0.000305476 0.00329725
 3.37 0.00233699 0.00404786 0.00227001 0.00393883 9.85934e-05 0.00217142 0.000387101 0.00355173 0.00032049 0.00341837
 3.38 0.0024641 0.0042064 0.00239165 0.00408618 0.0001066 0.00228505 0.000402724 0.00368346 0.000335355 0.00355794
 3.39 0.00260209 0.0043964 0.00252292 0.00426127 0.000115504 0.00240742 0.00041198 0.00384929 0.000345775 0.00372635
 3.4 0.00275228 0.00459513 0.00266483 0.00444105 0.000125479 0.00253935 0.000402181 0.00403887 0.000341757 0.0039136
 3.41 0.00291871 0.00469642 0.00282092 0.00452319 0.000136808 0.00268412 0.00035576 0.00416743 0.000308596 0.00404595
 3.42 0.00311052 0.00455381 0.0029996 0.00437115 0.000149933 0.00284967 0.000280355 0.0040908 0.000250004 0.0039991
 3.43 0.00334503 0.00426856 0.00321693 0.00408816 0.000165471 0.00305146 0.000231295 0.00385686 0.00020849 0.00381537
 3.44 0.00365193 0.00413583 0.00350035 0.00395533 0.00018408 0.00331627 0.00023816 0.00371717 0.000209294 0.00371419
 3.45 0.00408026 0.00428081 0.00389454 0.00408555 0.00020587 0.00368867 0.000280509 0.00380504 0.00023736 0.00381434
 3.46 0.00470756 0.00471829 0.00446844 0.00448547 0.000228343 0.0042401 0.00033495 0.00415052 0.000272854 0.00414455
 3.47 0.00562536 0.00546848 0.00529694 0.00516192 0.000240907 0.00505604 0.000381688 0.00478023 0.0002972 0.00472037
 3.48 0.00682821 0.00648391 0.00633817 0.00603432 0.000220256 0.00611792 0.000388436 0.00564588 0.000285536 0.00547129
 3.49 0.00873976 0.00807855 0.00771726 0.00714455 0.00017663 0.00754063 0.000339323 0.00680522 0.000252216 0.00651265
 3.5 0.019275 0.0171091 0.0121628 0.0108192 0.00159218 0.0105706 0.00167405 0.0091451 0.00144596 0.00846849
 3.51 0.00808158 0.00650278 0.00723912 0.00580521 0.000253781 0.00698533 0.00043266 0.00537255 0.000309268 0.00479108
 3.52 0.00978985 0.00700627 0.0091924 0.00655647 0.000184373 0.00900803 0.000343931 0.00621254 0.000260915 0.00582943
 3.53 0.0126439 0.00802689 0.0119784 0.00755477 0.000240739 0.0117376 0.000361169 0.0071936 0.00030401 0.00747337
 3.54 0.0159099 0.00977978 0.0150882 0.00918723 0.000340935 0.0147472 0.000399589 0.00878764 0.000369924 0.00984683
 3.55 0.01763 0.0128614 0.0166787 0.0120525 0.00042832 0.0162504 0.000427429 0.011625 0.000419414 0.0124985
 3.56 0.0156567 0.0156402 0.0147406 0.0146426 0.000428992 0.0143116 0.000424284 0.0142183 0.000415444 0.0136375
 3.57 0.0119369 0.0138664 0.011165 0.012991 0.000365153 0.0107999 0.000480179 0.0125108 0.000427602 0.0112561
 3.58 0.00930057 0.0103249 0.00864123 0.00969725 0.000308856 0.00833237 0.000646942 0.00905031 0.000515321 0.00802624
 3.59 0.00838528 0.00841469 0.00775955 0.00794189 0.000286834 0.00747271 0.000829192 0.00711269 0.000626351 0.00630241
 3.6 0.00908154 0.00785759 0.00840779 0.00746073 0.000301518 0.00810628 0.000963812 0.00649692 0.000718822 0.00586906
 3.61 0.0114367 0.00806808 0.0106296 0.0076955 0.000354305 0.0102753 0.0010587 0.00663681 0.000793124 0.00629421
 3.62 0.0155268 0.008927 0.0145017 0.00852878 0.000443364 0.0140583 0.00116247 0.00736631 0.000875003 0.0074218
 3.63 0.0204107 0.0106071 0.0191409 0.0101207 0.00053743 0.0186035 0.00131797 0.00880273 0.000981719 0.00912929
 3.64 0.0230664 0.0131456 0.0216887 0.0125016 0.000556695 0.021132 0.00150981 0.0109918 0.00108715 0.0109524
 3.65 0.0214119 0.0152888 0.0201667 0.014492 0.000466384 0.0197003 0.00155597 0.012936 0.00107541 0.0119654
 3.66 0.0173305 0.0146106 0.0163486 0.0138428 0.00033975 0.0160089 0.0012373 0.0126055 0.000834606 0.0112104
 3.67 0.0134451 0.0120466 0.0127084 0.0114607 0.000236837 0.0124715 0.000786658 0.0106741 0.000527131 0.00951781
 3.68 0.011069 0.0100616 0.0104953 0.00964209 0.000169899 0.0103254 0.000481945 0.00916014 0.000322875 0.00832928
 3.69 0.0103136 0.00918798 0.00982428 0.00887431 0.000134059 0.00969022 0.000342521 0.00853179 0.000232489 0.00791894
 3.7 0.0108129 0.00925636 0.0103505 0.00900599 0.000121354 0.0102292 0.000315206 0.00869078 0.000222395 0.00816668
 3.71 0.01198 0.0100984 0.0115101 0.00988746 0.000124424 0.0113856 0.000351799 0.00953566 0.000258256 0.00894496
 3.72 0.0127849 0.0114244 0.012305 0.0112387 0.000134055 0.012171 0.000420616 0.0108181 0.000315306 0.00995856
 3.73 0.0121168 0.0125037 0.0116599 0.0123338 0.000138106 0.0115218 0.00048779 0.011846 0.00036676 0.0105955
 3.74 0.0100917 0.0123086 0.00969179 0.0121472 0.000130949 0.00956084 0.000508999 0.0116382 0.00038041 0.0102014
 3.75 0.00781718 0.0106614 0.0074799 0.0105029 0.000117629 0.00736227 0.000468496 0.0100344 0.000348387 0.00879719
 3.76 0.00598487 0.00850525 0.00569604 0.00834565 0.000104198 0.00559184 0.000398067 0.00794758 0.000296486 0.00709913
 3.77 0.00468574 0.00665064 0.00442751 0.00648618 9.29539e-05 0.00433456 0.000331306 0.00615487 0.000248928 0.00566872
 3.78 0.00380149 0.00530503 0.00355811 0.00513161 8.3958e-05 0.00347415 0.000279764 0.00485184 0.000213108 0.00463575
 3.79 0.00320734 0.0043918 0.00296505 0.00420419 7.66355e-05 0.00288842 0.00024249 0.0039617 0.00018772 0.00393385
 3.8 0.00281688 0.00379278 0.00256183 0.00358371 7.03776e-05 0.00249145 0.000215578 0.00336814 0.000169712 0.00347047
 3.81 0.00258059 0.00342024 0.00229568 0.00317855 6.46919e-05 0.00223099 0.000195461 0.00298309 0.000156531 0.00317553
 3.82 0.00248175 0.00322692 0.00214068 0.00293343 5.92633e-05 0.00208142 0.000179445 0.00275399 0.000146529 0.00300546
 3.83 0.00254789 0.00321415 0.00209993 0.00283036 5.41364e-05 0.00204579 0.00016562 0.00266474 0.000139248 0.00294158
 3.84 0.00292465 0.00348966 0.00224031 0.00291703 5.04623e-05 0.00218985 0.000152992 0.00276404 0.000137313 0.00300563
 3.85 0.00439647 0.00468318 0.00294261 0.00352125 5.46563e-05 0.00288796 0.000143544 0.00337771 0.000161621 0.00341262
 3.86 0.0197086 0.0164691 0.0100005 0.00917357 0.000150141 0.00985036 0.000174883 0.00899869 0.000571707 0.00864946
 3.87 0.0113163 0.00850399 0.00557468 0.0042261 9.75746e-05 0.0054771 0.000119842 0.00410626 0.000135242 0.00514582
 3.88 0.0176075 0.0174752 0.0102113 0.0105928 0.000131486 0.0100798 0.000163735 0.0104291 0.000239466 0.0106054
 3.89 0.0262783 0.0213342 0.0171261 0.0154455 0.000407954 0.0167181 0.000155131 0.0152904 0.00060028 0.0134876
 3.9 0.018978 0.01321 0.0126626 0.00892756 0.00048497 0.0121777 0.000317164 0.0086104 0.000351879 0.00762785
 3.91 0.00984174 0.00885196 0.0058251 0.00577756 0.000325324 0.00549977 0.000284955 0.00549261 0.000324547 0.00486688
 3.92 0.0150724 0.01409 0.00951716 0.00897214 0.000410218 0.00910695 0.000294317 0.00867782 0.00030305 0.00503011
 3.93 0.0397035 0.0426171 0.0202442 0.0203358 0.000780203 0.019464 0.000684228 0.0196516 0.000874165 0.0195989
 3.94 0.0563738 0.0507737 0.0201605 0.0172514 0.000298849 0.0198617 0.000770501 0.0164809 0.000602212 0.0166684
 3.95 0.0224795 0.0494422 0.011659 0.0190234 0.000495272 0.0111638 0.000488201 0.0185352 0.0010655 0.0251078
 3.96 0.0111602 0.0206607 0.00530109 0.00894554 0.000288271 0.00501282 0.000303493 0.00864205 0.000310317 0.00984558
 3.97 0.0091949 0.01093 0.00614514 0.00530786 0.000224192 0.00592095 0.000211295 0.00509657 0.000173545 0.00310598
 3.98 0.00500194 0.0050079 0.00335413 0.00278294 0.000149917 0.00320421 0.000145759 0.00263718 0.000109284 0.00123467
 3.99 0.00739241 0.00900244 0.00229266 0.00293824 0.000111363 0.0021813 0.000111241 0.002827 9.53301e-05 0.00124923
 4 0.0301287 0.0277457 0.00295215 0.00422894 0.000149573 0.00280258 0.000214083 0.00401485 9.86669e-05 0.00171377
