3.118087549593369090e+00
3.118087549593369090e+00
3.118075210063596447e+00
3.118075210063596892e+00
3.118061687673376881e+00
3.118061687673376881e+00
3.118046980302783933e+00
3.118046980302784377e+00
3.118031085633776289e+00
3.118031085633776733e+00
3.118014001146564240e+00
3.118014001146564684e+00
3.117995724115669276e+00
3.117995724115669720e+00
3.117976251605667493e+00
3.117976251605667937e+00
3.117955580466627019e+00
3.117955580466627019e+00
3.117933707329224813e+00
3.117933707329226145e+00
3.117910628599550371e+00
3.117910628599550815e+00
3.117886340453570160e+00
3.117886340453570604e+00
3.117860838831278958e+00
3.117860838831279402e+00
3.117834119430515916e+00
3.117834119430515916e+00
3.117806177700428893e+00
3.117806177700428893e+00
3.117777008834615060e+00
3.117777008834615504e+00
3.117746607763908440e+00
3.117746607763908884e+00
3.117714969148814852e+00
3.117714969148815740e+00
3.117682087371596911e+00
3.117682087371597355e+00
3.117647956527990427e+00
3.117647956527990427e+00
3.117612570418572648e+00
3.117612570418573537e+00
3.117575922539749023e+00
3.117575922539749467e+00
3.117538006074377144e+00
3.117538006074377144e+00
3.117498813882008335e+00
3.117498813882008779e+00
3.117458338488761083e+00
3.117458338488761083e+00
3.117416572076802783e+00
3.117416572076803671e+00
3.117373506473458011e+00
3.117373506473458455e+00
3.117329133139916220e+00
3.117329133139916220e+00
3.117283443159570844e+00
3.117283443159571288e+00
3.117236427225954731e+00
3.117236427225955175e+00
3.117188075630298982e+00
3.117188075630298982e+00
3.117138378248691666e+00
3.117138378248692110e+00
3.117087324528865722e+00
3.117087324528866610e+00
3.117034903476591623e+00
3.117034903476592511e+00
3.116981103641698780e+00
3.116981103641699669e+00
3.116925913103719470e+00
3.116925913103720358e+00
3.116869319457165055e+00
3.116869319457166387e+00
3.116811309796451823e+00
3.116811309796452267e+00
3.116751870700458671e+00
3.116751870700459115e+00
3.116690988216766822e+00
3.116690988216767266e+00
3.116628647845573141e+00
3.116628647845574474e+00
3.116564834523284144e+00
3.116564834523284144e+00
3.116499532605824019e+00
3.116499532605824463e+00
3.116432725851688179e+00
3.116432725851689067e+00
3.116364397404732589e+00
3.116364397404733477e+00
3.116294529776754807e+00
3.116294529776754807e+00
3.116223104829883628e+00
3.116223104829884072e+00
3.116150103758812850e+00
3.116150103758813295e+00
3.116075507072917805e+00
3.116075507072917805e+00
3.115999294563260857e+00
3.115999294563261746e+00
3.115921445343007523e+00
3.115921445343009299e+00
3.115841937744188161e+00
3.115841937744189050e+00
3.115760749355128478e+00
3.115760749355128922e+00
3.115677856989166550e+00
3.115677856989166994e+00
3.115593236667042909e+00
3.115593236667043797e+00
3.115506863599551313e+00
3.115506863599552201e+00
3.115418712170509252e+00
3.115418712170509696e+00
3.115328755920138359e+00
3.115328755920138804e+00
3.115236967528938639e+00
3.115236967528939083e+00
3.115143318802131134e+00
3.115143318802131578e+00
3.115047780654789822e+00
3.115047780654791598e+00
3.114950323097744889e+00
3.114950323097745333e+00
3.114850915224358641e+00
3.114850915224358641e+00
3.114749525198320157e+00
3.114749525198320601e+00
3.114646120242546612e+00
3.114646120242547056e+00
3.114540666629315169e+00
3.114540666629315613e+00
3.114433129671787537e+00
3.114433129671788425e+00
3.114323473717035995e+00
3.114323473717036439e+00
3.114211662140702330e+00
3.114211662140703218e+00
3.114097657343479320e+00
3.114097657343479764e+00
3.113981420749513340e+00
3.113981420749513784e+00
3.113862912806909300e+00
3.113862912806909744e+00
3.113742092990498644e+00
3.113742092990499533e+00
3.113618919807000118e+00
3.113618919807000562e+00
3.113493350802753135e+00
3.113493350802753579e+00
3.113365342574188066e+00
3.113365342574188066e+00
3.113234850781159579e+00
3.113234850781160024e+00
3.113101830163332640e+00
3.113101830163333084e+00
3.112966234559739309e+00
3.112966234559739309e+00
3.112828016931679542e+00
3.112828016931680430e+00
3.112687129389073881e+00
3.112687129389074325e+00
3.112543523220417718e+00
3.112543523220418162e+00
3.112397148926440149e+00
3.112397148926440593e+00
3.112247956257570003e+00
3.112247956257570447e+00
3.112095894255310302e+00
3.112095894255311190e+00
3.111940911297563783e+00
3.111940911297563783e+00
3.111782955147983198e+00
3.111782955147984087e+00
3.111621973031458488e+00
3.111621973031458932e+00
3.111457911582695690e+00
3.111457911582695690e+00
3.111290717122106475e+00
3.111290717122107363e+00
3.111120335510112245e+00
3.111120335510112689e+00
3.110946712320366903e+00
3.110946712320367347e+00
3.110769792892404961e+00
3.110769792892404961e+00
3.110589522408342855e+00
3.110589522408343299e+00
3.110405845973045924e+00
3.110405845973046368e+00
3.110218708697498613e+00
3.110218708697499057e+00
3.110028055785473367e+00
3.110028055785473811e+00
3.109833832621820005e+00
3.109833832621820449e+00
3.109635984864152825e+00
3.109635984864152825e+00
3.109434458536418422e+00
3.109434458536419754e+00
3.109229200123658554e+00
3.109229200123658554e+00
3.109020156668065304e+00
3.109020156668065304e+00
3.108807275865734798e+00
3.108807275865734798e+00
3.108590506163604328e+00
3.108590506163604772e+00
3.108369796856069289e+00
3.108369796856070177e+00
3.108145098180743471e+00
3.108145098180743915e+00
3.107916361412808914e+00
3.107916361412809803e+00
3.107683538957405123e+00
3.107683538957405567e+00
3.107446584439466974e+00
3.107446584439467863e+00
3.107205452790470002e+00
3.107205452790470446e+00
3.106960100353449494e+00
3.106960100353450827e+00
3.106710484831090913e+00
3.106710484831090913e+00
3.106456565660916436e+00
3.106456565660916880e+00
3.106198303745863587e+00
3.106198303745864031e+00
3.105935661704077422e+00
3.105935661704077866e+00
3.105668603885237022e+00
3.105668603885237911e+00
3.105397096420952963e+00
3.105397096420953851e+00
3.105121107268240088e+00
3.105121107268240532e+00
3.104840606245785395e+00
3.104840606245785395e+00
3.104555565062743216e+00
3.104555565062744105e+00
3.104265957339895188e+00
3.104265957339896076e+00
3.103971758623041310e+00
3.103971758623042199e+00
3.103672946388547071e+00
3.103672946388547960e+00
3.103369500041075923e+00
3.103369500041076368e+00
3.103061400848559970e+00
3.103061400848560414e+00
3.102748632140369001e+00
3.102748632140369889e+00
3.102431178964335512e+00
3.102431178964336400e+00
3.102109028262573620e+00
3.102109028262574064e+00
3.101782168781130000e+00
3.101782168781130444e+00
3.101450591024213388e+00
3.101450591024214276e+00
3.101114287202292985e+00
3.101114287202293429e+00
3.100773251175178213e+00
3.100773251175178657e+00
3.100427478368930512e+00
3.100427478368931400e+00
3.100076965761478842e+00
3.100076965761479286e+00
3.099721711761975751e+00
3.099721711761976195e+00
3.099361716150575319e+00
3.099361716150575763e+00
3.098996979999926182e+00
3.098996979999927071e+00
3.098627505594164333e+00
3.098627505594165221e+00
3.098253296345932384e+00
3.098253296345933716e+00
3.097874356712017718e+00
3.097874356712018606e+00
3.097490692108149535e+00
3.097490692108149979e+00
3.097102308823492134e+00
3.097102308823492578e+00
3.096709213935343374e+00
3.096709213935343818e+00
3.096311415224550778e+00
3.096311415224551222e+00
3.095908921092085819e+00
3.095908921092086707e+00
3.095501740477236474e+00
3.095501740477237362e+00
3.095089882777819046e+00
3.095089882777819934e+00
3.094673357772756539e+00
3.094673357772757427e+00
3.094252175547413941e+00
3.094252175547414385e+00
3.093826346421927997e+00
3.093826346421928886e+00
3.093395880882860549e+00
3.093395880882861437e+00
3.092960789518355735e+00
3.092960789518356624e+00
3.092521082957028433e+00
3.092521082957028877e+00
3.092076771810739366e+00
3.092076771810739810e+00
3.091627866621371012e+00
3.091627866621371012e+00
3.091174377811721996e+00
3.091174377811721996e+00
3.090716315640568368e+00
3.090716315640568368e+00
3.090253690161944622e+00
3.090253690161944622e+00
3.089786510921894713e+00
3.089786510921895157e+00
3.089314787967730069e+00
3.089314787967730958e+00
3.088838530293640083e+00
3.088838530293640972e+00
3.088357746811422277e+00
3.088357746811423166e+00
3.087872446087250644e+00
3.087872446087251088e+00
3.087382636325656460e+00
3.087382636325656904e+00
3.086888325357354468e+00
3.086888325357354912e+00
3.086389520630790084e+00
3.086389520630790972e+00
3.085886229207274400e+00
3.085886229207275289e+00
3.085378457759575088e+00
3.085378457759575532e+00
3.084866212573806443e+00
3.084866212573806887e+00
3.084349499554471574e+00
3.084349499554472018e+00
3.083828324232504414e+00
3.083828324232504858e+00
3.083302691776139248e+00
3.083302691776140136e+00
3.082772607004449661e+00
3.082772607004451881e+00
3.082238074403418793e+00
3.082238074403420125e+00
3.081699098144316196e+00
3.081699098144316640e+00
3.081155682104299576e+00
3.081155682104301352e+00
3.080607829889028704e+00
3.080607829889029148e+00
3.080055544857128957e+00
3.080055544857130290e+00
3.079498830146409460e+00
3.079498830146410349e+00
3.078937688701608888e+00
3.078937688701609776e+00
3.078372123303591223e+00
3.078372123303591668e+00
3.077802136599797400e+00
3.077802136599797844e+00
3.077227731135854238e+00
3.077227731135854238e+00
3.076648909388198128e+00
3.076648909388198572e+00
3.076065673797559352e+00
3.076065673797560240e+00
3.075478026803247555e+00
3.075478026803248444e+00
3.074885970878052266e+00
3.074885970878053598e+00
3.074289508563703421e+00
3.074289508563704310e+00
3.073688642506758217e+00
3.073688642506759994e+00
3.073083375494825908e+00
3.073083375494826797e+00
3.072473710493022203e+00
3.072473710493023091e+00
3.071859650680596410e+00
3.071859650680597298e+00
3.071241199487608320e+00
3.071241199487610096e+00
3.070618360631597543e+00
3.070618360631598875e+00
3.069991138154173349e+00
3.069991138154173793e+00
3.069359536457438420e+00
3.069359536457440196e+00
3.068723560340215872e+00
3.068723560340215872e+00
3.068083215033955202e+00
3.068083215033956090e+00
3.067438506238345575e+00
3.067438506238346907e+00
3.066789440156509006e+00
3.066789440156510782e+00
3.066136023529762333e+00
3.066136023529762777e+00
3.065478263671900905e+00
3.065478263671901793e+00
3.064816168502948468e+00
3.064816168502948912e+00
3.064149746582347955e+00
3.064149746582348399e+00
3.063479007141552746e+00
3.063479007141553634e+00
3.062803960115983770e+00
3.062803960115984214e+00
3.062124616176319147e+00
3.062124616176320924e+00
3.061440986759120353e+00
3.061440986759122573e+00
3.060753084096712318e+00
3.060753084096712762e+00
3.060060921246353427e+00
3.060060921246354315e+00
3.059364512118651014e+00
3.059364512118651458e+00
3.058663872061832656e+00
3.058663872061833100e+00
3.057959015695420835e+00
3.057959015695421723e+00
3.057249960177329751e+00
3.057249960177330639e+00
3.056536723100001129e+00
3.056536723100002906e+00
3.055819323039440594e+00
3.055819323039441038e+00
3.055097779578799244e+00
3.055097779578800576e+00
3.054372113331148331e+00
3.054372113331148775e+00
3.053642345961395055e+00
3.053642345961395499e+00
3.052908500207363041e+00
3.052908500207363929e+00
3.052170599900025927e+00
3.052170599900026815e+00
3.051428669982899411e+00
3.051428669982900299e+00
3.050682736530580197e+00
3.050682736530580641e+00
3.049932826766441174e+00
3.049932826766441618e+00
3.049178969079487711e+00
3.049178969079488155e+00
3.048421193040374622e+00
3.048421193040375954e+00
3.047659529416584245e+00
3.047659529416585578e+00
3.046894010186778967e+00
3.046894010186780299e+00
3.046124668554329507e+00
3.046124668554330395e+00
3.045351538960022530e+00
3.045351538960022975e+00
3.044574657093967573e+00
3.044574657093969794e+00
3.043794059906704597e+00
3.043794059906705041e+00
3.043009785619502860e+00
3.043009785619504637e+00
3.042221873733907067e+00
3.042221873733907955e+00
3.041430365040488581e+00
3.041430365040488581e+00
3.040635301626849252e+00
3.040635301626850584e+00
3.039836726884886264e+00
3.039836726884887597e+00
3.039034685517298939e+00
3.039034685517299827e+00
3.038229223543393864e+00
3.038229223543393864e+00
3.037420388304176821e+00
3.037420388304178154e+00
3.036608228466746606e+00
3.036608228466747494e+00
3.035792794028008057e+00
3.035792794028009389e+00
3.034974136317727833e+00
3.034974136317728277e+00
3.034152308000924947e+00
3.034152308000926279e+00
3.033327363079652006e+00
3.033327363079652450e+00
3.032499356894124531e+00
3.032499356894124976e+00
3.031668346123278290e+00
3.031668346123279623e+00
3.030834388784726219e+00
3.030834388784727551e+00
3.029997544234146023e+00
3.029997544234146467e+00
3.029157873164121995e+00
3.029157873164122883e+00
3.028315437602449478e+00
3.028315437602451254e+00
3.027470300909928191e+00
3.027470300909928191e+00
3.026622527777645288e+00
3.026622527777646177e+00
3.025772183460314846e+00
3.025772183460315734e+00
3.024919337001249708e+00
3.024919337001249708e+00
3.024064056144180057e+00
3.024064056144180945e+00
3.023206410866091431e+00
3.023206410866091876e+00
3.022346472466548750e+00
3.022346472466549638e+00
3.021484313367964969e+00
3.021484313367965857e+00
3.020620007504272397e+00
3.020620007504273730e+00
3.019753630147972157e+00
3.019753630147973489e+00
3.018885257767890629e+00
3.018885257767891517e+00
3.018014968112702867e+00
3.018014968112703311e+00
3.017142840203969278e+00
3.017142840203970611e+00
3.016268954328899632e+00
3.016268954328900076e+00
3.015393392032845288e+00
3.015393392032845732e+00
3.014516236111575598e+00
3.014516236111576486e+00
3.013637570603325599e+00
3.013637570603326488e+00
3.012757480780646535e+00
3.012757480780647423e+00
3.011876053142074294e+00
3.011876053142075182e+00
3.010993375403641537e+00
3.010993375403642425e+00
3.010109536490240600e+00
3.010109536490241045e+00
3.009224626526860735e+00
3.009224626526861179e+00
3.008338736829719195e+00
3.008338736829720084e+00
3.007451959897305294e+00
3.007451959897306182e+00
3.006564389401339188e+00
3.006564389401340520e+00
3.005676120177693367e+00
3.005676120177693811e+00
3.004787248217252849e+00
3.004787248217254625e+00
3.003897870656785152e+00
3.003897870656786928e+00
3.003008085769765856e+00
3.003008085769767632e+00
3.002117992957247239e+00
3.002117992957247683e+00
3.001227692738730468e+00
3.001227692738731800e+00
3.000337286743104848e+00
3.000337286743107068e+00
2.999446877699616820e+00
2.999446877699617264e+00
2.998556569428924234e+00
2.998556569428926011e+00
2.997666466834250976e+00
2.997666466834250976e+00
2.996776675892606878e+00
2.996776675892607322e+00
2.995887303646159960e+00
2.995887303646159960e+00
2.994998458193719237e+00
2.994998458193719681e+00
2.994110248682349873e+00
2.994110248682350761e+00
2.993222785299165523e+00
2.993222785299165967e+00
