3.643375521980859677e+00
3.646588883820220950e+00
3.649715940227242772e+00
3.652759595544301074e+00
3.655722637197549751e+00
3.658607741118764523e+00
3.661417476895109768e+00
3.664154312659674950e+00
3.666820619735448705e+00
3.669418677045358290e+00
3.671950675298421007e+00
3.674418720968517960e+00
3.676824840069975231e+00
3.679170981745817137e+00
3.681459021676583898e+00
3.683690765319669325e+00
3.685867950988310771e+00
3.687992252778649060e+00
3.690065283353458625e+00
3.692088596589834015e+00
3.694063690098359665e+00
3.695992007620624520e+00
3.697874941311610986e+00
3.699713833913100824e+00
3.701509980823919133e+00
3.703264632072511109e+00
3.704978994197011932e+00
3.706654232037715602e+00
3.708291470446550608e+00
3.709891795917908741e+00
3.711456258144955722e+00
3.712985871505290358e+00
3.714481616479633708e+00
3.715944441006996168e+00
3.717375261779615414e+00
3.718774965480738270e+00
3.720144409968193955e+00
3.721484425406497376e+00
3.722795815350138593e+00
3.724079357780493371e+00
3.725335806098732938e+00
3.726565890076938725e+00
3.727770316769534631e+00
3.728949771387021439e+00
3.730104918133922531e+00
3.731236401012722581e+00
3.732344844595508082e+00
3.733430854764925755e+00
3.734495019426001594e+00
3.735537909190275396e+00
3.736560078033637211e+00
3.737562063929195322e+00
3.738544389456420980e+00
3.739507562387770712e+00
3.740452076253924840e+00
3.741378410888714701e+00
3.742287032954781267e+00
3.743178396450926648e+00
3.744052943202111017e+00
3.744911103332955626e+00
3.745753295725605003e+00
3.746579928462734799e+00
3.747391399256459366e+00
3.748188095863839830e+00
3.748970396489655688e+00
3.749738670177067412e+00
3.750493277186709662e+00
3.751234569364789717e+00
3.751962890500617931e+00
3.752678576674018274e+00
3.753381956592978685e+00
3.754073351921848545e+00
3.754753077600323508e+00
3.755421442153388245e+00
3.756078747992320999e+00
3.756725291706738634e+00
3.757361364347652000e+00
3.757987251701282450e+00
3.758603234553390848e+00
3.759209588943675406e+00
3.759806586409684570e+00
3.760394494219542416e+00
3.760973575592638340e+00
3.761544089907229438e+00
3.762106292893759196e+00
3.762660436812487852e+00
3.763206770613827690e+00
3.763745540079572294e+00
3.764276987943042219e+00
3.764801353985889332e+00
3.765318875109218144e+00
3.765829785376441752e+00
3.766334316025180762e+00
3.766832695445454959e+00
3.767325149121329986e+00
3.767811899533301201e+00
3.768293166018766183e+00
3.768769164588247733e+00
3.769240107695375208e+00
3.769706203959179103e+00
3.770167657837934616e+00
3.770624669254980077e+00
3.771077433175420879e+00
3.771526139142398204e+00
3.771970970766820308e+00
3.772412105184332454e+00
3.772849712482221562e+00
3.773283955106435883e+00
3.773714987253695252e+00
3.774142954269732009e+00
3.774567992055603671e+00
3.774990226502198176e+00
3.775409772964592126e+00
3.775826735790643429e+00
3.776241207917394149e+00
3.776653270547848162e+00
3.777062992919148599e+00
3.777470432171083914e+00
3.777875633321372106e+00
3.778278629351296658e+00
3.778679441402239103e+00
3.779078079080534724e+00
3.779474540865072285e+00
3.779868814609280037e+00
3.780260878126763924e+00
3.780650699847937002e+00
3.781038239533622392e+00
3.781423449030819395e+00
3.781806273062283452e+00
3.782186649996574168e+00
3.782564512678487922e+00
3.782939789185939983e+00
3.783312403590492146e+00
3.783682276677802214e+00
3.784049326625986254e+00
3.774789077455719788e+00
3.775080825560985343e+00
3.775366278041852652e+00
3.775645595739800076e+00
3.775918937005394493e+00
3.776186457374735905e+00
3.776448309296879469e+00
3.776704641909530480e+00
3.776955600859787321e+00
3.777201328166403638e+00
3.777441962119862939e+00
3.777677637216448669e+00
3.777908484122598054e+00
3.778134629665869326e+00
3.778356196849061543e+00
3.778573304884230488e+00
3.778786069243571077e+00
3.778994601724397828e+00
3.779199010525711611e+00
3.779399400334107817e+00
3.779595872417003122e+00
3.779788524721429344e+00
3.779977451976848091e+00
3.780162745800636159e+00
3.780344494805107036e+00
3.780522784705083073e+00
3.780697698425193654e+00
3.780869316206213693e+00
3.781037715709878899e+00
3.781202972121716410e+00
3.781365158251524416e+00
3.781524344631216117e+00
3.781680599609812177e+00
3.781833989445427591e+00
3.781984578394137042e+00
3.782132428795672574e+00
3.782277601155902946e+00
3.782420154226118658e+00
3.782560145079127079e+00
3.782697629182222965e+00
3.782832660467079222e+00
3.782965291406118258e+00
3.783095573038816717e+00
3.783223555088955692e+00
3.783349285985893040e+00
3.783472812929554951e+00
3.783594181943667589e+00
3.783713437926554679e+00
3.783830624699598744e+00
3.783945785053458799e+00
3.784058960792149762e+00
3.784170192775069275e+00
3.784279520957073206e+00
3.784386984426678424e+00
3.784492621442489657e+00
3.784596469467923274e+00
3.784698565204311471e+00
3.784798944622465466e+00
3.784897642992763434e+00
3.784994694903881296e+00
3.785090134331376976e+00
3.785183994599940149e+00
3.785276308452084404e+00
3.785367108060592400e+00
3.785456425051125784e+00
3.785544290523778166e+00
