   3.3282033e+03
   3.3281951e+03
   3.3281619e+03
   3.3280945e+03
   3.3279774e+03
   3.3277888e+03
   3.3275009e+03
   3.3270798e+03
   3.3264856e+03
   3.3256725e+03
   3.3245888e+03
   3.3231771e+03
   3.3213746e+03
   3.3191130e+03
   3.3163189e+03
   3.3129138e+03
   3.3088147e+03
   3.3039341e+03
   3.2981804e+03
   3.2914586e+03
   3.2836700e+03
   3.2747134e+03
   3.2644852e+03
   3.2528801e+03
   3.2397917e+03
   3.2251130e+03
   3.2087373e+03
   3.1905588e+03
   3.1704736e+03
   3.1483803e+03
   3.1241810e+03
   3.0977823e+03
   3.0690960e+03
   3.0380403e+03
   3.0045407e+03
   2.9685311e+03
   2.9299545e+03
   2.8887645e+03
   2.8449258e+03
   2.7984153e+03
   2.7492231e+03
   2.6973533e+03
   2.6428246e+03
   2.5856712e+03
   2.5259433e+03
   2.4637075e+03
   2.3990473e+03
   2.3320634e+03
   2.2628732e+03
   2.1916117e+03
   2.1184304e+03
   2.0434971e+03
   1.9669955e+03
   1.8891244e+03
   1.8100965e+03
   1.7301373e+03
   1.6494842e+03
   1.5683842e+03
   1.4870933e+03
   1.4058737e+03
   1.3249926e+03
   1.2447197e+03
   1.1653255e+03
   1.0870786e+03
   1.0102440e+03
   9.3508027e+02
   8.6183792e+02
   7.9075670e+02
   7.2206367e+02
   6.5597110e+02
   5.9267458e+02
   5.3235121e+02
   4.7515803e+02
   4.2123062e+02
   3.7068191e+02
   3.2360125e+02
   2.8005374e+02
   2.4007980e+02
   2.0369503e+02
   1.7089033e+02
   1.4163231e+02
   1.1586394e+02
   9.3505524e+01
   7.4455809e+01
   5.8593437e+01
   4.5778526e+01
   3.5854463e+01
   2.8649853e+01
   2.3980586e+01
   2.1652008e+01
   2.1461158e+01
   2.3199032e+01
   2.6652859e+01
   3.1608334e+01
   3.7851808e+01
   4.5172376e+01
   5.3363861e+01
   6.2226657e+01
   7.1569414e+01
   8.1210553e+01
   9.0979586e+01
   1.0071824e+02
   1.1028138e+02
   1.1953772e+02
   1.2837031e+02
   1.3667687e+02
   1.4436983e+02
   1.5137630e+02
   1.5763778e+02
   1.6310975e+02
   1.6776105e+02
   1.7157326e+02
   1.7453980e+02
   1.7666511e+02
   1.7796364e+02
   1.7845881e+02
   1.7818198e+02
   1.7717137e+02
   1.7547098e+02
   1.7312953e+02
   1.7019943e+02
   1.6673579e+02
   1.6279551e+02
   1.5843637e+02
   1.5371625e+02
   1.4869241e+02
   1.4342080e+02
   1.3795553e+02
   1.3234835e+02
   1.2664826e+02
   1.2090117e+02
   1.1514962e+02
   1.0943264e+02
   1.0378557e+02
   9.8240071e+01
   9.2824049e+01
   8.7561755e+01
   8.2473850e+01
   7.7577534e+01
   7.2886709e+01
   6.8412160e+01
   6.4161758e+01
   6.0140678e+01
   5.6351628e+01
   5.2795083e+01
   4.9469516e+01
   4.6371637e+01
   4.3496613e+01
   4.0838292e+01
   3.8389415e+01
   3.6141808e+01
   3.4086574e+01
   3.2214259e+01
   3.0515013e+01
   2.8978734e+01
   2.7595192e+01
   2.6354144e+01
   2.5245437e+01
   2.4259089e+01
   2.3385366e+01
   2.2614845e+01
   2.1938461e+01
   2.1347550e+01
   2.0833881e+01
   2.0389677e+01
   2.0007635e+01
   1.9680934e+01
   1.9403241e+01
   1.9168709e+01
   1.8971980e+01
   1.8808172e+01
   1.8672876e+01
   1.8562145e+01
   1.8472484e+01
   1.8400840e+01
   1.8344592e+01
   1.8301539e+01
   1.8269896e+01
   1.8248281e+01
   1.8235712e+01
   1.8231600e+01
   1.8235752e+01
   1.8248362e+01
   1.8270017e+01
   1.8301701e+01
   1.8344795e+01
   1.8401085e+01
   1.8472772e+01
   1.8562476e+01
   1.8673252e+01
   1.8808593e+01
   1.8972447e+01
   1.9169222e+01
   1.9403800e+01
   1.9681540e+01
   2.0008289e+01
   2.0390378e+01
   2.0834628e+01
   2.1348344e+01
   2.1939300e+01
   2.2615727e+01
   2.3386289e+01
   2.4260049e+01
   2.5246431e+01
   2.6355169e+01
   2.7596241e+01
   2.8979801e+01
   3.0516091e+01
   3.2215338e+01
   3.4087647e+01
   3.6142864e+01
   3.8390441e+01
   4.0839275e+01
   4.3497538e+01
   4.6372489e+01
   4.9470278e+01
   5.2795736e+01
   5.6352153e+01
   6.0141053e+01
   6.4161962e+01
   6.8412170e+01
   7.2886500e+01
   7.7577082e+01
   8.2473129e+01
   8.7560741e+01
   9.2822715e+01
   9.8238391e+01
   1.0378352e+02
   1.0943019e+02
   1.1514676e+02
   1.2089786e+02
   1.2664450e+02
   1.3234411e+02
   1.3795079e+02
   1.4341555e+02
   1.4868665e+02
   1.5370997e+02
   1.5842956e+02
   1.6278819e+02
   1.6672796e+02
   1.7019110e+02
   1.7312072e+02
   1.7546172e+02
   1.7716169e+02
   1.7817191e+02
   1.7844839e+02
   1.7795292e+02
   1.7665415e+02
   1.7452865e+02
   1.7156198e+02
   1.6774972e+02
   1.6309842e+02
   1.5762654e+02
   1.5136521e+02
   1.4435896e+02
   1.3666630e+02
   1.2836012e+02
   1.1952797e+02
   1.1027214e+02
   1.0070956e+02
   9.0971517e+01
   8.1203140e+01
   7.1562689e+01
   6.2220639e+01
   5.3358558e+01
   4.5167780e+01
   3.7847898e+01
   3.1605070e+01
   2.6650185e+01
   2.3196875e+01
   2.1459423e+01
   2.1650585e+01
   2.3979342e+01
   2.8648640e+01
   3.5853112e+01
   4.5776849e+01
   5.8591232e+01
   7.4452857e+01
   9.3501591e+01
   1.1585878e+02
   1.4162567e+02
   1.7088194e+02
   2.0368462e+02
   2.4006709e+02
   2.8003845e+02
   3.2358310e+02
   3.7066063e+02
   4.2120595e+02
   4.7512971e+02
   5.3231898e+02
   5.9263822e+02
   6.5593039e+02
   7.2201841e+02
   7.9070673e+02
   8.6178307e+02
   9.3502041e+02
   1.0101790e+03
   1.0870085e+03
   1.1652501e+03
   1.2446391e+03
   1.3249068e+03
   1.4057827e+03
   1.4869972e+03
   1.5682831e+03
   1.6493781e+03
   1.7300265e+03
   1.8099811e+03
   1.8890047e+03
   1.9668716e+03
   2.0433693e+03
   2.1182989e+03
   2.1914770e+03
   2.2627354e+03
   2.3319228e+03
   2.3989043e+03
   2.4635624e+03
   2.5257964e+03
   2.5855229e+03
   2.6426752e+03
   2.6972032e+03
   2.7490726e+03
   2.7982647e+03
   2.8447754e+03
   2.8886147e+03
   2.9298056e+03
   2.9683834e+03
   3.0043945e+03
   3.0378959e+03
   3.0689537e+03
   3.0976423e+03
   3.1240436e+03
   3.1482457e+03
   3.1703420e+03
   3.1904305e+03
   3.2086124e+03
   3.2249918e+03
   3.2396743e+03
   3.2527667e+03
   3.2643759e+03
   3.2746083e+03
   3.2835693e+03
   3.2913624e+03
   3.2980888e+03
   3.3038471e+03
   3.3087325e+03
   3.3128365e+03
   3.3162465e+03
   3.3190456e+03
   3.3213122e+03
   3.3231197e+03
   3.3245365e+03
   3.3256254e+03
   3.3264437e+03
   3.3270430e+03
   3.3274693e+03
   3.3277625e+03
   3.3279563e+03
   3.3280787e+03
   3.3281514e+03
   3.3281898e+03
   3.3282033e+03
