   2.1388656e+04
   2.1389192e+04
   2.1391376e+04
   2.1395106e+04
   2.1400212e+04
   2.1406454e+04
   2.1413526e+04
   2.1421052e+04
   2.1428590e+04
   2.1435630e+04
   2.1441595e+04
   2.1445843e+04
   2.1447665e+04
   2.1446292e+04
   2.1440889e+04
   2.1430567e+04
   2.1414374e+04
   2.1391310e+04
   2.1360323e+04
   2.1320315e+04
   2.1270152e+04
   2.1208663e+04
   2.1134654e+04
   2.1046912e+04
   2.0944215e+04
   2.0825343e+04
   2.0689085e+04
   2.0534258e+04
   2.0359713e+04
   2.0164353e+04
   1.9947145e+04
   1.9707138e+04
   1.9443475e+04
   1.9155413e+04
   1.8842338e+04
   1.8503780e+04
   1.8139431e+04
   1.7749161e+04
   1.7333033e+04
   1.6891315e+04
   1.6424492e+04
   1.5933283e+04
   1.5418640e+04
   1.4881762e+04
   1.4324096e+04
   1.3747334e+04
   1.3153415e+04
   1.2544516e+04
   1.1923042e+04
   1.1291609e+04
   1.0653032e+04
   1.0010295e+04
   9.3665307e+03
   8.7249880e+03
   8.0889984e+03
   7.4619398e+03
   6.8471975e+03
   6.2481222e+03
   5.6679878e+03
   5.1099468e+03
   4.5769874e+03
   4.0718897e+03
   3.5971847e+03
   3.1551153e+03
   2.7476004e+03
   2.3762039e+03
   2.0421073e+03
   1.7460898e+03
   1.4885128e+03
   1.2693123e+03
   1.0879980e+03
   9.4365973e+02
   8.3498137e+02
   7.6026186e+02
   7.1744326e+02
   7.0414531e+02
   7.1770578e+02
   7.5522603e+02
   8.1362067e+02
   8.8967033e+02
   9.8007658e+02
   1.0815176e+03
   1.1907034e+03
   1.3044298e+03
   1.4196294e+03
   1.5334186e+03
   1.6431402e+03
   1.7463998e+03
   1.8410963e+03
   1.9254451e+03
   1.9979937e+03
   2.0576304e+03
   2.1035853e+03
   2.1354233e+03
   2.1530316e+03
   2.1566000e+03
   2.1465955e+03
   2.1237325e+03
   2.0889398e+03
   2.0433234e+03
   1.9881288e+03
   1.9247019e+03
   1.8544507e+03
   1.7788077e+03
   1.6991948e+03
   1.6169909e+03
   1.5335033e+03
   1.4499429e+03
   1.3674035e+03
   1.2868466e+03
   1.2090904e+03
   1.1348028e+03
   1.0645004e+03
   9.9855013e+02
   9.3717548e+02
   8.8046588e+02
   8.2838872e+02
   7.8080362e+02
   7.3747825e+02
   6.9810526e+02
   6.6231955e+02
   6.2971552e+02
   5.9986377e+02
   5.7232674e+02
   5.4667313e+02
   5.2249056e+02
   4.9939651e+02
   4.7704725e+02
   4.5514472e+02
   4.3344140e+02
   4.1174317e+02
   3.8991040e+02
   3.6785719e+02
   3.4554920e+02
   3.2300014e+02
   3.0026718e+02
   2.7744546e+02
   2.5466212e+02
   2.3206982e+02
   2.0984016e+02
   1.8815713e+02
   1.6721073e+02
   1.4719101e+02
   1.2828248e+02
   1.1065921e+02
   9.4480512e+01
   7.9887306e+01
   6.6999239e+01
   5.5912485e+01
   4.6698255e+01
   3.9401971e+01
   3.4043048e+01
   3.0615245e+01
   2.9087507e+01
   2.9405235e+01
   3.1491921e+01
   3.5251063e+01
   4.0568301e+01
   4.7313716e+01
   5.5344215e+01
   6.4505959e+01
   7.4636789e+01
   8.5568593e+01
   9.7129600e+01
   1.0914655e+02
   1.2144676e+02
   1.3385996e+02
   1.4622013e+02
   1.5836696e+02
   1.7014734e+02
   1.8141658e+02
   1.9203949e+02
   2.0189134e+02
   2.1085868e+02
   2.1883999e+02
   2.2574629e+02
   2.3150156e+02
   2.3604315e+02
   2.3932207e+02
   2.4130316e+02
   2.4196531e+02
   2.4130148e+02
   2.3931878e+02
   2.3603839e+02
   2.3149554e+02
   2.2573927e+02
   2.1883231e+02
   2.1085069e+02
   2.0188345e+02
   1.9203210e+02
   1.8141013e+02
   1.7014224e+02
   1.5836359e+02
   1.4621883e+02
   1.3386101e+02
   1.2145034e+02
   1.0915276e+02
   9.7138385e+01
   8.5579772e+01
   7.4650007e+01
   6.4520676e+01
   5.5359686e+01
   4.7328977e+01
   4.0582153e+01
   3.5262062e+01
   3.1498370e+01
   2.9405177e+01
   2.9078731e+01
   3.0595295e+01
   3.4009229e+01
   3.9351370e+01
   4.6627760e+01
   5.5818812e+01
   6.6878968e+01
   7.9736921e+01
   9.4296448e+01
   1.1043791e+02
   1.2802045e+02
   1.4688490e+02
   1.6685738e+02
   1.8775365e+02
   2.0938402e+02
   2.3155890e+02
   2.5409482e+02
   2.7682074e+02
   2.9958463e+02
   3.2226010e+02
   3.4475274e+02
   3.6700621e+02
   3.8900766e+02
   4.1079229e+02
   4.3244690e+02
   4.5411202e+02
   4.7598261e+02
   4.9830703e+02
   5.2138410e+02
   5.4555826e+02
   5.7121262e+02
   5.9876005e+02
   6.2863221e+02
   6.6126689e+02
   6.9709354e+02
   7.3651766e+02
   7.7990406e+02
   8.2755965e+02
   8.7971610e+02
   9.3651297e+02
   9.9798188e+02
   1.0640322e+03
   1.1344392e+03
   1.2088344e+03
   1.2866997e+03
   1.3673654e+03
   1.4500118e+03
   1.5336755e+03
   1.6172609e+03
   1.6995554e+03
   1.7792500e+03
   1.8549643e+03
   1.9252748e+03
   1.9887479e+03
   2.0439744e+03
   2.0896076e+03
   2.1244013e+03
   2.1472491e+03
   2.1572226e+03
   2.1536072e+03
   2.1359367e+03
   2.1040222e+03
   2.0579780e+03
   1.9982404e+03
   1.9255815e+03
   1.8411151e+03
   1.7462961e+03
   1.6429119e+03
   1.5330666e+03
   1.4191576e+03
   1.3038454e+03
   1.1900168e+03
   1.0807428e+03
   9.7923093e+02
   8.8877444e+02
   8.1269840e+02
   7.5430433e+02
   7.1681445e+02
   7.0331678e+02
   7.1671229e+02
   7.5966518e+02
   8.3455735e+02
   9.4344792e+02
   1.0880387e+03
   1.2696462e+03
   1.4891805e+03
   1.7471310e+03
   2.0435609e+03
   2.3781070e+03
   2.7499884e+03
   3.1580209e+03
   3.6006380e+03
   4.0759174e+03
   4.5816128e+03
   5.1151894e+03
   5.6738630e+03
   6.2546412e+03
   6.8543671e+03
   7.4697625e+03
   8.0974721e+03
   8.7341062e+03
   9.3762823e+03
   1.0020665e+04
   1.0664001e+04
   1.1303154e+04
   1.1935136e+04
   1.2557129e+04
   1.3166513e+04
   1.3760882e+04
   1.4338055e+04
   1.4896092e+04
   1.5433298e+04
   1.5948225e+04
   1.6439675e+04
   1.6906692e+04
   1.7348560e+04
   1.7764792e+04
   1.8155120e+04
   1.8519483e+04
   1.8858011e+04
   1.9171014e+04
   1.9458962e+04
   1.9722471e+04
   1.9962286e+04
   2.0179264e+04
   2.0374360e+04
   2.0548608e+04
   2.0703107e+04
   2.0839007e+04
   2.0957495e+04
   2.1059783e+04
   2.1147092e+04
   2.1220646e+04
   2.1281661e+04
   2.1331333e+04
   2.1370833e+04
   2.1401299e+04
   2.1423828e+04
   2.1439474e+04
   2.1449240e+04
   2.1454076e+04
   2.1454876e+04
   2.1452473e+04
   2.1447639e+04
   2.1441082e+04
   2.1433446e+04
   2.1425308e+04
   2.1417179e+04
   2.1409502e+04
   2.1402653e+04
   2.1396938e+04
   2.1392598e+04
   2.1389803e+04
   2.1388656e+04
