   1.9857133e+04
   1.9851299e+04
   1.9833805e+04
   1.9804629e+04
   1.9763741e+04
   1.9711097e+04
   1.9646642e+04
   1.9570312e+04
   1.9482034e+04
   1.9381728e+04
   1.9269307e+04
   1.9144684e+04
   1.9007767e+04
   1.8858467e+04
   1.8696700e+04
   1.8522386e+04
   1.8335455e+04
   1.8135850e+04
   1.7923529e+04
   1.7698469e+04
   1.7460668e+04
   1.7210151e+04
   1.6946970e+04
   1.6671212e+04
   1.6382997e+04
   1.6082484e+04
   1.5769878e+04
   1.5445424e+04
   1.5109418e+04
   1.4762207e+04
   1.4404191e+04
   1.4035825e+04
   1.3657619e+04
   1.3270146e+04
   1.2874035e+04
   1.2469974e+04
   1.2058714e+04
   1.1641062e+04
   1.1217886e+04
   1.0790107e+04
   1.0358701e+04
   9.9246953e+03
   9.4891643e+03
   9.0532245e+03
   8.6180305e+03
   8.1847695e+03
   7.7546546e+03
   7.3289184e+03
   6.9088058e+03
   6.4955664e+03
   6.0904459e+03
   5.6946784e+03
   5.3094770e+03
   4.9360253e+03
   4.5754682e+03
   4.2289029e+03
   3.8973701e+03
   3.5818453e+03
   3.2832298e+03
   3.0023437e+03
   2.7399172e+03
   2.4965847e+03
   2.2728778e+03
   2.0692203e+03
   1.8859233e+03
   1.7231819e+03
   1.5810720e+03
   1.4595496e+03
   1.3584491e+03
   1.2774852e+03
   1.2162537e+03
   1.1742345e+03
   1.1507963e+03
   1.1452006e+03
   1.1566085e+03
   1.1840877e+03
   1.2266199e+03
   1.2831102e+03
   1.3523961e+03
   1.4332578e+03
   1.5244287e+03
   1.6246059e+03
   1.7324622e+03
   1.8466565e+03
   1.9658456e+03
   2.0886951e+03
   2.2138903e+03
   2.3401467e+03
   2.4662200e+03
   2.5909157e+03
   2.7130974e+03
   2.8316953e+03
   2.9457127e+03
   3.0542329e+03
   3.1564242e+03
   3.2515441e+03
   3.3389428e+03
   3.4180655e+03
   3.4884540e+03
   3.5497466e+03
   3.6016778e+03
   3.6440768e+03
   3.6768654e+03
   3.7000543e+03
   3.7137398e+03
   3.7180991e+03
   3.7133850e+03
   3.6999206e+03
   3.6780931e+03
   3.6483474e+03
   3.6111795e+03
   3.5671296e+03
   3.5167754e+03
   3.4607248e+03
   3.3996096e+03
   3.3340780e+03
   3.2647885e+03
   3.1924035e+03
   3.1175831e+03
   3.0409793e+03
   2.9632310e+03
   2.8849589e+03
   2.8067607e+03
   2.7292077e+03
   2.6528406e+03
   2.5781667e+03
   2.5056573e+03
   2.4357454e+03
   2.3688243e+03
   2.3052461e+03
   2.2453211e+03
   2.1893174e+03
   2.1374609e+03
   2.0899357e+03
   2.0468850e+03
   2.0084120e+03
   1.9745811e+03
   1.9454200e+03
   1.9209209e+03
   1.9010429e+03
   1.8857140e+03
   1.8748333e+03
   1.8682734e+03
   1.8658828e+03
   1.8674883e+03
   1.8728975e+03
   1.8819013e+03
   1.8942761e+03
   1.9097862e+03
   1.9281863e+03
   1.9492233e+03
   1.9726385e+03
   1.9981699e+03
   2.0255534e+03
   2.0545251e+03
   2.0848227e+03
   2.1161866e+03
   2.1483619e+03
   2.1810991e+03
   2.2141553e+03
   2.2472950e+03
   2.2802913e+03
   2.3129262e+03
   2.3449914e+03
   2.3762887e+03
   2.4066307e+03
   2.4358406e+03
   2.4637529e+03
   2.4902134e+03
   2.5150795e+03
   2.5382198e+03
   2.5595148e+03
   2.5788565e+03
   2.5961483e+03
   2.6113055e+03
   2.6242544e+03
   2.6349330e+03
   2.6432908e+03
   2.6492883e+03
   2.6528976e+03
   2.6541017e+03
   2.6528951e+03
   2.6492835e+03
   2.6432836e+03
   2.6349235e+03
   2.6242427e+03
   2.6112917e+03
   2.5961328e+03
   2.5788393e+03
   2.5594962e+03
   2.5382000e+03
   2.5150588e+03
   2.4901922e+03
   2.4637315e+03
   2.4358193e+03
   2.4066100e+03
   2.3762691e+03
   2.3449732e+03
   2.3129099e+03
   2.2802775e+03
   2.2472841e+03
   2.2141479e+03
   2.1810959e+03
   2.1483634e+03
   2.1161934e+03
   2.0848354e+03
   2.0545445e+03
   2.0255800e+03
   1.9982044e+03
   1.9726817e+03
   1.9492758e+03
   1.9282489e+03
   1.9098595e+03
   1.8943608e+03
   1.8819981e+03
   1.8730071e+03
   1.8676113e+03
   1.8660199e+03
   1.8684253e+03
   1.8750005e+03
   1.8858971e+03
   1.9012424e+03
   1.9211373e+03
   1.9456537e+03
   1.9748326e+03
   2.0086816e+03
   2.0471731e+03
   2.0902425e+03
   2.1377866e+03
   2.1896621e+03
   2.2456849e+03
   2.3056289e+03
   2.3692262e+03
   2.4361662e+03
   2.5060969e+03
   2.5786249e+03
   2.6533171e+03
   2.7297022e+03
   2.8072728e+03
   2.8854881e+03
   2.9637769e+03
   3.0415414e+03
   3.1181609e+03
   3.1929965e+03
   3.2653961e+03
   3.3346996e+03
   3.4002447e+03
   3.4613728e+03
   3.5174357e+03
   3.5678017e+03
   3.6118629e+03
   3.6490416e+03
   3.6787976e+03
   3.7006350e+03
   3.7141088e+03
   3.7188320e+03
   3.7144815e+03
   3.7008044e+03
   3.6776238e+03
   3.6448433e+03
   3.6024520e+03
   3.5505286e+03
   3.4892436e+03
   3.4188625e+03
   3.3397471e+03
   3.2523558e+03
   3.1572431e+03
   3.0550591e+03
   2.9465460e+03
   2.8325356e+03
   2.7139447e+03
   2.5917698e+03
   2.4670808e+03
   2.3410139e+03
   2.2147638e+03
   2.0895747e+03
   1.9667309e+03
   1.8475472e+03
   1.7333578e+03
   1.6255061e+03
   1.5253328e+03
   1.4341654e+03
   1.3533066e+03
   1.2840228e+03
   1.2275341e+03
   1.1850027e+03
   1.1575236e+03
   1.1461149e+03
   1.1517090e+03
   1.1751449e+03
   1.2171608e+03
   1.2783882e+03
   1.3593471e+03
   1.4604417e+03
   1.5819575e+03
   1.7240597e+03
   1.8867928e+03
   2.0700805e+03
   2.2737280e+03
   2.4974242e+03
   2.7407452e+03
   3.0031595e+03
   3.2840329e+03
   3.5826350e+03
   3.8981460e+03
   4.2296644e+03
   4.5762148e+03
   4.9367568e+03
   5.3101929e+03
   5.6953785e+03
   6.0911300e+03
   6.4962341e+03
   6.9094572e+03
   7.3295532e+03
   7.7552728e+03
   8.1853712e+03
   8.6186156e+03
   9.0537929e+03
   9.4897162e+03
   9.9252309e+03
   1.0359220e+04
   1.0790610e+04
   1.1218373e+04
   1.1641534e+04
   1.2059170e+04
   1.2470414e+04
   1.2874460e+04
   1.3270556e+04
   1.3658015e+04
   1.4036205e+04
   1.4404558e+04
   1.4762560e+04
   1.5109757e+04
   1.5445748e+04
   1.5770189e+04
   1.6082782e+04
   1.6383281e+04
   1.6671484e+04
   1.6947229e+04
   1.7210397e+04
   1.7460902e+04
   1.7698691e+04
   1.7923739e+04
   1.8136047e+04
   1.8335640e+04
   1.8522559e+04
   1.8696861e+04
   1.8858617e+04
   1.9007904e+04
   1.9144810e+04
   1.9269422e+04
   1.9381831e+04
   1.9482125e+04
   1.9570392e+04
   1.9646710e+04
   1.9711154e+04
   1.9763786e+04
   1.9804663e+04
   1.9833827e+04
   1.9851311e+04
   1.9857133e+04
