   2.6243282e+02
   2.6242653e+02
   2.6240776e+02
   2.6237641e+02
   2.6233229e+02
   2.6227512e+02
   2.6220458e+02
   2.6212024e+02
   2.6202164e+02
   2.6190820e+02
   2.6177931e+02
   2.6163426e+02
   2.6147231e+02
   2.6129261e+02
   2.6109429e+02
   2.6087638e+02
   2.6063787e+02
   2.6037770e+02
   2.6009474e+02
   2.5978782e+02
   2.5945572e+02
   2.5909718e+02
   2.5871088e+02
   2.5829549e+02
   2.5784963e+02
   2.5737189e+02
   2.5686083e+02
   2.5631501e+02
   2.5573295e+02
   2.5511318e+02
   2.5445420e+02
   2.5375453e+02
   2.5301268e+02
   2.5222717e+02
   2.5139655e+02
   2.5051935e+02
   2.4959418e+02
   2.4861965e+02
   2.4759439e+02
   2.4651712e+02
   2.4538656e+02
   2.4420152e+02
   2.4296086e+02
   2.4166350e+02
   2.4030843e+02
   2.3889473e+02
   2.3742155e+02
   2.3588815e+02
   2.3429386e+02
   2.3263812e+02
   2.3092047e+02
   2.2914056e+02
   2.2729815e+02
   2.2539313e+02
   2.2342549e+02
   2.2139535e+02
   2.1930297e+02
   2.1714872e+02
   2.1493312e+02
   2.1265679e+02
   2.1032053e+02
   2.0792524e+02
   2.0547197e+02
   2.0296189e+02
   2.0039631e+02
   1.9777670e+02
   1.9510461e+02
   1.9238177e+02
   1.8960999e+02
   1.8679123e+02
   1.8392756e+02
   1.8102117e+02
   1.7807435e+02
   1.7508950e+02
   1.7206910e+02
   1.6901576e+02
   1.6593213e+02
   1.6282097e+02
   1.5968509e+02
   1.5652739e+02
   1.5335079e+02
   1.5015827e+02
   1.4695287e+02
   1.4373763e+02
   1.4051562e+02
   1.3728993e+02
   1.3406364e+02
   1.3083984e+02
   1.2762159e+02
   1.2441195e+02
   1.2121392e+02
   1.1803047e+02
   1.1486454e+02
   1.1171899e+02
   1.0859663e+02
   1.0550019e+02
   1.0243234e+02
   9.9395631e+01
   9.6392561e+01
   9.3425511e+01
   9.0496765e+01
   8.7608498e+01
   8.4762777e+01
   8.1961552e+01
   7.9206656e+01
   7.6499799e+01
   7.3842570e+01
   7.1236431e+01
   6.8682717e+01
   6.6182638e+01
   6.3737273e+01
   6.1347577e+01
   5.9014376e+01
   5.6738370e+01
   5.4520137e+01
   5.2360132e+01
   5.0258689e+01
   4.8216026e+01
   4.6232249e+01
   4.4307351e+01
   4.2441220e+01
   4.0633639e+01
   3.8884296e+01
   3.7192783e+01
   3.5558602e+01
   3.3981173e+01
   3.2459834e+01
   3.0993849e+01
   2.9582413e+01
   2.8224656e+01
   2.6919649e+01
   2.5666409e+01
   2.4463903e+01
   2.3311056e+01
   2.2206751e+01
   2.1149840e+01
   2.0139144e+01
   1.9173460e+01
   1.8251565e+01
   1.7372219e+01
   1.6534173e+01
   1.5736169e+01
   1.4976946e+01
   1.4255244e+01
   1.3569805e+01
   1.2919381e+01
   1.2302733e+01
   1.1718635e+01
   1.1165879e+01
   1.0643273e+01
   1.0149648e+01
   9.6838597e+00
   9.2447873e+00
   8.8313384e+00
   8.4424496e+00
   8.0770884e+00
   7.7342544e+00
   7.4129807e+00
   7.1123350e+00
   6.8314205e+00
   6.5693770e+00
   6.3253815e+00
   6.0986489e+00
   5.8884326e+00
   5.6940250e+00
   5.5147579e+00
   5.3500027e+00
   5.1991708e+00
   5.0617140e+00
   4.9371241e+00
   4.8249337e+00
   4.7247159e+00
   4.6360842e+00
   4.5586931e+00
   4.4922377e+00
   4.4364535e+00
   4.3911171e+00
   4.3560456e+00
   4.3310966e+00
   4.3161687e+00
   4.3112009e+00
   4.3161728e+00
   4.3311049e+00
   4.3560580e+00
   4.3911338e+00
   4.4364745e+00
   4.4922632e+00
   4.5587233e+00
   4.6361191e+00
   4.7247557e+00
   4.8249788e+00
   4.9371746e+00
   5.0617702e+00
   5.1992331e+00
   5.3500713e+00
   5.5148333e+00
   5.6941076e+00
   5.8885228e+00
   6.0987471e+00
   6.3254883e+00
   6.5694929e+00
   6.8315461e+00
   7.1124710e+00
   7.4131277e+00
   7.7344132e+00
   8.0772597e+00
   8.4426342e+00
   8.8315372e+00
   9.2450012e+00
   9.6840897e+00
   1.0149895e+01
   1.0643538e+01
   1.1166163e+01
   1.1718941e+01
   1.2303060e+01
   1.2919731e+01
   1.3570180e+01
   1.4255644e+01
   1.4977374e+01
   1.5736625e+01
   1.6534660e+01
   1.7372738e+01
   1.8252118e+01
   1.9174049e+01
   2.0139770e+01
   2.1150505e+01
   2.2207457e+01
   2.3311805e+01
   2.4464698e+01
   2.5667251e+01
   2.6920540e+01
   2.8225599e+01
   2.9583410e+01
   3.0994902e+01
   3.2460945e+01
   3.3982345e+01
   3.5559837e+01
   3.7194083e+01
   3.8885664e+01
   4.0635077e+01
   4.2442730e+01
   4.4308936e+01
   4.6233911e+01
   4.8217767e+01
   5.0260511e+01
   5.2362037e+01
   5.4522128e+01
   5.6740449e+01
   5.9016544e+01
   6.1349837e+01
   6.3739627e+01
   6.6185087e+01
   6.8685263e+01
   7.1239075e+01
   7.3845314e+01
   7.6502645e+01
   7.9209604e+01
   8.1964604e+01
   8.4765933e+01
   8.7611759e+01
   9.0500131e+01
   9.3428984e+01
   9.6396141e+01
   9.9399317e+01
   1.0243613e+02
   1.0550409e+02
   1.0860064e+02
   1.1172310e+02
   1.1486876e+02
   1.1803479e+02
   1.2121834e+02
   1.2441647e+02
   1.2762621e+02
   1.3084456e+02
   1.3406845e+02
   1.3729483e+02
   1.4052062e+02
   1.4374271e+02
   1.4695804e+02
   1.5016353e+02
   1.5335612e+02
   1.5653280e+02
   1.5969058e+02
   1.6282652e+02
   1.6593775e+02
   1.6902144e+02
   1.7207484e+02
   1.7509529e+02
   1.7808019e+02
   1.8102706e+02
   1.8393349e+02
   1.8679720e+02
   1.8961599e+02
   1.9238779e+02
   1.9511066e+02
   1.9778276e+02
   2.0040239e+02
   2.0296797e+02
   2.0547806e+02
   2.0793133e+02
   2.1032662e+02
   2.1266287e+02
   2.1493917e+02
   2.1715476e+02
   2.1930898e+02
   2.2140133e+02
   2.2343144e+02
   2.2539904e+02
   2.2730402e+02
   2.2914638e+02
   2.3092624e+02
   2.3264383e+02
   2.3429951e+02
   2.3589374e+02
   2.3742708e+02
   2.3890018e+02
   2.4031380e+02
   2.4166879e+02
   2.4296607e+02
   2.4420665e+02
   2.4539160e+02
   2.4652206e+02
   2.4759924e+02
   2.4862440e+02
   2.4959883e+02
   2.5052390e+02
   2.5140099e+02
   2.5223151e+02
   2.5301690e+02
   2.5375864e+02
   2.5445820e+02
   2.5511706e+02
   2.5573671e+02
   2.5631865e+02
   2.5686434e+02
   2.5737528e+02
   2.5785289e+02
   2.5829863e+02
   2.5871389e+02
   2.5910006e+02
   2.5945847e+02
   2.5979044e+02
   2.6009722e+02
   2.6038005e+02
   2.6064008e+02
   2.6087846e+02
   2.6109623e+02
   2.6129442e+02
   2.6147398e+02
   2.6163580e+02
   2.6178070e+02
   2.6190946e+02
   2.6202276e+02
   2.6212122e+02
   2.6220542e+02
   2.6227582e+02
   2.6233285e+02
   2.6237684e+02
   2.6240805e+02
   2.6242667e+02
   2.6243282e+02
