   5.0621990e+03
   5.0621691e+03
   5.0620517e+03
   5.0618338e+03
   5.0614938e+03
   5.0610013e+03
   5.0603176e+03
   5.0593955e+03
   5.0581794e+03
   5.0566055e+03
   5.0546020e+03
   5.0520890e+03
   5.0489792e+03
   5.0451776e+03
   5.0405822e+03
   5.0350842e+03
   5.0285681e+03
   5.0209127e+03
   5.0119909e+03
   5.0016708e+03
   4.9898156e+03
   4.9762851e+03
   4.9609357e+03
   4.9436213e+03
   4.9241944e+03
   4.9025067e+03
   4.8784101e+03
   4.8517579e+03
   4.8224054e+03
   4.7902118e+03
   4.7550404e+03
   4.7167609e+03
   4.6752497e+03
   4.6303917e+03
   4.5820817e+03
   4.5302255e+03
   4.4747412e+03
   4.4155608e+03
   4.3526312e+03
   4.2859158e+03
   4.2153953e+03
   4.1410693e+03
   4.0629568e+03
   3.9810977e+03
   3.8955533e+03
   3.8064068e+03
   3.7137645e+03
   3.6177553e+03
   3.5185315e+03
   3.4162685e+03
   3.3111644e+03
   3.2034401e+03
   3.0933378e+03
   2.9811206e+03
   2.8670714e+03
   2.7514910e+03
   2.6346968e+03
   2.5170210e+03
   2.3988084e+03
   2.2804139e+03
   2.1622007e+03
   2.0445368e+03
   1.9277931e+03
   1.8123401e+03
   1.6985449e+03
   1.5867687e+03
   1.4773633e+03
   1.3706686e+03
   1.2670094e+03
   1.1666928e+03
   1.0700054e+03
   9.7721133e+02
   8.8854919e+02
   8.0423070e+02
   7.2443867e+02
   6.4932555e+02
   5.7901236e+02
   5.1358779e+02
   4.5310777e+02
   3.9759534e+02
   3.4704085e+02
   3.0140255e+02
   2.6060750e+02
   2.2455281e+02
   1.9310719e+02
   1.6611277e+02
   1.4338719e+02
   1.2472594e+02
   1.0990488e+02
   9.8682857e+01
   9.0804571e+01
   8.6003395e+01
   8.4004312e+01
   8.4526824e+01
   8.7287829e+01
   9.2004429e+01
   9.8396617e+01
   1.0618984e+02
   1.1511735e+02
   1.2492246e+02
   1.3536041e+02
   1.4620020e+02
   1.5722602e+02
   1.6823848e+02
   1.7905561e+02
   1.8951355e+02
   1.9946702e+02
   2.0878949e+02
   2.1737322e+02
   2.2512892e+02
   2.3198535e+02
   2.3788868e+02
   2.4280165e+02
   2.4670263e+02
   2.4958455e+02
   2.5145374e+02
   2.5232866e+02
   2.5223865e+02
   2.5122256e+02
   2.4932747e+02
   2.4660732e+02
   2.4312164e+02
   2.3893433e+02
   2.3411241e+02
   2.2872496e+02
   2.2284203e+02
   2.1653371e+02
   2.0986926e+02
   2.0291632e+02
   1.9574028e+02
   1.8840366e+02
   1.8096564e+02
   1.7348169e+02
   1.6600323e+02
   1.5857747e+02
   1.5124721e+02
   1.4405081e+02
   1.3702217e+02
   1.3019078e+02
   1.2358185e+02
   1.1721644e+02
   1.1111162e+02
   1.0528074e+02
   9.9733624e+01
   9.4476832e+01
   8.9513937e+01
   8.4845791e+01
   8.0470804e+01
   7.6385212e+01
   7.2583350e+01
   6.9057910e+01
   6.5800188e+01
   6.2800325e+01
   6.0047523e+01
   5.7530259e+01
   5.5236468e+01
   5.3153722e+01
   5.1269388e+01
   4.9570768e+01
   4.8045224e+01
   4.6680292e+01
   4.5463773e+01
   4.4383820e+01
   4.3429005e+01
   4.2588379e+01
   4.1851518e+01
   4.1208560e+01
   4.0650241e+01
   4.0167908e+01
   3.9753544e+01
   3.9399773e+01
   3.9099870e+01
   3.8847761e+01
   3.8638026e+01
   3.8465895e+01
   3.8327246e+01
   3.8218601e+01
   3.8137122e+01
   3.8080606e+01
   3.8047484e+01
   3.8036816e+01
   3.8048289e+01
   3.8082218e+01
   3.8139548e+01
   3.8221852e+01
   3.8331334e+01
   3.8470838e+01
   3.8643843e+01
   3.8854476e+01
   3.9107508e+01
   3.9408364e+01
   3.9763120e+01
   4.0178505e+01
   4.0661898e+01
   4.1221318e+01
   4.1865420e+01
   4.2603472e+01
   4.3445337e+01
   4.4401440e+01
   4.5482734e+01
   4.6700646e+01
   4.8067026e+01
   4.9594072e+01
   5.1294248e+01
   5.3180192e+01
   5.5264600e+01
   5.7560105e+01
   6.0079130e+01
   6.2833738e+01
   6.5835448e+01
   6.9095052e+01
   7.2622405e+01
   7.6426202e+01
   8.0513744e+01
   8.4890689e+01
   8.9560787e+01
   9.4525622e+01
   9.9784328e+01
   1.0533332e+02
   1.1116602e+02
   1.1727260e+02
   1.2363969e+02
   1.3025020e+02
   1.3708306e+02
   1.4411305e+02
   1.5131066e+02
   1.5864197e+02
   1.6606860e+02
   1.7354775e+02
   1.8103220e+02
   1.8847051e+02
   1.9580720e+02
   2.0298310e+02
   2.0993566e+02
   2.1659951e+02
   2.2290700e+02
   2.2878889e+02
   2.3417509e+02
   2.3899556e+02
   2.4318125e+02
   2.4666514e+02
   2.4938340e+02
   2.5127649e+02
   2.5229053e+02
   2.5237847e+02
   2.5150151e+02
   2.4963037e+02
   2.4674662e+02
   2.4284400e+02
   2.3792963e+02
   2.3202520e+02
   2.2516803e+02
   2.1741202e+02
   2.0882847e+02
   1.9950670e+02
   1.8955453e+02
   1.7909852e+02
   1.6828401e+02
   1.5727489e+02
   1.4625317e+02
   1.3541824e+02
   1.2498593e+02
   1.1518726e+02
   1.0626695e+02
   9.8481698e+01
   9.2098197e+01
   8.7390962e+01
   8.4639942e+01
   8.4127966e+01
   8.6138053e+01
   9.0950611e+01
   9.8840552e+01
   1.1007439e+02
   1.2490731e+02
   1.4358032e+02
   1.6631743e+02
   1.9332303e+02
   2.2477931e+02
   2.6084400e+02
   3.0164826e+02
   3.4729483e+02
   3.9785651e+02
   4.5337492e+02
   5.1385959e+02
   5.7928737e+02
   6.4960222e+02
   7.2471536e+02
   8.0450571e+02
   8.8882074e+02
   9.7747760e+02
   1.0702646e+03
   1.1669429e+03
   1.2672487e+03
   1.3708953e+03
   1.4775756e+03
   1.5869648e+03
   1.6987232e+03
   1.8124989e+03
   1.9279311e+03
   2.0446526e+03
   2.1622931e+03
   2.2804818e+03
   2.3988508e+03
   2.5170372e+03
   2.6346861e+03
   2.7514530e+03
   2.8670058e+03
   2.9810272e+03
   3.0932166e+03
   3.2032913e+03
   3.3109885e+03
   3.4160657e+03
   3.5183027e+03
   3.6175012e+03
   3.7134860e+03
   3.8061049e+03
   3.8952291e+03
   3.9807526e+03
   4.0625920e+03
   4.1406862e+03
   4.2149954e+03
   4.2855006e+03
   4.3522024e+03
   4.4151199e+03
   4.4742899e+03
   4.5297654e+03
   4.5816146e+03
   4.6299191e+03
   4.6747733e+03
   4.7162824e+03
   4.7545614e+03
   4.7897338e+03
   4.8219300e+03
   4.8512865e+03
   4.8779443e+03
   4.9020478e+03
   4.9237438e+03
   4.9431802e+03
   4.9605054e+03
   4.9758668e+03
   4.9894104e+03
   5.0012796e+03
   5.0116149e+03
   5.0205528e+03
   5.0282251e+03
   5.0347589e+03
   5.0402754e+03
   5.0448899e+03
   5.0487113e+03
   5.0518415e+03
   5.0543753e+03
   5.0564002e+03
   5.0579959e+03
   5.0592341e+03
   5.0601787e+03
   5.0608851e+03
   5.0614006e+03
   5.0617638e+03
   5.0620049e+03
   5.0621457e+03
   5.0621990e+03
