   3.8210035e+04
   3.8193984e+04
   3.8145871e+04
   3.8065681e+04
   3.7953389e+04
   3.7808967e+04
   3.7632377e+04
   3.7423587e+04
   3.7182565e+04
   3.6909288e+04
   3.6603749e+04
   3.6265963e+04
   3.5895970e+04
   3.5493847e+04
   3.5059716e+04
   3.4593749e+04
   3.4096177e+04
   3.3567301e+04
   3.3007502e+04
   3.2417244e+04
   3.1797091e+04
   3.1147706e+04
   3.0469868e+04
   2.9764475e+04
   2.9032551e+04
   2.8275253e+04
   2.7493878e+04
   2.6689864e+04
   2.5864793e+04
   2.5020396e+04
   2.4158551e+04
   2.3281278e+04
   2.2390742e+04
   2.1489244e+04
   2.0579216e+04
   1.9663209e+04
   1.8743885e+04
   1.7824004e+04
   1.6906411e+04
   1.5994014e+04
   1.5089772e+04
   1.4196674e+04
   1.3317715e+04
   1.2455881e+04
   1.1614116e+04
   1.0795308e+04
   1.0002260e+04
   9.2376669e+03
   8.5040928e+03
   7.8039474e+03
   7.1394643e+03
   6.5126804e+03
   5.9254168e+03
   5.3792618e+03
   4.8755564e+03
   4.4153822e+03
   3.9995515e+03
   3.6286010e+03
   3.3027885e+03
   3.0220919e+03
   2.7862126e+03
   2.5945804e+03
   2.4463627e+03
   2.3404758e+03
   2.2755989e+03
   2.2501903e+03
   2.2625055e+03
   2.3106176e+03
   2.3924380e+03
   2.5057385e+03
   2.6481740e+03
   2.8173049e+03
   3.0106195e+03
   3.2255558e+03
   3.4595217e+03
   3.7099152e+03
   3.9741416e+03
   4.2496305e+03
   4.5338498e+03
   4.8243188e+03
   5.1186190e+03
   5.4144032e+03
   5.7094031e+03
   6.0014349e+03
   6.2884046e+03
   6.5683110e+03
   6.8392489e+03
   7.0994110e+03
   7.3470896e+03
   7.5806788e+03
   7.7986760e+03
   7.9996841e+03
   8.1824144e+03
   8.3456894e+03
   8.4884470e+03
   8.6097448e+03
   8.7087650e+03
   8.7848202e+03
   8.8373588e+03
   8.8659714e+03
   8.8703965e+03
   8.8505262e+03
   8.8064111e+03
   8.7382647e+03
   8.6464661e+03
   8.5315625e+03
   8.3942685e+03
   8.2354652e+03
   8.0561965e+03
   7.8576636e+03
   7.6412174e+03
   7.4083493e+03
   7.1606788e+03
   6.8999407e+03
   6.6279693e+03
   6.3466818e+03
   6.0580598e+03
   5.7641306e+03
   5.4669465e+03
   5.1685649e+03
   4.8710277e+03
   4.5763409e+03
   4.2864552e+03
   4.0032467e+03
   3.7284998e+03
   3.4638906e+03
   3.2109726e+03
   2.9711640e+03
   2.7457365e+03
   2.5358075e+03
   2.3423331e+03
   2.1661041e+03
   2.0077438e+03
   1.8677082e+03
   1.7462878e+03
   1.6436120e+03
   1.5596545e+03
   1.4942405e+03
   1.4470555e+03
   1.4176550e+03
   1.4054754e+03
   1.4098454e+03
   1.4299981e+03
   1.4650831e+03
   1.5141793e+03
   1.5763072e+03
   1.6504411e+03
   1.7355209e+03
   1.8304634e+03
   1.9341729e+03
   2.0455513e+03
   2.1635071e+03
   2.2869639e+03
   2.4148676e+03
   2.5461930e+03
   2.6799494e+03
   2.8151852e+03
   2.9509921e+03
   3.0865074e+03
   3.2209169e+03
   3.3534559e+03
   3.4834103e+03
   3.6101165e+03
   3.7329611e+03
   3.8513802e+03
   3.9648579e+03
   4.0729249e+03
   4.1751565e+03
   4.2711708e+03
   4.3606261e+03
   4.4432189e+03
   4.5186815e+03
   4.5867798e+03
   4.6473111e+03
   4.7001017e+03
   4.7450054e+03
   4.7819018e+03
   4.8106944e+03
   4.8313093e+03
   4.8436949e+03
   4.8478202e+03
   4.8436751e+03
   4.8312698e+03
   4.8106354e+03
   4.7818238e+03
   4.7449087e+03
   4.6999868e+03
   4.6471789e+03
   4.5866311e+03
   4.5185171e+03
   4.4430399e+03
   4.3604336e+03
   4.2709660e+03
   4.1749409e+03
   4.0726998e+03
   3.9646249e+03
   3.8511411e+03
   3.7327176e+03
   3.6098703e+03
   3.4831635e+03
   3.3532104e+03
   3.2206748e+03
   3.0862708e+03
   2.9507633e+03
   2.8149665e+03
   2.6797430e+03
   2.5460013e+03
   2.4146930e+03
   2.2868087e+03
   2.1633737e+03
   2.0454421e+03
   1.9340902e+03
   1.8304096e+03
   1.7354982e+03
   1.6504517e+03
   1.5763532e+03
   1.5142628e+03
   1.4652059e+03
   1.4301621e+03
   1.4100522e+03
   1.4057264e+03
   1.4179514e+03
   1.4473985e+03
   1.4946310e+03
   1.5600931e+03
   1.6440992e+03
   1.7468236e+03
   1.8682926e+03
   2.0083766e+03
   2.1667846e+03
   2.3430605e+03
   2.5365806e+03
   2.7465539e+03
   2.9720240e+03
   3.2118735e+03
   3.4648302e+03
   3.7294757e+03
   4.0042564e+03
   4.2874961e+03
   4.5774101e+03
   4.8721222e+03
   5.1696816e+03
   5.4680824e+03
   5.7652826e+03
   6.0592248e+03
   6.3478567e+03
   6.6291513e+03
   6.9011269e+03
   7.1618667e+03
   7.4095364e+03
   7.6424017e+03
   7.8588430e+03
   8.0573696e+03
   8.2366307e+03
   8.3954255e+03
   8.5327104e+03
   8.6476047e+03
   8.7393940e+03
   8.8075317e+03
   8.8516388e+03
   8.8715021e+03
   8.8670714e+03
   8.8384548e+03
   8.7859140e+03
   8.7098586e+03
   8.6108402e+03
   8.4895464e+03
   8.3467948e+03
   8.1835280e+03
   8.0008079e+03
   7.7998118e+03
   7.5818284e+03
   7.3482544e+03
   7.1005922e+03
   6.8404475e+03
   6.5695275e+03
   6.2896392e+03
   6.0026876e+03
   5.7106733e+03
   5.4156902e+03
   5.1199214e+03
   4.8256351e+03
   4.5351780e+03
   4.2509686e+03
   3.9754871e+03
   3.7112653e+03
   3.4608737e+03
   3.2269066e+03
   3.0119662e+03
   2.8186443e+03
   2.6495030e+03
   2.5070541e+03
   2.3937373e+03
   2.3118979e+03
   2.2637642e+03
   2.2514250e+03
   2.2768076e+03
   2.3416568e+03
   2.4475144e+03
   2.5957017e+03
   2.7873027e+03
   3.0231505e+03
   3.3038153e+03
   3.6295963e+03
   4.0005158e+03
   4.4163165e+03
   4.8764618e+03
   5.3801396e+03
   5.9262687e+03
   6.5135082e+03
   7.1402701e+03
   7.8047331e+03
   8.5048608e+03
   9.2384194e+03
   1.0002999e+04
   1.0796036e+04
   1.1614835e+04
   1.2456593e+04
   1.3318423e+04
   1.4197379e+04
   1.5090475e+04
   1.5994717e+04
   1.6907116e+04
   1.7824712e+04
   1.8744596e+04
   1.9663924e+04
   2.0579935e+04
   2.1489968e+04
   2.2391469e+04
   2.3282008e+04
   2.4159284e+04
   2.5021132e+04
   2.5865530e+04
   2.6690600e+04
   2.7494612e+04
   2.8275984e+04
   2.9033275e+04
   2.9765192e+04
   3.0470576e+04
   3.1148402e+04
   3.1797773e+04
   3.2417911e+04
   3.3008150e+04
   3.3567928e+04
   3.4096781e+04
   3.4594328e+04
   3.5060268e+04
   3.5494370e+04
   3.5896460e+04
   3.6266420e+04
   3.6604171e+04
   3.6909672e+04
   3.7182911e+04
   3.7423893e+04
   3.7632642e+04
   3.7809189e+04
   3.7953568e+04
   3.8065815e+04
   3.8145961e+04
   3.8194029e+04
   3.8210035e+04
