   4.6795155e+04
   4.6771383e+04
   4.6700141e+04
   4.6581437e+04
   4.6415292e+04
   4.6201734e+04
   4.5940810e+04
   4.5632587e+04
   4.5277161e+04
   4.4874662e+04
   4.4425266e+04
   4.3929200e+04
   4.3386759e+04
   4.2798310e+04
   4.2164309e+04
   4.1485308e+04
   4.0761974e+04
   3.9995094e+04
   3.9185595e+04
   3.8334550e+04
   3.7443192e+04
   3.6512928e+04
   3.5545343e+04
   3.4542215e+04
   3.3505520e+04
   3.2437438e+04
   3.1340356e+04
   3.0216874e+04
   2.9069800e+04
   2.7902150e+04
   2.6717144e+04
   2.5518192e+04
   2.4308888e+04
   2.3092991e+04
   2.1874412e+04
   2.0657188e+04
   1.9445461e+04
   1.8243450e+04
   1.7055421e+04
   1.5885651e+04
   1.4738399e+04
   1.3617865e+04
   1.2528150e+04
   1.1473221e+04
   1.0456866e+04
   9.4826554e+03
   8.5539054e+03
   7.6736358e+03
   6.8445361e+03
   6.0689323e+03
   5.3487568e+03
   4.6855232e+03
   4.0803052e+03
   3.5337217e+03
   3.0459268e+03
   2.6166068e+03
   2.2449831e+03
   1.9298229e+03
   1.6694552e+03
   1.4617951e+03
   1.3043734e+03
   1.1943729e+03
   1.1286702e+03
   1.1038825e+03
   1.1164187e+03
   1.1625332e+03
   1.2383827e+03
   1.3400839e+03
   1.4637711e+03
   1.6056530e+03
   1.7620668e+03
   1.9295295e+03
   2.1047840e+03
   2.2848408e+03
   2.4670118e+03
   2.6489385e+03
   2.8286120e+03
   3.0043845e+03
   3.1749734e+03
   3.3394566e+03
   3.4972597e+03
   3.6481365e+03
   3.7921413e+03
   3.9295956e+03
   4.0610495e+03
   4.1872387e+03
   4.3090388e+03
   4.4274171e+03
   4.5433843e+03
   4.6579473e+03
   4.7720628e+03
   4.8865955e+03
   5.0022790e+03
   5.1196833e+03
   5.2391867e+03
   5.3609557e+03
   5.4849308e+03
   5.6108196e+03
   5.7380980e+03
   5.8660169e+03
   5.9936170e+03
   6.1197489e+03
   6.2430987e+03
   6.3622189e+03
   6.4755621e+03
   6.5815181e+03
   6.6784523e+03
   6.7647453e+03
   6.8388312e+03
   6.8992358e+03
   6.9446112e+03
   6.9737683e+03
   6.9857048e+03
   6.9796292e+03
   6.9549800e+03
   6.9114390e+03
   6.8489401e+03
   6.7676721e+03
   6.6680767e+03
   6.5508409e+03
   6.4168853e+03
   6.2673473e+03
   6.1035616e+03
   5.9270364e+03
   5.7394280e+03
   5.5425128e+03
   5.3381584e+03
   5.1282942e+03
   4.9148815e+03
   4.6998849e+03
   4.4852440e+03
   4.2728477e+03
   4.0645097e+03
   3.8619466e+03
   3.6667589e+03
   3.4804143e+03
   3.3042342e+03
   3.1393835e+03
   2.9868625e+03
   2.8475026e+03
   2.7219640e+03
   2.6107367e+03
   2.5141433e+03
   2.4323441e+03
   2.3653442e+03
   2.3130021e+03
   2.2750400e+03
   2.2510545e+03
   2.2405285e+03
   2.2428441e+03
   2.2572947e+03
   2.2830981e+03
   2.3194095e+03
   2.3653331e+03
   2.4199350e+03
   2.4822537e+03
   2.5513113e+03
   2.6261233e+03
   2.7057075e+03
   2.7890924e+03
   2.8753244e+03
   2.9634744e+03
   3.0526433e+03
   3.1419666e+03
   3.2306189e+03
   3.3178165e+03
   3.4028203e+03
   3.4849378e+03
   3.5635244e+03
   3.6379840e+03
   3.7077703e+03
   3.7723863e+03
   3.8313843e+03
   3.8843659e+03
   3.9309814e+03
   3.9709293e+03
   4.0039556e+03
   4.0298534e+03
   4.0484626e+03
   4.0596689e+03
   4.0634040e+03
   4.0596452e+03
   4.0484154e+03
   4.0297831e+03
   4.0038625e+03
   3.9708141e+03
   3.9308449e+03
   3.8842090e+03
   3.8312080e+03
   3.7721919e+03
   3.7075592e+03
   3.6377576e+03
   3.5632842e+03
   3.4846856e+03
   3.4025579e+03
   3.3175458e+03
   3.2303420e+03
   3.1416855e+03
   3.0523601e+03
   2.9631914e+03
   2.8750439e+03
   2.7888167e+03
   2.7054389e+03
   2.6258642e+03
   2.5510639e+03
   2.4820204e+03
   2.4197181e+03
   2.3651349e+03
   2.3192320e+03
   2.2829435e+03
   2.2571650e+03
   2.2427412e+03
   2.2404542e+03
   2.2510103e+03
   2.2750276e+03
   2.3130227e+03
   2.3653989e+03
   2.4324340e+03
   2.5142691e+03
   2.6108989e+03
   2.7221629e+03
   2.8477384e+03
   2.9871351e+03
   3.1396926e+03
   3.3045792e+03
   3.4807943e+03
   3.6671729e+03
   3.8623934e+03
   4.0649877e+03
   4.2733553e+03
   4.4857793e+03
   4.7004458e+03
   4.9154659e+03
   5.1288996e+03
   5.3387823e+03
   5.5431525e+03
   5.7400809e+03
   5.9276998e+03
   6.1042327e+03
   6.2680234e+03
   6.4175638e+03
   6.5515193e+03
   6.6687526e+03
   6.7683433e+03
   6.8496046e+03
   6.9120950e+03
   6.9556261e+03
   6.9802642e+03
   6.9863279e+03
   6.9743791e+03
   6.9452096e+03
   6.8998222e+03
   6.8394063e+03
   6.7653101e+03
   6.6790085e+03
   6.5820676e+03
   6.4761071e+03
   6.3627620e+03
   6.2436427e+03
   6.1202969e+03
   5.9941723e+03
   5.8665828e+03
   5.7386779e+03
   5.6114169e+03
   5.4855487e+03
   5.3615975e+03
   5.2398551e+03
   5.1203809e+03
   5.0030080e+03
   4.8873575e+03
   4.7728592e+03
   4.6587786e+03
   4.5442506e+03
   4.4283179e+03
   4.3099729e+03
   4.1882042e+03
   4.0620438e+03
   3.9306157e+03
   3.7931836e+03
   3.6491966e+03
   3.4983329e+03
   3.3405377e+03
   3.1760571e+03
   3.0054649e+03
   2.8296831e+03
   2.6499944e+03
   2.4680464e+03
   2.2858482e+03
   2.1057587e+03
   1.9304660e+03
   1.7629602e+03
   1.6064989e+03
   1.4645655e+03
   1.3408235e+03
   1.2390650e+03
   1.1631562e+03
   1.1169814e+03
   1.1043845e+03
   1.1291119e+03
   1.1947555e+03
   1.3046990e+03
   1.4620662e+03
   1.6696752e+03
   1.9299958e+03
   2.2451135e+03
   2.6166997e+03
   3.0459877e+03
   3.5337565e+03
   4.0803200e+03
   4.6855242e+03
   5.3487504e+03
   6.0689249e+03
   6.8445339e+03
   7.6736450e+03
   8.5539319e+03
   9.4827047e+03
   1.0456943e+04
   1.1473331e+04
   1.2528298e+04
   1.3618053e+04
   1.4738632e+04
   1.5885930e+04
   1.7055749e+04
   1.8243829e+04
   1.9445891e+04
   2.0657668e+04
   2.1874943e+04
   2.3093572e+04
   2.4309517e+04
   2.5518868e+04
   2.6717863e+04
   2.7902910e+04
   2.9070596e+04
   3.0217703e+04
   3.1341214e+04
   3.2438321e+04
   3.3506423e+04
   3.4543132e+04
   3.5546270e+04
   3.6513859e+04
   3.7444122e+04
   3.8335473e+04
   3.9186507e+04
   3.9995989e+04
   4.0762847e+04
   4.1486154e+04
   4.2165122e+04
   4.2799087e+04
   4.3387495e+04
   4.3929890e+04
   4.4425906e+04
   4.4875249e+04
   4.5277692e+04
   4.5633058e+04
   4.5941219e+04
   4.6202078e+04
   4.6415570e+04
   4.6581647e+04
   4.6700281e+04
   4.6771454e+04
   4.6795155e+04
