   1.2727439e+04
   1.2727337e+04
   1.2727033e+04
   1.2726501e+04
   1.2725701e+04
   1.2724574e+04
   1.2723045e+04
   1.2721022e+04
   1.2718399e+04
   1.2715052e+04
   1.2710842e+04
   1.2705613e+04
   1.2699196e+04
   1.2691404e+04
   1.2682039e+04
   1.2670886e+04
   1.2657718e+04
   1.2642295e+04
   1.2624364e+04
   1.2603662e+04
   1.2579914e+04
   1.2552835e+04
   1.2522133e+04
   1.2487507e+04
   1.2448651e+04
   1.2405253e+04
   1.2356999e+04
   1.2303572e+04
   1.2244657e+04
   1.2179936e+04
   1.2109101e+04
   1.2031846e+04
   1.1947872e+04
   1.1856893e+04
   1.1758633e+04
   1.1652834e+04
   1.1539251e+04
   1.1417662e+04
   1.1287866e+04
   1.1149687e+04
   1.1002977e+04
   1.0847618e+04
   1.0683524e+04
   1.0510644e+04
   1.0328964e+04
   1.0138510e+04
   9.9393497e+03
   9.7315925e+03
   9.5153944e+03
   9.2909572e+03
   9.0585303e+03
   8.8184116e+03
   8.5709480e+03
   8.3165354e+03
   8.0556190e+03
   7.7886925e+03
   7.5162974e+03
   7.2390212e+03
   6.9574963e+03
   6.6723975e+03
   6.3844395e+03
   6.0943739e+03
   5.8029860e+03
   5.5110906e+03
   5.2195285e+03
   4.9291614e+03
   4.6408674e+03
   4.3555359e+03
   4.0740622e+03
   3.7973422e+03
   3.5262663e+03
   3.2617140e+03
   3.0045478e+03
   2.7556076e+03
   2.5157048e+03
   2.2856167e+03
   2.0660810e+03
   1.8577907e+03
   1.6613889e+03
   1.4774644e+03
   1.3065475e+03
   1.1491061e+03
   1.0055426e+03
   8.7619102e+02
   7.6131468e+02
   6.6110475e+02
   5.7567911e+02
   5.0508186e+02
   4.4928354e+02
   4.0818185e+02
   3.8160300e+02
   3.6930367e+02
   3.7097348e+02
   3.8623797e+02
   4.1466217e+02
   4.5575445e+02
   5.0897097e+02
   5.7372029e+02
   6.4936842e+02
   7.3524404e+02
   8.3064393e+02
   9.3483853e+02
   1.0470776e+03
   1.1665956e+03
   1.2926178e+03
   1.4243652e+03
   1.5610603e+03
   1.7019317e+03
   1.8462198e+03
   1.9931807e+03
   2.1420906e+03
   2.2922501e+03
   2.4429874e+03
   2.5936618e+03
   2.7436660e+03
   2.8924292e+03
   3.0394181e+03
   3.1841394e+03
   3.3261402e+03
   3.4650092e+03
   3.6003765e+03
   3.7319144e+03
   3.8593362e+03
   3.9823962e+03
   4.1008884e+03
   4.2146452e+03
   4.3235362e+03
   4.4274664e+03
   4.5263744e+03
   4.6202304e+03
   4.7090341e+03
   4.7928126e+03
   4.8716180e+03
   4.9455254e+03
   5.0146305e+03
   5.0790471e+03
   5.1389052e+03
   5.1943489e+03
   5.2455340e+03
   5.2926259e+03
   5.3357983e+03
   5.3752306e+03
   5.4111070e+03
   5.4436140e+03
   5.4729398e+03
   5.4992725e+03
   5.5227990e+03
   5.5437040e+03
   5.5621687e+03
   5.5783706e+03
   5.5924821e+03
   5.6046703e+03
   5.6150962e+03
   5.6239149e+03
   5.6312742e+03
   5.6373156e+03
   5.6421731e+03
   5.6459738e+03
   5.6488374e+03
   5.6508768e+03
   5.6521975e+03
   5.6528982e+03
   5.6530706e+03
   5.6528000e+03
   5.6521653e+03
   5.6512389e+03
   5.6500875e+03
   5.6487720e+03
   5.6473477e+03
   5.6458649e+03
   5.6443686e+03
   5.6428992e+03
   5.6414925e+03
   5.6401800e+03
   5.6389889e+03
   5.6379425e+03
   5.6370603e+03
   5.6363578e+03
   5.6358474e+03
   5.6355374e+03
   5.6354332e+03
   5.6355363e+03
   5.6358451e+03
   5.6363544e+03
   5.6370557e+03
   5.6379369e+03
   5.6389822e+03
   5.6401722e+03
   5.6414837e+03
   5.6428894e+03
   5.6443578e+03
   5.6458532e+03
   5.6473352e+03
   5.6487586e+03
   5.6500733e+03
   5.6512240e+03
   5.6521497e+03
   5.6527838e+03
   5.6530537e+03
   5.6528807e+03
   5.6521795e+03
   5.6508583e+03
   5.6488184e+03
   5.6459543e+03
   5.6421531e+03
   5.6372952e+03
   5.6312534e+03
   5.6238936e+03
   5.6150746e+03
   5.6046481e+03
   5.5924595e+03
   5.5783475e+03
   5.5621451e+03
   5.5436797e+03
   5.5227742e+03
   5.4992469e+03
   5.4729135e+03
   5.4435869e+03
   5.4110789e+03
   5.3752017e+03
   5.3357682e+03
   5.2925947e+03
   5.2455015e+03
   5.1943151e+03
   5.1388700e+03
   5.0790103e+03
   5.0145920e+03
   4.9454852e+03
   4.8715759e+03
   4.7927686e+03
   4.7089881e+03
   4.6201823e+03
   4.5263241e+03
   4.4274139e+03
   4.3234813e+03
   4.2145880e+03
   4.1008287e+03
   3.9823341e+03
   3.8592716e+03
   3.7318473e+03
   3.6003070e+03
   3.4649372e+03
   3.3260660e+03
   3.1840628e+03
   3.0393393e+03
   2.8923482e+03
   2.7435830e+03
   2.5935768e+03
   2.4429007e+03
   2.2921618e+03
   2.1420010e+03
   1.9930899e+03
   1.8461282e+03
   1.7018395e+03
   1.5609676e+03
   1.4242725e+03
   1.2925253e+03
   1.1665037e+03
   1.0469865e+03
   9.3474879e+02
   8.3055586e+02
   7.3515805e+02
   6.4928493e+02
   5.7363973e+02
   5.0889379e+02
   4.5568110e+02
   4.1459309e+02
   3.8617366e+02
   3.7091439e+02
   3.6925029e+02
   3.8155580e+02
   4.0814130e+02
   4.4925012e+02
   5.0505603e+02
   5.7566133e+02
   6.6109546e+02
   7.6131430e+02
   8.7619997e+02
   1.0055613e+03
   1.1491349e+03
   1.3065867e+03
   1.4775144e+03
   1.6614499e+03
   1.8578631e+03
   2.0661649e+03
   2.2857123e+03
   2.5158123e+03
   2.7557271e+03
   3.0046794e+03
   3.2618577e+03
   3.5264222e+03
   3.7975102e+03
   4.0742422e+03
   4.3557277e+03
   4.6410709e+03
   4.9293764e+03
   5.2197547e+03
   5.5113278e+03
   5.8032337e+03
   6.0946319e+03
   6.3847073e+03
   6.6726746e+03
   6.9577824e+03
   7.2393157e+03
   7.5165998e+03
   7.7890023e+03
   8.0559355e+03
   8.3168581e+03
   8.5712762e+03
   8.8187449e+03
   9.0588679e+03
   9.2912985e+03
   9.5157388e+03
   9.7319393e+03
   9.9396983e+03
   1.0138860e+04
   1.0329315e+04
   1.0510994e+04
   1.0683874e+04
   1.0847966e+04
   1.1003324e+04
   1.1150031e+04
   1.1288206e+04
   1.1417999e+04
   1.1539584e+04
   1.1653162e+04
   1.1758957e+04
   1.1857211e+04
   1.1948184e+04
   1.2032151e+04
   1.2109400e+04
   1.2180228e+04
   1.2244940e+04
   1.2303848e+04
   1.2357267e+04
   1.2405512e+04
   1.2448901e+04
   1.2487748e+04
   1.2522365e+04
   1.2553058e+04
   1.2580127e+04
   1.2603866e+04
   1.2624558e+04
   1.2642479e+04
   1.2657891e+04
   1.2671049e+04
   1.2682191e+04
   1.2691546e+04
   1.2699327e+04
   1.2705734e+04
   1.2710952e+04
   1.2715151e+04
   1.2718488e+04
   1.2721099e+04
   1.2723111e+04
   1.2724629e+04
   1.2725745e+04
   1.2726534e+04
   1.2727055e+04
   1.2727348e+04
   1.2727439e+04
