   1.9691257e-03
   1.9691275e-03
   1.9691334e-03
   1.9691432e-03
   1.9691570e-03
   1.9691747e-03
   1.9691964e-03
   1.9692219e-03
   1.9692512e-03
   1.9692843e-03
   1.9693211e-03
   1.9693615e-03
   1.9694053e-03
   1.9694526e-03
   1.9695033e-03
   1.9695571e-03
   1.9696141e-03
   1.9696740e-03
   1.9697368e-03
   1.9698023e-03
   1.9698703e-03
   1.9699408e-03
   1.9700136e-03
   1.9700884e-03
   1.9701652e-03
   1.9702438e-03
   1.9703240e-03
   1.9704055e-03
   1.9704883e-03
   1.9705721e-03
   1.9706567e-03
   1.9707420e-03
   1.9708277e-03
   1.9709136e-03
   1.9709995e-03
   1.9710852e-03
   1.9711704e-03
   1.9712551e-03
   1.9713388e-03
   1.9714215e-03
   1.9715029e-03
   1.9715827e-03
   1.9716607e-03
   1.9717368e-03
   1.9718106e-03
   1.9718820e-03
   1.9719507e-03
   1.9720166e-03
   1.9720793e-03
   1.9721386e-03
   1.9721944e-03
   1.9722464e-03
   1.9722944e-03
   1.9723382e-03
   1.9723776e-03
   1.9724123e-03
   1.9724422e-03
   1.9724670e-03
   1.9724866e-03
   1.9725008e-03
   1.9725094e-03
   1.9725122e-03
   1.9725090e-03
   1.9724997e-03
   1.9724840e-03
   1.9724619e-03
   1.9724332e-03
   1.9723977e-03
   1.9723553e-03
   1.9723059e-03
   1.9722494e-03
   1.9721855e-03
   1.9721143e-03
   1.9720356e-03
   1.9719493e-03
   1.9718554e-03
   1.9717537e-03
   1.9716442e-03
   1.9715269e-03
   1.9714016e-03
   1.9712684e-03
   1.9711272e-03
   1.9709781e-03
   1.9708208e-03
   1.9706556e-03
   1.9704824e-03
   1.9703011e-03
   1.9701119e-03
   1.9699147e-03
   1.9697097e-03
   1.9694967e-03
   1.9692761e-03
   1.9690477e-03
   1.9688116e-03
   1.9685681e-03
   1.9683171e-03
   1.9680587e-03
   1.9677932e-03
   1.9675206e-03
   1.9672411e-03
   1.9669548e-03
   1.9666618e-03
   1.9663624e-03
   1.9660566e-03
   1.9657448e-03
   1.9654270e-03
   1.9651035e-03
   1.9647745e-03
   1.9644402e-03
   1.9641008e-03
   1.9637565e-03
   1.9634076e-03
   1.9630543e-03
   1.9626969e-03
   1.9623356e-03
   1.9619707e-03
   1.9616024e-03
   1.9612311e-03
   1.9608569e-03
   1.9604802e-03
   1.9601013e-03
   1.9597205e-03
   1.9593379e-03
   1.9589541e-03
   1.9585692e-03
   1.9581835e-03
   1.9577974e-03
   1.9574112e-03
   1.9570252e-03
   1.9566397e-03
   1.9562549e-03
   1.9558713e-03
   1.9554892e-03
   1.9551088e-03
   1.9547305e-03
   1.9543547e-03
   1.9539815e-03
   1.9536113e-03
   1.9532445e-03
   1.9528814e-03
   1.9525222e-03
   1.9521674e-03
   1.9518170e-03
   1.9514716e-03
   1.9511314e-03
   1.9507966e-03
   1.9504677e-03
   1.9501447e-03
   1.9498282e-03
   1.9495182e-03
   1.9492151e-03
   1.9489192e-03
   1.9486307e-03
   1.9483499e-03
   1.9480770e-03
   1.9478123e-03
   1.9475560e-03
   1.9473083e-03
   1.9470695e-03
   1.9468398e-03
   1.9466193e-03
   1.9464083e-03
   1.9462069e-03
   1.9460154e-03
   1.9458339e-03
   1.9456626e-03
   1.9455016e-03
   1.9453511e-03
   1.9452112e-03
   1.9450820e-03
   1.9449637e-03
   1.9448563e-03
   1.9447601e-03
   1.9446749e-03
   1.9446010e-03
   1.9445384e-03
   1.9444871e-03
   1.9444472e-03
   1.9444188e-03
   1.9444018e-03
   1.9443962e-03
   1.9444022e-03
   1.9444196e-03
   1.9444485e-03
   1.9444888e-03
   1.9445405e-03
   1.9446036e-03
   1.9446779e-03
   1.9447635e-03
   1.9448602e-03
   1.9449679e-03
   1.9450867e-03
   1.9452163e-03
   1.9453566e-03
   1.9455075e-03
   1.9456689e-03
   1.9458406e-03
   1.9460226e-03
   1.9462145e-03
   1.9464162e-03
   1.9466276e-03
   1.9468485e-03
   1.9470787e-03
   1.9473179e-03
   1.9475659e-03
   1.9478226e-03
   1.9480877e-03
   1.9483610e-03
   1.9486422e-03
   1.9489310e-03
   1.9492273e-03
   1.9495307e-03
   1.9498410e-03
   1.9501580e-03
   1.9504812e-03
   1.9508106e-03
   1.9511457e-03
   1.9514862e-03
   1.9518320e-03
   1.9521826e-03
   1.9525378e-03
   1.9528973e-03
   1.9532608e-03
   1.9536279e-03
   1.9539983e-03
   1.9543718e-03
   1.9547479e-03
   1.9551265e-03
   1.9555072e-03
   1.9558896e-03
   1.9562734e-03
   1.9566584e-03
   1.9570442e-03
   1.9574305e-03
   1.9578169e-03
   1.9582032e-03
   1.9585891e-03
   1.9589742e-03
   1.9593583e-03
   1.9597410e-03
   1.9601221e-03
   1.9605012e-03
   1.9608780e-03
   1.9612524e-03
   1.9616239e-03
   1.9619923e-03
   1.9623574e-03
   1.9627189e-03
   1.9630764e-03
   1.9634298e-03
   1.9637789e-03
   1.9641233e-03
   1.9644628e-03
   1.9647972e-03
   1.9651263e-03
   1.9654499e-03
   1.9657678e-03
   1.9660797e-03
   1.9663855e-03
   1.9666850e-03
   1.9669780e-03
   1.9672644e-03
   1.9675440e-03
   1.9678166e-03
   1.9680821e-03
   1.9683405e-03
   1.9685915e-03
   1.9688350e-03
   1.9690711e-03
   1.9692995e-03
   1.9695201e-03
   1.9697330e-03
   1.9699381e-03
   1.9701352e-03
   1.9703244e-03
   1.9705056e-03
   1.9706787e-03
   1.9708439e-03
   1.9710010e-03
   1.9711501e-03
   1.9712912e-03
   1.9714243e-03
   1.9715495e-03
   1.9716667e-03
   1.9717761e-03
   1.9718776e-03
   1.9719714e-03
   1.9720576e-03
   1.9721361e-03
   1.9722072e-03
   1.9722709e-03
   1.9723273e-03
   1.9723766e-03
   1.9724188e-03
   1.9724541e-03
   1.9724826e-03
   1.9725045e-03
   1.9725200e-03
   1.9725291e-03
   1.9725321e-03
   1.9725291e-03
   1.9725203e-03
   1.9725059e-03
   1.9724860e-03
   1.9724609e-03
   1.9724308e-03
   1.9723958e-03
   1.9723562e-03
   1.9723122e-03
   1.9722639e-03
   1.9722116e-03
   1.9721556e-03
   1.9720959e-03
   1.9720330e-03
   1.9719669e-03
   1.9718978e-03
   1.9718262e-03
   1.9717520e-03
   1.9716757e-03
   1.9715973e-03
   1.9715172e-03
   1.9714355e-03
   1.9713525e-03
   1.9712685e-03
   1.9711835e-03
   1.9710979e-03
   1.9710119e-03
   1.9709257e-03
   1.9708394e-03
   1.9707534e-03
   1.9706678e-03
   1.9705828e-03
   1.9704987e-03
   1.9704155e-03
   1.9703336e-03
   1.9702531e-03
   1.9701742e-03
   1.9700971e-03
   1.9700218e-03
   1.9699487e-03
   1.9698779e-03
   1.9698094e-03
   1.9697436e-03
   1.9696804e-03
   1.9696201e-03
   1.9695628e-03
   1.9695086e-03
   1.9694576e-03
   1.9694099e-03
   1.9693656e-03
   1.9693249e-03
   1.9692878e-03
   1.9692543e-03
   1.9692246e-03
   1.9691987e-03
   1.9691766e-03
   1.9691585e-03
   1.9691443e-03
   1.9691341e-03
   1.9691279e-03
   1.9691257e-03
