   1.1227150e+05
   1.1223540e+05
   1.1212725e+05
   1.1194686e+05
   1.1169393e+05
   1.1136805e+05
   1.1096870e+05
   1.1049525e+05
   1.0994702e+05
   1.0932321e+05
   1.0862301e+05
   1.0784554e+05
   1.0698991e+05
   1.0605523e+05
   1.0504064e+05
   1.0394532e+05
   1.0276852e+05
   1.0150959e+05
   1.0016802e+05
   9.8743449e+04
   9.7235688e+04
   9.5644777e+04
   9.3970994e+04
   9.2214891e+04
   9.0377321e+04
   8.8459467e+04
   8.6462866e+04
   8.4389434e+04
   8.2241492e+04
   8.0021779e+04
   7.7733472e+04
   7.5380201e+04
   7.2966054e+04
   7.0495581e+04
   6.7973799e+04
   6.5406180e+04
   6.2798647e+04
   6.0157549e+04
   5.7489646e+04
   5.4802078e+04
   5.2102328e+04
   4.9398184e+04
   4.6697689e+04
   4.4009096e+04
   4.1340800e+04
   3.8701285e+04
   3.6099051e+04
   3.3542545e+04
   3.1040089e+04
   2.8599806e+04
   2.6229539e+04
   2.3936777e+04
   2.1728582e+04
   1.9611513e+04
   1.7591557e+04
   1.5674065e+04
   1.3863692e+04
   1.2164342e+04
   1.0579126e+04
   9.1103283e+03
   7.7593720e+03
   6.5268099e+03
   5.4123157e+03
   4.4146901e+03
   3.5318775e+03
   2.7609939e+03
   2.0983663e+03
   1.5395814e+03
   1.0795457e+03
   7.1255334e+02
   4.3236255e+02
   2.3227875e+02
   1.0524298e+02
   4.3924266e+01
   4.0814522e+01
   8.8324519e+01
   1.7887779e+02
   3.0500359e+02
   4.5942513e+02
   6.3514245e+02
   8.2550843e+02
   1.0242969e+03
   1.2257616e+03
   1.4246853e+03
   1.6164188e+03
   1.7969083e+03
   1.9627128e+03
   2.1110100e+03
   2.2395917e+03
   2.3468492e+03
   2.4317495e+03
   2.4938035e+03
   2.5330256e+03
   2.5498889e+03
   2.5452740e+03
   2.5204150e+03
   2.4768434e+03
   2.4163300e+03
   2.3408287e+03
   2.2524204e+03
   2.1532604e+03
   2.0455289e+03
   1.9313861e+03
   1.8129324e+03
   1.6921740e+03
   1.5709943e+03
   1.4511313e+03
   1.3341617e+03
   1.2214896e+03
   1.1143418e+03
   1.0137679e+03
   9.2064515e+02
   8.3568677e+02
   7.5945458e+02
   6.9237357e+02
   6.3474879e+02
   5.8678342e+02
   5.4859745e+02
   5.2024636e+02
   5.0173912e+02
   4.9305512e+02
   4.9415950e+02
   5.0501664e+02
   5.2560136e+02
   5.5590785e+02
   5.9595613e+02
   6.4579603e+02
   7.0550876e+02
   7.7520619e+02
   8.5502809e+02
   9.4513740e+02
   1.0457140e+03
   1.1569469e+03
   1.2790261e+03
   1.4121327e+03
   1.5564295e+03
   1.7120515e+03
   1.8790956e+03
   2.0576121e+03
   2.2475959e+03
   2.4489792e+03
   2.6616245e+03
   2.8853195e+03
   3.1197731e+03
   3.3646120e+03
   3.6193796e+03
   3.8835357e+03
   4.1564572e+03
   4.4374407e+03
   4.7257057e+03
   5.0203987e+03
   5.3205991e+03
   5.6253244e+03
   5.9335379e+03
   6.2441549e+03
   6.5560511e+03
   6.8680702e+03
   7.1790321e+03
   7.4877409e+03
   7.7929927e+03
   8.0935841e+03
   8.3883195e+03
   8.6760184e+03
   8.9555227e+03
   9.2257031e+03
   9.4854655e+03
   9.7337566e+03
   9.9695693e+03
   1.0191947e+04
   1.0399990e+04
   1.0592856e+04
   1.0769767e+04
   1.0930010e+04
   1.1072940e+04
   1.1197984e+04
   1.1304641e+04
   1.1392485e+04
   1.1461166e+04
   1.1510409e+04
   1.1540019e+04
   1.1549879e+04
   1.1539948e+04
   1.1510266e+04
   1.1460952e+04
   1.1392201e+04
   1.1304288e+04
   1.1197563e+04
   1.1072452e+04
   1.0929457e+04
   1.0769151e+04
   1.0592179e+04
   1.0399253e+04
   1.0191153e+04
   9.9687204e+03
   9.7328558e+03
   9.4845156e+03
   9.2247071e+03
   8.9544836e+03
   8.6749394e+03
   8.3872039e+03
   8.0924353e+03
   7.7918142e+03
   7.4865363e+03
   7.1778051e+03
   6.8668244e+03
   6.5547901e+03
   6.2428824e+03
   5.9322577e+03
   5.6240403e+03
   5.3193146e+03
   5.0191176e+03
   4.7244316e+03
   4.4361771e+03
   4.1552075e+03
   3.8823034e+03
   3.6181679e+03
   3.3634240e+03
   3.1186118e+03
   2.8841879e+03
   2.6605252e+03
   2.4479149e+03
   2.2465689e+03
   2.0566245e+03
   1.8781495e+03
   1.7111486e+03
   1.5555714e+03
   1.4113206e+03
   1.2782612e+03
   1.1562300e+03
   1.0450455e+03
   9.4451787e+02
   8.5445753e+02
   7.7468444e+02
   7.0503539e+02
   6.4537041e+02
   5.9557736e+02
   5.5557483e+02
   5.2531277e+02
   5.0477098e+02
   4.9395507e+02
   4.9289005e+02
   5.0161143e+02
   5.2015392e+02
   5.4853804e+02
   5.8675475e+02
   6.3474851e+02
   6.9239930e+02
   7.5950393e+02
   8.3575737e+02
   9.2073464e+02
   1.0138740e+03
   1.1144622e+03
   1.2216223e+03
   1.3343046e+03
   1.4512824e+03
   1.5711517e+03
   1.6923360e+03
   1.8130973e+03
   1.9315524e+03
   2.0456951e+03
   2.1534251e+03
   2.2525824e+03
   2.3409867e+03
   2.4164829e+03
   2.4769900e+03
   2.5205543e+03
   2.5454049e+03
   2.5500104e+03
   2.5331369e+03
   2.4939035e+03
   2.4318374e+03
   2.3469241e+03
   2.2396529e+03
   2.1110568e+03
   1.9627445e+03
   1.7969245e+03
   1.6164192e+03
   1.4246699e+03
   1.2257304e+03
   1.0242504e+03
   8.2544732e+02
   6.3506774e+02
   4.5933824e+02
   3.0490634e+02
   1.7877246e+02
   8.8213838e+01
   4.0701658e+01
   4.3812697e+01
   1.0513700e+02
   2.3218313e+02
   4.3228247e+02
   7.1249443e+02
   1.0795140e+03
   1.5395835e+03
   2.0984089e+03
   2.7610843e+03
   3.5320229e+03
   4.4148982e+03
   5.4125942e+03
   6.5271665e+03
   7.7598144e+03
   9.1108640e+03
   1.0579763e+04
   1.2165086e+04
   1.3864550e+04
   1.5675045e+04
   1.7592663e+04
   1.9612750e+04
   2.1729955e+04
   2.3938289e+04
   2.6231193e+04
   2.8601605e+04
   3.1042034e+04
   3.3544635e+04
   3.6101286e+04
   3.8703664e+04
   4.1343320e+04
   4.4011754e+04
   4.6700481e+04
   4.9401103e+04
   5.2105370e+04
   5.4805235e+04
   5.7492911e+04
   6.0160913e+04
   6.2802101e+04
   6.5409716e+04
   6.7977405e+04
   7.0499248e+04
   7.2969770e+04
   7.5383956e+04
   7.7737253e+04
   8.0025574e+04
   8.2245291e+04
   8.4393224e+04
   8.6466634e+04
   8.8463202e+04
   9.0381012e+04
   9.2218525e+04
   9.3974560e+04
   9.5648264e+04
   9.7239085e+04
   9.8746744e+04
   1.0017121e+05
   1.0151265e+05
   1.0277145e+05
   1.0394811e+05
   1.0504329e+05
   1.0605772e+05
   1.0699224e+05
   1.0784770e+05
   1.0862499e+05
   1.0932501e+05
   1.0994863e+05
   1.1049668e+05
   1.1096992e+05
   1.1136908e+05
   1.1169476e+05
   1.1194748e+05
   1.1212766e+05
   1.1223561e+05
   1.1227150e+05
