   9.9894293e+04
   9.9863766e+04
   9.9772190e+04
   9.9619366e+04
   9.9404967e+04
   9.9128542e+04
   9.8789520e+04
   9.8387225e+04
   9.7920879e+04
   9.7389623e+04
   9.6792524e+04
   9.6128592e+04
   9.5396805e+04
   9.4596121e+04
   9.3725501e+04
   9.2783934e+04
   9.1770462e+04
   9.0684201e+04
   8.9524372e+04
   8.8290327e+04
   8.6981578e+04
   8.5597825e+04
   8.4138987e+04
   8.2605227e+04
   8.0996987e+04
   7.9315010e+04
   7.7560371e+04
   7.5734500e+04
   7.3839207e+04
   7.1876701e+04
   6.9849610e+04
   6.7760995e+04
   6.5614362e+04
   6.3413670e+04
   6.1163330e+04
   5.8868206e+04
   5.6533605e+04
   5.4165268e+04
   5.1769343e+04
   4.9352367e+04
   4.6921234e+04
   4.4483150e+04
   4.2045601e+04
   3.9616295e+04
   3.7203108e+04
   3.4814030e+04
   3.2457093e+04
   3.0140306e+04
   2.7871583e+04
   2.5658668e+04
   2.3509060e+04
   2.1429935e+04
   1.9428074e+04
   1.7509785e+04
   1.5680837e+04
   1.3946390e+04
   1.2310936e+04
   1.0778245e+04
   9.3513186e+03
   8.0323489e+03
   6.8226945e+03
   5.7228604e+03
   4.7324909e+03
   3.8503747e+03
   3.0744601e+03
   2.4018827e+03
   1.8290044e+03
   1.3514628e+03
   9.6423141e+02
   6.6168916e+02
   4.3769804e+02
   2.8568810e+02
   1.9874801e+02
   1.6971983e+02
   1.9129621e+02
   2.5611842e+02
   3.5687349e+02
   4.8638867e+02
   6.3772155e+02
   8.0424421e+02
   9.7971999e+02
   1.1583716e+03
   1.3349395e+03
   1.5047291e+03
   1.6636477e+03
   1.8082281e+03
   1.9356417e+03
   2.0436993e+03
   2.1308398e+03
   2.1961095e+03
   2.2391298e+03
   2.2600573e+03
   2.2595352e+03
   2.2386386e+03
   2.1988153e+03
   2.1418219e+03
   2.0696591e+03
   1.9845062e+03
   1.8886560e+03
   1.7844529e+03
   1.6742338e+03
   1.5602748e+03
   1.4447421e+03
   1.3296504e+03
   1.2168279e+03
   1.1078883e+03
   1.0042111e+03
   9.0692812e+02
   8.1691852e+02
   7.3480968e+02
   6.6098495e+02
   5.9559688e+02
   5.3858545e+02
   4.8970027e+02
   4.4852621e+02
   4.1451117e+02
   3.8699538e+02
   3.6524132e+02
   3.4846332e+02
   3.3585619e+02
   3.2662224e+02
   3.1999595e+02
   3.1526601e+02
   3.1179424e+02
   3.0903110e+02
   3.0652770e+02
   3.0394428e+02
   3.0105503e+02
   2.9774961e+02
   2.9403135e+02
   2.9001258e+02
   2.8590720e+02
   2.8202113e+02
   2.7874076e+02
   2.7651992e+02
   2.7586579e+02
   2.7732416e+02
   2.8146429e+02
   2.8886397e+02
   3.0009485e+02
   3.1570853e+02
   3.3622358e+02
   3.6211369e+02
   3.9379720e+02
   4.3162803e+02
   4.7588821e+02
   5.2678193e+02
   5.8443127e+02
   6.4887343e+02
   7.2005955e+02
   7.9785492e+02
   8.8204057e+02
   9.7231610e+02
   1.0683036e+03
   1.1695523e+03
   1.2755449e+03
   1.3857032e+03
   1.4993955e+03
   1.6159438e+03
   1.7346314e+03
   1.8547109e+03
   1.9754118e+03
   2.0959483e+03
   2.2155269e+03
   2.3333541e+03
   2.4486435e+03
   2.5606221e+03
   2.6685376e+03
   2.7716637e+03
   2.8693063e+03
   2.9608083e+03
   3.0455544e+03
   3.1229754e+03
   3.1925522e+03
   3.2538191e+03
   3.3063664e+03
   3.3498434e+03
   3.3839605e+03
   3.4084903e+03
   3.4232699e+03
   3.4282009e+03
   3.4232505e+03
   3.4084515e+03
   3.3839024e+03
   3.3497662e+03
   3.3062703e+03
   3.2537043e+03
   3.1924191e+03
   3.1228243e+03
   3.0453856e+03
   2.9606223e+03
   2.8691035e+03
   2.7714446e+03
   2.6683025e+03
   2.5603717e+03
   2.4483781e+03
   2.3330744e+03
   2.2152333e+03
   2.0956412e+03
   1.9750919e+03
   1.8543786e+03
   1.7342871e+03
   1.6155879e+03
   1.4990286e+03
   1.3853256e+03
   1.2751571e+03
   1.1691547e+03
   1.0678965e+03
   9.7189999e+02
   8.8161582e+02
   7.9742191e+02
   7.1961870e+02
   6.4842517e+02
   5.8397603e+02
   5.2632017e+02
   4.7542041e+02
   4.3115471e+02
   3.9331891e+02
   3.6163101e+02
   3.3573712e+02
   3.1521895e+02
   2.9960284e+02
   2.8837025e+02
   2.8096960e+02
   2.7682927e+02
   2.7537150e+02
   2.7602700e+02
   2.7825001e+02
   2.8153332e+02
   2.8542306e+02
   2.8953283e+02
   2.9355666e+02
   2.9728056e+02
   3.0059215e+02
   3.0348800e+02
   3.0607839e+02
   3.0858900e+02
   3.1135950e+02
   3.1483869e+02
   3.1957598e+02
   3.2620949e+02
   3.3545041e+02
   3.4806419e+02
   3.6484845e+02
   3.8660834e+02
   4.1412948e+02
   4.4814939e+02
   4.8932783e+02
   5.3821693e+02
   5.9523189e+02
   6.6062316e+02
   7.3445086e+02
   8.1656255e+02
   9.0657501e+02
   1.0038610e+03
   1.1075415e+03
   1.2164848e+03
   1.3293117e+03
   1.4444085e+03
   1.5599471e+03
   1.6739130e+03
   1.7841400e+03
   1.8883522e+03
   1.9842125e+03
   2.0693766e+03
   2.1415515e+03
   2.1985580e+03
   2.2383952e+03
   2.2593061e+03
   2.2598429e+03
   2.2389300e+03
   2.1959240e+03
   2.1306680e+03
   2.0435400e+03
   1.9354937e+03
   1.8080894e+03
   1.6635162e+03
   1.5046023e+03
   1.3348143e+03
   1.1582449e+03
   9.7958821e+02
   8.0410361e+02
   6.3756824e+02
   4.8621862e+02
   3.5668268e+02
   2.5590285e+02
   1.9105202e+02
   1.6944332e+02
   1.9843575e+02
   2.8533704e+02
   4.3730558e+02
   6.6125320e+02
   9.6375040e+02
   1.3509358e+03
   1.8284311e+03
   2.4012634e+03
   3.0737959e+03
   3.8496673e+03
   4.7317428e+03
   5.7220747e+03
   6.8218751e+03
   8.0315000e+03
   9.3504452e+03
   1.0777353e+04
   1.2310031e+04
   1.3945477e+04
   1.5679924e+04
   1.7508879e+04
   1.9427181e+04
   2.1429063e+04
   2.3508215e+04
   2.5657857e+04
   2.7870812e+04
   3.0139582e+04
   3.2456422e+04
   3.4813417e+04
   3.7202558e+04
   3.9615812e+04
   4.2045190e+04
   4.4482813e+04
   4.6920973e+04
   4.9352185e+04
   5.1769240e+04
   5.4165245e+04
   5.6533663e+04
   5.8868343e+04
   6.1163545e+04
   6.3413960e+04
   6.5614725e+04
   6.7761427e+04
   6.9850107e+04
   7.1877260e+04
   7.3839822e+04
   7.5735167e+04
   7.7561083e+04
   7.9315762e+04
   8.0997773e+04
   8.2606042e+04
   8.4139823e+04
   8.5598678e+04
   8.6982440e+04
   8.8291192e+04
   8.9525233e+04
   9.0685053e+04
   9.1771298e+04
   9.2784749e+04
   9.3726289e+04
   9.4596876e+04
   9.5397524e+04
   9.6129268e+04
   9.6793153e+04
   9.7390202e+04
   9.7921404e+04
   9.8387691e+04
   9.8789925e+04
   9.9128883e+04
   9.9405243e+04
   9.9619575e+04
   9.9772330e+04
   9.9863836e+04
   9.9894293e+04
