   3.6684338e+00
   3.6684312e+00
   3.6684239e+00
   3.6684111e+00
   3.6683918e+00
   3.6683647e+00
   3.6683280e+00
   3.6682794e+00
   3.6682163e+00
   3.6681358e+00
   3.6680345e+00
   3.6679087e+00
   3.6677542e+00
   3.6675665e+00
   3.6673409e+00
   3.6670721e+00
   3.6667546e+00
   3.6663825e+00
   3.6659496e+00
   3.6654495e+00
   3.6648754e+00
   3.6642200e+00
   3.6634762e+00
   3.6626362e+00
   3.6616922e+00
   3.6606361e+00
   3.6594595e+00
   3.6581539e+00
   3.6567106e+00
   3.6551207e+00
   3.6533751e+00
   3.6514646e+00
   3.6493800e+00
   3.6471118e+00
   3.6446505e+00
   3.6419867e+00
   3.6391107e+00
   3.6360130e+00
   3.6326839e+00
   3.6291139e+00
   3.6252935e+00
   3.6212132e+00
   3.6168637e+00
   3.6122357e+00
   3.6073202e+00
   3.6021081e+00
   3.5965908e+00
   3.5907596e+00
   3.5846062e+00
   3.5781226e+00
   3.5713009e+00
   3.5641336e+00
   3.5566136e+00
   3.5487339e+00
   3.5404881e+00
   3.5318700e+00
   3.5228739e+00
   3.5134944e+00
   3.5037268e+00
   3.4935666e+00
   3.4830098e+00
   3.4720529e+00
   3.4606930e+00
   3.4489275e+00
   3.4367546e+00
   3.4241729e+00
   3.4111815e+00
   3.3977801e+00
   3.3839689e+00
   3.3697488e+00
   3.3551213e+00
   3.3400882e+00
   3.3246522e+00
   3.3088165e+00
   3.2925847e+00
   3.2759613e+00
   3.2589510e+00
   3.2415595e+00
   3.2237926e+00
   3.2056572e+00
   3.1871602e+00
   3.1683095e+00
   3.1491132e+00
   3.1295802e+00
   3.1097197e+00
   3.0895415e+00
   3.0690557e+00
   3.0482732e+00
   3.0272050e+00
   3.0058627e+00
   2.9842583e+00
   2.9624041e+00
   2.9403127e+00
   2.9179973e+00
   2.8954711e+00
   2.8727479e+00
   2.8498415e+00
   2.8267660e+00
   2.8035358e+00
   2.7801655e+00
   2.7566697e+00
   2.7330634e+00
   2.7093614e+00
   2.6855788e+00
   2.6617308e+00
   2.6378325e+00
   2.6138990e+00
   2.5899456e+00
   2.5659873e+00
   2.5420392e+00
   2.5181163e+00
   2.4942336e+00
   2.4704057e+00
   2.4466473e+00
   2.4229728e+00
   2.3993965e+00
   2.3759326e+00
   2.3525948e+00
   2.3293968e+00
   2.3063520e+00
   2.2834735e+00
   2.2607742e+00
   2.2382665e+00
   2.2159629e+00
   2.1938751e+00
   2.1720150e+00
   2.1503937e+00
   2.1290224e+00
   2.1079115e+00
   2.0870716e+00
   2.0665124e+00
   2.0462438e+00
   2.0262748e+00
   2.0066146e+00
   1.9872715e+00
   1.9682540e+00
   1.9495698e+00
   1.9312266e+00
   1.9132315e+00
   1.8955915e+00
   1.8783130e+00
   1.8614023e+00
   1.8448653e+00
   1.8287076e+00
   1.8129345e+00
   1.7975510e+00
   1.7825618e+00
   1.7679714e+00
   1.7537839e+00
   1.7400032e+00
   1.7266330e+00
   1.7136766e+00
   1.7011373e+00
   1.6890180e+00
   1.6773215e+00
   1.6660502e+00
   1.6552066e+00
   1.6447928e+00
   1.6348107e+00
   1.6252623e+00
   1.6161492e+00
   1.6074728e+00
   1.5992346e+00
   1.5914359e+00
   1.5840778e+00
   1.5771613e+00
   1.5706873e+00
   1.5646567e+00
   1.5590702e+00
   1.5539284e+00
   1.5492321e+00
   1.5449815e+00
   1.5411773e+00
   1.5378197e+00
   1.5349092e+00
   1.5324459e+00
   1.5304302e+00
   1.5288622e+00
   1.5277420e+00
   1.5270697e+00
   1.5268455e+00
   1.5270692e+00
   1.5277410e+00
   1.5288607e+00
   1.5304283e+00
   1.5324435e+00
   1.5349063e+00
   1.5378163e+00
   1.5411734e+00
   1.5449772e+00
   1.5492272e+00
   1.5539231e+00
   1.5590644e+00
   1.5646504e+00
   1.5706805e+00
   1.5771540e+00
   1.5840700e+00
   1.5914277e+00
   1.5992259e+00
   1.6074636e+00
   1.6161394e+00
   1.6252521e+00
   1.6348001e+00
   1.6447816e+00
   1.6551950e+00
   1.6660381e+00
   1.6773089e+00
   1.6890049e+00
   1.7011238e+00
   1.7136626e+00
   1.7266185e+00
   1.7399882e+00
   1.7537685e+00
   1.7679555e+00
   1.7825455e+00
   1.7975342e+00
   1.8129172e+00
   1.8286899e+00
   1.8448471e+00
   1.8613837e+00
   1.8782939e+00
   1.8955720e+00
   1.9132117e+00
   1.9312063e+00
   1.9495492e+00
   1.9682329e+00
   1.9872501e+00
   2.0065927e+00
   2.0262527e+00
   2.0462212e+00
   2.0664896e+00
   2.0870484e+00
   2.1078880e+00
   2.1289986e+00
   2.1503696e+00
   2.1719906e+00
   2.1938505e+00
   2.2159380e+00
   2.2382415e+00
   2.2607489e+00
   2.2834481e+00
   2.3063264e+00
   2.3293711e+00
   2.3525689e+00
   2.3759066e+00
   2.3993705e+00
   2.4229467e+00
   2.4466211e+00
   2.4703795e+00
   2.4942074e+00
   2.5180902e+00
   2.5420131e+00
   2.5659613e+00
   2.5899196e+00
   2.6138732e+00
   2.6378068e+00
   2.6617053e+00
   2.6855535e+00
   2.7093363e+00
   2.7330385e+00
   2.7566452e+00
   2.7801412e+00
   2.8035119e+00
   2.8267424e+00
   2.8498182e+00
   2.8727250e+00
   2.8954487e+00
   2.9179753e+00
   2.9402911e+00
   2.9623830e+00
   2.9842377e+00
   3.0058426e+00
   3.0271855e+00
   3.0482542e+00
   3.0690373e+00
   3.0895236e+00
   3.1097025e+00
   3.1295636e+00
   3.1490973e+00
   3.1682942e+00
   3.1871455e+00
   3.2056432e+00
   3.2237793e+00
   3.2415468e+00
   3.2589391e+00
   3.2759500e+00
   3.2925742e+00
   3.3088067e+00
   3.3246431e+00
   3.3400798e+00
   3.3551136e+00
   3.3697419e+00
   3.3839627e+00
   3.3977745e+00
   3.4111767e+00
   3.4241688e+00
   3.4367512e+00
   3.4489248e+00
   3.4606909e+00
   3.4720515e+00
   3.4830090e+00
   3.4935665e+00
   3.5037273e+00
   3.5134955e+00
   3.5228756e+00
   3.5318722e+00
   3.5404909e+00
   3.5487373e+00
   3.5566175e+00
   3.5641380e+00
   3.5713057e+00
   3.5781279e+00
   3.5846120e+00
   3.5907657e+00
   3.5965973e+00
   3.6021151e+00
   3.6073275e+00
   3.6122433e+00
   3.6168716e+00
   3.6212214e+00
   3.6253019e+00
   3.6291225e+00
   3.6326927e+00
   3.6360219e+00
   3.6391198e+00
   3.6419959e+00
   3.6446598e+00
   3.6471211e+00
   3.6493893e+00
   3.6514740e+00
   3.6533844e+00
   3.6551300e+00
   3.6567199e+00
   3.6581631e+00
   3.6594686e+00
   3.6606450e+00
   3.6617010e+00
   3.6626448e+00
   3.6634845e+00
   3.6642281e+00
   3.6648832e+00
   3.6654571e+00
   3.6659569e+00
   3.6663895e+00
   3.6667612e+00
   3.6670784e+00
   3.6673469e+00
   3.6675722e+00
   3.6677594e+00
   3.6679135e+00
   3.6680390e+00
   3.6681398e+00
   3.6682199e+00
   3.6682825e+00
   3.6683307e+00
   3.6683670e+00
   3.6683936e+00
   3.6684124e+00
   3.6684248e+00
   3.6684317e+00
   3.6684338e+00
