   3.5384291e+02
   3.5383077e+02
   3.5379473e+02
   3.5373461e+02
   3.5365010e+02
   3.5354081e+02
   3.5340619e+02
   3.5324560e+02
   3.5305830e+02
   3.5284339e+02
   3.5259992e+02
   3.5232679e+02
   3.5202282e+02
   3.5168671e+02
   3.5131709e+02
   3.5091247e+02
   3.5047130e+02
   3.4999191e+02
   3.4947258e+02
   3.4891151e+02
   3.4830683e+02
   3.4765661e+02
   3.4695885e+02
   3.4621152e+02
   3.4541254e+02
   3.4455979e+02
   3.4365113e+02
   3.4268439e+02
   3.4165741e+02
   3.4056800e+02
   3.3941399e+02
   3.3819322e+02
   3.3690356e+02
   3.3554290e+02
   3.3410919e+02
   3.3260041e+02
   3.3101462e+02
   3.2934995e+02
   3.2760460e+02
   3.2577686e+02
   3.2386514e+02
   3.2186794e+02
   3.1978390e+02
   3.1761177e+02
   3.1535044e+02
   3.1299897e+02
   3.1055655e+02
   3.0802255e+02
   3.0539651e+02
   3.0267814e+02
   2.9986736e+02
   2.9696425e+02
   2.9396912e+02
   2.9088246e+02
   2.8770499e+02
   2.8443763e+02
   2.8108150e+02
   2.7763797e+02
   2.7410859e+02
   2.7049516e+02
   2.6679968e+02
   2.6302437e+02
   2.5917166e+02
   2.5524420e+02
   2.5124484e+02
   2.4717662e+02
   2.4304279e+02
   2.3884678e+02
   2.3459220e+02
   2.3028283e+02
   2.2592261e+02
   2.2151563e+02
   2.1706611e+02
   2.1257843e+02
   2.0805704e+02
   2.0350652e+02
   1.9893154e+02
   1.9433681e+02
   1.8972715e+02
   1.8510738e+02
   1.8048237e+02
   1.7585700e+02
   1.7123614e+02
   1.6662467e+02
   1.6202741e+02
   1.5744915e+02
   1.5289461e+02
   1.4836843e+02
   1.4387518e+02
   1.3941930e+02
   1.3500513e+02
   1.3063688e+02
   1.2631862e+02
   1.2205426e+02
   1.1784756e+02
   1.1370210e+02
   1.0962127e+02
   1.0560830e+02
   1.0166620e+02
   9.7797795e+01
   9.4005689e+01
   9.0292291e+01
   8.6659790e+01
   8.3110163e+01
   7.9645171e+01
   7.6266357e+01
   7.2975050e+01
   6.9772365e+01
   6.6659205e+01
   6.3636266e+01
   6.0704039e+01
   5.7862813e+01
   5.5112685e+01
   5.2453563e+01
   4.9885174e+01
   4.7407067e+01
   4.5018626e+01
   4.2719074e+01
   4.0507484e+01
   3.8382786e+01
   3.6343774e+01
   3.4389119e+01
   3.2517374e+01
   3.0726986e+01
   2.9016305e+01
   2.7383590e+01
   2.5827024e+01
   2.4344715e+01
   2.2934713e+01
   2.1595012e+01
   2.0323563e+01
   1.9118280e+01
   1.7977048e+01
   1.6897731e+01
   1.5878179e+01
   1.4916235e+01
   1.4009743e+01
   1.3156552e+01
   1.2354522e+01
   1.1601532e+01
   1.0895481e+01
   1.0234298e+01
   9.6159404e+00
   9.0384037e+00
   8.4997211e+00
   7.9979682e+00
   7.5312662e+00
   7.0977838e+00
   6.6957400e+00
   6.3234058e+00
   5.9791058e+00
   5.6612200e+00
   5.3681844e+00
   5.0984921e+00
   4.8506941e+00
   4.6233997e+00
   4.4152766e+00
   4.2250513e+00
   4.0515086e+00
   3.8934919e+00
   3.7499024e+00
   3.6196990e+00
   3.5018977e+00
   3.3955711e+00
   3.2998473e+00
   3.2139100e+00
   3.1369969e+00
   3.0683996e+00
   3.0074624e+00
   2.9535821e+00
   2.9062066e+00
   2.8648345e+00
   2.8290145e+00
   2.7983448e+00
   2.7724721e+00
   2.7510916e+00
   2.7339460e+00
   2.7208255e+00
   2.7115673e+00
   2.7060552e+00
   2.7042196e+00
   2.7060374e+00
   2.7115317e+00
   2.7207722e+00
   2.7338748e+00
   2.7510026e+00
   2.7723652e+00
   2.7982200e+00
   2.8288717e+00
   2.8646736e+00
   2.9060276e+00
   2.9533850e+00
   3.0072471e+00
   3.0681659e+00
   3.1367449e+00
   3.2136395e+00
   3.2995584e+00
   3.3952636e+00
   3.5015716e+00
   3.6193543e+00
   3.7495390e+00
   3.8931099e+00
   4.0511081e+00
   4.2246322e+00
   4.4148390e+00
   4.6229437e+00
   4.8502198e+00
   5.0979997e+00
   5.3676742e+00
   5.6606923e+00
   5.9785608e+00
   6.3228439e+00
   6.6951618e+00
   7.0971897e+00
   7.5306569e+00
   7.9973444e+00
   8.4990836e+00
   9.0377535e+00
   9.6152785e+00
   1.0233625e+01
   1.0894799e+01
   1.1600842e+01
   1.2353826e+01
   1.3155852e+01
   1.4009040e+01
   1.4915531e+01
   1.5877476e+01
   1.6897032e+01
   1.7976355e+01
   1.9117597e+01
   2.0322893e+01
   2.1594357e+01
   2.2934077e+01
   2.4344102e+01
   2.5826438e+01
   2.7383035e+01
   2.9015785e+01
   3.0726506e+01
   3.2516939e+01
   3.4388734e+01
   3.6343445e+01
   3.8382518e+01
   4.0507283e+01
   4.2718946e+01
   4.5018577e+01
   4.7407105e+01
   4.9885305e+01
   5.2453795e+01
   5.5113024e+01
   5.7863266e+01
   6.0704614e+01
   6.3636972e+01
   6.6660049e+01
   6.9773354e+01
   7.2976193e+01
   7.6267662e+01
   7.9646646e+01
   8.3111817e+01
   8.6661630e+01
   9.0294326e+01
   9.4007927e+01
   9.7800243e+01
   1.0166887e+02
   1.0561120e+02
   1.0962440e+02
   1.1370547e+02
   1.1785118e+02
   1.2205814e+02
   1.2632275e+02
   1.3064128e+02
   1.3500980e+02
   1.3942425e+02
   1.4388041e+02
   1.4837395e+02
   1.5290042e+02
   1.5745526e+02
   1.6203382e+02
   1.6663138e+02
   1.7124315e+02
   1.7586430e+02
   1.8048998e+02
   1.8511529e+02
   1.8973536e+02
   1.9434533e+02
   1.9894035e+02
   2.0351563e+02
   2.0806643e+02
   2.1258811e+02
   2.1707607e+02
   2.2152586e+02
   2.2593311e+02
   2.3029359e+02
   2.3460322e+02
   2.3885805e+02
   2.4305429e+02
   2.4718835e+02
   2.5125678e+02
   2.5525635e+02
   2.5918401e+02
   2.6303690e+02
   2.6681238e+02
   2.7050801e+02
   2.7412159e+02
   2.7765110e+02
   2.8109475e+02
   2.8445098e+02
   2.8771844e+02
   2.9089598e+02
   2.9398270e+02
   2.9697787e+02
   2.9988101e+02
   3.0269181e+02
   3.0541018e+02
   3.0803620e+02
   3.1057017e+02
   3.1301255e+02
   3.1536396e+02
   3.1762521e+02
   3.1979725e+02
   3.2188119e+02
   3.2387826e+02
   3.2578985e+02
   3.2761743e+02
   3.2936262e+02
   3.3102712e+02
   3.3261272e+02
   3.3412129e+02
   3.3555479e+02
   3.3691522e+02
   3.3820464e+02
   3.3942515e+02
   3.4057890e+02
   3.4166804e+02
   3.4269473e+02
   3.4366117e+02
   3.4456953e+02
   3.4542196e+02
   3.4622062e+02
   3.4696761e+02
   3.4766503e+02
   3.4831490e+02
   3.4891923e+02
   3.4947993e+02
   3.4999889e+02
   3.5047789e+02
   3.5091869e+02
   3.5132292e+02
   3.5169214e+02
   3.5202785e+02
   3.5233142e+02
   3.5260414e+02
   3.5284720e+02
   3.5306169e+02
   3.5324858e+02
   3.5340874e+02
   3.5354294e+02
   3.5365181e+02
   3.5373589e+02
   3.5379559e+02
   3.5383120e+02
   3.5384291e+02
