   4.8137186e+04
   4.8130718e+04
   4.8111456e+04
   4.8079233e+04
   4.8033776e+04
   4.7974702e+04
   4.7901521e+04
   4.7813643e+04
   4.7710376e+04
   4.7590931e+04
   4.7454432e+04
   4.7299912e+04
   4.7126330e+04
   4.6932568e+04
   4.6717449e+04
   4.6479737e+04
   4.6218153e+04
   4.5931383e+04
   4.5618093e+04
   4.5276939e+04
   4.4906582e+04
   4.4505707e+04
   4.4073033e+04
   4.3607334e+04
   4.3107459e+04
   4.2572345e+04
   4.2001045e+04
   4.1392739e+04
   4.0746761e+04
   4.0062619e+04
   3.9340014e+04
   3.8578859e+04
   3.7779304e+04
   3.6941748e+04
   3.6066863e+04
   3.5155605e+04
   3.4209229e+04
   3.3229302e+04
   3.2217711e+04
   3.1176668e+04
   3.0108710e+04
   2.9016700e+04
   2.7903822e+04
   2.6773563e+04
   2.5629707e+04
   2.4476308e+04
   2.3317668e+04
   2.2158304e+04
   2.1002916e+04
   1.9856345e+04
   1.8723531e+04
   1.7609460e+04
   1.6519117e+04
   1.5457429e+04
   1.4429208e+04
   1.3439093e+04
   1.2491490e+04
   1.1590514e+04
   1.0739929e+04
   9.9430992e+03
   9.2029310e+03
   8.5218298e+03
   7.9016578e+03
   7.3436995e+03
   6.8486345e+03
   6.4165189e+03
   6.0467751e+03
   5.7381915e+03
   5.4889319e+03
   5.2965549e+03
   5.1580427e+03
   5.0698406e+03
   5.0279041e+03
   5.0277560e+03
   5.0645501e+03
   5.1331420e+03
   5.2281646e+03
   5.3441081e+03
   5.4754023e+03
   5.6164995e+03
   5.7619573e+03
   5.9065185e+03
   6.0451876e+03
   6.1733018e+03
   6.2865952e+03
   6.3812555e+03
   6.4539716e+03
   6.5019708e+03
   6.5230468e+03
   6.5155756e+03
   6.4785215e+03
   6.4114322e+03
   6.3144223e+03
   6.1881491e+03
   6.0337769e+03
   5.8529354e+03
   5.6476693e+03
   5.4203839e+03
   5.1737850e+03
   4.9108168e+03
   4.6345976e+03
   4.3483557e+03
   4.0553669e+03
   3.7588935e+03
   3.4621280e+03
   3.1681403e+03
   2.8798313e+03
   2.5998918e+03
   2.3307686e+03
   2.0746372e+03
   1.8333814e+03
   1.6085801e+03
   1.4015004e+03
   1.2130984e+03
   1.0440241e+03
   8.9463291e+02
   7.6500201e+02
   6.5494984e+02
   5.6405951e+02
   4.9170455e+02
   4.3707637e+02
   3.9921273e+02
   3.7702655e+02
   3.6933438e+02
   3.7488399e+02
   3.9238062e+02
   4.2051133e+02
   4.5796735e+02
   5.0346397e+02
   5.5575789e+02
   6.1366198e+02
   6.7605730e+02
   7.4190260e+02
   8.1024122e+02
   8.8020565e+02
   9.5101991e+02
   1.0219999e+03
   1.0925521e+03
   1.1621706e+03
   1.2304331e+03
   1.2969956e+03
   1.3615865e+03
   1.4240005e+03
   1.4840911e+03
   1.5417641e+03
   1.5969707e+03
   1.6497003e+03
   1.6999743e+03
   1.7478398e+03
   1.7933638e+03
   1.8366281e+03
   1.8777247e+03
   1.9167514e+03
   1.9538085e+03
   1.9889956e+03
   2.0224092e+03
   2.0541406e+03
   2.0842746e+03
   2.1128882e+03
   2.1400499e+03
   2.1658192e+03
   2.1902469e+03
   2.2133748e+03
   2.2352364e+03
   2.2558569e+03
   2.2752546e+03
   2.2934410e+03
   2.3104218e+03
   2.3261981e+03
   2.3407664e+03
   2.3541204e+03
   2.3662510e+03
   2.3771476e+03
   2.3867988e+03
   2.3951927e+03
   2.4023179e+03
   2.4081636e+03
   2.4127205e+03
   2.4159810e+03
   2.4179394e+03
   2.4185922e+03
   2.4179381e+03
   2.4159783e+03
   2.4127162e+03
   2.4081574e+03
   2.4023095e+03
   2.3951817e+03
   2.3867845e+03
   2.3771294e+03
   2.3662281e+03
   2.3540921e+03
   2.3407318e+03
   2.3261561e+03
   2.3103714e+03
   2.2933810e+03
   2.2751838e+03
   2.2557741e+03
   2.2351401e+03
   2.2132638e+03
   2.1901196e+03
   2.1656742e+03
   2.1398856e+03
   2.1127033e+03
   2.0840675e+03
   2.0539098e+03
   2.0221534e+03
   1.9887135e+03
   1.9534988e+03
   1.9164130e+03
   1.8773566e+03
   1.8362295e+03
   1.7929340e+03
   1.7473784e+03
   1.6994811e+03
   1.6491754e+03
   1.5964143e+03
   1.5411770e+03
   1.4834741e+03
   1.4233549e+03
   1.3609140e+03
   1.2962981e+03
   1.2297129e+03
   1.1614304e+03
   1.0917949e+03
   1.0212290e+03
   9.5023902e+02
   8.7941871e+02
   8.0945244e+02
   7.4111641e+02
   6.7527831e+02
   6.1289495e+02
   5.5500766e+02
   5.0273540e+02
   4.5726526e+02
   4.1984046e+02
   3.9174553e+02
   3.7428902e+02
   3.6878357e+02
   3.7652359e+02
   3.9876089e+02
   4.3667842e+02
   4.9136275e+02
   5.6377551e+02
   6.5472470e+02
   7.6483611e+02
   8.9452593e+02
   1.0439750e+03
   1.2131057e+03
   1.4015616e+03
   1.6086921e+03
   1.8335408e+03
   2.0748397e+03
   2.3310095e+03
   2.6001659e+03
   2.8801331e+03
   3.1684641e+03
   3.4624678e+03
   3.7592434e+03
   4.0557207e+03
   4.3487077e+03
   4.6349422e+03
   4.9111488e+03
   5.1740996e+03
   5.4206769e+03
   5.6479372e+03
   5.8531754e+03
   6.0339872e+03
   6.1883286e+03
   6.3145710e+03
   6.4115509e+03
   6.4786123e+03
   6.5156414e+03
   6.5230917e+03
   6.5019999e+03
   6.4539908e+03
   6.3812719e+03
   6.2866166e+03
   6.1733369e+03
   6.0452460e+03
   5.9066101e+03
   5.7620928e+03
   5.6166899e+03
   5.4756589e+03
   5.3444426e+03
   5.2285886e+03
   5.1336671e+03
   5.0651877e+03
   5.0285173e+03
   5.0287998e+03
   5.0708810e+03
   5.1592375e+03
   5.2979128e+03
   5.4904612e+03
   5.7398994e+03
   6.0486679e+03
   6.4186019e+03
   6.8509119e+03
   7.3461743e+03
   7.9043321e+03
   8.5247043e+03
   9.2060055e+03
   9.9463723e+03
   1.0743398e+04
   1.1594175e+04
   1.2495339e+04
   1.3443124e+04
   1.4433414e+04
   1.5461802e+04
   1.6523648e+04
   1.7614141e+04
   1.8728352e+04
   1.9861295e+04
   2.1007983e+04
   2.2163477e+04
   2.3322936e+04
   2.4481658e+04
   2.5635126e+04
   2.6779038e+04
   2.7909341e+04
   2.9022251e+04
   3.0114278e+04
   3.1182242e+04
   3.2223279e+04
   3.3234850e+04
   3.4214746e+04
   3.5161079e+04
   3.6072284e+04
   3.6947104e+04
   3.7784585e+04
   3.8584056e+04
   3.9345116e+04
   4.0067618e+04
   4.0751648e+04
   4.1397506e+04
   4.2005685e+04
   4.2576852e+04
   4.3111824e+04
   4.3611553e+04
   4.4077099e+04
   4.4509616e+04
   4.4910329e+04
   4.5280519e+04
   4.5621503e+04
   4.5934619e+04
   4.6221212e+04
   4.6482616e+04
   4.6720146e+04
   4.6935081e+04
   4.7128655e+04
   4.7302049e+04
   4.7456379e+04
   4.7592687e+04
   4.7711939e+04
   4.7815013e+04
   4.7902697e+04
   4.7975682e+04
   4.8034561e+04
   4.8079823e+04
   4.8111849e+04
   4.8130915e+04
   4.8137186e+04
