   1.1299162e+05
   1.1295490e+05
   1.1284484e+05
   1.1266124e+05
   1.1240378e+05
   1.1207203e+05
   1.1166544e+05
   1.1118335e+05
   1.1062502e+05
   1.0998964e+05
   1.0927633e+05
   1.0848416e+05
   1.0761221e+05
   1.0665953e+05
   1.0562521e+05
   1.0450838e+05
   1.0330825e+05
   1.0202414e+05
   1.0065550e+05
   9.9201937e+04
   9.7663268e+04
   9.6039525e+04
   9.4330999e+04
   9.2538268e+04
   9.0662231e+04
   8.8704130e+04
   8.6665584e+04
   8.4548614e+04
   8.2355659e+04
   8.0089608e+04
   7.7753807e+04
   7.5352077e+04
   7.2888723e+04
   7.0368536e+04
   6.7796793e+04
   6.5179253e+04
   6.2522139e+04
   5.9832127e+04
   5.7116311e+04
   5.4382184e+04
   5.1637589e+04
   4.8890679e+04
   4.6149870e+04
   4.3423775e+04
   4.0721152e+04
   3.8050827e+04
   3.5421630e+04
   3.2842311e+04
   3.0321468e+04
   2.7867462e+04
   2.5488340e+04
   2.3191745e+04
   2.0984847e+04
   1.8874256e+04
   1.6865955e+04
   1.4965229e+04
   1.3176605e+04
   1.1503797e+04
   9.9496612e+03
   8.5161613e+03
   7.2043432e+03
   6.0143219e+03
   4.9452803e+03
   3.9954799e+03
   3.1622838e+03
   2.4421928e+03
   1.8308920e+03
   1.3233099e+03
   9.1368730e+02
   5.9565616e+02
   3.6232646e+02
   2.0637994e+02
   1.2016927e+02
   9.5820786e+01
   1.2533913e+02
   2.0071160e+02
   3.1401111e+02
   4.5749546e+02
   6.2370112e+02
   8.0553021e+02
   9.9632893e+02
   1.1899564e+03
   1.3808429e+03
   1.5640357e+03
   1.7352340e+03
   1.8908104e+03
   2.0278201e+03
   2.1439977e+03
   2.2377428e+03
   2.3080936e+03
   2.3546911e+03
   2.3777342e+03
   2.3779269e+03
   2.3564197e+03
   2.3147463e+03
   2.2547566e+03
   2.1785495e+03
   2.0884042e+03
   1.9867142e+03
   1.8759240e+03
   1.7584691e+03
   1.6367225e+03
   1.5129465e+03
   1.3892511e+03
   1.2675604e+03
   1.1495863e+03
   1.0368094e+03
   9.3046790e+02
   8.3155390e+02
   7.4081585e+02
   6.5876766e+02
   5.8570312e+02
   5.2171492e+02
   4.6671748e+02
   4.2047265e+02
   3.8261730e+02
   3.5269199e+02
   3.3016981e+02
   3.1448456e+02
   3.0505756e+02
   3.0132252e+02
   3.0274781e+02
   3.0885578e+02
   3.1923884e+02
   3.3357196e+02
   3.5162168e+02
   3.7325145e+02
   3.9842359e+02
   4.2719783e+02
   4.5972691e+02
   4.9624934e+02
   5.3707993e+02
   5.8259824e+02
   6.3323547e+02
   6.8946033e+02
   7.5176404e+02
   8.2064516e+02
   8.9659444e+02
   9.8008004e+02
   1.0715336e+03
   1.1713374e+03
   1.2798123e+03
   1.3972078e+03
   1.5236933e+03
   1.6593509e+03
   1.8041701e+03
   1.9580444e+03
   2.1207690e+03
   2.2920410e+03
   2.4714604e+03
   2.6585328e+03
   2.8526735e+03
   3.0532127e+03
   3.2594018e+03
   3.4704202e+03
   3.6853836e+03
   3.9033515e+03
   4.1233368e+03
   4.3443141e+03
   4.5652290e+03
   4.7850074e+03
   5.0025639e+03
   5.2168113e+03
   5.4266684e+03
   5.6310684e+03
   5.8289667e+03
   6.0193477e+03
   6.2012322e+03
   6.3736830e+03
   6.5358112e+03
   6.6867811e+03
   6.8258148e+03
   6.9521966e+03
   7.0652770e+03
   7.1644754e+03
   7.2492831e+03
   7.3192661e+03
   7.3740663e+03
   7.4134039e+03
   7.4370781e+03
   7.4449680e+03
   7.4370335e+03
   7.4133148e+03
   7.3739330e+03
   7.3190890e+03
   7.2490629e+03
   7.1642127e+03
   7.0649727e+03
   6.9518516e+03
   6.8254302e+03
   6.6863581e+03
   6.5353512e+03
   6.3731873e+03
   6.2007022e+03
   6.0187852e+03
   5.8283732e+03
   5.6304458e+03
   5.4260184e+03
   5.2161357e+03
   5.0018646e+03
   4.7842862e+03
   4.5644880e+03
   4.3435551e+03
   4.1225619e+03
   3.9025626e+03
   3.6845826e+03
   3.4696091e+03
   3.2585825e+03
   3.0523872e+03
   2.8518436e+03
   2.6577005e+03
   2.4706275e+03
   2.2912094e+03
   2.1199403e+03
   1.9572204e+03
   1.8033525e+03
   1.6585414e+03
   1.5228934e+03
   1.3964192e+03
   1.2790363e+03
   1.1705756e+03
   1.0707874e+03
   9.7935063e+02
   8.9588311e+02
   8.1995308e+02
   7.5109227e+02
   6.8880986e+02
   6.3260719e+02
   5.8199291e+02
   5.3649822e+02
   4.9569179e+02
   4.5919393e+02
   4.2668973e+02
   3.9794050e+02
   3.7279339e+02
   3.5118852e+02
   3.3316345e+02
   3.1885456e+02
   3.0849521e+02
   3.0241026e+02
   3.0100723e+02
   3.0476363e+02
   3.1421101e+02
   3.2991558e+02
   3.5245593e+02
   3.8239824e+02
   4.2026938e+02
   4.6652879e+02
   5.2153959e+02
   5.8553998e+02
   6.5861558e+02
   7.4067376e+02
   8.3142082e+02
   9.3034292e+02
   1.0366917e+03
   1.1494753e+03
   1.2674554e+03
   1.3891516e+03
   1.5128521e+03
   1.6366330e+03
   1.7583842e+03
   1.8758435e+03
   1.9866381e+03
   2.0883322e+03
   2.1784816e+03
   2.2546927e+03
   2.3146860e+03
   2.3563629e+03
   2.3778732e+03
   2.3776830e+03
   2.3546419e+03
   2.3080456e+03
   2.2376951e+03
   2.1439492e+03
   2.0277695e+03
   1.8907565e+03
   1.7351753e+03
   1.5639707e+03
   1.3807700e+03
   1.1898741e+03
   9.9623556e+02
   8.0542429e+02
   6.2358131e+02
   4.5736055e+02
   3.1386015e+02
   2.0054390e+02
   1.2515435e+02
   9.5618907e+01
   1.1995064e+02
   2.0614548e+02
   3.6207762e+02
   5.9539489e+02
   9.1341605e+02
   1.3230317e+03
   1.8306104e+03
   2.4419118e+03
   3.1620080e+03
   3.9952143e+03
   4.9450304e+03
   6.0140936e+03
   7.2041427e+03
   8.5159950e+03
   9.9495357e+03
   1.1503719e+04
   1.3176581e+04
   1.4965267e+04
   1.6866060e+04
   1.8874435e+04
   2.0985107e+04
   2.3192091e+04
   2.5488777e+04
   2.7867995e+04
   3.0322101e+04
   3.2843048e+04
   3.5422473e+04
   3.8051780e+04
   4.0722214e+04
   4.3424949e+04
   4.6151153e+04
   4.8892072e+04
   5.1639089e+04
   5.4383789e+04
   5.7118018e+04
   5.9833931e+04
   6.2524036e+04
   6.5181236e+04
   6.7798857e+04
   7.0370673e+04
   7.2890927e+04
   7.5354339e+04
   7.7756119e+04
   8.0091962e+04
   8.2358045e+04
   8.4551023e+04
   8.6668007e+04
   8.8706557e+04
   9.0664652e+04
   9.2540675e+04
   9.4333381e+04
   9.6041873e+04
   9.7665573e+04
   9.9204189e+04
   1.0065769e+05
   1.0202626e+05
   1.0331029e+05
   1.0451033e+05
   1.0562707e+05
   1.0666129e+05
   1.0761386e+05
   1.0848570e+05
   1.0927774e+05
   1.0999093e+05
   1.1062618e+05
   1.1118437e+05
   1.1166632e+05
   1.1207278e+05
   1.1240438e+05
   1.1266169e+05
   1.1284514e+05
   1.1295505e+05
   1.1299162e+05
