   1.2133201e-04
   1.2133197e-04
   1.2133190e-04
   1.2133180e-04
   1.2133167e-04
   1.2133151e-04
   1.2133132e-04
   1.2133109e-04
   1.2133083e-04
   1.2133053e-04
   1.2133018e-04
   1.2132979e-04
   1.2132935e-04
   1.2132886e-04
   1.2132831e-04
   1.2132770e-04
   1.2132703e-04
   1.2132628e-04
   1.2132546e-04
   1.2132456e-04
   1.2132357e-04
   1.2132249e-04
   1.2132131e-04
   1.2132002e-04
   1.2131862e-04
   1.2131710e-04
   1.2131545e-04
   1.2131367e-04
   1.2131174e-04
   1.2130967e-04
   1.2130744e-04
   1.2130505e-04
   1.2130248e-04
   1.2129974e-04
   1.2129680e-04
   1.2129367e-04
   1.2129033e-04
   1.2128677e-04
   1.2128299e-04
   1.2127898e-04
   1.2127474e-04
   1.2127024e-04
   1.2126548e-04
   1.2126046e-04
   1.2125517e-04
   1.2124959e-04
   1.2124373e-04
   1.2123756e-04
   1.2123109e-04
   1.2122430e-04
   1.2121719e-04
   1.2120975e-04
   1.2120197e-04
   1.2119385e-04
   1.2118537e-04
   1.2117653e-04
   1.2116733e-04
   1.2115776e-04
   1.2114780e-04
   1.2113746e-04
   1.2112674e-04
   1.2111561e-04
   1.2110408e-04
   1.2109215e-04
   1.2107981e-04
   1.2106705e-04
   1.2105388e-04
   1.2104028e-04
   1.2102626e-04
   1.2101181e-04
   1.2099693e-04
   1.2098162e-04
   1.2096588e-04
   1.2094970e-04
   1.2093308e-04
   1.2091604e-04
   1.2089855e-04
   1.2088063e-04
   1.2086228e-04
   1.2084350e-04
   1.2082429e-04
   1.2080465e-04
   1.2078458e-04
   1.2076410e-04
   1.2074319e-04
   1.2072188e-04
   1.2070015e-04
   1.2067803e-04
   1.2065550e-04
   1.2063259e-04
   1.2060929e-04
   1.2058561e-04
   1.2056156e-04
   1.2053715e-04
   1.2051239e-04
   1.2048728e-04
   1.2046184e-04
   1.2043607e-04
   1.2040999e-04
   1.2038361e-04
   1.2035693e-04
   1.2032997e-04
   1.2030274e-04
   1.2027525e-04
   1.2024752e-04
   1.2021955e-04
   1.2019137e-04
   1.2016298e-04
   1.2013441e-04
   1.2010566e-04
   1.2007675e-04
   1.2004769e-04
   1.2001850e-04
   1.1998920e-04
   1.1995980e-04
   1.1993032e-04
   1.1990077e-04
   1.1987118e-04
   1.1984155e-04
   1.1981191e-04
   1.1978227e-04
   1.1975265e-04
   1.1972308e-04
   1.1969355e-04
   1.1966410e-04
   1.1963475e-04
   1.1960550e-04
   1.1957638e-04
   1.1954741e-04
   1.1951861e-04
   1.1948998e-04
   1.1946156e-04
   1.1943336e-04
   1.1940540e-04
   1.1937770e-04
   1.1935027e-04
   1.1932313e-04
   1.1929630e-04
   1.1926981e-04
   1.1924366e-04
   1.1921787e-04
   1.1919247e-04
   1.1916746e-04
   1.1914287e-04
   1.1911872e-04
   1.1909501e-04
   1.1907177e-04
   1.1904901e-04
   1.1902675e-04
   1.1900501e-04
   1.1898379e-04
   1.1896312e-04
   1.1894300e-04
   1.1892346e-04
   1.1890450e-04
   1.1888614e-04
   1.1886839e-04
   1.1885127e-04
   1.1883479e-04
   1.1881896e-04
   1.1880378e-04
   1.1878928e-04
   1.1877546e-04
   1.1876233e-04
   1.1874991e-04
   1.1873819e-04
   1.1872719e-04
   1.1871692e-04
   1.1870739e-04
   1.1869859e-04
   1.1869054e-04
   1.1868325e-04
   1.1867671e-04
   1.1867094e-04
   1.1866594e-04
   1.1866170e-04
   1.1865825e-04
   1.1865556e-04
   1.1865366e-04
   1.1865254e-04
   1.1865220e-04
   1.1865264e-04
   1.1865386e-04
   1.1865586e-04
   1.1865864e-04
   1.1866220e-04
   1.1866653e-04
   1.1867164e-04
   1.1867751e-04
   1.1868414e-04
   1.1869153e-04
   1.1869968e-04
   1.1870857e-04
   1.1871820e-04
   1.1872857e-04
   1.1873966e-04
   1.1875147e-04
   1.1876399e-04
   1.1877721e-04
   1.1879112e-04
   1.1880571e-04
   1.1882098e-04
   1.1883690e-04
   1.1885347e-04
   1.1887068e-04
   1.1888851e-04
   1.1890695e-04
   1.1892599e-04
   1.1894562e-04
   1.1896582e-04
   1.1898657e-04
   1.1900786e-04
   1.1902969e-04
   1.1905202e-04
   1.1907485e-04
   1.1909817e-04
   1.1912194e-04
   1.1914617e-04
   1.1917082e-04
   1.1919589e-04
   1.1922136e-04
   1.1924721e-04
   1.1927342e-04
   1.1929998e-04
   1.1932686e-04
   1.1935406e-04
   1.1938154e-04
   1.1940930e-04
   1.1943731e-04
   1.1946556e-04
   1.1949403e-04
   1.1952270e-04
   1.1955154e-04
   1.1958056e-04
   1.1960972e-04
   1.1963900e-04
   1.1966839e-04
   1.1969788e-04
   1.1972743e-04
   1.1975704e-04
   1.1978669e-04
   1.1981635e-04
   1.1984602e-04
   1.1987567e-04
   1.1990528e-04
   1.1993485e-04
   1.1996435e-04
   1.1999376e-04
   1.2002308e-04
   1.2005228e-04
   1.2008135e-04
   1.2011027e-04
   1.2013902e-04
   1.2016760e-04
   1.2019599e-04
   1.2022418e-04
   1.2025214e-04
   1.2027987e-04
   1.2030735e-04
   1.2033458e-04
   1.2036153e-04
   1.2038820e-04
   1.2041458e-04
   1.2044065e-04
   1.2046640e-04
   1.2049183e-04
   1.2051692e-04
   1.2054167e-04
   1.2056606e-04
   1.2059008e-04
   1.2061374e-04
   1.2063701e-04
   1.2065990e-04
   1.2068240e-04
   1.2070450e-04
   1.2072620e-04
   1.2074748e-04
   1.2076835e-04
   1.2078881e-04
   1.2080884e-04
   1.2082844e-04
   1.2084762e-04
   1.2086637e-04
   1.2088468e-04
   1.2090256e-04
   1.2092000e-04
   1.2093701e-04
   1.2095358e-04
   1.2096972e-04
   1.2098542e-04
   1.2100068e-04
   1.2101552e-04
   1.2102992e-04
   1.2104390e-04
   1.2105745e-04
   1.2107057e-04
   1.2108328e-04
   1.2109558e-04
   1.2110746e-04
   1.2111894e-04
   1.2113001e-04
   1.2114069e-04
   1.2115098e-04
   1.2116088e-04
   1.2117040e-04
   1.2117955e-04
   1.2118833e-04
   1.2119676e-04
   1.2120483e-04
   1.2121255e-04
   1.2121994e-04
   1.2122700e-04
   1.2123373e-04
   1.2124015e-04
   1.2124626e-04
   1.2125207e-04
   1.2125759e-04
   1.2126283e-04
   1.2126779e-04
   1.2127249e-04
   1.2127693e-04
   1.2128113e-04
   1.2128508e-04
   1.2128880e-04
   1.2129230e-04
   1.2129559e-04
   1.2129866e-04
   1.2130155e-04
   1.2130424e-04
   1.2130675e-04
   1.2130909e-04
   1.2131126e-04
   1.2131327e-04
   1.2131514e-04
   1.2131687e-04
   1.2131846e-04
   1.2131993e-04
   1.2132127e-04
   1.2132250e-04
   1.2132363e-04
   1.2132466e-04
   1.2132559e-04
   1.2132644e-04
   1.2132721e-04
   1.2132790e-04
   1.2132852e-04
   1.2132907e-04
   1.2132957e-04
   1.2133000e-04
   1.2133039e-04
   1.2133072e-04
   1.2133101e-04
   1.2133126e-04
   1.2133147e-04
   1.2133164e-04
   1.2133178e-04
   1.2133189e-04
   1.2133196e-04
   1.2133201e-04
   1.2133202e-04
   1.2133201e-04
