   2.4206563e-03
   2.4206584e-03
   2.4206651e-03
   2.4206763e-03
   2.4206922e-03
   2.4207126e-03
   2.4207375e-03
   2.4207668e-03
   2.4208004e-03
   2.4208384e-03
   2.4208805e-03
   2.4209268e-03
   2.4209771e-03
   2.4210312e-03
   2.4210892e-03
   2.4211507e-03
   2.4212158e-03
   2.4212841e-03
   2.4213557e-03
   2.4214302e-03
   2.4215076e-03
   2.4215877e-03
   2.4216702e-03
   2.4217550e-03
   2.4218418e-03
   2.4219304e-03
   2.4220207e-03
   2.4221124e-03
   2.4222053e-03
   2.4222990e-03
   2.4223935e-03
   2.4224884e-03
   2.4225835e-03
   2.4226785e-03
   2.4227732e-03
   2.4228673e-03
   2.4229605e-03
   2.4230526e-03
   2.4231433e-03
   2.4232324e-03
   2.4233195e-03
   2.4234043e-03
   2.4234866e-03
   2.4235662e-03
   2.4236427e-03
   2.4237159e-03
   2.4237854e-03
   2.4238510e-03
   2.4239125e-03
   2.4239695e-03
   2.4240218e-03
   2.4240691e-03
   2.4241112e-03
   2.4241477e-03
   2.4241785e-03
   2.4242033e-03
   2.4242218e-03
   2.4242338e-03
   2.4242390e-03
   2.4242372e-03
   2.4242282e-03
   2.4242118e-03
   2.4241877e-03
   2.4241558e-03
   2.4241158e-03
   2.4240676e-03
   2.4240109e-03
   2.4239457e-03
   2.4238716e-03
   2.4237887e-03
   2.4236966e-03
   2.4235954e-03
   2.4234847e-03
   2.4233647e-03
   2.4232350e-03
   2.4230957e-03
   2.4229466e-03
   2.4227877e-03
   2.4226188e-03
   2.4224401e-03
   2.4222513e-03
   2.4220524e-03
   2.4218436e-03
   2.4216246e-03
   2.4213956e-03
   2.4211565e-03
   2.4209075e-03
   2.4206484e-03
   2.4203794e-03
   2.4201005e-03
   2.4198118e-03
   2.4195134e-03
   2.4192054e-03
   2.4188879e-03
   2.4185611e-03
   2.4182249e-03
   2.4178797e-03
   2.4175255e-03
   2.4171625e-03
   2.4167909e-03
   2.4164110e-03
   2.4160228e-03
   2.4156266e-03
   2.4152226e-03
   2.4148111e-03
   2.4143923e-03
   2.4139665e-03
   2.4135339e-03
   2.4130947e-03
   2.4126494e-03
   2.4121981e-03
   2.4117412e-03
   2.4112790e-03
   2.4108117e-03
   2.4103398e-03
   2.4098635e-03
   2.4093832e-03
   2.4088993e-03
   2.4084120e-03
   2.4079218e-03
   2.4074290e-03
   2.4069339e-03
   2.4064370e-03
   2.4059387e-03
   2.4054392e-03
   2.4049391e-03
   2.4044386e-03
   2.4039383e-03
   2.4034383e-03
   2.4029393e-03
   2.4024416e-03
   2.4019455e-03
   2.4014514e-03
   2.4009599e-03
   2.4004712e-03
   2.3999858e-03
   2.3995041e-03
   2.3990265e-03
   2.3985533e-03
   2.3980850e-03
   2.3976220e-03
   2.3971646e-03
   2.3967132e-03
   2.3962683e-03
   2.3958301e-03
   2.3953991e-03
   2.3949756e-03
   2.3945601e-03
   2.3941527e-03
   2.3937540e-03
   2.3933642e-03
   2.3929837e-03
   2.3926129e-03
   2.3922519e-03
   2.3919012e-03
   2.3915611e-03
   2.3912318e-03
   2.3909136e-03
   2.3906068e-03
   2.3903118e-03
   2.3900286e-03
   2.3897577e-03
   2.3894992e-03
   2.3892534e-03
   2.3890204e-03
   2.3888005e-03
   2.3885939e-03
   2.3884007e-03
   2.3882212e-03
   2.3880554e-03
   2.3879036e-03
   2.3877659e-03
   2.3876424e-03
   2.3875331e-03
   2.3874383e-03
   2.3873579e-03
   2.3872921e-03
   2.3872409e-03
   2.3872044e-03
   2.3871825e-03
   2.3871754e-03
   2.3871830e-03
   2.3872053e-03
   2.3872423e-03
   2.3872939e-03
   2.3873602e-03
   2.3874410e-03
   2.3875363e-03
   2.3876460e-03
   2.3877700e-03
   2.3879082e-03
   2.3880605e-03
   2.3882267e-03
   2.3884066e-03
   2.3886003e-03
   2.3888073e-03
   2.3890277e-03
   2.3892611e-03
   2.3895073e-03
   2.3897663e-03
   2.3900377e-03
   2.3903212e-03
   2.3906167e-03
   2.3909239e-03
   2.3912425e-03
   2.3915722e-03
   2.3919128e-03
   2.3922639e-03
   2.3926252e-03
   2.3929965e-03
   2.3933774e-03
   2.3937676e-03
   2.3941667e-03
   2.3945744e-03
   2.3949904e-03
   2.3954142e-03
   2.3958456e-03
   2.3962841e-03
   2.3967295e-03
   2.3971812e-03
   2.3976389e-03
   2.3981023e-03
   2.3985710e-03
   2.3990445e-03
   2.3995225e-03
   2.4000045e-03
   2.4004902e-03
   2.4009792e-03
   2.4014711e-03
   2.4019654e-03
   2.4024618e-03
   2.4029598e-03
   2.4034591e-03
   2.4039593e-03
   2.4044600e-03
   2.4049607e-03
   2.4054611e-03
   2.4059608e-03
   2.4064594e-03
   2.4069566e-03
   2.4074518e-03
   2.4079449e-03
   2.4084353e-03
   2.4089228e-03
   2.4094070e-03
   2.4098874e-03
   2.4103639e-03
   2.4108360e-03
   2.4113034e-03
   2.4117658e-03
   2.4122229e-03
   2.4126743e-03
   2.4131198e-03
   2.4135591e-03
   2.4139918e-03
   2.4144178e-03
   2.4148367e-03
   2.4152483e-03
   2.4156524e-03
   2.4160486e-03
   2.4164369e-03
   2.4168170e-03
   2.4171886e-03
   2.4175516e-03
   2.4179059e-03
   2.4182512e-03
   2.4185873e-03
   2.4189142e-03
   2.4192318e-03
   2.4195398e-03
   2.4198382e-03
   2.4201268e-03
   2.4204057e-03
   2.4206747e-03
   2.4209337e-03
   2.4211827e-03
   2.4214218e-03
   2.4216507e-03
   2.4218696e-03
   2.4220784e-03
   2.4222772e-03
   2.4224659e-03
   2.4226445e-03
   2.4228133e-03
   2.4229721e-03
   2.4231210e-03
   2.4232602e-03
   2.4233898e-03
   2.4235097e-03
   2.4236202e-03
   2.4237213e-03
   2.4238131e-03
   2.4238959e-03
   2.4239698e-03
   2.4240349e-03
   2.4240913e-03
   2.4241394e-03
   2.4241791e-03
   2.4242108e-03
   2.4242347e-03
   2.4242509e-03
   2.4242596e-03
   2.4242612e-03
   2.4242557e-03
   2.4242435e-03
   2.4242247e-03
   2.4241997e-03
   2.4241686e-03
   2.4241318e-03
   2.4240894e-03
   2.4240418e-03
   2.4239892e-03
   2.4239319e-03
   2.4238701e-03
   2.4238041e-03
   2.4237343e-03
   2.4236608e-03
   2.4235840e-03
   2.4235041e-03
   2.4234214e-03
   2.4233362e-03
   2.4232487e-03
   2.4231594e-03
   2.4230683e-03
   2.4229758e-03
   2.4228822e-03
   2.4227877e-03
   2.4226927e-03
   2.4225973e-03
   2.4225018e-03
   2.4224065e-03
   2.4223116e-03
   2.4222174e-03
   2.4221242e-03
   2.4220321e-03
   2.4219414e-03
   2.4218523e-03
   2.4217651e-03
   2.4216799e-03
   2.4215970e-03
   2.4215165e-03
   2.4214387e-03
   2.4213637e-03
   2.4212917e-03
   2.4212229e-03
   2.4211574e-03
   2.4210954e-03
   2.4210371e-03
   2.4209825e-03
   2.4209318e-03
   2.4208850e-03
   2.4208424e-03
   2.4208040e-03
   2.4207699e-03
   2.4207402e-03
   2.4207148e-03
   2.4206940e-03
   2.4206777e-03
   2.4206660e-03
   2.4206588e-03
   2.4206563e-03
