   1.8488097e+04
   1.8487814e+04
   1.8486867e+04
   1.8485142e+04
   1.8482449e+04
   1.8478523e+04
   1.8473023e+04
   1.8465535e+04
   1.8455572e+04
   1.8442577e+04
   1.8425922e+04
   1.8404914e+04
   1.8378793e+04
   1.8346742e+04
   1.8307882e+04
   1.8261287e+04
   1.8205980e+04
   1.8140945e+04
   1.8065131e+04
   1.7977463e+04
   1.7876848e+04
   1.7762185e+04
   1.7632377e+04
   1.7486343e+04
   1.7323031e+04
   1.7141429e+04
   1.6940584e+04
   1.6719613e+04
   1.6477721e+04
   1.6214219e+04
   1.5928535e+04
   1.5620238e+04
   1.5289048e+04
   1.4934857e+04
   1.4557738e+04
   1.4157967e+04
   1.3736026e+04
   1.3292622e+04
   1.2828689e+04
   1.2345398e+04
   1.1844157e+04
   1.1326611e+04
   1.0794638e+04
   1.0250341e+04
   9.6960377e+03
   9.1342401e+03
   8.5676385e+03
   7.9990750e+03
   7.4315156e+03
   6.8680179e+03
   6.3116956e+03
   5.7656802e+03
   5.2330799e+03
   4.7169369e+03
   4.2201841e+03
   3.7456008e+03
   3.2957698e+03
   2.8730357e+03
   2.4794659e+03
   2.1168147e+03
   1.7864922e+03
   1.4895384e+03
   1.2266025e+03
   9.9792969e+02
   8.0335454e+02
   6.4230214e+02
   5.1379669e+02
   4.1647790e+02
   3.4862493e+02
   3.0818732e+02
   2.9282264e+02
   2.9993982e+02
   3.2674744e+02
   3.7030585e+02
   4.2758190e+02
   4.9550512e+02
   5.7102397e+02
   6.5116083e+02
   7.3306452e+02
   8.1405898e+02
   8.9168715e+02
   9.6374891e+02
   1.0283324e+03
   1.0838378e+03
   1.1289938e+03
   1.1628654e+03
   1.1848547e+03
   1.1946929e+03
   1.1924260e+03
   1.1783934e+03
   1.1532004e+03
   1.1176866e+03
   1.0728898e+03
   1.0200074e+03
   9.6035612e+02
   8.9533139e+02
   8.2636745e+02
   7.5489892e+02
   6.8232519e+02
   6.0997810e+02
   5.3909372e+02
   4.7078871e+02
   4.0604161e+02
   3.4567910e+02
   2.9036744e+02
   2.4060878e+02
   1.9674214e+02
   1.5894867e+02
   1.2726066e+02
   1.0157373e+02
   8.1661652e+01
   6.7193058e+01
   5.7749504e+01
   5.2844161e+01
   5.1940591e+01
   5.4471070e+01
   5.9853957e+01
   6.7509725e+01
   7.6875326e+01
   8.7416644e+01
   9.8638891e+01
   1.1009485e+02
   1.2139094e+02
   1.3219127e+02
   1.4221955e+02
   1.5125939e+02
   1.5915277e+02
   1.6579727e+02
   1.7114202e+02
   1.7518283e+02
   1.7795662e+02
   1.7953536e+02
   1.8001986e+02
   1.7953356e+02
   1.7821639e+02
   1.7621901e+02
   1.7369745e+02
   1.7080827e+02
   1.6770431e+02
   1.6453105e+02
   1.6142362e+02
   1.5850443e+02
   1.5588149e+02
   1.5364716e+02
   1.5187763e+02
   1.5063269e+02
   1.4995604e+02
   1.4987595e+02
   1.5040610e+02
   1.5154678e+02
   1.5328618e+02
   1.5560182e+02
   1.5846201e+02
   1.6182734e+02
   1.6565219e+02
   1.6988610e+02
   1.7447512e+02
   1.7936302e+02
   1.8449246e+02
   1.8980589e+02
   1.9524651e+02
   2.0075891e+02
   2.0628975e+02
   2.1178817e+02
   2.1720622e+02
   2.2249909e+02
   2.2762530e+02
   2.3254675e+02
   2.3722882e+02
   2.4164023e+02
   2.4575305e+02
   2.4954251e+02
   2.5298689e+02
   2.5606736e+02
   2.5876780e+02
   2.6107463e+02
   2.6297667e+02
   2.6446498e+02
   2.6553274e+02
   2.6617517e+02
   2.6638942e+02
   2.6617454e+02
   2.6553148e+02
   2.6446309e+02
   2.6297415e+02
   2.6107149e+02
   2.5876404e+02
   2.5606299e+02
   2.5298190e+02
   2.4953691e+02
   2.4574685e+02
   2.4163344e+02
   2.3722144e+02
   2.3253880e+02
   2.2761677e+02
   2.2249000e+02
   2.1719658e+02
   2.1177798e+02
   2.0627903e+02
   2.0074767e+02
   1.9523475e+02
   1.8979364e+02
   1.8447972e+02
   1.7934981e+02
   1.7446145e+02
   1.6987199e+02
   1.6563765e+02
   1.6181239e+02
   1.5844667e+02
   1.5558611e+02
   1.5327013e+02
   1.5153041e+02
   1.5038944e+02
   1.4985903e+02
   1.4993890e+02
   1.5061535e+02
   1.5186014e+02
   1.5362956e+02
   1.5586382e+02
   1.5848676e+02
   1.6140598e+02
   1.6451351e+02
   1.6768693e+02
   1.7079111e+02
   1.7368057e+02
   1.7620249e+02
   1.7820030e+02
   1.7951797e+02
   1.8000486e+02
   1.7952102e+02
   1.7794303e+02
   1.7517007e+02
   1.7113017e+02
   1.6578642e+02
   1.5914300e+02
   1.5125079e+02
   1.4221219e+02
   1.3218523e+02
   1.2138630e+02
   1.1009166e+02
   9.8637218e+01
   8.7416523e+01
   7.6876783e+01
   6.7512769e+01
   5.9858573e+01
   5.4477219e+01
   5.1948204e+01
   5.2853136e+01
   5.7759702e+01
   6.7204296e+01
   8.1673704e+01
   1.0158633e+02
   1.2727347e+02
   1.5896134e+02
   1.9675425e+02
   2.4061988e+02
   2.9037704e+02
   3.4568668e+02
   4.0604663e+02
   4.7079062e+02
   5.3909196e+02
   6.0997216e+02
   6.8231456e+02
   7.5488315e+02
   8.2634616e+02
   8.9530428e+02
   9.6032299e+02
   1.0199682e+03
   1.0728445e+03
   1.1176354e+03
   1.1531436e+03
   1.1783315e+03
   1.1923596e+03
   1.1946227e+03
   1.1847816e+03
   1.1627903e+03
   1.1289177e+03
   1.0837618e+03
   1.0282576e+03
   9.6367632e+02
   8.9161777e+02
   8.1399368e+02
   7.3300402e+02
   6.5110565e+02
   5.7097439e+02
   4.9546115e+02
   4.2754322e+02
   3.7027183e+02
   3.2671707e+02
   2.9991172e+02
   2.9279507e+02
   3.0815815e+02
   3.4859167e+02
   4.1643773e+02
   5.1374646e+02
   6.4223844e+02
   8.0327374e+02
   9.9782798e+02
   1.2264760e+03
   1.4893831e+03
   1.7863041e+03
   2.1165899e+03
   2.4792007e+03
   2.8727267e+03
   3.2954135e+03
   3.7451944e+03
   4.2197249e+03
   4.7164229e+03
   5.2325092e+03
   5.7650517e+03
   6.3110085e+03
   6.8672720e+03
   7.4307112e+03
   7.9982130e+03
   8.5667201e+03
   9.1332672e+03
   9.6950125e+03
   1.0249267e+04
   1.0793517e+04
   1.1325446e+04
   1.1842953e+04
   1.2344159e+04
   1.2827419e+04
   1.3291325e+04
   1.3734707e+04
   1.4156631e+04
   1.4556390e+04
   1.4933500e+04
   1.5287688e+04
   1.5618879e+04
   1.5927181e+04
   1.6212875e+04
   1.6476392e+04
   1.6718301e+04
   1.6939295e+04
   1.7140165e+04
   1.7321796e+04
   1.7485141e+04
   1.7631210e+04
   1.7761056e+04
   1.7875760e+04
   1.7976418e+04
   1.8064131e+04
   1.8139992e+04
   1.8205075e+04
   1.8260433e+04
   1.8307080e+04
   1.8345992e+04
   1.8378098e+04
   1.8404274e+04
   1.8425338e+04
   1.8442049e+04
   1.8455102e+04
   1.8465122e+04
   1.8472668e+04
   1.8478227e+04
   1.8482212e+04
   1.8484964e+04
   1.8486748e+04
   1.8487754e+04
   1.8488097e+04
