   6.9614481e+00
   6.9613759e+00
   6.9611615e+00
   6.9608038e+00
   6.9603016e+00
   6.9596531e+00
   6.9588558e+00
   6.9579068e+00
   6.9568028e+00
   6.9555397e+00
   6.9541132e+00
   6.9525183e+00
   6.9507496e+00
   6.9488012e+00
   6.9466668e+00
   6.9443396e+00
   6.9418124e+00
   6.9390774e+00
   6.9361267e+00
   6.9329518e+00
   6.9295439e+00
   6.9258938e+00
   6.9219919e+00
   6.9178286e+00
   6.9133935e+00
   6.9086765e+00
   6.9036667e+00
   6.8983534e+00
   6.8927254e+00
   6.8867715e+00
   6.8804802e+00
   6.8738401e+00
   6.8668395e+00
   6.8594666e+00
   6.8517097e+00
   6.8435570e+00
   6.8349967e+00
   6.8260170e+00
   6.8166063e+00
   6.8067531e+00
   6.7964457e+00
   6.7856730e+00
   6.7744238e+00
   6.7626873e+00
   6.7504526e+00
   6.7377096e+00
   6.7244480e+00
   6.7106582e+00
   6.6963307e+00
   6.6814566e+00
   6.6660273e+00
   6.6500347e+00
   6.6334711e+00
   6.6163293e+00
   6.5986029e+00
   6.5802856e+00
   6.5613720e+00
   6.5418571e+00
   6.5217368e+00
   6.5010074e+00
   6.4796659e+00
   6.4577099e+00
   6.4351380e+00
   6.4119492e+00
   6.3881433e+00
   6.3637209e+00
   6.3386833e+00
   6.3130326e+00
   6.2867717e+00
   6.2599042e+00
   6.2324344e+00
   6.2043675e+00
   6.1757096e+00
   6.1464672e+00
   6.1166481e+00
   6.0862603e+00
   6.0553131e+00
   6.0238162e+00
   5.9917803e+00
   5.9592165e+00
   5.9261371e+00
   5.8925547e+00
   5.8584828e+00
   5.8239356e+00
   5.7889279e+00
   5.7534752e+00
   5.7175934e+00
   5.6812994e+00
   5.6446104e+00
   5.6075442e+00
   5.5701190e+00
   5.5323539e+00
   5.4942679e+00
   5.4558810e+00
   5.4172132e+00
   5.3782851e+00
   5.3391176e+00
   5.2997318e+00
   5.2601492e+00
   5.2203916e+00
   5.1804809e+00
   5.1404392e+00
   5.1002888e+00
   5.0600523e+00
   5.0197519e+00
   4.9794104e+00
   4.9390503e+00
   4.8986942e+00
   4.8583645e+00
   4.8180839e+00
   4.7778747e+00
   4.7377592e+00
   4.6977593e+00
   4.6578972e+00
   4.6181945e+00
   4.5786727e+00
   4.5393530e+00
   4.5002563e+00
   4.4614035e+00
   4.4228147e+00
   4.3845100e+00
   4.3465091e+00
   4.3088312e+00
   4.2714952e+00
   4.2345196e+00
   4.1979225e+00
   4.1617214e+00
   4.1259336e+00
   4.0905759e+00
   4.0556645e+00
   4.0212152e+00
   3.9872436e+00
   3.9537643e+00
   3.9207920e+00
   3.8883404e+00
   3.8564232e+00
   3.8250533e+00
   3.7942431e+00
   3.7640049e+00
   3.7343501e+00
   3.7052899e+00
   3.6768350e+00
   3.6489955e+00
   3.6217813e+00
   3.5952016e+00
   3.5692653e+00
   3.5439810e+00
   3.5193567e+00
   3.4954001e+00
   3.4721184e+00
   3.4495185e+00
   3.4276070e+00
   3.4063899e+00
   3.3858732e+00
   3.3660623e+00
   3.3469623e+00
   3.3285781e+00
   3.3109142e+00
   3.2939749e+00
   3.2777641e+00
   3.2622855e+00
   3.2475426e+00
   3.2335385e+00
   3.2202763e+00
   3.2077587e+00
   3.1959881e+00
   3.1849670e+00
   3.1746974e+00
   3.1651813e+00
   3.1564204e+00
   3.1484163e+00
   3.1411705e+00
   3.1346842e+00
   3.1289585e+00
   3.1239944e+00
   3.1197928e+00
   3.1163544e+00
   3.1136796e+00
   3.1117690e+00
   3.1106229e+00
   3.1102414e+00
   3.1106246e+00
   3.1117724e+00
   3.1136847e+00
   3.1163612e+00
   3.1198014e+00
   3.1240047e+00
   3.1289705e+00
   3.1346978e+00
   3.1411859e+00
   3.1484334e+00
   3.1564392e+00
   3.1652018e+00
   3.1747197e+00
   3.1849910e+00
   3.1960139e+00
   3.2077862e+00
   3.2203056e+00
   3.2335695e+00
   3.2475753e+00
   3.2623200e+00
   3.2778003e+00
   3.2940129e+00
   3.3109540e+00
   3.3286197e+00
   3.3470056e+00
   3.3661074e+00
   3.3859201e+00
   3.4064386e+00
   3.4276574e+00
   3.4495708e+00
   3.4721725e+00
   3.4954560e+00
   3.5194144e+00
   3.5440405e+00
   3.5693266e+00
   3.5952647e+00
   3.6218462e+00
   3.6490622e+00
   3.6769035e+00
   3.7053602e+00
   3.7344222e+00
   3.7640788e+00
   3.7943188e+00
   3.8251307e+00
   3.8565024e+00
   3.8884214e+00
   3.9208747e+00
   3.9538488e+00
   3.9873298e+00
   4.0213032e+00
   4.0557541e+00
   4.0906672e+00
   4.1260267e+00
   4.1618161e+00
   4.1980189e+00
   4.2346177e+00
   4.2715949e+00
   4.3089325e+00
   4.3466120e+00
   4.3846144e+00
   4.4229206e+00
   4.4615109e+00
   4.5003652e+00
   4.5394633e+00
   4.5787844e+00
   4.6183076e+00
   4.6580117e+00
   4.6978751e+00
   4.7378762e+00
   4.7779930e+00
   4.8182034e+00
   4.8584852e+00
   4.8988159e+00
   4.9391731e+00
   4.9795343e+00
   5.0198768e+00
   5.0601781e+00
   5.1004155e+00
   5.1405667e+00
   5.1806092e+00
   5.2205207e+00
   5.2602790e+00
   5.2998622e+00
   5.3392486e+00
   5.3784167e+00
   5.4173453e+00
   5.4560135e+00
   5.4944008e+00
   5.5324871e+00
   5.5702525e+00
   5.6076778e+00
   5.6447442e+00
   5.6814334e+00
   5.7177274e+00
   5.7536091e+00
   5.7890618e+00
   5.8240694e+00
   5.8586164e+00
   5.8926880e+00
   5.9262701e+00
   5.9593492e+00
   5.9919125e+00
   6.0239480e+00
   6.0554443e+00
   6.0863910e+00
   6.1167781e+00
   6.1465965e+00
   6.1758381e+00
   6.2044953e+00
   6.2325613e+00
   6.2600302e+00
   6.2868968e+00
   6.3131567e+00
   6.3388063e+00
   6.3638428e+00
   6.3882640e+00
   6.4120687e+00
   6.4352563e+00
   6.4578270e+00
   6.4797816e+00
   6.5011218e+00
   6.5218498e+00
   6.5419687e+00
   6.5614820e+00
   6.5803941e+00
   6.5987099e+00
   6.6164348e+00
   6.6335749e+00
   6.6501369e+00
   6.6661278e+00
   6.6815554e+00
   6.6964278e+00
   6.7107535e+00
   6.7245416e+00
   6.7378014e+00
   6.7505426e+00
   6.7627754e+00
   6.7745101e+00
   6.7857574e+00
   6.7965282e+00
   6.8068336e+00
   6.8166850e+00
   6.8260937e+00
   6.8350714e+00
   6.8436297e+00
   6.8517804e+00
   6.8595353e+00
   6.8669062e+00
   6.8739048e+00
   6.8805429e+00
   6.8868321e+00
   6.8927840e+00
   6.8984099e+00
   6.9037212e+00
   6.9087289e+00
   6.9134439e+00
   6.9178769e+00
   6.9220381e+00
   6.9259379e+00
   6.9295859e+00
   6.9329918e+00
   6.9361646e+00
   6.9391132e+00
   6.9418460e+00
   6.9443712e+00
   6.9466963e+00
   6.9488286e+00
   6.9507749e+00
   6.9525414e+00
   6.9541342e+00
   6.9555587e+00
   6.9568196e+00
   6.9579216e+00
   6.9588684e+00
   6.9596636e+00
   6.9603101e+00
   6.9608101e+00
   6.9611657e+00
   6.9613781e+00
   6.9614481e+00
