   2.2656576e-04
   2.2656580e-04
   2.2656583e-04
   2.2656583e-04
   2.2656582e-04
   2.2656579e-04
   2.2656573e-04
   2.2656563e-04
   2.2656549e-04
   2.2656531e-04
   2.2656507e-04
   2.2656477e-04
   2.2656438e-04
   2.2656391e-04
   2.2656334e-04
   2.2656266e-04
   2.2656184e-04
   2.2656089e-04
   2.2655977e-04
   2.2655848e-04
   2.2655700e-04
   2.2655530e-04
   2.2655338e-04
   2.2655120e-04
   2.2654875e-04
   2.2654601e-04
   2.2654296e-04
   2.2653957e-04
   2.2653582e-04
   2.2653169e-04
   2.2652715e-04
   2.2652219e-04
   2.2651677e-04
   2.2651087e-04
   2.2650446e-04
   2.2649753e-04
   2.2649004e-04
   2.2648197e-04
   2.2647329e-04
   2.2646398e-04
   2.2645401e-04
   2.2644335e-04
   2.2643198e-04
   2.2641988e-04
   2.2640701e-04
   2.2639335e-04
   2.2637887e-04
   2.2636355e-04
   2.2634737e-04
   2.2633030e-04
   2.2631231e-04
   2.2629339e-04
   2.2627350e-04
   2.2625263e-04
   2.2623075e-04
   2.2620785e-04
   2.2618389e-04
   2.2615887e-04
   2.2613276e-04
   2.2610554e-04
   2.2607719e-04
   2.2604771e-04
   2.2601706e-04
   2.2598524e-04
   2.2595223e-04
   2.2591802e-04
   2.2588260e-04
   2.2584595e-04
   2.2580806e-04
   2.2576894e-04
   2.2572855e-04
   2.2568692e-04
   2.2564401e-04
   2.2559984e-04
   2.2555440e-04
   2.2550768e-04
   2.2545969e-04
   2.2541042e-04
   2.2535989e-04
   2.2530809e-04
   2.2525503e-04
   2.2520071e-04
   2.2514514e-04
   2.2508833e-04
   2.2503029e-04
   2.2497104e-04
   2.2491058e-04
   2.2484893e-04
   2.2478611e-04
   2.2472213e-04
   2.2465701e-04
   2.2459078e-04
   2.2452345e-04
   2.2445504e-04
   2.2438559e-04
   2.2431511e-04
   2.2424364e-04
   2.2417120e-04
   2.2409782e-04
   2.2402353e-04
   2.2394836e-04
   2.2387235e-04
   2.2379553e-04
   2.2371794e-04
   2.2363961e-04
   2.2356059e-04
   2.2348090e-04
   2.2340059e-04
   2.2331971e-04
   2.2323828e-04
   2.2315637e-04
   2.2307400e-04
   2.2299123e-04
   2.2290810e-04
   2.2282466e-04
   2.2274095e-04
   2.2265703e-04
   2.2257293e-04
   2.2248871e-04
   2.2240443e-04
   2.2232012e-04
   2.2223585e-04
   2.2215166e-04
   2.2206760e-04
   2.2198373e-04
   2.2190010e-04
   2.2181676e-04
   2.2173376e-04
   2.2165116e-04
   2.2156901e-04
   2.2148736e-04
   2.2140627e-04
   2.2132579e-04
   2.2124598e-04
   2.2116687e-04
   2.2108854e-04
   2.2101103e-04
   2.2093439e-04
   2.2085867e-04
   2.2078393e-04
   2.2071022e-04
   2.2063758e-04
   2.2056608e-04
   2.2049574e-04
   2.2042664e-04
   2.2035881e-04
   2.2029230e-04
   2.2022715e-04
   2.2016342e-04
   2.2010115e-04
   2.2004038e-04
   2.1998115e-04
   2.1992351e-04
   2.1986750e-04
   2.1981316e-04
   2.1976052e-04
   2.1970963e-04
   2.1966051e-04
   2.1961322e-04
   2.1956777e-04
   2.1952421e-04
   2.1948256e-04
   2.1944286e-04
   2.1940513e-04
   2.1936940e-04
   2.1933569e-04
   2.1930404e-04
   2.1927446e-04
   2.1924698e-04
   2.1922161e-04
   2.1919838e-04
   2.1917730e-04
   2.1915839e-04
   2.1914165e-04
   2.1912711e-04
   2.1911477e-04
   2.1910465e-04
   2.1909674e-04
   2.1909106e-04
   2.1908761e-04
   2.1908639e-04
   2.1908740e-04
   2.1909065e-04
   2.1909613e-04
   2.1910383e-04
   2.1911375e-04
   2.1912589e-04
   2.1914023e-04
   2.1915676e-04
   2.1917547e-04
   2.1919635e-04
   2.1921939e-04
   2.1924456e-04
   2.1927184e-04
   2.1930123e-04
   2.1933268e-04
   2.1936620e-04
   2.1940174e-04
   2.1943928e-04
   2.1947880e-04
   2.1952026e-04
   2.1956364e-04
   2.1960890e-04
   2.1965602e-04
   2.1970496e-04
   2.1975568e-04
   2.1980814e-04
   2.1986232e-04
   2.1991816e-04
   2.1997564e-04
   2.2003471e-04
   2.2009532e-04
   2.2015744e-04
   2.2022102e-04
   2.2028601e-04
   2.2035238e-04
   2.2042007e-04
   2.2048904e-04
   2.2055923e-04
   2.2063061e-04
   2.2070312e-04
   2.2077670e-04
   2.2085132e-04
   2.2092692e-04
   2.2100345e-04
   2.2108085e-04
   2.2115908e-04
   2.2123808e-04
   2.2131779e-04
   2.2139818e-04
   2.2147918e-04
   2.2156074e-04
   2.2164280e-04
   2.2172532e-04
   2.2180824e-04
   2.2189151e-04
   2.2197508e-04
   2.2205888e-04
   2.2214288e-04
   2.2222702e-04
   2.2231124e-04
   2.2239549e-04
   2.2247974e-04
   2.2256391e-04
   2.2264797e-04
   2.2273186e-04
   2.2281554e-04
   2.2289896e-04
   2.2298207e-04
   2.2306482e-04
   2.2314718e-04
   2.2322908e-04
   2.2331050e-04
   2.2339138e-04
   2.2347169e-04
   2.2355138e-04
   2.2363042e-04
   2.2370876e-04
   2.2378637e-04
   2.2386321e-04
   2.2393924e-04
   2.2401443e-04
   2.2408875e-04
   2.2416217e-04
   2.2423465e-04
   2.2430616e-04
   2.2437668e-04
   2.2444618e-04
   2.2451463e-04
   2.2458201e-04
   2.2464830e-04
   2.2471347e-04
   2.2477751e-04
   2.2484039e-04
   2.2490210e-04
   2.2496263e-04
   2.2502195e-04
   2.2508006e-04
   2.2513694e-04
   2.2519259e-04
   2.2524699e-04
   2.2530013e-04
   2.2535201e-04
   2.2540263e-04
   2.2545198e-04
   2.2550006e-04
   2.2554687e-04
   2.2559240e-04
   2.2563666e-04
   2.2567966e-04
   2.2572140e-04
   2.2576187e-04
   2.2580110e-04
   2.2583908e-04
   2.2587583e-04
   2.2591135e-04
   2.2594567e-04
   2.2597878e-04
   2.2601070e-04
   2.2604145e-04
   2.2607104e-04
   2.2609949e-04
   2.2612682e-04
   2.2615304e-04
   2.2617817e-04
   2.2620223e-04
   2.2622524e-04
   2.2624722e-04
   2.2626820e-04
   2.2628820e-04
   2.2630723e-04
   2.2632533e-04
   2.2634251e-04
   2.2635880e-04
   2.2637422e-04
   2.2638881e-04
   2.2640258e-04
   2.2641555e-04
   2.2642777e-04
   2.2643925e-04
   2.2645001e-04
   2.2646009e-04
   2.2646951e-04
   2.2647829e-04
   2.2648647e-04
   2.2649406e-04
   2.2650110e-04
   2.2650761e-04
   2.2651361e-04
   2.2651914e-04
   2.2652421e-04
   2.2652885e-04
   2.2653308e-04
   2.2653693e-04
   2.2654042e-04
   2.2654358e-04
   2.2654642e-04
   2.2654897e-04
   2.2655125e-04
   2.2655327e-04
   2.2655507e-04
   2.2655665e-04
   2.2655804e-04
   2.2655926e-04
   2.2656031e-04
   2.2656122e-04
   2.2656200e-04
   2.2656267e-04
   2.2656324e-04
   2.2656372e-04
   2.2656412e-04
   2.2656445e-04
   2.2656473e-04
   2.2656496e-04
   2.2656516e-04
   2.2656531e-04
   2.2656544e-04
   2.2656555e-04
   2.2656564e-04
   2.2656571e-04
   2.2656576e-04
