   1.3622559e-04
   1.3622554e-04
   1.3622545e-04
   1.3622533e-04
   1.3622517e-04
   1.3622497e-04
   1.3622473e-04
   1.3622444e-04
   1.3622411e-04
   1.3622373e-04
   1.3622330e-04
   1.3622281e-04
   1.3622226e-04
   1.3622164e-04
   1.3622096e-04
   1.3622020e-04
   1.3621937e-04
   1.3621845e-04
   1.3621744e-04
   1.3621633e-04
   1.3621512e-04
   1.3621379e-04
   1.3621235e-04
   1.3621079e-04
   1.3620909e-04
   1.3620725e-04
   1.3620526e-04
   1.3620312e-04
   1.3620081e-04
   1.3619832e-04
   1.3619565e-04
   1.3619279e-04
   1.3618973e-04
   1.3618646e-04
   1.3618297e-04
   1.3617925e-04
   1.3617529e-04
   1.3617109e-04
   1.3616662e-04
   1.3616189e-04
   1.3615688e-04
   1.3615158e-04
   1.3614599e-04
   1.3614008e-04
   1.3613387e-04
   1.3612732e-04
   1.3612045e-04
   1.3611322e-04
   1.3610565e-04
   1.3609771e-04
   1.3608940e-04
   1.3608071e-04
   1.3607163e-04
   1.3606215e-04
   1.3605227e-04
   1.3604198e-04
   1.3603126e-04
   1.3602012e-04
   1.3600854e-04
   1.3599652e-04
   1.3598405e-04
   1.3597113e-04
   1.3595775e-04
   1.3594390e-04
   1.3592958e-04
   1.3591478e-04
   1.3589951e-04
   1.3588375e-04
   1.3586751e-04
   1.3585078e-04
   1.3583355e-04
   1.3581583e-04
   1.3579761e-04
   1.3577890e-04
   1.3575968e-04
   1.3573997e-04
   1.3571977e-04
   1.3569906e-04
   1.3567786e-04
   1.3565616e-04
   1.3563398e-04
   1.3561130e-04
   1.3558814e-04
   1.3556450e-04
   1.3554038e-04
   1.3551579e-04
   1.3549073e-04
   1.3546521e-04
   1.3543924e-04
   1.3541282e-04
   1.3538596e-04
   1.3535867e-04
   1.3533096e-04
   1.3530284e-04
   1.3527431e-04
   1.3524539e-04
   1.3521609e-04
   1.3518641e-04
   1.3515638e-04
   1.3512600e-04
   1.3509529e-04
   1.3506426e-04
   1.3503292e-04
   1.3500128e-04
   1.3496937e-04
   1.3493720e-04
   1.3490478e-04
   1.3487212e-04
   1.3483925e-04
   1.3480619e-04
   1.3477294e-04
   1.3473952e-04
   1.3470596e-04
   1.3467227e-04
   1.3463847e-04
   1.3460458e-04
   1.3457062e-04
   1.3453660e-04
   1.3450255e-04
   1.3446848e-04
   1.3443442e-04
   1.3440039e-04
   1.3436640e-04
   1.3433248e-04
   1.3429865e-04
   1.3426492e-04
   1.3423132e-04
   1.3419788e-04
   1.3416460e-04
   1.3413151e-04
   1.3409864e-04
   1.3406600e-04
   1.3403361e-04
   1.3400150e-04
   1.3396968e-04
   1.3393819e-04
   1.3390703e-04
   1.3387622e-04
   1.3384580e-04
   1.3381578e-04
   1.3378617e-04
   1.3375701e-04
   1.3372830e-04
   1.3370008e-04
   1.3367235e-04
   1.3364514e-04
   1.3361846e-04
   1.3359234e-04
   1.3356679e-04
   1.3354183e-04
   1.3351748e-04
   1.3349375e-04
   1.3347066e-04
   1.3344823e-04
   1.3342647e-04
   1.3340540e-04
   1.3338504e-04
   1.3336539e-04
   1.3334647e-04
   1.3332830e-04
   1.3331089e-04
   1.3329425e-04
   1.3327839e-04
   1.3326332e-04
   1.3324906e-04
   1.3323562e-04
   1.3322300e-04
   1.3321121e-04
   1.3320027e-04
   1.3319017e-04
   1.3318094e-04
   1.3317256e-04
   1.3316506e-04
   1.3315844e-04
   1.3315269e-04
   1.3314783e-04
   1.3314386e-04
   1.3314078e-04
   1.3313860e-04
   1.3313731e-04
   1.3313691e-04
   1.3313741e-04
   1.3313881e-04
   1.3314110e-04
   1.3314429e-04
   1.3314837e-04
   1.3315333e-04
   1.3315918e-04
   1.3316592e-04
   1.3317352e-04
   1.3318200e-04
   1.3319134e-04
   1.3320154e-04
   1.3321258e-04
   1.3322447e-04
   1.3323720e-04
   1.3325074e-04
   1.3326510e-04
   1.3328027e-04
   1.3329622e-04
   1.3331296e-04
   1.3333047e-04
   1.3334874e-04
   1.3336775e-04
   1.3338749e-04
   1.3340795e-04
   1.3342911e-04
   1.3345095e-04
   1.3347347e-04
   1.3349665e-04
   1.3352046e-04
   1.3354490e-04
   1.3356994e-04
   1.3359557e-04
   1.3362177e-04
   1.3364852e-04
   1.3367581e-04
   1.3370362e-04
   1.3373192e-04
   1.3376069e-04
   1.3378993e-04
   1.3381960e-04
   1.3384969e-04
   1.3388017e-04
   1.3391104e-04
   1.3394226e-04
   1.3397381e-04
   1.3400568e-04
   1.3403785e-04
   1.3407029e-04
   1.3410298e-04
   1.3413590e-04
   1.3416904e-04
   1.3420236e-04
   1.3423585e-04
   1.3426949e-04
   1.3430326e-04
   1.3433713e-04
   1.3437108e-04
   1.3440510e-04
   1.3443917e-04
   1.3447326e-04
   1.3450735e-04
   1.3454143e-04
   1.3457547e-04
   1.3460945e-04
   1.3464336e-04
   1.3467718e-04
   1.3471088e-04
   1.3474446e-04
   1.3477788e-04
   1.3481114e-04
   1.3484422e-04
   1.3487709e-04
   1.3490975e-04
   1.3494217e-04
   1.3497435e-04
   1.3500625e-04
   1.3503788e-04
   1.3506922e-04
   1.3510024e-04
   1.3513095e-04
   1.3516132e-04
   1.3519134e-04
   1.3522099e-04
   1.3525028e-04
   1.3527918e-04
   1.3530769e-04
   1.3533579e-04
   1.3536348e-04
   1.3539075e-04
   1.3541758e-04
   1.3544397e-04
   1.3546992e-04
   1.3549541e-04
   1.3552043e-04
   1.3554499e-04
   1.3556908e-04
   1.3559269e-04
   1.3561581e-04
   1.3563845e-04
   1.3566060e-04
   1.3568225e-04
   1.3570342e-04
   1.3572408e-04
   1.3574424e-04
   1.3576391e-04
   1.3578308e-04
   1.3580175e-04
   1.3581992e-04
   1.3583759e-04
   1.3585477e-04
   1.3587145e-04
   1.3588765e-04
   1.3590336e-04
   1.3591858e-04
   1.3593332e-04
   1.3594759e-04
   1.3596138e-04
   1.3597471e-04
   1.3598758e-04
   1.3600000e-04
   1.3601196e-04
   1.3602348e-04
   1.3603457e-04
   1.3604523e-04
   1.3605547e-04
   1.3606529e-04
   1.3607471e-04
   1.3608373e-04
   1.3609236e-04
   1.3610061e-04
   1.3610849e-04
   1.3611601e-04
   1.3612317e-04
   1.3612999e-04
   1.3613648e-04
   1.3614263e-04
   1.3614848e-04
   1.3615401e-04
   1.3615925e-04
   1.3616420e-04
   1.3616887e-04
   1.3617328e-04
   1.3617743e-04
   1.3618132e-04
   1.3618498e-04
   1.3618841e-04
   1.3619163e-04
   1.3619463e-04
   1.3619743e-04
   1.3620003e-04
   1.3620246e-04
   1.3620471e-04
   1.3620679e-04
   1.3620872e-04
   1.3621050e-04
   1.3621214e-04
   1.3621364e-04
   1.3621503e-04
   1.3621629e-04
   1.3621744e-04
   1.3621849e-04
   1.3621944e-04
   1.3622031e-04
   1.3622108e-04
   1.3622178e-04
   1.3622240e-04
   1.3622296e-04
   1.3622345e-04
   1.3622388e-04
   1.3622426e-04
   1.3622458e-04
   1.3622485e-04
   1.3622508e-04
   1.3622526e-04
   1.3622540e-04
   1.3622551e-04
   1.3622557e-04
   1.3622560e-04
   1.3622559e-04
