   2.6534639e+03
   2.6534559e+03
   2.6534310e+03
   2.6533874e+03
   2.6533224e+03
   2.6532324e+03
   2.6531123e+03
   2.6529562e+03
   2.6527572e+03
   2.6525072e+03
   2.6521971e+03
   2.6518167e+03
   2.6513551e+03
   2.6508000e+03
   2.6501385e+03
   2.6493565e+03
   2.6484392e+03
   2.6473708e+03
   2.6461345e+03
   2.6447130e+03
   2.6430881e+03
   2.6412406e+03
   2.6391511e+03
   2.6367990e+03
   2.6341635e+03
   2.6312231e+03
   2.6279557e+03
   2.6243390e+03
   2.6203500e+03
   2.6159657e+03
   2.6111627e+03
   2.6059173e+03
   2.6002060e+03
   2.5940049e+03
   2.5872904e+03
   2.5800390e+03
   2.5722274e+03
   2.5638325e+03
   2.5548317e+03
   2.5452029e+03
   2.5349244e+03
   2.5239755e+03
   2.5123359e+03
   2.4999863e+03
   2.4869084e+03
   2.4730850e+03
   2.4584998e+03
   2.4431379e+03
   2.4269858e+03
   2.4100312e+03
   2.3922635e+03
   2.3736736e+03
   2.3542541e+03
   2.3339993e+03
   2.3129052e+03
   2.2909700e+03
   2.2681935e+03
   2.2445778e+03
   2.2201268e+03
   2.1948467e+03
   2.1687455e+03
   2.1418337e+03
   2.1141238e+03
   2.0856304e+03
   2.0563705e+03
   2.0263631e+03
   1.9956293e+03
   1.9641925e+03
   1.9320780e+03
   1.8993133e+03
   1.8659277e+03
   1.8319526e+03
   1.7974212e+03
   1.7623684e+03
   1.7268308e+03
   1.6908465e+03
   1.6544553e+03
   1.6176980e+03
   1.5806168e+03
   1.5432551e+03
   1.5056572e+03
   1.4678680e+03
   1.4299334e+03
   1.3918995e+03
   1.3538132e+03
   1.3157211e+03
   1.2776704e+03
   1.2397078e+03
   1.2018800e+03
   1.1642332e+03
   1.1268130e+03
   1.0896645e+03
   1.0528318e+03
   1.0163581e+03
   9.8028533e+02
   9.4465436e+02
   9.0950460e+02
   8.7487397e+02
   8.4079879e+02
   8.0731370e+02
   7.7445152e+02
   7.4224320e+02
   7.1071774e+02
   6.7990210e+02
   6.4982118e+02
   6.2049775e+02
   5.9195242e+02
   5.6420362e+02
   5.3726756e+02
   5.1115826e+02
   4.8588751e+02
   4.6146492e+02
   4.3789791e+02
   4.1519175e+02
   3.9334961e+02
   3.7237259e+02
   3.5225978e+02
   3.3300829e+02
   3.1461337e+02
   2.9706844e+02
   2.8036518e+02
   2.6449360e+02
   2.4944214e+02
   2.3519777e+02
   2.2174602e+02
   2.0907116e+02
   1.9715623e+02
   1.8598316e+02
   1.7553287e+02
   1.6578536e+02
   1.5671981e+02
   1.4831468e+02
   1.4054779e+02
   1.3339643e+02
   1.2683744e+02
   1.2084730e+02
   1.1540223e+02
   1.1047824e+02
   1.0605124e+02
   1.0209710e+02
   9.8591734e+01
   9.5511153e+01
   9.2831541e+01
   9.0529310e+01
   8.8581158e+01
   8.6964123e+01
   8.5655628e+01
   8.4633526e+01
   8.3876144e+01
   8.3362314e+01
   8.3071410e+01
   8.2983374e+01
   8.3078744e+01
   8.3338676e+01
   8.3744962e+01
   8.4280046e+01
   8.4927039e+01
   8.5669728e+01
   8.6492584e+01
   8.7380770e+01
   8.8320143e+01
   8.9297257e+01
   9.0299363e+01
   9.1314408e+01
   9.2331033e+01
   9.3338572e+01
   9.4327042e+01
   9.5287144e+01
   9.6210254e+01
   9.7088420e+01
   9.7914354e+01
   9.8681426e+01
   9.9383660e+01
   1.0001573e+02
   1.0057293e+02
   1.0105123e+02
   1.0144720e+02
   1.0175805e+02
   1.0198160e+02
   1.0211632e+02
   1.0216127e+02
   1.0211614e+02
   1.0198125e+02
   1.0175753e+02
   1.0144651e+02
   1.0105037e+02
   1.0057191e+02
   1.0001454e+02
   9.9382317e+01
   9.8679930e+01
   9.7912711e+01
   9.7086635e+01
   9.6208334e+01
   9.5285096e+01
   9.4324874e+01
   9.3336291e+01
   9.2328649e+01
   9.1311928e+01
   9.0296797e+01
   8.9294615e+01
   8.8317436e+01
   8.7378008e+01
   8.6489777e+01
   8.5666888e+01
   8.4924178e+01
   8.4277175e+01
   8.3742093e+01
   8.3335822e+01
   8.3075916e+01
   8.2980585e+01
   8.3068673e+01
   8.3359641e+01
   8.3873547e+01
   8.4631018e+01
   8.5653221e+01
   8.6961829e+01
   8.8578989e+01
   9.0527277e+01
   9.2829656e+01
   9.5509427e+01
   9.8590177e+01
   1.0209572e+02
   1.0605005e+02
   1.1047725e+02
   1.1540144e+02
   1.2084673e+02
   1.2683709e+02
   1.3339630e+02
   1.4054789e+02
   1.4831502e+02
   1.5672039e+02
   1.6578618e+02
   1.7553394e+02
   1.8598447e+02
   1.9715779e+02
   2.0907297e+02
   2.2174807e+02
   2.3520005e+02
   2.4944466e+02
   2.6449634e+02
   2.8036814e+02
   2.9707162e+02
   3.1461675e+02
   3.3301186e+02
   3.5226353e+02
   3.7237652e+02
   3.9335370e+02
   4.1519598e+02
   4.3790226e+02
   4.6146938e+02
   4.8589207e+02
   5.1116289e+02
   5.3727225e+02
   5.6420835e+02
   5.9195717e+02
   6.2050249e+02
   6.4982590e+02
   6.7990677e+02
   7.1072235e+02
   7.4224773e+02
   7.7445594e+02
   8.0731798e+02
   8.4080292e+02
   8.7487792e+02
   9.0950835e+02
   9.4465789e+02
   9.8028862e+02
   1.0163611e+03
   1.0528346e+03
   1.0896670e+03
   1.1268152e+03
   1.1642350e+03
   1.2018814e+03
   1.2397089e+03
   1.2776711e+03
   1.3157214e+03
   1.3538130e+03
   1.3918990e+03
   1.4299324e+03
   1.4678665e+03
   1.5056553e+03
   1.5432528e+03
   1.5806140e+03
   1.6176947e+03
   1.6544515e+03
   1.6908423e+03
   1.7268261e+03
   1.7623632e+03
   1.7974156e+03
   1.8319465e+03
   1.8659211e+03
   1.8993062e+03
   1.9320705e+03
   1.9641845e+03
   1.9956209e+03
   2.0263543e+03
   2.0563613e+03
   2.0856208e+03
   2.1141138e+03
   2.1418233e+03
   2.1687348e+03
   2.1948356e+03
   2.2201154e+03
   2.2445661e+03
   2.2681816e+03
   2.2909578e+03
   2.3128927e+03
   2.3339866e+03
   2.3542412e+03
   2.3736606e+03
   2.3922503e+03
   2.4100179e+03
   2.4269723e+03
   2.4431243e+03
   2.4584861e+03
   2.4730713e+03
   2.4868947e+03
   2.4999726e+03
   2.5123221e+03
   2.5239618e+03
   2.5349108e+03
   2.5451893e+03
   2.5548182e+03
   2.5638191e+03
   2.5722141e+03
   2.5800259e+03
   2.5872775e+03
   2.5939922e+03
   2.6001935e+03
   2.6059051e+03
   2.6111507e+03
   2.6159540e+03
   2.6203385e+03
   2.6243278e+03
   2.6279448e+03
   2.6312125e+03
   2.6341532e+03
   2.6367891e+03
   2.6391415e+03
   2.6412314e+03
   2.6430792e+03
   2.6447046e+03
   2.6461264e+03
   2.6473631e+03
   2.6484320e+03
   2.6493497e+03
   2.6501321e+03
   2.6507940e+03
   2.6513495e+03
   2.6518116e+03
   2.6521924e+03
   2.6525030e+03
   2.6527535e+03
   2.6529529e+03
   2.6531095e+03
   2.6532300e+03
   2.6533205e+03
   2.6533859e+03
   2.6534300e+03
   2.6534554e+03
   2.6534639e+03
