   1.9646793e+01
   1.9646815e+01
   1.9646882e+01
   1.9646991e+01
   1.9647136e+01
   1.9647311e+01
   1.9647509e+01
   1.9647719e+01
   1.9647929e+01
   1.9648126e+01
   1.9648295e+01
   1.9648418e+01
   1.9648476e+01
   1.9648449e+01
   1.9648316e+01
   1.9648051e+01
   1.9647630e+01
   1.9647027e+01
   1.9646211e+01
   1.9645155e+01
   1.9643826e+01
   1.9642192e+01
   1.9640219e+01
   1.9637871e+01
   1.9635113e+01
   1.9631907e+01
   1.9628214e+01
   1.9623994e+01
   1.9619207e+01
   1.9613813e+01
   1.9607767e+01
   1.9601027e+01
   1.9593551e+01
   1.9585293e+01
   1.9576209e+01
   1.9566253e+01
   1.9555381e+01
   1.9543547e+01
   1.9530705e+01
   1.9516809e+01
   1.9501814e+01
   1.9485674e+01
   1.9468344e+01
   1.9449778e+01
   1.9429933e+01
   1.9408765e+01
   1.9386229e+01
   1.9362284e+01
   1.9336887e+01
   1.9309999e+01
   1.9281579e+01
   1.9251588e+01
   1.9219991e+01
   1.9186749e+01
   1.9151830e+01
   1.9115200e+01
   1.9076827e+01
   1.9036682e+01
   1.8994738e+01
   1.8950968e+01
   1.8905349e+01
   1.8857858e+01
   1.8808475e+01
   1.8757185e+01
   1.8703970e+01
   1.8648818e+01
   1.8591719e+01
   1.8532664e+01
   1.8471649e+01
   1.8408669e+01
   1.8343725e+01
   1.8276818e+01
   1.8207954e+01
   1.8137140e+01
   1.8064386e+01
   1.7989706e+01
   1.7913113e+01
   1.7834628e+01
   1.7754270e+01
   1.7672064e+01
   1.7588036e+01
   1.7502214e+01
   1.7414631e+01
   1.7325320e+01
   1.7234318e+01
   1.7141664e+01
   1.7047400e+01
   1.6951570e+01
   1.6854219e+01
   1.6755396e+01
   1.6655152e+01
   1.6553539e+01
   1.6450612e+01
   1.6346427e+01
   1.6241043e+01
   1.6134520e+01
   1.6026919e+01
   1.5918303e+01
   1.5808738e+01
   1.5698288e+01
   1.5587021e+01
   1.5475006e+01
   1.5362310e+01
   1.5249005e+01
   1.5135160e+01
   1.5020847e+01
   1.4906139e+01
   1.4791107e+01
   1.4675823e+01
   1.4560362e+01
   1.4444795e+01
   1.4329195e+01
   1.4213636e+01
   1.4098189e+01
   1.3982926e+01
   1.3867921e+01
   1.3753243e+01
   1.3638963e+01
   1.3525152e+01
   1.3411878e+01
   1.3299209e+01
   1.3187214e+01
   1.3075958e+01
   1.2965506e+01
   1.2855923e+01
   1.2747272e+01
   1.2639614e+01
   1.2533009e+01
   1.2427518e+01
   1.2323196e+01
   1.2220101e+01
   1.2118287e+01
   1.2017808e+01
   1.1918715e+01
   1.1821059e+01
   1.1724888e+01
   1.1630249e+01
   1.1537189e+01
   1.1445750e+01
   1.1355976e+01
   1.1267908e+01
   1.1181585e+01
   1.1097044e+01
   1.1014323e+01
   1.0933455e+01
   1.0854475e+01
   1.0777414e+01
   1.0702303e+01
   1.0629170e+01
   1.0558044e+01
   1.0488951e+01
   1.0421915e+01
   1.0356960e+01
   1.0294110e+01
   1.0233384e+01
   1.0174804e+01
   1.0118387e+01
   1.0064153e+01
   1.0012117e+01
   9.9622949e+00
   9.9147019e+00
   9.8693516e+00
   9.8262567e+00
   9.7854291e+00
   9.7468799e+00
   9.7106193e+00
   9.6766568e+00
   9.6450008e+00
   9.6156596e+00
   9.5886401e+00
   9.5639490e+00
   9.5415923e+00
   9.5215750e+00
   9.5039019e+00
   9.4885771e+00
   9.4756040e+00
   9.4649856e+00
   9.4567241e+00
   9.4508215e+00
   9.4472791e+00
   9.4460976e+00
   9.4472773e+00
   9.4508179e+00
   9.4567187e+00
   9.4649784e+00
   9.4755950e+00
   9.4885663e+00
   9.5038893e+00
   9.5215606e+00
   9.5415760e+00
   9.5639310e+00
   9.5886202e+00
   9.6156378e+00
   9.6449773e+00
   9.6766313e+00
   9.7105920e+00
   9.7468508e+00
   9.7853981e+00
   9.8262238e+00
   9.8693168e+00
   9.9146652e+00
   9.9622562e+00
   1.0012076e+01
   1.0064110e+01
   1.0118343e+01
   1.0174757e+01
   1.0233336e+01
   1.0294060e+01
   1.0356908e+01
   1.0421861e+01
   1.0488895e+01
   1.0557986e+01
   1.0629110e+01
   1.0702241e+01
   1.0777350e+01
   1.0854409e+01
   1.0933387e+01
   1.1014253e+01
   1.1096972e+01
   1.1181511e+01
   1.1267832e+01
   1.1355899e+01
   1.1445671e+01
   1.1537107e+01
   1.1630166e+01
   1.1724802e+01
   1.1820972e+01
   1.1918626e+01
   1.2017717e+01
   1.2118194e+01
   1.2220006e+01
   1.2323100e+01
   1.2427420e+01
   1.2532910e+01
   1.2639512e+01
   1.2747169e+01
   1.2855819e+01
   1.2965400e+01
   1.3075850e+01
   1.3187105e+01
   1.3299099e+01
   1.3411766e+01
   1.3525039e+01
   1.3638849e+01
   1.3753127e+01
   1.3867804e+01
   1.3982809e+01
   1.4098070e+01
   1.4213516e+01
   1.4329074e+01
   1.4444673e+01
   1.4560240e+01
   1.4675701e+01
   1.4790983e+01
   1.4906015e+01
   1.5020723e+01
   1.5135035e+01
   1.5248880e+01
   1.5362185e+01
   1.5474881e+01
   1.5586896e+01
   1.5698163e+01
   1.5808613e+01
   1.5918179e+01
   1.6026795e+01
   1.6134396e+01
   1.6240920e+01
   1.6346304e+01
   1.6450490e+01
   1.6553418e+01
   1.6655031e+01
   1.6755276e+01
   1.6854100e+01
   1.6951452e+01
   1.7047284e+01
   1.7141549e+01
   1.7234205e+01
   1.7325208e+01
   1.7414520e+01
   1.7502105e+01
   1.7587928e+01
   1.7671958e+01
   1.7754166e+01
   1.7834525e+01
   1.7913012e+01
   1.7989607e+01
   1.8064289e+01
   1.8137045e+01
   1.8207861e+01
   1.8276727e+01
   1.8343636e+01
   1.8408582e+01
   1.8471564e+01
   1.8532582e+01
   1.8591639e+01
   1.8648740e+01
   1.8703894e+01
   1.8757111e+01
   1.8808404e+01
   1.8857788e+01
   1.8905281e+01
   1.8950903e+01
   1.8994675e+01
   1.9036622e+01
   1.9076769e+01
   1.9115143e+01
   1.9151776e+01
   1.9186697e+01
   1.9219941e+01
   1.9251541e+01
   1.9281533e+01
   1.9309955e+01
   1.9336846e+01
   1.9362244e+01
   1.9386191e+01
   1.9408729e+01
   1.9429899e+01
   1.9449746e+01
   1.9468313e+01
   1.9485645e+01
   1.9501787e+01
   1.9516783e+01
   1.9530681e+01
   1.9543524e+01
   1.9555360e+01
   1.9566233e+01
   1.9576190e+01
   1.9585275e+01
   1.9593535e+01
   1.9601012e+01
   1.9607753e+01
   1.9613800e+01
   1.9619196e+01
   1.9623983e+01
   1.9628204e+01
   1.9631898e+01
   1.9635105e+01
   1.9637864e+01
   1.9640212e+01
   1.9642186e+01
   1.9643820e+01
   1.9645150e+01
   1.9646207e+01
   1.9647023e+01
   1.9647627e+01
   1.9648048e+01
   1.9648313e+01
   1.9648447e+01
   1.9648474e+01
   1.9648416e+01
   1.9648293e+01
   1.9648125e+01
   1.9647928e+01
   1.9647718e+01
   1.9647508e+01
   1.9647311e+01
   1.9647135e+01
   1.9646990e+01
   1.9646882e+01
   1.9646815e+01
   1.9646793e+01
