   3.2525403e+04
   3.2521936e+04
   3.2511630e+04
   3.2494400e+04
   3.2470106e+04
   3.2438548e+04
   3.2399476e+04
   3.2352584e+04
   3.2297513e+04
   3.2233856e+04
   3.2161156e+04
   3.2078911e+04
   3.1986576e+04
   3.1883567e+04
   3.1769263e+04
   3.1643011e+04
   3.1504129e+04
   3.1351915e+04
   3.1185645e+04
   3.1004586e+04
   3.0807998e+04
   3.0595142e+04
   3.0365285e+04
   3.0117712e+04
   2.9851728e+04
   2.9566670e+04
   2.9261914e+04
   2.8936887e+04
   2.8591071e+04
   2.8224014e+04
   2.7835343e+04
   2.7424769e+04
   2.6992097e+04
   2.6537235e+04
   2.6060206e+04
   2.5561151e+04
   2.5040340e+04
   2.4498179e+04
   2.3935214e+04
   2.3352138e+04
   2.2749795e+04
   2.2129181e+04
   2.1491447e+04
   2.0837898e+04
   2.0169991e+04
   1.9489332e+04
   1.8797670e+04
   1.8096890e+04
   1.7389004e+04
   1.6676136e+04
   1.5960517e+04
   1.5244463e+04
   1.4530359e+04
   1.3820644e+04
   1.3117788e+04
   1.2424271e+04
   1.1742565e+04
   1.1075103e+04
   1.0424260e+04
   9.7923309e+03
   9.1815014e+03
   8.5938278e+03
   8.0312131e+03
   7.4953856e+03
   6.9878785e+03
   6.5100113e+03
   6.0628741e+03
   5.6473133e+03
   5.2639210e+03
   4.9130269e+03
   4.5946933e+03
   4.3087138e+03
   4.0546157e+03
   3.8316647e+03
   3.6388747e+03
   3.4750195e+03
   3.3386489e+03
   3.2281072e+03
   3.1415544e+03
   3.0769904e+03
   3.0322811e+03
   3.0051854e+03
   2.9933851e+03
   2.9945140e+03
   3.0061881e+03
   3.0260357e+03
   3.0517264e+03
   3.0809993e+03
   3.1116898e+03
   3.1417540e+03
   3.1692908e+03
   3.1925619e+03
   3.2100082e+03
   3.2202635e+03
   3.2221645e+03
   3.2147580e+03
   3.1973041e+03
   3.1692765e+03
   3.1303595e+03
   3.0804416e+03
   3.0196069e+03
   2.9481232e+03
   2.8664281e+03
   2.7751137e+03
   2.6749085e+03
   2.5666594e+03
   2.4513119e+03
   2.3298904e+03
   2.2034779e+03
   2.0731964e+03
   1.9401877e+03
   1.8055950e+03
   1.6705457e+03
   1.5361356e+03
   1.4034144e+03
   1.2733730e+03
   1.1469331e+03
   1.0249376e+03
   9.0814369e+02
   7.9721767e+02
   6.9273126e+02
   5.9515989e+02
   5.0488257e+02
   4.2218324e+02
   3.4725344e+02
   2.8019622e+02
   2.2103103e+02
   1.6969955e+02
   1.2607206e+02
   8.9954454e+01
   6.1095558e+01
   3.9194604e+01
   2.3908806e+01
   1.4860834e+01
   1.1646152e+01
   1.3840104e+01
   2.1004302e+01
   3.2692802e+01
   4.8457922e+01
   6.7855344e+01
   9.0448653e+01
   1.1581332e+02
   1.4354010e+02
   1.7323790e+02
   2.0453602e+02
   2.3708597e+02
   2.7056274e+02
   3.0466557e+02
   3.3911847e+02
   3.7367015e+02
   4.0809382e+02
   4.4218657e+02
   4.7576860e+02
   5.0868220e+02
   5.4079057e+02
   5.7197658e+02
   6.0214136e+02
   6.3120286e+02
   6.5909444e+02
   6.8576334e+02
   7.1116928e+02
   7.3528301e+02
   7.5808496e+02
   7.7956392e+02
   7.9971576e+02
   8.1854234e+02
   8.3605034e+02
   8.5225031e+02
   8.6715569e+02
   8.8078204e+02
   8.9314619e+02
   9.0426565e+02
   9.1415792e+02
   9.2284002e+02
   9.3032799e+02
   9.3663650e+02
   9.4177851e+02
   9.4576499e+02
   9.4860472e+02
   9.5030406e+02
   9.5086690e+02
   9.5029453e+02
   9.4858565e+02
   9.4573639e+02
   9.4174036e+02
   9.3658882e+02
   9.3027077e+02
   9.2277327e+02
   9.1408166e+02
   9.0417990e+02
   8.9305099e+02
   8.8067743e+02
   8.6704175e+02
   8.5212713e+02
   8.3591806e+02
   8.1840110e+02
   7.9956575e+02
   7.7940537e+02
   7.5791816e+02
   7.3510827e+02
   7.1098698e+02
   6.8557392e+02
   6.5889840e+02
   6.3100077e+02
   6.0193384e+02
   5.7176434e+02
   5.4057439e+02
   5.0846293e+02
   4.7554718e+02
   4.4196399e+02
   4.0787117e+02
   3.7344858e+02
   3.3889920e+02
   3.0444989e+02
   2.7035199e+02
   2.3688157e+02
   2.0433939e+02
   1.7305053e+02
   1.4336350e+02
   1.1564900e+02
   9.0298137e+01
   6.7720132e+01
   4.8339485e+01
   3.2592562e+01
   2.0923611e+01
   1.3780215e+01
   1.1608214e+01
   1.4845941e+01
   2.3917934e+01
   3.9228542e+01
   6.1154911e+01
   9.0039640e+01
   1.2618329e+02
   1.6983684e+02
   2.2119416e+02
   2.8038473e+02
   3.4746665e+02
   4.2242022e+02
   5.0514214e+02
   5.9544063e+02
   6.9303154e+02
   7.9753562e+02
   9.0847724e+02
   1.0252845e+03
   1.1472909e+03
   1.2737392e+03
   1.4037862e+03
   1.5365104e+03
   1.6709207e+03
   1.8059674e+03
   1.9405547e+03
   2.0735554e+03
   2.2038264e+03
   2.3302261e+03
   2.4516328e+03
   2.5669635e+03
   2.6751944e+03
   2.7753802e+03
   2.8666747e+03
   2.9483494e+03
   3.0198130e+03
   3.0806284e+03
   3.1305281e+03
   3.1694288e+03
   3.1974425e+03
   3.2148854e+03
   3.2222845e+03
   3.2203801e+03
   3.2101261e+03
   3.1926862e+03
   3.1694272e+03
   3.1419086e+03
   3.1118692e+03
   3.0812103e+03
   3.0519762e+03
   3.0263318e+03
   3.0065381e+03
   2.9949257e+03
   2.9938663e+03
   3.0057438e+03
   3.0329243e+03
   3.0777261e+03
   3.1423897e+03
   3.2290490e+03
   3.3397038e+03
   3.4761935e+03
   3.6401734e+03
   3.8330932e+03
   4.0561782e+03
   4.3104141e+03
   4.5965342e+03
   4.9150109e+03
   5.2660495e+03
   5.6495869e+03
   6.0652928e+03
   6.5125744e+03
   6.9905842e+03
   7.4982317e+03
   8.0341963e+03
   8.5969443e+03
   9.1847467e+03
   9.7956999e+03
   1.0427747e+04
   1.1078701e+04
   1.1746268e+04
   1.2428072e+04
   1.3121678e+04
   1.3824615e+04
   1.4534404e+04
   1.5248572e+04
   1.5964683e+04
   1.6680349e+04
   1.7393254e+04
   1.8101170e+04
   1.8801970e+04
   1.9493643e+04
   2.0174305e+04
   2.0842206e+04
   2.1495740e+04
   2.2133452e+04
   2.2754035e+04
   2.3356340e+04
   2.3939371e+04
   2.4502283e+04
   2.5044385e+04
   2.5565131e+04
   2.6064115e+04
   2.6541067e+04
   2.6995847e+04
   2.7428433e+04
   2.7838916e+04
   2.8227491e+04
   2.8594448e+04
   2.8940162e+04
   2.9265084e+04
   2.9569730e+04
   2.9854678e+04
   3.0120548e+04
   3.0368006e+04
   3.0597746e+04
   3.0810483e+04
   3.1006951e+04
   3.1187889e+04
   3.1354037e+04
   3.1506129e+04
   3.1644887e+04
   3.1771015e+04
   3.1885195e+04
   3.1988079e+04
   3.2080289e+04
   3.2162409e+04
   3.2234983e+04
   3.2298515e+04
   3.2353461e+04
   3.2400228e+04
   3.2439175e+04
   3.2470607e+04
   3.2494776e+04
   3.2511880e+04
   3.2522061e+04
   3.2525403e+04
