   5.5747218e+03
   5.5746217e+03
   5.5741984e+03
   5.5734378e+03
   5.5723168e+03
   5.5708029e+03
   5.5688546e+03
   5.5664214e+03
   5.5634439e+03
   5.5598540e+03
   5.5555751e+03
   5.5505225e+03
   5.5446031e+03
   5.5377166e+03
   5.5297549e+03
   5.5206034e+03
   5.5101408e+03
   5.4982396e+03
   5.4847674e+03
   5.4695864e+03
   5.4525552e+03
   5.4335285e+03
   5.4123588e+03
   5.3888966e+03
   5.3629916e+03
   5.3344938e+03
   5.3032545e+03
   5.2691269e+03
   5.2319683e+03
   5.1916403e+03
   5.1480108e+03
   5.1009547e+03
   5.0503559e+03
   4.9961082e+03
   4.9381167e+03
   4.8762994e+03
   4.8105886e+03
   4.7409318e+03
   4.6672937e+03
   4.5896568e+03
   4.5080229e+03
   4.4224142e+03
   4.3328743e+03
   4.2394689e+03
   4.1422865e+03
   4.0414393e+03
   3.9370633e+03
   3.8293184e+03
   3.7183888e+03
   3.6044825e+03
   3.4878306e+03
   3.3686874e+03
   3.2473285e+03
   3.1240506e+03
   2.9991693e+03
   2.8730180e+03
   2.7459456e+03
   2.6183149e+03
   2.4904998e+03
   2.3628831e+03
   2.2358539e+03
   2.1098045e+03
   1.9851276e+03
   1.8622135e+03
   1.7414466e+03
   1.6232029e+03
   1.5078463e+03
   1.3957259e+03
   1.2871730e+03
   1.1824983e+03
   1.0819894e+03
   9.8590796e+02
   8.9448779e+02
   8.0793282e+02
   7.2641539e+02
   6.5007492e+02
   5.7901685e+02
   5.1331203e+02
   4.5299632e+02
   3.9807071e+02
   3.4850166e+02
   3.0422194e+02
   2.6513169e+02
   2.3109992e+02
   2.0196624e+02
   1.7754292e+02
   1.5761723e+02
   1.4195392e+02
   1.3029802e+02
   1.2237765e+02
   1.1790709e+02
   1.1658975e+02
   1.1812138e+02
   1.2219305e+02
   1.2849425e+02
   1.3671583e+02
   1.4655283e+02
   1.5770712e+02
   1.6988992e+02
   1.8282406e+02
   1.9624605e+02
   2.0990782e+02
   2.2357830e+02
   2.3704467e+02
   2.5011333e+02
   2.6261063e+02
   2.7438333e+02
   2.8529872e+02
   2.9524465e+02
   3.0412913e+02
   3.1187991e+02
   3.1844368e+02
   3.2378525e+02
   3.2788650e+02
   3.3074519e+02
   3.3237371e+02
   3.3279776e+02
   3.3205489e+02
   3.3019313e+02
   3.2726953e+02
   3.2334869e+02
   3.1850140e+02
   3.1280327e+02
   3.0633342e+02
   2.9917324e+02
   2.9140527e+02
   2.8311215e+02
   2.7437563e+02
   2.6527570e+02
   2.5588991e+02
   2.4629262e+02
   2.3655452e+02
   2.2674216e+02
   2.1691757e+02
   2.0713804e+02
   1.9745590e+02
   1.8791845e+02
   1.7856791e+02
   1.6944149e+02
   1.6057143e+02
   1.5198520e+02
   1.4370565e+02
   1.3575124e+02
   1.2813630e+02
   1.2087127e+02
   1.1396305e+02
   1.0741523e+02
   1.0122841e+02
   9.5400537e+01
   8.9927162e+01
   8.4801757e+01
   8.0015989e+01
   7.5559993e+01
   7.1422629e+01
   6.7591725e+01
   6.4054299e+01
   6.0796770e+01
   5.7805147e+01
   5.5065206e+01
   5.2562641e+01
   5.0283207e+01
   4.8212844e+01
   4.6337785e+01
   4.4644648e+01
   4.3120522e+01
   4.1753030e+01
   4.0530391e+01
   3.9441468e+01
   3.8475801e+01
   3.7623646e+01
   3.6875994e+01
   3.6224590e+01
   3.5661948e+01
   3.5181360e+01
   3.4776902e+01
   3.4443438e+01
   3.4176622e+01
   3.3972901e+01
   3.3829509e+01
   3.3744475e+01
   3.3716616e+01
   3.3745537e+01
   3.3831636e+01
   3.3976097e+01
   3.4180897e+01
   3.4448801e+01
   3.4783367e+01
   3.5188940e+01
   3.5670660e+01
   3.6234449e+01
   3.6887017e+01
   3.7635850e+01
   3.8489200e+01
   3.9456075e+01
   4.0546217e+01
   4.1770081e+01
   4.3138800e+01
   4.4664150e+01
   4.6358499e+01
   4.8234752e+01
   5.0306280e+01
   5.2586841e+01
   5.5090484e+01
   5.7831440e+01
   6.0824001e+01
   6.4082377e+01
   6.7620543e+01
   7.1452064e+01
   7.5589902e+01
   8.0046212e+01
   8.4832116e+01
   8.9957459e+01
   9.5430556e+01
   1.0125792e+02
   1.0744397e+02
   1.1399076e+02
   1.2089766e+02
   1.2816107e+02
   1.3577408e+02
   1.4372625e+02
   1.5200324e+02
   1.6058658e+02
   1.6945343e+02
   1.7857633e+02
   1.8792304e+02
   1.9745638e+02
   2.0713416e+02
   2.1690910e+02
   2.2672891e+02
   2.3653635e+02
   2.4626942e+02
   2.5586165e+02
   2.6524242e+02
   2.7433740e+02
   2.8306916e+02
   2.9135777e+02
   2.9912156e+02
   3.0627799e+02
   3.1274461e+02
   3.1844012e+02
   3.2328549e+02
   3.2720520e+02
   3.3012855e+02
   3.3199100e+02
   3.3273560e+02
   3.3231438e+02
   3.3068983e+02
   3.2783628e+02
   3.2374138e+02
   3.1840735e+02
   3.1185232e+02
   3.0411143e+02
   2.9523792e+02
   2.8530396e+02
   2.7440143e+02
   2.6264234e+02
   2.5015922e+02
   2.3710513e+02
   2.2365351e+02
   2.0999769e+02
   1.9635023e+02
   1.8294192e+02
   1.7002047e+02
   1.5784908e+02
   1.4670455e+02
   1.3687530e+02
   1.2865908e+02
   1.2236048e+02
   1.1828828e+02
   1.1675261e+02
   1.1806202e+02
   1.2252044e+02
   1.3042410e+02
   1.4205844e+02
   1.5769503e+02
   1.7758862e+02
   2.0197421e+02
   2.3106440e+02
   2.6504676e+02
   3.0408161e+02
   3.4829990e+02
   3.9780152e+02
   4.5265377e+02
   5.1289029e+02
   5.7851029e+02
   6.4947811e+02
   7.2572321e+02
   8.0714046e+02
   8.9359081e+02
   9.8490233e+02
   1.0808716e+03
   1.1812652e+03
   1.2858220e+03
   1.3942551e+03
   1.5062543e+03
   1.6214888e+03
   1.7396102e+03
   1.8602551e+03
   1.9830482e+03
   2.1076057e+03
   2.2335379e+03
   2.3604526e+03
   2.4879580e+03
   2.6156657e+03
   2.7431933e+03
   2.8701674e+03
   2.9962258e+03
   3.1210197e+03
   3.2442163e+03
   3.3655001e+03
   3.4845749e+03
   3.6011652e+03
   3.7150171e+03
   3.8258994e+03
   3.9336043e+03
   4.0379477e+03
   4.1387698e+03
   4.2359344e+03
   4.3293295e+03
   4.4188664e+03
   4.5044793e+03
   4.5861244e+03
   4.6637795e+03
   4.7374425e+03
   4.8071307e+03
   4.8728792e+03
   4.9347402e+03
   4.9927813e+03
   5.0470842e+03
   5.0977434e+03
   5.1448649e+03
   5.1885646e+03
   5.2289672e+03
   5.2662047e+03
   5.3004149e+03
   5.3317406e+03
   5.3603281e+03
   5.3863259e+03
   5.4098839e+03
   5.4311520e+03
   5.4502795e+03
   5.4674138e+03
   5.4826998e+03
   5.4962789e+03
   5.5082885e+03
   5.5188611e+03
   5.5281239e+03
   5.5361979e+03
   5.5431979e+03
   5.5492316e+03
   5.5543994e+03
   5.5587941e+03
   5.5625004e+03
   5.5655948e+03
   5.5681453e+03
   5.5702113e+03
   5.5718432e+03
   5.5730824e+03
   5.5739614e+03
   5.5745032e+03
   5.5747218e+03
