   7.5876531e+03
   7.5868335e+03
   7.5843777e+03
   7.5802799e+03
   7.5745309e+03
   7.5671176e+03
   7.5580232e+03
   7.5472275e+03
   7.5347069e+03
   7.5204343e+03
   7.5043797e+03
   7.4865099e+03
   7.4667889e+03
   7.4451782e+03
   7.4216368e+03
   7.3961214e+03
   7.3685872e+03
   7.3389872e+03
   7.3072736e+03
   7.2733972e+03
   7.2373082e+03
   7.1989567e+03
   7.1582923e+03
   7.1152654e+03
   7.0698270e+03
   7.0219293e+03
   6.9715261e+03
   6.9185731e+03
   6.8630286e+03
   6.8048537e+03
   6.7440128e+03
   6.6804741e+03
   6.6142099e+03
   6.5451974e+03
   6.4734187e+03
   6.3988615e+03
   6.3215193e+03
   6.2413921e+03
   6.1584867e+03
   6.0728168e+03
   5.9844037e+03
   5.8932765e+03
   5.7994723e+03
   5.7030364e+03
   5.6040230e+03
   5.5024946e+03
   5.3985229e+03
   5.2921885e+03
   5.1835808e+03
   5.0727985e+03
   4.9599490e+03
   4.8451487e+03
   4.7285228e+03
   4.6102046e+03
   4.4903358e+03
   4.3690662e+03
   4.2465525e+03
   4.1229590e+03
   3.9984560e+03
   3.8732202e+03
   3.7474333e+03
   3.6212819e+03
   3.4949566e+03
   3.3686511e+03
   3.2425617e+03
   3.1168864e+03
   2.9918239e+03
   2.8675730e+03
   2.7443314e+03
   2.6222953e+03
   2.5016579e+03
   2.3826091e+03
   2.2653341e+03
   2.1500130e+03
   2.0368196e+03
   1.9259207e+03
   1.8174756e+03
   1.7116349e+03
   1.6085401e+03
   1.5083228e+03
   1.4111044e+03
   1.3169952e+03
   1.2260945e+03
   1.1384895e+03
   1.0542556e+03
   9.7345584e+02
   8.9614089e+02
   8.2234896e+02
   7.5210573e+02
   6.8542450e+02
   6.2230632e+02
   5.6274019e+02
   5.0670341e+02
   4.5416189e+02
   4.0507063e+02
   3.5937419e+02
   3.1700722e+02
   2.7789509e+02
   2.4195450e+02
   2.0909415e+02
   1.7921551e+02
   1.5221346e+02
   1.2797713e+02
   1.0639062e+02
   8.7333811e+01
   7.0683084e+01
   5.6312142e+01
   4.4092747e+01
   3.3895457e+01
   2.5590356e+01
   1.9047733e+01
   1.4138752e+01
   1.0736075e+01
   8.7144443e+00
   7.9512340e+00
   8.3269464e+00
   9.7256691e+00
   1.2035483e+01
   1.5148822e+01
   1.8962784e+01
   2.3379395e+01
   2.8305822e+01
   3.3654544e+01
   3.9343472e+01
   4.5296026e+01
   5.1441177e+01
   5.7713437e+01
   6.4052821e+01
   7.0404773e+01
   7.6720058e+01
   8.2954624e+01
   8.9069444e+01
   9.5030330e+01
   1.0080773e+02
   1.0637651e+02
   1.1171570e+02
   1.1680830e+02
   1.2164097e+02
   1.2620380e+02
   1.3049005e+02
   1.3449589e+02
   1.3822014e+02
   1.4166400e+02
   1.4483083e+02
   1.4772588e+02
   1.5035607e+02
   1.5272977e+02
   1.5485657e+02
   1.5674711e+02
   1.5841284e+02
   1.5986590e+02
   1.6111891e+02
   1.6218485e+02
   1.6307690e+02
   1.6380833e+02
   1.6439238e+02
   1.6484216e+02
   1.6517056e+02
   1.6539019e+02
   1.6551327e+02
   1.6555163e+02
   1.6551663e+02
   1.6541911e+02
   1.6526940e+02
   1.6507724e+02
   1.6485184e+02
   1.6460179e+02
   1.6433509e+02
   1.6405916e+02
   1.6378082e+02
   1.6350629e+02
   1.6324123e+02
   1.6299071e+02
   1.6275923e+02
   1.6255073e+02
   1.6236861e+02
   1.6221573e+02
   1.6209442e+02
   1.6200647e+02
   1.6195318e+02
   1.6193529e+02
   1.6195309e+02
   1.6200629e+02
   1.6209415e+02
   1.6221537e+02
   1.6236816e+02
   1.6255018e+02
   1.6275859e+02
   1.6298999e+02
   1.6324042e+02
   1.6350539e+02
   1.6377983e+02
   1.6405808e+02
   1.6433392e+02
   1.6460053e+02
   1.6485050e+02
   1.6507582e+02
   1.6526788e+02
   1.6541751e+02
   1.6551495e+02
   1.6554987e+02
   1.6551142e+02
   1.6538825e+02
   1.6516855e+02
   1.6484006e+02
   1.6439020e+02
   1.6380607e+02
   1.6307456e+02
   1.6218243e+02
   1.6111642e+02
   1.5986333e+02
   1.5841019e+02
   1.5674439e+02
   1.5485378e+02
   1.5272690e+02
   1.5035313e+02
   1.4772287e+02
   1.4482776e+02
   1.4166087e+02
   1.3821694e+02
   1.3449264e+02
   1.3048674e+02
   1.2620044e+02
   1.2163756e+02
   1.1680485e+02
   1.1171222e+02
   1.0637299e+02
   1.0080419e+02
   9.5026780e+01
   8.9065889e+01
   8.2951074e+01
   7.6716524e+01
   7.0401267e+01
   6.4049357e+01
   5.7710029e+01
   5.1437843e+01
   4.5292783e+01
   3.9340339e+01
   3.3651544e+01
   2.8302978e+01
   2.3376733e+01
   1.8960332e+01
   1.5146610e+01
   1.2033544e+01
   9.7240379e+00
   8.3256610e+00
   7.9503352e+00
   8.7139759e+00
   1.0736083e+01
   1.4139287e+01
   1.9048847e+01
   2.5592104e+01
   3.3897899e+01
   4.4095943e+01
   5.6316158e+01
   7.0687987e+01
   8.7339672e+01
   1.0639752e+02
   1.2798513e+02
   1.5222265e+02
   1.7922596e+02
   2.0910597e+02
   2.4196775e+02
   2.7790987e+02
   3.1702362e+02
   3.5939229e+02
   4.0509054e+02
   4.5418369e+02
   5.0672719e+02
   5.6276606e+02
   6.2233436e+02
   6.8545481e+02
   7.5213838e+02
   8.2238405e+02
   8.9617851e+02
   9.7349607e+02
   1.0542985e+03
   1.1385352e+03
   1.2261430e+03
   1.3170467e+03
   1.4111587e+03
   1.5083802e+03
   1.6086005e+03
   1.7116985e+03
   1.8175424e+03
   1.9259906e+03
   2.0368927e+03
   2.1500893e+03
   2.2654136e+03
   2.3826918e+03
   2.5017439e+03
   2.6223844e+03
   2.7444237e+03
   2.8676684e+03
   2.9919224e+03
   3.1169879e+03
   3.2426661e+03
   3.3687583e+03
   3.4950666e+03
   3.6213946e+03
   3.7475486e+03
   3.8733379e+03
   3.9985761e+03
   4.1230813e+03
   4.2466770e+03
   4.3691926e+03
   4.4904641e+03
   4.6103345e+03
   4.7286542e+03
   4.8452815e+03
   4.9600830e+03
   5.0729335e+03
   5.1837167e+03
   5.2923250e+03
   5.3986600e+03
   5.5026319e+03
   5.6041604e+03
   5.7031738e+03
   5.7996094e+03
   5.8934132e+03
   5.9845398e+03
   6.0729521e+03
   6.1586210e+03
   6.2415253e+03
   6.3216511e+03
   6.3989918e+03
   6.4735474e+03
   6.5453242e+03
   6.6143347e+03
   6.6805966e+03
   6.7441330e+03
   6.8049714e+03
   6.8631437e+03
   6.9186854e+03
   6.9716354e+03
   7.0220355e+03
   7.0699300e+03
   7.1153651e+03
   7.1583885e+03
   7.1990493e+03
   7.2373972e+03
   7.2734823e+03
   7.3073548e+03
   7.3390645e+03
   7.3686603e+03
   7.3961905e+03
   7.4217015e+03
   7.4452387e+03
   7.4668450e+03
   7.4865615e+03
   7.5044268e+03
   7.5204768e+03
   7.5347448e+03
   7.5472608e+03
   7.5580518e+03
   7.5671414e+03
   7.5745501e+03
   7.5802943e+03
   7.5843872e+03
   7.5868383e+03
   7.5876531e+03
