   2.7220099e+01
   2.7220685e+01
   2.7222445e+01
   2.7225373e+01
   2.7229464e+01
   2.7234707e+01
   2.7241090e+01
   2.7248598e+01
   2.7257212e+01
   2.7266913e+01
   2.7277676e+01
   2.7289477e+01
   2.7302286e+01
   2.7316073e+01
   2.7330803e+01
   2.7346440e+01
   2.7362946e+01
   2.7380278e+01
   2.7398395e+01
   2.7417249e+01
   2.7436792e+01
   2.7456974e+01
   2.7477742e+01
   2.7499042e+01
   2.7520815e+01
   2.7543004e+01
   2.7565548e+01
   2.7588384e+01
   2.7611447e+01
   2.7634672e+01
   2.7657990e+01
   2.7681334e+01
   2.7704632e+01
   2.7727812e+01
   2.7750801e+01
   2.7773527e+01
   2.7795912e+01
   2.7817882e+01
   2.7839360e+01
   2.7860269e+01
   2.7880530e+01
   2.7900066e+01
   2.7918799e+01
   2.7936649e+01
   2.7953539e+01
   2.7969390e+01
   2.7984125e+01
   2.7997664e+01
   2.8009933e+01
   2.8020854e+01
   2.8030351e+01
   2.8038351e+01
   2.8044780e+01
   2.8049566e+01
   2.8052639e+01
   2.8053929e+01
   2.8053369e+01
   2.8050893e+01
   2.8046438e+01
   2.8039943e+01
   2.8031348e+01
   2.8020597e+01
   2.8007634e+01
   2.7992410e+01
   2.7974873e+01
   2.7954979e+01
   2.7932683e+01
   2.7907947e+01
   2.7880732e+01
   2.7851006e+01
   2.7818737e+01
   2.7783898e+01
   2.7746467e+01
   2.7706422e+01
   2.7663748e+01
   2.7618431e+01
   2.7570463e+01
   2.7519839e+01
   2.7466556e+01
   2.7410616e+01
   2.7352027e+01
   2.7290797e+01
   2.7226940e+01
   2.7160474e+01
   2.7091419e+01
   2.7019800e+01
   2.6945647e+01
   2.6868990e+01
   2.6789867e+01
   2.6708316e+01
   2.6624380e+01
   2.6538105e+01
   2.6449541e+01
   2.6358741e+01
   2.6265760e+01
   2.6170659e+01
   2.6073498e+01
   2.5974343e+01
   2.5873260e+01
   2.5770321e+01
   2.5665599e+01
   2.5559167e+01
   2.5451103e+01
   2.5341487e+01
   2.5230400e+01
   2.5117925e+01
   2.5004147e+01
   2.4889152e+01
   2.4773029e+01
   2.4655866e+01
   2.4537753e+01
   2.4418782e+01
   2.4299044e+01
   2.4178633e+01
   2.4057641e+01
   2.3936162e+01
   2.3814291e+01
   2.3692121e+01
   2.3569747e+01
   2.3447262e+01
   2.3324760e+01
   2.3202336e+01
   2.3080082e+01
   2.2958089e+01
   2.2836452e+01
   2.2715259e+01
   2.2594601e+01
   2.2474568e+01
   2.2355248e+01
   2.2236727e+01
   2.2119091e+01
   2.2002424e+01
   2.1886810e+01
   2.1772330e+01
   2.1659064e+01
   2.1547090e+01
   2.1436486e+01
   2.1327326e+01
   2.1219684e+01
   2.1113632e+01
   2.1009240e+01
   2.0906576e+01
   2.0805706e+01
   2.0706695e+01
   2.0609605e+01
   2.0514497e+01
   2.0421431e+01
   2.0330463e+01
   2.0241648e+01
   2.0155040e+01
   2.0070690e+01
   1.9988647e+01
   1.9908959e+01
   1.9831672e+01
   1.9756829e+01
   1.9684473e+01
   1.9614644e+01
   1.9547381e+01
   1.9482719e+01
   1.9420695e+01
   1.9361340e+01
   1.9304687e+01
   1.9250765e+01
   1.9199602e+01
   1.9151225e+01
   1.9105658e+01
   1.9062925e+01
   1.9023047e+01
   1.8986044e+01
   1.8951934e+01
   1.8920734e+01
   1.8892460e+01
   1.8867125e+01
   1.8844741e+01
   1.8825320e+01
   1.8808871e+01
   1.8795402e+01
   1.8784919e+01
   1.8777427e+01
   1.8772929e+01
   1.8771429e+01
   1.8772926e+01
   1.8777420e+01
   1.8784909e+01
   1.8795389e+01
   1.8808856e+01
   1.8825301e+01
   1.8844719e+01
   1.8867099e+01
   1.8892431e+01
   1.8920703e+01
   1.8951899e+01
   1.8986006e+01
   1.9023006e+01
   1.9062882e+01
   1.9105612e+01
   1.9151176e+01
   1.9199550e+01
   1.9250710e+01
   1.9304629e+01
   1.9361279e+01
   1.9420631e+01
   1.9482653e+01
   1.9547311e+01
   1.9614572e+01
   1.9684399e+01
   1.9756752e+01
   1.9831592e+01
   1.9908876e+01
   1.9988562e+01
   2.0070602e+01
   2.0154950e+01
   2.0241556e+01
   2.0330368e+01
   2.0421334e+01
   2.0514398e+01
   2.0609504e+01
   2.0706591e+01
   2.0805600e+01
   2.0906468e+01
   2.1009131e+01
   2.1113521e+01
   2.1219572e+01
   2.1327212e+01
   2.1436370e+01
   2.1546973e+01
   2.1658945e+01
   2.1772210e+01
   2.1886689e+01
   2.2002302e+01
   2.2118967e+01
   2.2236602e+01
   2.2355122e+01
   2.2474442e+01
   2.2594474e+01
   2.2715131e+01
   2.2836323e+01
   2.2957961e+01
   2.3079953e+01
   2.3202207e+01
   2.3324631e+01
   2.3447133e+01
   2.3569618e+01
   2.3691992e+01
   2.3814162e+01
   2.3936034e+01
   2.4057513e+01
   2.4178506e+01
   2.4298918e+01
   2.4418656e+01
   2.4537628e+01
   2.4655742e+01
   2.4772907e+01
   2.4889031e+01
   2.5004027e+01
   2.5117807e+01
   2.5230283e+01
   2.5341372e+01
   2.5450990e+01
   2.5559055e+01
   2.5665489e+01
   2.5770214e+01
   2.5873155e+01
   2.5974239e+01
   2.6073397e+01
   2.6170560e+01
   2.6265664e+01
   2.6358647e+01
   2.6449450e+01
   2.6538016e+01
   2.6624294e+01
   2.6708232e+01
   2.6789786e+01
   2.6868913e+01
   2.6945572e+01
   2.7019729e+01
   2.7091350e+01
   2.7160408e+01
   2.7226877e+01
   2.7290737e+01
   2.7351970e+01
   2.7410563e+01
   2.7466505e+01
   2.7519791e+01
   2.7570419e+01
   2.7618390e+01
   2.7663709e+01
   2.7706387e+01
   2.7746434e+01
   2.7783869e+01
   2.7818710e+01
   2.7850982e+01
   2.7880712e+01
   2.7907930e+01
   2.7932669e+01
   2.7954967e+01
   2.7974864e+01
   2.7992403e+01
   2.8007631e+01
   2.8020596e+01
   2.8031350e+01
   2.8039947e+01
   2.8046444e+01
   2.8050901e+01
   2.8053379e+01
   2.8053942e+01
   2.8052654e+01
   2.8049583e+01
   2.8044799e+01
   2.8038372e+01
   2.8030374e+01
   2.8020878e+01
   2.8009959e+01
   2.7997692e+01
   2.7984153e+01
   2.7969420e+01
   2.7953570e+01
   2.7936681e+01
   2.7918832e+01
   2.7900100e+01
   2.7880564e+01
   2.7860304e+01
   2.7839396e+01
   2.7817918e+01
   2.7795948e+01
   2.7773563e+01
   2.7750838e+01
   2.7727849e+01
   2.7704668e+01
   2.7681371e+01
   2.7658027e+01
   2.7634708e+01
   2.7611483e+01
   2.7588419e+01
   2.7565583e+01
   2.7543039e+01
   2.7520849e+01
   2.7499074e+01
   2.7477774e+01
   2.7457005e+01
   2.7436822e+01
   2.7417278e+01
   2.7398423e+01
   2.7380305e+01
   2.7362971e+01
   2.7346464e+01
   2.7330825e+01
   2.7316094e+01
   2.7302306e+01
   2.7289495e+01
   2.7277693e+01
   2.7266928e+01
   2.7257226e+01
   2.7248609e+01
   2.7241100e+01
   2.7234716e+01
   2.7229471e+01
   2.7225379e+01
   2.7222448e+01
   2.7220687e+01
   2.7220099e+01
