   6.3837178e-04
   6.3837157e-04
   6.3837082e-04
   6.3836953e-04
   6.3836768e-04
   6.3836527e-04
   6.3836230e-04
   6.3835875e-04
   6.3835460e-04
   6.3834984e-04
   6.3834445e-04
   6.3833841e-04
   6.3833169e-04
   6.3832429e-04
   6.3831616e-04
   6.3830727e-04
   6.3829761e-04
   6.3828713e-04
   6.3827581e-04
   6.3826360e-04
   6.3825048e-04
   6.3823639e-04
   6.3822131e-04
   6.3820519e-04
   6.3818798e-04
   6.3816965e-04
   6.3815014e-04
   6.3812942e-04
   6.3810742e-04
   6.3808412e-04
   6.3805944e-04
   6.3803335e-04
   6.3800579e-04
   6.3797672e-04
   6.3794607e-04
   6.3791380e-04
   6.3787985e-04
   6.3784416e-04
   6.3780670e-04
   6.3776739e-04
   6.3772619e-04
   6.3768305e-04
   6.3763790e-04
   6.3759070e-04
   6.3754139e-04
   6.3748993e-04
   6.3743626e-04
   6.3738032e-04
   6.3732207e-04
   6.3726147e-04
   6.3719845e-04
   6.3713298e-04
   6.3706500e-04
   6.3699448e-04
   6.3692137e-04
   6.3684563e-04
   6.3676721e-04
   6.3668609e-04
   6.3660222e-04
   6.3651556e-04
   6.3642609e-04
   6.3633377e-04
   6.3623858e-04
   6.3614048e-04
   6.3603946e-04
   6.3593549e-04
   6.3582855e-04
   6.3571863e-04
   6.3560570e-04
   6.3548976e-04
   6.3537080e-04
   6.3524881e-04
   6.3512378e-04
   6.3499573e-04
   6.3486463e-04
   6.3473051e-04
   6.3459337e-04
   6.3445322e-04
   6.3431008e-04
   6.3416395e-04
   6.3401486e-04
   6.3386284e-04
   6.3370790e-04
   6.3355009e-04
   6.3338942e-04
   6.3322594e-04
   6.3305968e-04
   6.3289069e-04
   6.3271900e-04
   6.3254468e-04
   6.3236777e-04
   6.3218832e-04
   6.3200640e-04
   6.3182206e-04
   6.3163536e-04
   6.3144638e-04
   6.3125518e-04
   6.3106184e-04
   6.3086643e-04
   6.3066903e-04
   6.3046971e-04
   6.3026858e-04
   6.3006570e-04
   6.2986118e-04
   6.2965509e-04
   6.2944755e-04
   6.2923864e-04
   6.2902846e-04
   6.2881712e-04
   6.2860471e-04
   6.2839135e-04
   6.2817715e-04
   6.2796220e-04
   6.2774663e-04
   6.2753054e-04
   6.2731406e-04
   6.2709730e-04
   6.2688037e-04
   6.2666341e-04
   6.2644652e-04
   6.2622983e-04
   6.2601346e-04
   6.2579754e-04
   6.2558220e-04
   6.2536755e-04
   6.2515372e-04
   6.2494085e-04
   6.2472905e-04
   6.2451846e-04
   6.2430920e-04
   6.2410141e-04
   6.2389520e-04
   6.2369070e-04
   6.2348805e-04
   6.2328737e-04
   6.2308879e-04
   6.2289242e-04
   6.2269840e-04
   6.2250685e-04
   6.2231789e-04
   6.2213165e-04
   6.2194824e-04
   6.2176778e-04
   6.2159040e-04
   6.2141620e-04
   6.2124530e-04
   6.2107782e-04
   6.2091387e-04
   6.2075354e-04
   6.2059696e-04
   6.2044423e-04
   6.2029544e-04
   6.2015070e-04
   6.2001011e-04
   6.1987375e-04
   6.1974173e-04
   6.1961413e-04
   6.1949104e-04
   6.1937254e-04
   6.1925872e-04
   6.1914964e-04
   6.1904539e-04
   6.1894604e-04
   6.1885166e-04
   6.1876231e-04
   6.1867805e-04
   6.1859894e-04
   6.1852503e-04
   6.1845638e-04
   6.1839304e-04
   6.1833504e-04
   6.1828243e-04
   6.1823525e-04
   6.1819352e-04
   6.1815728e-04
   6.1812655e-04
   6.1810136e-04
   6.1808171e-04
   6.1806763e-04
   6.1805912e-04
   6.1805619e-04
   6.1805884e-04
   6.1806707e-04
   6.1808088e-04
   6.1810025e-04
   6.1812517e-04
   6.1815563e-04
   6.1819160e-04
   6.1823305e-04
   6.1827997e-04
   6.1833231e-04
   6.1839003e-04
   6.1845311e-04
   6.1852150e-04
   6.1859514e-04
   6.1867399e-04
   6.1875799e-04
   6.1884709e-04
   6.1894121e-04
   6.1904031e-04
   6.1914431e-04
   6.1925314e-04
   6.1936672e-04
   6.1948498e-04
   6.1960783e-04
   6.1973520e-04
   6.1986699e-04
   6.2000312e-04
   6.2014349e-04
   6.2028801e-04
   6.2043658e-04
   6.2058910e-04
   6.2074548e-04
   6.2090560e-04
   6.2106935e-04
   6.2123664e-04
   6.2140734e-04
   6.2158136e-04
   6.2175856e-04
   6.2193884e-04
   6.2212207e-04
   6.2230815e-04
   6.2249695e-04
   6.2268834e-04
   6.2288220e-04
   6.2307842e-04
   6.2327686e-04
   6.2347741e-04
   6.2367993e-04
   6.2388429e-04
   6.2409038e-04
   6.2429806e-04
   6.2450720e-04
   6.2471769e-04
   6.2492938e-04
   6.2514216e-04
   6.2535590e-04
   6.2557046e-04
   6.2578573e-04
   6.2600157e-04
   6.2621787e-04
   6.2643449e-04
   6.2665133e-04
   6.2686824e-04
   6.2708512e-04
   6.2730184e-04
   6.2751828e-04
   6.2773433e-04
   6.2794988e-04
   6.2816480e-04
   6.2837900e-04
   6.2859234e-04
   6.2880474e-04
   6.2901608e-04
   6.2922627e-04
   6.2943519e-04
   6.2964274e-04
   6.2984884e-04
   6.3005339e-04
   6.3025630e-04
   6.3045747e-04
   6.3065681e-04
   6.3085426e-04
   6.3104972e-04
   6.3124311e-04
   6.3143436e-04
   6.3162340e-04
   6.3181016e-04
   6.3199457e-04
   6.3217656e-04
   6.3235608e-04
   6.3253307e-04
   6.3270747e-04
   6.3287924e-04
   6.3304832e-04
   6.3321467e-04
   6.3337824e-04
   6.3353901e-04
   6.3369693e-04
   6.3385197e-04
   6.3400410e-04
   6.3415329e-04
   6.3429953e-04
   6.3444279e-04
   6.3458306e-04
   6.3472032e-04
   6.3485456e-04
   6.3498577e-04
   6.3511396e-04
   6.3523911e-04
   6.3536123e-04
   6.3548032e-04
   6.3559639e-04
   6.3570945e-04
   6.3581951e-04
   6.3592659e-04
   6.3603069e-04
   6.3613185e-04
   6.3623009e-04
   6.3632542e-04
   6.3641788e-04
   6.3650749e-04
   6.3659429e-04
   6.3667831e-04
   6.3675958e-04
   6.3683814e-04
   6.3691402e-04
   6.3698728e-04
   6.3705794e-04
   6.3712606e-04
   6.3719168e-04
   6.3725484e-04
   6.3731560e-04
   6.3737399e-04
   6.3743007e-04
   6.3748389e-04
   6.3753550e-04
   6.3758495e-04
   6.3763229e-04
   6.3767758e-04
   6.3772087e-04
   6.3776222e-04
   6.3780167e-04
   6.3783928e-04
   6.3787510e-04
   6.3790919e-04
   6.3794161e-04
   6.3797239e-04
   6.3800161e-04
   6.3802931e-04
   6.3805553e-04
   6.3808035e-04
   6.3810379e-04
   6.3812592e-04
   6.3814678e-04
   6.3816642e-04
   6.3818489e-04
   6.3820223e-04
   6.3821849e-04
   6.3823370e-04
   6.3824792e-04
   6.3826118e-04
   6.3827351e-04
   6.3828497e-04
   6.3829558e-04
   6.3830537e-04
   6.3831438e-04
   6.3832264e-04
   6.3833018e-04
   6.3833702e-04
   6.3834318e-04
   6.3834870e-04
   6.3835359e-04
   6.3835786e-04
   6.3836154e-04
   6.3836464e-04
   6.3836718e-04
   6.3836915e-04
   6.3837057e-04
   6.3837145e-04
   6.3837178e-04
