   1.9966841e-04
   1.9966833e-04
   1.9966816e-04
   1.9966792e-04
   1.9966758e-04
   1.9966716e-04
   1.9966665e-04
   1.9966604e-04
   1.9966533e-04
   1.9966453e-04
   1.9966361e-04
   1.9966258e-04
   1.9966143e-04
   1.9966016e-04
   1.9965876e-04
   1.9965721e-04
   1.9965552e-04
   1.9965367e-04
   1.9965165e-04
   1.9964946e-04
   1.9964708e-04
   1.9964451e-04
   1.9964173e-04
   1.9963873e-04
   1.9963550e-04
   1.9963203e-04
   1.9962831e-04
   1.9962432e-04
   1.9962005e-04
   1.9961549e-04
   1.9961062e-04
   1.9960544e-04
   1.9959992e-04
   1.9959405e-04
   1.9958782e-04
   1.9958121e-04
   1.9957421e-04
   1.9956681e-04
   1.9955899e-04
   1.9955073e-04
   1.9954203e-04
   1.9953286e-04
   1.9952321e-04
   1.9951307e-04
   1.9950242e-04
   1.9949125e-04
   1.9947954e-04
   1.9946728e-04
   1.9945446e-04
   1.9944106e-04
   1.9942707e-04
   1.9941247e-04
   1.9939726e-04
   1.9938142e-04
   1.9936494e-04
   1.9934780e-04
   1.9933000e-04
   1.9931152e-04
   1.9929236e-04
   1.9927250e-04
   1.9925194e-04
   1.9923066e-04
   1.9920866e-04
   1.9918592e-04
   1.9916245e-04
   1.9913823e-04
   1.9911326e-04
   1.9908754e-04
   1.9906105e-04
   1.9903380e-04
   1.9900578e-04
   1.9897698e-04
   1.9894741e-04
   1.9891707e-04
   1.9888595e-04
   1.9885405e-04
   1.9882138e-04
   1.9878793e-04
   1.9875372e-04
   1.9871873e-04
   1.9868299e-04
   1.9864648e-04
   1.9860922e-04
   1.9857122e-04
   1.9853247e-04
   1.9849300e-04
   1.9845280e-04
   1.9841189e-04
   1.9837028e-04
   1.9832799e-04
   1.9828501e-04
   1.9824137e-04
   1.9819708e-04
   1.9815215e-04
   1.9810660e-04
   1.9806045e-04
   1.9801371e-04
   1.9796641e-04
   1.9791855e-04
   1.9787016e-04
   1.9782127e-04
   1.9777188e-04
   1.9772203e-04
   1.9767173e-04
   1.9762100e-04
   1.9756988e-04
   1.9751839e-04
   1.9746654e-04
   1.9741438e-04
   1.9736191e-04
   1.9730917e-04
   1.9725619e-04
   1.9720300e-04
   1.9714961e-04
   1.9709607e-04
   1.9704240e-04
   1.9698862e-04
   1.9693478e-04
   1.9688090e-04
   1.9682701e-04
   1.9677314e-04
   1.9671933e-04
   1.9666560e-04
   1.9661199e-04
   1.9655853e-04
   1.9650525e-04
   1.9645219e-04
   1.9639937e-04
   1.9634683e-04
   1.9629460e-04
   1.9624272e-04
   1.9619122e-04
   1.9614013e-04
   1.9608948e-04
   1.9603930e-04
   1.9598963e-04
   1.9594051e-04
   1.9589195e-04
   1.9584401e-04
   1.9579669e-04
   1.9575005e-04
   1.9570410e-04
   1.9565888e-04
   1.9561442e-04
   1.9557075e-04
   1.9552790e-04
   1.9548590e-04
   1.9544477e-04
   1.9540455e-04
   1.9536526e-04
   1.9532693e-04
   1.9528958e-04
   1.9525325e-04
   1.9521796e-04
   1.9518372e-04
   1.9515057e-04
   1.9511853e-04
   1.9508762e-04
   1.9505787e-04
   1.9502928e-04
   1.9500190e-04
   1.9497572e-04
   1.9495078e-04
   1.9492708e-04
   1.9490465e-04
   1.9488350e-04
   1.9486365e-04
   1.9484512e-04
   1.9482790e-04
   1.9481202e-04
   1.9479750e-04
   1.9478432e-04
   1.9477252e-04
   1.9476210e-04
   1.9475305e-04
   1.9474540e-04
   1.9473915e-04
   1.9473429e-04
   1.9473084e-04
   1.9472880e-04
   1.9472816e-04
   1.9472893e-04
   1.9473111e-04
   1.9473470e-04
   1.9473969e-04
   1.9474608e-04
   1.9475386e-04
   1.9476304e-04
   1.9477360e-04
   1.9478553e-04
   1.9479883e-04
   1.9481349e-04
   1.9482950e-04
   1.9484684e-04
   1.9486551e-04
   1.9488549e-04
   1.9490676e-04
   1.9492932e-04
   1.9495314e-04
   1.9497821e-04
   1.9500451e-04
   1.9503202e-04
   1.9506072e-04
   1.9509059e-04
   1.9512162e-04
   1.9515378e-04
   1.9518704e-04
   1.9522139e-04
   1.9525679e-04
   1.9529323e-04
   1.9533068e-04
   1.9536912e-04
   1.9540851e-04
   1.9544884e-04
   1.9549006e-04
   1.9553216e-04
   1.9557511e-04
   1.9561888e-04
   1.9566343e-04
   1.9570874e-04
   1.9575477e-04
   1.9580150e-04
   1.9584890e-04
   1.9589693e-04
   1.9594556e-04
   1.9599477e-04
   1.9604451e-04
   1.9609475e-04
   1.9614547e-04
   1.9619663e-04
   1.9624820e-04
   1.9630014e-04
   1.9635243e-04
   1.9640502e-04
   1.9645790e-04
   1.9651102e-04
   1.9656434e-04
   1.9661785e-04
   1.9667151e-04
   1.9672528e-04
   1.9677913e-04
   1.9683304e-04
   1.9688696e-04
   1.9694088e-04
   1.9699475e-04
   1.9704855e-04
   1.9710224e-04
   1.9715581e-04
   1.9720921e-04
   1.9726243e-04
   1.9731542e-04
   1.9736817e-04
   1.9742065e-04
   1.9747283e-04
   1.9752468e-04
   1.9757617e-04
   1.9762729e-04
   1.9767801e-04
   1.9772831e-04
   1.9777816e-04
   1.9782754e-04
   1.9787642e-04
   1.9792480e-04
   1.9797264e-04
   1.9801993e-04
   1.9806665e-04
   1.9811278e-04
   1.9815830e-04
   1.9820320e-04
   1.9824747e-04
   1.9829108e-04
   1.9833402e-04
   1.9837629e-04
   1.9841787e-04
   1.9845874e-04
   1.9849890e-04
   1.9853833e-04
   1.9857703e-04
   1.9861500e-04
   1.9865221e-04
   1.9868867e-04
   1.9872437e-04
   1.9875930e-04
   1.9879347e-04
   1.9882686e-04
   1.9885948e-04
   1.9889132e-04
   1.9892239e-04
   1.9895267e-04
   1.9898218e-04
   1.9901092e-04
   1.9903888e-04
   1.9906607e-04
   1.9909250e-04
   1.9911816e-04
   1.9914307e-04
   1.9916722e-04
   1.9919063e-04
   1.9921329e-04
   1.9923523e-04
   1.9925644e-04
   1.9927693e-04
   1.9929672e-04
   1.9931582e-04
   1.9933422e-04
   1.9935195e-04
   1.9936902e-04
   1.9938543e-04
   1.9940120e-04
   1.9941633e-04
   1.9943086e-04
   1.9944477e-04
   1.9945810e-04
   1.9947084e-04
   1.9948303e-04
   1.9949466e-04
   1.9950576e-04
   1.9951633e-04
   1.9952640e-04
   1.9953597e-04
   1.9954506e-04
   1.9955369e-04
   1.9956187e-04
   1.9956962e-04
   1.9957695e-04
   1.9958387e-04
   1.9959040e-04
   1.9959655e-04
   1.9960234e-04
   1.9960779e-04
   1.9961290e-04
   1.9961769e-04
   1.9962217e-04
   1.9962636e-04
   1.9963028e-04
   1.9963392e-04
   1.9963732e-04
   1.9964047e-04
   1.9964339e-04
   1.9964609e-04
   1.9964859e-04
   1.9965089e-04
   1.9965301e-04
   1.9965495e-04
   1.9965672e-04
   1.9965834e-04
   1.9965981e-04
   1.9966114e-04
   1.9966234e-04
   1.9966341e-04
   1.9966436e-04
   1.9966520e-04
   1.9966593e-04
   1.9966656e-04
   1.9966710e-04
   1.9966754e-04
   1.9966788e-04
   1.9966814e-04
   1.9966832e-04
   1.9966840e-04
   1.9966841e-04
