   1.7200132e+03
   1.7199632e+03
   1.7198241e+03
   1.7195933e+03
   1.7192668e+03
   1.7188389e+03
   1.7183026e+03
   1.7176490e+03
   1.7168678e+03
   1.7159471e+03
   1.7148736e+03
   1.7136325e+03
   1.7122075e+03
   1.7105811e+03
   1.7087343e+03
   1.7066470e+03
   1.7042976e+03
   1.7016638e+03
   1.6987218e+03
   1.6954472e+03
   1.6918143e+03
   1.6877970e+03
   1.6833682e+03
   1.6785005e+03
   1.6731657e+03
   1.6673356e+03
   1.6609817e+03
   1.6540752e+03
   1.6465877e+03
   1.6384910e+03
   1.6297572e+03
   1.6203590e+03
   1.6102699e+03
   1.5994645e+03
   1.5879181e+03
   1.5756079e+03
   1.5625120e+03
   1.5486106e+03
   1.5338857e+03
   1.5183213e+03
   1.5019038e+03
   1.4846219e+03
   1.4664670e+03
   1.4474334e+03
   1.4275182e+03
   1.4067216e+03
   1.3850474e+03
   1.3625023e+03
   1.3390969e+03
   1.3148451e+03
   1.2897646e+03
   1.2638768e+03
   1.2372069e+03
   1.2097837e+03
   1.1816398e+03
   1.1528116e+03
   1.1233389e+03
   1.0932654e+03
   1.0626378e+03
   1.0315064e+03
   9.9992442e+02
   9.6794798e+02
   9.3563593e+02
   9.0304952e+02
   8.7025215e+02
   8.3730907e+02
   8.0428709e+02
   7.7125422e+02
   7.3827933e+02
   7.0543180e+02
   6.7278117e+02
   6.4039671e+02
   6.0834712e+02
   5.7670005e+02
   5.4552183e+02
   5.1487703e+02
   4.8482809e+02
   4.5543503e+02
   4.2675508e+02
   3.9884233e+02
   3.7174750e+02
   3.4551765e+02
   3.2019589e+02
   2.9582122e+02
   2.7242834e+02
   2.5004744e+02
   2.2870417e+02
   2.0841948e+02
   1.8920958e+02
   1.7108597e+02
   1.5405540e+02
   1.3811997e+02
   1.2327718e+02
   1.0952006e+02
   9.6837313e+01
   8.5213510e+01
   7.4629262e+01
   6.5061463e+01
   5.6483534e+01
   4.8865685e+01
   4.2175201e+01
   3.6376729e+01
   3.1432587e+01
   2.7303073e+01
   2.3946775e+01
   2.1320892e+01
   1.9381540e+01
   1.8084063e+01
   1.7383336e+01
   1.7234051e+01
   1.7590997e+01
   1.8409330e+01
   1.9644815e+01
   2.1254066e+01
   2.3194753e+01
   2.5425805e+01
   2.7907580e+01
   3.0602020e+01
   3.3472787e+01
   3.6485377e+01
   3.9607209e+01
   4.2807703e+01
   4.6058329e+01
   4.9332645e+01
   5.2606314e+01
   5.5857099e+01
   5.9064855e+01
   6.2211493e+01
   6.5280942e+01
   6.8259090e+01
   7.1133720e+01
   7.3894439e+01
   7.6532588e+01
   7.9041164e+01
   8.1414717e+01
   8.3649258e+01
   8.5742157e+01
   8.7692040e+01
   8.9498688e+01
   9.1162936e+01
   9.2686568e+01
   9.4072222e+01
   9.5323292e+01
   9.6443834e+01
   9.7438478e+01
   9.8312344e+01
   9.9070957e+01
   9.9720174e+01
   1.0026611e+02
   1.0071509e+02
   1.0107355e+02
   1.0134801e+02
   1.0154502e+02
   1.0167112e+02
   1.0173277e+02
   1.0173635e+02
   1.0168809e+02
   1.0159409e+02
   1.0146025e+02
   1.0129226e+02
   1.0109561e+02
   1.0087555e+02
   1.0063708e+02
   1.0038494e+02
   1.0012362e+02
   9.9857350e+01
   9.9590083e+01
   9.9325504e+01
   9.9067030e+01
   9.8817811e+01
   9.8580729e+01
   9.8358401e+01
   9.8153184e+01
   9.7967177e+01
   9.7802221e+01
   9.7659907e+01
   9.7541575e+01
   9.7448318e+01
   9.7380984e+01
   9.7340178e+01
   9.7326265e+01
   9.7339366e+01
   9.7379364e+01
   9.7445901e+01
   9.7538375e+01
   9.7655944e+01
   9.7797519e+01
   9.7961764e+01
   9.8147096e+01
   9.8351675e+01
   9.8573410e+01
   9.8809949e+01
   9.9058679e+01
   9.9316722e+01
   9.9580935e+01
   9.9847905e+01
   1.0011395e+02
   1.0037512e+02
   1.0062720e+02
   1.0086571e+02
   1.0108589e+02
   1.0128276e+02
   1.0145106e+02
   1.0158533e+02
   1.0167986e+02
   1.0172876e+02
   1.0172594e+02
   1.0166516e+02
   1.0154005e+02
   1.0134413e+02
   1.0107089e+02
   1.0071377e+02
   1.0026624e+02
   9.9721859e+01
   9.9074303e+01
   9.8317452e+01
   9.7445441e+01
   9.6452738e+01
   9.5334213e+01
   9.4085225e+01
   9.2701708e+01
   9.1180252e+01
   8.9518205e+01
   8.7713767e+01
   8.5766084e+01
   8.3675357e+01
   8.1442937e+01
   7.9071433e+01
   7.6564811e+01
   7.3928495e+01
   7.1169464e+01
   6.8296349e+01
   6.5319516e+01
   6.2251153e+01
   5.9105345e+01
   5.5898134e+01
   5.2647580e+01
   4.9373801e+01
   4.6099006e+01
   4.2847504e+01
   3.9645715e+01
   3.6522142e+01
   3.3507345e+01
   3.0633883e+01
   2.7936245e+01
   2.5450754e+01
   2.3215455e+01
   2.1269982e+01
   1.9655403e+01
   1.8414045e+01
   1.7589301e+01
   1.7225409e+01
   1.7367230e+01
   1.8059989e+01
   1.9349015e+01
   2.1279462e+01
   2.3896015e+01
   2.7242591e+01
   3.1362035e+01
   3.6295801e+01
   4.2083639e+01
   4.8763285e+01
   5.6370145e+01
   6.4936996e+01
   7.4493687e+01
   8.5066864e+01
   9.6679697e+01
   1.0935164e+02
   1.2309820e+02
   1.3793074e+02
   1.5385630e+02
   1.7087743e+02
   1.8899213e+02
   2.0819368e+02
   2.2847068e+02
   2.4980695e+02
   2.7218160e+02
   2.9556904e+02
   3.1993913e+02
   3.4525720e+02
   3.7148430e+02
   3.9857734e+02
   4.2648929e+02
   4.5516946e+02
   4.8456375e+02
   5.1461496e+02
   5.4526306e+02
   5.7644560e+02
   6.0809800e+02
   6.4015392e+02
   6.7254566e+02
   7.0520451e+02
   7.3806115e+02
   7.7104602e+02
   8.0408967e+02
   8.3712318e+02
   8.7007848e+02
   9.0288872e+02
   9.3548857e+02
   9.6781458e+02
   9.9980541e+02
   1.0314022e+03
   1.0625487e+03
   1.0931915e+03
   1.1232805e+03
   1.1527686e+03
   1.1816124e+03
   1.2097718e+03
   1.2372104e+03
   1.2638955e+03
   1.2897982e+03
   1.3148933e+03
   1.3391593e+03
   1.3625785e+03
   1.3851369e+03
   1.4068240e+03
   1.4276327e+03
   1.4475595e+03
   1.4666042e+03
   1.4847693e+03
   1.5020608e+03
   1.5184872e+03
   1.5340597e+03
   1.5487919e+03
   1.5626998e+03
   1.5758015e+03
   1.5881167e+03
   1.5996672e+03
   1.6104760e+03
   1.6205676e+03
   1.6299676e+03
   1.6387024e+03
   1.6467994e+03
   1.6542863e+03
   1.6611916e+03
   1.6675436e+03
   1.6733710e+03
   1.6787024e+03
   1.6835662e+03
   1.6879903e+03
   1.6920024e+03
   1.6956295e+03
   1.6988978e+03
   1.7018329e+03
   1.7044594e+03
   1.7068008e+03
   1.7088799e+03
   1.7107180e+03
   1.7123353e+03
   1.7137509e+03
   1.7149823e+03
   1.7160457e+03
   1.7169561e+03
   1.7177268e+03
   1.7183697e+03
   1.7188951e+03
   1.7193119e+03
   1.7196272e+03
   1.7198468e+03
   1.7199746e+03
   1.7200132e+03
