   1.7933433e+02
   1.7933410e+02
   1.7933372e+02
   1.7933307e+02
   1.7933195e+02
   1.7933009e+02
   1.7932713e+02
   1.7932266e+02
   1.7931615e+02
   1.7930704e+02
   1.7929467e+02
   1.7927830e+02
   1.7925714e+02
   1.7923032e+02
   1.7919689e+02
   1.7915586e+02
   1.7910614e+02
   1.7904660e+02
   1.7897604e+02
   1.7889322e+02
   1.7879682e+02
   1.7868548e+02
   1.7855779e+02
   1.7841230e+02
   1.7824750e+02
   1.7806185e+02
   1.7785380e+02
   1.7762174e+02
   1.7736404e+02
   1.7707906e+02
   1.7676514e+02
   1.7642061e+02
   1.7604380e+02
   1.7563303e+02
   1.7518664e+02
   1.7470298e+02
   1.7418041e+02
   1.7361733e+02
   1.7301216e+02
   1.7236338e+02
   1.7166949e+02
   1.7092906e+02
   1.7014071e+02
   1.6930313e+02
   1.6841510e+02
   1.6747544e+02
   1.6648310e+02
   1.6543709e+02
   1.6433655e+02
   1.6318070e+02
   1.6196888e+02
   1.6070055e+02
   1.5937530e+02
   1.5799283e+02
   1.5655298e+02
   1.5505573e+02
   1.5350121e+02
   1.5188967e+02
   1.5022151e+02
   1.4849730e+02
   1.4671774e+02
   1.4488367e+02
   1.4299612e+02
   1.4105622e+02
   1.3906530e+02
   1.3702479e+02
   1.3493629e+02
   1.3280154e+02
   1.3062242e+02
   1.2840094e+02
   1.2613922e+02
   1.2383954e+02
   1.2150426e+02
   1.1913587e+02
   1.1673695e+02
   1.1431018e+02
   1.1185832e+02
   1.0938422e+02
   1.0689078e+02
   1.0438095e+02
   1.0185775e+02
   9.9324224e+01
   9.6783431e+01
   9.4238461e+01
   9.1692402e+01
   8.9148336e+01
   8.6609328e+01
   8.4078416e+01
   8.1558600e+01
   7.9052833e+01
   7.6564009e+01
   7.4094958e+01
   7.1648431e+01
   6.9227095e+01
   6.6833527e+01
   6.4470200e+01
   6.2139484e+01
   5.9843633e+01
   5.7584781e+01
   5.5364940e+01
   5.3185991e+01
   5.1049685e+01
   4.8957635e+01
   4.6911316e+01
   4.4912065e+01
   4.2961076e+01
   4.1059403e+01
   3.9207958e+01
   3.7407513e+01
   3.5658703e+01
   3.3962024e+01
   3.2317840e+01
   3.0726383e+01
   2.9187757e+01
   2.7701945e+01
   2.6268810e+01
   2.4888101e+01
   2.3559457e+01
   2.2282417e+01
   2.1056419e+01
   1.9880811e+01
   1.8754855e+01
   1.7677731e+01
   1.6648549e+01
   1.5666349e+01
   1.4730111e+01
   1.3838761e+01
   1.2991174e+01
   1.2186183e+01
   1.1422586e+01
   1.0699148e+01
   1.0014610e+01
   9.3676903e+00
   8.7570959e+00
   8.1815215e+00
   7.6396574e+00
   7.1301930e+00
   6.6518213e+00
   6.2032427e+00
   5.7831686e+00
   5.3903250e+00
   5.0234557e+00
   4.6813247e+00
   4.3627193e+00
   4.0664524e+00
   3.7913641e+00
   3.5363241e+00
   3.3002331e+00
   3.0820242e+00
   2.8806639e+00
   2.6951533e+00
   2.5245288e+00
   2.3678625e+00
   2.2242631e+00
   2.0928754e+00
   1.9728814e+00
   1.8634994e+00
   1.7639844e+00
   1.6736277e+00
   1.5917566e+00
   1.5177342e+00
   1.4509586e+00
   1.3908626e+00
   1.3369132e+00
   1.2886108e+00
   1.2454890e+00
   1.2071133e+00
   1.1730812e+00
   1.1430208e+00
   1.1165912e+00
   1.0934806e+00
   1.0734071e+00
   1.0561169e+00
   1.0413848e+00
   1.0290130e+00
   1.0188310e+00
   1.0106953e+00
   1.0044889e+00
   1.0001211e+00
   9.9752719e-01
   9.9666851e-01
   9.9753216e-01
   1.0001311e+00
   1.0045039e+00
   1.0107155e+00
   1.0188564e+00
   1.0290438e+00
   1.0414213e+00
   1.0561592e+00
   1.0734555e+00
   1.0935354e+00
   1.1166526e+00
   1.1430893e+00
   1.1731570e+00
   1.2071971e+00
   1.2455811e+00
   1.2887118e+00
   1.3370236e+00
   1.3909830e+00
   1.4510898e+00
   1.5178769e+00
   1.5919116e+00
   1.6737958e+00
   1.7641665e+00
   1.8636965e+00
   1.9730946e+00
   2.0931058e+00
   2.2245117e+00
   2.3681308e+00
   2.5248181e+00
   2.6954651e+00
   2.8809997e+00
   3.0823856e+00
   3.3006219e+00
   3.5367420e+00
   3.7918131e+00
   4.0669346e+00
   4.3632369e+00
   4.6818799e+00
   5.0240509e+00
   5.3909628e+00
   5.7838516e+00
   6.2039737e+00
   6.6526033e+00
   7.1310290e+00
   7.6405505e+00
   8.1824751e+00
   8.7581134e+00
   9.3687754e+00
   1.0015766e+01
   1.0700380e+01
   1.1423897e+01
   1.2187577e+01
   1.2992655e+01
   1.3840335e+01
   1.4731782e+01
   1.5668121e+01
   1.6650427e+01
   1.7679720e+01
   1.8756960e+01
   1.9883038e+01
   2.1058772e+01
   2.2284902e+01
   2.3562079e+01
   2.4890865e+01
   2.6271722e+01
   2.7705011e+01
   2.9190982e+01
   3.0729772e+01
   3.2321399e+01
   3.3965758e+01
   3.5662617e+01
   3.7411614e+01
   3.9212249e+01
   4.1063891e+01
   4.2965765e+01
   4.4916961e+01
   4.6916423e+01
   4.8962957e+01
   5.1055226e+01
   5.3191756e+01
   5.5370932e+01
   5.7591004e+01
   5.9850090e+01
   6.2146178e+01
   6.4477134e+01
   6.6840702e+01
   6.9234513e+01
   7.1656093e+01
   7.4102866e+01
   7.6572163e+01
   7.9061233e+01
   8.1567245e+01
   8.4087306e+01
   8.6618461e+01
   8.9157711e+01
   9.1702016e+01
   9.4248311e+01
   9.6793514e+01
   9.9334536e+01
   1.0186829e+02
   1.0439171e+02
   1.0690175e+02
   1.0939540e+02
   1.1186971e+02
   1.1432175e+02
   1.1674871e+02
   1.1914781e+02
   1.2151637e+02
   1.2385182e+02
   1.2615166e+02
   1.2841352e+02
   1.3063514e+02
   1.3281438e+02
   1.3494924e+02
   1.3703784e+02
   1.3907845e+02
   1.4106946e+02
   1.4300942e+02
   1.4489703e+02
   1.4673114e+02
   1.4851074e+02
   1.5023498e+02
   1.5190314e+02
   1.5351469e+02
   1.5506920e+02
   1.5656642e+02
   1.5800623e+02
   1.5938865e+02
   1.6071385e+02
   1.6198210e+02
   1.6319384e+02
   1.6434959e+02
   1.6545003e+02
   1.6649592e+02
   1.6748813e+02
   1.6842765e+02
   1.6931553e+02
   1.7015295e+02
   1.7094113e+02
   1.7168138e+02
   1.7237508e+02
   1.7302367e+02
   1.7362862e+02
   1.7419149e+02
   1.7471383e+02
   1.7519726e+02
   1.7564341e+02
   1.7605394e+02
   1.7643050e+02
   1.7677476e+02
   1.7708842e+02
   1.7737312e+02
   1.7763054e+02
   1.7786232e+02
   1.7807008e+02
   1.7825543e+02
   1.7841993e+02
   1.7856513e+02
   1.7869251e+02
   1.7880354e+02
   1.7889962e+02
   1.7898213e+02
   1.7905236e+02
   1.7911157e+02
   1.7916096e+02
   1.7920167e+02
   1.7923477e+02
   1.7926125e+02
   1.7928208e+02
   1.7929810e+02
   1.7931014e+02
   1.7931891e+02
   1.7932507e+02
   1.7932920e+02
   1.7933181e+02
   1.7933333e+02
   1.7933411e+02
   1.7933441e+02
   1.7933445e+02
   1.7933433e+02
