   1.0792211e+02
   1.0792208e+02
   1.0792191e+02
   1.0792152e+02
   1.0792077e+02
   1.0791948e+02
   1.0791745e+02
   1.0791437e+02
   1.0790993e+02
   1.0790376e+02
   1.0789543e+02
   1.0788446e+02
   1.0787034e+02
   1.0785251e+02
   1.0783036e+02
   1.0780324e+02
   1.0777045e+02
   1.0773126e+02
   1.0768489e+02
   1.0763055e+02
   1.0756737e+02
   1.0749448e+02
   1.0741098e+02
   1.0731590e+02
   1.0720830e+02
   1.0708717e+02
   1.0695151e+02
   1.0680027e+02
   1.0663242e+02
   1.0644689e+02
   1.0624261e+02
   1.0601850e+02
   1.0577349e+02
   1.0550651e+02
   1.0521647e+02
   1.0490233e+02
   1.0456304e+02
   1.0419756e+02
   1.0380490e+02
   1.0338407e+02
   1.0293413e+02
   1.0245417e+02
   1.0194333e+02
   1.0140077e+02
   1.0082572e+02
   1.0021746e+02
   9.9575335e+01
   9.8898743e+01
   9.8187154e+01
   9.7440108e+01
   9.6657223e+01
   9.5838194e+01
   9.4982798e+01
   9.4090900e+01
   9.3162452e+01
   9.2197499e+01
   9.1196178e+01
   9.0158724e+01
   8.9085468e+01
   8.7976839e+01
   8.6833367e+01
   8.5655682e+01
   8.4444512e+01
   8.3200686e+01
   8.1925131e+01
   8.0618869e+01
   7.9283021e+01
   7.7918797e+01
   7.6527498e+01
   7.5110511e+01
   7.3669307e+01
   7.2205434e+01
   7.0720516e+01
   6.9216243e+01
   6.7694370e+01
   6.6156711e+01
   6.4605130e+01
   6.3041538e+01
   6.1467882e+01
   5.9886144e+01
   5.8298329e+01
   5.6706462e+01
   5.5112576e+01
   5.3518710e+01
   5.1926897e+01
   5.0339160e+01
   4.8757504e+01
   4.7183906e+01
   4.5620315e+01
   4.4068635e+01
   4.2530731e+01
   4.1008410e+01
   3.9503426e+01
   3.8017468e+01
   3.6552154e+01
   3.5109033e+01
   3.3689572e+01
   3.2295160e+01
   3.0927098e+01
   2.9586599e+01
   2.8274787e+01
   2.6992690e+01
   2.5741244e+01
   2.4521288e+01
   2.3333564e+01
   2.2178718e+01
   2.1057300e+01
   1.9969764e+01
   1.8916470e+01
   1.7897683e+01
   1.6913579e+01
   1.5964244e+01
   1.5049678e+01
   1.4169800e+01
   1.3324446e+01
   1.2513375e+01
   1.1736278e+01
   1.0992771e+01
   1.0282409e+01
   9.6046843e+00
   8.9590345e+00
   8.3448435e+00
   7.7614482e+00
   7.2081419e+00
   6.6841791e+00
   6.1887796e+00
   5.7211331e+00
   5.2804032e+00
   4.8657316e+00
   4.4762419e+00
   4.1110438e+00
   3.7692369e+00
   3.4499137e+00
   3.1521635e+00
   2.8750756e+00
   2.6177418e+00
   2.3792600e+00
   2.1587364e+00
   1.9552876e+00
   1.7680437e+00
   1.5961496e+00
   1.4387671e+00
   1.2950767e+00
   1.1642787e+00
   1.0455948e+00
   9.3826902e-01
   8.4156879e-01
   7.5478553e-01
   6.7723539e-01
   6.0825969e-01
   5.4722524e-01
   4.9352458e-01
   4.4657604e-01
   4.0582376e-01
   3.7073756e-01
   3.4081273e-01
   3.1556978e-01
   2.9455409e-01
   2.7733550e-01
   2.6350783e-01
   2.5268845e-01
   2.4451767e-01
   2.3865825e-01
   2.3479477e-01
   2.3263309e-01
   2.3189972e-01
   2.3234127e-01
   2.3372382e-01
   2.3583240e-01
   2.3847040e-01
   2.4145907e-01
   2.4463699e-01
   2.4785964e-01
   2.5099892e-01
   2.5394279e-01
   2.5659487e-01
   2.5887418e-01
   2.6071482e-01
   2.6206579e-01
   2.6289076e-01
   2.6316801e-01
   2.6289029e-01
   2.6206486e-01
   2.6071346e-01
   2.5887241e-01
   2.5659273e-01
   2.5394032e-01
   2.5099619e-01
   2.4785670e-01
   2.4463391e-01
   2.4145592e-01
   2.3846727e-01
   2.3582938e-01
   2.3372099e-01
   2.3233873e-01
   2.3189756e-01
   2.3263140e-01
   2.3479365e-01
   2.3865778e-01
   2.4451794e-01
   2.5268954e-01
   2.6350980e-01
   2.7733840e-01
   2.9455798e-01
   3.1557468e-01
   3.4081866e-01
   3.7074451e-01
   4.0583170e-01
   4.4658492e-01
   4.9353431e-01
   5.4723572e-01
   6.0827077e-01
   6.7724690e-01
   7.5479724e-01
   8.4158044e-01
   9.3828032e-01
   1.0456054e+00
   1.1642882e+00
   1.2950846e+00
   1.4387729e+00
   1.5961528e+00
   1.7680436e+00
   1.9552835e+00
   2.1587275e+00
   2.3792456e+00
   2.6177209e+00
   2.8750472e+00
   3.1521266e+00
   3.4498671e+00
   3.7691795e+00
   4.1109743e+00
   4.4761589e+00
   4.8656337e+00
   5.2802890e+00
   5.7210009e+00
   6.1886277e+00
   6.6840058e+00
   7.2079454e+00
   7.7612267e+00
   8.3445950e+00
   8.9587570e+00
   9.6043759e+00
   1.0282067e+01
   1.0992394e+01
   1.1735863e+01
   1.2512922e+01
   1.3323950e+01
   1.4169260e+01
   1.5049092e+01
   1.5963609e+01
   1.6912893e+01
   1.7896944e+01
   1.8915675e+01
   1.9968913e+01
   2.1056389e+01
   2.2177745e+01
   2.3332526e+01
   2.4520185e+01
   2.5740073e+01
   2.6991450e+01
   2.8273476e+01
   2.9585215e+01
   3.0925640e+01
   3.2293627e+01
   3.3687963e+01
   3.5107346e+01
   3.6550389e+01
   3.8015623e+01
   3.9501503e+01
   4.1006407e+01
   4.2528647e+01
   4.4066472e+01
   4.5618071e+01
   4.7181584e+01
   4.8755103e+01
   5.0336681e+01
   5.1924341e+01
   5.3516078e+01
   5.5109870e+01
   5.6703683e+01
   5.8295479e+01
   5.9883225e+01
   6.1464896e+01
   6.3038487e+01
   6.4602018e+01
   6.6153539e+01
   6.7691141e+01
   6.9212960e+01
   7.0717182e+01
   7.2202053e+01
   7.3665881e+01
   7.5107044e+01
   7.6523994e+01
   7.7915259e+01
   7.9279453e+01
   8.0615275e+01
   8.1921514e+01
   8.3197050e+01
   8.4440861e+01
   8.5652019e+01
   8.6829697e+01
   8.7973165e+01
   8.9081794e+01
   9.0155054e+01
   9.1192516e+01
   9.2193848e+01
   9.3158816e+01
   9.4087283e+01
   9.4979203e+01
   9.5834624e+01
   9.6653682e+01
   9.7436600e+01
   9.8183680e+01
   9.8895308e+01
   9.9571941e+01
   1.0021411e+02
   1.0082241e+02
   1.0139751e+02
   1.0194013e+02
   1.0245103e+02
   1.0293104e+02
   1.0338104e+02
   1.0380193e+02
   1.0419465e+02
   1.0456019e+02
   1.0489955e+02
   1.0521376e+02
   1.0550387e+02
   1.0577092e+02
   1.0601600e+02
   1.0624018e+02
   1.0644454e+02
   1.0663015e+02
   1.0679808e+02
   1.0694939e+02
   1.0708513e+02
   1.0720633e+02
   1.0731402e+02
   1.0740917e+02
   1.0749276e+02
   1.0756573e+02
   1.0762898e+02
   1.0768341e+02
   1.0772985e+02
   1.0776913e+02
   1.0780200e+02
   1.0782920e+02
   1.0785144e+02
   1.0786935e+02
   1.0788355e+02
   1.0789460e+02
   1.0790302e+02
   1.0790927e+02
   1.0791379e+02
   1.0791695e+02
   1.0791907e+02
   1.0792043e+02
   1.0792127e+02
   1.0792175e+02
   1.0792200e+02
   1.0792211e+02
