   4.4900253e+00
   4.4900281e+00
   4.4900375e+00
   4.4900526e+00
   4.4900724e+00
   4.4900951e+00
   4.4901186e+00
   4.4901400e+00
   4.4901564e+00
   4.4901640e+00
   4.4901588e+00
   4.4901363e+00
   4.4900915e+00
   4.4900188e+00
   4.4899125e+00
   4.4897662e+00
   4.4895733e+00
   4.4893266e+00
   4.4890185e+00
   4.4886412e+00
   4.4881865e+00
   4.4876457e+00
   4.4870098e+00
   4.4862696e+00
   4.4854155e+00
   4.4844376e+00
   4.4833257e+00
   4.4820695e+00
   4.4806584e+00
   4.4790814e+00
   4.4773276e+00
   4.4753857e+00
   4.4732444e+00
   4.4708921e+00
   4.4683173e+00
   4.4655084e+00
   4.4624535e+00
   4.4591410e+00
   4.4555591e+00
   4.4516960e+00
   4.4475400e+00
   4.4430796e+00
   4.4383031e+00
   4.4331993e+00
   4.4277569e+00
   4.4219648e+00
   4.4158122e+00
   4.4092884e+00
   4.4023832e+00
   4.3950865e+00
   4.3873886e+00
   4.3792800e+00
   4.3707517e+00
   4.3617951e+00
   4.3524021e+00
   4.3425648e+00
   4.3322760e+00
   4.3215288e+00
   4.3103170e+00
   4.2986349e+00
   4.2864773e+00
   4.2738395e+00
   4.2607175e+00
   4.2471080e+00
   4.2330081e+00
   4.2184157e+00
   4.2033294e+00
   4.1877482e+00
   4.1716722e+00
   4.1551017e+00
   4.1380382e+00
   4.1204834e+00
   4.1024401e+00
   4.0839116e+00
   4.0649018e+00
   4.0454157e+00
   4.0254586e+00
   4.0050367e+00
   3.9841569e+00
   3.9628266e+00
   3.9410540e+00
   3.9188481e+00
   3.8962183e+00
   3.8731747e+00
   3.8497282e+00
   3.8258901e+00
   3.8016724e+00
   3.7770876e+00
   3.7521487e+00
   3.7268693e+00
   3.7012636e+00
   3.6753460e+00
   3.6491316e+00
   3.6226357e+00
   3.5958743e+00
   3.5688635e+00
   3.5416198e+00
   3.5141600e+00
   3.4865013e+00
   3.4586610e+00
   3.4306567e+00
   3.4025060e+00
   3.3742271e+00
   3.3458378e+00
   3.3173564e+00
   3.2888010e+00
   3.2601900e+00
   3.2315415e+00
   3.2028738e+00
   3.1742051e+00
   3.1455535e+00
   3.1169371e+00
   3.0883736e+00
   3.0598810e+00
   3.0314766e+00
   3.0031779e+00
   2.9750020e+00
   2.9469658e+00
   2.9190859e+00
   2.8913787e+00
   2.8638603e+00
   2.8365464e+00
   2.8094523e+00
   2.7825933e+00
   2.7559839e+00
   2.7296385e+00
   2.7035712e+00
   2.6777954e+00
   2.6523244e+00
   2.6271710e+00
   2.6023476e+00
   2.5778661e+00
   2.5537382e+00
   2.5299749e+00
   2.5065870e+00
   2.4835849e+00
   2.4609785e+00
   2.4387773e+00
   2.4169904e+00
   2.3956266e+00
   2.3746940e+00
   2.3542008e+00
   2.3341544e+00
   2.3145620e+00
   2.2954303e+00
   2.2767659e+00
   2.2585749e+00
   2.2408629e+00
   2.2236355e+00
   2.2068977e+00
   2.1906543e+00
   2.1749098e+00
   2.1596685e+00
   2.1449342e+00
   2.1307107e+00
   2.1170014e+00
   2.1038093e+00
   2.0911376e+00
   2.0789889e+00
   2.0673656e+00
   2.0562703e+00
   2.0457049e+00
   2.0356714e+00
   2.0261716e+00
   2.0172072e+00
   2.0087796e+00
   2.0008901e+00
   1.9935401e+00
   1.9867305e+00
   1.9804624e+00
   1.9747367e+00
   1.9695540e+00
   1.9649152e+00
   1.9608207e+00
   1.9572712e+00
   1.9542669e+00
   1.9518084e+00
   1.9498959e+00
   1.9485296e+00
   1.9477096e+00
   1.9474361e+00
   1.9477091e+00
   1.9485286e+00
   1.9498944e+00
   1.9518065e+00
   1.9542645e+00
   1.9572683e+00
   1.9608174e+00
   1.9649114e+00
   1.9695497e+00
   1.9747319e+00
   1.9804572e+00
   1.9867248e+00
   1.9935339e+00
   2.0008835e+00
   2.0087725e+00
   2.0171996e+00
   2.0261636e+00
   2.0356629e+00
   2.0456959e+00
   2.0562609e+00
   2.0673558e+00
   2.0789786e+00
   2.0911269e+00
   2.1037982e+00
   2.1169897e+00
   2.1306987e+00
   2.1449218e+00
   2.1596556e+00
   2.1748965e+00
   2.1906406e+00
   2.2068836e+00
   2.2236210e+00
   2.2408481e+00
   2.2585597e+00
   2.2767503e+00
   2.2954144e+00
   2.3145457e+00
   2.3341378e+00
   2.3541839e+00
   2.3746768e+00
   2.3956090e+00
   2.4169726e+00
   2.4387593e+00
   2.4609602e+00
   2.4835664e+00
   2.5065683e+00
   2.5299559e+00
   2.5537191e+00
   2.5778469e+00
   2.6023282e+00
   2.6271515e+00
   2.6523049e+00
   2.6777758e+00
   2.7035515e+00
   2.7296188e+00
   2.7559642e+00
   2.7825736e+00
   2.8094327e+00
   2.8365268e+00
   2.8638409e+00
   2.8913594e+00
   2.9190668e+00
   2.9469468e+00
   2.9749833e+00
   3.0031594e+00
   3.0314584e+00
   3.0598631e+00
   3.0883561e+00
   3.1169199e+00
   3.1455368e+00
   3.1741888e+00
   3.2028580e+00
   3.2315262e+00
   3.2601752e+00
   3.2887868e+00
   3.3173427e+00
   3.3458248e+00
   3.3742147e+00
   3.4024943e+00
   3.4306457e+00
   3.4586507e+00
   3.4864918e+00
   3.5141513e+00
   3.5416119e+00
   3.5688565e+00
   3.5958681e+00
   3.6226304e+00
   3.6491272e+00
   3.6753425e+00
   3.7012610e+00
   3.7268677e+00
   3.7521481e+00
   3.7770880e+00
   3.8016738e+00
   3.8258926e+00
   3.8497317e+00
   3.8731792e+00
   3.8962238e+00
   3.9188546e+00
   3.9410616e+00
   3.9628352e+00
   3.9841666e+00
   4.0050475e+00
   4.0254705e+00
   4.0454286e+00
   4.0649157e+00
   4.0839265e+00
   4.1024560e+00
   4.1205004e+00
   4.1380561e+00
   4.1551206e+00
   4.1716920e+00
   4.1877690e+00
   4.2033510e+00
   4.2184383e+00
   4.2330315e+00
   4.2471322e+00
   4.2607425e+00
   4.2738653e+00
   4.2865038e+00
   4.2986622e+00
   4.3103450e+00
   4.3215574e+00
   4.3323051e+00
   4.3425945e+00
   4.3524323e+00
   4.3618259e+00
   4.3707829e+00
   4.3793115e+00
   4.3874205e+00
   4.3951188e+00
   4.4024158e+00
   4.4093212e+00
   4.4158451e+00
   4.4219979e+00
   4.4277901e+00
   4.4332325e+00
   4.4383364e+00
   4.4431127e+00
   4.4475731e+00
   4.4517289e+00
   4.4555919e+00
   4.4591736e+00
   4.4624858e+00
   4.4655404e+00
   4.4683489e+00
   4.4709233e+00
   4.4732751e+00
   4.4754160e+00
   4.4773573e+00
   4.4791106e+00
   4.4806869e+00
   4.4820974e+00
   4.4833529e+00
   4.4844641e+00
   4.4854412e+00
   4.4862945e+00
   4.4870339e+00
   4.4876689e+00
   4.4882089e+00
   4.4886627e+00
   4.4890390e+00
   4.4893460e+00
   4.4895918e+00
   4.4897837e+00
   4.4899289e+00
   4.4900341e+00
   4.4901057e+00
   4.4901494e+00
   4.4901708e+00
   4.4901748e+00
   4.4901660e+00
   4.4901485e+00
   4.4901258e+00
   4.4901012e+00
   4.4900773e+00
   4.4900563e+00
   4.4900399e+00
   4.4900293e+00
   4.4900253e+00
