   7.9748551e-05
   7.9748526e-05
   7.9748490e-05
   7.9748444e-05
   7.9748387e-05
   7.9748318e-05
   7.9748237e-05
   7.9748142e-05
   7.9748031e-05
   7.9747904e-05
   7.9747758e-05
   7.9747592e-05
   7.9747403e-05
   7.9747188e-05
   7.9746947e-05
   7.9746675e-05
   7.9746370e-05
   7.9746028e-05
   7.9745647e-05
   7.9745223e-05
   7.9744752e-05
   7.9744232e-05
   7.9743656e-05
   7.9743023e-05
   7.9742327e-05
   7.9741565e-05
   7.9740732e-05
   7.9739823e-05
   7.9738833e-05
   7.9737759e-05
   7.9736595e-05
   7.9735336e-05
   7.9733977e-05
   7.9732513e-05
   7.9730940e-05
   7.9729251e-05
   7.9727442e-05
   7.9725507e-05
   7.9723441e-05
   7.9721239e-05
   7.9718895e-05
   7.9716404e-05
   7.9713762e-05
   7.9710961e-05
   7.9707998e-05
   7.9704867e-05
   7.9701563e-05
   7.9698080e-05
   7.9694414e-05
   7.9690559e-05
   7.9686511e-05
   7.9682265e-05
   7.9677817e-05
   7.9673160e-05
   7.9668292e-05
   7.9663207e-05
   7.9657902e-05
   7.9652372e-05
   7.9646614e-05
   7.9640623e-05
   7.9634396e-05
   7.9627930e-05
   7.9621221e-05
   7.9614267e-05
   7.9607063e-05
   7.9599609e-05
   7.9591900e-05
   7.9583936e-05
   7.9575714e-05
   7.9567232e-05
   7.9558489e-05
   7.9549483e-05
   7.9540213e-05
   7.9530680e-05
   7.9520881e-05
   7.9510817e-05
   7.9500487e-05
   7.9489893e-05
   7.9479034e-05
   7.9467911e-05
   7.9456526e-05
   7.9444879e-05
   7.9432973e-05
   7.9420810e-05
   7.9408390e-05
   7.9395718e-05
   7.9382796e-05
   7.9369626e-05
   7.9356213e-05
   7.9342560e-05
   7.9328671e-05
   7.9314549e-05
   7.9300201e-05
   7.9285629e-05
   7.9270840e-05
   7.9255839e-05
   7.9240632e-05
   7.9225224e-05
   7.9209621e-05
   7.9193830e-05
   7.9177858e-05
   7.9161711e-05
   7.9145398e-05
   7.9128924e-05
   7.9112298e-05
   7.9095529e-05
   7.9078623e-05
   7.9061590e-05
   7.9044437e-05
   7.9027175e-05
   7.9009811e-05
   7.8992355e-05
   7.8974816e-05
   7.8957205e-05
   7.8939530e-05
   7.8921801e-05
   7.8904029e-05
   7.8886224e-05
   7.8868396e-05
   7.8850555e-05
   7.8832713e-05
   7.8814879e-05
   7.8797065e-05
   7.8779281e-05
   7.8761539e-05
   7.8743848e-05
   7.8726222e-05
   7.8708669e-05
   7.8691203e-05
   7.8673833e-05
   7.8656571e-05
   7.8639428e-05
   7.8622416e-05
   7.8605545e-05
   7.8588827e-05
   7.8572272e-05
   7.8555892e-05
   7.8539698e-05
   7.8523701e-05
   7.8507911e-05
   7.8492340e-05
   7.8476998e-05
   7.8461895e-05
   7.8447042e-05
   7.8432449e-05
   7.8418127e-05
   7.8404084e-05
   7.8390332e-05
   7.8376880e-05
   7.8363738e-05
   7.8350913e-05
   7.8338417e-05
   7.8326257e-05
   7.8314443e-05
   7.8302982e-05
   7.8291883e-05
   7.8281154e-05
   7.8270803e-05
   7.8260836e-05
   7.8251263e-05
   7.8242088e-05
   7.8233319e-05
   7.8224963e-05
   7.8217025e-05
   7.8209511e-05
   7.8202427e-05
   7.8195778e-05
   7.8189569e-05
   7.8183803e-05
   7.8178487e-05
   7.8173623e-05
   7.8169215e-05
   7.8165266e-05
   7.8161779e-05
   7.8158757e-05
   7.8156203e-05
   7.8154117e-05
   7.8152501e-05
   7.8151358e-05
   7.8150686e-05
   7.8150488e-05
   7.8150763e-05
   7.8151511e-05
   7.8152731e-05
   7.8154423e-05
   7.8156585e-05
   7.8159216e-05
   7.8162314e-05
   7.8165876e-05
   7.8169900e-05
   7.8174383e-05
   7.8179322e-05
   7.8184713e-05
   7.8190552e-05
   7.8196834e-05
   7.8203556e-05
   7.8210712e-05
   7.8218298e-05
   7.8226306e-05
   7.8234733e-05
   7.8243571e-05
   7.8252814e-05
   7.8262456e-05
   7.8272490e-05
   7.8282907e-05
   7.8293702e-05
   7.8304865e-05
   7.8316390e-05
   7.8328267e-05
   7.8340489e-05
   7.8353046e-05
   7.8365930e-05
   7.8379131e-05
   7.8392641e-05
   7.8406449e-05
   7.8420547e-05
   7.8434923e-05
   7.8449569e-05
   7.8464474e-05
   7.8479627e-05
   7.8495019e-05
   7.8510638e-05
   7.8526475e-05
   7.8542517e-05
   7.8558755e-05
   7.8575178e-05
   7.8591774e-05
   7.8608532e-05
   7.8625442e-05
   7.8642492e-05
   7.8659670e-05
   7.8676967e-05
   7.8694370e-05
   7.8711868e-05
   7.8729451e-05
   7.8747107e-05
   7.8764824e-05
   7.8782593e-05
   7.8800401e-05
   7.8818238e-05
   7.8836094e-05
   7.8853957e-05
   7.8871816e-05
   7.8889662e-05
   7.8907483e-05
   7.8925269e-05
   7.8943011e-05
   7.8960697e-05
   7.8978319e-05
   7.8995867e-05
   7.9013330e-05
   7.9030700e-05
   7.9047968e-05
   7.9065123e-05
   7.9082159e-05
   7.9099065e-05
   7.9115834e-05
   7.9132458e-05
   7.9148928e-05
   7.9165237e-05
   7.9181378e-05
   7.9197343e-05
   7.9213126e-05
   7.9228719e-05
   7.9244116e-05
   7.9259312e-05
   7.9274300e-05
   7.9289075e-05
   7.9303631e-05
   7.9317963e-05
   7.9332067e-05
   7.9345938e-05
   7.9359572e-05
   7.9372964e-05
   7.9386112e-05
   7.9399012e-05
   7.9411661e-05
   7.9424056e-05
   7.9436194e-05
   7.9448074e-05
   7.9459694e-05
   7.9471051e-05
   7.9482145e-05
   7.9492975e-05
   7.9503539e-05
   7.9513838e-05
   7.9523870e-05
   7.9533637e-05
   7.9543138e-05
   7.9552374e-05
   7.9561346e-05
   7.9570055e-05
   7.9578501e-05
   7.9586688e-05
   7.9594616e-05
   7.9602288e-05
   7.9609705e-05
   7.9616871e-05
   7.9623788e-05
   7.9630458e-05
   7.9636886e-05
   7.9643073e-05
   7.9649025e-05
   7.9654744e-05
   7.9660233e-05
   7.9665498e-05
   7.9670542e-05
   7.9675370e-05
   7.9679985e-05
   7.9684393e-05
   7.9688597e-05
   7.9692604e-05
   7.9696417e-05
   7.9700041e-05
   7.9703482e-05
   7.9706744e-05
   7.9709833e-05
   7.9712754e-05
   7.9715512e-05
   7.9718113e-05
   7.9720561e-05
   7.9722862e-05
   7.9725022e-05
   7.9727046e-05
   7.9728938e-05
   7.9730705e-05
   7.9732351e-05
   7.9733883e-05
   7.9735304e-05
   7.9736620e-05
   7.9737837e-05
   7.9738959e-05
   7.9739991e-05
   7.9740939e-05
   7.9741806e-05
   7.9742597e-05
   7.9743318e-05
   7.9743971e-05
   7.9744563e-05
   7.9745096e-05
   7.9745575e-05
   7.9746004e-05
   7.9746387e-05
   7.9746726e-05
   7.9747026e-05
   7.9747290e-05
   7.9747521e-05
   7.9747721e-05
   7.9747894e-05
   7.9748042e-05
   7.9748167e-05
   7.9748272e-05
   7.9748358e-05
   7.9748428e-05
   7.9748482e-05
   7.9748523e-05
   7.9748551e-05
   7.9748567e-05
   7.9748572e-05
   7.9748567e-05
   7.9748551e-05
