   1.9667850e+02
   1.9667323e+02
   1.9665822e+02
   1.9663334e+02
   1.9659840e+02
   1.9655310e+02
   1.9649708e+02
   1.9642989e+02
   1.9635100e+02
   1.9625982e+02
   1.9615566e+02
   1.9603776e+02
   1.9590531e+02
   1.9575740e+02
   1.9559306e+02
   1.9541127e+02
   1.9521092e+02
   1.9499086e+02
   1.9474988e+02
   1.9448670e+02
   1.9420002e+02
   1.9388847e+02
   1.9355063e+02
   1.9318508e+02
   1.9279032e+02
   1.9236486e+02
   1.9190716e+02
   1.9141568e+02
   1.9088886e+02
   1.9032514e+02
   1.8972294e+02
   1.8908071e+02
   1.8839690e+02
   1.8766998e+02
   1.8689844e+02
   1.8608082e+02
   1.8521567e+02
   1.8430160e+02
   1.8333729e+02
   1.8232146e+02
   1.8125290e+02
   1.8013048e+02
   1.7895315e+02
   1.7771994e+02
   1.7642999e+02
   1.7508253e+02
   1.7367691e+02
   1.7221258e+02
   1.7068912e+02
   1.6910623e+02
   1.6746375e+02
   1.6576166e+02
   1.6400007e+02
   1.6217922e+02
   1.6029954e+02
   1.5836157e+02
   1.5636602e+02
   1.5431377e+02
   1.5220582e+02
   1.5004336e+02
   1.4782771e+02
   1.4556037e+02
   1.4324298e+02
   1.4087731e+02
   1.3846533e+02
   1.3600910e+02
   1.3351084e+02
   1.3097292e+02
   1.2839782e+02
   1.2578813e+02
   1.2314658e+02
   1.2047600e+02
   1.1777930e+02
   1.1505950e+02
   1.1231968e+02
   1.0956300e+02
   1.0679269e+02
   1.0401200e+02
   1.0122424e+02
   9.8432741e+01
   9.5640845e+01
   9.2851897e+01
   9.0069238e+01
   8.7296187e+01
   8.4536031e+01
   8.1792017e+01
   7.9067338e+01
   7.6365124e+01
   7.3688431e+01
   7.1040228e+01
   6.8423396e+01
   6.5840710e+01
   6.3294835e+01
   6.0788318e+01
   5.8323580e+01
   5.5902911e+01
   5.3528461e+01
   5.1202240e+01
   4.8926107e+01
   4.6701773e+01
   4.4530793e+01
   4.2414569e+01
   4.0354343e+01
   3.8351200e+01
   3.6406067e+01
   3.4519714e+01
   3.2692756e+01
   3.0925655e+01
   2.9218720e+01
   2.7572117e+01
   2.5985865e+01
   2.4459845e+01
   2.2993805e+01
   2.1587363e+01
   2.0240016e+01
   1.8951143e+01
   1.7720011e+01
   1.6545786e+01
   1.5427534e+01
   1.4364233e+01
   1.3354775e+01
   1.2397979e+01
   1.1492594e+01
   1.0637304e+01
   9.8307425e+00
   9.0714923e+00
   8.3580959e+00
   7.6890608e+00
   7.0628668e+00
   6.4779716e+00
   5.9328172e+00
   5.4258353e+00
   4.9554533e+00
   4.5200989e+00
   4.1182056e+00
   3.7482169e+00
   3.4085905e+00
   3.0978026e+00
   2.8143517e+00
   2.5567611e+00
   2.3235830e+00
   2.1134003e+00
   1.9248298e+00
   1.7565237e+00
   1.6071717e+00
   1.4755027e+00
   1.3602858e+00
   1.2603316e+00
   1.1744932e+00
   1.1016661e+00
   1.0407894e+00
   9.9084553e-01
   9.5086053e-01
   9.1990372e-01
   8.9708755e-01
   8.8156716e-01
   8.7253985e-01
   8.6924447e-01
   8.7096071e-01
   8.7700830e-01
   8.8674617e-01
   8.9957155e-01
   9.1491905e-01
   9.3225969e-01
   9.5109993e-01
   9.7098072e-01
   9.9147649e-01
   1.0121942e+00
   1.0327726e+00
   1.0528809e+00
   1.0722183e+00
   1.0905131e+00
   1.1075219e+00
   1.1230289e+00
   1.1368450e+00
   1.1488077e+00
   1.1587804e+00
   1.1666517e+00
   1.1723356e+00
   1.1757704e+00
   1.1769195e+00
   1.1757703e+00
   1.1723349e+00
   1.1666498e+00
   1.1587760e+00
   1.1487993e+00
   1.1368307e+00
   1.1230064e+00
   1.1074886e+00
   1.0904658e+00
   1.0721536e+00
   1.0527949e+00
   1.0326611e+00
   1.0120527e+00
   9.9129997e-01
   9.7076385e-01
   9.5083703e-01
   9.3194469e-01
   9.1454555e-01
   8.9913280e-01
   8.8623508e-01
   8.7641745e-01
   8.7028237e-01
   8.6847061e-01
   8.7166217e-01
   8.8057708e-01
   8.9597625e-01
   9.1866215e-01
   9.4947944e-01
   9.8931549e-01
   1.0391008e+00
   1.0998093e+00
   1.1724584e+00
   1.2581091e+00
   1.3578656e+00
   1.4728751e+00
   1.6043269e+00
   1.7534521e+00
   1.9215220e+00
   2.1098470e+00
   2.3197752e+00
   2.5526903e+00
   2.8100095e+00
   3.0931813e+00
   3.4036826e+00
   3.7430158e+00
   4.1127052e+00
   4.5142937e+00
   4.9493385e+00
   5.4194072e+00
   5.9260728e+00
   6.4709090e+00
   7.0554848e+00
   7.6813596e+00
   8.3500765e+00
   9.0631573e+00
   9.8220954e+00
   1.0628350e+01
   1.1483338e+01
   1.2388431e+01
   1.3344943e+01
   1.4354126e+01
   1.5417166e+01
   1.6535169e+01
   1.7709161e+01
   1.8940076e+01
   2.0228750e+01
   2.1575917e+01
   2.2982200e+01
   2.4448104e+01
   2.5974011e+01
   2.7560177e+01
   2.9206719e+01
   3.0913620e+01
   3.2680718e+01
   3.4507702e+01
   3.6394112e+01
   3.8339335e+01
   4.0342600e+01
   4.2402983e+01
   4.4519397e+01
   4.6690602e+01
   4.8915196e+01
   5.1191625e+01
   5.3518178e+01
   5.5892995e+01
   5.8314067e+01
   6.0779242e+01
   6.3286232e+01
   6.5832613e+01
   6.8415840e+01
   7.1033244e+01
   7.3682050e+01
   7.6359379e+01
   7.9062256e+01
   8.1787625e+01
   8.4532356e+01
   8.7293253e+01
   9.0067069e+01
   9.2850513e+01
   9.5640264e+01
   9.8432982e+01
   1.0122532e+02
   1.0401392e+02
   1.0679547e+02
   1.0956665e+02
   1.1232420e+02
   1.1506489e+02
   1.1778557e+02
   1.2048314e+02
   1.2315460e+02
   1.2579701e+02
   1.2840755e+02
   1.3098350e+02
   1.3352225e+02
   1.3602132e+02
   1.3847835e+02
   1.4089111e+02
   1.4325753e+02
   1.4557566e+02
   1.4784371e+02
   1.5006003e+02
   1.5222315e+02
   1.5433172e+02
   1.5638456e+02
   1.5838066e+02
   1.6031916e+02
   1.6219933e+02
   1.6402062e+02
   1.6578263e+02
   1.6748510e+02
   1.6912791e+02
   1.7071110e+02
   1.7223482e+02
   1.7369937e+02
   1.7510518e+02
   1.7645278e+02
   1.7774283e+02
   1.7897610e+02
   1.8015345e+02
   1.8127586e+02
   1.8234436e+02
   1.8336010e+02
   1.8432428e+02
   1.8523818e+02
   1.8610312e+02
   1.8692051e+02
   1.8769178e+02
   1.8841839e+02
   1.8910186e+02
   1.8974372e+02
   1.9034552e+02
   1.9090881e+02
   1.9143516e+02
   1.9192615e+02
   1.9238333e+02
   1.9280826e+02
   1.9320245e+02
   1.9356741e+02
   1.9390464e+02
   1.9421556e+02
   1.9450159e+02
   1.9476409e+02
   1.9500438e+02
   1.9522373e+02
   1.9542335e+02
   1.9560441e+02
   1.9576799e+02
   1.9591514e+02
   1.9604681e+02
   1.9616392e+02
   1.9626728e+02
   1.9635766e+02
   1.9643572e+02
   1.9650209e+02
   1.9655729e+02
   1.9660175e+02
   1.9663586e+02
   1.9665990e+02
   1.9667407e+02
   1.9667850e+02
