   1.1634302e-02
   1.1634308e-02
   1.1634325e-02
   1.1634354e-02
   1.1634393e-02
   1.1634444e-02
   1.1634506e-02
   1.1634578e-02
   1.1634660e-02
   1.1634752e-02
   1.1634854e-02
   1.1634964e-02
   1.1635083e-02
   1.1635210e-02
   1.1635344e-02
   1.1635486e-02
   1.1635633e-02
   1.1635785e-02
   1.1635942e-02
   1.1636103e-02
   1.1636266e-02
   1.1636432e-02
   1.1636599e-02
   1.1636766e-02
   1.1636933e-02
   1.1637097e-02
   1.1637259e-02
   1.1637417e-02
   1.1637570e-02
   1.1637717e-02
   1.1637857e-02
   1.1637988e-02
   1.1638110e-02
   1.1638221e-02
   1.1638320e-02
   1.1638405e-02
   1.1638477e-02
   1.1638532e-02
   1.1638571e-02
   1.1638591e-02
   1.1638592e-02
   1.1638572e-02
   1.1638530e-02
   1.1638465e-02
   1.1638375e-02
   1.1638259e-02
   1.1638116e-02
   1.1637944e-02
   1.1637743e-02
   1.1637510e-02
   1.1637246e-02
   1.1636948e-02
   1.1636615e-02
   1.1636247e-02
   1.1635842e-02
   1.1635399e-02
   1.1634916e-02
   1.1634394e-02
   1.1633830e-02
   1.1633224e-02
   1.1632575e-02
   1.1631882e-02
   1.1631144e-02
   1.1630359e-02
   1.1629528e-02
   1.1628650e-02
   1.1627723e-02
   1.1626748e-02
   1.1625723e-02
   1.1624647e-02
   1.1623521e-02
   1.1622344e-02
   1.1621115e-02
   1.1619834e-02
   1.1618500e-02
   1.1617114e-02
   1.1615675e-02
   1.1614182e-02
   1.1612637e-02
   1.1611038e-02
   1.1609386e-02
   1.1607680e-02
   1.1605922e-02
   1.1604110e-02
   1.1602246e-02
   1.1600329e-02
   1.1598360e-02
   1.1596340e-02
   1.1594268e-02
   1.1592146e-02
   1.1589973e-02
   1.1587752e-02
   1.1585481e-02
   1.1583163e-02
   1.1580797e-02
   1.1578386e-02
   1.1575929e-02
   1.1573428e-02
   1.1570884e-02
   1.1568299e-02
   1.1565672e-02
   1.1563006e-02
   1.1560302e-02
   1.1557560e-02
   1.1554784e-02
   1.1551973e-02
   1.1549130e-02
   1.1546256e-02
   1.1543353e-02
   1.1540421e-02
   1.1537464e-02
   1.1534483e-02
   1.1531479e-02
   1.1528455e-02
   1.1525411e-02
   1.1522351e-02
   1.1519276e-02
   1.1516187e-02
   1.1513088e-02
   1.1509979e-02
   1.1506864e-02
   1.1503743e-02
   1.1500620e-02
   1.1497496e-02
   1.1494373e-02
   1.1491253e-02
   1.1488140e-02
   1.1485034e-02
   1.1481938e-02
   1.1478854e-02
   1.1475785e-02
   1.1472732e-02
   1.1469697e-02
   1.1466684e-02
   1.1463694e-02
   1.1460729e-02
   1.1457792e-02
   1.1454884e-02
   1.1452009e-02
   1.1449167e-02
   1.1446361e-02
   1.1443593e-02
   1.1440866e-02
   1.1438181e-02
   1.1435540e-02
   1.1432946e-02
   1.1430400e-02
   1.1427904e-02
   1.1425461e-02
   1.1423072e-02
   1.1420738e-02
   1.1418463e-02
   1.1416247e-02
   1.1414092e-02
   1.1412000e-02
   1.1409973e-02
   1.1408012e-02
   1.1406119e-02
   1.1404294e-02
   1.1402541e-02
   1.1400859e-02
   1.1399251e-02
   1.1397717e-02
   1.1396260e-02
   1.1394879e-02
   1.1393576e-02
   1.1392353e-02
   1.1391209e-02
   1.1390147e-02
   1.1389166e-02
   1.1388268e-02
   1.1387454e-02
   1.1386723e-02
   1.1386077e-02
   1.1385516e-02
   1.1385041e-02
   1.1384651e-02
   1.1384348e-02
   1.1384132e-02
   1.1384002e-02
   1.1383958e-02
   1.1384002e-02
   1.1384132e-02
   1.1384349e-02
   1.1384653e-02
   1.1385043e-02
   1.1385518e-02
   1.1386080e-02
   1.1386726e-02
   1.1387457e-02
   1.1388272e-02
   1.1389170e-02
   1.1390151e-02
   1.1391214e-02
   1.1392358e-02
   1.1393582e-02
   1.1394885e-02
   1.1396266e-02
   1.1397724e-02
   1.1399258e-02
   1.1400866e-02
   1.1402548e-02
   1.1404302e-02
   1.1406127e-02
   1.1408020e-02
   1.1409982e-02
   1.1412009e-02
   1.1414101e-02
   1.1416256e-02
   1.1418472e-02
   1.1420748e-02
   1.1423082e-02
   1.1425471e-02
   1.1427915e-02
   1.1430411e-02
   1.1432957e-02
   1.1435551e-02
   1.1438192e-02
   1.1440877e-02
   1.1443605e-02
   1.1446372e-02
   1.1449178e-02
   1.1452020e-02
   1.1454896e-02
   1.1457804e-02
   1.1460741e-02
   1.1463706e-02
   1.1466696e-02
   1.1469710e-02
   1.1472744e-02
   1.1475797e-02
   1.1478866e-02
   1.1481950e-02
   1.1485046e-02
   1.1488152e-02
   1.1491265e-02
   1.1494385e-02
   1.1497508e-02
   1.1500632e-02
   1.1503755e-02
   1.1506876e-02
   1.1509991e-02
   1.1513099e-02
   1.1516199e-02
   1.1519287e-02
   1.1522362e-02
   1.1525422e-02
   1.1528466e-02
   1.1531490e-02
   1.1534494e-02
   1.1537475e-02
   1.1540432e-02
   1.1543363e-02
   1.1546266e-02
   1.1549140e-02
   1.1551983e-02
   1.1554793e-02
   1.1557569e-02
   1.1560310e-02
   1.1563014e-02
   1.1565680e-02
   1.1568307e-02
   1.1570892e-02
   1.1573436e-02
   1.1575937e-02
   1.1578393e-02
   1.1580804e-02
   1.1583169e-02
   1.1585487e-02
   1.1587758e-02
   1.1589979e-02
   1.1592151e-02
   1.1594273e-02
   1.1596345e-02
   1.1598365e-02
   1.1600334e-02
   1.1602250e-02
   1.1604114e-02
   1.1605925e-02
   1.1607684e-02
   1.1609389e-02
   1.1611041e-02
   1.1612639e-02
   1.1614185e-02
   1.1615677e-02
   1.1617116e-02
   1.1618502e-02
   1.1619835e-02
   1.1621116e-02
   1.1622345e-02
   1.1623522e-02
   1.1624648e-02
   1.1625723e-02
   1.1626748e-02
   1.1627723e-02
   1.1628650e-02
   1.1629528e-02
   1.1630359e-02
   1.1631143e-02
   1.1631881e-02
   1.1632574e-02
   1.1633223e-02
   1.1633828e-02
   1.1634392e-02
   1.1634914e-02
   1.1635396e-02
   1.1635839e-02
   1.1636244e-02
   1.1636613e-02
   1.1636945e-02
   1.1637243e-02
   1.1637507e-02
   1.1637740e-02
   1.1637941e-02
   1.1638113e-02
   1.1638256e-02
   1.1638372e-02
   1.1638462e-02
   1.1638527e-02
   1.1638569e-02
   1.1638589e-02
   1.1638588e-02
   1.1638568e-02
   1.1638529e-02
   1.1638473e-02
   1.1638402e-02
   1.1638316e-02
   1.1638217e-02
   1.1638106e-02
   1.1637984e-02
   1.1637853e-02
   1.1637714e-02
   1.1637567e-02
   1.1637414e-02
   1.1637256e-02
   1.1637094e-02
   1.1636930e-02
   1.1636763e-02
   1.1636596e-02
   1.1636429e-02
   1.1636264e-02
   1.1636100e-02
   1.1635940e-02
   1.1635783e-02
   1.1635630e-02
   1.1635483e-02
   1.1635343e-02
   1.1635208e-02
   1.1635081e-02
   1.1634963e-02
   1.1634852e-02
   1.1634751e-02
   1.1634659e-02
   1.1634577e-02
   1.1634505e-02
   1.1634443e-02
   1.1634393e-02
   1.1634353e-02
   1.1634325e-02
   1.1634308e-02
   1.1634302e-02
