   5.2269939e+00
   5.2269526e+00
   5.2268302e+00
   5.2266261e+00
   5.2263393e+00
   5.2259684e+00
   5.2255116e+00
   5.2249668e+00
   5.2243314e+00
   5.2236025e+00
   5.2227766e+00
   5.2218503e+00
   5.2208193e+00
   5.2196793e+00
   5.2184256e+00
   5.2170530e+00
   5.2155562e+00
   5.2139293e+00
   5.2121664e+00
   5.2102611e+00
   5.2082067e+00
   5.2059964e+00
   5.2036231e+00
   5.2010792e+00
   5.1983572e+00
   5.1954493e+00
   5.1923473e+00
   5.1890432e+00
   5.1855284e+00
   5.1817945e+00
   5.1778328e+00
   5.1736345e+00
   5.1691909e+00
   5.1644928e+00
   5.1595315e+00
   5.1542978e+00
   5.1487827e+00
   5.1429773e+00
   5.1368726e+00
   5.1304595e+00
   5.1237294e+00
   5.1166734e+00
   5.1092829e+00
   5.1015494e+00
   5.0934646e+00
   5.0850203e+00
   5.0762087e+00
   5.0670219e+00
   5.0574526e+00
   5.0474935e+00
   5.0371378e+00
   5.0263788e+00
   5.0152104e+00
   5.0036265e+00
   4.9916218e+00
   4.9791910e+00
   4.9663294e+00
   4.9530327e+00
   4.9392970e+00
   4.9251190e+00
   4.9104958e+00
   4.8954247e+00
   4.8799041e+00
   4.8639323e+00
   4.8475085e+00
   4.8306323e+00
   4.8133040e+00
   4.7955242e+00
   4.7772941e+00
   4.7586158e+00
   4.7394915e+00
   4.7199243e+00
   4.6999178e+00
   4.6794760e+00
   4.6586038e+00
   4.6373064e+00
   4.6155896e+00
   4.5934600e+00
   4.5709245e+00
   4.5479906e+00
   4.5246665e+00
   4.5009608e+00
   4.4768827e+00
   4.4524418e+00
   4.4276484e+00
   4.4025131e+00
   4.3770471e+00
   4.3512621e+00
   4.3251700e+00
   4.2987834e+00
   4.2721152e+00
   4.2451787e+00
   4.2179875e+00
   4.1905557e+00
   4.1628977e+00
   4.1350280e+00
   4.1069617e+00
   4.0787139e+00
   4.0503000e+00
   4.0217358e+00
   3.9930371e+00
   3.9642199e+00
   3.9353005e+00
   3.9062950e+00
   3.8772200e+00
   3.8480918e+00
   3.8189271e+00
   3.7897423e+00
   3.7605540e+00
   3.7313789e+00
   3.7022334e+00
   3.6731339e+00
   3.6440969e+00
   3.6151386e+00
   3.5862752e+00
   3.5575228e+00
   3.5288971e+00
   3.5004139e+00
   3.4720887e+00
   3.4439368e+00
   3.4159733e+00
   3.3882130e+00
   3.3606705e+00
   3.3333601e+00
   3.3062960e+00
   3.2794918e+00
   3.2529611e+00
   3.2267171e+00
   3.2007726e+00
   3.1751401e+00
   3.1498320e+00
   3.1248601e+00
   3.1002359e+00
   3.0759708e+00
   3.0520756e+00
   3.0285609e+00
   3.0054369e+00
   2.9827135e+00
   2.9604001e+00
   2.9385061e+00
   2.9170402e+00
   2.8960110e+00
   2.8754267e+00
   2.8552951e+00
   2.8356238e+00
   2.8164199e+00
   2.7976904e+00
   2.7794420e+00
   2.7616807e+00
   2.7444128e+00
   2.7276438e+00
   2.7113792e+00
   2.6956242e+00
   2.6803836e+00
   2.6656620e+00
   2.6514639e+00
   2.6377933e+00
   2.6246541e+00
   2.6120500e+00
   2.5999844e+00
   2.5884605e+00
   2.5774813e+00
   2.5670497e+00
   2.5571683e+00
   2.5478395e+00
   2.5390655e+00
   2.5308484e+00
   2.5231902e+00
   2.5160926e+00
   2.5095573e+00
   2.5035855e+00
   2.4981788e+00
   2.4933382e+00
   2.4890648e+00
   2.4853595e+00
   2.4822230e+00
   2.4796561e+00
   2.4776592e+00
   2.4762328e+00
   2.4753771e+00
   2.4750924e+00
   2.4753787e+00
   2.4762358e+00
   2.4776638e+00
   2.4796622e+00
   2.4822306e+00
   2.4853686e+00
   2.4890754e+00
   2.4933503e+00
   2.4981925e+00
   2.5036007e+00
   2.5095740e+00
   2.5161109e+00
   2.5232100e+00
   2.5308697e+00
   2.5390883e+00
   2.5478638e+00
   2.5571942e+00
   2.5670772e+00
   2.5775103e+00
   2.5884910e+00
   2.6000165e+00
   2.6120836e+00
   2.6246893e+00
   2.6378300e+00
   2.6515022e+00
   2.6657019e+00
   2.6804250e+00
   2.6956672e+00
   2.7114238e+00
   2.7276900e+00
   2.7444605e+00
   2.7617300e+00
   2.7794928e+00
   2.7977429e+00
   2.8164739e+00
   2.8356793e+00
   2.8553522e+00
   2.8754854e+00
   2.8960713e+00
   2.9171020e+00
   2.9385694e+00
   2.9604650e+00
   2.9827799e+00
   3.0055048e+00
   3.0286304e+00
   3.0521466e+00
   3.0760433e+00
   3.1003099e+00
   3.1249355e+00
   3.1499089e+00
   3.1752185e+00
   3.2008524e+00
   3.2267984e+00
   3.2530438e+00
   3.2795759e+00
   3.3063815e+00
   3.3334470e+00
   3.3607586e+00
   3.3883025e+00
   3.4160641e+00
   3.4440289e+00
   3.4721820e+00
   3.5005084e+00
   3.5289928e+00
   3.5576196e+00
   3.5863732e+00
   3.6152377e+00
   3.6441971e+00
   3.6732351e+00
   3.7023356e+00
   3.7314821e+00
   3.7606582e+00
   3.7898473e+00
   3.8190330e+00
   3.8481985e+00
   3.8773275e+00
   3.9064033e+00
   3.9354094e+00
   3.9643296e+00
   3.9931473e+00
   4.0218466e+00
   4.0504113e+00
   4.0788257e+00
   4.1070739e+00
   4.1351407e+00
   4.1630107e+00
   4.1906690e+00
   4.2181011e+00
   4.2452924e+00
   4.2722291e+00
   4.2988974e+00
   4.3252840e+00
   4.3513761e+00
   4.3771612e+00
   4.4026270e+00
   4.4277622e+00
   4.4525554e+00
   4.4769961e+00
   4.5010739e+00
   4.5247793e+00
   4.5481030e+00
   4.5710364e+00
   4.5935715e+00
   4.6157006e+00
   4.6374168e+00
   4.6587136e+00
   4.6795852e+00
   4.7000263e+00
   4.7200321e+00
   4.7395985e+00
   4.7587219e+00
   4.7773994e+00
   4.7956285e+00
   4.8134074e+00
   4.8307348e+00
   4.8476099e+00
   4.8640326e+00
   4.8800033e+00
   4.8955228e+00
   4.9105927e+00
   4.9252148e+00
   4.9393916e+00
   4.9531259e+00
   4.9664213e+00
   4.9792816e+00
   4.9917111e+00
   5.0037145e+00
   5.0152969e+00
   5.0264640e+00
   5.0372215e+00
   5.0475758e+00
   5.0575334e+00
   5.0671012e+00
   5.0762865e+00
   5.0850966e+00
   5.0935393e+00
   5.1016225e+00
   5.1093544e+00
   5.1167433e+00
   5.1237977e+00
   5.1305262e+00
   5.1369376e+00
   5.1430408e+00
   5.1488445e+00
   5.1543579e+00
   5.1595899e+00
   5.1645496e+00
   5.1692460e+00
   5.1736880e+00
   5.1778845e+00
   5.1818445e+00
   5.1855767e+00
   5.1890898e+00
   5.1923922e+00
   5.1954925e+00
   5.1983987e+00
   5.2011189e+00
   5.2036611e+00
   5.2060327e+00
   5.2082413e+00
   5.2102939e+00
   5.2121975e+00
   5.2139587e+00
   5.2155838e+00
   5.2170790e+00
   5.2184498e+00
   5.2197018e+00
   5.2208400e+00
   5.2218693e+00
   5.2227939e+00
   5.2236180e+00
   5.2243452e+00
   5.2249789e+00
   5.2255220e+00
   5.2259770e+00
   5.2263462e+00
   5.2266313e+00
   5.2268337e+00
   5.2269544e+00
   5.2269939e+00
