   5.6896147e+02
   5.6899327e+02
   5.6908837e+02
   5.6924649e+02
   5.6946710e+02
   5.6974952e+02
   5.7009283e+02
   5.7049593e+02
   5.7095752e+02
   5.7147608e+02
   5.7204991e+02
   5.7267710e+02
   5.7335553e+02
   5.7408289e+02
   5.7485667e+02
   5.7567416e+02
   5.7653244e+02
   5.7742840e+02
   5.7835874e+02
   5.7931994e+02
   5.8030832e+02
   5.8131999e+02
   5.8235085e+02
   5.8339666e+02
   5.8445296e+02
   5.8551513e+02
   5.8657837e+02
   5.8763771e+02
   5.8868801e+02
   5.8972399e+02
   5.9074022e+02
   5.9173110e+02
   5.9269093e+02
   5.9361386e+02
   5.9449395e+02
   5.9532514e+02
   5.9610127e+02
   5.9681611e+02
   5.9746338e+02
   5.9803672e+02
   5.9852974e+02
   5.9893602e+02
   5.9924916e+02
   5.9946274e+02
   5.9957037e+02
   5.9956572e+02
   5.9944251e+02
   5.9919454e+02
   5.9881573e+02
   5.9830010e+02
   5.9764182e+02
   5.9683522e+02
   5.9587482e+02
   5.9475532e+02
   5.9347167e+02
   5.9201905e+02
   5.9039290e+02
   5.8858894e+02
   5.8660321e+02
   5.8443205e+02
   5.8207215e+02
   5.7952054e+02
   5.7677464e+02
   5.7383225e+02
   5.7069157e+02
   5.6735121e+02
   5.6381021e+02
   5.6006803e+02
   5.5612461e+02
   5.5198030e+02
   5.4763593e+02
   5.4309279e+02
   5.3835262e+02
   5.3341763e+02
   5.2829050e+02
   5.2297436e+02
   5.1747279e+02
   5.1178982e+02
   5.0592992e+02
   4.9989798e+02
   4.9369931e+02
   4.8733962e+02
   4.8082500e+02
   4.7416191e+02
   4.6735716e+02
   4.6041789e+02
   4.5335154e+02
   4.4616583e+02
   4.3886875e+02
   4.3146852e+02
   4.2397357e+02
   4.1639251e+02
   4.0873411e+02
   4.0100724e+02
   3.9322092e+02
   3.8538420e+02
   3.7750618e+02
   3.6959598e+02
   3.6166272e+02
   3.5371545e+02
   3.4576318e+02
   3.3781482e+02
   3.2987915e+02
   3.2196481e+02
   3.1408029e+02
   3.0623386e+02
   2.9843362e+02
   2.9068739e+02
   2.8300278e+02
   2.7538712e+02
   2.6784745e+02
   2.6039053e+02
   2.5302279e+02
   2.4575036e+02
   2.3857903e+02
   2.3151424e+02
   2.2456111e+02
   2.1772438e+02
   2.1100847e+02
   2.0441743e+02
   1.9795493e+02
   1.9162433e+02
   1.8542861e+02
   1.7937039e+02
   1.7345199e+02
   1.6767534e+02
   1.6204208e+02
   1.5655350e+02
   1.5121059e+02
   1.4601403e+02
   1.4096422e+02
   1.3606125e+02
   1.3130497e+02
   1.2669495e+02
   1.2223053e+02
   1.1791081e+02
   1.1373468e+02
   1.0970081e+02
   1.0580771e+02
   1.0205369e+02
   9.8436895e+01
   9.4955341e+01
   9.1606898e+01
   8.8389322e+01
   8.5300259e+01
   8.2337267e+01
   7.9497821e+01
   7.6779332e+01
   7.4179156e+01
   7.1694609e+01
   6.9322976e+01
   6.7061524e+01
   6.4907514e+01
   6.2858209e+01
   6.0910885e+01
   5.9062844e+01
   5.7311418e+01
   5.5653979e+01
   5.4087952e+01
   5.2610817e+01
   5.1220119e+01
   4.9913475e+01
   4.8688581e+01
   4.7543215e+01
   4.6475248e+01
   4.5482645e+01
   4.4563471e+01
   4.3715898e+01
   4.2938203e+01
   4.2228781e+01
   4.1586139e+01
   4.1008906e+01
   4.0495832e+01
   4.0045794e+01
   3.9657793e+01
   3.9330963e+01
   3.9064564e+01
   3.8857993e+01
   3.8710777e+01
   3.8622578e+01
   3.8593194e+01
   3.8622557e+01
   3.8710735e+01
   3.8857929e+01
   3.9064479e+01
   3.9330855e+01
   3.9657662e+01
   4.0045639e+01
   4.0495652e+01
   4.1008700e+01
   4.1585906e+01
   4.2228519e+01
   4.2937911e+01
   4.3715573e+01
   4.4563113e+01
   4.5482250e+01
   4.6474815e+01
   4.7542741e+01
   4.8688063e+01
   4.9912912e+01
   5.1219506e+01
   5.2610152e+01
   5.4087232e+01
   5.5653199e+01
   5.7310575e+01
   5.9061935e+01
   6.0909905e+01
   6.2857153e+01
   6.4906379e+01
   6.7060305e+01
   6.9321667e+01
   7.1693206e+01
   7.4177654e+01
   7.6777725e+01
   7.9496104e+01
   8.2335434e+01
   8.5298305e+01
   8.8387239e+01
   9.1604681e+01
   9.4952983e+01
   9.8434390e+01
   1.0205103e+02
   1.0580489e+02
   1.0969783e+02
   1.1373152e+02
   1.1790747e+02
   1.2222700e+02
   1.2669122e+02
   1.3130104e+02
   1.3605711e+02
   1.4095987e+02
   1.4600946e+02
   1.5120579e+02
   1.5654846e+02
   1.6203680e+02
   1.6766981e+02
   1.7344620e+02
   1.7936435e+02
   1.8542229e+02
   1.9161774e+02
   1.9794807e+02
   2.0441028e+02
   2.1100104e+02
   2.1771666e+02
   2.2455309e+02
   2.3150593e+02
   2.3857042e+02
   2.4574145e+02
   2.5301358e+02
   2.6038101e+02
   2.6783763e+02
   2.7537699e+02
   2.8299235e+02
   2.9067666e+02
   2.9842259e+02
   3.0622254e+02
   3.1406867e+02
   3.2195291e+02
   3.2986696e+02
   3.3780235e+02
   3.4575044e+02
   3.5370244e+02
   3.6164945e+02
   3.6958246e+02
   3.7749241e+02
   3.8537020e+02
   3.9320670e+02
   4.0099281e+02
   4.0871947e+02
   4.1637768e+02
   4.2395856e+02
   4.3145334e+02
   4.3885342e+02
   4.4615035e+02
   4.5333593e+02
   4.6040217e+02
   4.6734134e+02
   4.7414600e+02
   4.8080901e+02
   4.8732357e+02
   4.9368322e+02
   4.9988186e+02
   5.0591379e+02
   5.1177369e+02
   5.1745667e+02
   5.2295827e+02
   5.2827445e+02
   5.3340164e+02
   5.3833669e+02
   5.4307694e+02
   5.4762018e+02
   5.5196466e+02
   5.5610909e+02
   5.6005265e+02
   5.6379497e+02
   5.6733613e+02
   5.7067666e+02
   5.7381752e+02
   5.7676010e+02
   5.7950619e+02
   5.8205800e+02
   5.8441812e+02
   5.8658951e+02
   5.8857547e+02
   5.9037966e+02
   5.9200605e+02
   5.9345892e+02
   5.9474282e+02
   5.9586258e+02
   5.9682324e+02
   5.9763011e+02
   5.9828865e+02
   5.9880455e+02
   5.9918364e+02
   5.9943188e+02
   5.9955536e+02
   5.9956029e+02
   5.9945293e+02
   5.9923963e+02
   5.9892677e+02
   5.9852076e+02
   5.9802802e+02
   5.9745495e+02
   5.9680796e+02
   5.9609338e+02
   5.9531752e+02
   5.9448660e+02
   5.9360677e+02
   5.9268410e+02
   5.9172452e+02
   5.9073389e+02
   5.8971792e+02
   5.8868219e+02
   5.8763213e+02
   5.8657303e+02
   5.8551003e+02
   5.8444810e+02
   5.8339203e+02
   5.8234645e+02
   5.8131580e+02
   5.8030436e+02
   5.7931620e+02
   5.7835521e+02
   5.7742509e+02
   5.7652934e+02
   5.7567127e+02
   5.7485399e+02
   5.7408041e+02
   5.7335324e+02
   5.7267501e+02
   5.7204802e+02
   5.7147438e+02
   5.7095601e+02
   5.7049462e+02
   5.7009170e+02
   5.6974858e+02
   5.6946635e+02
   5.6924593e+02
   5.6908800e+02
   5.6899308e+02
   5.6896147e+02
