   1.0533211e+04
   1.0532644e+04
   1.0530977e+04
   1.0528190e+04
   1.0524247e+04
   1.0519099e+04
   1.0512683e+04
   1.0504923e+04
   1.0495727e+04
   1.0484994e+04
   1.0472607e+04
   1.0458439e+04
   1.0442349e+04
   1.0424187e+04
   1.0403791e+04
   1.0380990e+04
   1.0355601e+04
   1.0327438e+04
   1.0296301e+04
   1.0261990e+04
   1.0224294e+04
   1.0183001e+04
   1.0137896e+04
   1.0088760e+04
   1.0035377e+04
   9.9775288e+03
   9.9150024e+03
   9.8475885e+03
   9.7750840e+03
   9.6972936e+03
   9.6140320e+03
   9.5251255e+03
   9.4304138e+03
   9.3297525e+03
   9.2230142e+03
   9.1100910e+03
   8.9908964e+03
   8.8653668e+03
   8.7334635e+03
   8.5951744e+03
   8.4505155e+03
   8.2995324e+03
   8.1423016e+03
   7.9789315e+03
   7.8095635e+03
   7.6343726e+03
   7.4535680e+03
   7.2673928e+03
   7.0761249e+03
   6.8800754e+03
   6.6795892e+03
   6.4750431e+03
   6.2668447e+03
   6.0554313e+03
   5.8412674e+03
   5.6248426e+03
   5.4066691e+03
   5.1872790e+03
   4.9672210e+03
   4.7470570e+03
   4.5273589e+03
   4.3087044e+03
   4.0916730e+03
   3.8768426e+03
   3.6647848e+03
   3.4560608e+03
   3.2512174e+03
   3.0507830e+03
   2.8552633e+03
   2.6651377e+03
   2.4808557e+03
   2.3028333e+03
   2.1314500e+03
   1.9670460e+03
   1.8099200e+03
   1.6603268e+03
   1.5184757e+03
   1.3845299e+03
   1.2586049e+03
   1.1407690e+03
   1.0310432e+03
   9.2940188e+02
   8.3577385e+02
   7.5004413e+02
   6.7205578e+02
   6.0161228e+02
   5.3848027e+02
   4.8239255e+02
   4.3305138e+02
   3.9013204e+02
   3.5328646e+02
   3.2214712e+02
   2.9633089e+02
   2.7544301e+02
   2.5908097e+02
   2.4683838e+02
   2.3830864e+02
   2.3308856e+02
   2.3078170e+02
   2.3100151e+02
   2.3337421e+02
   2.3754136e+02
   2.4316219e+02
   2.4991550e+02
   2.5750134e+02
   2.6564232e+02
   2.7408454e+02
   2.8259826e+02
   2.9097823e+02
   2.9904373e+02
   3.0663831e+02
   3.1362930e+02
   3.1990704e+02
   3.2538396e+02
   3.2999342e+02
   3.3368843e+02
   3.3644026e+02
   3.3823690e+02
   3.3908149e+02
   3.3899071e+02
   3.3799313e+02
   3.3612761e+02
   3.3344164e+02
   3.2998986e+02
   3.2583249e+02
   3.2103401e+02
   3.1566175e+02
   3.0978474e+02
   3.0347254e+02
   2.9679430e+02
   2.8981782e+02
   2.8260882e+02
   2.7523028e+02
   2.6774184e+02
   2.6019945e+02
   2.5265498e+02
   2.4515597e+02
   2.3774551e+02
   2.3046215e+02
   2.2333989e+02
   2.1640825e+02
   2.0969239e+02
   2.0321326e+02
   1.9698780e+02
   1.9102919e+02
   1.8534709e+02
   1.7994791e+02
   1.7483511e+02
   1.7000947e+02
   1.6546939e+02
   1.6121118e+02
   1.5722932e+02
   1.5351675e+02
   1.5006511e+02
   1.4686500e+02
   1.4390617e+02
   1.4117775e+02
   1.3866844e+02
   1.3636668e+02
   1.3426078e+02
   1.3233909e+02
   1.3059010e+02
   1.2900254e+02
   1.2756546e+02
   1.2626835e+02
   1.2510113e+02
   1.2405424e+02
   1.2311871e+02
   1.2228610e+02
   1.2154862e+02
   1.2089907e+02
   1.2033090e+02
   1.1983819e+02
   1.1941566e+02
   1.1905865e+02
   1.1876314e+02
   1.1852576e+02
   1.1834375e+02
   1.1821494e+02
   1.1813783e+02
   1.1811150e+02
   1.1813564e+02
   1.1821057e+02
   1.1833720e+02
   1.1851706e+02
   1.1875232e+02
   1.1904572e+02
   1.1940068e+02
   1.1982121e+02
   1.2031197e+02
   1.2087824e+02
   1.2152596e+02
   1.2226169e+02
   1.2309263e+02
   1.2402658e+02
   1.2507197e+02
   1.2623781e+02
   1.2753365e+02
   1.2896956e+02
   1.3055608e+02
   1.3230416e+02
   1.3422507e+02
   1.3633033e+02
   1.3863160e+02
   1.4114056e+02
   1.4386879e+02
   1.4682759e+02
   1.5002783e+02
   1.5347975e+02
   1.5719277e+02
   1.6117524e+02
   1.6543422e+02
   1.6997523e+02
   1.7480196e+02
   1.7991599e+02
   1.8531654e+02
   1.9100015e+02
   1.9696039e+02
   2.0318759e+02
   2.0966856e+02
   2.1638634e+02
   2.2331997e+02
   2.3044427e+02
   2.3772969e+02
   2.4514223e+02
   2.5264330e+02
   2.6018979e+02
   2.6773414e+02
   2.7522444e+02
   2.8260475e+02
   2.8981535e+02
   2.9679328e+02
   3.0347277e+02
   3.0978601e+02
   3.1566382e+02
   3.2103661e+02
   3.2583533e+02
   3.2999264e+02
   3.3344405e+02
   3.3612931e+02
   3.3799379e+02
   3.3898997e+02
   3.3907902e+02
   3.3823237e+02
   3.3643334e+02
   3.3367880e+02
   3.2998080e+02
   3.2536810e+02
   3.1988772e+02
   3.1360633e+02
   3.0661157e+02
   2.9901314e+02
   2.9094379e+02
   2.8256002e+02
   2.7404263e+02
   2.6559696e+02
   2.5745282e+02
   2.4986420e+02
   2.4310860e+02
   2.3748607e+02
   2.3331789e+02
   2.3094495e+02
   2.3072578e+02
   2.3303427e+02
   2.3825706e+02
   2.4679070e+02
   2.5903847e+02
   2.7540706e+02
   2.9630295e+02
   3.2212872e+02
   3.5327921e+02
   3.9013759e+02
   4.3307146e+02
   4.8242891e+02
   5.3853470e+02
   6.0168658e+02
   6.7215176e+02
   7.5016358e+02
   8.3591856e+02
   9.2957359e+02
   1.0312436e+03
   1.1409998e+03
   1.2588675e+03
   1.3848259e+03
   1.5188065e+03
   1.6606935e+03
   1.8103239e+03
   1.9674880e+03
   2.1319309e+03
   2.3033539e+03
   2.4814166e+03
   2.6657392e+03
   2.8559057e+03
   3.0514663e+03
   3.2519416e+03
   3.4568255e+03
   3.6655896e+03
   3.8776869e+03
   4.0925559e+03
   4.3096249e+03
   4.5283161e+03
   4.7480495e+03
   4.9682473e+03
   5.1883377e+03
   5.4077584e+03
   5.6259608e+03
   5.8424126e+03
   6.0566015e+03
   6.2680378e+03
   6.4762569e+03
   6.6808216e+03
   6.8813240e+03
   7.0773874e+03
   7.2686670e+03
   7.4548513e+03
   7.6356628e+03
   7.8108582e+03
   7.9802283e+03
   8.1435982e+03
   8.3008265e+03
   8.4518049e+03
   8.5964568e+03
   8.7347367e+03
   8.8666287e+03
   8.9921450e+03
   9.1113242e+03
   9.2242301e+03
   9.3309494e+03
   9.4315898e+03
   9.5262789e+03
   9.6151612e+03
   9.6983971e+03
   9.7761604e+03
   9.8486364e+03
   9.9160204e+03
   9.9785158e+03
   1.0036332e+04
   1.0089682e+04
   1.0138783e+04
   1.0183854e+04
   1.0225110e+04
   1.0262769e+04
   1.0297043e+04
   1.0328142e+04
   1.0356267e+04
   1.0381615e+04
   1.0404377e+04
   1.0424733e+04
   1.0442855e+04
   1.0458903e+04
   1.0473030e+04
   1.0485375e+04
   1.0496067e+04
   1.0505220e+04
   1.0512939e+04
   1.0519312e+04
   1.0524418e+04
   1.0528318e+04
   1.0531063e+04
   1.0532687e+04
   1.0533211e+04
