   7.4144043e-07
   7.4058996e-07
   7.4546694e-07
   7.5605812e-07
   7.7232162e-07
   7.9418695e-07
   8.2155528e-07
   8.5429982e-07
   8.9226631e-07
   9.3527375e-07
   9.8311519e-07
   1.0355588e-06
   1.0923487e-06
   1.1532068e-06
   1.2178334e-06
   1.2859095e-06
   1.3570977e-06
   1.4310443e-06
   1.5073812e-06
   1.5857273e-06
   1.6656911e-06
   1.7468719e-06
   1.8288629e-06
   1.9112522e-06
   1.9936257e-06
   2.0755689e-06
   2.1566692e-06
   2.2365179e-06
   2.3147124e-06
   2.3908580e-06
   2.4645704e-06
   2.5354775e-06
   2.6032210e-06
   2.6674586e-06
   2.7278659e-06
   2.7841374e-06
   2.8359889e-06
   2.8831583e-06
   2.9254072e-06
   2.9625223e-06
   2.9943160e-06
   3.0206279e-06
   3.0413253e-06
   3.0563038e-06
   3.0654882e-06
   3.0688325e-06
   3.0663203e-06
   3.0579649e-06
   3.0438090e-06
   3.0239250e-06
   2.9984139e-06
   2.9674055e-06
   2.9310571e-06
   2.8895531e-06
   2.8431039e-06
   2.7919450e-06
   2.7363353e-06
   2.6765565e-06
   2.6129109e-06
   2.5457205e-06
   2.4753248e-06
   2.4020793e-06
   2.3263540e-06
   2.2485306e-06
   2.1690017e-06
   2.0881677e-06
   2.0064354e-06
   1.9242158e-06
   1.8419217e-06
   1.7599659e-06
   1.6787590e-06
   1.5987071e-06
   1.5202100e-06
   1.4436591e-06
   1.3694350e-06
   1.2979062e-06
   1.2294267e-06
   1.1643347e-06
   1.1029502e-06
   1.0455742e-06
   9.9248674e-07
   9.4394540e-07
   9.0018445e-07
   8.6141348e-07
   8.2781646e-07
   7.9955093e-07
   7.7674729e-07
   7.5950829e-07
   7.4790863e-07
   7.4199471e-07
   7.4178459e-07
   7.4726800e-07
   7.5840653e-07
   7.7513404e-07
   7.9735701e-07
   8.2495525e-07
   8.5778258e-07
   8.9566775e-07
   9.3841539e-07
   9.8580716e-07
   1.0376030e-06
   1.0935424e-06
   1.1533458e-06
   1.2167162e-06
   1.2833409e-06
   1.3528924e-06
   1.4250311e-06
   1.4994061e-06
   1.5756578e-06
   1.6534189e-06
   1.7323166e-06
   1.8119744e-06
   1.8920139e-06
   1.9720561e-06
   2.0517240e-06
   2.1306435e-06
   2.2084456e-06
   2.2847679e-06
   2.3592559e-06
   2.4315652e-06
   2.5013621e-06
   2.5683259e-06
   2.6321496e-06
   2.6925415e-06
   2.7492260e-06
   2.8019455e-06
   2.8504604e-06
   2.8945510e-06
   2.9340178e-06
   2.9686824e-06
   2.9983882e-06
   3.0230012e-06
   3.0424104e-06
   3.0565278e-06
   3.0652897e-06
   3.0686559e-06
   3.0666107e-06
   3.0591624e-06
   3.0463436e-06
   3.0282110e-06
   3.0048451e-06
   2.9763500e-06
   2.9428532e-06
   2.9045046e-06
   2.8614766e-06
   2.8139629e-06
   2.7621780e-06
   2.7063563e-06
   2.6467513e-06
   2.5836344e-06
   2.5172940e-06
   2.4480341e-06
   2.3761732e-06
   2.3020430e-06
   2.2259868e-06
   2.1483584e-06
   2.0695199e-06
   1.9898410e-06
   1.9096966e-06
   1.8294654e-06
   1.7495281e-06
   1.6702659e-06
   1.5920581e-06
   1.5152810e-06
   1.4403056e-06
   1.3674959e-06
   1.2972072e-06
   1.2297840e-06
   1.1655588e-06
   1.1048499e-06
   1.0479598e-06
   9.9517369e-07
   9.4675801e-07
   9.0295877e-07
   8.6400031e-07
   8.3008402e-07
   8.0138716e-07
   7.7806182e-07
   7.6023405e-07
   7.4800302e-07
   7.4144043e-07
