   3.4718235e-04
   3.3748585e-04
   3.2907709e-04
   3.2202481e-04
   3.1638739e-04
   3.1221234e-04
   3.0953588e-04
   3.0838266e-04
   3.0876559e-04
   3.1068573e-04
   3.1413235e-04
   3.1908306e-04
   3.2550402e-04
   3.3335033e-04
   3.4256638e-04
   3.5308642e-04
   3.6483515e-04
   3.7772832e-04
   3.9167356e-04
   4.0657107e-04
   4.2231448e-04
   4.3879173e-04
   4.5588593e-04
   4.7347630e-04
   4.9143907e-04
   5.0964841e-04
   5.2797738e-04
   5.4629878e-04
   5.6448613e-04
   5.8241448e-04
   5.9996128e-04
   6.1700719e-04
   6.3343684e-04
   6.4913959e-04
   6.6401022e-04
   6.7794954e-04
   6.9086502e-04
   7.0267130e-04
   7.1329075e-04
   7.2265382e-04
   7.3069949e-04
   7.3737560e-04
   7.4263910e-04
   7.4645631e-04
   7.4880307e-04
   7.4966488e-04
   7.4903697e-04
   7.4692430e-04
   7.4334154e-04
   7.3831299e-04
   7.3187240e-04
   7.2406284e-04
   7.1493640e-04
   7.0455395e-04
   6.9298473e-04
   6.8030601e-04
   6.6660260e-04
   6.5196640e-04
   6.3649577e-04
   6.2029504e-04
   6.0347376e-04
   5.8614611e-04
   5.6843008e-04
   5.5044679e-04
   5.3231961e-04
   5.1417339e-04
   4.9613354e-04
   4.7832520e-04
   4.6087233e-04
   4.4389677e-04
   4.2751740e-04
   4.1184915e-04
   3.9700220e-04
   3.8308104e-04
   3.7018367e-04
   3.5840078e-04
   3.4781499e-04
   3.3850017e-04
   3.3052077e-04
   3.2393127e-04
   3.1877567e-04
   3.1508713e-04
   3.1288759e-04
   3.1218761e-04
   3.1298623e-04
   3.1527093e-04
   3.1901773e-04
   3.2419139e-04
   3.3074571e-04
   3.3862390e-04
   3.4775915e-04
   3.5807518e-04
   3.6948702e-04
   3.8190179e-04
   3.9521965e-04
   4.0933474e-04
   4.2413632e-04
   4.3950983e-04
   4.5533812e-04
   4.7150269e-04
   4.8788487e-04
   5.0436714e-04
   5.2083434e-04
   5.3717491e-04
   5.5328206e-04
   5.6905490e-04
   5.8439950e-04
   5.9922983e-04
   6.1346864e-04
   6.2704815e-04
   6.3991072e-04
   6.5200924e-04
   6.6330747e-04
   6.7378021e-04
   6.8341320e-04
   6.9220301e-04
   7.0015665e-04
   7.0729108e-04
   7.1363249e-04
   7.1921552e-04
   7.2408230e-04
   7.2828138e-04
   7.3186655e-04
   7.3489556e-04
   7.3742887e-04
   7.3952823e-04
   7.4125537e-04
   7.4267060e-04
   7.4383155e-04
   7.4479188e-04
   7.4560013e-04
   7.4629868e-04
   7.4692283e-04
   7.4750000e-04
   7.4804915e-04
   7.4858033e-04
   7.4909442e-04
   7.4958312e-04
   7.5002902e-04
   7.5040597e-04
   7.5067956e-04
   7.5080781e-04
   7.5074198e-04
   7.5042759e-04
   7.4980551e-04
   7.4881315e-04
   7.4738578e-04
   7.4545785e-04
   7.4296437e-04
   7.3984232e-04
   7.3603197e-04
   7.3147822e-04
   7.2613186e-04
   7.1995071e-04
   7.1290070e-04
   7.0495679e-04
   6.9610373e-04
   6.8633677e-04
   6.7566207e-04
   6.6409703e-04
   6.5167046e-04
   6.3842253e-04
   6.2440458e-04
   6.0967877e-04
   5.9431758e-04
   5.7840313e-04
   5.6202644e-04
   5.4528649e-04
   5.2828924e-04
   5.1114654e-04
   4.9397494e-04
   4.7689447e-04
   4.6002743e-04
   4.4349705e-04
   4.2742626e-04
   4.1193637e-04
   3.9714588e-04
   3.8316922e-04
   3.7011564e-04
   3.5808812e-04
   3.4718235e-04
