   5.8841233e-01
   5.4704380e-01
   5.0666117e-01
   4.6756180e-01
   4.3001992e-01
   3.9428095e-01
   3.6055648e-01
   3.2902025e-01
   2.9980536e-01
   2.7300327e-01
   2.4866470e-01
   2.2680294e-01
   2.0739965e-01
   1.9041334e-01
   1.7579055e-01
   1.6347940e-01
   1.5344528e-01
   1.4568790e-01
   1.4025887e-01
   1.3727878e-01
   1.3695232e-01
   1.3958011e-01
   1.4556569e-01
   1.5541612e-01
   1.6973493e-01
   1.8920636e-01
   2.1457025e-01
   2.4658767e-01
   2.8599816e-01
   3.3347020e-01
   3.8954761e-01
   4.5459518e-01
   5.2874755e-01
   6.1186583e-01
   7.0350623e-01
   8.0290479e-01
   9.0898127e-01
   1.0203641e+00
   1.1354364e+00
   1.2524013e+00
   1.3693637e+00
   1.4844208e+00
   1.5957580e+00
   1.7017392e+00
   1.8009860e+00
   1.8924380e+00
   1.9753887e+00
   2.0494941e+00
   2.1147525e+00
   2.1714585e+00
   2.2201337e+00
   2.2614428e+00
   2.2961020e+00
   2.3247873e+00
   2.3480536e+00
   2.3662695e+00
   2.3795740e+00
   2.3878593e+00
   2.3907788e+00
   2.3877801e+00
   2.3781583e+00
   2.3611249e+00
   2.3358853e+00
   2.3017189e+00
   2.2580548e+00
   2.2045372e+00
   2.1410771e+00
   2.0678865e+00
   1.9854937e+00
   1.8947401e+00
   1.7967591e+00
   1.6929405e+00
   1.5848828e+00
   1.4743360e+00
   1.3631400e+00
   1.2531617e+00
   1.1462323e+00
   1.0440895e+00
   9.4832546e-01
   8.6034251e-01
   7.8131720e-01
   7.1217382e-01
   6.5356704e-01
   6.0587379e-01
   5.6919380e-01
   5.4335821e-01
   5.2794578e-01
   5.2230581e-01
   5.2558708e-01
   5.3677218e-01
   5.5471617e-01
   5.7818874e-01
   6.0591881e-01
   6.3664049e-01
   6.6913924e-01
   7.0229676e-01
   7.3513320e-01
   7.6684507e-01
   7.9683691e-01
   8.2474513e-01
   8.5045201e-01
   8.7408839e-01
   8.9602367e-01
   9.1684225e-01
   9.3730624e-01
   9.5830503e-01
   9.8079319e-01
   1.0057192e+00
   1.0339489e+00
   1.0661871e+00
   1.1029041e+00
   1.1442710e+00
   1.1901106e+00
   1.2398686e+00
   1.2926087e+00
   1.3470351e+00
   1.4015422e+00
   1.4542906e+00
   1.5033050e+00
   1.5465882e+00
   1.5822444e+00
   1.6086003e+00
   1.6243178e+00
   1.6284871e+00
   1.6206931e+00
   1.6010512e+00
   1.5702067e+00
   1.5293010e+00
   1.4799056e+00
   1.4239303e+00
   1.3635123e+00
   1.3008969e+00
   1.2383166e+00
   1.1778784e+00
   1.1214664e+00
   1.0706649e+00
   1.0267060e+00
   9.9044151e-01
   9.6233982e-01
   9.4250402e-01
   9.3070786e-01
   9.2644488e-01
   9.2898581e-01
   9.3743937e-01
   9.5081239e-01
   9.6806557e-01
   9.8816227e-01
   1.0101086e+00
   1.0329842e+00
   1.0559628e+00
   1.0783247e+00
   1.0994603e+00
   1.1188681e+00
   1.1361473e+00
   1.1509865e+00
   1.1631518e+00
   1.1724732e+00
   1.1788322e+00
   1.1821507e+00
   1.1823813e+00
   1.1795002e+00
   1.1735024e+00
   1.1643981e+00
   1.1522120e+00
   1.1369830e+00
   1.1187653e+00
   1.0976306e+00
   1.0736698e+00
   1.0469950e+00
   1.0177416e+00
   9.8606943e-01
   9.5216360e-01
   9.1623451e-01
   8.7851733e-01
   8.3927055e-01
   7.9877397e-01
   7.5732580e-01
   7.1523920e-01
   6.7283807e-01
   6.3045226e-01
   5.8841233e-01
