   2.2214093e+00
   2.1963953e+00
   2.1706976e+00
   2.1445258e+00
   2.1180539e+00
   2.0914174e+00
   2.0647113e+00
   2.0379886e+00
   2.0112609e+00
   1.9844985e+00
   1.9576330e+00
   1.9305605e+00
   1.9031453e+00
   1.8752253e+00
   1.8466184e+00
   1.8171282e+00
   1.7865524e+00
   1.7546899e+00
   1.7213488e+00
   1.6863542e+00
   1.6495563e+00
   1.6108370e+00
   1.5701167e+00
   1.5273599e+00
   1.4825795e+00
   1.4358402e+00
   1.3872601e+00
   1.3370114e+00
   1.2853190e+00
   1.2324578e+00
   1.1787489e+00
   1.1245537e+00
   1.0702677e+00
   1.0163127e+00
   9.6312832e-01
   9.1116324e-01
   8.6086597e-01
   8.1267570e-01
   7.6701343e-01
   7.2427360e-01
   6.8481650e-01
   6.4896164e-01
   6.1698217e-01
   5.8910056e-01
   5.6548558e-01
   5.4625058e-01
   5.3145312e-01
   5.2109584e-01
   5.1512850e-01
   5.1345111e-01
   5.1591795e-01
   5.2234242e-01
   5.3250238e-01
   5.4614600e-01
   5.6299782e-01
   5.8276490e-01
   6.0514283e-01
   6.2982162e-01
   6.5649113e-01
   6.8484609e-01
   7.1459058e-01
   7.4544184e-01
   7.7713342e-01
   8.0941772e-01
   8.4206771e-01
   8.7487803e-01
   9.0766544e-01
   9.4026859e-01
   9.7254725e-01
   1.0043811e+00
   1.0356677e+00
   1.0663211e+00
   1.0962685e+00
   1.1254486e+00
   1.1538080e+00
   1.1812992e+00
   1.2078774e+00
   1.2334981e+00
   1.2581143e+00
   1.2816748e+00
   1.3041217e+00
   1.3253893e+00
   1.3454028e+00
   1.3640774e+00
   1.3813179e+00
   1.3970196e+00
   1.4110680e+00
   1.4233407e+00
   1.4337086e+00
   1.4420378e+00
   1.4481926e+00
   1.4520375e+00
   1.4534406e+00
   1.4522765e+00
   1.4484299e+00
   1.4417986e+00
   1.4322969e+00
   1.4198584e+00
   1.4044393e+00
   1.3860204e+00
   1.3646099e+00
   1.3402443e+00
   1.3129903e+00
   1.2829455e+00
   1.2502381e+00
   1.2150275e+00
   1.1775030e+00
   1.1378830e+00
   1.0964134e+00
   1.0533660e+00
   1.0090366e+00
   9.6374276e-01
   9.1782174e-01
   8.7162807e-01
   8.2553137e-01
   7.7991396e-01
   7.3516854e-01
   6.9169566e-01
   6.4990123e-01
   6.1019369e-01
   5.7298103e-01
   5.3866746e-01
   5.0764969e-01
   4.8031287e-01
   4.5702607e-01
   4.3813743e-01
   4.2396903e-01
   4.1481149e-01
   4.1091863e-01
   4.1250220e-01
   4.1972694e-01
   4.3270618e-01
   4.5149816e-01
   4.7610327e-01
   5.0646232e-01
   5.4245603e-01
   5.8390569e-01
   6.3057514e-01
   6.8217389e-01
   7.3836137e-01
   7.9875206e-01
   8.6292139e-01
   9.3041220e-01
   1.0007414e+00
   1.0734069e+00
   1.1478941e+00
   1.2236823e+00
   1.3002508e+00
   1.3770841e+00
   1.4536767e+00
   1.5295372e+00
   1.6041922e+00
   1.6771892e+00
   1.7480990e+00
   1.8165189e+00
   1.8820737e+00
   1.9444184e+00
   2.0032397e+00
   2.0582577e+00
   2.1092278e+00
   2.1559422e+00
   2.1982312e+00
   2.2359650e+00
   2.2690548e+00
   2.2974533e+00
   2.3211552e+00
   2.3401977e+00
   2.3546590e+00
   2.3646581e+00
   2.3703519e+00
   2.3719334e+00
   2.3696282e+00
   2.3636904e+00
   2.3543984e+00
   2.3420498e+00
   2.3269559e+00
   2.3094356e+00
   2.2898100e+00
   2.2683957e+00
   2.2454988e+00
   2.2214093e+00
