   8.5468948e-02
   7.6134316e-02
   6.7631891e-02
   5.9990030e-02
   5.3234017e-02
   4.7386284e-02
   4.2466572e-02
   3.8492032e-02
   3.5477251e-02
   3.3434188e-02
   3.2372032e-02
   3.2296948e-02
   3.3211733e-02
   3.5115360e-02
   3.8002430e-02
   4.1862536e-02
   4.6679552e-02
   5.2430869e-02
   5.9086602e-02
   6.6608805e-02
   7.4950725e-02
   8.4056151e-02
   9.3858901e-02
   1.0428250e-01
   1.1524009e-01
   1.2663466e-01
   1.3835957e-01
   1.5029942e-01
   1.6233139e-01
   1.7432682e-01
   1.8615326e-01
   1.9767675e-01
   2.0876441e-01
   2.1928719e-01
   2.2912264e-01
   2.3815774e-01
   2.4629146e-01
   2.5343713e-01
   2.5952439e-01
   2.6450065e-01
   2.6833202e-01
   2.7100358e-01
   2.7251908e-01
   2.7289997e-01
   2.7218396e-01
   2.7042296e-01
   2.6768077e-01
   2.6403045e-01
   2.5955161e-01
   2.5432767e-01
   2.4844334e-01
   2.4198230e-01
   2.3502531e-01
   2.2764870e-01
   2.1992336e-01
   2.1191420e-01
   2.0368002e-01
   1.9527389e-01
   1.8674372e-01
   1.7813319e-01
   1.6948284e-01
   1.6083113e-01
   1.5221562e-01
   1.4367393e-01
   1.3524464e-01
   1.2696796e-01
   1.1888610e-01
   1.1104355e-01
   1.0348698e-01
   9.6265015e-02
   8.9427759e-02
   8.3026232e-02
   7.7111646e-02
   7.1734624e-02
   6.6944389e-02
   6.2787953e-02
   5.9309338e-02
   5.6548849e-02
   5.4542398e-02
   5.3320911e-02
   5.2909774e-02
   5.3328355e-02
   5.4589577e-02
   5.6699567e-02
   5.9657375e-02
   6.3454766e-02
   6.8076070e-02
   7.3498078e-02
   7.9689960e-02
   8.6613216e-02
   9.4221636e-02
   1.0246130e-01
   1.1127059e-01
   1.2058030e-01
   1.3031377e-01
   1.4038715e-01
   1.5070974e-01
   1.6118449e-01
   1.7170868e-01
   1.8217475e-01
   1.9247137e-01
   2.0248471e-01
   2.1209998e-01
   2.2120320e-01
   2.2968324e-01
   2.3743403e-01
   2.4435704e-01
   2.5036385e-01
   2.5537891e-01
   2.5934222e-01
   2.6221203e-01
   2.6396734e-01
   2.6461012e-01
   2.6416714e-01
   2.6269127e-01
   2.6026218e-01
   2.5698625e-01
   2.5299565e-01
   2.4844660e-01
   2.4351661e-01
   2.3840086e-01
   2.3330773e-01
   2.2845354e-01
   2.2405664e-01
   2.2033114e-01
   2.1748036e-01
   2.1569027e-01
   2.1512334e-01
   2.1591276e-01
   2.1815763e-01
   2.2191903e-01
   2.2721737e-01
   2.3403094e-01
   2.4229605e-01
   2.5190832e-01
   2.6272556e-01
   2.7457170e-01
   2.8724191e-01
   3.0050850e-01
   3.1412747e-01
   3.2784538e-01
   3.4140626e-01
   3.5455834e-01
   3.6706032e-01
   3.7868702e-01
   3.8923416e-01
   3.9852227e-01
   4.0639957e-01
   4.1274383e-01
   4.1746331e-01
   4.2049673e-01
   4.2181242e-01
   4.2140677e-01
   4.1930220e-01
   4.1554454e-01
   4.1020028e-01
   4.0335353e-01
   3.9510301e-01
   3.8555905e-01
   3.7484074e-01
   3.6307325e-01
   3.5038541e-01
   3.3690752e-01
   3.2276953e-01
   3.0809938e-01
   2.9302167e-01
   2.7765667e-01
   2.6211939e-01
   2.4651907e-01
   2.3095870e-01
   2.1553476e-01
   2.0033718e-01
   1.8544928e-01
   1.7094791e-01
   1.5690365e-01
   1.4338103e-01
   1.3043886e-01
   1.1813053e-01
   1.0650439e-01
   9.5604086e-02
   8.5468948e-02
