   2.2625631e+00
   2.2450146e+00
   2.2237243e+00
   2.1987280e+00
   2.1700394e+00
   2.1376555e+00
   2.1015615e+00
   2.0617380e+00
   2.0181686e+00
   1.9708484e+00
   1.9197936e+00
   1.8650511e+00
   1.8067079e+00
   1.7449015e+00
   1.6798283e+00
   1.6117518e+00
   1.5410085e+00
   1.4680122e+00
   1.3932557e+00
   1.3173083e+00
   1.2408112e+00
   1.1644681e+00
   1.0890321e+00
   1.0152887e+00
   9.4403542e-01
   8.7605823e-01
   8.1210580e-01
   7.5286266e-01
   6.9892253e-01
   6.5076306e-01
   6.0872366e-01
   5.7298777e-01
   5.4357098e-01
   5.2031621e-01
   5.0289655e-01
   4.9082641e-01
   4.8348069e-01
   4.8012152e-01
   4.7993145e-01
   4.8205160e-01
   4.8562301e-01
   4.8982888e-01
   4.9393561e-01
   4.9733010e-01
   4.9955136e-01
   5.0031444e-01
   4.9952529e-01
   4.9728566e-01
   4.9388778e-01
   4.8979899e-01
   4.8563753e-01
   4.8214064e-01
   4.8012705e-01
   4.8045593e-01
   4.8398465e-01
   4.9152768e-01
   5.0381861e-01
   5.2147728e-01
   5.4498344e-01
   5.7465788e-01
   6.1065174e-01
   6.5294388e-01
   7.0134605e-01
   7.5551491e-01
   8.1496992e-01
   8.7911555e-01
   9.4726651e-01
   1.0186744e+00
   1.0925543e+00
   1.1681107e+00
   1.2445604e+00
   1.3211531e+00
   1.3971883e+00
   1.4720279e+00
   1.5451054e+00
   1.6159312e+00
   1.6840939e+00
   1.7492591e+00
   1.8111655e+00
   1.8696178e+00
   1.9244799e+00
   1.9756650e+00
   2.0231267e+00
   2.0668488e+00
   2.1068355e+00
   2.1431026e+00
   2.1756685e+00
   2.2045467e+00
   2.2297388e+00
   2.2512293e+00
   2.2689807e+00
   2.2829309e+00
   2.2929908e+00
   2.2990442e+00
   2.3009489e+00
   2.2985388e+00
   2.2916286e+00
   2.2800185e+00
   2.2635024e+00
   2.2418756e+00
   2.2149456e+00
   2.1825433e+00
   2.1445351e+00
   2.1008368e+00
   2.0514264e+00
   1.9963576e+00
   1.9357723e+00
   1.8699117e+00
   1.7991243e+00
   1.7238723e+00
   1.6447328e+00
   1.5623956e+00
   1.4776552e+00
   1.3913979e+00
   1.3045837e+00
   1.2182225e+00
   1.1333460e+00
   1.0509763e+00
   9.7209148e-01
   8.9759129e-01
   8.2826357e-01
   7.6475406e-01
   7.0754140e-01
   6.5691924e-01
   6.1298715e-01
   5.7565122e-01
   5.4463513e-01
   5.1950152e-01
   4.9968269e-01
   4.8451931e-01
   4.7330477e-01
   4.6533254e-01
   4.5994363e-01
   4.5657083e-01
   4.5477699e-01
   4.5428442e-01
   4.5499365e-01
   4.5698992e-01
   4.6053728e-01
   4.6606038e-01
   4.7411553e-01
   4.8535292e-01
   5.0047255e-01
   5.2017708e-01
   5.4512448e-01
   5.7588359e-01
   6.1289537e-01
   6.5644179e-01
   7.0662425e-01
   7.6335211e-01
   8.2634159e-01
   8.9512454e-01
   9.6906590e-01
   1.0473883e+00
   1.1292020e+00
   1.2135379e+00
   1.2993823e+00
   1.3857105e+00
   1.4715183e+00
   1.5558506e+00
   1.6378242e+00
   1.7166468e+00
   1.7916298e+00
   1.8621961e+00
   1.9278829e+00
   1.9883399e+00
   2.0433242e+00
   2.0926912e+00
   2.1363843e+00
   2.1744222e+00
   2.2068860e+00
   2.2339058e+00
   2.2556474e+00
   2.2722999e+00
   2.2840646e+00
   2.2911448e+00
   2.2937368e+00
   2.2920234e+00
   2.2861679e+00
   2.2763098e+00
   2.2625631e+00
