   1.2370080e+00
   1.2303319e+00
   1.2231169e+00
   1.2153978e+00
   1.2072075e+00
   1.1985773e+00
   1.1895368e+00
   1.1801141e+00
   1.1703359e+00
   1.1602277e+00
   1.1498138e+00
   1.1391180e+00
   1.1281629e+00
   1.1169709e+00
   1.1055642e+00
   1.0939648e+00
   1.0821950e+00
   1.0702776e+00
   1.0582361e+00
   1.0460950e+00
   1.0338803e+00
   1.0216195e+00
   1.0093420e+00
   9.9707938e-01
   9.8486545e-01
   9.7273672e-01
   9.6073236e-01
   9.4889426e-01
   9.3726708e-01
   9.2589816e-01
   9.1483726e-01
   9.0413633e-01
   8.9384912e-01
   8.8403062e-01
   8.7473650e-01
   8.6602242e-01
   8.5794322e-01
   8.5055215e-01
   8.4389995e-01
   8.3803401e-01
   8.3299749e-01
   8.2882847e-01
   8.2555926e-01
   8.2321567e-01
   8.2181654e-01
   8.2137328e-01
   8.2188967e-01
   8.2336177e-01
   8.2577797e-01
   8.2911927e-01
   8.3335969e-01
   8.3846678e-01
   8.4440228e-01
   8.5112290e-01
   8.5858113e-01
   8.6672611e-01
   8.7550449e-01
   8.8486133e-01
   8.9474092e-01
   9.0508751e-01
   9.1584608e-01
   9.2696288e-01
   9.3838594e-01
   9.5006549e-01
   9.6195427e-01
   9.7400763e-01
   9.8618375e-01
   9.9844354e-01
   1.0107506e+00
   1.0230712e+00
   1.0353738e+00
   1.0476291e+00
   1.0598099e+00
   1.0718902e+00
   1.0838456e+00
   1.0956528e+00
   1.1072890e+00
   1.1187321e+00
   1.1299600e+00
   1.1409509e+00
   1.1516824e+00
   1.1621316e+00
   1.1722751e+00
   1.1820886e+00
   1.1915463e+00
   1.2006218e+00
   1.2092866e+00
   1.2175113e+00
   1.2252643e+00
   1.2325126e+00
   1.2392212e+00
   1.2453533e+00
   1.2508702e+00
   1.2557312e+00
   1.2598941e+00
   1.2633149e+00
   1.2659483e+00
   1.2677478e+00
   1.2686664e+00
   1.2686566e+00
   1.2676714e+00
   1.2656650e+00
   1.2625930e+00
   1.2584144e+00
   1.2530916e+00
   1.2465920e+00
   1.2388895e+00
   1.2299654e+00
   1.2198097e+00
   1.2084231e+00
   1.1958179e+00
   1.1820193e+00
   1.1670671e+00
   1.1510166e+00
   1.1339394e+00
   1.1159244e+00
   1.0970777e+00
   1.0775236e+00
   1.0574031e+00
   1.0368741e+00
   1.0161099e+00
   9.9529725e-01
   9.7463479e-01
   9.5433007e-01
   9.3459681e-01
   9.1565150e-01
   8.9770984e-01
   8.8098292e-01
   8.6567328e-01
   8.5197104e-01
   8.4005003e-01
   8.3006422e-01
   8.2214445e-01
   8.1639561e-01
   8.1289431e-01
   8.1168722e-01
   8.1278998e-01
   8.1618687e-01
   8.2183120e-01
   8.2964632e-01
   8.3952735e-01
   8.5134349e-01
   8.6494087e-01
   8.8014578e-01
   8.9676833e-01
   9.1460621e-01
   9.3344864e-01
   9.5308026e-01
   9.7328498e-01
   9.9384950e-01
   1.0145667e+00
   1.0352384e+00
   1.0556783e+00
   1.0757135e+00
   1.0951867e+00
   1.1139570e+00
   1.1319007e+00
   1.1489119e+00
   1.1649020e+00
   1.1797995e+00
   1.1935494e+00
   1.2061119e+00
   1.2174618e+00
   1.2275867e+00
   1.2364861e+00
   1.2441694e+00
   1.2506554e+00
   1.2559699e+00
   1.2601453e+00
   1.2632188e+00
   1.2652312e+00
   1.2662263e+00
   1.2662498e+00
   1.2653483e+00
   1.2635689e+00
   1.2609583e+00
   1.2575627e+00
   1.2534270e+00
   1.2485949e+00
   1.2431085e+00
   1.2370080e+00
