   1.3224608e-02
   1.2376074e-02
   1.1632828e-02
   1.0999594e-02
   1.0480274e-02
   1.0077934e-02
   9.7947903e-03
   9.6322082e-03
   9.5906967e-03
   9.6699138e-03
   9.8686737e-03
   1.0184959e-02
   1.0615938e-02
   1.1157985e-02
   1.1806705e-02
   1.2556967e-02
   1.3402935e-02
   1.4338114e-02
   1.5355385e-02
   1.6447065e-02
   1.7604953e-02
   1.8820391e-02
   2.0084326e-02
   2.1387377e-02
   2.2719901e-02
   2.4072068e-02
   2.5433934e-02
   2.6795517e-02
   2.8146873e-02
   2.9478172e-02
   3.0779776e-02
   3.2042311e-02
   3.3256741e-02
   3.4414436e-02
   3.5507237e-02
   3.6527516e-02
   3.7468232e-02
   3.8322980e-02
   3.9086038e-02
   3.9752398e-02
   4.0317799e-02
   4.0778752e-02
   4.1132556e-02
   4.1377305e-02
   4.1511896e-02
   4.1536020e-02
   4.1450158e-02
   4.1255564e-02
   4.0954244e-02
   4.0548931e-02
   4.0043058e-02
   3.9440720e-02
   3.8746643e-02
   3.7966136e-02
   3.7105056e-02
   3.6169755e-02
   3.5167039e-02
   3.4104114e-02
   3.2988539e-02
   3.1828171e-02
   3.0631113e-02
   2.9405662e-02
   2.8160253e-02
   2.6903407e-02
   2.5643674e-02
   2.4389580e-02
   2.3149575e-02
   2.1931978e-02
   2.0744927e-02
   1.9596326e-02
   1.8493797e-02
   1.7444630e-02
   1.6455741e-02
   1.5533623e-02
   1.4684309e-02
   1.3913327e-02
   1.3225670e-02
   1.2625756e-02
   1.2117401e-02
   1.1703791e-02
   1.1387458e-02
   1.1170256e-02
   1.1053352e-02
   1.1037203e-02
   1.1121556e-02
   1.1305436e-02
   1.1587151e-02
   1.1964293e-02
   1.2433750e-02
   1.2991720e-02
   1.3633735e-02
   1.4354684e-02
   1.5148852e-02
   1.6009957e-02
   1.6931200e-02
   1.7905318e-02
   1.8924648e-02
   1.9981189e-02
   2.1066686e-02
   2.2172704e-02
   2.3290721e-02
   2.4412217e-02
   2.5528773e-02
   2.6632171e-02
   2.7714499e-02
   2.8768249e-02
   2.9786426e-02
   3.0762642e-02
   3.1691213e-02
   3.2567245e-02
   3.3386713e-02
   3.4146527e-02
   3.4844587e-02
   3.5479817e-02
   3.6052187e-02
   3.6562714e-02
   3.7013443e-02
   3.7407406e-02
   3.7748562e-02
   3.8041711e-02
   3.8292398e-02
   3.8506782e-02
   3.8691505e-02
   3.8853535e-02
   3.9000002e-02
   3.9138025e-02
   3.9274539e-02
   3.9416113e-02
   3.9568784e-02
   3.9737893e-02
   3.9927935e-02
   4.0142428e-02
   4.0383807e-02
   4.0653333e-02
   4.0951037e-02
   4.1275691e-02
   4.1624807e-02
   4.1994670e-02
   4.2380393e-02
   4.2776012e-02
   4.3174597e-02
   4.3568390e-02
   4.3948961e-02
   4.4307385e-02
   4.4634423e-02
   4.4920712e-02
   4.5156964e-02
   4.5334149e-02
   4.5443684e-02
   4.5477606e-02
   4.5428726e-02
   4.5290775e-02
   4.5058521e-02
   4.4727871e-02
   4.4295942e-02
   4.3761117e-02
   4.3123072e-02
   4.2382780e-02
   4.1542493e-02
   4.0605704e-02
   3.9577095e-02
   3.8462456e-02
   3.7268604e-02
   3.6003284e-02
   3.4675056e-02
   3.3293185e-02
   3.1867522e-02
   3.0408378e-02
   2.8926409e-02
   2.7432493e-02
   2.5937614e-02
   2.4452752e-02
   2.2988776e-02
   2.1556343e-02
   2.0165811e-02
   1.8827147e-02
   1.7549858e-02
   1.6342913e-02
   1.5214688e-02
   1.4172910e-02
   1.3224608e-02
