   5.9697421e-01
   5.9246357e-01
   5.8805690e-01
   5.8377656e-01
   5.7964190e-01
   5.7566932e-01
   5.7187233e-01
   5.6826156e-01
   5.6484490e-01
   5.6162752e-01
   5.5861199e-01
   5.5579835e-01
   5.5318430e-01
   5.5076526e-01
   5.4853459e-01
   5.4648374e-01
   5.4460246e-01
   5.4287905e-01
   5.4130061e-01
   5.3985333e-01
   5.3852278e-01
   5.3729427e-01
   5.3615314e-01
   5.3508513e-01
   5.3407673e-01
   5.3311548e-01
   5.3219031e-01
   5.3129178e-01
   5.3041232e-01
   5.2954644e-01
   5.2869079e-01
   5.2784427e-01
   5.2700795e-01
   5.2618502e-01
   5.2538057e-01
   5.2460141e-01
   5.2385568e-01
   5.2315257e-01
   5.2250186e-01
   5.2191354e-01
   5.2139735e-01
   5.2096239e-01
   5.2061668e-01
   5.2036687e-01
   5.2021788e-01
   5.2017276e-01
   5.2023251e-01
   5.2039604e-01
   5.2066024e-01
   5.2102009e-01
   5.2146888e-01
   5.2199851e-01
   5.2259987e-01
   5.2326314e-01
   5.2397834e-01
   5.2473565e-01
   5.2552590e-01
   5.2634094e-01
   5.2717401e-01
   5.2802006e-01
   5.2887593e-01
   5.2974062e-01
   5.3061529e-01
   5.3150335e-01
   5.3241038e-01
   5.3334401e-01
   5.3431375e-01
   5.3533075e-01
   5.3640754e-01
   5.3755769e-01
   5.3879553e-01
   5.4013575e-01
   5.4159310e-01
   5.4318204e-01
   5.4491641e-01
   5.4680914e-01
   5.4887194e-01
   5.5111504e-01
   5.5354700e-01
   5.5617444e-01
   5.5900191e-01
   5.6203170e-01
   5.6526370e-01
   5.6869529e-01
   5.7232125e-01
   5.7613364e-01
   5.8012172e-01
   5.8427192e-01
   5.8856774e-01
   5.9298974e-01
   5.9751545e-01
   6.0211943e-01
   6.0677320e-01
   6.1144530e-01
   6.1610133e-01
   6.2070405e-01
   6.2521351e-01
   6.2958723e-01
   6.3378048e-01
   6.3774654e-01
   6.4143713e-01
   6.4480288e-01
   6.4779389e-01
   6.5036037e-01
   6.5245340e-01
   6.5402575e-01
   6.5503278e-01
   6.5543346e-01
   6.5519139e-01
   6.5427587e-01
   6.5266303e-01
   6.5033689e-01
   6.4729038e-01
   6.4352636e-01
   6.3905842e-01
   6.3391157e-01
   6.2812274e-01
   6.2174108e-01
   6.1482790e-01
   6.0745646e-01
   5.9971130e-01
   5.9168738e-01
   5.8348881e-01
   5.7522732e-01
   5.6702037e-01
   5.5898910e-01
   5.5125596e-01
   5.4394231e-01
   5.3716577e-01
   5.3103769e-01
   5.2566064e-01
   5.2112597e-01
   5.1751169e-01
   5.1488053e-01
   5.1327843e-01
   5.1273342e-01
   5.1325487e-01
   5.1483329e-01
   5.1744056e-01
   5.2103063e-01
   5.2554069e-01
   5.3089268e-01
   5.3699520e-01
   5.4374569e-01
   5.5103283e-01
   5.5873901e-01
   5.6674299e-01
   5.7492242e-01
   5.8315628e-01
   5.9132727e-01
   5.9932382e-01
   6.0704202e-01
   6.1438710e-01
   6.2127469e-01
   6.2763176e-01
   6.3339715e-01
   6.3852191e-01
   6.4296927e-01
   6.4671435e-01
   6.4974369e-01
   6.5205455e-01
   6.5365407e-01
   6.5455827e-01
   6.5479108e-01
   6.5438319e-01
   6.5337100e-01
   6.5179551e-01
   6.4970130e-01
   6.4713553e-01
   6.4414704e-01
   6.4078552e-01
   6.3710077e-01
   6.3314205e-01
   6.2895750e-01
   6.2459372e-01
   6.2009531e-01
   6.1550463e-01
   6.1086150e-01
   6.0620302e-01
   6.0156348e-01
   5.9697421e-01
