   4.3397929e-02
   4.2858297e-02
   4.2259713e-02
   4.1606787e-02
   4.0904117e-02
   4.0156263e-02
   3.9367719e-02
   3.8542893e-02
   3.7686092e-02
   3.6801505e-02
   3.5893195e-02
   3.4965088e-02
   3.4020968e-02
   3.3064475e-02
   3.2099096e-02
   3.1128171e-02
   3.0154887e-02
   2.9182278e-02
   2.8213227e-02
   2.7250464e-02
   2.6296568e-02
   2.5353965e-02
   2.4424932e-02
   2.3511591e-02
   2.2615918e-02
   2.1739735e-02
   2.0884718e-02
   2.0052396e-02
   1.9244155e-02
   1.8461241e-02
   1.7704766e-02
   1.6975712e-02
   1.6274945e-02
   1.5603218e-02
   1.4961185e-02
   1.4349414e-02
   1.3768399e-02
   1.3218576e-02
   1.2700340e-02
   1.2214058e-02
   1.1760088e-02
   1.1338798e-02
   1.0950575e-02
   1.0595848e-02
   1.0275096e-02
   9.9888636e-03
   9.7377687e-03
   9.5225108e-03
   9.3438758e-03
   9.2027375e-03
   9.1000568e-03
   9.0368770e-03
   9.0143167e-03
   9.0335586e-03
   9.0958370e-03
   9.2024207e-03
   9.3545950e-03
   9.5536411e-03
   9.8008130e-03
   1.0097314e-02
   1.0444271e-02
   1.0842711e-02
   1.1293532e-02
   1.1797478e-02
   1.2355114e-02
   1.2966800e-02
   1.3632668e-02
   1.4352596e-02
   1.5126190e-02
   1.5952757e-02
   1.6831293e-02
   1.7760461e-02
   1.8738574e-02
   1.9763585e-02
   2.0833072e-02
   2.1944227e-02
   2.3093848e-02
   2.4278337e-02
   2.5493690e-02
   2.6735501e-02
   2.7998962e-02
   2.9278868e-02
   3.0569628e-02
   3.1865274e-02
   3.3159483e-02
   3.4445594e-02
   3.5716635e-02
   3.6965356e-02
   3.8184266e-02
   3.9365674e-02
   4.0501737e-02
   4.1584518e-02
   4.2606043e-02
   4.3558367e-02
   4.4433645e-02
   4.5224211e-02
   4.5922654e-02
   4.6521907e-02
   4.7015332e-02
   4.7396807e-02
   4.7660821e-02
   4.7802558e-02
   4.7817989e-02
   4.7703952e-02
   4.7458234e-02
   4.7079646e-02
   4.6568082e-02
   4.5924579e-02
   4.5151361e-02
   4.4251871e-02
   4.3230787e-02
   4.2094027e-02
   4.0848737e-02
   3.9503261e-02
   3.8067095e-02
   3.6550825e-02
   3.4966045e-02
   3.3325262e-02
   3.1641783e-02
   2.9929586e-02
   2.8203185e-02
   2.6477472e-02
   2.4767559e-02
   2.3088611e-02
   2.1455668e-02
   1.9883478e-02
   1.8386313e-02
   1.6977806e-02
   1.5670781e-02
   1.4477103e-02
   1.3407528e-02
   1.2471577e-02
   1.1677422e-02
   1.1031789e-02
   1.0539887e-02
   1.0205347e-02
   1.0030195e-02
   1.0014838e-02
   1.0158077e-02
   1.0457140e-02
   1.0907738e-02
   1.1504136e-02
   1.2239248e-02
   1.3104744e-02
   1.4091174e-02
   1.5188100e-02
   1.6384245e-02
   1.7667638e-02
   1.9025774e-02
   2.0445769e-02
   2.1914515e-02
   2.3418835e-02
   2.4945627e-02
   2.6482007e-02
   2.8015438e-02
   2.9533848e-02
   3.1025742e-02
   3.2480290e-02
   3.3887413e-02
   3.5237849e-02
   3.6523203e-02
   3.7735986e-02
   3.8869640e-02
   3.9918552e-02
   4.0878046e-02
   4.1744379e-02
   4.2514709e-02
   4.3187073e-02
   4.3760336e-02
   4.4234152e-02
   4.4608907e-02
   4.4885664e-02
   4.5066101e-02
   4.5152453e-02
   4.5147445e-02
   4.5054229e-02
   4.4876329e-02
   4.4617573e-02
   4.4282044e-02
   4.3874020e-02
   4.3397929e-02
