   1.0309792e+00
   1.0926942e+00
   1.1677100e+00
   1.2542447e+00
   1.3505992e+00
   1.4551693e+00
   1.5664560e+00
   1.6830713e+00
   1.8037416e+00
   1.9273085e+00
   2.0527248e+00
   2.1790476e+00
   2.3054261e+00
   2.4310848e+00
   2.5553008e+00
   2.6773772e+00
   2.7966101e+00
   2.9122535e+00
   3.0234824e+00
   3.1293563e+00
   3.2287881e+00
   3.3205204e+00
   3.4031158e+00
   3.4749624e+00
   3.5343013e+00
   3.5792774e+00
   3.6080141e+00
   3.6187136e+00
   3.6097773e+00
   3.5799417e+00
   3.5284225e+00
   3.4550546e+00
   3.3604181e+00
   3.2459358e+00
   3.1139314e+00
   2.9676369e+00
   2.8111420e+00
   2.6492821e+00
   2.4874655e+00
   2.3314478e+00
   2.1870633e+00
   2.0599321e+00
   1.9551605e+00
   1.8770572e+00
   1.8288864e+00
   1.8126764e+00
   1.8290989e+00
   1.8774294e+00
   1.9555906e+00
   2.0602764e+00
   2.1871458e+00
   2.3310726e+00
   2.4864299e+00
   2.6473899e+00
   2.8082166e+00
   2.9635325e+00
   3.1085423e+00
   3.2392026e+00
   3.3523316e+00
   3.4456561e+00
   3.5178019e+00
   3.5682327e+00
   3.5971506e+00
   3.6053691e+00
   3.5941720e+00
   3.5651690e+00
   3.5201603e+00
   3.4610167e+00
   3.3895806e+00
   3.3075923e+00
   3.2166405e+00
   3.1181371e+00
   3.0133116e+00
   2.9032231e+00
   2.7887844e+00
   2.6707944e+00
   2.5499748e+00
   2.4270074e+00
   2.3025700e+00
   2.1773683e+00
   2.0521638e+00
   1.9277953e+00
   1.8051962e+00
   1.6854056e+00
   1.5695759e+00
   1.4589756e+00
   1.3549888e+00
   1.2591116e+00
   1.1729453e+00
   1.0981872e+00
   1.0366171e+00
   9.9008112e-01
   9.6047087e-01
   9.4969719e-01
   9.5965873e-01
   9.9220391e-01
   1.0490861e+00
   1.1319113e+00
   1.2420783e+00
   1.3807099e+00
   1.5485770e+00
   1.7460159e+00
   1.9728404e+00
   2.2282516e+00
   2.5107501e+00
   2.8180529e+00
   3.1470225e+00
   3.4936136e+00
   3.8528448e+00
   4.2188021e+00
   4.5846825e+00
   4.9428838e+00
   5.2851463e+00
   5.6027503e+00
   5.8867692e+00
   6.1283758e+00
   6.3191953e+00
   6.4516919e+00
   6.5195748e+00
   6.5182014e+00
   6.4449548e+00
   6.2995687e+00
   6.0843731e+00
   5.8044365e+00
   5.4675809e+00
   5.0842559e+00
   4.6672630e+00
   4.2313333e+00
   3.7925700e+00
   3.3677789e+00
   2.9737209e+00
   2.6263261e+00
   2.3399168e+00
   2.1264862e+00
   1.9950808e+00
   1.9513263e+00
   1.9971290e+00
   2.1305743e+00
   2.3460278e+00
   2.6344319e+00
   2.9837798e+00
   3.3797331e+00
   3.8063419e+00
   4.2468234e+00
   4.6843474e+00
   5.1027857e+00
   5.4873822e+00
   5.8253117e+00
   6.1061037e+00
   6.3219193e+00
   6.4676780e+00
   6.5410432e+00
   6.5422808e+00
   6.4740135e+00
   6.3408953e+00
   6.1492341e+00
   5.9065870e+00
   5.6213542e+00
   5.3023905e+00
   4.9586520e+00
   4.5988886e+00
   4.2313893e+00
   3.8637847e+00
   3.5029044e+00
   3.1546863e+00
   2.8241334e+00
   2.5153093e+00
   2.2313670e+00
   1.9746021e+00
   1.7465241e+00
   1.5479393e+00
   1.3790392e+00
   1.2394911e+00
   1.1285262e+00
   1.0450226e+00
   9.8758191e-01
   9.5459766e-01
   9.4431594e-01
   9.5488747e-01
   9.8441259e-01
   1.0309792e+00
