   8.9128069e-01
   8.4878006e-01
   8.1198378e-01
   7.8091272e-01
   7.5551885e-01
   7.3568695e-01
   7.2123644e-01
   7.1192346e-01
   7.0744341e-01
   7.0743432e-01
   7.1148116e-01
   7.1912136e-01
   7.2985166e-01
   7.4313634e-01
   7.5841676e-01
   7.7512217e-01
   7.9268140e-01
   8.1053509e-01
   8.2814796e-01
   8.4502053e-01
   8.6069968e-01
   8.7478736e-01
   8.8694698e-01
   8.9690699e-01
   9.0446138e-01
   9.0946717e-01
   9.1183911e-01
   9.1154218e-01
   9.0858261e-01
   9.0299863e-01
   8.9485184e-01
   8.8422052e-01
   8.7119578e-01
   8.5588127e-01
   8.3839678e-01
   8.1888554e-01
   7.9752457e-01
   7.7453679e-01
   7.5020330e-01
   7.2487397e-01
   6.9897427e-01
   6.7300655e-01
   6.4754434e-01
   6.2321882e-01
   6.0069736e-01
   5.8065492e-01
   5.6373987e-01
   5.5053658e-01
   5.4152763e-01
   5.3705861e-01
   5.3730890e-01
   5.4227076e-01
   5.5173914e-01
   5.6531330e-01
   5.8241068e-01
   6.0229213e-01
   6.2409712e-01
   6.4688641e-01
   6.6968932e-01
   6.9155245e-01
   7.1158661e-01
   7.2900917e-01
   7.4317924e-01
   7.5362421e-01
   7.6005632e-01
   7.6237913e-01
   7.6068441e-01
   7.5524016e-01
   7.4647148e-01
   7.3493595e-01
   7.2129524e-01
   7.0628504e-01
   6.9068476e-01
   6.7528858e-01
   6.6087903e-01
   6.4820376e-01
   6.3795621e-01
   6.3076018e-01
   6.2715833e-01
   6.2760443e-01
   6.3245872e-01
   6.4198615e-01
   6.5635668e-01
   6.7564735e-01
   6.9984538e-01
   7.2885193e-01
   7.6248618e-01
   8.0048930e-01
   8.4252821e-01
   8.8819905e-01
   9.3703024e-01
   9.8848538e-01
   1.0419660e+00
   1.0968147e+00
   1.1523183e+00
   1.2077122e+00
   1.2621860e+00
   1.3148900e+00
   1.3649442e+00
   1.4114492e+00
   1.4534993e+00
   1.4901986e+00
   1.5206793e+00
   1.5441224e+00
   1.5597806e+00
   1.5670026e+00
   1.5652582e+00
   1.5541637e+00
   1.5335051e+00
   1.5032595e+00
   1.4636127e+00
   1.4149705e+00
   1.3579650e+00
   1.2934516e+00
   1.2224988e+00
   1.1463685e+00
   1.0664880e+00
   9.8441349e-01
   9.0178726e-01
   8.2028977e-01
   7.4158905e-01
   6.6729009e-01
   5.9888706e-01
   5.3772098e-01
   4.8494537e-01
   4.4150182e-01
   4.0810660e-01
   3.8524881e-01
   3.7319947e-01
   3.7202986e-01
   3.8163703e-01
   4.0177342e-01
   4.3207780e-01
   4.7210438e-01
   5.2134742e-01
   5.7925934e-01
   6.4526079e-01
   7.1874241e-01
   7.9905896e-01
   8.8551737e-01
   9.7736096e-01
   1.0737528e+00
   1.1737608e+00
   1.2763476e+00
   1.3803675e+00
   1.4845714e+00
   1.5876214e+00
   1.6881146e+00
   1.7846141e+00
   1.8756867e+00
   1.9599446e+00
   2.0360879e+00
   2.1029455e+00
   2.1595121e+00
   2.2049794e+00
   2.2387589e+00
   2.2604958e+00
   2.2700746e+00
   2.2676145e+00
   2.2534580e+00
   2.2281512e+00
   2.1924192e+00
   2.1471381e+00
   2.0933036e+00
   2.0320000e+00
   1.9643688e+00
   1.8915801e+00
   1.8148061e+00
   1.7351979e+00
   1.6538661e+00
   1.5718653e+00
   1.4901815e+00
   1.4097241e+00
   1.3313191e+00
   1.2557070e+00
   1.1835408e+00
   1.1153866e+00
   1.0517256e+00
   9.9295556e-01
   9.3939403e-01
   8.9128069e-01
