   4.3898541e-02
   3.9123246e-02
   3.4818146e-02
   3.1001409e-02
   2.7688868e-02
   2.4894053e-02
   2.2628188e-02
   2.0900176e-02
   1.9716534e-02
   1.9081313e-02
   1.8995982e-02
   1.9459288e-02
   2.0467092e-02
   2.2012197e-02
   2.4084153e-02
   2.6669080e-02
   2.9749482e-02
   3.3304087e-02
   3.7307712e-02
   4.1731165e-02
   4.6541202e-02
   5.1700540e-02
   5.7167946e-02
   6.2898406e-02
   6.8843377e-02
   7.4951138e-02
   8.1167235e-02
   8.7435007e-02
   9.3696217e-02
   9.9891742e-02
   1.0596234e-01
   1.1184947e-01
   1.1749612e-01
   1.2284764e-01
   1.2785260e-01
   1.3246356e-01
   1.3663780e-01
   1.4033792e-01
   1.4353241e-01
   1.4619601e-01
   1.4830998e-01
   1.4986223e-01
   1.5084730e-01
   1.5126619e-01
   1.5112604e-01
   1.5043980e-01
   1.4922564e-01
   1.4750644e-01
   1.4530915e-01
   1.4266414e-01
   1.3960455e-01
   1.3616564e-01
   1.3238422e-01
   1.2829812e-01
   1.2394566e-01
   1.1936528e-01
   1.1459522e-01
   1.0967321e-01
   1.0463631e-01
   9.9520750e-02
   9.4361860e-02
   8.9194015e-02
   8.4050613e-02
   7.8964073e-02
   7.3965839e-02
   6.9086382e-02
   6.4355199e-02
   5.9800784e-02
   5.5450602e-02
   5.1331027e-02
   4.7467274e-02
   4.3883303e-02
   4.0601723e-02
   3.7643665e-02
   3.5028670e-02
   3.2774554e-02
   3.0897286e-02
   2.9410864e-02
   2.8327187e-02
   2.7655941e-02
   2.7404471e-02
   2.7577655e-02
   2.8177778e-02
   2.9204401e-02
   3.0654250e-02
   3.2521118e-02
   3.4795778e-02
   3.7465922e-02
   4.0516103e-02
   4.3927701e-02
   4.7678898e-02
   5.1744666e-02
   5.6096789e-02
   6.0703902e-02
   6.5531574e-02
   7.0542426e-02
   7.5696310e-02
   8.0950531e-02
   8.6260148e-02
   9.1578338e-02
   9.6856842e-02
   1.0204649e-01
   1.0709781e-01
   1.1196174e-01
   1.1659036e-01
   1.2093778e-01
   1.2496105e-01
   1.2862110e-01
   1.3188373e-01
   1.3472059e-01
   1.3711017e-01
   1.3903868e-01
   1.4050087e-01
   1.4150070e-01
   1.4205187e-01
   1.4217808e-01
   1.4191316e-01
   1.4130079e-01
   1.4039407e-01
   1.3925468e-01
   1.3795177e-01
   1.3656060e-01
   1.3516081e-01
   1.3383453e-01
   1.3266424e-01
   1.3173057e-01
   1.3110996e-01
   1.3087236e-01
   1.3107907e-01
   1.3178067e-01
   1.3301530e-01
   1.3480719e-01
   1.3716562e-01
   1.4008432e-01
   1.4354128e-01
   1.4749907e-01
   1.5190566e-01
   1.5669559e-01
   1.6179165e-01
   1.6710680e-01
   1.7254640e-01
   1.7801067e-01
   1.8339714e-01
   1.8860324e-01
   1.9352876e-01
   1.9807811e-01
   2.0216247e-01
   2.0570159e-01
   2.0862532e-01
   2.1087473e-01
   2.1240293e-01
   2.1317555e-01
   2.1317082e-01
   2.1237934e-01
   2.1080366e-01
   2.0845749e-01
   2.0536479e-01
   2.0155872e-01
   1.9708046e-01
   1.9197796e-01
   1.8630473e-01
   1.8011859e-01
   1.7348050e-01
   1.6645348e-01
   1.5910160e-01
   1.5148904e-01
   1.4367936e-01
   1.3573483e-01
   1.2771583e-01
   1.1968045e-01
   1.1168412e-01
   1.0377942e-01
   9.6015838e-02
   8.8439753e-02
   8.1094362e-02
   7.4019719e-02
   6.7252788e-02
   6.0827527e-02
   5.4774997e-02
   4.9123468e-02
   4.3898541e-02
