   5.7576572e-01
   5.6034647e-01
   5.4760715e-01
   5.3776847e-01
   5.3100689e-01
   5.2745260e-01
   5.2718758e-01
   5.3024355e-01
   5.3659970e-01
   5.4618011e-01
   5.5885083e-01
   5.7441661e-01
   5.9261756e-01
   6.1312588e-01
   6.3554303e-01
   6.5939795e-01
   6.8414666e-01
   7.0917402e-01
   7.3379817e-01
   7.5727832e-01
   7.7882629e-01
   7.9762227e-01
   8.1283481e-01
   8.2364511e-01
   8.2927499e-01
   8.2901796e-01
   8.2227221e-01
   8.0857419e-01
   7.8763100e-01
   7.5934986e-01
   7.2386258e-01
   6.8154312e-01
   6.3301653e-01
   5.7915769e-01
   5.2107896e-01
   4.6010614e-01
   3.9774303e-01
   3.3562543e-01
   2.7546618e-01
   2.1899339e-01
   1.6788478e-01
   1.2370120e-01
   8.7822667e-02
   6.1390260e-02
   4.5256551e-02
   3.9947356e-02
   4.5640728e-02
   6.2162422e-02
   8.8989845e-02
   1.2527304e-01
   1.6987274e-01
   2.2140970e-01
   2.7832265e-01
   3.3893216e-01
   4.0150712e-01
   4.6433051e-01
   5.2576129e-01
   5.8428952e-01
   6.3858267e-01
   6.8752132e-01
   7.3022345e-01
   7.6605713e-01
   7.9464205e-01
   8.1584081e-01
   8.2974158e-01
   8.3663378e-01
   8.3697876e-01
   8.3137739e-01
   8.2053655e-01
   8.0523606e-01
   7.8629753e-01
   7.6455620e-01
   7.4083657e-01
   7.1593217e-01
   6.9058966e-01
   6.6549702e-01
   6.4127567e-01
   6.1847579e-01
   5.9757444e-01
   5.7897578e-01
   5.6301282e-01
   5.4995010e-01
   5.3998695e-01
   5.3326079e-01
   5.2985036e-01
   5.2977870e-01
   5.3301570e-01
   5.3948050e-01
   5.4904346e-01
   5.6152828e-01
   5.7671399e-01
   5.9433736e-01
   6.1409554e-01
   6.3564937e-01
   6.5862717e-01
   6.8262926e-01
   7.0723306e-01
   7.3199882e-01
   7.5647580e-01
   7.8020883e-01
   8.0274501e-01
   8.2364048e-01
   8.4246700e-01
   8.5881818e-01
   8.7231537e-01
   8.8261281e-01
   8.8940235e-01
   8.9241739e-01
   8.9143633e-01
   8.8628546e-01
   8.7684141e-01
   8.6303335e-01
   8.4484499e-01
   8.2231648e-01
   7.9554639e-01
   7.6469352e-01
   7.2997882e-01
   6.9168694e-01
   6.5016747e-01
   6.0583538e-01
   5.5917049e-01
   5.1071551e-01
   4.6107226e-01
   4.1089596e-01
   3.6088707e-01
   3.1178082e-01
   2.6433429e-01
   2.1931134e-01
   1.7746563e-01
   1.3952240e-01
   1.0615953e-01
   7.7988841e-02
   5.5538244e-02
   3.9235778e-02
   2.9396117e-02
   2.6210340e-02
   2.9740193e-02
   3.9916710e-02
   5.6541812e-02
   7.9294353e-02
   1.0774060e-01
   1.4134790e-01
   1.7950081e-01
   2.2151897e-01
   2.6667593e-01
   3.1421798e-01
   3.6338236e-01
   4.1341408e-01
   4.6358082e-01
   5.1318572e-01
   5.6157764e-01
   6.0815906e-01
   6.5239170e-01
   6.9380002e-01
   7.3197308e-01
   7.6656496e-01
   7.9729418e-01
   8.2394242e-01
   8.4635291e-01
   8.6442858e-01
   8.7813017e-01
   8.8747433e-01
   8.9253180e-01
   8.9342543e-01
   8.9032809e-01
   8.8346023e-01
   8.7308707e-01
   8.5951526e-01
   8.4308889e-01
   8.2418493e-01
   8.0320799e-01
   7.8058453e-01
   7.5675667e-01
   7.3217554e-01
   7.0729461e-01
   6.8256296e-01
   6.5841873e-01
   6.3528299e-01
   6.1355401e-01
   5.9360223e-01
   5.7576572e-01
