   1.3916927e-01
   1.2241077e-01
   1.0737301e-01
   9.4109697e-02
   8.2669215e-02
   7.3094815e-02
   6.5424607e-02
   5.9691405e-02
   5.5922413e-02
   5.4138704e-02
   5.4354511e-02
   5.6576341e-02
   6.0801981e-02
   6.7019396e-02
   7.5205561e-02
   8.5325190e-02
   9.7329419e-02
   1.1115447e-01
   1.2672042e-01
   1.4393001e-01
   1.6266781e-01
   1.8279955e-01
   2.0417185e-01
   2.2661242e-01
   2.4993073e-01
   2.7391924e-01
   2.9835521e-01
   3.2300316e-01
   3.4761788e-01
   3.7194803e-01
   3.9574021e-01
   4.1874351e-01
   4.4071417e-01
   4.6142055e-01
   4.8064793e-01
   4.9820311e-01
   5.1391858e-01
   5.2765616e-01
   5.3930980e-01
   5.4880753e-01
   5.5611239e-01
   5.6122238e-01
   5.6416927e-01
   5.6501642e-01
   5.6385573e-01
   5.6080373e-01
   5.5599710e-01
   5.4958782e-01
   5.4173804e-01
   5.3261508e-01
   5.2238664e-01
   5.1121650e-01
   4.9926076e-01
   4.8666493e-01
   4.7356174e-01
   4.6006985e-01
   4.4629340e-01
   4.3232231e-01
   4.1823332e-01
   4.0409150e-01
   3.8995227e-01
   3.7586365e-01
   3.6186861e-01
   3.4800740e-01
   3.3431973e-01
   3.2084669e-01
   3.0763231e-01
   2.9472472e-01
   2.8217688e-01
   2.7004691e-01
   2.5839794e-01
   2.4729763e-01
   2.3681736e-01
   2.2703113e-01
   2.1801428e-01
   2.0984202e-01
   2.0258793e-01
   1.9632238e-01
   1.9111106e-01
   1.8701344e-01
   1.8408143e-01
   1.8235812e-01
   1.8187664e-01
   1.8265915e-01
   1.8471600e-01
   1.8804501e-01
   1.9263089e-01
   1.9844484e-01
   2.0544419e-01
   2.1357231e-01
   2.2275855e-01
   2.3291837e-01
   2.4395368e-01
   2.5575325e-01
   2.6819344e-01
   2.8113907e-01
   2.9444453e-01
   3.0795524e-01
   3.2150931e-01
   3.3493958e-01
   3.4807597e-01
   3.6074815e-01
   3.7278858e-01
   3.8403579e-01
   3.9433803e-01
   4.0355708e-01
   4.1157220e-01
   4.1828418e-01
   4.2361929e-01
   4.2753308e-01
   4.3001375e-01
   4.3108513e-01
   4.3080890e-01
   4.2928600e-01
   4.2665706e-01
   4.2310168e-01
   4.1883646e-01
   4.1411177e-01
   4.0920710e-01
   4.0442518e-01
   4.0008484e-01
   3.9651283e-01
   3.9403473e-01
   3.9296533e-01
   3.9359874e-01
   3.9619851e-01
   4.0098830e-01
   4.0814330e-01
   4.1778290e-01
   4.2996485e-01
   4.4468126e-01
   4.6185656e-01
   4.8134761e-01
   5.0294598e-01
   5.2638237e-01
   5.5133293e-01
   5.7742736e-01
   6.0425844e-01
   6.3139256e-01
   6.5838098e-01
   6.8477123e-01
   7.1011844e-01
   7.3399597e-01
   7.5600517e-01
   7.7578394e-01
   7.9301374e-01
   8.0742512e-01
   8.1880148e-01
   8.2698113e-01
   8.3185785e-01
   8.3337983e-01
   8.3154738e-01
   8.2640944e-01
   8.1805929e-01
   8.0662953e-01
   7.9228666e-01
   7.7522546e-01
   7.5566332e-01
   7.3383479e-01
   7.0998631e-01
   6.8437150e-01
   6.5724676e-01
   6.2886756e-01
   5.9948512e-01
   5.6934383e-01
   5.3867901e-01
   5.0771533e-01
   4.7666559e-01
   4.4572999e-01
   4.1509568e-01
   3.8493670e-01
   3.5541410e-01
   3.2667632e-01
   2.9885973e-01
   2.7208920e-01
   2.4647889e-01
   2.2213295e-01
   1.9914633e-01
   1.7760551e-01
   1.5758926e-01
   1.3916927e-01
