   2.5081312e-01
   2.4940257e-01
   2.4803859e-01
   2.4672971e-01
   2.4548332e-01
   2.4430575e-01
   2.4320217e-01
   2.4217669e-01
   2.4123231e-01
   2.4037098e-01
   2.3959363e-01
   2.3890023e-01
   2.3828983e-01
   2.3776067e-01
   2.3731017e-01
   2.3693509e-01
   2.3663157e-01
   2.3639523e-01
   2.3622124e-01
   2.3610446e-01
   2.3603947e-01
   2.3602071e-01
   2.3604257e-01
   2.3609942e-01
   2.3618577e-01
   2.3629627e-01
   2.3642585e-01
   2.3656972e-01
   2.3672345e-01
   2.3688298e-01
   2.3704468e-01
   2.3720536e-01
   2.3736226e-01
   2.3751303e-01
   2.3765575e-01
   2.3778888e-01
   2.3791124e-01
   2.3802196e-01
   2.3812042e-01
   2.3820624e-01
   2.3827919e-01
   2.3833919e-01
   2.3838622e-01
   2.3842031e-01
   2.3844151e-01
   2.3844985e-01
   2.3844533e-01
   2.3842793e-01
   2.3839759e-01
   2.3835425e-01
   2.3829788e-01
   2.3822845e-01
   2.3814607e-01
   2.3805092e-01
   2.3794340e-01
   2.3782411e-01
   2.3769392e-01
   2.3755401e-01
   2.3740594e-01
   2.3725164e-01
   2.3709345e-01
   2.3693414e-01
   2.3677694e-01
   2.3662549e-01
   2.3648386e-01
   2.3635651e-01
   2.3624823e-01
   2.3616414e-01
   2.3610959e-01
   2.3609010e-01
   2.3611130e-01
   2.3617884e-01
   2.3629829e-01
   2.3647507e-01
   2.3671435e-01
   2.3702095e-01
   2.3739927e-01
   2.3785317e-01
   2.3838589e-01
   2.3899999e-01
   2.3969724e-01
   2.4047859e-01
   2.4134405e-01
   2.4229267e-01
   2.4332248e-01
   2.4443046e-01
   2.4561250e-01
   2.4686337e-01
   2.4817674e-01
   2.4954518e-01
   2.5096013e-01
   2.5241201e-01
   2.5389019e-01
   2.5538311e-01
   2.5687833e-01
   2.5836262e-01
   2.5982207e-01
   2.6124225e-01
   2.6260831e-01
   2.6390518e-01
   2.6511774e-01
   2.6623100e-01
   2.6723035e-01
   2.6810172e-01
   2.6883188e-01
   2.6940863e-01
   2.6982107e-01
   2.7005983e-01
   2.7011728e-01
   2.6998782e-01
   2.6966799e-01
   2.6915676e-01
   2.6845558e-01
   2.6756859e-01
   2.6650265e-01
   2.6526738e-01
   2.6387516e-01
   2.6234107e-01
   2.6068276e-01
   2.5892025e-01
   2.5707575e-01
   2.5517333e-01
   2.5323859e-01
   2.5129828e-01
   2.4937990e-01
   2.4751120e-01
   2.4571971e-01
   2.4403228e-01
   2.4247456e-01
   2.4107053e-01
   2.3984203e-01
   2.3880835e-01
   2.3798581e-01
   2.3738748e-01
   2.3702289e-01
   2.3689783e-01
   2.3701426e-01
   2.3737023e-01
   2.3795996e-01
   2.3877392e-01
   2.3979906e-01
   2.4101906e-01
   2.4241465e-01
   2.4396400e-01
   2.4564316e-01
   2.4742650e-01
   2.4928719e-01
   2.5119771e-01
   2.5313035e-01
   2.5505763e-01
   2.5695285e-01
   2.5879041e-01
   2.6054628e-01
   2.6219829e-01
   2.6372644e-01
   2.6511311e-01
   2.6634324e-01
   2.6740448e-01
   2.6828722e-01
   2.6898463e-01
   2.6949259e-01
   2.6980964e-01
   2.6993684e-01
   2.6987763e-01
   2.6963764e-01
   2.6922447e-01
   2.6864748e-01
   2.6791757e-01
   2.6704693e-01
   2.6604876e-01
   2.6493711e-01
   2.6372657e-01
   2.6243210e-01
   2.6106879e-01
   2.5965169e-01
   2.5819560e-01
   2.5671494e-01
   2.5522357e-01
   2.5373467e-01
   2.5226068e-01
   2.5081312e-01
