   3.7064456e-01
   3.6682718e-01
   3.6301633e-01
   3.5923892e-01
   3.5551955e-01
   3.5188039e-01
   3.4834117e-01
   3.4491909e-01
   3.4162892e-01
   3.3848293e-01
   3.3549104e-01
   3.3266088e-01
   3.2999787e-01
   3.2750538e-01
   3.2518485e-01
   3.2303597e-01
   3.2105679e-01
   3.1924393e-01
   3.1759273e-01
   3.1609743e-01
   3.1475134e-01
   3.1354700e-01
   3.1247636e-01
   3.1153092e-01
   3.1070187e-01
   3.0998027e-01
   3.0935712e-01
   3.0882351e-01
   3.0837070e-01
   3.0799023e-01
   3.0767400e-01
   3.0741429e-01
   3.0720384e-01
   3.0703590e-01
   3.0690423e-01
   3.0680313e-01
   3.0672743e-01
   3.0667253e-01
   3.0663434e-01
   3.0660932e-01
   3.0659443e-01
   3.0658714e-01
   3.0658539e-01
   3.0658759e-01
   3.0659263e-01
   3.0659982e-01
   3.0660892e-01
   3.0662014e-01
   3.0663411e-01
   3.0665194e-01
   3.0667517e-01
   3.0670582e-01
   3.0674640e-01
   3.0679991e-01
   3.0686987e-01
   3.0696035e-01
   3.0707593e-01
   3.0722174e-01
   3.0740348e-01
   3.0762736e-01
   3.0790013e-01
   3.0822903e-01
   3.0862176e-01
   3.0908642e-01
   3.0963147e-01
   3.1026563e-01
   3.1099781e-01
   3.1183700e-01
   3.1279216e-01
   3.1387207e-01
   3.1508525e-01
   3.1643975e-01
   3.1794303e-01
   3.1960179e-01
   3.2142181e-01
   3.2340774e-01
   3.2556300e-01
   3.2788954e-01
   3.3038770e-01
   3.3305607e-01
   3.3589130e-01
   3.3888800e-01
   3.4203857e-01
   3.4533313e-01
   3.4875943e-01
   3.5230276e-01
   3.5594594e-01
   3.5966929e-01
   3.6345066e-01
   3.6726551e-01
   3.7108694e-01
   3.7488590e-01
   3.7863129e-01
   3.8229022e-01
   3.8582826e-01
   3.8920971e-01
   3.9239797e-01
   3.9535590e-01
   3.9804628e-01
   4.0043224e-01
   4.0247775e-01
   4.0414818e-01
   4.0541081e-01
   4.0623544e-01
   4.0659493e-01
   4.0646576e-01
   4.0582868e-01
   4.0466914e-01
   4.0297791e-01
   4.0075147e-01
   3.9799249e-01
   3.9471011e-01
   3.9092024e-01
   3.8664573e-01
   3.8191642e-01
   3.7676908e-01
   3.7124726e-01
   3.6540101e-01
   3.5928641e-01
   3.5296502e-01
   3.4650325e-01
   3.3997151e-01
   3.3344331e-01
   3.2699426e-01
   3.2070097e-01
   3.1463992e-01
   3.0888626e-01
   3.0351259e-01
   2.9858779e-01
   2.9417584e-01
   2.9033470e-01
   2.8711535e-01
   2.8456081e-01
   2.8270545e-01
   2.8157429e-01
   2.8118259e-01
   2.8153556e-01
   2.8262823e-01
   2.8444562e-01
   2.8696294e-01
   2.9014607e-01
   2.9395219e-01
   2.9833055e-01
   3.0322335e-01
   3.0856677e-01
   3.1429208e-01
   3.2032679e-01
   3.2659582e-01
   3.3302277e-01
   3.3953105e-01
   3.4604506e-01
   3.5249126e-01
   3.5879921e-01
   3.6490245e-01
   3.7073931e-01
   3.7625363e-01
   3.8139525e-01
   3.8612049e-01
   3.9039244e-01
   3.9418113e-01
   3.9746357e-01
   4.0022370e-01
   4.0245223e-01
   4.0414637e-01
   4.0530949e-01
   4.0595071e-01
   4.0608443e-01
   4.0572983e-01
   4.0491030e-01
   4.0365290e-01
   4.0198777e-01
   3.9994755e-01
   3.9756683e-01
   3.9488159e-01
   3.9192866e-01
   3.8874527e-01
   3.8536853e-01
   3.8183504e-01
   3.7818050e-01
   3.7443937e-01
   3.7064456e-01
