   6.9733465e-04
   6.9727003e-04
   6.9720823e-04
   6.9714974e-04
   6.9709502e-04
   6.9704447e-04
   6.9699848e-04
   6.9695736e-04
   6.9692139e-04
   6.9689079e-04
   6.9686572e-04
   6.9684630e-04
   6.9683257e-04
   6.9682455e-04
   6.9682219e-04
   6.9682536e-04
   6.9683394e-04
   6.9684771e-04
   6.9686642e-04
   6.9688981e-04
   6.9691754e-04
   6.9694925e-04
   6.9698457e-04
   6.9702308e-04
   6.9706434e-04
   6.9710792e-04
   6.9715335e-04
   6.9720016e-04
   6.9724789e-04
   6.9729605e-04
   6.9734419e-04
   6.9739183e-04
   6.9743855e-04
   6.9748390e-04
   6.9752747e-04
   6.9756887e-04
   6.9760774e-04
   6.9764373e-04
   6.9767654e-04
   6.9770589e-04
   6.9773152e-04
   6.9775323e-04
   6.9777085e-04
   6.9778423e-04
   6.9779327e-04
   6.9779791e-04
   6.9779812e-04
   6.9779392e-04
   6.9778535e-04
   6.9777251e-04
   6.9775553e-04
   6.9773456e-04
   6.9770980e-04
   6.9768149e-04
   6.9764988e-04
   6.9761528e-04
   6.9757801e-04
   6.9753841e-04
   6.9749685e-04
   6.9745374e-04
   6.9740948e-04
   6.9736451e-04
   6.9731924e-04
   6.9727414e-04
   6.9722965e-04
   6.9718623e-04
   6.9714431e-04
   6.9710434e-04
   6.9706675e-04
   6.9703194e-04
   6.9700031e-04
   6.9697222e-04
   6.9694802e-04
   6.9692800e-04
   6.9691245e-04
   6.9690159e-04
   6.9689562e-04
   6.9689468e-04
   6.9689887e-04
   6.9690824e-04
   6.9692280e-04
   6.9694249e-04
   6.9696722e-04
   6.9699683e-04
   6.9703111e-04
   6.9706983e-04
   6.9711267e-04
   6.9715930e-04
   6.9720933e-04
   6.9726234e-04
   6.9731788e-04
   6.9737546e-04
   6.9743457e-04
   6.9749470e-04
   6.9755530e-04
   6.9761583e-04
   6.9767574e-04
   6.9773452e-04
   6.9779162e-04
   6.9784655e-04
   6.9789882e-04
   6.9794801e-04
   6.9799369e-04
   6.9803549e-04
   6.9807312e-04
   6.9810628e-04
   6.9813478e-04
   6.9815846e-04
   6.9817723e-04
   6.9819105e-04
   6.9819996e-04
   6.9820404e-04
   6.9820346e-04
   6.9819843e-04
   6.9818920e-04
   6.9817611e-04
   6.9815952e-04
   6.9813985e-04
   6.9811754e-04
   6.9809308e-04
   6.9806698e-04
   6.9803975e-04
   6.9801194e-04
   6.9798408e-04
   6.9795671e-04
   6.9793034e-04
   6.9790548e-04
   6.9788259e-04
   6.9786213e-04
   6.9784449e-04
   6.9783002e-04
   6.9781903e-04
   6.9781176e-04
   6.9780841e-04
   6.9780908e-04
   6.9781385e-04
   6.9782270e-04
   6.9783557e-04
   6.9785231e-04
   6.9787274e-04
   6.9789657e-04
   6.9792350e-04
   6.9795316e-04
   6.9798512e-04
   6.9801892e-04
   6.9805405e-04
   6.9809001e-04
   6.9812622e-04
   6.9816213e-04
   6.9819717e-04
   6.9823077e-04
   6.9826235e-04
   6.9829139e-04
   6.9831735e-04
   6.9833975e-04
   6.9835814e-04
   6.9837210e-04
   6.9838127e-04
   6.9838536e-04
   6.9838411e-04
   6.9837733e-04
   6.9836492e-04
   6.9834680e-04
   6.9832299e-04
   6.9829357e-04
   6.9825867e-04
   6.9821851e-04
   6.9817335e-04
   6.9812350e-04
   6.9806936e-04
   6.9801134e-04
   6.9794991e-04
   6.9788558e-04
   6.9781888e-04
   6.9775039e-04
   6.9768067e-04
   6.9761034e-04
   6.9753997e-04
   6.9747018e-04
   6.9740155e-04
   6.9733465e-04
