   4.2113703e-06
   4.2094708e-06
   4.2074517e-06
   4.2053287e-06
   4.2031178e-06
   4.2008347e-06
   4.1984948e-06
   4.1961131e-06
   4.1937041e-06
   4.1912817e-06
   4.1888588e-06
   4.1864479e-06
   4.1840605e-06
   4.1817070e-06
   4.1793972e-06
   4.1771396e-06
   4.1749421e-06
   4.1728114e-06
   4.1707533e-06
   4.1687727e-06
   4.1668736e-06
   4.1650591e-06
   4.1633316e-06
   4.1616927e-06
   4.1601432e-06
   4.1586835e-06
   4.1573132e-06
   4.1560316e-06
   4.1548374e-06
   4.1537290e-06
   4.1527044e-06
   4.1517617e-06
   4.1508984e-06
   4.1501120e-06
   4.1494002e-06
   4.1487604e-06
   4.1481902e-06
   4.1476871e-06
   4.1472491e-06
   4.1468740e-06
   4.1465600e-06
   4.1463054e-06
   4.1461091e-06
   4.1459698e-06
   4.1458868e-06
   4.1458596e-06
   4.1458882e-06
   4.1459726e-06
   4.1461134e-06
   4.1463114e-06
   4.1465675e-06
   4.1468833e-06
   4.1472603e-06
   4.1477003e-06
   4.1482055e-06
   4.1487781e-06
   4.1494205e-06
   4.1501351e-06
   4.1509244e-06
   4.1517909e-06
   4.1527371e-06
   4.1537652e-06
   4.1548775e-06
   4.1560758e-06
   4.1573618e-06
   4.1587366e-06
   4.1602011e-06
   4.1617555e-06
   4.1633995e-06
   4.1651323e-06
   4.1669522e-06
   4.1688568e-06
   4.1708429e-06
   4.1729065e-06
   4.1750428e-06
   4.1772457e-06
   4.1795086e-06
   4.1818237e-06
   4.1841822e-06
   4.1865744e-06
   4.1889898e-06
   4.1914168e-06
   4.1938430e-06
   4.1962554e-06
   4.1986399e-06
   4.2009821e-06
   4.2032670e-06
   4.2054790e-06
   4.2076025e-06
   4.2096216e-06
   4.2115203e-06
   4.2132829e-06
   4.2148939e-06
   4.2163385e-06
   4.2176021e-06
   4.2186714e-06
   4.2195339e-06
   4.2201782e-06
   4.2205942e-06
   4.2207735e-06
   4.2207090e-06
   4.2203958e-06
   4.2198305e-06
   4.2190118e-06
   4.2179405e-06
   4.2166196e-06
   4.2150543e-06
   4.2132518e-06
   4.2112218e-06
   4.2089760e-06
   4.2065283e-06
   4.2038947e-06
   4.2010931e-06
   4.1981433e-06
   4.1950667e-06
   4.1918863e-06
   4.1886264e-06
   4.1853125e-06
   4.1819709e-06
   4.1786286e-06
   4.1753129e-06
   4.1720515e-06
   4.1688717e-06
   4.1658004e-06
   4.1628641e-06
   4.1600880e-06
   4.1574963e-06
   4.1551118e-06
   4.1529555e-06
   4.1510465e-06
   4.1494017e-06
   4.1480360e-06
   4.1469614e-06
   4.1461876e-06
   4.1457216e-06
   4.1455676e-06
   4.1457270e-06
   4.1461982e-06
   4.1469770e-06
   4.1480565e-06
   4.1494267e-06
   4.1510756e-06
   4.1529882e-06
   4.1551475e-06
   4.1575344e-06
   4.1601278e-06
   4.1629049e-06
   4.1658416e-06
   4.1689124e-06
   4.1720910e-06
   4.1753504e-06
   4.1786632e-06
   4.1820020e-06
   4.1853392e-06
   4.1886481e-06
   4.1919023e-06
   4.1950764e-06
   4.1981461e-06
   4.2010886e-06
   4.2038824e-06
   4.2065078e-06
   4.2089470e-06
   4.2111841e-06
   4.2132053e-06
   4.2149989e-06
   4.2165553e-06
   4.2178675e-06
   4.2189302e-06
   4.2197405e-06
   4.2202979e-06
   4.2206035e-06
   4.2206608e-06
   4.2204749e-06
   4.2200528e-06
   4.2194030e-06
   4.2185357e-06
   4.2174622e-06
   4.2161949e-06
   4.2147476e-06
   4.2131344e-06
   4.2113703e-06
