   7.0018308e-03
   6.9708304e-03
   6.9399152e-03
   6.9093174e-03
   6.8792533e-03
   6.8499225e-03
   6.8215057e-03
   6.7941643e-03
   6.7680395e-03
   6.7432520e-03
   6.7199017e-03
   6.6980678e-03
   6.6778093e-03
   6.6591657e-03
   6.6421575e-03
   6.6267874e-03
   6.6130414e-03
   6.6008900e-03
   6.5902897e-03
   6.5811843e-03
   6.5735065e-03
   6.5671796e-03
   6.5621186e-03
   6.5582322e-03
   6.5554242e-03
   6.5535947e-03
   6.5526417e-03
   6.5524624e-03
   6.5529542e-03
   6.5540161e-03
   6.5555492e-03
   6.5574582e-03
   6.5596517e-03
   6.5620430e-03
   6.5645505e-03
   6.5670984e-03
   6.5696169e-03
   6.5720424e-03
   6.5743178e-03
   6.5763927e-03
   6.5782234e-03
   6.5797726e-03
   6.5810102e-03
   6.5819126e-03
   6.5824630e-03
   6.5826513e-03
   6.5824744e-03
   6.5819355e-03
   6.5810447e-03
   6.5798191e-03
   6.5782822e-03
   6.5764644e-03
   6.5744028e-03
   6.5721414e-03
   6.5697308e-03
   6.5672282e-03
   6.5646972e-03
   6.5622078e-03
   6.5598360e-03
   6.5576634e-03
   6.5557770e-03
   6.5542681e-03
   6.5532325e-03
   6.5527688e-03
   6.5529783e-03
   6.5539636e-03
   6.5558276e-03
   6.5586724e-03
   6.5625977e-03
   6.5676999e-03
   6.5740702e-03
   6.5817933e-03
   6.5909459e-03
   6.6015951e-03
   6.6137970e-03
   6.6275946e-03
   6.6430174e-03
   6.6600788e-03
   6.6787760e-03
   6.6990878e-03
   6.7209746e-03
   6.7443768e-03
   6.7692147e-03
   6.7953878e-03
   6.8227752e-03
   6.8512351e-03
   6.8806056e-03
   6.9107054e-03
   6.9413346e-03
   6.9722764e-03
   7.0032982e-03
   7.0341540e-03
   7.0645861e-03
   7.0943280e-03
   7.1231071e-03
   7.1506472e-03
   7.1766721e-03
   7.2009090e-03
   7.2230917e-03
   7.2429641e-03
   7.2602842e-03
   7.2748275e-03
   7.2863904e-03
   7.2947941e-03
   7.2998875e-03
   7.3015503e-03
   7.2996960e-03
   7.2942742e-03
   7.2852728e-03
   7.2727193e-03
   7.2566824e-03
   7.2372721e-03
   7.2146402e-03
   7.1889795e-03
   7.1605226e-03
   7.1295402e-03
   7.0963389e-03
   7.0612579e-03
   7.0246656e-03
   6.9869557e-03
   6.9485421e-03
   6.9098545e-03
   6.8713328e-03
   6.8334212e-03
   6.7965627e-03
   6.7611928e-03
   6.7277341e-03
   6.6965897e-03
   6.6681379e-03
   6.6427268e-03
   6.6206690e-03
   6.6022373e-03
   6.5876606e-03
   6.5771205e-03
   6.5707485e-03
   6.5686241e-03
   6.5707737e-03
   6.5771701e-03
   6.5877330e-03
   6.6023299e-03
   6.6207787e-03
   6.6428497e-03
   6.6682695e-03
   6.6967248e-03
   6.7278672e-03
   6.7613179e-03
   6.7966735e-03
   6.8335114e-03
   6.8713958e-03
   6.9098838e-03
   6.9485313e-03
   6.9868987e-03
   7.0245566e-03
   7.0610914e-03
   7.0961100e-03
   7.1292445e-03
   7.1601563e-03
   7.1885396e-03
   7.2141244e-03
   7.2366786e-03
   7.2560105e-03
   7.2719689e-03
   7.2844446e-03
   7.2933697e-03
   7.2987174e-03
   7.3005006e-03
   7.2987702e-03
   7.2936134e-03
   7.2851510e-03
   7.2735347e-03
   7.2589436e-03
   7.2415817e-03
   7.2216738e-03
   7.1994621e-03
   7.1752028e-03
   7.1491620e-03
   7.1216128e-03
   7.0928311e-03
   7.0630929e-03
   7.0326707e-03
   7.0018308e-03
