   7.8155045e-01
   6.8419689e-01
   6.0275055e-01
   5.3745085e-01
   4.8842667e-01
   4.5569265e-01
   4.3914155e-01
   4.3853332e-01
   4.5348129e-01
   4.8343654e-01
   5.2767123e-01
   5.8526210e-01
   6.5507544e-01
   7.3575496e-01
   8.2571427e-01
   9.2313540e-01
   1.0259751e+00
   1.1319798e+00
   1.2387113e+00
   1.3435827e+00
   1.4439061e+00
   1.5369506e+00
   1.6200118e+00
   1.6904885e+00
   1.7459673e+00
   1.7843098e+00
   1.8037415e+00
   1.8029355e+00
   1.7810898e+00
   1.7379914e+00
   1.6740643e+00
   1.5903974e+00
   1.4887481e+00
   1.3715210e+00
   1.2417185e+00
   1.1028649e+00
   9.5890486e-01
   8.1407966e-01
   6.7278459e-01
   5.3941429e-01
   4.1820171e-01
   3.1305811e-01
   2.2742160e-01
   1.6412150e-01
   1.2526549e-01
   1.1215499e-01
   1.2523010e-01
   1.6404913e-01
   2.2730947e-01
   3.1290236e-01
   4.1799753e-01
   5.3915599e-01
   6.7246575e-01
   8.1369335e-01
   9.5844380e-01
   1.1023217e+00
   1.2410858e+00
   1.3707918e+00
   1.4879156e+00
   1.5894555e+00
   1.6730077e+00
   1.7368154e+00
   1.7797907e+00
   1.8015104e+00
   1.8021885e+00
   1.7826281e+00
   1.7441568e+00
   1.6885504e+00
   1.6179479e+00
   1.5347637e+00
   1.4415998e+00
   1.3411614e+00
   1.2361800e+00
   1.1293441e+00
   1.0232411e+00
   9.2030974e-01
   8.2280364e-01
   7.3276627e-01
   6.5201560e-01
   5.8213788e-01
   5.2448910e-01
   4.8020250e-01
   4.5020071e-01
   4.3521077e-01
   4.3578066e-01
   4.5229595e-01
   4.8499551e-01
   5.3398523e-01
   5.9924906e-01
   6.8065658e-01
   7.7796675e-01
   8.9082766e-01
   1.0187721e+00
   1.1612097e+00
   1.3174148e+00
   1.4865125e+00
   1.6674617e+00
   1.8590373e+00
   2.0598122e+00
   2.2681404e+00
   2.4821421e+00
   2.6996933e+00
   2.9184210e+00
   3.1357041e+00
   3.3486847e+00
   3.5542882e+00
   3.7492544e+00
   3.9301819e+00
   4.0935841e+00
   4.2359584e+00
   4.3538670e+00
   4.4440300e+00
   4.5034255e+00
   4.5293984e+00
   4.5197704e+00
   4.4729499e+00
   4.3880365e+00
   4.2649140e+00
   4.1043293e+00
   3.9079485e+00
   3.6783895e+00
   3.4192240e+00
   3.1349467e+00
   2.8309105e+00
   2.5132265e+00
   2.1886298e+00
   1.8643148e+00
   1.5477438e+00
   1.2464355e+00
   9.6774056e-01
   7.1861334e-01
   5.0538823e-01
   3.3357079e-01
   2.0765217e-01
   1.3095459e-01
   1.0551190e-01
   1.3200098e-01
   2.0973081e-01
   3.3665377e-01
   5.0943468e-01
   7.2357038e-01
   9.7354460e-01
   1.2530138e+00
   1.5550161e+00
   1.8721953e+00
   2.1970289e+00
   2.5220527e+00
   2.8400724e+00
   3.1443545e+00
   3.4287913e+00
   3.6880345e+00
   3.9175952e+00
   4.1139085e+00
   4.2743642e+00
   4.3973038e+00
   4.4819889e+00
   4.5285436e+00
   4.5378766e+00
   4.5115870e+00
   4.4518604e+00
   4.3613586e+00
   4.2431094e+00
   4.1003982e+00
   3.9366672e+00
   3.7554228e+00
   3.5601548e+00
   3.3542672e+00
   3.1410215e+00
   2.9234938e+00
   2.7045426e+00
   2.4867889e+00
   2.2726057e+00
   2.0641161e+00
   1.8631991e+00
   1.6714993e+00
   1.4904427e+00
   1.3212525e+00
   1.1649683e+00
   1.0224632e+00
   8.9446103e-01
   7.8155045e-01
