   1.4508246e+00
   1.3863407e+00
   1.3292359e+00
   1.2796528e+00
   1.2376392e+00
   1.2031481e+00
   1.1760370e+00
   1.1560666e+00
   1.1429007e+00
   1.1361058e+00
   1.1351527e+00
   1.1394197e+00
   1.1481979e+00
   1.1606993e+00
   1.1760677e+00
   1.1933929e+00
   1.2117276e+00
   1.2301074e+00
   1.2475723e+00
   1.2631906e+00
   1.2760827e+00
   1.2854451e+00
   1.2905719e+00
   1.2908746e+00
   1.2858974e+00
   1.2753284e+00
   1.2590050e+00
   1.2369147e+00
   1.2091902e+00
   1.1760999e+00
   1.1380346e+00
   1.0954920e+00
   1.0490595e+00
   9.9939691e-01
   9.4722081e-01
   8.9329039e-01
   8.3839575e-01
   7.8334854e-01
   7.2897421e-01
   6.7610513e-01
   6.2557334e-01
   5.7820152e-01
   5.3479137e-01
   4.9610822e-01
   4.6286199e-01
   4.3568461e-01
   4.1510500e-01
   4.0152326e-01
   3.9518621e-01
   3.9616649e-01
   4.0434773e-01
   4.1941756e-01
   4.4087026e-01
   4.6801953e-01
   5.0002137e-01
   5.3590630e-01
   5.7461889e-01
   6.1506254e-01
   6.5614648e-01
   6.9683222e-01
   7.3617637e-01
   7.7336767e-01
   8.0775581e-01
   8.3887117e-01
   8.6643455e-01
   8.9035726e-01
   9.1073212e-01
   9.2781682e-01
   9.4201113e-01
   9.5382985e-01
   9.6387333e-01
   9.7279731e-01
   9.8128371e-01
   9.9001345e-01
   9.9964245e-01
   1.0107812e+00
   1.0239785e+00
   1.0397088e+00
   1.0583637e+00
   1.0802463e+00
   1.1055691e+00
   1.1344537e+00
   1.1669321e+00
   1.2029498e+00
   1.2423694e+00
   1.2849744e+00
   1.3304733e+00
   1.3785035e+00
   1.4286352e+00
   1.4803747e+00
   1.5331682e+00
   1.5864050e+00
   1.6394211e+00
   1.6915038e+00
   1.7418965e+00
   1.7898047e+00
   1.8344040e+00
   1.8748493e+00
   1.9102861e+00
   1.9398639e+00
   1.9627526e+00
   1.9781605e+00
   1.9853541e+00
   1.9836812e+00
   1.9725935e+00
   1.9516707e+00
   1.9206444e+00
   1.8794196e+00
   1.8280945e+00
   1.7669754e+00
   1.6965865e+00
   1.6176727e+00
   1.5311952e+00
   1.4383177e+00
   1.3403842e+00
   1.2388885e+00
   1.1354354e+00
   1.0316955e+00
   9.2935666e-01
   8.3007323e-01
   7.3541706e-01
   6.4683319e-01
   5.6560340e-01
   4.9282002e-01
   4.2937225e-01
   3.7594579e-01
   3.3303577e-01
   3.0097156e-01
   2.7995091e-01
   2.7007988e-01
   2.7141398e-01
   2.8399601e-01
   3.0788588e-01
   3.4317881e-01
   3.9000904e-01
   4.4853763e-01
   5.1892460e-01
   6.0128715e-01
   6.9564752e-01
   8.0187525e-01
   9.1962929e-01
   1.0483059e+00
   1.1869979e+00
   1.3344695e+00
   1.4891509e+00
   1.6491536e+00
   1.8123066e+00
   1.9762120e+00
   2.1383165e+00
   2.2959942e+00
   2.4466360e+00
   2.5877388e+00
   2.7169906e+00
   2.8323459e+00
   2.9320880e+00
   3.0148744e+00
   3.0797658e+00
   3.1262367e+00
   3.1541693e+00
   3.1638326e+00
   3.1558487e+00
   3.1311501e+00
   3.0909298e+00
   3.0365882e+00
   2.9696802e+00
   2.8918627e+00
   2.8048469e+00
   2.7103548e+00
   2.6100829e+00
   2.5056711e+00
   2.3986790e+00
   2.2905679e+00
   2.1826885e+00
   2.0762738e+00
   1.9724355e+00
   1.8721637e+00
   1.7763294e+00
   1.6856877e+00
   1.6008824e+00
   1.5224501e+00
   1.4508246e+00
