   3.1291737e-03
   3.0195744e-03
   2.9410923e-03
   2.8943236e-03
   2.8796760e-03
   2.8973653e-03
   2.9474131e-03
   3.0296459e-03
   3.1436955e-03
   3.2890004e-03
   3.4648094e-03
   3.6701851e-03
   3.9040099e-03
   4.1649927e-03
   4.4516762e-03
   4.7624464e-03
   5.0955423e-03
   5.4490666e-03
   5.8209979e-03
   6.2092032e-03
   6.6114508e-03
   7.0254248e-03
   7.4487393e-03
   7.8789531e-03
   8.3135854e-03
   8.7501306e-03
   9.1860745e-03
   9.6189093e-03
   1.0046149e-02
   1.0465346e-02
   1.0874104e-02
   1.1270094e-02
   1.1651067e-02
   1.2014870e-02
   1.2359454e-02
   1.2682893e-02
   1.2983389e-02
   1.3259283e-02
   1.3509069e-02
   1.3731397e-02
   1.3925083e-02
   1.4089114e-02
   1.4222653e-02
   1.4325047e-02
   1.4395822e-02
   1.4434692e-02
   1.4441554e-02
   1.4416494e-02
   1.4359778e-02
   1.4271854e-02
   1.4153348e-02
   1.4005057e-02
   1.3827945e-02
   1.3623137e-02
   1.3391908e-02
   1.3135678e-02
   1.2856005e-02
   1.2554567e-02
   1.2233159e-02
   1.1893682e-02
   1.1538124e-02
   1.1168556e-02
   1.0787115e-02
   1.0395993e-02
   9.9974233e-03
   9.5936671e-03
   9.1870007e-03
   8.7797016e-03
   8.3740358e-03
   7.9722441e-03
   7.5765296e-03
   7.1890446e-03
   6.8118790e-03
   6.4470475e-03
   6.0964793e-03
   5.7620064e-03
   5.4453545e-03
   5.1481327e-03
   4.8718255e-03
   4.6177851e-03
   4.3872239e-03
   4.1812096e-03
   4.0006592e-03
   3.8463361e-03
   3.7188465e-03
   3.6186379e-03
   3.5459984e-03
   3.5010573e-03
   3.4837859e-03
   3.4940010e-03
   3.5313675e-03
   3.5954039e-03
   3.6854875e-03
   3.8008611e-03
   3.9406409e-03
   4.1038245e-03
   4.2893003e-03
   4.4958578e-03
   4.7221975e-03
   4.9669426e-03
   5.2286501e-03
   5.5058224e-03
   5.7969194e-03
   6.1003703e-03
   6.4145854e-03
   6.7379675e-03
   7.0689229e-03
   7.4058721e-03
   7.7472598e-03
   8.0915638e-03
   8.4373036e-03
   8.7830474e-03
   9.1274183e-03
   9.4690997e-03
   9.8068387e-03
   1.0139450e-02
   1.0465814e-02
   1.0784884e-02
   1.1095677e-02
   1.1397279e-02
   1.1688835e-02
   1.1969555e-02
   1.2238698e-02
   1.2495578e-02
   1.2739550e-02
   1.2970009e-02
   1.3186384e-02
   1.3388131e-02
   1.3574728e-02
   1.3745671e-02
   1.3900471e-02
   1.4038646e-02
   1.4159727e-02
   1.4263248e-02
   1.4348752e-02
   1.4415790e-02
   1.4463924e-02
   1.4492729e-02
   1.4501800e-02
   1.4490756e-02
   1.4459250e-02
   1.4406971e-02
   1.4333660e-02
   1.4239113e-02
   1.4123191e-02
   1.3985835e-02
   1.3827068e-02
   1.3647008e-02
   1.3445879e-02
   1.3224012e-02
   1.2981859e-02
   1.2719997e-02
   1.2439129e-02
   1.2140094e-02
   1.1823862e-02
   1.1491541e-02
   1.1144370e-02
   1.0783721e-02
   1.0411090e-02
   1.0028095e-02
   9.6364659e-03
   9.2380360e-03
   8.8347316e-03
   8.4285604e-03
   8.0215984e-03
   7.6159764e-03
   7.2138650e-03
   6.8174597e-03
   6.4289648e-03
   6.0505775e-03
   5.6844720e-03
   5.3327827e-03
   4.9975887e-03
   4.6808979e-03
   4.3846318e-03
   4.1106112e-03
   3.8605417e-03
   3.6360015e-03
   3.4384288e-03
   3.2691107e-03
   3.1291737e-03
