   1.1624866e+00
   1.1565972e+00
   1.1500199e+00
   1.1423635e+00
   1.1332317e+00
   1.1222303e+00
   1.1089771e+00
   1.0931116e+00
   1.0743072e+00
   1.0522836e+00
   1.0268195e+00
   9.9776609e-01
   9.6505919e-01
   9.2873047e-01
   8.8891699e-01
   8.4586815e-01
   7.9994961e-01
   7.5164345e-01
   7.0154425e-01
   6.5035056e-01
   5.9885168e-01
   5.4790978e-01
   4.9843749e-01
   4.5137156e-01
   4.0764328e-01
   3.6814671e-01
   3.3370587e-01
   3.0504232e-01
   2.8274463e-01
   2.6724127e-01
   2.5877849e-01
   2.5740449e-01
   2.6296113e-01
   2.7508389e-01
   2.9321067e-01
   3.1659933e-01
   3.4435350e-01
   3.7545582e-01
   4.0880701e-01
   4.4326919e-01
   4.7771123e-01
   5.1105388e-01
   5.4231248e-01
   5.7063484e-01
   5.9533251e-01
   6.1590366e-01
   6.3204653e-01
   6.4366275e-01
   6.5085057e-01
   6.5388859e-01
   6.5321091e-01
   6.4937560e-01
   6.4302808e-01
   6.3486190e-01
   6.2557896e-01
   6.1585152e-01
   6.0628810e-01
   5.9740486e-01
   5.8960390e-01
   5.8315942e-01
   5.7821206e-01
   5.7477137e-01
   5.7272586e-01
   5.7185978e-01
   5.7187523e-01
   5.7241830e-01
   5.7310752e-01
   5.7356311e-01
   5.7343531e-01
   5.7243060e-01
   5.7033438e-01
   5.6702924e-01
   5.6250823e-01
   5.5688240e-01
   5.5038287e-01
   5.4335724e-01
   5.3626073e-01
   5.2964270e-01
   5.2412902e-01
   5.2040112e-01
   5.1917258e-01
   5.2116397e-01
   5.2707686e-01
   5.3756781e-01
   5.5322298e-01
   5.7453414e-01
   6.0187666e-01
   6.3549002e-01
   6.7546132e-01
   7.2171213e-01
   7.7398913e-01
   8.3185867e-01
   8.9470564e-01
   9.6173670e-01
   1.0319880e+00
   1.1043376e+00
   1.1775224e+00
   1.2501596e+00
   1.3207726e+00
   1.3878211e+00
   1.4497346e+00
   1.5049500e+00
   1.5519508e+00
   1.5893090e+00
   1.6157278e+00
   1.6300840e+00
   1.6314694e+00
   1.6192292e+00
   1.5929970e+00
   1.5527235e+00
   1.4986989e+00
   1.4315670e+00
   1.3523292e+00
   1.2623390e+00
   1.1632842e+00
   1.0571581e+00
   9.4621916e-01
   8.3293972e-01
   7.1994451e-01
   6.0994116e-01
   5.0564428e-01
   4.0969569e-01
   3.2458366e-01
   2.5256425e-01
   1.9558780e-01
   1.5523363e-01
   1.3265571e-01
   1.2854180e-01
   1.4308898e-01
   1.7599715e-01
   2.2647901e-01
   2.9328668e-01
   3.7475503e-01
   4.6885997e-01
   5.7328891e-01
   6.8552015e-01
   8.0290794e-01
   9.2276940e-01
   1.0424697e+00
   1.1595022e+00
   1.2715599e+00
   1.3765962e+00
   1.4728728e+00
   1.5589927e+00
   1.6339198e+00
   1.6969826e+00
   1.7478653e+00
   1.7865865e+00
   1.8134675e+00
   1.8290928e+00
   1.8342658e+00
   1.8299602e+00
   1.8172720e+00
   1.7973717e+00
   1.7714609e+00
   1.7407327e+00
   1.7063381e+00
   1.6693587e+00
   1.6307858e+00
   1.5915063e+00
   1.5522937e+00
   1.5138054e+00
   1.4765839e+00
   1.4410618e+00
   1.4075694e+00
   1.3763444e+00
   1.3475418e+00
   1.3212447e+00
   1.2974745e+00
   1.2761997e+00
   1.2573443e+00
   1.2407942e+00
   1.2264023e+00
   1.2139924e+00
   1.2033614e+00
   1.1942815e+00
   1.1865002e+00
   1.1797411e+00
   1.1737046e+00
   1.1680678e+00
   1.1624866e+00
