   1.0211658e-01
   1.0086890e-01
   9.9683683e-02
   9.8567381e-02
   9.7525532e-02
   9.6562751e-02
   9.5682749e-02
   9.4888348e-02
   9.4181493e-02
   9.3563285e-02
   9.3034001e-02
   9.2593127e-02
   9.2239395e-02
   9.1970816e-02
   9.1784726e-02
   9.1677833e-02
   9.1646264e-02
   9.1685623e-02
   9.1791049e-02
   9.1957280e-02
   9.2178715e-02
   9.2449490e-02
   9.2763544e-02
   9.3114694e-02
   9.3496708e-02
   9.3903374e-02
   9.4328570e-02
   9.4766329e-02
   9.5210900e-02
   9.5656800e-02
   9.6098861e-02
   9.6532267e-02
   9.6952581e-02
   9.7355767e-02
   9.7738198e-02
   9.8096658e-02
   9.8428330e-02
   9.8730786e-02
   9.9001963e-02
   9.9240137e-02
   9.9443894e-02
   9.9612101e-02
   9.9743879e-02
   9.9838570e-02
   9.9895725e-02
   9.9915076e-02
   9.9896534e-02
   9.9840182e-02
   9.9746279e-02
   9.9615272e-02
   9.9447812e-02
   9.9244777e-02
   9.9007298e-02
   9.8736791e-02
   9.8434982e-02
   9.8103942e-02
   9.7746107e-02
   9.7364301e-02
   9.6961755e-02
   9.6542107e-02
   9.6109410e-02
   9.5668113e-02
   9.5223050e-02
   9.4779405e-02
   9.4342675e-02
   9.3918627e-02
   9.3513240e-02
   9.3132647e-02
   9.2783072e-02
   9.2470753e-02
   9.2201880e-02
   9.1982515e-02
   9.1818525e-02
   9.1715506e-02
   9.1678715e-02
   9.1713007e-02
   9.1822767e-02
   9.2011855e-02
   9.2283548e-02
   9.2640493e-02
   9.3084659e-02
   9.3617293e-02
   9.4238887e-02
   9.4949137e-02
   9.5746920e-02
   9.6630260e-02
   9.7596311e-02
   9.8641332e-02
   9.9760678e-02
   1.0094879e-01
   1.0219917e-01
   1.0350442e-01
   1.0485622e-01
   1.0624535e-01
   1.0766175e-01
   1.0909450e-01
   1.1053192e-01
   1.1196163e-01
   1.1337062e-01
   1.1474537e-01
   1.1607195e-01
   1.1733618e-01
   1.1852380e-01
   1.1962060e-01
   1.2061272e-01
   1.2148675e-01
   1.2223006e-01
   1.2283101e-01
   1.2327921e-01
   1.2356577e-01
   1.2368359e-01
   1.2362757e-01
   1.2339486e-01
   1.2298508e-01
   1.2240045e-01
   1.2164598e-01
   1.2072954e-01
   1.1966186e-01
   1.1845652e-01
   1.1712989e-01
   1.1570089e-01
   1.1419084e-01
   1.1262306e-01
   1.1102261e-01
   1.0941575e-01
   1.0782955e-01
   1.0629129e-01
   1.0482796e-01
   1.0346569e-01
   1.0222914e-01
   1.0114100e-01
   1.0022145e-01
   9.9487691e-02
   9.8953532e-02
   9.8629080e-02
   9.8520484e-02
   9.8629785e-02
   9.8954872e-02
   9.9489530e-02
   1.0022359e-01
   1.0114318e-01
   1.0223104e-01
   1.0346696e-01
   1.0482821e-01
   1.0629010e-01
   1.0782650e-01
   1.0941040e-01
   1.1101453e-01
   1.1261184e-01
   1.1417608e-01
   1.1568226e-01
   1.1710705e-01
   1.1842922e-01
   1.1962988e-01
   1.2069273e-01
   1.2160424e-01
   1.2235373e-01
   1.2293339e-01
   1.2333830e-01
   1.2356625e-01
   1.2361770e-01
   1.2349554e-01
   1.2320491e-01
   1.2275296e-01
   1.2214859e-01
   1.2140224e-01
   1.2052557e-01
   1.1953122e-01
   1.1843259e-01
   1.1724358e-01
   1.1597838e-01
   1.1465125e-01
   1.1327636e-01
   1.1186763e-01
   1.1043857e-01
   1.0900216e-01
   1.0757077e-01
   1.0615605e-01
   1.0476889e-01
   1.0341934e-01
   1.0211658e-01
