   5.8497108e-05
   5.8081390e-05
   5.7682804e-05
   5.7303222e-05
   5.6944402e-05
   5.6607974e-05
   5.6295438e-05
   5.6008157e-05
   5.5747352e-05
   5.5514100e-05
   5.5309329e-05
   5.5133818e-05
   5.4988193e-05
   5.4872931e-05
   5.4788355e-05
   5.4734640e-05
   5.4711811e-05
   5.4719750e-05
   5.4758194e-05
   5.4826743e-05
   5.4924861e-05
   5.5051883e-05
   5.5207018e-05
   5.5389357e-05
   5.5597878e-05
   5.5831450e-05
   5.6088843e-05
   5.6368732e-05
   5.6669705e-05
   5.6990270e-05
   5.7328859e-05
   5.7683843e-05
   5.8053531e-05
   5.8436181e-05
   5.8830007e-05
   5.9233187e-05
   5.9643869e-05
   6.0060179e-05
   6.0480229e-05
   6.0902122e-05
   6.1323964e-05
   6.1743864e-05
   6.2159946e-05
   6.2570358e-05
   6.2973271e-05
   6.3366893e-05
   6.3749474e-05
   6.4119311e-05
   6.4474754e-05
   6.4814215e-05
   6.5136172e-05
   6.5439176e-05
   6.5721855e-05
   6.5982922e-05
   6.6221178e-05
   6.6435520e-05
   6.6624941e-05
   6.6788541e-05
   6.6925523e-05
   6.7035207e-05
   6.7117023e-05
   6.7170521e-05
   6.7195373e-05
   6.7191372e-05
   6.7158436e-05
   6.7096610e-05
   6.7006066e-05
   6.6887102e-05
   6.6740146e-05
   6.6565750e-05
   6.6364591e-05
   6.6137472e-05
   6.5885315e-05
   6.5609161e-05
   6.5310167e-05
   6.4989598e-05
   6.4648829e-05
   6.4289333e-05
   6.3912680e-05
   6.3520530e-05
   6.3114625e-05
   6.2696783e-05
   6.2268891e-05
   6.1832896e-05
   6.1390797e-05
   6.0944638e-05
   6.0496494e-05
   6.0048469e-05
   5.9602681e-05
   5.9161254e-05
   5.8726310e-05
   5.8299955e-05
   5.7884272e-05
   5.7481311e-05
   5.7093076e-05
   5.6721519e-05
   5.6368528e-05
   5.6035915e-05
   5.5725411e-05
   5.5438654e-05
   5.5177181e-05
   5.4942417e-05
   5.4735669e-05
   5.4558120e-05
   5.4410817e-05
   5.4294667e-05
   5.4210431e-05
   5.4158717e-05
   5.4139978e-05
   5.4154504e-05
   5.4202420e-05
   5.4283686e-05
   5.4398092e-05
   5.4545256e-05
   5.4724630e-05
   5.4935494e-05
   5.5176962e-05
   5.5447982e-05
   5.5747343e-05
   5.6073676e-05
   5.6425464e-05
   5.6801042e-05
   5.7198611e-05
   5.7616243e-05
   5.8051890e-05
   5.8503397e-05
   5.8968508e-05
   5.9444881e-05
   5.9930100e-05
   6.0421688e-05
   6.0917118e-05
   6.1413830e-05
   6.1909243e-05
   6.2400770e-05
   6.2885835e-05
   6.3361885e-05
   6.3826405e-05
   6.4276934e-05
   6.4711081e-05
   6.5126535e-05
   6.5521084e-05
   6.5892624e-05
   6.6239174e-05
   6.6558888e-05
   6.6850065e-05
   6.7111163e-05
   6.7340803e-05
   6.7537781e-05
   6.7701075e-05
   6.7829850e-05
   6.7923466e-05
   6.7981476e-05
   6.8003635e-05
   6.7989896e-05
   6.7940413e-05
   6.7855537e-05
   6.7735817e-05
   6.7581993e-05
   6.7394991e-05
   6.7175917e-05
   6.6926052e-05
   6.6646838e-05
   6.6339875e-05
   6.6006905e-05
   6.5649804e-05
   6.5270569e-05
   6.4871304e-05
   6.4454211e-05
   6.4021569e-05
   6.3575730e-05
   6.3119094e-05
   6.2654104e-05
   6.2183225e-05
   6.1708933e-05
   6.1233700e-05
   6.0759981e-05
   6.0290200e-05
   5.9826735e-05
   5.9371909e-05
   5.8927976e-05
   5.8497108e-05
