   1.3144151e+00
   1.2985959e+00
   1.2819031e+00
   1.2640201e+00
   1.2446385e+00
   1.2234646e+00
   1.2002262e+00
   1.1746805e+00
   1.1466225e+00
   1.1158939e+00
   1.0823915e+00
   1.0460760e+00
   1.0069799e+00
   9.6521444e-01
   9.2097450e-01
   8.7454226e-01
   8.2628789e-01
   7.7666756e-01
   7.2621836e-01
   6.7554971e-01
   6.2533144e-01
   5.7627840e-01
   5.2913194e-01
   4.8463872e-01
   4.4352738e-01
   4.0648396e-01
   3.7412695e-01
   3.4698309e-01
   3.2546508e-01
   3.0985234e-01
   3.0027588e-01
   2.9670842e-01
   2.9896038e-01
   3.0668246e-01
   3.1937483e-01
   3.3640311e-01
   3.5702038e-01
   3.8039457e-01
   4.0563996e-01
   4.3185150e-01
   4.5814003e-01
   4.8366702e-01
   5.0767666e-01
   5.2952401e-01
   5.4869746e-01
   5.6483452e-01
   5.7773017e-01
   5.8733725e-01
   5.9375920e-01
   5.9723561e-01
   5.9812150e-01
   5.9686167e-01
   5.9396175e-01
   5.8995749e-01
   5.8538424e-01
   5.8074818e-01
   5.7650089e-01
   5.7301849e-01
   5.7058643e-01
   5.6939029e-01
   5.6951309e-01
   5.7093867e-01
   5.7356088e-01
   5.7719763e-01
   5.8160886e-01
   5.8651725e-01
   5.9163041e-01
   5.9666333e-01
   6.0135985e-01
   6.0551224e-01
   6.0897777e-01
   6.1169182e-01
   6.1367686e-01
   6.1504721e-01
   6.1600930e-01
   6.1685782e-01
   6.1796786e-01
   6.1978353e-01
   6.2280361e-01
   6.2756478e-01
   6.3462299e-01
   6.4453380e-01
   6.5783210e-01
   6.7501186e-01
   6.9650653e-01
   7.2267051e-01
   7.5376211e-01
   7.8992852e-01
   8.3119293e-01
   8.7744422e-01
   9.2842953e-01
   9.8374970e-01
   1.0428580e+00
   1.1050621e+00
   1.1695296e+00
   1.2352974e+00
   1.3012837e+00
   1.3663051e+00
   1.4290961e+00
   1.4883325e+00
   1.5426583e+00
   1.5907153e+00
   1.6311758e+00
   1.6627762e+00
   1.6843540e+00
   1.6948833e+00
   1.6935118e+00
   1.6795953e+00
   1.6527300e+00
   1.6127817e+00
   1.5599089e+00
   1.4945805e+00
   1.4175854e+00
   1.3300339e+00
   1.2333497e+00
   1.1292509e+00
   1.0197223e+00
   9.0697600e-01
   7.9340260e-01
   6.8151430e-01
   5.7387996e-01
   4.7305514e-01
   3.8150890e-01
   3.0155001e-01
   2.3525543e-01
   1.8440375e-01
   1.5041641e-01
   1.3430895e-01
   1.3665476e-01
   1.5756439e-01
   1.9668101e-01
   2.5319080e-01
   3.2584841e-01
   4.1301780e-01
   5.1272658e-01
   6.2273134e-01
   7.4059116e-01
   8.6374626e-01
   9.8959835e-01
   1.1155896e+00
   1.2392768e+00
   1.3583983e+00
   1.4709309e+00
   1.5751355e+00
   1.6695895e+00
   1.7532064e+00
   1.8252419e+00
   1.8852880e+00
   1.9332560e+00
   1.9693492e+00
   1.9940295e+00
   2.0079771e+00
   2.0120481e+00
   2.0072301e+00
   1.9945991e+00
   1.9752780e+00
   1.9503995e+00
   1.9210728e+00
   1.8883564e+00
   1.8532356e+00
   1.8166066e+00
   1.7792648e+00
   1.7418987e+00
   1.7050883e+00
   1.6693062e+00
   1.6349222e+00
   1.6022101e+00
   1.5713555e+00
   1.5424645e+00
   1.5155728e+00
   1.4906543e+00
   1.4676297e+00
   1.4463738e+00
   1.4267222e+00
   1.4084772e+00
   1.3914129e+00
   1.3752793e+00
   1.3598061e+00
   1.3447064e+00
   1.3296795e+00
   1.3144151e+00
