   8.2265484e-01
   8.3025343e-01
   8.5969608e-01
   9.0882851e-01
   9.7518140e-01
   1.0560037e+00
   1.1482986e+00
   1.2488642e+00
   1.3543404e+00
   1.4612638e+00
   1.5661329e+00
   1.6654824e+00
   1.7559693e+00
   1.8344679e+00
   1.8981725e+00
   1.9447059e+00
   1.9722269e+00
   1.9795335e+00
   1.9661540e+00
   1.9324183e+00
   1.8795018e+00
   1.8094343e+00
   1.7250664e+00
   1.6299888e+00
   1.5284012e+00
   1.4249322e+00
   1.3244141e+00
   1.2316214e+00
   1.1509874e+00
   1.0863141e+00
   1.0404971e+00
   1.0152883e+00
   1.0111157e+00
   1.0269837e+00
   1.0604677e+00
   1.1078138e+00
   1.1641446e+00
   1.2237659e+00
   1.2805563e+00
   1.3284153e+00
   1.3617390e+00
   1.3758848e+00
   1.3675893e+00
   1.3353003e+00
   1.2793941e+00
   1.2022550e+00
   1.1082046e+00
   1.0032835e+00
   8.9489686e-01
   7.9135125e-01
   7.0131471e-01
   6.3324272e-01
   5.9481240e-01
   5.9240642e-01
   6.3068294e-01
   7.1226106e-01
   8.3754242e-01
   1.0046773e+00
   1.2096703e+00
   1.4466116e+00
   1.7080110e+00
   1.9852092e+00
   2.2688337e+00
   2.5492681e+00
   2.8171072e+00
   3.0635703e+00
   3.2808541e+00
   3.4624105e+00
   3.6031438e+00
   3.6995233e+00
   3.7496172e+00
   3.7530550e+00
   3.7109293e+00
   3.6256498e+00
   3.5007623e+00
   3.3407466e+00
   3.1508034e+00
   2.9366423e+00
   2.7042770e+00
   2.4598362e+00
   2.2093916e+00
   1.9588085e+00
   1.7136174e+00
   1.4789075e+00
   1.2592413e+00
   1.0585870e+00
   8.8026874e-01
   7.2693096e-01
   6.0051622e-01
   5.0225445e-01
   4.3266231e-01
   3.9155133e-01
   3.7804343e-01
   3.9059530e-01
   4.2703581e-01
   4.8461789e-01
   5.6008267e-01
   6.4973504e-01
   7.4953259e-01
   8.5518944e-01
   9.6229520e-01
   1.0664477e+00
   1.1633974e+00
   1.2491991e+00
   1.3203676e+00
   1.3740283e+00
   1.4080577e+00
   1.4212038e+00
   1.4131768e+00
   1.3847024e+00
   1.3375273e+00
   1.2743718e+00
   1.1988243e+00
   1.1151770e+00
   1.0282067e+00
   9.4290826e-01
   8.6419373e-01
   7.9657552e-01
   7.4385401e-01
   7.0883427e-01
   6.9309610e-01
   6.9684087e-01
   7.1883449e-01
   7.5645974e-01
   8.0588309e-01
   8.6233146e-01
   9.2046399e-01
   9.7481449e-01
   1.0202713e+00
   1.0525560e+00
   1.0686588e+00
   1.0671911e+00
   1.0486191e+00
   1.0153531e+00
   9.7167709e-01
   9.2351982e-01
   8.7807933e-01
   8.4332940e-01
   8.2744561e-01
   8.3819699e-01
   8.8235195e-01
   9.6514646e-01
   1.0898560e+00
   1.2575041e+00
   1.4667271e+00
   1.7138025e+00
   1.9928339e+00
   2.2960734e+00
   2.6143533e+00
   2.9375906e+00
   3.2553274e+00
   3.5572671e+00
   3.8337737e+00
   4.0763029e+00
   4.2777464e+00
   4.4326741e+00
   4.5374718e+00
   4.5903759e+00
   4.5914158e+00
   4.5422775e+00
   4.4461065e+00
   4.3072675e+00
   4.1310805e+00
   3.9235491e+00
   3.6910956e+00
   3.4403156e+00
   3.1777593e+00
   2.9097450e+00
   2.6422080e+00
   2.3805848e+00
   2.1297300e+00
   1.8938642e+00
   1.6765464e+00
   1.4806698e+00
   1.3084724e+00
   1.1615608e+00
   1.0409423e+00
   9.4706130e-01
   8.7983814e-01
   8.3870732e-01
   8.2265484e-01
