   6.7730082e-06
   6.7528242e-06
   6.8088639e-06
   6.9409079e-06
   7.1483581e-06
   7.4302405e-06
   7.7852088e-06
   8.2115515e-06
   8.7071989e-06
   9.2697340e-06
   9.8964037e-06
   1.0584133e-05
   1.1329539e-05
   1.2128949e-05
   1.2978420e-05
   1.3873754e-05
   1.4810526e-05
   1.5784099e-05
   1.6789655e-05
   1.7822213e-05
   1.8876656e-05
   1.9947762e-05
   2.1030221e-05
   2.2118671e-05
   2.3207720e-05
   2.4291974e-05
   2.5366066e-05
   2.6424682e-05
   2.7462586e-05
   2.8474651e-05
   2.9455879e-05
   3.0401432e-05
   3.1306652e-05
   3.2167083e-05
   3.2978501e-05
   3.3736924e-05
   3.4438642e-05
   3.5080228e-05
   3.5658558e-05
   3.6170827e-05
   3.6614559e-05
   3.6987624e-05
   3.7288244e-05
   3.7515002e-05
   3.7666851e-05
   3.7743116e-05
   3.7743498e-05
   3.7668075e-05
   3.7517300e-05
   3.7292000e-05
   3.6993368e-05
   3.6622961e-05
   3.6182688e-05
   3.5674801e-05
   3.5101883e-05
   3.4466836e-05
   3.3772865e-05
   3.3023461e-05
   3.2222385e-05
   3.1373645e-05
   3.0481482e-05
   2.9550342e-05
   2.8584861e-05
   2.7589832e-05
   2.6570191e-05
   2.5530986e-05
   2.4477354e-05
   2.3414496e-05
   2.2347650e-05
   2.1282065e-05
   2.0222978e-05
   1.9175584e-05
   1.8145014e-05
   1.7136307e-05
   1.6154390e-05
   1.5204047e-05
   1.4289904e-05
   1.3416398e-05
   1.2587765e-05
   1.1808012e-05
   1.1080900e-05
   1.0409929e-05
   9.7983188e-06
   9.2489946e-06
   8.7645732e-06
   8.3473515e-06
   7.9992960e-06
   7.7220340e-06
   7.5168468e-06
   7.3846643e-06
   7.3260611e-06
   7.3412551e-06
   7.4301069e-06
   7.5921211e-06
   7.8264501e-06
   8.1318981e-06
   8.5069285e-06
   8.9496717e-06
   9.4579347e-06
   1.0029213e-05
   1.0660703e-05
   1.1349317e-05
   1.2091696e-05
   1.2884231e-05
   1.3723075e-05
   1.4604167e-05
   1.5523249e-05
   1.6475886e-05
   1.7457490e-05
   1.8463338e-05
   1.9488599e-05
   2.0528352e-05
   2.1577613e-05
   2.2631358e-05
   2.3684544e-05
   2.4732134e-05
   2.5769120e-05
   2.6790549e-05
   2.7791542e-05
   2.8767317e-05
   2.9713213e-05
   3.0624712e-05
   3.1497456e-05
   3.2327271e-05
   3.3110183e-05
   3.3842440e-05
   3.4520526e-05
   3.5141177e-05
   3.5701399e-05
   3.6198481e-05
   3.6630005e-05
   3.6993863e-05
   3.7288260e-05
   3.7511728e-05
   3.7663130e-05
   3.7741671e-05
   3.7746894e-05
   3.7678691e-05
   3.7537297e-05
   3.7323297e-05
   3.7037618e-05
   3.6681529e-05
   3.6256634e-05
   3.5764867e-05
   3.5208483e-05
   3.4590051e-05
   3.3912437e-05
   3.3178797e-05
   3.2392563e-05
   3.1557423e-05
   3.0677310e-05
   2.9756379e-05
   2.8798994e-05
   2.7809702e-05
   2.6793214e-05
   2.5754388e-05
   2.4698196e-05
   2.3629710e-05
   2.2554073e-05
   2.1476476e-05
   2.0402130e-05
   1.9336247e-05
   1.8284007e-05
   1.7250538e-05
   1.6240888e-05
   1.5260002e-05
   1.4312693e-05
   1.3403624e-05
   1.2537280e-05
   1.1717944e-05
   1.0949681e-05
   1.0236309e-05
   9.5813876e-06
   8.9881917e-06
   8.4596995e-06
   7.9985744e-06
   7.6071512e-06
   7.2874233e-06
   7.0410317e-06
   6.8692564e-06
   6.7730082e-06
