   1.1081763e-03
   1.0748309e-03
   1.0475129e-03
   1.0264420e-03
   1.0117949e-03
   1.0037038e-03
   1.0022547e-03
   1.0074875e-03
   1.0193948e-03
   1.0379228e-03
   1.0629709e-03
   1.0943934e-03
   1.1319998e-03
   1.1755569e-03
   1.2247905e-03
   1.2793875e-03
   1.3389981e-03
   1.4032391e-03
   1.4716960e-03
   1.5439266e-03
   1.6194644e-03
   1.6978213e-03
   1.7784920e-03
   1.8609567e-03
   1.9446856e-03
   2.0291417e-03
   2.1137853e-03
   2.1980770e-03
   2.2814815e-03
   2.3634711e-03
   2.4435290e-03
   2.5211525e-03
   2.5958565e-03
   2.6671761e-03
   2.7346691e-03
   2.7979196e-03
   2.8565393e-03
   2.9101704e-03
   2.9584874e-03
   3.0011989e-03
   3.0380491e-03
   3.0688193e-03
   3.0933288e-03
   3.1114360e-03
   3.1230391e-03
   3.1280763e-03
   3.1265263e-03
   3.1184082e-03
   3.1037813e-03
   3.0827448e-03
   3.0554369e-03
   3.0220344e-03
   2.9827510e-03
   2.9378367e-03
   2.8875761e-03
   2.8322865e-03
   2.7723163e-03
   2.7080430e-03
   2.6398709e-03
   2.5682285e-03
   2.4935662e-03
   2.4163535e-03
   2.3370759e-03
   2.2562325e-03
   2.1743319e-03
   2.0918900e-03
   2.0094259e-03
   1.9274588e-03
   1.8465050e-03
   1.7670735e-03
   1.6896635e-03
   1.6147605e-03
   1.5428330e-03
   1.4743293e-03
   1.4096742e-03
   1.3492662e-03
   1.2934744e-03
   1.2426359e-03
   1.1970534e-03
   1.1569930e-03
   1.1226819e-03
   1.0943074e-03
   1.0720147e-03
   1.0559066e-03
   1.0460426e-03
   1.0424383e-03
   1.0450658e-03
   1.0538539e-03
   1.0686888e-03
   1.0894156e-03
   1.1158394e-03
   1.1477276e-03
   1.1848117e-03
   1.2267906e-03
   1.2733327e-03
   1.3240798e-03
   1.3786503e-03
   1.4366429e-03
   1.4976409e-03
   1.5612159e-03
   1.6269323e-03
   1.6943511e-03
   1.7630352e-03
   1.8325523e-03
   1.9024804e-03
   1.9724108e-03
   2.0419523e-03
   2.1107348e-03
   2.1784123e-03
   2.2446660e-03
   2.3092065e-03
   2.3717758e-03
   2.4321491e-03
   2.4901352e-03
   2.5455777e-03
   2.5983542e-03
   2.6483760e-03
   2.6955870e-03
   2.7399617e-03
   2.7815033e-03
   2.8202409e-03
   2.8562264e-03
   2.8895312e-03
   2.9202425e-03
   2.9484594e-03
   2.9742889e-03
   2.9978418e-03
   3.0192285e-03
   3.0385554e-03
   3.0559209e-03
   3.0714119e-03
   3.0851011e-03
   3.0970437e-03
   3.1072757e-03
   3.1158120e-03
   3.1226453e-03
   3.1277456e-03
   3.1310602e-03
   3.1325149e-03
   3.1320143e-03
   3.1294448e-03
   3.1246761e-03
   3.1175648e-03
   3.1079572e-03
   3.0956931e-03
   3.0806102e-03
   3.0625477e-03
   3.0413508e-03
   3.0168754e-03
   2.9889918e-03
   2.9575893e-03
   2.9225799e-03
   2.8839022e-03
   2.8415245e-03
   2.7954477e-03
   2.7457079e-03
   2.6923781e-03
   2.6355695e-03
   2.5754326e-03
   2.5121573e-03
   2.4459723e-03
   2.3771445e-03
   2.3059772e-03
   2.2328083e-03
   2.1580080e-03
   2.0819753e-03
   2.0051349e-03
   1.9279339e-03
   1.8508370e-03
   1.7743229e-03
   1.6988795e-03
   1.6249995e-03
   1.5531756e-03
   1.4838962e-03
   1.4176402e-03
   1.3548733e-03
   1.2960427e-03
   1.2415739e-03
   1.1918658e-03
   1.1472879e-03
   1.1081763e-03
