   2.8387400e-07
   2.8365255e-07
   2.8558328e-07
   2.8966104e-07
   2.9586995e-07
   3.0418339e-07
   3.1456409e-07
   3.2696425e-07
   3.4132574e-07
   3.5758034e-07
   3.7565009e-07
   3.9544761e-07
   4.1687656e-07
   4.3983207e-07
   4.6420130e-07
   4.8986400e-07
   5.1669309e-07
   5.4455531e-07
   5.7331194e-07
   6.0281945e-07
   6.3293027e-07
   6.6349355e-07
   6.9435592e-07
   7.2536229e-07
   7.5635664e-07
   7.8718284e-07
   8.1768547e-07
   8.4771057e-07
   8.7710650e-07
   9.0572468e-07
   9.3342038e-07
   9.6005345e-07
   9.8548908e-07
   1.0095984e-06
   1.0322594e-06
   1.0533571e-06
   1.0727846e-06
   1.0904435e-06
   1.1062441e-06
   1.1201064e-06
   1.1319601e-06
   1.1417450e-06
   1.1494115e-06
   1.1549208e-06
   1.1582449e-06
   1.1593671e-06
   1.1582816e-06
   1.1549940e-06
   1.1495211e-06
   1.1418906e-06
   1.1321413e-06
   1.1203228e-06
   1.1064950e-06
   1.0907281e-06
   1.0731022e-06
   1.0537066e-06
   1.0326398e-06
   1.0100086e-06
   9.8592764e-07
   9.6051899e-07
   9.3391135e-07
   9.0623941e-07
   8.7764318e-07
   8.4826729e-07
   8.1826017e-07
   7.8777336e-07
   7.5696068e-07
   7.2597744e-07
   6.9497966e-07
   6.6412324e-07
   6.3356316e-07
   6.0345270e-07
   5.7394263e-07
   5.4518043e-07
   5.1730955e-07
   4.9046867e-07
   4.6479099e-07
   4.4040354e-07
   4.1742656e-07
   3.9597288e-07
   3.7614736e-07
   3.5804637e-07
   3.4175730e-07
   3.2735818e-07
   3.1491728e-07
   3.0449281e-07
   2.9613267e-07
   2.8987426e-07
   2.8574436e-07
   2.8375905e-07
   2.8392367e-07
   2.8623290e-07
   2.9067080e-07
   2.9721098e-07
   3.0581679e-07
   3.1644152e-07
   3.2902871e-07
   3.4351249e-07
   3.5981796e-07
   3.7786158e-07
   3.9755173e-07
   4.1878911e-07
   4.4146737e-07
   4.6547366e-07
   4.9068920e-07
   5.1698997e-07
   5.4424727e-07
   5.7232844e-07
   6.0109751e-07
   6.3041586e-07
   6.6014291e-07
   6.9013679e-07
   7.2025501e-07
   7.5035514e-07
   7.8029547e-07
   8.0993563e-07
   8.3913724e-07
   8.6776450e-07
   8.9568483e-07
   9.2276939e-07
   9.4889365e-07
   9.7393792e-07
   9.9778782e-07
   1.0203348e-06
   1.0414764e-06
   1.0611171e-06
   1.0791680e-06
   1.0955480e-06
   1.1101833e-06
   1.1230082e-06
   1.1339653e-06
   1.1430055e-06
   1.1500885e-06
   1.1551825e-06
   1.1582648e-06
   1.1593216e-06
   1.1583481e-06
   1.1553486e-06
   1.1503364e-06
   1.1433336e-06
   1.1343716e-06
   1.1234902e-06
   1.1107380e-06
   1.0961720e-06
   1.0798576e-06
   1.0618680e-06
   1.0422842e-06
   1.0211945e-06
   9.9869438e-07
   9.7488596e-07
   9.4987761e-07
   9.2378355e-07
   8.9672335e-07
   8.6882147e-07
   8.4020670e-07
   8.1101164e-07
   7.8137213e-07
   7.5142663e-07
   7.2131562e-07
   6.9118099e-07
   6.6116535e-07
   6.3141141e-07
   6.0206129e-07
   5.7325584e-07
   5.4513400e-07
   5.1783204e-07
   4.9148299e-07
   4.6621587e-07
   4.4215510e-07
   4.1941983e-07
   3.9812330e-07
   3.7837228e-07
   3.6026643e-07
   3.4389782e-07
   3.2935037e-07
   3.1669938e-07
   3.0601112e-07
   2.9734244e-07
   2.9074041e-07
   2.8624202e-07
   2.8387400e-07
