   7.8504107e-05
   7.8483979e-05
   7.8462832e-05
   7.8440834e-05
   7.8418150e-05
   7.8394942e-05
   7.8371365e-05
   7.8347569e-05
   7.8323697e-05
   7.8299883e-05
   7.8276252e-05
   7.8252919e-05
   7.8229989e-05
   7.8207558e-05
   7.8185708e-05
   7.8164514e-05
   7.8144039e-05
   7.8124336e-05
   7.8105446e-05
   7.8087404e-05
   7.8070234e-05
   7.8053953e-05
   7.8038568e-05
   7.8024081e-05
   7.8010488e-05
   7.7997777e-05
   7.7985933e-05
   7.7974937e-05
   7.7964765e-05
   7.7955393e-05
   7.7946793e-05
   7.7938936e-05
   7.7931791e-05
   7.7925330e-05
   7.7919521e-05
   7.7914337e-05
   7.7909750e-05
   7.7905732e-05
   7.7902261e-05
   7.7899313e-05
   7.7896870e-05
   7.7894913e-05
   7.7893430e-05
   7.7892408e-05
   7.7891840e-05
   7.7891721e-05
   7.7892049e-05
   7.7892825e-05
   7.7894056e-05
   7.7895748e-05
   7.7897913e-05
   7.7900566e-05
   7.7903722e-05
   7.7907403e-05
   7.7911630e-05
   7.7916429e-05
   7.7921825e-05
   7.7927848e-05
   7.7934525e-05
   7.7941888e-05
   7.7949968e-05
   7.7958794e-05
   7.7968397e-05
   7.7978804e-05
   7.7990042e-05
   7.8002136e-05
   7.8015104e-05
   7.8028964e-05
   7.8043726e-05
   7.8059397e-05
   7.8075975e-05
   7.8093454e-05
   7.8111817e-05
   7.8131041e-05
   7.8151093e-05
   7.8171930e-05
   7.8193500e-05
   7.8215740e-05
   7.8238577e-05
   7.8261925e-05
   7.8285690e-05
   7.8309766e-05
   7.8334038e-05
   7.8358379e-05
   7.8382654e-05
   7.8406719e-05
   7.8430422e-05
   7.8453607e-05
   7.8476109e-05
   7.8497761e-05
   7.8518394e-05
   7.8537837e-05
   7.8555920e-05
   7.8572478e-05
   7.8587348e-05
   7.8600375e-05
   7.8611412e-05
   7.8620322e-05
   7.8626983e-05
   7.8631284e-05
   7.8633133e-05
   7.8632454e-05
   7.8629191e-05
   7.8623309e-05
   7.8614794e-05
   7.8603656e-05
   7.8589928e-05
   7.8573668e-05
   7.8554956e-05
   7.8533899e-05
   7.8510626e-05
   7.8485291e-05
   7.8458068e-05
   7.8429156e-05
   7.8398769e-05
   7.8367142e-05
   7.8334526e-05
   7.8301184e-05
   7.8267391e-05
   7.8233431e-05
   7.8199594e-05
   7.8166171e-05
   7.8133456e-05
   7.8101737e-05
   7.8071299e-05
   7.8042414e-05
   7.8015344e-05
   7.7990337e-05
   7.7967622e-05
   7.7947407e-05
   7.7929880e-05
   7.7915201e-05
   7.7903508e-05
   7.7894906e-05
   7.7889474e-05
   7.7887261e-05
   7.7888284e-05
   7.7892530e-05
   7.7899956e-05
   7.7910487e-05
   7.7924021e-05
   7.7940427e-05
   7.7959546e-05
   7.7981197e-05
   7.8005174e-05
   7.8031252e-05
   7.8059188e-05
   7.8088721e-05
   7.8119583e-05
   7.8151491e-05
   7.8184159e-05
   7.8217297e-05
   7.8250614e-05
   7.8283821e-05
   7.8316637e-05
   7.8348786e-05
   7.8380005e-05
   7.8410045e-05
   7.8438670e-05
   7.8465664e-05
   7.8490829e-05
   7.8513988e-05
   7.8534987e-05
   7.8553696e-05
   7.8570004e-05
   7.8583830e-05
   7.8595113e-05
   7.8603818e-05
   7.8609933e-05
   7.8613467e-05
   7.8614454e-05
   7.8612946e-05
   7.8609016e-05
   7.8602753e-05
   7.8594265e-05
   7.8583671e-05
   7.8571104e-05
   7.8556709e-05
   7.8540638e-05
   7.8523049e-05
   7.8504107e-05
