   1.2052655e+00
   1.1841867e+00
   1.1614926e+00
   1.1372833e+00
   1.1116672e+00
   1.0847645e+00
   1.0567121e+00
   1.0276679e+00
   9.9781507e-01
   9.6736769e-01
   9.3657467e-01
   9.0572408e-01
   8.7514644e-01
   8.4521686e-01
   8.1635565e-01
   7.8902708e-01
   7.6373573e-01
   7.4102033e-01
   7.2144467e-01
   7.0558549e-01
   6.9401745e-01
   6.8729530e-01
   6.8593375e-01
   6.9038565e-01
   7.0101933e-01
   7.1809617e-01
   7.4174951e-01
   7.7196616e-01
   8.0857171e-01
   8.5122065e-01
   8.9939230e-01
   9.5239327e-01
   1.0093665e+00
   1.0693075e+00
   1.1310860e+00
   1.1934748e+00
   1.2551815e+00
   1.3148848e+00
   1.3712721e+00
   1.4230775e+00
   1.4691190e+00
   1.5083332e+00
   1.5398061e+00
   1.5628002e+00
   1.5767754e+00
   1.5814043e+00
   1.5765818e+00
   1.5624277e+00
   1.5392828e+00
   1.5076992e+00
   1.4684239e+00
   1.4223774e+00
   1.3706262e+00
   1.3143522e+00
   1.2548180e+00
   1.1933301e+00
   1.1312014e+00
   1.0697141e+00
   1.0100846e+00
   9.5343162e-01
   9.0074903e-01
   8.5288397e-01
   8.1052146e-01
   7.7417549e-01
   7.4418688e-01
   7.2072727e-01
   7.0380897e-01
   6.9329943e-01
   6.8893953e-01
   6.9036430e-01
   6.9712503e-01
   7.0871166e-01
   7.2457421e-01
   7.4414273e-01
   7.6684487e-01
   7.9212078e-01
   8.1943509e-01
   8.4828592e-01
   8.7821110e-01
   9.0879175e-01
   9.3965362e-01
   9.7046653e-01
   1.0009423e+00
   1.0308314e+00
   1.0599192e+00
   1.0880212e+00
   1.1149786e+00
   1.1406530e+00
   1.1649228e+00
   1.1876782e+00
   1.2088177e+00
   1.2282453e+00
   1.2458672e+00
   1.2615908e+00
   1.2753229e+00
   1.2869703e+00
   1.2964403e+00
   1.3036427e+00
   1.3084926e+00
   1.3109155e+00
   1.3108516e+00
   1.3082631e+00
   1.3031415e+00
   1.2955159e+00
   1.2854613e+00
   1.2731082e+00
   1.2586500e+00
   1.2423506e+00
   1.2245495e+00
   1.2056646e+00
   1.1861912e+00
   1.1666973e+00
   1.1478145e+00
   1.1302230e+00
   1.1146323e+00
   1.1017565e+00
   1.0922852e+00
   1.0868513e+00
   1.0859968e+00
   1.0901380e+00
   1.0995337e+00
   1.1142562e+00
   1.1341699e+00
   1.1589180e+00
   1.1879198e+00
   1.2203800e+00
   1.2553094e+00
   1.2915592e+00
   1.3278653e+00
   1.3629020e+00
   1.3953424e+00
   1.4239218e+00
   1.4475002e+00
   1.4651208e+00
   1.4760596e+00
   1.4798639e+00
   1.4763763e+00
   1.4657435e+00
   1.4484076e+00
   1.4250831e+00
   1.3967186e+00
   1.3644469e+00
   1.3295276e+00
   1.2932842e+00
   1.2570408e+00
   1.2220619e+00
   1.1894983e+00
   1.1603425e+00
   1.1353946e+00
   1.1152413e+00
   1.1002457e+00
   1.0905504e+00
   1.0860902e+00
   1.0866134e+00
   1.0917102e+00
   1.1008449e+00
   1.1133902e+00
   1.1286611e+00
   1.1459479e+00
   1.1645442e+00
   1.1837723e+00
   1.2030026e+00
   1.2216681e+00
   1.2392739e+00
   1.2554024e+00
   1.2697135e+00
   1.2819429e+00
   1.2918958e+00
   1.2994409e+00
   1.3045016e+00
   1.3070474e+00
   1.3070855e+00
   1.3046522e+00
   1.2998055e+00
   1.2926188e+00
   1.2831751e+00
   1.2715634e+00
   1.2578749e+00
   1.2422014e+00
   1.2246345e+00
   1.2052655e+00
