   7.1885118e-01
   7.0803231e-01
   7.0908121e-01
   7.2116161e-01
   7.4353815e-01
   7.7557996e-01
   8.1675751e-01
   8.6663278e-01
   9.2484310e-01
   9.9107883e-01
   1.0650556e+00
   1.1464816e+00
   1.2350208e+00
   1.3302543e+00
   1.4316394e+00
   1.5384711e+00
   1.6498455e+00
   1.7646303e+00
   1.8814428e+00
   1.9986398e+00
   2.1143220e+00
   2.2263534e+00
   2.3324002e+00
   2.4299877e+00
   2.5165760e+00
   2.5896534e+00
   2.6468437e+00
   2.6860240e+00
   2.7054472e+00
   2.7038623e+00
   2.6806248e+00
   2.6357903e+00
   2.5701819e+00
   2.4854257e+00
   2.3839482e+00
   2.2689319e+00
   2.1442281e+00
   2.0142273e+00
   1.8836939e+00
   1.7575697e+00
   1.6407576e+00
   1.5378971e+00
   1.4531435e+00
   1.3899656e+00
   1.3509721e+00
   1.3377800e+00
   1.3509320e+00
   1.3898689e+00
   1.4529579e+00
   1.5375767e+00
   1.6402457e+00
   1.7568018e+00
   1.8826018e+00
   2.0127429e+00
   2.1422873e+00
   2.2664787e+00
   2.3809374e+00
   2.4818259e+00
   2.5659773e+00
   2.6309819e+00
   2.6752307e+00
   2.6979173e+00
   2.6990018e+00
   2.6791423e+00
   2.6396018e+00
   2.5821364e+00
   2.5088755e+00
   2.4221990e+00
   2.3246198e+00
   2.2186763e+00
   2.1068394e+00
   1.9914374e+00
   1.8745987e+00
   1.7582144e+00
   1.6439181e+00
   1.5330824e+00
   1.4268294e+00
   1.3260524e+00
   1.2314465e+00
   1.1435441e+00
   1.0627550e+00
   9.8940614e-01
   9.2378090e-01
   8.6615589e-01
   8.1683351e-01
   7.7616977e-01
   7.4459654e-01
   7.2263772e-01
   7.1091904e-01
   7.1017117e-01
   7.2122610e-01
   7.4500667e-01
   7.8250901e-01
   8.3477796e-01
   9.0287525e-01
   9.8784032e-01
   1.0906441e+00
   1.2121360e+00
   1.3529841e+00
   1.5136113e+00
   1.6941259e+00
   1.8942522e+00
   2.1132599e+00
   2.3498981e+00
   2.6023361e+00
   2.8681158e+00
   3.1441194e+00
   3.4265579e+00
   3.7109845e+00
   3.9923378e+00
   4.2650172e+00
   4.5229945e+00
   4.7599615e+00
   4.9695128e+00
   5.1453612e+00
   5.2815794e+00
   5.3728604e+00
   5.4147855e+00
   5.4040876e+00
   5.3388953e+00
   5.2189425e+00
   5.0457278e+00
   4.8226110e+00
   4.5548321e+00
   4.2494463e+00
   3.9151686e+00
   3.5621301e+00
   3.2015493e+00
   2.8453320e+00
   2.5056162e+00
   2.1942808e+00
   1.9224462e+00
   1.6999900e+00
   1.5351061e+00
   1.4339323e+00
   1.4002662e+00
   1.4353889e+00
   1.5380041e+00
   1.7042990e+00
   1.9281208e+00
   2.2012610e+00
   2.5138275e+00
   2.8546863e+00
   3.2119453e+00
   3.5734548e+00
   3.9272979e+00
   4.2622468e+00
   4.5681635e+00
   4.8363273e+00
   5.0596799e+00
   5.2329808e+00
   5.3528721e+00
   5.4178593e+00
   5.4282155e+00
   5.3858209e+00
   5.2939539e+00
   5.1570458e+00
   4.9804181e+00
   4.7700132e+00
   4.5321343e+00
   4.2732031e+00
   3.9995440e+00
   3.7172009e+00
   3.4317893e+00
   3.1483848e+00
   2.8714469e+00
   2.6047762e+00
   2.3515003e+00
   2.1140861e+00
   1.8943713e+00
   1.6936122e+00
   1.5125434e+00
   1.3514436e+00
   1.2102060e+00
   1.0884085e+00
   9.8538266e-01
   9.0027795e-01
   8.3212166e-01
   7.7987202e-01
   7.4246453e-01
   7.1885118e-01
