   4.9861296e-01
   4.9840265e-01
   4.9834426e-01
   4.9843875e-01
   4.9868618e-01
   4.9908576e-01
   4.9963576e-01
   5.0033364e-01
   5.0117594e-01
   5.0215838e-01
   5.0327588e-01
   5.0452255e-01
   5.0589175e-01
   5.0737615e-01
   5.0896776e-01
   5.1065795e-01
   5.1243758e-01
   5.1429696e-01
   5.1622600e-01
   5.1821422e-01
   5.2025081e-01
   5.2232474e-01
   5.2442479e-01
   5.2653960e-01
   5.2865779e-01
   5.3076799e-01
   5.3285890e-01
   5.3491938e-01
   5.3693846e-01
   5.3890548e-01
   5.4081005e-01
   5.4264219e-01
   5.4439230e-01
   5.4605129e-01
   5.4761054e-01
   5.4906200e-01
   5.5039821e-01
   5.5161231e-01
   5.5269811e-01
   5.5365006e-01
   5.5446334e-01
   5.5513382e-01
   5.5565811e-01
   5.5603358e-01
   5.5625831e-01
   5.5633118e-01
   5.5625182e-01
   5.5602063e-01
   5.5563876e-01
   5.5510813e-01
   5.5443141e-01
   5.5361201e-01
   5.5265408e-01
   5.5156246e-01
   5.5034269e-01
   5.4900101e-01
   5.4754425e-01
   5.4597989e-01
   5.4431599e-01
   5.4256114e-01
   5.4072446e-01
   5.3881550e-01
   5.3684424e-01
   5.3482105e-01
   5.3275657e-01
   5.3066174e-01
   5.2854768e-01
   5.2642564e-01
   5.2430696e-01
   5.2220300e-01
   5.2012507e-01
   5.1808434e-01
   5.1609182e-01
   5.1415826e-01
   5.1229411e-01
   5.1050944e-01
   5.0881387e-01
   5.0721653e-01
   5.0572600e-01
   5.0435025e-01
   5.0309660e-01
   5.0197165e-01
   5.0098127e-01
   5.0013054e-01
   4.9942375e-01
   4.9886434e-01
   4.9845487e-01
   4.9819708e-01
   4.9809178e-01
   4.9813895e-01
   4.9833765e-01
   4.9868612e-01
   4.9918170e-01
   4.9982097e-01
   5.0059966e-01
   5.0151277e-01
   5.0255458e-01
   5.0371869e-01
   5.0499808e-01
   5.0638517e-01
   5.0787184e-01
   5.0944958e-01
   5.1110943e-01
   5.1284218e-01
   5.1463831e-01
   5.1648817e-01
   5.1838197e-01
   5.2030989e-01
   5.2226213e-01
   5.2422897e-01
   5.2620085e-01
   5.2816841e-01
   5.3012255e-01
   5.3205446e-01
   5.3395570e-01
   5.3581822e-01
   5.3763436e-01
   5.3939691e-01
   5.4109913e-01
   5.4273475e-01
   5.4429797e-01
   5.4578347e-01
   5.4718640e-01
   5.4850237e-01
   5.4972744e-01
   5.5085810e-01
   5.5189125e-01
   5.5282418e-01
   5.5365451e-01
   5.5438024e-01
   5.5499967e-01
   5.5551136e-01
   5.5591419e-01
   5.5620726e-01
   5.5638992e-01
   5.5646174e-01
   5.5642254e-01
   5.5627233e-01
   5.5601137e-01
   5.5564014e-01
   5.5515936e-01
   5.5457003e-01
   5.5387340e-01
   5.5307105e-01
   5.5216485e-01
   5.5115706e-01
   5.5005026e-01
   5.4884748e-01
   5.4755215e-01
   5.4616812e-01
   5.4469974e-01
   5.4315181e-01
   5.4152964e-01
   5.3983899e-01
   5.3808616e-01
   5.3627790e-01
   5.3442145e-01
   5.3252449e-01
   5.3059513e-01
   5.2864190e-01
   5.2667364e-01
   5.2469955e-01
   5.2272908e-01
   5.2077188e-01
   5.1883778e-01
   5.1693666e-01
   5.1507847e-01
   5.1327309e-01
   5.1153031e-01
   5.0985972e-01
   5.0827067e-01
   5.0677220e-01
   5.0537296e-01
   5.0408114e-01
   5.0290443e-01
   5.0184994e-01
   5.0092415e-01
   5.0013286e-01
   4.9948116e-01
   4.9897335e-01
   4.9861296e-01
