   2.0275948e-01
   2.0151523e-01
   2.0031991e-01
   1.9918104e-01
   1.9810516e-01
   1.9709780e-01
   1.9616350e-01
   1.9530579e-01
   1.9452724e-01
   1.9382944e-01
   1.9321306e-01
   1.9267792e-01
   1.9222297e-01
   1.9184642e-01
   1.9154572e-01
   1.9131772e-01
   1.9115868e-01
   1.9106434e-01
   1.9103005e-01
   1.9105081e-01
   1.9112135e-01
   1.9123622e-01
   1.9138990e-01
   1.9157683e-01
   1.9179148e-01
   1.9202847e-01
   1.9228260e-01
   1.9254888e-01
   1.9282263e-01
   1.9309948e-01
   1.9337541e-01
   1.9364678e-01
   1.9391031e-01
   1.9416313e-01
   1.9440274e-01
   1.9462698e-01
   1.9483407e-01
   1.9502251e-01
   1.9519111e-01
   1.9533889e-01
   1.9546513e-01
   1.9556927e-01
   1.9565090e-01
   1.9570972e-01
   1.9574556e-01
   1.9575829e-01
   1.9574789e-01
   1.9571438e-01
   1.9565785e-01
   1.9557848e-01
   1.9547656e-01
   1.9535248e-01
   1.9520680e-01
   1.9504025e-01
   1.9485378e-01
   1.9464859e-01
   1.9442617e-01
   1.9418834e-01
   1.9393723e-01
   1.9367535e-01
   1.9340561e-01
   1.9313127e-01
   1.9285599e-01
   1.9258380e-01
   1.9231909e-01
   1.9206656e-01
   1.9183120e-01
   1.9161824e-01
   1.9143307e-01
   1.9128122e-01
   1.9116827e-01
   1.9109976e-01
   1.9108114e-01
   1.9111769e-01
   1.9121440e-01
   1.9137595e-01
   1.9160658e-01
   1.9191003e-01
   1.9228946e-01
   1.9274739e-01
   1.9328563e-01
   1.9390519e-01
   1.9460626e-01
   1.9538815e-01
   1.9624924e-01
   1.9718695e-01
   1.9819773e-01
   1.9927701e-01
   2.0041925e-01
   2.0161787e-01
   2.0286535e-01
   2.0415317e-01
   2.0547195e-01
   2.0681140e-01
   2.0816047e-01
   2.0950741e-01
   2.1083984e-01
   2.1214490e-01
   2.1340935e-01
   2.1461975e-01
   2.1576256e-01
   2.1682440e-01
   2.1779213e-01
   2.1865312e-01
   2.1939545e-01
   2.2000805e-01
   2.2048102e-01
   2.2080572e-01
   2.2097509e-01
   2.2098374e-01
   2.2082823e-01
   2.2050713e-01
   2.2002123e-01
   2.1937363e-01
   2.1856979e-01
   2.1761757e-01
   2.1652724e-01
   2.1531139e-01
   2.1398486e-01
   2.1256457e-01
   2.1106933e-01
   2.0951956e-01
   2.0793707e-01
   2.0634463e-01
   2.0476569e-01
   2.0322396e-01
   2.0174295e-01
   2.0034563e-01
   1.9905393e-01
   1.9788838e-01
   1.9686766e-01
   1.9600830e-01
   1.9532428e-01
   1.9482679e-01
   1.9452398e-01
   1.9442081e-01
   1.9451896e-01
   1.9481675e-01
   1.9530920e-01
   1.9598816e-01
   1.9684244e-01
   1.9785803e-01
   1.9901843e-01
   2.0030496e-01
   2.0169708e-01
   2.0317288e-01
   2.0470940e-01
   2.0628313e-01
   2.0787039e-01
   2.0944776e-01
   2.1099247e-01
   2.1248275e-01
   2.1389820e-01
   2.1522003e-01
   2.1643135e-01
   2.1751736e-01
   2.1846548e-01
   2.1926547e-01
   2.1990950e-01
   2.2039212e-01
   2.2071026e-01
   2.2086315e-01
   2.2085222e-01
   2.2068094e-01
   2.2035469e-01
   2.1988055e-01
   2.1926715e-01
   2.1852441e-01
   2.1766336e-01
   2.1669594e-01
   2.1563476e-01
   2.1449294e-01
   2.1328387e-01
   2.1202104e-01
   2.1071789e-01
   2.0938763e-01
   2.0804309e-01
   2.0669664e-01
   2.0536000e-01
   2.0404420e-01
   2.0275948e-01
