   2.3963624e-01
   2.2198447e-01
   2.0613255e-01
   1.9210099e-01
   1.7989699e-01
   1.6951565e-01
   1.6094110e-01
   1.5414771e-01
   1.4910135e-01
   1.4576058e-01
   1.4407795e-01
   1.4400115e-01
   1.4547418e-01
   1.4843836e-01
   1.5283318e-01
   1.5859687e-01
   1.6566673e-01
   1.7397900e-01
   1.8346842e-01
   1.9406727e-01
   2.0570397e-01
   2.1830135e-01
   2.3177450e-01
   2.4602852e-01
   2.6095613e-01
   2.7643555e-01
   2.9232880e-01
   3.0848067e-01
   3.2471863e-01
   3.4085395e-01
   3.5668411e-01
   3.7199676e-01
   3.8657492e-01
   4.0020365e-01
   4.1267760e-01
   4.2380923e-01
   4.3343715e-01
   4.4143402e-01
   4.4771335e-01
   4.5223468e-01
   4.5500655e-01
   4.5608697e-01
   4.5558098e-01
   4.5363556e-01
   4.5043178e-01
   4.4617487e-01
   4.4108269e-01
   4.3537338e-01
   4.2925306e-01
   4.2290440e-01
   4.1647696e-01
   4.1007983e-01
   4.0377721e-01
   3.9758716e-01
   3.9148347e-01
   3.8540062e-01
   3.7924121e-01
   3.7288547e-01
   3.6620198e-01
   3.5905889e-01
   3.5133492e-01
   3.4292940e-01
   3.3377082e-01
   3.2382331e-01
   3.1309101e-01
   3.0162003e-01
   2.8949817e-01
   2.7685251e-01
   2.6384530e-01
   2.5066839e-01
   2.3753671e-01
   2.2468114e-01
   2.1234135e-01
   2.0075861e-01
   1.9016933e-01
   1.8079906e-01
   1.7285750e-01
   1.6653432e-01
   1.6199589e-01
   1.5938287e-01
   1.5880858e-01
   1.6035806e-01
   1.6408766e-01
   1.7002515e-01
   1.7817020e-01
   1.8849503e-01
   2.0094530e-01
   2.1544088e-01
   2.3187673e-01
   2.5012356e-01
   2.7002846e-01
   2.9141547e-01
   3.1408609e-01
   3.3781986e-01
   3.6237505e-01
   3.8748956e-01
   4.1288215e-01
   4.3825406e-01
   4.6329124e-01
   4.8766713e-01
   5.1104628e-01
   5.3308867e-01
   5.5345502e-01
   5.7181284e-01
   5.8784344e-01
   6.0124960e-01
   6.1176396e-01
   6.1915776e-01
   6.2324976e-01
   6.2391497e-01
   6.2109291e-01
   6.1479482e-01
   6.0510961e-01
   5.9220782e-01
   5.7634352e-01
   5.5785354e-01
   5.3715386e-01
   5.1473302e-01
   4.9114250e-01
   4.6698426e-01
   4.4289566e-01
   4.1953229e-01
   3.9754929e-01
   3.7758195e-01
   3.6022630e-01
   3.4602063e-01
   3.3542878e-01
   3.2882591e-01
   3.2648738e-01
   3.2858128e-01
   3.3516471e-01
   3.4618400e-01
   3.6147860e-01
   3.8078843e-01
   4.0376420e-01
   4.2997999e-01
   4.5894755e-01
   4.9013150e-01
   5.2296474e-01
   5.5686345e-01
   5.9124119e-01
   6.2552161e-01
   6.5914968e-01
   6.9160107e-01
   7.2238994e-01
   7.5107494e-01
   7.7726376e-01
   8.0061632e-01
   8.2084669e-01
   8.3772413e-01
   8.5107316e-01
   8.6077295e-01
   8.6675604e-01
   8.6900647e-01
   8.6755738e-01
   8.6248805e-01
   8.5392055e-01
   8.4201583e-01
   8.2696953e-01
   8.0900740e-01
   7.8838047e-01
   7.6536009e-01
   7.4023296e-01
   7.1329613e-01
   6.8485222e-01
   6.5520494e-01
   6.2465486e-01
   5.9349569e-01
   5.6201096e-01
   5.3047121e-01
   4.9913170e-01
   4.6823060e-01
   4.3798766e-01
   4.0860328e-01
   3.8025805e-01
   3.5311254e-01
   3.2730747e-01
   3.0296403e-01
   2.8018453e-01
   2.5905303e-01
   2.3963624e-01
