   3.0075274e-01
   2.9413769e-01
   2.8758510e-01
   2.8113734e-01
   2.7482962e-01
   2.6869013e-01
   2.6274023e-01
   2.5699484e-01
   2.5146291e-01
   2.4614795e-01
   2.4104869e-01
   2.3615978e-01
   2.3147246e-01
   2.2697534e-01
   2.2265510e-01
   2.1849721e-01
   2.1448653e-01
   2.1060794e-01
   2.0684676e-01
   2.0318924e-01
   1.9962274e-01
   1.9613599e-01
   1.9271912e-01
   1.8936360e-01
   1.8606211e-01
   1.8280832e-01
   1.7959657e-01
   1.7642153e-01
   1.7327782e-01
   1.7015968e-01
   1.6706062e-01
   1.6397314e-01
   1.6088855e-01
   1.5779688e-01
   1.5468694e-01
   1.5154641e-01
   1.4836223e-01
   1.4512093e-01
   1.4180924e-01
   1.3841466e-01
   1.3492618e-01
   1.3133504e-01
   1.2763545e-01
   1.2382530e-01
   1.1990679e-01
   1.1588700e-01
   1.1177823e-01
   1.0759828e-01
   1.0337044e-01
   9.9123416e-02
   9.4890906e-02
   9.0711131e-02
   8.6626111e-02
   8.2680824e-02
   7.8922256e-02
   7.5398365e-02
   7.2157024e-02
   6.9244962e-02
   6.6706770e-02
   6.4583983e-02
   6.2914295e-02
   6.1730926e-02
   6.1062156e-02
   6.0931050e-02
   6.1355358e-02
   6.2347611e-02
   6.3915372e-02
   6.6061636e-02
   6.8785354e-02
   7.2082037e-02
   7.5944417e-02
   8.0363126e-02
   8.5327356e-02
   9.0825462e-02
   9.6845492e-02
   1.0337560e-01
   1.1040433e-01
   1.1792077e-01
   1.2591453e-01
   1.3437559e-01
   1.4329398e-01
   1.5265933e-01
   1.6246029e-01
   1.7268389e-01
   1.8331470e-01
   1.9433411e-01
   2.0571944e-01
   2.1744316e-01
   2.2947206e-01
   2.4176661e-01
   2.5428026e-01
   2.6695902e-01
   2.7974114e-01
   2.9255688e-01
   3.0532861e-01
   3.1797104e-01
   3.3039164e-01
   3.4249137e-01
   3.5416551e-01
   3.6530485e-01
   3.7579694e-01
   3.8552764e-01
   3.9438278e-01
   4.0224999e-01
   4.0902068e-01
   4.1459200e-01
   4.1886901e-01
   4.2176666e-01
   4.2321194e-01
   4.2314578e-01
   4.2152492e-01
   4.1832358e-01
   4.1353490e-01
   4.0717209e-01
   3.9926939e-01
   3.8988253e-01
   3.7908891e-01
   3.6698739e-01
   3.5369765e-01
   3.3935904e-01
   3.2412921e-01
   3.0818208e-01
   2.9170565e-01
   2.7489930e-01
   2.5797085e-01
   2.4113334e-01
   2.2460165e-01
   2.0858890e-01
   1.9330290e-01
   1.7894260e-01
   1.6569459e-01
   1.5372983e-01
   1.4320067e-01
   1.3423816e-01
   1.2694976e-01
   1.2141754e-01
   1.1769684e-01
   1.1581549e-01
   1.1577352e-01
   1.1754350e-01
   1.2107133e-01
   1.2627760e-01
   1.3305940e-01
   1.4129252e-01
   1.5083410e-01
   1.6152549e-01
   1.7319536e-01
   1.8566298e-01
   1.9874153e-01
   2.1224149e-01
   2.2597381e-01
   2.3975309e-01
   2.5340043e-01
   2.6674614e-01
   2.7963206e-01
   2.9191355e-01
   3.0346124e-01
   3.1416226e-01
   3.2392117e-01
   3.3266056e-01
   3.4032120e-01
   3.4686192e-01
   3.5225917e-01
   3.5650628e-01
   3.5961246e-01
   3.6160163e-01
   3.6251105e-01
   3.6238980e-01
   3.6129716e-01
   3.5930097e-01
   3.5647591e-01
   3.5290182e-01
   3.4866202e-01
   3.4384171e-01
   3.3852648e-01
   3.3280087e-01
   3.2674709e-01
   3.2044387e-01
   3.1396546e-01
   3.0738078e-01
   3.0075274e-01
