   2.6764948e-02
   2.4529152e-02
   2.2671267e-02
   2.1201923e-02
   2.0129459e-02
   1.9459887e-02
   1.9196864e-02
   1.9341670e-02
   1.9893192e-02
   2.0847916e-02
   2.2199927e-02
   2.3940910e-02
   2.6060167e-02
   2.8544640e-02
   3.1378946e-02
   3.4545425e-02
   3.8024203e-02
   4.1793274e-02
   4.5828598e-02
   5.0104214e-02
   5.4592377e-02
   5.9263717e-02
   6.4087408e-02
   6.9031371e-02
   7.4062480e-02
   7.9146802e-02
   8.4249840e-02
   8.9336796e-02
   9.4372847e-02
   9.9323423e-02
   1.0415450e-01
   1.0883287e-01
   1.1332644e-01
   1.1760454e-01
   1.2163811e-01
   1.2540004e-01
   1.2886534e-01
   1.3201138e-01
   1.3481810e-01
   1.3726810e-01
   1.3934685e-01
   1.4104271e-01
   1.4234708e-01
   1.4325434e-01
   1.4376192e-01
   1.4387023e-01
   1.4358263e-01
   1.4290529e-01
   1.4184714e-01
   1.4041965e-01
   1.3863675e-01
   1.3651461e-01
   1.3407142e-01
   1.3132728e-01
   1.2830388e-01
   1.2502438e-01
   1.2151312e-01
   1.1779547e-01
   1.1389756e-01
   1.0984610e-01
   1.0566820e-01
   1.0139113e-01
   9.7042165e-02
   9.2648419e-02
   8.8236656e-02
   8.3833151e-02
   7.9463547e-02
   7.5152721e-02
   7.0924662e-02
   6.6802363e-02
   6.2807716e-02
   5.8961426e-02
   5.5282922e-02
   5.1790289e-02
   4.8500200e-02
   4.5427862e-02
   4.2586963e-02
   3.9989634e-02
   3.7646412e-02
   3.5566213e-02
   3.3756315e-02
   3.2222341e-02
   3.0968254e-02
   2.9996362e-02
   2.9307319e-02
   2.8900147e-02
   2.8772255e-02
   2.8919476e-02
   2.9336103e-02
   3.0014940e-02
   3.0947364e-02
   3.2123395e-02
   3.3531779e-02
   3.5160079e-02
   3.6994787e-02
   3.9021436e-02
   4.1224731e-02
   4.3588694e-02
   4.6096811e-02
   4.8732198e-02
   5.1477772e-02
   5.4316429e-02
   5.7231232e-02
   6.0205592e-02
   6.3223462e-02
   6.6269521e-02
   6.9329351e-02
   7.2389604e-02
   7.5438159e-02
   7.8464258e-02
   8.1458615e-02
   8.4413505e-02
   8.7322817e-02
   9.0182080e-02
   9.2988441e-02
   9.5740619e-02
   9.8438805e-02
   1.0108453e-01
   1.0368051e-01
   1.0623039e-01
   1.0873856e-01
   1.1120985e-01
   1.1364924e-01
   1.1606155e-01
   1.1845114e-01
   1.2082156e-01
   1.2317529e-01
   1.2551340e-01
   1.2783531e-01
   1.3013858e-01
   1.3241873e-01
   1.3466906e-01
   1.3688066e-01
   1.3904233e-01
   1.4114066e-01
   1.4316017e-01
   1.4508344e-01
   1.4689140e-01
   1.4856358e-01
   1.5007850e-01
   1.5141400e-01
   1.5254770e-01
   1.5345738e-01
   1.5412149e-01
   1.5451951e-01
   1.5463245e-01
   1.5444321e-01
   1.5393696e-01
   1.5310150e-01
   1.5192752e-01
   1.5040881e-01
   1.4854250e-01
   1.4632913e-01
   1.4377272e-01
   1.4088075e-01
   1.3766414e-01
   1.3413712e-01
   1.3031704e-01
   1.2622423e-01
   1.2188169e-01
   1.1731490e-01
   1.1255145e-01
   1.0762076e-01
   1.0255379e-01
   9.7382657e-02
   9.2140365e-02
   8.6860451e-02
   8.1576695e-02
   7.6322823e-02
   7.1132232e-02
   6.6037732e-02
   6.1071310e-02
   5.6263915e-02
   5.1645263e-02
   4.7243661e-02
   4.3085855e-02
   3.9196895e-02
   3.5600017e-02
   3.2316538e-02
   2.9365771e-02
   2.6764948e-02
