   5.5649308e-03
   5.5392743e-03
   5.5136325e-03
   5.4881981e-03
   5.4631515e-03
   5.4386591e-03
   5.4148725e-03
   5.3919277e-03
   5.3699442e-03
   5.3490248e-03
   5.3292554e-03
   5.3107053e-03
   5.2934269e-03
   5.2774567e-03
   5.2628157e-03
   5.2495102e-03
   5.2375328e-03
   5.2268630e-03
   5.2174688e-03
   5.2093078e-03
   5.2023280e-03
   5.1964696e-03
   5.1916657e-03
   5.1878441e-03
   5.1849281e-03
   5.1828379e-03
   5.1814917e-03
   5.1808065e-03
   5.1806995e-03
   5.1810888e-03
   5.1818942e-03
   5.1830380e-03
   5.1844454e-03
   5.1860456e-03
   5.1877717e-03
   5.1895614e-03
   5.1913570e-03
   5.1931063e-03
   5.1947619e-03
   5.1962821e-03
   5.1976306e-03
   5.1987766e-03
   5.1996950e-03
   5.2003661e-03
   5.2007759e-03
   5.2009162e-03
   5.2007842e-03
   5.2003826e-03
   5.1997200e-03
   5.1988103e-03
   5.1976734e-03
   5.1963345e-03
   5.1948244e-03
   5.1931795e-03
   5.1914418e-03
   5.1896585e-03
   5.1878823e-03
   5.1861708e-03
   5.1845863e-03
   5.1831960e-03
   5.1820708e-03
   5.1812856e-03
   5.1809181e-03
   5.1810486e-03
   5.1817593e-03
   5.1831329e-03
   5.1852523e-03
   5.1881995e-03
   5.1920543e-03
   5.1968932e-03
   5.2027885e-03
   5.2098069e-03
   5.2180082e-03
   5.2274440e-03
   5.2381567e-03
   5.2501781e-03
   5.2635283e-03
   5.2782144e-03
   5.2942300e-03
   5.3115535e-03
   5.3301482e-03
   5.3499612e-03
   5.3709228e-03
   5.3929468e-03
   5.4159298e-03
   5.4397520e-03
   5.4642770e-03
   5.4893527e-03
   5.5148123e-03
   5.5404752e-03
   5.5661481e-03
   5.5916273e-03
   5.6166999e-03
   5.6411461e-03
   5.6647414e-03
   5.6872589e-03
   5.7084724e-03
   5.7281586e-03
   5.7461000e-03
   5.7620883e-03
   5.7759269e-03
   5.7874339e-03
   5.7964451e-03
   5.8028171e-03
   5.8064292e-03
   5.8071867e-03
   5.8050228e-03
   5.7999004e-03
   5.7918141e-03
   5.7807912e-03
   5.7668928e-03
   5.7502139e-03
   5.7308840e-03
   5.7090660e-03
   5.6849554e-03
   5.6587790e-03
   5.6307928e-03
   5.6012792e-03
   5.5705446e-03
   5.5389157e-03
   5.5067358e-03
   5.4743607e-03
   5.4421541e-03
   5.4104833e-03
   5.3797143e-03
   5.3502065e-03
   5.3223085e-03
   5.2963526e-03
   5.2726508e-03
   5.2514897e-03
   5.2331269e-03
   5.2177870e-03
   5.2056584e-03
   5.1968906e-03
   5.1915917e-03
   5.1898272e-03
   5.1916189e-03
   5.1969441e-03
   5.2057369e-03
   5.2178882e-03
   5.2332480e-03
   5.2516272e-03
   5.2728006e-03
   5.2965102e-03
   5.3224688e-03
   5.3503642e-03
   5.3798638e-03
   5.4106189e-03
   5.4422698e-03
   5.4744506e-03
   5.5067942e-03
   5.5389370e-03
   5.5705235e-03
   5.6012106e-03
   5.6306722e-03
   5.6586024e-03
   5.6847191e-03
   5.7087671e-03
   5.7305202e-03
   5.7497836e-03
   5.7663948e-03
   5.7802253e-03
   5.7911807e-03
   5.7992005e-03
   5.8042580e-03
   5.8063594e-03
   5.8055422e-03
   5.8018739e-03
   5.7954497e-03
   5.7863905e-03
   5.7748404e-03
   5.7609638e-03
   5.7449427e-03
   5.7269741e-03
   5.7072664e-03
   5.6860371e-03
   5.6635094e-03
   5.6399097e-03
   5.6154646e-03
   5.5903984e-03
   5.5649308e-03
