   1.6675839e+00
   1.7570667e+00
   1.8811958e+00
   2.0392014e+00
   2.2301335e+00
   2.4528194e+00
   2.7058086e+00
   2.9873080e+00
   3.2951100e+00
   3.6265164e+00
   3.9782637e+00
   4.3464538e+00
   4.7264976e+00
   5.1130767e+00
   5.5001323e+00
   5.8808870e+00
   6.2479064e+00
   6.5932076e+00
   6.9084162e+00
   7.1849745e+00
   7.4143985e+00
   7.5885770e+00
   7.7001038e+00
   7.7426273e+00
   7.7112012e+00
   7.6026131e+00
   7.4156710e+00
   7.1514232e+00
   6.8132922e+00
   6.4071062e+00
   5.9410179e+00
   5.4253078e+00
   4.8720776e+00
   4.2948479e+00
   3.7080831e+00
   3.1266693e+00
   2.5653790e+00
   2.0383542e+00
   1.5586375e+00
   1.1377755e+00
   7.8551333e-01
   5.0958600e-01
   3.1560781e-01
   2.0705027e-01
   1.8529190e-01
   2.4971127e-01
   3.9782412e-01
   6.2544218e-01
   9.2682041e-01
   1.2948019e+00
   1.7209585e+00
   2.1957305e+00
   2.7085731e+00
   3.2481217e+00
   3.8023847e+00
   4.3589722e+00
   4.9053619e+00
   5.4291990e+00
   5.9186207e+00
   6.3625924e+00
   6.7512348e+00
   7.0761264e+00
   7.3305593e+00
   7.5097347e+00
   7.6108844e+00
   7.6333138e+00
   7.5783635e+00
   7.4492959e+00
   7.2511156e+00
   6.9903369e+00
   6.6747131e+00
   6.3129450e+00
   5.9143827e+00
   5.4887362e+00
   5.0458053e+00
   4.5952377e+00
   4.1463229e+00
   3.7078215e+00
   3.2878334e+00
   2.8937019e+00
   2.5319500e+00
   2.2082446e+00
   1.9273851e+00
   1.6933085e+00
   1.5091091e+00
   1.3770649e+00
   1.2986697e+00
   1.2746648e+00
   1.3050716e+00
   1.3892226e+00
   1.5257908e+00
   1.7128149e+00
   1.9477208e+00
   2.2273391e+00
   2.5479217e+00
   2.9051575e+00
   3.2941913e+00
   3.7096468e+00
   4.1456547e+00
   4.5958909e+00
   5.0536246e+00
   5.5117788e+00
   5.9630066e+00
   6.3997819e+00
   6.8145080e+00
   7.1996420e+00
   7.5478354e+00
   7.8520878e+00
   8.1059108e+00
   8.3034971e+00
   8.4398893e+00
   8.5111417e+00
   8.5144659e+00
   8.4483553e+00
   8.3126768e+00
   8.1087271e+00
   7.8392455e+00
   7.5083810e+00
   7.1216151e+00
   6.6856404e+00
   6.2082029e+00
   5.6979157e+00
   5.1640542e+00
   4.6163439e+00
   4.0647523e+00
   3.5192939e+00
   2.9898544e+00
   2.4860376e+00
   2.0170338e+00
   1.5915049e+00
   1.2174779e+00
   9.0223783e-01
   6.5221138e-01
   4.7283303e-01
   3.6839191e-01
   3.4185836e-01
   3.9469426e-01
   5.2667197e-01
   7.3572230e-01
   1.0178174e+00
   1.3669141e+00
   1.7749813e+00
   2.2321230e+00
   2.7268039e+00
   3.2461730e+00
   3.7764754e+00
   4.3035308e+00
   4.8132521e+00
   5.2921735e+00
   5.7279551e+00
   6.1098335e+00
   6.4289911e+00
   6.6788249e+00
   6.8551022e+00
   6.9560000e+00
   6.9820332e+00
   6.9358824e+00
   6.8221408e+00
   6.6470001e+00
   6.4178987e+00
   6.1431557e+00
   5.8316110e+00
   5.4922887e+00
   5.1340995e+00
   4.7655892e+00
   4.3947401e+00
   4.0288259e+00
   3.6743191e+00
   3.3368447e+00
   3.0211751e+00
   2.7312588e+00
   2.4702742e+00
   2.2407011e+00
   2.0444041e+00
   1.8827183e+00
   1.7565359e+00
   1.6663855e+00
   1.6125032e+00
   1.5948915e+00
   1.6133654e+00
   1.6675839e+00
