   1.3141580e+00
   1.2557210e+00
   1.2018014e+00
   1.1533015e+00
   1.1111161e+00
   1.0760912e+00
   1.0489848e+00
   1.0304283e+00
   1.0208902e+00
   1.0206417e+00
   1.0297247e+00
   1.0479237e+00
   1.0747439e+00
   1.1093953e+00
   1.1507893e+00
   1.1975484e+00
   1.2480345e+00
   1.3003982e+00
   1.3526541e+00
   1.4027823e+00
   1.4488569e+00
   1.4891983e+00
   1.5225439e+00
   1.5482260e+00
   1.5663448e+00
   1.5779184e+00
   1.5849918e+00
   1.5906845e+00
   1.5991592e+00
   1.6154988e+00
   1.6454821e+00
   1.6952632e+00
   1.7709637e+00
   1.8782030e+00
   2.0215987e+00
   2.2042787e+00
   2.4274506e+00
   2.6900737e+00
   2.9886736e+00
   3.3173295e+00
   3.6678497e+00
   4.0301317e+00
   4.3926881e+00
   4.7432992e+00
   5.0697412e+00
   5.3605306e+00
   5.6056216e+00
   5.7969998e+00
   5.9291240e+00
   5.9991851e+00
   6.0071670e+00
   5.9557146e+00
   5.8498317e+00
   5.6964430e+00
   5.5038661e+00
   5.2812414e+00
   5.0379679e+00
   4.7831851e+00
   4.5253341e+00
   4.2718186e+00
   4.0287755e+00
   3.8009552e+00
   3.5917011e+00
   3.4030122e+00
   3.2356714e+00
   3.0894163e+00
   2.9631346e+00
   2.8550655e+00
   2.7629943e+00
   2.6844295e+00
   2.6167556e+00
   2.5573606e+00
   2.5037350e+00
   2.4535472e+00
   2.4046954e+00
   2.3553425e+00
   2.3039357e+00
   2.2492152e+00
   2.1902150e+00
   2.1262584e+00
   2.0569494e+00
   1.9821611e+00
   1.9020222e+00
   1.8169008e+00
   1.7273856e+00
   1.6342647e+00
   1.5384997e+00
   1.4411968e+00
   1.3435727e+00
   1.2469168e+00
   1.1525483e+00
   1.0617709e+00
   9.7582386e-01
   8.9583279e-01
   8.2276188e-01
   7.5736942e-01
   7.0017068e-01
   6.5141098e-01
   6.1105304e-01
   5.7878213e-01
   5.5403255e-01
   5.3603804e-01
   5.2390764e-01
   5.1672665e-01
   5.1367996e-01
   5.1419260e-01
   5.1807880e-01
   5.2568803e-01
   5.3803322e-01
   5.5688421e-01
   5.8480815e-01
   6.2513915e-01
   6.8186243e-01
   7.5940293e-01
   8.6231685e-01
   9.9489417e-01
   1.1606924e+00
   1.3620338e+00
   1.5995107e+00
   1.8715499e+00
   2.1740953e+00
   2.5004610e+00
   2.8414029e+00
   3.1854372e+00
   3.5194112e+00
   3.8293077e+00
   4.1012288e+00
   4.3224845e+00
   4.4826842e+00
   4.5747221e+00
   4.5955461e+00
   4.5466146e+00
   4.4339748e+00
   4.2679321e+00
   4.0623247e+00
   3.8334637e+00
   3.5988352e+00
   3.3756915e+00
   3.1796712e+00
   3.0235842e+00
   2.9164794e+00
   2.8630783e+00
   2.8636159e+00
   2.9140860e+00
   3.0068431e+00
   3.1314796e+00
   3.2758748e+00
   3.4272997e+00
   3.5734698e+00
   3.7034524e+00
   3.8083590e+00
   3.8817865e+00
   3.9199970e+00
   3.9218558e+00
   3.8885672e+00
   3.8232610e+00
   3.7304906e+00
   3.6156982e+00
   3.4847008e+00
   3.3432352e+00
   3.1965893e+00
   3.0493358e+00
   2.9051673e+00
   2.7668294e+00
   2.6361349e+00
   2.5140432e+00
   2.4007839e+00
   2.2960079e+00
   2.1989473e+00
   2.1085720e+00
   2.0237321e+00
   1.9432806e+00
   1.8661707e+00
   1.7915285e+00
   1.7187015e+00
   1.6472845e+00
   1.5771265e+00
   1.5083220e+00
   1.4411902e+00
   1.3762447e+00
   1.3141580e+00
