   2.5122390e-05
   2.5112989e-05
   2.5103091e-05
   2.5092776e-05
   2.5082121e-05
   2.5071201e-05
   2.5060092e-05
   2.5048863e-05
   2.5037583e-05
   2.5026316e-05
   2.5015123e-05
   2.5004059e-05
   2.4993176e-05
   2.4982520e-05
   2.4972133e-05
   2.4962051e-05
   2.4952306e-05
   2.4942926e-05
   2.4933931e-05
   2.4925339e-05
   2.4917164e-05
   2.4909414e-05
   2.4902094e-05
   2.4895206e-05
   2.4888748e-05
   2.4882716e-05
   2.4877102e-05
   2.4871897e-05
   2.4867090e-05
   2.4862669e-05
   2.4858618e-05
   2.4854924e-05
   2.4851572e-05
   2.4848545e-05
   2.4845829e-05
   2.4843407e-05
   2.4841267e-05
   2.4839393e-05
   2.4837772e-05
   2.4836394e-05
   2.4835247e-05
   2.4834322e-05
   2.4833612e-05
   2.4833111e-05
   2.4832814e-05
   2.4832718e-05
   2.4832823e-05
   2.4833130e-05
   2.4833641e-05
   2.4834361e-05
   2.4835296e-05
   2.4836453e-05
   2.4837842e-05
   2.4839473e-05
   2.4841358e-05
   2.4843511e-05
   2.4845944e-05
   2.4848673e-05
   2.4851713e-05
   2.4855079e-05
   2.4858788e-05
   2.4862853e-05
   2.4867291e-05
   2.4872114e-05
   2.4877336e-05
   2.4882967e-05
   2.4889018e-05
   2.4895495e-05
   2.4902403e-05
   2.4909743e-05
   2.4917513e-05
   2.4925710e-05
   2.4934323e-05
   2.4943340e-05
   2.4952744e-05
   2.4962511e-05
   2.4972615e-05
   2.4983024e-05
   2.4993703e-05
   2.5004608e-05
   2.5015693e-05
   2.5026907e-05
   2.5038195e-05
   2.5049494e-05
   2.5060742e-05
   2.5071869e-05
   2.5082805e-05
   2.5093475e-05
   2.5103803e-05
   2.5113712e-05
   2.5123123e-05
   2.5131959e-05
   2.5140142e-05
   2.5147596e-05
   2.5154248e-05
   2.5160029e-05
   2.5164874e-05
   2.5168721e-05
   2.5171517e-05
   2.5173215e-05
   2.5173774e-05
   2.5173164e-05
   2.5171363e-05
   2.5168358e-05
   2.5164145e-05
   2.5158733e-05
   2.5152141e-05
   2.5144398e-05
   2.5135545e-05
   2.5125633e-05
   2.5114724e-05
   2.5102891e-05
   2.5090217e-05
   2.5076794e-05
   2.5062721e-05
   2.5048109e-05
   2.5033072e-05
   2.5017731e-05
   2.5002213e-05
   2.4986648e-05
   2.4971167e-05
   2.4955904e-05
   2.4940991e-05
   2.4926561e-05
   2.4912740e-05
   2.4899654e-05
   2.4887419e-05
   2.4876148e-05
   2.4865943e-05
   2.4856898e-05
   2.4849096e-05
   2.4842610e-05
   2.4837500e-05
   2.4833814e-05
   2.4831585e-05
   2.4830835e-05
   2.4831571e-05
   2.4833784e-05
   2.4837456e-05
   2.4842550e-05
   2.4849020e-05
   2.4856806e-05
   2.4865834e-05
   2.4876021e-05
   2.4887274e-05
   2.4899489e-05
   2.4912556e-05
   2.4926355e-05
   2.4940764e-05
   2.4955654e-05
   2.4970893e-05
   2.4986350e-05
   2.5001891e-05
   2.5017383e-05
   2.5032698e-05
   2.5047710e-05
   2.5062296e-05
   2.5076342e-05
   2.5089739e-05
   2.5102388e-05
   2.5114195e-05
   2.5125079e-05
   2.5134967e-05
   2.5143798e-05
   2.5151519e-05
   2.5158090e-05
   2.5163483e-05
   2.5167678e-05
   2.5170667e-05
   2.5172454e-05
   2.5173052e-05
   2.5172482e-05
   2.5170776e-05
   2.5167973e-05
   2.5164122e-05
   2.5159276e-05
   2.5153495e-05
   2.5146845e-05
   2.5139395e-05
   2.5131218e-05
   2.5122390e-05
