   7.2447354e-01
   7.9413147e-01
   8.8305583e-01
   9.8898848e-01
   1.1095342e+00
   1.2421509e+00
   1.3841408e+00
   1.5326442e+00
   1.6846407e+00
   1.8369606e+00
   1.9863090e+00
   2.1293066e+00
   2.2625494e+00
   2.3826882e+00
   2.4865296e+00
   2.5711559e+00
   2.6340617e+00
   2.6733009e+00
   2.6876372e+00
   2.6766861e+00
   2.6410371e+00
   2.5823415e+00
   2.5033509e+00
   2.4078933e+00
   2.3007743e+00
   2.1875979e+00
   2.0745042e+00
   1.9678325e+00
   1.8737223e+00
   1.7976784e+00
   1.7441311e+00
   1.7160287e+00
   1.7145045e+00
   1.7386575e+00
   1.7854824e+00
   1.8499721e+00
   1.9254047e+00
   2.0038062e+00
   2.0765639e+00
   2.1351464e+00
   2.1718706e+00
   2.1806480e+00
   2.1576367e+00
   2.1017333e+00
   2.0148482e+00
   1.9019284e+00
   1.7707163e+00
   1.6312567e+00
   1.4951914e+00
   1.3749016e+00
   1.2825719e+00
   1.2292587e+00
   1.2240431e+00
   1.2733370e+00
   1.3803999e+00
   1.5450991e+00
   1.7639239e+00
   2.0302384e+00
   2.3347391e+00
   2.6660687e+00
   3.0115295e+00
   3.3578362e+00
   3.6918508e+00
   4.0012500e+00
   4.2750881e+00
   4.5042273e+00
   4.6816269e+00
   4.8024888e+00
   4.8642714e+00
   4.8665901e+00
   4.8110274e+00
   4.7008772e+00
   4.5408493e+00
   4.3367572e+00
   4.0952069e+00
   3.8233042e+00
   3.5283904e+00
   3.2178124e+00
   2.8987326e+00
   2.5779755e+00
   2.2619114e+00
   1.9563713e+00
   1.6665891e+00
   1.3971651e+00
   1.1520460e+00
   9.3451589e-01
   7.4719518e-01
   5.9204287e-01
   4.7036160e-01
   3.8280396e-01
   3.2937817e-01
   3.0944611e-01
   3.2170902e-01
   3.6420073e-01
   4.3430784e-01
   5.2880156e-01
   6.4386891e-01
   7.7515360e-01
   9.1781747e-01
   1.0666274e+00
   1.2160696e+00
   1.3604927e+00
   1.4942790e+00
   1.6120419e+00
   1.7088453e+00
   1.7804351e+00
   1.8234750e+00
   1.8357692e+00
   1.8164581e+00
   1.7661662e+00
   1.6870856e+00
   1.5829747e+00
   1.4590598e+00
   1.3218298e+00
   1.1787216e+00
   1.0377065e+00
   9.0679382e-01
   7.9348449e-01
   7.0421185e-01
   6.4381884e-01
   6.1512204e-01
   6.1861245e-01
   6.5233618e-01
   7.1198591e-01
   7.9121583e-01
   8.8217083e-01
   9.7619639e-01
   1.0646734e+00
   1.1399037e+00
   1.1959593e+00
   1.2294074e+00
   1.2398257e+00
   1.2300464e+00
   1.2060844e+00
   1.1767461e+00
   1.1529408e+00
   1.1467562e+00
   1.1703805e+00
   1.2349762e+00
   1.3496128e+00
   1.5203614e+00
   1.7496382e+00
   2.0358548e+00
   2.3734031e+00
   2.7529682e+00
   3.1621322e+00
   3.5862029e+00
   4.0091883e+00
   4.4148268e+00
   4.7875854e+00
   5.1135491e+00
   5.3811420e+00
   5.5816395e+00
   5.7094554e+00
   5.7622069e+00
   5.7405795e+00
   5.6480256e+00
   5.4903406e+00
   5.2751618e+00
   5.0114331e+00
   4.7088781e+00
   4.3775094e+00
   4.0272012e+00
   3.6673379e+00
   3.3065442e+00
   2.9524998e+00
   2.6118279e+00
   2.2900525e+00
   1.9916094e+00
   1.7198998e+00
   1.4773737e+00
   1.2656322e+00
   1.0855380e+00
   9.3732669e-01
   8.2071354e-01
   7.3498915e-01
   6.7910326e-01
   6.5173387e-01
   6.5134164e-01
   6.7621023e-01
   7.2447354e-01
