   6.7449427e-06
   6.7418982e-06
   6.7386677e-06
   6.7352766e-06
   6.7317503e-06
   6.7281139e-06
   6.7243920e-06
   6.7206084e-06
   6.7167862e-06
   6.7129473e-06
   6.7091124e-06
   6.7053011e-06
   6.7015313e-06
   6.6978197e-06
   6.6941814e-06
   6.6906299e-06
   6.6871772e-06
   6.6838338e-06
   6.6806086e-06
   6.6775089e-06
   6.6745408e-06
   6.6717090e-06
   6.6690168e-06
   6.6664663e-06
   6.6640586e-06
   6.6617938e-06
   6.6596710e-06
   6.6576887e-06
   6.6558444e-06
   6.6541353e-06
   6.6525581e-06
   6.6511089e-06
   6.6497840e-06
   6.6485790e-06
   6.6474899e-06
   6.6465123e-06
   6.6456423e-06
   6.6448757e-06
   6.6442090e-06
   6.6436387e-06
   6.6431618e-06
   6.6427756e-06
   6.6424778e-06
   6.6422667e-06
   6.6421410e-06
   6.6420999e-06
   6.6421432e-06
   6.6422712e-06
   6.6424847e-06
   6.6427850e-06
   6.6431738e-06
   6.6436534e-06
   6.6442265e-06
   6.6448963e-06
   6.6456660e-06
   6.6465396e-06
   6.6475208e-06
   6.6486140e-06
   6.6498231e-06
   6.6511526e-06
   6.6526065e-06
   6.6541889e-06
   6.6559034e-06
   6.6577533e-06
   6.6597417e-06
   6.6618707e-06
   6.6641420e-06
   6.6665565e-06
   6.6691139e-06
   6.6718133e-06
   6.6746525e-06
   6.6776279e-06
   6.6807351e-06
   6.6839679e-06
   6.6873188e-06
   6.6907789e-06
   6.6943376e-06
   6.6979830e-06
   6.7017014e-06
   6.7054777e-06
   6.7092952e-06
   6.7131357e-06
   6.7169798e-06
   6.7208066e-06
   6.7245941e-06
   6.7283193e-06
   6.7319582e-06
   6.7354862e-06
   6.7388782e-06
   6.7421088e-06
   6.7451525e-06
   6.7479840e-06
   6.7505785e-06
   6.7529119e-06
   6.7549612e-06
   6.7567046e-06
   6.7581217e-06
   6.7591942e-06
   6.7599058e-06
   6.7602424e-06
   6.7601927e-06
   6.7597480e-06
   6.7589029e-06
   6.7576548e-06
   6.7560046e-06
   6.7539568e-06
   6.7515190e-06
   6.7487028e-06
   6.7455230e-06
   6.7419980e-06
   6.7381498e-06
   6.7340036e-06
   6.7295876e-06
   6.7249333e-06
   6.7200746e-06
   6.7150480e-06
   6.7098923e-06
   6.7046479e-06
   6.6993568e-06
   6.6940618e-06
   6.6888068e-06
   6.6836355e-06
   6.6785918e-06
   6.6737187e-06
   6.6690582e-06
   6.6646509e-06
   6.6605353e-06
   6.6567478e-06
   6.6533221e-06
   6.6502885e-06
   6.6476744e-06
   6.6455033e-06
   6.6437946e-06
   6.6425639e-06
   6.6418223e-06
   6.6415764e-06
   6.6418285e-06
   6.6425763e-06
   6.6438129e-06
   6.6455271e-06
   6.6477034e-06
   6.6503221e-06
   6.6533596e-06
   6.6567886e-06
   6.6605786e-06
   6.6646958e-06
   6.6691038e-06
   6.6737641e-06
   6.6786360e-06
   6.6836776e-06
   6.6888456e-06
   6.6940964e-06
   6.6993862e-06
   6.7046713e-06
   6.7099087e-06
   6.7150566e-06
   6.7200745e-06
   6.7249238e-06
   6.7295682e-06
   6.7339736e-06
   6.7381089e-06
   6.7419458e-06
   6.7454592e-06
   6.7486273e-06
   6.7514318e-06
   6.7538578e-06
   6.7558942e-06
   6.7575331e-06
   6.7587703e-06
   6.7596050e-06
   6.7600398e-06
   6.7600802e-06
   6.7597349e-06
   6.7590155e-06
   6.7579359e-06
   6.7565125e-06
   6.7547638e-06
   6.7527100e-06
   6.7503730e-06
   6.7477759e-06
   6.7449427e-06
