   1.6575312e-02
   1.5443545e-02
   1.4466077e-02
   1.3648972e-02
   1.2997176e-02
   1.2514500e-02
   1.2203598e-02
   1.2065967e-02
   1.2101938e-02
   1.2310682e-02
   1.2690217e-02
   1.3237418e-02
   1.3948041e-02
   1.4816746e-02
   1.5837122e-02
   1.7001734e-02
   1.8302155e-02
   1.9729027e-02
   2.1272111e-02
   2.2920354e-02
   2.4661962e-02
   2.6484475e-02
   2.8374853e-02
   3.0319571e-02
   3.2304708e-02
   3.4316055e-02
   3.6339220e-02
   3.8359734e-02
   4.0363167e-02
   4.2335237e-02
   4.4261924e-02
   4.6129579e-02
   4.7925037e-02
   4.9635714e-02
   5.1249713e-02
   5.2755911e-02
   5.4144047e-02
   5.5404798e-02
   5.6529845e-02
   5.7511930e-02
   5.8344906e-02
   5.9023768e-02
   5.9544681e-02
   5.9904993e-02
   6.0103240e-02
   6.0139138e-02
   6.0013566e-02
   5.9728540e-02
   5.9287180e-02
   5.8693668e-02
   5.7953196e-02
   5.7071915e-02
   5.6056869e-02
   5.4915935e-02
   5.3657750e-02
   5.2291642e-02
   5.0827553e-02
   4.9275963e-02
   4.7647813e-02
   4.5954427e-02
   4.4207431e-02
   4.2418678e-02
   4.0600169e-02
   3.8763974e-02
   3.6922157e-02
   3.5086704e-02
   3.3269447e-02
   3.1481995e-02
   2.9735666e-02
   2.8041419e-02
   2.6409791e-02
   2.4850839e-02
   2.3374079e-02
   2.1988433e-02
   2.0702178e-02
   1.9522899e-02
   1.8457444e-02
   1.7511884e-02
   1.6691481e-02
   1.6000650e-02
   1.5442939e-02
   1.5021000e-02
   1.4736575e-02
   1.4590481e-02
   1.4582602e-02
   1.4711886e-02
   1.4976347e-02
   1.5373073e-02
   1.5898242e-02
   1.6547142e-02
   1.7314201e-02
   1.8193021e-02
   1.9176425e-02
   2.0256509e-02
   2.1424699e-02
   2.2671826e-02
   2.3988199e-02
   2.5363695e-02
   2.6787849e-02
   2.8249962e-02
   2.9739207e-02
   3.1244744e-02
   3.2755847e-02
   3.4262024e-02
   3.5753147e-02
   3.7219581e-02
   3.8652310e-02
   4.0043059e-02
   4.1384412e-02
   4.2669915e-02
   4.3894177e-02
   4.5052944e-02
   4.6143165e-02
   4.7163036e-02
   4.8112017e-02
   4.8990831e-02
   4.9801433e-02
   5.0546958e-02
   5.1231638e-02
   5.1860691e-02
   5.2440192e-02
   5.2976915e-02
   5.3478157e-02
   5.3951543e-02
   5.4404822e-02
   5.4845651e-02
   5.5281377e-02
   5.5718824e-02
   5.6164081e-02
   5.6622312e-02
   5.7097579e-02
   5.7592691e-02
   5.8109084e-02
   5.8646727e-02
   5.9204071e-02
   5.9778030e-02
   6.0364002e-02
   6.0955931e-02
   6.1546399e-02
   6.2126761e-02
   6.2687309e-02
   6.3217456e-02
   6.3705959e-02
   6.4141141e-02
   6.4511138e-02
   6.4804145e-02
   6.5008663e-02
   6.5113739e-02
   6.5109196e-02
   6.4985844e-02
   6.4735669e-02
   6.4352000e-02
   6.3829647e-02
   6.3165005e-02
   6.2356134e-02
   6.1402803e-02
   6.0306505e-02
   5.9070440e-02
   5.7699472e-02
   5.6200062e-02
   5.4580174e-02
   5.2849165e-02
   5.1017658e-02
   4.9097397e-02
   4.7101103e-02
   4.5042311e-02
   4.2935212e-02
   4.0794492e-02
   3.8635169e-02
   3.6472441e-02
   3.4321535e-02
   3.2197565e-02
   3.0115394e-02
   2.8089517e-02
   2.6133937e-02
   2.4262067e-02
   2.2486635e-02
   2.0819596e-02
   1.9272058e-02
   1.7854220e-02
   1.6575312e-02
