   1.2235439e-05
   1.2147070e-05
   1.2294724e-05
   1.2677762e-05
   1.3294384e-05
   1.4141633e-05
   1.5215413e-05
   1.6510504e-05
   1.8020594e-05
   1.9738304e-05
   2.1655229e-05
   2.3761979e-05
   2.6048227e-05
   2.8502760e-05
   3.1113540e-05
   3.3867760e-05
   3.6751913e-05
   3.9751859e-05
   4.2852898e-05
   4.6039842e-05
   4.9297097e-05
   5.2608738e-05
   5.5958592e-05
   5.9330316e-05
   6.2707486e-05
   6.6073675e-05
   6.9412538e-05
   7.2707890e-05
   7.5943795e-05
   7.9104638e-05
   8.2175205e-05
   8.5140762e-05
   8.7987122e-05
   9.0700721e-05
   9.3268678e-05
   9.5678863e-05
   9.7919954e-05
   9.9981491e-05
   1.0185392e-04
   1.0352867e-04
   1.0499812e-04
   1.0625573e-04
   1.0729599e-04
   1.0811449e-04
   1.0870793e-04
   1.0907411e-04
   1.0921196e-04
   1.0912156e-04
   1.0880407e-04
   1.0826180e-04
   1.0749814e-04
   1.0651757e-04
   1.0532561e-04
   1.0392880e-04
   1.0233468e-04
   1.0055173e-04
   9.8589318e-05
   9.6457682e-05
   9.4167847e-05
   9.1731586e-05
   8.9161351e-05
   8.6470214e-05
   8.3671803e-05
   8.0780228e-05
   7.7810016e-05
   7.4776039e-05
   7.1693437e-05
   6.8577548e-05
   6.5443830e-05
   6.2307789e-05
   5.9184901e-05
   5.6090541e-05
   5.3039906e-05
   5.0047945e-05
   4.7129286e-05
   4.4298170e-05
   4.1568379e-05
   3.8953176e-05
   3.6465240e-05
   3.4116609e-05
   3.1918622e-05
   2.9881868e-05
   2.8016140e-05
   2.6330385e-05
   2.4832667e-05
   2.3530131e-05
   2.2428969e-05
   2.1534394e-05
   2.0850617e-05
   2.0380830e-05
   2.0127190e-05
   2.0090813e-05
   2.0271768e-05
   2.0669079e-05
   2.1280730e-05
   2.2103679e-05
   2.3133865e-05
   2.4366239e-05
   2.5794778e-05
   2.7412522e-05
   2.9211603e-05
   3.1183284e-05
   3.3318001e-05
   3.5605404e-05
   3.8034412e-05
   4.0593258e-05
   4.3269550e-05
   4.6050323e-05
   4.8922106e-05
   5.1870979e-05
   5.4882639e-05
   5.7942469e-05
   6.1035604e-05
   6.4147003e-05
   6.7261513e-05
   7.0363946e-05
   7.3439150e-05
   7.6472074e-05
   7.9447845e-05
   8.2351837e-05
   8.5169736e-05
   8.7887614e-05
   9.0491990e-05
   9.2969899e-05
   9.5308949e-05
   9.7497388e-05
   9.9524153e-05
   1.0137893e-04
   1.0305221e-04
   1.0453532e-04
   1.0582047e-04
   1.0690083e-04
   1.0777049e-04
   1.0842458e-04
   1.0885922e-04
   1.0907160e-04
   1.0905994e-04
   1.0882358e-04
   1.0836289e-04
   1.0767936e-04
   1.0677555e-04
   1.0565509e-04
   1.0432267e-04
   1.0278401e-04
   1.0104587e-04
   9.9115972e-05
   9.7003010e-05
   9.4716585e-05
   9.2267171e-05
   8.9666067e-05
   8.6925342e-05
   8.4057784e-05
   8.1076835e-05
   7.7996530e-05
   7.4831430e-05
   7.1596551e-05
   6.8307293e-05
   6.4979366e-05
   6.1628710e-05
   5.8271421e-05
   5.4923669e-05
   5.1601618e-05
   4.8321350e-05
   4.5098777e-05
   4.1949570e-05
   3.8889072e-05
   3.5932228e-05
   3.3093502e-05
   3.0386809e-05
   2.7825444e-05
   2.5422008e-05
   2.3188351e-05
   2.1135504e-05
   1.9273626e-05
   1.7611952e-05
   1.6158740e-05
   1.4921231e-05
   1.3905610e-05
   1.3116975e-05
   1.2559303e-05
   1.2235439e-05
