   7.3199143e-01
   7.2692683e-01
   7.2188652e-01
   7.1689575e-01
   7.1197670e-01
   7.0714860e-01
   7.0242768e-01
   6.9782733e-01
   6.9335814e-01
   6.8902800e-01
   6.8484221e-01
   6.8080361e-01
   6.7691271e-01
   6.7316785e-01
   6.6956539e-01
   6.6609993e-01
   6.6276451e-01
   6.5955090e-01
   6.5644988e-01
   6.5345156e-01
   6.5054572e-01
   6.4772212e-01
   6.4497094e-01
   6.4228307e-01
   6.3965053e-01
   6.3706677e-01
   6.3452701e-01
   6.3202850e-01
   6.2957074e-01
   6.2715564e-01
   6.2478758e-01
   6.2247346e-01
   6.2022254e-01
   6.1804635e-01
   6.1595835e-01
   6.1397364e-01
   6.1210853e-01
   6.1038004e-01
   6.0880543e-01
   6.0740162e-01
   6.0618464e-01
   6.0516912e-01
   6.0436777e-01
   6.0379096e-01
   6.0344636e-01
   6.0333865e-01
   6.0346938e-01
   6.0383688e-01
   6.0443638e-01
   6.0526009e-01
   6.0629757e-01
   6.0753602e-01
   6.0896073e-01
   6.1055561e-01
   6.1230370e-01
   6.1418772e-01
   6.1619063e-01
   6.1829613e-01
   6.2048913e-01
   6.2275619e-01
   6.2508585e-01
   6.2746889e-01
   6.2989848e-01
   6.3237031e-01
   6.3488254e-01
   6.3743576e-01
   6.4003280e-01
   6.4267853e-01
   6.4537957e-01
   6.4814400e-01
   6.5098097e-01
   6.5390041e-01
   6.5691258e-01
   6.6002779e-01
   6.6325596e-01
   6.6660635e-01
   6.7008722e-01
   6.7370553e-01
   6.7746671e-01
   6.8137440e-01
   6.8543023e-01
   6.8963367e-01
   6.9398185e-01
   6.9846942e-01
   7.0308844e-01
   7.0782825e-01
   7.1267539e-01
   7.1761351e-01
   7.2262332e-01
   7.2768250e-01
   7.3276570e-01
   7.3784448e-01
   7.4288731e-01
   7.4785964e-01
   7.5272390e-01
   7.5743965e-01
   7.6196370e-01
   7.6625037e-01
   7.7025168e-01
   7.7391782e-01
   7.7719750e-01
   7.8003853e-01
   7.8238843e-01
   7.8419517e-01
   7.8540802e-01
   7.8597842e-01
   7.8586108e-01
   7.8501502e-01
   7.8340476e-01
   7.8100149e-01
   7.7778435e-01
   7.7374157e-01
   7.6887163e-01
   7.6318437e-01
   7.5670185e-01
   7.4945911e-01
   7.4150475e-01
   7.3290112e-01
   7.2372436e-01
   7.1406400e-01
   7.0402226e-01
   6.9371297e-01
   6.8326014e-01
   6.7279617e-01
   6.6245971e-01
   6.5239324e-01
   6.4274044e-01
   6.3364332e-01
   6.2523935e-01
   6.1765842e-01
   6.1102003e-01
   6.0543053e-01
   6.0098064e-01
   5.9774329e-01
   5.9577188e-01
   5.9509896e-01
   5.9573543e-01
   5.9767028e-01
   6.0087089e-01
   6.0528378e-01
   6.1083594e-01
   6.1743664e-01
   6.2497950e-01
   6.3334506e-01
   6.4240347e-01
   6.5201735e-01
   6.6204482e-01
   6.7234235e-01
   6.8276761e-01
   6.9318216e-01
   7.0345382e-01
   7.1345880e-01
   7.2308350e-01
   7.3222593e-01
   7.4079679e-01
   7.4872017e-01
   7.5593389e-01
   7.6238957e-01
   7.6805229e-01
   7.7290014e-01
   7.7692339e-01
   7.8012363e-01
   7.8251267e-01
   7.8411140e-01
   7.8494860e-01
   7.8505973e-01
   7.8448569e-01
   7.8327170e-01
   7.8146621e-01
   7.7911982e-01
   7.7628444e-01
   7.7301239e-01
   7.6935570e-01
   7.6536550e-01
   7.6109146e-01
   7.5658135e-01
   7.5188071e-01
   7.4703257e-01
   7.4207720e-01
   7.3705201e-01
   7.3199143e-01
