   1.3458493e+00
   1.3258974e+00
   1.3040664e+00
   1.2804570e+00
   1.2551888e+00
   1.2284040e+00
   1.2002717e+00
   1.1709919e+00
   1.1408002e+00
   1.1099721e+00
   1.0788271e+00
   1.0477317e+00
   1.0171019e+00
   9.8740396e-01
   9.5915357e-01
   9.3291235e-01
   9.0928207e-01
   8.8889572e-01
   8.7240527e-01
   8.6046623e-01
   8.5371901e-01
   8.5276742e-01
   8.5815507e-01
   8.7034038e-01
   8.8967138e-01
   9.1636160e-01
   9.5046831e-01
   9.9187466e-01
   1.0402769e+00
   1.0951780e+00
   1.1558879e+00
   1.2215321e+00
   1.2910665e+00
   1.3633009e+00
   1.4369272e+00
   1.5105539e+00
   1.5827427e+00
   1.6520486e+00
   1.7170585e+00
   1.7764298e+00
   1.8289255e+00
   1.8734459e+00
   1.9090560e+00
   1.9350072e+00
   1.9507550e+00
   1.9559710e+00
   1.9505494e+00
   1.9346096e+00
   1.9084931e+00
   1.8727559e+00
   1.8281554e+00
   1.7756333e+00
   1.7162929e+00
   1.6513715e+00
   1.5822094e+00
   1.5102146e+00
   1.4368249e+00
   1.3634699e+00
   1.2915313e+00
   1.2223071e+00
   1.1569777e+00
   1.0965777e+00
   1.0419737e+00
   9.9384878e-01
   9.5269490e-01
   9.1881211e-01
   8.9231512e-01
   8.7314591e-01
   8.6109144e-01
   8.5580508e-01
   8.5683057e-01
   8.6362692e-01
   8.7559317e-01
   8.9209184e-01
   9.1247024e-01
   9.3607898e-01
   9.6228740e-01
   9.9049566e-01
   1.0201437e+00
   1.0507173e+00
   1.0817510e+00
   1.1128296e+00
   1.1435870e+00
   1.1737042e+00
   1.2029058e+00
   1.2309564e+00
   1.2576560e+00
   1.2828357e+00
   1.3063535e+00
   1.3280899e+00
   1.3479442e+00
   1.3658311e+00
   1.3816780e+00
   1.3954225e+00
   1.4070109e+00
   1.4163975e+00
   1.4235446e+00
   1.4284232e+00
   1.4310154e+00
   1.4313171e+00
   1.4293424e+00
   1.4251291e+00
   1.4187442e+00
   1.4102919e+00
   1.3999205e+00
   1.3878301e+00
   1.3742804e+00
   1.3595963e+00
   1.3441725e+00
   1.3284756e+00
   1.3130421e+00
   1.2984735e+00
   1.2854252e+00
   1.2745917e+00
   1.2666851e+00
   1.2624098e+00
   1.2624314e+00
   1.2673433e+00
   1.2776304e+00
   1.2936336e+00
   1.3155152e+00
   1.3432308e+00
   1.3765062e+00
   1.4148255e+00
   1.4574292e+00
   1.5033260e+00
   1.5513180e+00
   1.6000381e+00
   1.6480011e+00
   1.6936633e+00
   1.7354901e+00
   1.7720260e+00
   1.8019646e+00
   1.8242128e+00
   1.8379463e+00
   1.8426515e+00
   1.8381528e+00
   1.8246212e+00
   1.8025655e+00
   1.7728058e+00
   1.7364316e+00
   1.6947461e+00
   1.6492024e+00
   1.6013334e+00
   1.5526819e+00
   1.5047330e+00
   1.4588542e+00
   1.4162448e+00
   1.3778977e+00
   1.3445743e+00
   1.3167931e+00
   1.2948306e+00
   1.2787340e+00
   1.2683432e+00
   1.2633199e+00
   1.2631812e+00
   1.2673357e+00
   1.2751191e+00
   1.2858285e+00
   1.2987525e+00
   1.3131977e+00
   1.3285087e+00
   1.3440846e+00
   1.3593887e+00
   1.3739545e+00
   1.3873871e+00
   1.3993614e+00
   1.4096177e+00
   1.4179556e+00
   1.4242266e+00
   1.4283267e+00
   1.4301886e+00
   1.4297747e+00
   1.4270710e+00
   1.4220818e+00
   1.4148251e+00
   1.4053302e+00
   1.3936351e+00
   1.3797859e+00
   1.3638364e+00
   1.3458493e+00
