   2.1310792e-03
   2.1203417e-03
   2.1095096e-03
   2.0986647e-03
   2.0878844e-03
   2.0772411e-03
   2.0668017e-03
   2.0566272e-03
   2.0467721e-03
   2.0372849e-03
   2.0282071e-03
   2.0195737e-03
   2.0114132e-03
   2.0037476e-03
   1.9965926e-03
   1.9899579e-03
   1.9838475e-03
   1.9782599e-03
   1.9731889e-03
   1.9686236e-03
   1.9645491e-03
   1.9609468e-03
   1.9577950e-03
   1.9550694e-03
   1.9527436e-03
   1.9507894e-03
   1.9491772e-03
   1.9478769e-03
   1.9468578e-03
   1.9460890e-03
   1.9455403e-03
   1.9451819e-03
   1.9449848e-03
   1.9449214e-03
   1.9449654e-03
   1.9450920e-03
   1.9452783e-03
   1.9455031e-03
   1.9457475e-03
   1.9459943e-03
   1.9462287e-03
   1.9464381e-03
   1.9466120e-03
   1.9467425e-03
   1.9468236e-03
   1.9468519e-03
   1.9468263e-03
   1.9467480e-03
   1.9466205e-03
   1.9464497e-03
   1.9462437e-03
   1.9460130e-03
   1.9457702e-03
   1.9455304e-03
   1.9453106e-03
   1.9451299e-03
   1.9450095e-03
   1.9449726e-03
   1.9450437e-03
   1.9452494e-03
   1.9456174e-03
   1.9461765e-03
   1.9469567e-03
   1.9479883e-03
   1.9493021e-03
   1.9509289e-03
   1.9528988e-03
   1.9552414e-03
   1.9579848e-03
   1.9611554e-03
   1.9647775e-03
   1.9688727e-03
   1.9734594e-03
   1.9785526e-03
   1.9841629e-03
   1.9902964e-03
   1.9969546e-03
   2.0041331e-03
   2.0118221e-03
   2.0200056e-03
   2.0286616e-03
   2.0377613e-03
   2.0472695e-03
   2.0571443e-03
   2.0673372e-03
   2.0777933e-03
   2.0884514e-03
   2.0992444e-03
   2.1100998e-03
   2.1209399e-03
   2.1316828e-03
   2.1422426e-03
   2.1525307e-03
   2.1624563e-03
   2.1719277e-03
   2.1808528e-03
   2.1891406e-03
   2.1967023e-03
   2.2034520e-03
   2.2093085e-03
   2.2141961e-03
   2.2180457e-03
   2.2207963e-03
   2.2223956e-03
   2.2228016e-03
   2.2219830e-03
   2.2199203e-03
   2.2166065e-03
   2.2120478e-03
   2.2062637e-03
   2.1992877e-03
   2.1911670e-03
   2.1819626e-03
   2.1717492e-03
   2.1606142e-03
   2.1486576e-03
   2.1359908e-03
   2.1227357e-03
   2.1090232e-03
   2.0949921e-03
   2.0807874e-03
   2.0665586e-03
   2.0524581e-03
   2.0386389e-03
   2.0252530e-03
   2.0124496e-03
   2.0003727e-03
   1.9891594e-03
   1.9789380e-03
   1.9698264e-03
   1.9619303e-03
   1.9553418e-03
   1.9501380e-03
   1.9463799e-03
   1.9441118e-03
   1.9433604e-03
   1.9441346e-03
   1.9464249e-03
   1.9502044e-03
   1.9554284e-03
   1.9620354e-03
   1.9699479e-03
   1.9790734e-03
   1.9893060e-03
   2.0005275e-03
   2.0126095e-03
   2.0254145e-03
   2.0387985e-03
   2.0526122e-03
   2.0667037e-03
   2.0809199e-03
   2.0951084e-03
   2.1091201e-03
   2.1228099e-03
   2.1360394e-03
   2.1486778e-03
   2.1606037e-03
   2.1717058e-03
   2.1818847e-03
   2.1910531e-03
   2.1991368e-03
   2.2060752e-03
   2.2118215e-03
   2.2163425e-03
   2.2196191e-03
   2.2216456e-03
   2.2224292e-03
   2.2219899e-03
   2.2203590e-03
   2.2175790e-03
   2.2137024e-03
   2.2087904e-03
   2.2029123e-03
   2.1961439e-03
   2.1885665e-03
   2.1802661e-03
   2.1713315e-03
   2.1618537e-03
   2.1519248e-03
   2.1416364e-03
   2.1310792e-03
