   1.2671777e-01
   1.1316853e-01
   1.0083009e-01
   8.9740354e-02
   7.9932683e-02
   7.1436289e-02
   6.4276591e-02
   5.8475473e-02
   5.4051444e-02
   5.1019683e-02
   4.9391930e-02
   4.9176223e-02
   5.0376471e-02
   5.2991844e-02
   5.7016010e-02
   6.2436215e-02
   6.9232211e-02
   7.7375051e-02
   8.6825791e-02
   9.7534139e-02
   1.0943712e-01
   1.2245783e-01
   1.3650438e-01
   1.5146908e-01
   1.6722803e-01
   1.8364115e-01
   2.0055272e-01
   2.1779259e-01
   2.3517803e-01
   2.5251621e-01
   2.6960740e-01
   2.8624874e-01
   3.0223847e-01
   3.1738060e-01
   3.3148969e-01
   3.4439563e-01
   3.5594821e-01
   3.6602115e-01
   3.7451550e-01
   3.8136216e-01
   3.8652328e-01
   3.8999261e-01
   3.9179466e-01
   3.9198261e-01
   3.9063533e-01
   3.8785333e-01
   3.8375410e-01
   3.7846707e-01
   3.7212830e-01
   3.6487536e-01
   3.5684263e-01
   3.4815717e-01
   3.3893542e-01
   3.2928088e-01
   3.1928280e-01
   3.0901582e-01
   2.9854060e-01
   2.8790531e-01
   2.7714773e-01
   2.6629782e-01
   2.5538058e-01
   2.4441901e-01
   2.3343685e-01
   2.2246114e-01
   2.1152424e-01
   2.0066544e-01
   1.8993194e-01
   1.7937931e-01
   1.6907129e-01
   1.5907923e-01
   1.4948093e-01
   1.4035931e-01
   1.3180069e-01
   1.2389299e-01
   1.1672384e-01
   1.1037873e-01
   1.0493920e-01
   1.0048123e-01
   9.7073698e-02
   9.4777128e-02
   9.3642542e-02
   9.3710537e-02
   9.5010524e-02
   9.7560124e-02
   1.0136472e-01
   1.0641714e-01
   1.1269743e-01
   1.2017278e-01
   1.2879739e-01
   1.3851257e-01
   1.4924672e-01
   1.6091546e-01
   1.7342182e-01
   1.8665647e-01
   2.0049815e-01
   2.1481412e-01
   2.2946094e-01
   2.4428537e-01
   2.5912559e-01
   2.7381269e-01
   2.8817254e-01
   3.0202799e-01
   3.1520149e-01
   3.2751810e-01
   3.3880888e-01
   3.4891458e-01
   3.5768974e-01
   3.6500690e-01
   3.7076093e-01
   3.7487343e-01
   3.7729683e-01
   3.7801821e-01
   3.7706256e-01
   3.7449526e-01
   3.7042370e-01
   3.6499768e-01
   3.5840857e-01
   3.5088713e-01
   3.4269972e-01
   3.3414315e-01
   3.2553804e-01
   3.1722089e-01
   3.0953507e-01
   3.0282093e-01
   2.9740555e-01
   2.9359226e-01
   2.9165054e-01
   2.9180670e-01
   2.9423567e-01
   2.9905432e-01
   3.0631663e-01
   3.1601098e-01
   3.2805954e-01
   3.4232000e-01
   3.5858942e-01
   3.7661016e-01
   3.9607746e-01
   4.1664852e-01
   4.3795257e-01
   4.5960151e-01
   4.8120069e-01
   5.0235945e-01
   5.2270095e-01
   5.4187103e-01
   5.5954582e-01
   5.7543791e-01
   5.8930096e-01
   6.0093283e-01
   6.1017707e-01
   6.1692316e-01
   6.2110536e-01
   6.2270056e-01
   6.2172531e-01
   6.1823212e-01
   6.1230536e-01
   6.0405692e-01
   5.9362180e-01
   5.8115369e-01
   5.6682084e-01
   5.5080210e-01
   5.3328335e-01
   5.1445430e-01
   4.9450563e-01
   4.7362657e-01
   4.5200281e-01
   4.2981483e-01
   4.0723650e-01
   3.8443402e-01
   3.6156512e-01
   3.3877848e-01
   3.1621339e-01
   2.9399958e-01
   2.7225718e-01
   2.5109686e-01
   2.3062003e-01
   2.1091916e-01
   1.9207817e-01
   1.7417285e-01
   1.5727140e-01
   1.4143487e-01
   1.2671777e-01
