   2.6212286e-01
   2.3995234e-01
   2.1977601e-01
   2.0164920e-01
   1.8561676e-01
   1.7171397e-01
   1.5996739e-01
   1.5039563e-01
   1.4301002e-01
   1.3781511e-01
   1.3480905e-01
   1.3398366e-01
   1.3532437e-01
   1.3880979e-01
   1.4441107e-01
   1.5209090e-01
   1.6180225e-01
   1.7348677e-01
   1.8707302e-01
   2.0247444e-01
   2.1958728e-01
   2.3828856e-01
   2.5843413e-01
   2.7985715e-01
   3.0236708e-01
   3.2574931e-01
   3.4976575e-01
   3.7415646e-01
   3.9864243e-01
   4.2292963e-01
   4.4671430e-01
   4.6968939e-01
   4.9155201e-01
   5.1201166e-01
   5.3079880e-01
   5.4767348e-01
   5.6243343e-01
   5.7492129e-01
   5.8503035e-01
   5.9270853e-01
   5.9796009e-01
   6.0084503e-01
   6.0147597e-01
   6.0001264e-01
   5.9665415e-01
   5.9162952e-01
   5.8518683e-01
   5.7758180e-01
   5.6906623e-01
   5.5987710e-01
   5.5022701e-01
   5.4029625e-01
   5.3022727e-01
   5.2012149e-01
   5.1003871e-01
   4.9999910e-01
   4.8998738e-01
   4.7995894e-01
   4.6984744e-01
   4.5957331e-01
   4.4905257e-01
   4.3820558e-01
   4.2696505e-01
   4.1528296e-01
   4.0313618e-01
   3.9053037e-01
   3.7750233e-01
   3.6412056e-01
   3.5048429e-01
   3.3672116e-01
   3.2298365e-01
   3.0944471e-01
   2.9629271e-01
   2.8372607e-01
   2.7194786e-01
   2.6116044e-01
   2.5156044e-01
   2.4333425e-01
   2.3665397e-01
   2.3167395e-01
   2.2852798e-01
   2.2732699e-01
   2.2815732e-01
   2.3107948e-01
   2.3612729e-01
   2.4330740e-01
   2.5259906e-01
   2.6395417e-01
   2.7729744e-01
   2.9252666e-01
   3.0951323e-01
   3.2810258e-01
   3.4811495e-01
   3.6934614e-01
   3.9156861e-01
   4.1453277e-01
   4.3796867e-01
   4.6158812e-01
   4.8508727e-01
   5.0814984e-01
   5.3045096e-01
   5.5166179e-01
   5.7145477e-01
   5.8950971e-01
   6.0552054e-01
   6.1920269e-01
   6.3030097e-01
   6.3859780e-01
   6.4392145e-01
   6.4615418e-01
   6.4523984e-01
   6.4119055e-01
   6.3409222e-01
   6.2410834e-01
   6.1148186e-01
   5.9653471e-01
   5.7966472e-01
   5.6133983e-01
   5.4208948e-01
   5.2249323e-01
   5.0316686e-01
   4.8474634e-01
   4.6787001e-01
   4.5315974e-01
   4.4120174e-01
   4.3252771e-01
   4.2759726e-01
   4.2678226e-01
   4.3035389e-01
   4.3847300e-01
   4.5118412e-01
   4.6841351e-01
   4.8997123e-01
   5.1555711e-01
   5.4477042e-01
   5.7712258e-01
   6.1205245e-01
   6.4894342e-01
   6.8714147e-01
   7.2597353e-01
   7.6476537e-01
   8.0285828e-01
   8.3962416e-01
   8.7447846e-01
   9.0689080e-01
   9.3639308e-01
   9.6258512e-01
   9.8513788e-01
   1.0037946e+00
   1.0183697e+00
   1.0287470e+00
   1.0348750e+00
   1.0367632e+00
   1.0344759e+00
   1.0281270e+00
   1.0178736e+00
   1.0039104e+00
   9.8646334e-01
   9.6578436e-01
   9.4214587e-01
   9.1583577e-01
   8.8715285e-01
   8.5640246e-01
   8.2389272e-01
   7.8993098e-01
   7.5482072e-01
   7.1885883e-01
   6.8233319e-01
   6.4552068e-01
   6.0868542e-01
   5.7207746e-01
   5.3593168e-01
   5.0046707e-01
   4.6588616e-01
   4.3237489e-01
   4.0010252e-01
   3.6922186e-01
   3.3986968e-01
   3.1216721e-01
   2.8622084e-01
   2.6212286e-01
