   2.4722799e-03
   2.4598932e-03
   2.4474151e-03
   2.4349398e-03
   2.4225563e-03
   2.4103476e-03
   2.3983904e-03
   2.3867540e-03
   2.3755009e-03
   2.3646858e-03
   2.3543557e-03
   2.3445499e-03
   2.3353002e-03
   2.3266307e-03
   2.3185583e-03
   2.3110930e-03
   2.3042382e-03
   2.2979910e-03
   2.2923428e-03
   2.2872800e-03
   2.2827841e-03
   2.2788325e-03
   2.2753992e-03
   2.2724551e-03
   2.2699687e-03
   2.2679064e-03
   2.2662335e-03
   2.2649142e-03
   2.2639125e-03
   2.2631923e-03
   2.2627178e-03
   2.2624543e-03
   2.2623680e-03
   2.2624265e-03
   2.2625992e-03
   2.2628574e-03
   2.2631741e-03
   2.2635250e-03
   2.2638879e-03
   2.2642430e-03
   2.2645730e-03
   2.2648635e-03
   2.2651022e-03
   2.2652799e-03
   2.2653898e-03
   2.2654279e-03
   2.2653929e-03
   2.2652862e-03
   2.2651119e-03
   2.2648768e-03
   2.2645902e-03
   2.2642643e-03
   2.2639138e-03
   2.2635560e-03
   2.2632107e-03
   2.2629001e-03
   2.2626490e-03
   2.2624839e-03
   2.2624340e-03
   2.2625297e-03
   2.2628037e-03
   2.2632896e-03
   2.2640224e-03
   2.2650377e-03
   2.2663718e-03
   2.2680607e-03
   2.2701402e-03
   2.2726450e-03
   2.2756086e-03
   2.2790626e-03
   2.2830358e-03
   2.2875544e-03
   2.2926408e-03
   2.2983134e-03
   2.3045856e-03
   2.3114659e-03
   2.3189570e-03
   2.3270553e-03
   2.3357507e-03
   2.3450260e-03
   2.3548568e-03
   2.3652113e-03
   2.3760497e-03
   2.3873248e-03
   2.3989817e-03
   2.4109577e-03
   2.4231832e-03
   2.4355811e-03
   2.4480685e-03
   2.4605559e-03
   2.4729492e-03
   2.4851493e-03
   2.4970541e-03
   2.5085585e-03
   2.5195563e-03
   2.5299409e-03
   2.5396066e-03
   2.5484500e-03
   2.5563714e-03
   2.5632758e-03
   2.5690748e-03
   2.5736876e-03
   2.5770421e-03
   2.5790770e-03
   2.5797419e-03
   2.5789995e-03
   2.5768258e-03
   2.5732110e-03
   2.5681609e-03
   2.5616965e-03
   2.5538549e-03
   2.5446894e-03
   2.5342691e-03
   2.5226788e-03
   2.5100187e-03
   2.4964030e-03
   2.4819595e-03
   2.4668281e-03
   2.4511595e-03
   2.4351133e-03
   2.4188566e-03
   2.4025619e-03
   2.3864047e-03
   2.3705619e-03
   2.3552090e-03
   2.3405184e-03
   2.3266564e-03
   2.3137817e-03
   2.3020427e-03
   2.2915758e-03
   2.2825034e-03
   2.2749319e-03
   2.2689506e-03
   2.2646304e-03
   2.2620225e-03
   2.2611577e-03
   2.2620463e-03
   2.2646776e-03
   2.2690202e-03
   2.2750224e-03
   2.2826130e-03
   2.2917024e-03
   2.3021835e-03
   2.3139338e-03
   2.3268166e-03
   2.3406832e-03
   2.3553747e-03
   2.3707247e-03
   2.3865608e-03
   2.4027073e-03
   2.4189875e-03
   2.4352259e-03
   2.4512502e-03
   2.4668935e-03
   2.4819964e-03
   2.4964085e-03
   2.5099902e-03
   2.5226142e-03
   2.5341663e-03
   2.5445472e-03
   2.5536722e-03
   2.5614726e-03
   2.5678957e-03
   2.5729048e-03
   2.5764791e-03
   2.5786135e-03
   2.5793179e-03
   2.5786167e-03
   2.5765478e-03
   2.5731615e-03
   2.5685198e-03
   2.5626946e-03
   2.5557671e-03
   2.5478259e-03
   2.5389659e-03
   2.5292870e-03
   2.5188927e-03
   2.5078885e-03
   2.4963811e-03
   2.4844766e-03
   2.4722799e-03
