   1.2659526e+00
   1.2507537e+00
   1.2391537e+00
   1.2311747e+00
   1.2267952e+00
   1.2259506e+00
   1.2285338e+00
   1.2343960e+00
   1.2433487e+00
   1.2551649e+00
   1.2695812e+00
   1.2863003e+00
   1.3049937e+00
   1.3253049e+00
   1.3468530e+00
   1.3692365e+00
   1.3920378e+00
   1.4148282e+00
   1.4371723e+00
   1.4586342e+00
   1.4787826e+00
   1.4971972e+00
   1.5134742e+00
   1.5272326e+00
   1.5381204e+00
   1.5458200e+00
   1.5500540e+00
   1.5505899e+00
   1.5472452e+00
   1.5398910e+00
   1.5284548e+00
   1.5129232e+00
   1.4933428e+00
   1.4698204e+00
   1.4425222e+00
   1.4116716e+00
   1.3775461e+00
   1.3404729e+00
   1.3008238e+00
   1.2590090e+00
   1.2154701e+00
   1.1706720e+00
   1.1250957e+00
   1.0792288e+00
   1.0335579e+00
   9.8855956e-01
   9.4469236e-01
   9.0238941e-01
   8.6205121e-01
   8.2403962e-01
   7.8867263e-01
   7.5622031e-01
   7.2690182e-01
   7.0088362e-01
   6.7827883e-01
   6.5914782e-01
   6.4349976e-01
   6.3129525e-01
   6.2244983e-01
   6.1683821e-01
   6.1429905e-01
   6.1464033e-01
   6.1764481e-01
   6.2307577e-01
   6.3068259e-01
   6.4020630e-01
   6.5138467e-01
   6.6395704e-01
   6.7766851e-01
   6.9227373e-01
   7.0753989e-01
   7.2324924e-01
   7.3920085e-01
   7.5521178e-01
   7.7111765e-01
   7.8677260e-01
   8.0204883e-01
   8.1683562e-01
   8.3103796e-01
   8.4457499e-01
   8.5737811e-01
   8.6938897e-01
   8.8055747e-01
   8.9083965e-01
   9.0019575e-01
   9.0858836e-01
   9.1598080e-01
   9.2233572e-01
   9.2761399e-01
   9.3177396e-01
   9.3477106e-01
   9.3655773e-01
   9.3708383e-01
   9.3629736e-01
   9.3414566e-01
   9.3057689e-01
   9.2554194e-01
   9.1899665e-01
   9.1090429e-01
   9.0123831e-01
   8.8998525e-01
   8.7714775e-01
   8.6274761e-01
   8.4682882e-01
   8.2946037e-01
   8.1073894e-01
   7.9079118e-01
   7.6977556e-01
   7.4788372e-01
   7.2534116e-01
   7.0240729e-01
   6.7937456e-01
   6.5656693e-01
   6.3433723e-01
   6.1306380e-01
   5.9314609e-01
   5.7499938e-01
   5.5904877e-01
   5.4572223e-01
   5.3544319e-01
   5.2862250e-01
   5.2565007e-01
   5.2688640e-01
   5.3265405e-01
   5.4322950e-01
   5.5883536e-01
   5.7963334e-01
   6.0571815e-01
   6.3711244e-01
   6.7376306e-01
   7.1553878e-01
   7.6222949e-01
   8.1354703e-01
   8.6912769e-01
   9.2853628e-01
   9.9127181e-01
   1.0567746e+00
   1.1244346e+00
   1.1936009e+00
   1.2635926e+00
   1.3337090e+00
   1.4032419e+00
   1.4714866e+00
   1.5377539e+00
   1.6013807e+00
   1.6617406e+00
   1.7182535e+00
   1.7703942e+00
   1.8176994e+00
   1.8597741e+00
   1.8962962e+00
   1.9270194e+00
   1.9517752e+00
   1.9704731e+00
   1.9830998e+00
   1.9897167e+00
   1.9904570e+00
   1.9855207e+00
   1.9751701e+00
   1.9597233e+00
   1.9395482e+00
   1.9150555e+00
   1.8866918e+00
   1.8549324e+00
   1.8202741e+00
   1.7832284e+00
   1.7443148e+00
   1.7040540e+00
   1.6629626e+00
   1.6215466e+00
   1.5802969e+00
   1.5396845e+00
   1.5001557e+00
   1.4621293e+00
   1.4259923e+00
   1.3920979e+00
   1.3607624e+00
   1.3322636e+00
   1.3068390e+00
   1.2846842e+00
   1.2659526e+00
