   1.3759607e+00
   1.4460601e+00
   1.5674609e+00
   1.7370578e+00
   1.9506221e+00
   2.2028414e+00
   2.4873743e+00
   2.7969230e+00
   3.1233315e+00
   3.4577109e+00
   3.7905993e+00
   4.1121564e+00
   4.4123968e+00
   4.6814599e+00
   4.9099139e+00
   5.0890877e+00
   5.2114199e+00
   5.2708127e+00
   5.2629722e+00
   5.1857154e+00
   5.0392208e+00
   4.8261998e+00
   4.5519660e+00
   4.2243809e+00
   3.8536642e+00
   3.4520573e+00
   3.0333452e+00
   2.6122468e+00
   2.2036995e+00
   1.8220744e+00
   1.4803674e+00
   1.1894225e+00
   9.5724400e-01
   7.8845719e-01
   6.8397026e-01
   6.4087873e-01
   6.5263822e-01
   7.0950771e-01
   7.9924501e-01
   9.0801585e-01
   1.0214559e+00
   1.1258061e+00
   1.2090321e+00
   1.2618347e+00
   1.2784652e+00
   1.2572736e+00
   1.2009367e+00
   1.1163424e+00
   1.0141320e+00
   9.0793702e-01
   8.1336642e-01
   7.4682842e-01
   7.2427930e-01
   7.5999907e-01
   8.6548604e-01
   1.0485503e+00
   1.3126722e+00
   1.6566680e+00
   2.0746760e+00
   2.5564500e+00
   3.0879253e+00
   3.6520065e+00
   4.2295123e+00
   4.8002057e+00
   5.3438401e+00
   5.8411552e+00
   6.2747666e+00
   6.6299063e+00
   6.8949853e+00
   7.0619653e+00
   7.1265365e+00
   7.0881153e+00
   6.9496804e+00
   6.7174748e+00
   6.4006036e+00
   6.0105591e+00
   5.5607030e+00
   5.0657338e+00
   4.5411617e+00
   4.0028104e+00
   3.4663592e+00
   2.9469345e+00
   2.4587563e+00
   2.0148401e+00
   1.6267530e+00
   1.3044215e+00
   1.0559847e+00
   8.8768908e-01
   8.0381810e-01
   8.0665137e-01
   8.9644929e-01
   1.0714635e+00
   1.3279722e+00
   1.6603370e+00
   2.0610817e+00
   2.5209976e+00
   3.0292779e+00
   3.5736847e+00
   4.1407545e+00
   4.7160436e+00
   5.2844168e+00
   5.8303809e+00
   6.3384620e+00
   6.7936218e+00
   7.1817070e+00
   7.4899196e+00
   7.7072953e+00
   7.8251684e+00
   7.8376041e+00
   7.7417708e+00
   7.5382285e+00
   7.2311044e+00
   6.8281336e+00
   6.3405451e+00
   5.7827781e+00
   5.1720259e+00
   4.5276138e+00
   3.8702274e+00
   3.2210251e+00
   2.6006745e+00
   2.0283682e+00
   1.5208765e+00
   1.0917026e+00
   7.5039996e-01
   5.0210723e-01
   3.4734262e-01
   2.8208199e-01
   2.9812914e-01
   3.8376214e-01
   5.2460516e-01
   7.0467164e-01
   9.0750788e-01
   1.1173475e+00
   1.3201877e+00
   1.5047061e+00
   1.6629464e+00
   1.7907246e+00
   1.8877267e+00
   1.9572989e+00
   2.0059544e+00
   2.0426452e+00
   2.0778671e+00
   2.1226732e+00
   2.1876820e+00
   2.2821563e+00
   2.4132243e+00
   2.5852947e+00
   2.7997014e+00
   3.0545909e+00
   3.3450450e+00
   3.6634157e+00
   3.9998312e+00
   4.3428271e+00
   4.6800465e+00
   4.9989577e+00
   5.2875408e+00
   5.5349005e+00
   5.7317758e+00
   5.8709237e+00
   5.9473710e+00
   5.9585307e+00
   5.9041950e+00
   5.7864198e+00
   5.6093190e+00
   5.3787924e+00
   5.1022091e+00
   4.7880671e+00
   4.4456477e+00
   4.0846817e+00
   3.7150376e+00
   3.3464411e+00
   2.9882311e+00
   2.6491541e+00
   2.3371959e+00
   2.0594497e+00
   1.8220151e+00
   1.6299255e+00
   1.4870972e+00
   1.3962956e+00
   1.3591138e+00
   1.3759607e+00
