   1.4586546e+00
   1.4387167e+00
   1.4165997e+00
   1.3923748e+00
   1.3661042e+00
   1.3378455e+00
   1.3076560e+00
   1.2755989e+00
   1.2417491e+00
   1.2062000e+00
   1.1690704e+00
   1.1305113e+00
   1.0907129e+00
   1.0499106e+00
   1.0083899e+00
   9.6649057e-01
   9.2460797e-01
   8.8319305e-01
   8.4274899e-01
   8.0382499e-01
   7.6700680e-01
   7.3290373e-01
   7.0213246e-01
   6.7529768e-01
   6.5297026e-01
   6.3566365e-01
   6.2380933e-01
   6.1773270e-01
   6.1763052e-01
   6.2355129e-01
   6.3537995e-01
   6.5282805e-01
   6.7543042e-01
   7.0254914e-01
   7.3338517e-01
   7.6699770e-01
   8.0233089e-01
   8.3824698e-01
   8.7356484e-01
   9.0710208e-01
   9.3771895e-01
   9.6436217e-01
   9.8610624e-01
   1.0021905e+00
   1.0120501e+00
   1.0153389e+00
   1.0119440e+00
   1.0019899e+00
   9.8583354e-01
   9.6404934e-01
   9.3740549e-01
   9.0683271e-01
   8.7338692e-01
   8.3820782e-01
   8.0247523e-01
   7.6736544e-01
   7.3400948e-01
   7.0345512e-01
   6.7663427e-01
   6.5433684e-01
   6.3719189e-01
   6.2565651e-01
   6.2001221e-01
   6.2036854e-01
   6.2667307e-01
   6.3872681e-01
   6.5620367e-01
   6.7867299e-01
   7.0562339e-01
   7.3648708e-01
   7.7066317e-01
   8.0753928e-01
   8.4651058e-01
   8.8699580e-01
   9.2844997e-01
   9.7037380e-01
   1.0123198e+00
   1.0538952e+00
   1.0947628e+00
   1.1346386e+00
   1.1732881e+00
   1.2105219e+00
   1.2461888e+00
   1.2801697e+00
   1.3123702e+00
   1.3427144e+00
   1.3711378e+00
   1.3975811e+00
   1.4219851e+00
   1.4442855e+00
   1.4644091e+00
   1.4822706e+00
   1.4977705e+00
   1.5107941e+00
   1.5212118e+00
   1.5288796e+00
   1.5336426e+00
   1.5353382e+00
   1.5338017e+00
   1.5288727e+00
   1.5204032e+00
   1.5082669e+00
   1.4923690e+00
   1.4726579e+00
   1.4491362e+00
   1.4218720e+00
   1.3910100e+00
   1.3567804e+00
   1.3195062e+00
   1.2796078e+00
   1.2376032e+00
   1.1941046e+00
   1.1498094e+00
   1.1054860e+00
   1.0619548e+00
   1.0200629e+00
   9.8065499e-01
   9.4454037e-01
   9.1245793e-01
   8.8504064e-01
   8.6278173e-01
   8.4600469e-01
   8.3483946e-01
   8.2920673e-01
   8.2881212e-01
   8.3315164e-01
   8.4152882e-01
   8.5308350e-01
   8.6683118e-01
   8.8171124e-01
   8.9664142e-01
   9.1057541e-01
   9.2256021e-01
   9.3178934e-01
   9.3764872e-01
   9.3975191e-01
   9.3796240e-01
   9.3240146e-01
   9.2344091e-01
   9.1168142e-01
   8.9791777e-01
   8.8309343e-01
   8.6824761e-01
   8.5445817e-01
   8.4278404e-01
   8.3421069e-01
   8.2960176e-01
   8.2965941e-01
   8.3489519e-01
   8.4561253e-01
   8.6190084e-01
   8.8364091e-01
   9.1052015e-01
   9.4205608e-01
   9.7762597e-01
   1.0165004e+00
   1.0578784e+00
   1.1009227e+00
   1.1447922e+00
   1.1886715e+00
   1.2317957e+00
   1.2734697e+00
   1.3130829e+00
   1.3501176e+00
   1.3841529e+00
   1.4148647e+00
   1.4420209e+00
   1.4654746e+00
   1.4851552e+00
   1.5010571e+00
   1.5132292e+00
   1.5217628e+00
   1.5267812e+00
   1.5284293e+00
   1.5268645e+00
   1.5222483e+00
   1.5147405e+00
   1.5044932e+00
   1.4916475e+00
   1.4763306e+00
   1.4586546e+00
