   1.3181281e+00
   1.2976581e+00
   1.2753080e+00
   1.2511591e+00
   1.2252884e+00
   1.1977731e+00
   1.1686944e+00
   1.1381433e+00
   1.1062259e+00
   1.0730699e+00
   1.0388300e+00
   1.0036946e+00
   9.6789084e-01
   9.3169003e-01
   8.9541093e-01
   8.5942214e-01
   8.2414243e-01
   7.9003858e-01
   7.5762060e-01
   7.2743402e-01
   7.0004884e-01
   6.7604552e-01
   6.5599775e-01
   6.4045274e-01
   6.2990937e-01
   6.2479509e-01
   6.2544271e-01
   6.3206792e-01
   6.4474916e-01
   6.6341083e-01
   6.8781111e-01
   7.1753554e-01
   7.5199706e-01
   7.9044317e-01
   8.3197044e-01
   8.7554610e-01
   9.2003638e-01
   9.6424039e-01
   1.0069285e+00
   1.0468836e+00
   1.0829431e+00
   1.1140410e+00
   1.1392461e+00
   1.1577968e+00
   1.1691299e+00
   1.1729010e+00
   1.1689984e+00
   1.1575466e+00
   1.1389013e+00
   1.1136365e+00
   1.0825217e+00
   1.0464937e+00
   1.0066215e+00
   9.6406724e-01
   9.2004535e-01
   8.7578001e-01
   8.3246474e-01
   7.9122447e-01
   7.5308226e-01
   7.1893163e-01
   6.8951549e-01
   6.6541220e-01
   6.4702879e-01
   6.3460119e-01
   6.2820090e-01
   6.2774714e-01
   6.3302360e-01
   6.4369847e-01
   6.5934660e-01
   6.7947251e-01
   7.0353315e-01
   7.3095944e-01
   7.6117578e-01
   7.9361688e-01
   8.2774175e-01
   8.6304443e-01
   8.9906166e-01
   9.3537761e-01
   9.7162593e-01
   1.0074895e+00
   1.0426980e+00
   1.0770248e+00
   1.1102813e+00
   1.1423123e+00
   1.1729893e+00
   1.2022049e+00
   1.2298666e+00
   1.2558914e+00
   1.2802004e+00
   1.3027145e+00
   1.3233504e+00
   1.3420173e+00
   1.3586152e+00
   1.3730332e+00
   1.3851492e+00
   1.3948314e+00
   1.4019394e+00
   1.4063283e+00
   1.4078527e+00
   1.4063728e+00
   1.4017619e+00
   1.3939141e+00
   1.3827543e+00
   1.3682480e+00
   1.3504123e+00
   1.3293260e+00
   1.3051399e+00
   1.2780853e+00
   1.2484808e+00
   1.2167358e+00
   1.1833513e+00
   1.1489154e+00
   1.1140947e+00
   1.0796203e+00
   1.0462682e+00
   1.0148345e+00
   9.8610701e-01
   9.6083222e-01
   9.3968077e-01
   9.2321250e-01
   9.1184319e-01
   9.0581529e-01
   9.0517474e-01
   9.0975615e-01
   9.1917792e-01
   9.3284868e-01
   9.4998561e-01
   9.6964445e-01
   9.9076022e-01
   1.0121968e+00
   1.0328029e+00
   1.0514709e+00
   1.0671957e+00
   1.0791290e+00
   1.0866263e+00
   1.0892826e+00
   1.0869553e+00
   1.0797724e+00
   1.0681247e+00
   1.0526439e+00
   1.0341669e+00
   1.0136897e+00
   9.9231300e-01
   9.7118378e-01
   9.5143644e-01
   9.3413682e-01
   9.2023238e-01
   9.1051130e-01
   9.0557207e-01
   9.0580483e-01
   9.1138453e-01
   9.2227536e-01
   9.3824522e-01
   9.5888849e-01
   9.8365503e-01
   1.0118831e+00
   1.0428344e+00
   1.0757280e+00
   1.1097735e+00
   1.1441996e+00
   1.1782787e+00
   1.2113466e+00
   1.2428164e+00
   1.2721879e+00
   1.2990510e+00
   1.3230863e+00
   1.3440609e+00
   1.3618221e+00
   1.3762886e+00
   1.3874408e+00
   1.3953106e+00
   1.3999702e+00
   1.4015226e+00
   1.4000917e+00
   1.3958146e+00
   1.3888337e+00
   1.3792914e+00
   1.3673253e+00
   1.3530649e+00
   1.3366297e+00
   1.3181281e+00
