   2.1175620e+00
   2.1086059e+00
   2.0973562e+00
   2.0838662e+00
   2.0681943e+00
   2.0504040e+00
   2.0305646e+00
   2.0087506e+00
   1.9850427e+00
   1.9595273e+00
   1.9322972e+00
   1.9034512e+00
   1.8730949e+00
   1.8413399e+00
   1.8083048e+00
   1.7741140e+00
   1.7388985e+00
   1.7027951e+00
   1.6659464e+00
   1.6285002e+00
   1.5906090e+00
   1.5524296e+00
   1.5141225e+00
   1.4758508e+00
   1.4377798e+00
   1.4000763e+00
   1.3629072e+00
   1.3264391e+00
   1.2908371e+00
   1.2562639e+00
   1.2228791e+00
   1.1908379e+00
   1.1602906e+00
   1.1313813e+00
   1.1042472e+00
   1.0790179e+00
   1.0558147e+00
   1.0347493e+00
   1.0159238e+00
   9.9942978e-01
   9.8534781e-01
   9.7374683e-01
   9.6468392e-01
   9.5820381e-01
   9.5433869e-01
   9.5310796e-01
   9.5451815e-01
   9.5856282e-01
   9.6522264e-01
   9.7446550e-01
   9.8624664e-01
   1.0005090e+00
   1.0171835e+00
   1.0361896e+00
   1.0574354e+00
   1.0808186e+00
   1.1062272e+00
   1.1335395e+00
   1.1626258e+00
   1.1933482e+00
   1.2255622e+00
   1.2591172e+00
   1.2938575e+00
   1.3296232e+00
   1.3662512e+00
   1.4035759e+00
   1.4414306e+00
   1.4796480e+00
   1.5180612e+00
   1.5565049e+00
   1.5948156e+00
   1.6328331e+00
   1.6704006e+00
   1.7073656e+00
   1.7435806e+00
   1.7789030e+00
   1.8131964e+00
   1.8463301e+00
   1.8781796e+00
   1.9086270e+00
   1.9375605e+00
   1.9648752e+00
   1.9904720e+00
   2.0142586e+00
   2.0361486e+00
   2.0560613e+00
   2.0739222e+00
   2.0896620e+00
   2.1032170e+00
   2.1145286e+00
   2.1235432e+00
   2.1302124e+00
   2.1344927e+00
   2.1363457e+00
   2.1357382e+00
   2.1326423e+00
   2.1270360e+00
   2.1189031e+00
   2.1082343e+00
   2.0950274e+00
   2.0792880e+00
   2.0610305e+00
   2.0402787e+00
   2.0170669e+00
   1.9914408e+00
   1.9634588e+00
   1.9331925e+00
   1.9007283e+00
   1.8661684e+00
   1.8296312e+00
   1.7912529e+00
   1.7511879e+00
   1.7096091e+00
   1.6667089e+00
   1.6226986e+00
   1.5778088e+00
   1.5322885e+00
   1.4864042e+00
   1.4404387e+00
   1.3946894e+00
   1.3494659e+00
   1.3050878e+00
   1.2618813e+00
   1.2201761e+00
   1.1803016e+00
   1.1425827e+00
   1.1073359e+00
   1.0748646e+00
   1.0454552e+00
   1.0193723e+00
   9.9685483e-01
   9.7811206e-01
   9.6332036e-01
   9.5262003e-01
   9.4611299e-01
   9.4386099e-01
   9.4588454e-01
   9.5216254e-01
   9.6263273e-01
   9.7719272e-01
   9.9570182e-01
   1.0179835e+00
   1.0438283e+00
   1.0729974e+00
   1.1052264e+00
   1.1402295e+00
   1.1777038e+00
   1.2173337e+00
   1.2587950e+00
   1.3017595e+00
   1.3458985e+00
   1.3908872e+00
   1.4364070e+00
   1.4821497e+00
   1.5278191e+00
   1.5731335e+00
   1.6178275e+00
   1.6616530e+00
   1.7043804e+00
   1.7457989e+00
   1.7857170e+00
   1.8239618e+00
   1.8603794e+00
   1.8948336e+00
   1.9272060e+00
   1.9573942e+00
   1.9853115e+00
   2.0108857e+00
   2.0340581e+00
   2.0547823e+00
   2.0730233e+00
   2.0887565e+00
   2.1019669e+00
   2.1126480e+00
   2.1208014e+00
   2.1264355e+00
   2.1295658e+00
   2.1302137e+00
   2.1284064e+00
   2.1241765e+00
   2.1175620e+00
