   5.8933828e-02
   5.7627679e-02
   5.6369025e-02
   5.5166785e-02
   5.4028676e-02
   5.2961166e-02
   5.1969451e-02
   5.1057450e-02
   5.0227820e-02
   4.9481985e-02
   4.8820192e-02
   4.8241570e-02
   4.7744213e-02
   4.7325274e-02
   4.6981061e-02
   4.6707157e-02
   4.6498532e-02
   4.6349671e-02
   4.6254694e-02
   4.6207485e-02
   4.6201815e-02
   4.6231455e-02
   4.6290295e-02
   4.6372442e-02
   4.6472311e-02
   4.6584711e-02
   4.6704909e-02
   4.6828681e-02
   4.6952353e-02
   4.7072820e-02
   4.7187555e-02
   4.7294602e-02
   4.7392548e-02
   4.7480494e-02
   4.7558007e-02
   4.7625057e-02
   4.7681962e-02
   4.7729311e-02
   4.7767891e-02
   4.7798619e-02
   4.7822460e-02
   4.7840367e-02
   4.7853215e-02
   4.7861748e-02
   4.7866534e-02
   4.7867935e-02
   4.7866084e-02
   4.7860879e-02
   4.7851992e-02
   4.7838886e-02
   4.7820847e-02
   4.7797029e-02
   4.7766506e-02
   4.7728334e-02
   4.7681621e-02
   4.7625595e-02
   4.7559684e-02
   4.7483583e-02
   4.7397327e-02
   4.7301354e-02
   4.7196565e-02
   4.7084366e-02
   4.6966706e-02
   4.6846101e-02
   4.6725639e-02
   4.6608973e-02
   4.6500304e-02
   4.6404337e-02
   4.6326234e-02
   4.6271542e-02
   4.6246119e-02
   4.6256037e-02
   4.6307480e-02
   4.6406637e-02
   4.6559577e-02
   4.6772135e-02
   4.7049779e-02
   4.7397493e-02
   4.7819649e-02
   4.8319891e-02
   4.8901026e-02
   4.9564917e-02
   5.0312394e-02
   5.1143177e-02
   5.2055804e-02
   5.3047592e-02
   5.4114595e-02
   5.5251597e-02
   5.6452113e-02
   5.7708418e-02
   5.9011585e-02
   6.0351556e-02
   6.1717225e-02
   6.3096539e-02
   6.4476628e-02
   6.5843939e-02
   6.7184400e-02
   6.8483591e-02
   6.9726930e-02
   7.0899871e-02
   7.1988113e-02
   7.2977810e-02
   7.3855789e-02
   7.4609765e-02
   7.5228554e-02
   7.5702280e-02
   7.6022566e-02
   7.6182722e-02
   7.6177902e-02
   7.6005245e-02
   7.5663998e-02
   7.5155596e-02
   7.4483725e-02
   7.3654342e-02
   7.2675667e-02
   7.1558128e-02
   7.0314279e-02
   6.8958674e-02
   6.7507704e-02
   6.5979404e-02
   6.4393217e-02
   6.2769734e-02
   6.1130409e-02
   5.9497246e-02
   5.7892470e-02
   5.6338194e-02
   5.4856068e-02
   5.3466939e-02
   5.2190514e-02
   5.1045038e-02
   5.0046990e-02
   4.9210811e-02
   4.8548655e-02
   4.8070186e-02
   4.7782414e-02
   4.7689570e-02
   4.7793035e-02
   4.8091318e-02
   4.8580079e-02
   4.9252203e-02
   5.0097924e-02
   5.1104990e-02
   5.2258873e-02
   5.3543008e-02
   5.4939079e-02
   5.6427314e-02
   5.7986810e-02
   5.9595873e-02
   6.1232358e-02
   6.2874016e-02
   6.4498833e-02
   6.6085354e-02
   6.7612998e-02
   6.9062343e-02
   7.0415386e-02
   7.1655776e-02
   7.2769006e-02
   7.3742578e-02
   7.4566128e-02
   7.5231505e-02
   7.5732825e-02
   7.6066482e-02
   7.6231119e-02
   7.6227574e-02
   7.6058790e-02
   7.5729696e-02
   7.5247069e-02
   7.4619364e-02
   7.3856536e-02
   7.2969846e-02
   7.1971650e-02
   7.0875187e-02
   6.9694367e-02
   6.8443547e-02
   6.7137324e-02
   6.5790325e-02
   6.4417008e-02
   6.3031480e-02
   6.1647318e-02
   6.0277413e-02
   5.8933828e-02
