   9.7217420e-01
   9.6961822e-01
   9.6824587e-01
   9.6814898e-01
   9.6940819e-01
   9.7209198e-01
   9.7625598e-01
   9.8194253e-01
   9.8918036e-01
   9.9798457e-01
   1.0083566e+00
   1.0202842e+00
   1.0337419e+00
   1.0486909e+00
   1.0650792e+00
   1.0828422e+00
   1.1019023e+00
   1.1221695e+00
   1.1435415e+00
   1.1659039e+00
   1.1891309e+00
   1.2130859e+00
   1.2376224e+00
   1.2625847e+00
   1.2878102e+00
   1.3131304e+00
   1.3383734e+00
   1.3633659e+00
   1.3879359e+00
   1.4119152e+00
   1.4351421e+00
   1.4574637e+00
   1.4787384e+00
   1.4988377e+00
   1.5176473e+00
   1.5350686e+00
   1.5510184e+00
   1.5654291e+00
   1.5782473e+00
   1.5894328e+00
   1.5989565e+00
   1.6067988e+00
   1.6129470e+00
   1.6173935e+00
   1.6201341e+00
   1.6211664e+00
   1.6204892e+00
   1.6181018e+00
   1.6140048e+00
   1.6082005e+00
   1.6006947e+00
   1.5914984e+00
   1.5806297e+00
   1.5681160e+00
   1.5539962e+00
   1.5383223e+00
   1.5211608e+00
   1.5025939e+00
   1.4827195e+00
   1.4616511e+00
   1.4395167e+00
   1.4164577e+00
   1.3926268e+00
   1.3681858e+00
   1.3433031e+00
   1.3181510e+00
   1.2929034e+00
   1.2677326e+00
   1.2428078e+00
   1.2182926e+00
   1.1943432e+00
   1.1711070e+00
   1.1487214e+00
   1.1273131e+00
   1.1069971e+00
   1.0878765e+00
   1.0700420e+00
   1.0535717e+00
   1.0385311e+00
   1.0249726e+00
   1.0129356e+00
   1.0024461e+00
   9.9351698e-01
   9.8614733e-01
   9.8032277e-01
   9.7601526e-01
   9.7318330e-01
   9.7177216e-01
   9.7171435e-01
   9.7293038e-01
   9.7532963e-01
   9.7881162e-01
   9.8326748e-01
   9.8858165e-01
   9.9463392e-01
   1.0013016e+00
   1.0084617e+00
   1.0159936e+00
   1.0237812e+00
   1.0317156e+00
   1.0396969e+00
   1.0476364e+00
   1.0554585e+00
   1.0631015e+00
   1.0705188e+00
   1.0776791e+00
   1.0845662e+00
   1.0911781e+00
   1.0975264e+00
   1.1036337e+00
   1.1095321e+00
   1.1152605e+00
   1.1208618e+00
   1.1263804e+00
   1.1318591e+00
   1.1373364e+00
   1.1428442e+00
   1.1484056e+00
   1.1540334e+00
   1.1597283e+00
   1.1654792e+00
   1.1712622e+00
   1.1770419e+00
   1.1827716e+00
   1.1883954e+00
   1.1938498e+00
   1.1990657e+00
   1.2039709e+00
   1.2084926e+00
   1.2125598e+00
   1.2161057e+00
   1.2190699e+00
   1.2214003e+00
   1.2230553e+00
   1.2240044e+00
   1.2242299e+00
   1.2237268e+00
   1.2225037e+00
   1.2205821e+00
   1.2179956e+00
   1.2147894e+00
   1.2110183e+00
   1.2067453e+00
   1.2020393e+00
   1.1969731e+00
   1.1916208e+00
   1.1860553e+00
   1.1803457e+00
   1.1745553e+00
   1.1687392e+00
   1.1629427e+00
   1.1571995e+00
   1.1515312e+00
   1.1459466e+00
   1.1404419e+00
   1.1350015e+00
   1.1295992e+00
   1.1241999e+00
   1.1187619e+00
   1.1132393e+00
   1.1075850e+00
   1.1017533e+00
   1.0957029e+00
   1.0893997e+00
   1.0828193e+00
   1.0759490e+00
   1.0687898e+00
   1.0613571e+00
   1.0536822e+00
   1.0458118e+00
   1.0378080e+00
   1.0297473e+00
   1.0217193e+00
   1.0138250e+00
   1.0061748e+00
   9.9888618e-01
   9.9208143e-01
   9.8588502e-01
   9.8042128e-01
   9.7581199e-01
   9.7217420e-01
