   5.5916348e-02
   5.4880502e-02
   5.3767069e-02
   5.2582828e-02
   5.1334581e-02
   5.0029127e-02
   4.8673230e-02
   4.7273600e-02
   4.5836871e-02
   4.4369581e-02
   4.2878157e-02
   4.1368901e-02
   3.9847975e-02
   3.8321389e-02
   3.6794987e-02
   3.5274434e-02
   3.3765204e-02
   3.2272566e-02
   3.0801569e-02
   2.9357032e-02
   2.7943524e-02
   2.6565354e-02
   2.5226558e-02
   2.3930879e-02
   2.2681765e-02
   2.1482350e-02
   2.0335450e-02
   1.9243555e-02
   1.8208825e-02
   1.7233092e-02
   1.6317858e-02
   1.5464309e-02
   1.4673316e-02
   1.3945458e-02
   1.3281031e-02
   1.2680076e-02
   1.2142399e-02
   1.1667600e-02
   1.1255099e-02
   1.0904169e-02
   1.0613966e-02
   1.0383563e-02
   1.0211979e-02
   1.0098209e-02
   1.0041252e-02
   1.0040138e-02
   1.0093950e-02
   1.0201841e-02
   1.0363051e-02
   1.0576916e-02
   1.0842872e-02
   1.1160460e-02
   1.1529320e-02
   1.1949182e-02
   1.2419858e-02
   1.2941219e-02
   1.3513185e-02
   1.4135694e-02
   1.4808683e-02
   1.5532058e-02
   1.6305670e-02
   1.7129283e-02
   1.8002546e-02
   1.8924965e-02
   1.9895874e-02
   2.0914408e-02
   2.1979475e-02
   2.3089734e-02
   2.4243570e-02
   2.5439072e-02
   2.6674015e-02
   2.7945839e-02
   2.9251635e-02
   3.0588134e-02
   3.1951689e-02
   3.3338271e-02
   3.4743458e-02
   3.6162437e-02
   3.7589995e-02
   3.9020526e-02
   4.0448038e-02
   4.1866156e-02
   4.3268146e-02
   4.4646925e-02
   4.5995091e-02
   4.7304953e-02
   4.8568564e-02
   4.9777771e-02
   5.0924256e-02
   5.1999604e-02
   5.2995358e-02
   5.3903096e-02
   5.4714509e-02
   5.5421483e-02
   5.6016193e-02
   5.6491197e-02
   5.6839539e-02
   5.7054847e-02
   5.7131444e-02
   5.7064452e-02
   5.6849890e-02
   5.6484785e-02
   5.5967259e-02
   5.5296621e-02
   5.4473448e-02
   5.3499653e-02
   5.2378539e-02
   5.1114841e-02
   4.9714753e-02
   4.8185932e-02
   4.6537488e-02
   4.4779950e-02
   4.2925213e-02
   4.0986466e-02
   3.8978092e-02
   3.6915558e-02
   3.4815278e-02
   3.2694457e-02
   3.0570923e-02
   2.8462944e-02
   2.6389030e-02
   2.4367724e-02
   2.2417396e-02
   2.0556027e-02
   1.8800988e-02
   1.7168840e-02
   1.5675120e-02
   1.4334158e-02
   1.3158894e-02
   1.2160715e-02
   1.1349320e-02
   1.0732595e-02
   1.0316523e-02
   1.0105111e-02
   1.0100351e-02
   1.0302206e-02
   1.0708618e-02
   1.1315556e-02
   1.2117072e-02
   1.3105399e-02
   1.4271061e-02
   1.5603008e-02
   1.7088765e-02
   1.8714603e-02
   2.0465713e-02
   2.2326396e-02
   2.4280258e-02
   2.6310400e-02
   2.8399621e-02
   3.0530602e-02
   3.2686096e-02
   3.4849104e-02
   3.7003039e-02
   3.9131879e-02
   4.1220307e-02
   4.3253831e-02
   4.5218890e-02
   4.7102945e-02
   4.8894547e-02
   5.0583394e-02
   5.2160366e-02
   5.3617547e-02
   5.4948231e-02
   5.6146913e-02
   5.7209269e-02
   5.8132121e-02
   5.8913393e-02
   5.9552062e-02
   6.0048098e-02
   6.0402398e-02
   6.0616717e-02
   6.0693597e-02
   6.0636293e-02
   6.0448701e-02
   6.0135283e-02
   5.9700995e-02
   5.9151221e-02
   5.8491708e-02
   5.7728500e-02
   5.6867887e-02
   5.5916348e-02
