   7.5286296e-03
   7.0985202e-03
   6.7118213e-03
   6.3710933e-03
   6.0785021e-03
   5.8358103e-03
   5.6443706e-03
   5.5051228e-03
   5.4185933e-03
   5.3848981e-03
   5.4037475e-03
   5.4744539e-03
   5.5959420e-03
   5.7667612e-03
   5.9851006e-03
   6.2488058e-03
   6.5553988e-03
   6.9020993e-03
   7.2858485e-03
   7.7033344e-03
   8.1510188e-03
   8.6251663e-03
   9.1218737e-03
   9.6371015e-03
   1.0166705e-02
   1.0706469e-02
   1.1252135e-02
   1.1799441e-02
   1.2344151e-02
   1.2882084e-02
   1.3409149e-02
   1.3921377e-02
   1.4414942e-02
   1.4886198e-02
   1.5331694e-02
   1.5748206e-02
   1.6132754e-02
   1.6482621e-02
   1.6795368e-02
   1.7068854e-02
   1.7301238e-02
   1.7490998e-02
   1.7636928e-02
   1.7738151e-02
   1.7794115e-02
   1.7804597e-02
   1.7769698e-02
   1.7689839e-02
   1.7565758e-02
   1.7398501e-02
   1.7189410e-02
   1.6940117e-02
   1.6652529e-02
   1.6328817e-02
   1.5971396e-02
   1.5582918e-02
   1.5166244e-02
   1.4724435e-02
   1.4260727e-02
   1.3778513e-02
   1.3281319e-02
   1.2772786e-02
   1.2256642e-02
   1.1736680e-02
   1.1216733e-02
   1.0700650e-02
   1.0192266e-02
   9.6953809e-03
   9.2137313e-03
   8.7509628e-03
   8.3106057e-03
   7.8960488e-03
   7.5105139e-03
   7.1570314e-03
   6.8384168e-03
   6.5572482e-03
   6.3158445e-03
   6.1162460e-03
   5.9601957e-03
   5.8491228e-03
   5.7841279e-03
   5.7659700e-03
   5.7950555e-03
   5.8714295e-03
   5.9947692e-03
   6.1643796e-03
   6.3791920e-03
   6.6377658e-03
   6.9382923e-03
   7.2786032e-03
   7.6561811e-03
   8.0681753e-03
   8.5114194e-03
   8.9824547e-03
   9.4775558e-03
   9.9927613e-03
   1.0523908e-02
   1.1066668e-02
   1.1616592e-02
   1.2169155e-02
   1.2719802e-02
   1.3264001e-02
   1.3797299e-02
   1.4315373e-02
   1.4814092e-02
   1.5289569e-02
   1.5738219e-02
   1.6156814e-02
   1.6542535e-02
   1.6893019e-02
   1.7206401e-02
   1.7481354e-02
   1.7717115e-02
   1.7913506e-02
   1.8070948e-02
   1.8190461e-02
   1.8273653e-02
   1.8322702e-02
   1.8340321e-02
   1.8329716e-02
   1.8294529e-02
   1.8238775e-02
   1.8166764e-02
   1.8083022e-02
   1.7992197e-02
   1.7898968e-02
   1.7807945e-02
   1.7723570e-02
   1.7650023e-02
   1.7591129e-02
   1.7550267e-02
   1.7530298e-02
   1.7533493e-02
   1.7561477e-02
   1.7615192e-02
   1.7694863e-02
   1.7799990e-02
   1.7929357e-02
   1.8081043e-02
   1.8252466e-02
   1.8440430e-02
   1.8641190e-02
   1.8850528e-02
   1.9063836e-02
   1.9276210e-02
   1.9482553e-02
   1.9677666e-02
   1.9856362e-02
   2.0013559e-02
   2.0144379e-02
   2.0244237e-02
   2.0308930e-02
   2.0334705e-02
   2.0318327e-02
   2.0257128e-02
   2.0149053e-02
   1.9992685e-02
   1.9787263e-02
   1.9532688e-02
   1.9229513e-02
   1.8878931e-02
   1.8482747e-02
   1.8043339e-02
   1.7563624e-02
   1.7046999e-02
   1.6497299e-02
   1.5918730e-02
   1.5315816e-02
   1.4693335e-02
   1.4056258e-02
   1.3409690e-02
   1.2758806e-02
   1.2108802e-02
   1.1464830e-02
   1.0831954e-02
   1.0215101e-02
   9.6190129e-03
   9.0482095e-03
   8.5069517e-03
   7.9992086e-03
   7.5286296e-03
