   4.8910014e-03
   4.6308231e-03
   4.3937187e-03
   4.1812945e-03
   3.9949274e-03
   3.8357591e-03
   3.7046910e-03
   3.6023827e-03
   3.5292512e-03
   3.4854728e-03
   3.4709859e-03
   3.4854958e-03
   3.5284809e-03
   3.5992003e-03
   3.6967032e-03
   3.8198391e-03
   3.9672702e-03
   4.1374844e-03
   4.3288096e-03
   4.5394297e-03
   4.7674003e-03
   5.0106660e-03
   5.2670778e-03
   5.5344117e-03
   5.8103860e-03
   6.0926809e-03
   6.3789557e-03
   6.6668682e-03
   6.9540919e-03
   7.2383334e-03
   7.5173499e-03
   7.7889649e-03
   8.0510834e-03
   8.3017064e-03
   8.5389442e-03
   8.7610284e-03
   8.9663229e-03
   9.1533338e-03
   9.3207176e-03
   9.4672885e-03
   9.5920247e-03
   9.6940729e-03
   9.7727521e-03
   9.8275559e-03
   9.8581542e-03
   9.8643936e-03
   9.8462963e-03
   9.8040595e-03
   9.7380521e-03
   9.6488122e-03
   9.5370426e-03
   9.4036061e-03
   9.2495201e-03
   9.0759497e-03
   8.8842013e-03
   8.6757143e-03
   8.4520524e-03
   8.2148943e-03
   7.9660238e-03
   7.7073187e-03
   7.4407391e-03
   7.1683153e-03
   6.8921347e-03
   6.6143282e-03
   6.3370562e-03
   6.0624936e-03
   5.7928147e-03
   5.5301781e-03
   5.2767107e-03
   5.0344916e-03
   4.8055365e-03
   4.5917819e-03
   4.3950690e-03
   4.2171290e-03
   4.0595677e-03
   3.9238517e-03
   3.8112947e-03
   3.7230447e-03
   3.6600730e-03
   3.6231632e-03
   3.6129017e-03
   3.6296699e-03
   3.6736368e-03
   3.7447535e-03
   3.8427487e-03
   3.9671262e-03
   4.1171634e-03
   4.2919126e-03
   4.4902033e-03
   4.7106476e-03
   4.9516472e-03
   5.2114031e-03
   5.4879275e-03
   5.7790584e-03
   6.0824765e-03
   6.3957242e-03
   6.7162282e-03
   7.0413228e-03
   7.3682769e-03
   7.6943221e-03
   8.0166837e-03
   8.3326123e-03
   8.6394174e-03
   8.9345018e-03
   9.2153963e-03
   9.4797945e-03
   9.7255873e-03
   9.9508957e-03
   1.0154102e-02
   1.0333879e-02
   1.0489216e-02
   1.0619437e-02
   1.0724223e-02
   1.0803619e-02
   1.0858046e-02
   1.0888292e-02
   1.0895516e-02
   1.0881226e-02
   1.0847262e-02
   1.0795768e-02
   1.0729161e-02
   1.0650085e-02
   1.0561370e-02
   1.0465979e-02
   1.0366952e-02
   1.0267352e-02
   1.0170203e-02
   1.0078427e-02
   9.9947910e-03
   9.9218438e-03
   9.8618665e-03
   9.8168215e-03
   9.7883109e-03
   9.7775405e-03
   9.7852923e-03
   9.8119060e-03
   9.8572697e-03
   9.9208200e-03
   1.0001552e-02
   1.0098037e-02
   1.0208453e-02
   1.0330618e-02
   1.0462037e-02
   1.0599946e-02
   1.0741373e-02
   1.0883189e-02
   1.1022177e-02
   1.1155086e-02
   1.1278694e-02
   1.1389870e-02
   1.1485629e-02
   1.1563184e-02
   1.1619992e-02
   1.1653799e-02
   1.1662673e-02
   1.1645035e-02
   1.1599677e-02
   1.1525778e-02
   1.1422914e-02
   1.1291054e-02
   1.1130555e-02
   1.0942155e-02
   1.0726947e-02
   1.0486363e-02
   1.0222147e-02
   9.9363228e-03
   9.6311625e-03
   9.3091530e-03
   8.9729594e-03
   8.6253886e-03
   8.2693529e-03
   7.9078336e-03
   7.5438462e-03
   7.1804061e-03
   6.8204966e-03
   6.4670383e-03
   6.1228612e-03
   5.7906784e-03
   5.4730630e-03
   5.1724267e-03
   4.8910014e-03
