   2.6921678e-02
   2.6841252e-02
   2.6761003e-02
   2.6681524e-02
   2.6603366e-02
   2.6527030e-02
   2.6452967e-02
   2.6381575e-02
   2.6313196e-02
   2.6248120e-02
   2.6186580e-02
   2.6128755e-02
   2.6074774e-02
   2.6024715e-02
   2.5978608e-02
   2.5936441e-02
   2.5898161e-02
   2.5863678e-02
   2.5832870e-02
   2.5805588e-02
   2.5781658e-02
   2.5760886e-02
   2.5743067e-02
   2.5727980e-02
   2.5715399e-02
   2.5705096e-02
   2.5696842e-02
   2.5690409e-02
   2.5685579e-02
   2.5682138e-02
   2.5679884e-02
   2.5678627e-02
   2.5678190e-02
   2.5678406e-02
   2.5679128e-02
   2.5680218e-02
   2.5681556e-02
   2.5683033e-02
   2.5684557e-02
   2.5686047e-02
   2.5687433e-02
   2.5688661e-02
   2.5689685e-02
   2.5690469e-02
   2.5690991e-02
   2.5691234e-02
   2.5691195e-02
   2.5690878e-02
   2.5690297e-02
   2.5689475e-02
   2.5688447e-02
   2.5687258e-02
   2.5685964e-02
   2.5684633e-02
   2.5683345e-02
   2.5682194e-02
   2.5681288e-02
   2.5680747e-02
   2.5680709e-02
   2.5681323e-02
   2.5682753e-02
   2.5685179e-02
   2.5688792e-02
   2.5693793e-02
   2.5700396e-02
   2.5708822e-02
   2.5719298e-02
   2.5732053e-02
   2.5747317e-02
   2.5765317e-02
   2.5786272e-02
   2.5810391e-02
   2.5837866e-02
   2.5868871e-02
   2.5903557e-02
   2.5942046e-02
   2.5984426e-02
   2.6030751e-02
   2.6081033e-02
   2.6135242e-02
   2.6193299e-02
   2.6255074e-02
   2.6320388e-02
   2.6389006e-02
   2.6460638e-02
   2.6534940e-02
   2.6611513e-02
   2.6689904e-02
   2.6769612e-02
   2.6850084e-02
   2.6930724e-02
   2.7010899e-02
   2.7089938e-02
   2.7167145e-02
   2.7241804e-02
   2.7313184e-02
   2.7380551e-02
   2.7443178e-02
   2.7500348e-02
   2.7551371e-02
   2.7595591e-02
   2.7632394e-02
   2.7661223e-02
   2.7681582e-02
   2.7693051e-02
   2.7695289e-02
   2.7688046e-02
   2.7671172e-02
   2.7644615e-02
   2.7608437e-02
   2.7562807e-02
   2.7508010e-02
   2.7444448e-02
   2.7372632e-02
   2.7293186e-02
   2.7206842e-02
   2.7114430e-02
   2.7016871e-02
   2.6915171e-02
   2.6810407e-02
   2.6703713e-02
   2.6596271e-02
   2.6489291e-02
   2.6383997e-02
   2.6281614e-02
   2.6183346e-02
   2.6090363e-02
   2.6003782e-02
   2.5924654e-02
   2.5853945e-02
   2.5792525e-02
   2.5741153e-02
   2.5700467e-02
   2.5670972e-02
   2.5653036e-02
   2.5646882e-02
   2.5652584e-02
   2.5670068e-02
   2.5699112e-02
   2.5739348e-02
   2.5790271e-02
   2.5851245e-02
   2.5921510e-02
   2.6000198e-02
   2.6086342e-02
   2.6178894e-02
   2.6276736e-02
   2.6378701e-02
   2.6483583e-02
   2.6590162e-02
   2.6697213e-02
   2.6803526e-02
   2.6907923e-02
   2.7009269e-02
   2.7106490e-02
   2.7198581e-02
   2.7284622e-02
   2.7363783e-02
   2.7435336e-02
   2.7498657e-02
   2.7553234e-02
   2.7598668e-02
   2.7634675e-02
   2.7661084e-02
   2.7677836e-02
   2.7684982e-02
   2.7682673e-02
   2.7671159e-02
   2.7650778e-02
   2.7621953e-02
   2.7585178e-02
   2.7541009e-02
   2.7490060e-02
   2.7432984e-02
   2.7370473e-02
   2.7303239e-02
   2.7232010e-02
   2.7157518e-02
   2.7080492e-02
   2.7001647e-02
   2.6921678e-02
