   6.2071411e-03
   5.8640222e-03
   5.5534882e-03
   5.2776172e-03
   5.0381787e-03
   4.8366254e-03
   4.6740881e-03
   4.5513727e-03
   4.4689603e-03
   4.4270091e-03
   4.4253584e-03
   4.4635353e-03
   4.5407623e-03
   4.6559678e-03
   4.8077981e-03
   4.9946312e-03
   5.2145926e-03
   5.4655725e-03
   5.7452451e-03
   6.0510887e-03
   6.3804071e-03
   6.7303526e-03
   7.0979492e-03
   7.4801173e-03
   7.8736976e-03
   8.2754771e-03
   8.6822139e-03
   9.0906620e-03
   9.4975967e-03
   9.8998385e-03
   1.0294277e-02
   1.0677892e-02
   1.1047778e-02
   1.1401163e-02
   1.1735424e-02
   1.2048111e-02
   1.2336955e-02
   1.2599890e-02
   1.2835058e-02
   1.3040822e-02
   1.3215777e-02
   1.3358752e-02
   1.3468819e-02
   1.3545293e-02
   1.3587738e-02
   1.3595963e-02
   1.3570024e-02
   1.3510218e-02
   1.3417083e-02
   1.3291390e-02
   1.3134138e-02
   1.2946546e-02
   1.2730046e-02
   1.2486270e-02
   1.2217045e-02
   1.1924375e-02
   1.1610433e-02
   1.1277548e-02
   1.0928185e-02
   1.0564937e-02
   1.0190503e-02
   9.8076746e-03
   9.4193164e-03
   9.0283475e-03
   8.6377225e-03
   8.2504121e-03
   7.8693822e-03
   7.4975736e-03
   7.1378812e-03
   6.7931327e-03
   6.4660684e-03
   6.1593195e-03
   5.8753887e-03
   5.6166296e-03
   5.3852277e-03
   5.1831821e-03
   5.0122881e-03
   4.8741207e-03
   4.7700197e-03
   4.7010759e-03
   4.6681192e-03
   4.6717079e-03
   4.7121193e-03
   4.7893429e-03
   4.9030743e-03
   5.0527123e-03
   5.2373571e-03
   5.4558114e-03
   5.7065843e-03
   5.9878971e-03
   6.2976933e-03
   6.6336500e-03
   6.9931936e-03
   7.3735183e-03
   7.7716074e-03
   8.1842582e-03
   8.6081099e-03
   9.0396750e-03
   9.4753730e-03
   9.9115673e-03
   1.0344605e-02
   1.0770858e-02
   1.1186767e-02
   1.1588887e-02
   1.1973932e-02
   1.2338820e-02
   1.2680719e-02
   1.2997094e-02
   1.3285742e-02
   1.3544834e-02
   1.3772950e-02
   1.3969107e-02
   1.4132781e-02
   1.4263925e-02
   1.4362976e-02
   1.4430860e-02
   1.4468976e-02
   1.4479188e-02
   1.4463794e-02
   1.4425487e-02
   1.4367320e-02
   1.4292643e-02
   1.4205051e-02
   1.4108311e-02
   1.4006295e-02
   1.3902899e-02
   1.3801968e-02
   1.3707216e-02
   1.3622146e-02
   1.3549977e-02
   1.3493575e-02
   1.3455386e-02
   1.3437381e-02
   1.3441014e-02
   1.3467182e-02
   1.3516205e-02
   1.3587814e-02
   1.3681152e-02
   1.3794790e-02
   1.3926754e-02
   1.4074563e-02
   1.4235279e-02
   1.4405565e-02
   1.4581752e-02
   1.4759915e-02
   1.4935946e-02
   1.5105639e-02
   1.5264769e-02
   1.5409176e-02
   1.5534837e-02
   1.5637947e-02
   1.5714983e-02
   1.5762763e-02
   1.5778506e-02
   1.5759870e-02
   1.5704990e-02
   1.5612504e-02
   1.5481570e-02
   1.5311868e-02
   1.5103603e-02
   1.4857493e-02
   1.4574748e-02
   1.4257046e-02
   1.3906501e-02
   1.3525628e-02
   1.3117298e-02
   1.2684696e-02
   1.2231275e-02
   1.1760707e-02
   1.1276832e-02
   1.0783615e-02
   1.0285094e-02
   9.7853333e-03
   9.2883832e-03
   8.7982350e-03
   8.3187828e-03
   7.8537872e-03
   7.4068421e-03
   6.9813446e-03
   6.5804685e-03
   6.2071411e-03
