   3.0160182e-02
   2.7433380e-02
   2.5193556e-02
   2.3453129e-02
   2.2221710e-02
   2.1506057e-02
   2.1310043e-02
   2.1634623e-02
   2.2477814e-02
   2.3834680e-02
   2.5697321e-02
   2.8054872e-02
   3.0893509e-02
   3.4196467e-02
   3.7944072e-02
   4.2113792e-02
   4.6680303e-02
   5.1615578e-02
   5.6888999e-02
   6.2467495e-02
   6.8315702e-02
   7.4396154e-02
   8.0669496e-02
   8.7094731e-02
   9.3629486e-02
   1.0023031e-01
   1.0685298e-01
   1.1345287e-01
   1.1998525e-01
   1.2640570e-01
   1.3267046e-01
   1.3873682e-01
   1.4456348e-01
   1.5011094e-01
   1.5534182e-01
   1.6022122e-01
   1.6471702e-01
   1.6880018e-01
   1.7244496e-01
   1.7562913e-01
   1.7833418e-01
   1.8054542e-01
   1.8225205e-01
   1.8344723e-01
   1.8412804e-01
   1.8429548e-01
   1.8395432e-01
   1.8311304e-01
   1.8178360e-01
   1.7998128e-01
   1.7772448e-01
   1.7503441e-01
   1.7193491e-01
   1.6845208e-01
   1.6461409e-01
   1.6045083e-01
   1.5599363e-01
   1.5127497e-01
   1.4632824e-01
   1.4118740e-01
   1.3588677e-01
   1.3046075e-01
   1.2494363e-01
   1.1936931e-01
   1.1377117e-01
   1.0818180e-01
   1.0263292e-01
   9.7155157e-02
   9.1777940e-02
   8.6529368e-02
   8.1436100e-02
   7.6523259e-02
   7.1814346e-02
   6.7331169e-02
   6.3093781e-02
   5.9120424e-02
   5.5427489e-02
   5.2029482e-02
   4.8938995e-02
   4.6166692e-02
   4.3721297e-02
   4.1609589e-02
   3.9836412e-02
   3.8404683e-02
   3.7315416e-02
   3.6567747e-02
   3.6158971e-02
   3.6084591e-02
   3.6338367e-02
   3.6912384e-02
   3.7797128e-02
   3.8981570e-02
   4.0453267e-02
   4.2198473e-02
   4.4202262e-02
   4.6448665e-02
   4.8920817e-02
   5.1601122e-02
   5.4471418e-02
   5.7513166e-02
   6.0707636e-02
   6.4036103e-02
   6.7480051e-02
   7.1021376e-02
   7.4642583e-02
   7.8326983e-02
   8.2058879e-02
   8.5823736e-02
   8.9608334e-02
   9.3400897e-02
   9.7191197e-02
   1.0097062e-01
   1.0473220e-01
   1.0847063e-01
   1.1218218e-01
   1.1586465e-01
   1.1951720e-01
   1.2314018e-01
   1.2673494e-01
   1.3030354e-01
   1.3384846e-01
   1.3737233e-01
   1.4087751e-01
   1.4436584e-01
   1.4783820e-01
   1.5129425e-01
   1.5473205e-01
   1.5814778e-01
   1.6153552e-01
   1.6488699e-01
   1.6819145e-01
   1.7143562e-01
   1.7460362e-01
   1.7767707e-01
   1.8063524e-01
   1.8345521e-01
   1.8611219e-01
   1.8857984e-01
   1.9083071e-01
   1.9283665e-01
   1.9456932e-01
   1.9600072e-01
   1.9710367e-01
   1.9785242e-01
   1.9822310e-01
   1.9819424e-01
   1.9774722e-01
   1.9686669e-01
   1.9554093e-01
   1.9376212e-01
   1.9152655e-01
   1.8883482e-01
   1.8569188e-01
   1.8210705e-01
   1.7809394e-01
   1.7367033e-01
   1.6885798e-01
   1.6368237e-01
   1.5817242e-01
   1.5236015e-01
   1.4628032e-01
   1.3997005e-01
   1.3346841e-01
   1.2681602e-01
   1.2005463e-01
   1.1322677e-01
   1.0637532e-01
   9.9543135e-02
   9.2772760e-02
   8.6106047e-02
   7.9583892e-02
   7.3245954e-02
   6.7130421e-02
   6.1273787e-02
   5.5710671e-02
   5.0473644e-02
   4.5593088e-02
   4.1097075e-02
   3.7011256e-02
   3.3358774e-02
   3.0160182e-02
