   8.4982980e-02
   8.4381312e-02
   8.3698090e-02
   8.2936262e-02
   8.2097674e-02
   8.1183100e-02
   8.0192299e-02
   7.9124109e-02
   7.7976552e-02
   7.6746980e-02
   7.5432229e-02
   7.4028799e-02
   7.2533048e-02
   7.0941399e-02
   6.9250547e-02
   6.7457683e-02
   6.5560705e-02
   6.3558427e-02
   6.1450781e-02
   5.9238998e-02
   5.6925775e-02
   5.4515411e-02
   5.2013924e-02
   4.9429131e-02
   4.6770686e-02
   4.4050099e-02
   4.1280694e-02
   3.8477546e-02
   3.5657363e-02
   3.2838334e-02
   3.0039945e-02
   2.7282747e-02
   2.4588102e-02
   2.1977895e-02
   1.9474230e-02
   1.7099104e-02
   1.4874073e-02
   1.2819913e-02
   1.0956288e-02
   9.3014264e-03
   7.8718135e-03
   6.6819145e-03
   5.7439229e-03
   5.0675480e-03
   4.6598449e-03
   4.5250910e-03
   4.6647129e-03
   5.0772622e-03
   5.7584391e-03
   6.7011658e-03
   7.8957098e-03
   9.3298540e-03
   1.0989110e-02
   1.2856967e-02
   1.4915171e-02
   1.7144036e-02
   1.9522757e-02
   2.2029753e-02
   2.4643002e-02
   2.7340374e-02
   3.0099955e-02
   3.2900358e-02
   3.5721005e-02
   3.8542388e-02
   4.1346290e-02
   4.4115980e-02
   4.6836362e-02
   4.9494089e-02
   5.2077634e-02
   5.4577322e-02
   5.6985322e-02
   5.9295604e-02
   6.1503855e-02
   6.3607370e-02
   6.5604912e-02
   6.7496546e-02
   6.9283456e-02
   7.0967747e-02
   7.2552235e-02
   7.4040229e-02
   7.5435321e-02
   7.6741166e-02
   7.7961281e-02
   7.9098851e-02
   8.0156550e-02
   8.1136379e-02
   8.2039535e-02
   8.2866289e-02
   8.3615907e-02
   8.4286582e-02
   8.4875410e-02
   8.5378387e-02
   8.5790442e-02
   8.6105492e-02
   8.6316536e-02
   8.6415770e-02
   8.6394735e-02
   8.6244483e-02
   8.5955771e-02
   8.5519275e-02
   8.4925813e-02
   8.4166589e-02
   8.3233442e-02
   8.2119101e-02
   8.0817433e-02
   7.9323698e-02
   7.7634785e-02
   7.5749432e-02
   7.3668433e-02
   7.1394814e-02
   6.8933984e-02
   6.6293843e-02
   6.3484865e-02
   6.0520129e-02
   5.7415308e-02
   5.4188616e-02
   5.0860701e-02
   4.7454492e-02
   4.3995006e-02
   4.0509097e-02
   3.7025168e-02
   3.3572848e-02
   3.0182628e-02
   2.6885471e-02
   2.3712395e-02
   2.0694051e-02
   1.7860284e-02
   1.5239693e-02
   1.2859212e-02
   1.0743695e-02
   8.9155304e-03
   7.3942928e-03
   6.1964241e-03
   5.3349655e-03
   4.8193443e-03
   4.6552301e-03
   4.8444670e-03
   5.3850573e-03
   6.2711780e-03
   7.4932507e-03
   9.0380877e-03
   1.0889107e-02
   1.3026604e-02
   1.5428065e-02
   1.8068524e-02
   2.0920946e-02
   2.3956640e-02
   2.7145684e-02
   3.0457362e-02
   3.3860603e-02
   3.7324403e-02
   4.0818247e-02
   4.4312492e-02
   4.7778732e-02
   5.1190123e-02
   5.4521671e-02
   5.7750478e-02
   6.0855935e-02
   6.3819881e-02
   6.6626698e-02
   6.9263372e-02
   7.1719500e-02
   7.3987254e-02
   7.6061306e-02
   7.7938710e-02
   7.9618757e-02
   8.1102792e-02
   8.2394013e-02
   8.3497246e-02
   8.4418705e-02
   8.5165747e-02
   8.5746615e-02
   8.6170183e-02
   8.6445710e-02
   8.6582594e-02
   8.6590150e-02
   8.6477393e-02
   8.6252848e-02
   8.5924378e-02
   8.5499043e-02
   8.4982980e-02
