   9.2365138e-02
   9.1630801e-02
   9.0927104e-02
   9.0258558e-02
   8.9629114e-02
   8.9042148e-02
   8.8500456e-02
   8.8006258e-02
   8.7561200e-02
   8.7166368e-02
   8.6822305e-02
   8.6529032e-02
   8.6286071e-02
   8.6092478e-02
   8.5946872e-02
   8.5847475e-02
   8.5792143e-02
   8.5778415e-02
   8.5803549e-02
   8.5864565e-02
   8.5958294e-02
   8.6081418e-02
   8.6230514e-02
   8.6402099e-02
   8.6592668e-02
   8.6798735e-02
   8.7016870e-02
   8.7243730e-02
   8.7476092e-02
   8.7710873e-02
   8.7945160e-02
   8.8176222e-02
   8.8401523e-02
   8.8618733e-02
   8.8825731e-02
   8.9020610e-02
   8.9201668e-02
   8.9367409e-02
   8.9516532e-02
   8.9647922e-02
   8.9760643e-02
   8.9853924e-02
   8.9927150e-02
   8.9979852e-02
   9.0011704e-02
   9.0022510e-02
   9.0012204e-02
   8.9980850e-02
   8.9928642e-02
   8.9855907e-02
   8.9763111e-02
   8.9650870e-02
   8.9519953e-02
   8.9371299e-02
   8.9206024e-02
   8.9025430e-02
   8.8831018e-02
   8.8624491e-02
   8.8407762e-02
   8.8182957e-02
   8.7952410e-02
   8.7718662e-02
   8.7484451e-02
   8.7252697e-02
   8.7026485e-02
   8.6809047e-02
   8.6603728e-02
   8.6413966e-02
   8.6243249e-02
   8.6095084e-02
   8.5972959e-02
   8.5880297e-02
   8.5820417e-02
   8.5796487e-02
   8.5811484e-02
   8.5868148e-02
   8.5968936e-02
   8.6115986e-02
   8.6311069e-02
   8.6555560e-02
   8.6850393e-02
   8.7196036e-02
   8.7592459e-02
   8.8039106e-02
   8.8534880e-02
   8.9078121e-02
   8.9666598e-02
   9.0297501e-02
   9.0967440e-02
   9.1672451e-02
   9.2408009e-02
   9.3169044e-02
   9.3949970e-02
   9.4744719e-02
   9.5546777e-02
   9.6349240e-02
   9.7144872e-02
   9.7926166e-02
   9.8685426e-02
   9.9414845e-02
   1.0010660e-01
   1.0075295e-01
   1.0134634e-01
   1.0187951e-01
   1.0234561e-01
   1.0273833e-01
   1.0305200e-01
   1.0328172e-01
   1.0342344e-01
   1.0347413e-01
   1.0343182e-01
   1.0329571e-01
   1.0306626e-01
   1.0274519e-01
   1.0233558e-01
   1.0184184e-01
   1.0126973e-01
   1.0062629e-01
   9.9919817e-02
   9.9159752e-02
   9.8356574e-02
   9.7521660e-02
   9.6667120e-02
   9.5805613e-02
   9.4950142e-02
   9.4113841e-02
   9.3309741e-02
   9.2550538e-02
   9.1848364e-02
   9.1214552e-02
   9.0659425e-02
   9.0192091e-02
   8.9820262e-02
   8.9550105e-02
   8.9386111e-02
   8.9331009e-02
   8.9385708e-02
   8.9549278e-02
   8.9818971e-02
   9.0190276e-02
   9.0657010e-02
   9.1211445e-02
   9.1844459e-02
   9.2545719e-02
   9.3303883e-02
   9.4106815e-02
   9.4941816e-02
   9.5795855e-02
   9.6655805e-02
   9.7508667e-02
   9.8341794e-02
   9.9143086e-02
   9.9901182e-02
   1.0060562e-01
   1.0124697e-01
   1.0181697e-01
   1.0230859e-01
   1.0271608e-01
   1.0303507e-01
   1.0326250e-01
   1.0339664e-01
   1.0343708e-01
   1.0338463e-01
   1.0324127e-01
   1.0301006e-01
   1.0269504e-01
   1.0230113e-01
   1.0183401e-01
   1.0130000e-01
   1.0070595e-01
   1.0005912e-01
   9.9367074e-02
   9.8637545e-02
   9.7878356e-02
   9.7097307e-02
   9.6302089e-02
   9.5500199e-02
   9.4698867e-02
   9.3904986e-02
   9.3125057e-02
   9.2365138e-02
