   8.5898206e-01
   8.5171558e-01
   8.4422614e-01
   8.3654651e-01
   8.2870703e-01
   8.2073574e-01
   8.1265853e-01
   8.0449914e-01
   7.9627931e-01
   7.8801875e-01
   7.7973522e-01
   7.7144448e-01
   7.6316037e-01
   7.5489477e-01
   7.4665765e-01
   7.3845713e-01
   7.3029957e-01
   7.2218972e-01
   7.1413092e-01
   7.0612538e-01
   6.9817453e-01
   6.9027942e-01
   6.8244123e-01
   6.7466184e-01
   6.6694438e-01
   6.5929392e-01
   6.5171806e-01
   6.4422756e-01
   6.3683689e-01
   6.2956467e-01
   6.2243400e-01
   6.1547265e-01
   6.0871303e-01
   6.0219192e-01
   5.9595008e-01
   5.9003156e-01
   5.8448278e-01
   5.7935152e-01
   5.7468565e-01
   5.7053184e-01
   5.6693415e-01
   5.6393269e-01
   5.6156228e-01
   5.5985135e-01
   5.5882089e-01
   5.5848377e-01
   5.5884430e-01
   5.5989802e-01
   5.6163189e-01
   5.6402477e-01
   5.6704813e-01
   5.7066701e-01
   5.7484121e-01
   5.7952662e-01
   5.8467651e-01
   5.9024300e-01
   5.9617832e-01
   6.0243606e-01
   6.0897225e-01
   6.1574619e-01
   6.2272119e-01
   6.2986493e-01
   6.3714978e-01
   6.4455273e-01
   6.5205530e-01
   6.5964313e-01
   6.6730559e-01
   6.7503521e-01
   6.8282702e-01
   6.9067799e-01
   6.9858636e-01
   7.0655102e-01
   7.1457101e-01
   7.2264496e-01
   7.3077072e-01
   7.3894500e-01
   7.4716309e-01
   7.5541863e-01
   7.6370354e-01
   7.7200783e-01
   7.8031961e-01
   7.8862503e-01
   7.9690826e-01
   8.0515152e-01
   8.1333501e-01
   8.2143694e-01
   8.2943343e-01
   8.3729851e-01
   8.4500400e-01
   8.5251940e-01
   8.5981181e-01
   8.6684574e-01
   8.7358303e-01
   8.7998268e-01
   8.8600075e-01
   8.9159026e-01
   8.9670120e-01
   9.0128047e-01
   9.0527206e-01
   9.0861723e-01
   9.1125479e-01
   9.1312162e-01
   9.1415325e-01
   9.1428464e-01
   9.1345119e-01
   9.1158986e-01
   9.0864056e-01
   9.0454772e-01
   8.9926198e-01
   8.9274215e-01
   8.8495720e-01
   8.7588840e-01
   8.6553143e-01
   8.5389852e-01
   8.4102040e-01
   8.2694815e-01
   8.1175463e-01
   7.9553565e-01
   7.7841058e-01
   7.6052242e-01
   7.4203724e-01
   7.2314294e-01
   7.0404720e-01
   6.8497478e-01
   6.6616403e-01
   6.4786276e-01
   6.3032352e-01
   6.1379840e-01
   5.9853345e-01
   5.8476308e-01
   5.7270433e-01
   5.6255148e-01
   5.5447105e-01
   5.4859738e-01
   5.4502903e-01
   5.4382613e-01
   5.4500868e-01
   5.4855605e-01
   5.5440751e-01
   5.6246395e-01
   5.7259054e-01
   5.8462039e-01
   5.9835895e-01
   6.1358900e-01
   6.3007612e-01
   6.4757432e-01
   6.6583173e-01
   6.8459614e-01
   7.0362013e-01
   7.2266586e-01
   7.4150912e-01
   7.5994283e-01
   7.7777972e-01
   7.9485436e-01
   8.1102434e-01
   8.2617088e-01
   8.4019871e-01
   8.5303542e-01
   8.6463038e-01
   8.7495317e-01
   8.8399183e-01
   8.9175086e-01
   8.9824910e-01
   9.0351762e-01
   9.0759758e-01
   9.1053825e-01
   9.1239506e-01
   9.1322791e-01
   9.1309962e-01
   9.1207454e-01
   9.1021742e-01
   9.0759246e-01
   9.0426247e-01
   9.0028834e-01
   8.9572852e-01
   8.9063873e-01
   8.8507177e-01
   8.7907741e-01
   8.7270235e-01
   8.6599031e-01
   8.5898206e-01
