   9.0109802e-01
   9.9554625e-01
   1.0889918e+00
   1.1803049e+00
   1.2686376e+00
   1.3534053e+00
   1.4342571e+00
   1.5110364e+00
   1.5837379e+00
   1.6524632e+00
   1.7173810e+00
   1.7786958e+00
   1.8366281e+00
   1.8914120e+00
   1.9433101e+00
   1.9926475e+00
   2.0398639e+00
   2.0855819e+00
   2.1306837e+00
   2.1763921e+00
   2.2243452e+00
   2.2766540e+00
   2.3359331e+00
   2.4052929e+00
   2.4882839e+00
   2.5887872e+00
   2.7108468e+00
   2.8584472e+00
   3.0352414e+00
   3.2442454e+00
   3.4875146e+00
   3.7658280e+00
   4.0784054e+00
   4.4226857e+00
   4.7941924e+00
   5.1865085e+00
   5.5913775e+00
   5.9989354e+00
   6.3980723e+00
   6.7769072e+00
   7.1233514e+00
   7.4257260e+00
   7.6733912e+00
   7.8573433e+00
   7.9707356e+00
   8.0092820e+00
   7.9715139e+00
   7.8588679e+00
   7.6756000e+00
   7.4285302e+00
   7.1266405e+00
   6.7805547e+00
   6.4019427e+00
   6.0028907e+00
   5.5952844e+00
   5.1902443e+00
   4.7976500e+00
   4.4257780e+00
   4.0810674e+00
   3.7680183e+00
   3.4892148e+00
   3.2454586e+00
   3.0359893e+00
   2.8587668e+00
   2.7107862e+00
   2.5884010e+00
   2.4876296e+00
   2.4044264e+00
   2.3349054e+00
   2.2755084e+00
   2.2231155e+00
   2.1751013e+00
   2.1293437e+00
   2.0841940e+00
   2.0384196e+00
   1.9911299e+00
   1.9416965e+00
   1.8896752e+00
   1.8347392e+00
   1.7766263e+00
   1.7151051e+00
   1.6499591e+00
   1.5809903e+00
   1.5080371e+00
   1.4310062e+00
   1.3499115e+00
   1.2649185e+00
   1.1763868e+00
   1.0849088e+00
   9.9133932e-01
   8.9681389e-01
   8.0275228e-01
   7.1084652e-01
   6.2303229e-01
   5.4144391e-01
   4.6835455e-01
   4.0610348e-01
   3.5701387e-01
   3.2330454e-01
   3.0699988e-01
   3.0984257e-01
   3.3321598e-01
   3.7808402e-01
   4.4495320e-01
   5.3385853e-01
   6.4437512e-01
   7.7565775e-01
   9.2650856e-01
   1.0954700e+00
   1.2809377e+00
   1.4812852e+00
   1.6949910e+00
   1.9207557e+00
   2.1575989e+00
   2.4049230e+00
   2.6625333e+00
   2.9306093e+00
   3.2096210e+00
   3.5001933e+00
   3.8029237e+00
   4.1181663e+00
   4.4457975e+00
   4.7849862e+00
   5.1339881e+00
   5.4899910e+00
   5.8490292e+00
   6.2059839e+00
   6.5546816e+00
   6.8880887e+00
   7.1985980e+00
   7.4783893e+00
   7.7198393e+00
   7.9159517e+00
   8.0607718e+00
   8.1497534e+00
   8.1800452e+00
   8.1506739e+00
   8.0626061e+00
   7.9186856e+00
   7.7234500e+00
   7.4828431e+00
   7.2038490e+00
   6.8940768e+00
   6.5613313e+00
   6.2132043e+00
   5.8567145e+00
   5.4980227e+00
   5.1422377e+00
   4.7933194e+00
   4.4540789e+00
   4.1262642e+00
   3.8107160e+00
   3.5075718e+00
   3.2164959e+00
   2.9369125e+00
   2.6682208e+00
   2.4099757e+00
   2.1620225e+00
   1.9245791e+00
   1.6982639e+00
   1.4840749e+00
   1.2833248e+00
   1.0975444e+00
   9.2836485e-01
   7.7739105e-01
   6.4607699e-01
   5.3561351e-01
   4.4683581e-01
   3.8015629e-01
   3.3552554e-01
   3.1242136e-01
   3.0986403e-01
   3.2645534e-01
   3.6043953e-01
   4.0978084e-01
   4.7225070e-01
   5.4551789e-01
   6.2723697e-01
   7.1513073e-01
   8.0706290e-01
   9.0109802e-01
