   2.5250072e-02
   2.3208648e-02
   2.1503146e-02
   2.0143455e-02
   1.9137378e-02
   1.8490600e-02
   1.8206661e-02
   1.8286941e-02
   1.8730641e-02
   1.9534784e-02
   2.0694210e-02
   2.2201587e-02
   2.4047426e-02
   2.6220105e-02
   2.8705905e-02
   3.1489059e-02
   3.4551812e-02
   3.7874497e-02
   4.1435629e-02
   4.5212008e-02
   4.9178846e-02
   5.3309913e-02
   5.7577690e-02
   6.1953551e-02
   6.6407950e-02
   7.0910636e-02
   7.5430870e-02
   7.9937659e-02
   8.4400000e-02
   8.8787127e-02
   9.3068768e-02
   9.7215395e-02
   1.0119847e-01
   1.0499071e-01
   1.0856630e-01
   1.1190110e-01
   1.1497290e-01
   1.1776157e-01
   1.2024922e-01
   1.2242034e-01
   1.2426195e-01
   1.2576364e-01
   1.2691763e-01
   1.2771883e-01
   1.2816483e-01
   1.2825586e-01
   1.2799473e-01
   1.2738680e-01
   1.2643981e-01
   1.2516384e-01
   1.2357109e-01
   1.2167580e-01
   1.1949404e-01
   1.1704356e-01
   1.1434358e-01
   1.1141465e-01
   1.0827841e-01
   1.0495744e-01
   1.0147506e-01
   9.7855143e-02
   9.4121949e-02
   9.0299942e-02
   8.6413631e-02
   8.2487415e-02
   7.8545430e-02
   7.4611413e-02
   7.0708569e-02
   6.6859448e-02
   6.3085835e-02
   5.9408640e-02
   5.5847807e-02
   5.2422222e-02
   4.9149637e-02
   4.6046593e-02
   4.3128358e-02
   4.0408870e-02
   3.7900686e-02
   3.5614937e-02
   3.3561293e-02
   3.1747935e-02
   3.0181527e-02
   2.8867205e-02
   2.7808562e-02
   2.7007649e-02
   2.6464979e-02
   2.6179536e-02
   2.6148796e-02
   2.6368752e-02
   2.6833950e-02
   2.7537536e-02
   2.8471307e-02
   2.9625776e-02
   3.0990252e-02
   3.2552921e-02
   3.4300950e-02
   3.6220594e-02
   3.8297316e-02
   4.0515925e-02
   4.2860716e-02
   4.5315625e-02
   4.7864392e-02
   5.0490731e-02
   5.3178508e-02
   5.5911919e-02
   5.8675672e-02
   6.1455168e-02
   6.4236669e-02
   6.7007469e-02
   6.9756040e-02
   7.2472174e-02
   7.5147091e-02
   7.7773531e-02
   8.0345817e-02
   8.2859879e-02
   8.5313258e-02
   8.7705057e-02
   9.0035864e-02
   9.2307635e-02
   9.4523540e-02
   9.6687770e-02
   9.8805315e-02
   1.0088171e-01
   1.0292277e-01
   1.0493427e-01
   1.0692168e-01
   1.0888984e-01
   1.1084264e-01
   1.1278278e-01
   1.1471149e-01
   1.1662830e-01
   1.1853084e-01
   1.2041472e-01
   1.2227345e-01
   1.2409836e-01
   1.2587867e-01
   1.2760155e-01
   1.2925227e-01
   1.3081442e-01
   1.3227014e-01
   1.3360044e-01
   1.3478551e-01
   1.3580513e-01
   1.3663903e-01
   1.3726734e-01
   1.3767093e-01
   1.3783188e-01
   1.3773381e-01
   1.3736227e-01
   1.3670504e-01
   1.3575241e-01
   1.3449745e-01
   1.3293611e-01
   1.3106746e-01
   1.2889365e-01
   1.2642001e-01
   1.2365501e-01
   1.2061011e-01
   1.1729972e-01
   1.1374098e-01
   1.0995355e-01
   1.0595942e-01
   1.0178259e-01
   9.7448844e-02
   9.2985450e-02
   8.8420848e-02
   8.3784374e-02
   7.9105965e-02
   7.4415872e-02
   6.9744396e-02
   6.5121626e-02
   6.0577199e-02
   5.6140082e-02
   5.1838360e-02
   4.7699060e-02
   4.3747979e-02
   4.0009535e-02
   3.6506642e-02
   3.3260591e-02
   3.0290951e-02
   2.7615485e-02
   2.5250072e-02
