   7.6513842e-01
   7.2458068e-01
   6.8764612e-01
   6.5443062e-01
   6.2499485e-01
   5.9936660e-01
   5.7754309e-01
   5.5949360e-01
   5.4516207e-01
   5.3446984e-01
   5.2731829e-01
   5.2359147e-01
   5.2315856e-01
   5.2587603e-01
   5.3158952e-01
   5.4013521e-01
   5.5134066e-01
   5.6502504e-01
   5.8099867e-01
   5.9906186e-01
   6.1900314e-01
   6.4059697e-01
   6.6360104e-01
   6.8775358e-01
   7.1277082e-01
   7.3834511e-01
   7.6414411e-01
   7.8981137e-01
   8.1496884e-01
   8.3922152e-01
   8.6216451e-01
   8.8339250e-01
   9.0251155e-01
   9.1915276e-01
   9.3298734e-01
   9.4374222e-01
   9.5121523e-01
   9.5528887e-01
   9.5594146e-01
   9.5325466e-01
   9.4741647e-01
   9.3871899e-01
   9.2755057e-01
   9.1438241e-01
   8.9975000e-01
   8.8423020e-01
   8.6841519e-01
   8.5288462e-01
   8.3817777e-01
   8.2476734e-01
   8.1303651e-01
   8.0326068e-01
   7.9559522e-01
   7.9006969e-01
   7.8658912e-01
   7.8494204e-01
   7.8481465e-01
   7.8581033e-01
   7.8747297e-01
   7.8931289e-01
   7.9083355e-01
   7.9155779e-01
   7.9105196e-01
   7.8894690e-01
   7.8495487e-01
   7.7888169e-01
   7.7063405e-01
   7.6022176e-01
   7.4775544e-01
   7.3344011e-01
   7.1756525e-01
   7.0049233e-01
   6.8264040e-01
   6.6447067e-01
   6.4647084e-01
   6.2913969e-01
   6.1297264e-01
   5.9844852e-01
   5.8601798e-01
   5.7609347e-01
   5.6904115e-01
   5.6517434e-01
   5.6474866e-01
   5.6795857e-01
   5.7493516e-01
   5.8574493e-01
   6.0038946e-01
   6.1880573e-01
   6.4086696e-01
   6.6638377e-01
   6.9510581e-01
   7.2672354e-01
   7.6087045e-01
   7.9712561e-01
   8.3501672e-01
   8.7402380e-01
   9.1358369e-01
   9.5309540e-01
   9.9192679e-01
   1.0294223e+00
   1.0649125e+00
   1.0977245e+00
   1.1271947e+00
   1.1526827e+00
   1.1735863e+00
   1.1893582e+00
   1.1995230e+00
   1.2036951e+00
   1.2015955e+00
   1.1930685e+00
   1.1780963e+00
   1.1568111e+00
   1.1295038e+00
   1.0966287e+00
   1.0588036e+00
   1.0168038e+00
   9.7155127e-01
   9.2409716e-01
   8.7559912e-01
   8.2729325e-01
   7.8046165e-01
   7.3639671e-01
   6.9636331e-01
   6.6156076e-01
   6.3308580e-01
   6.1189857e-01
   5.9879300e-01
   5.9437303e-01
   5.9903564e-01
   6.1296152e-01
   6.3611354e-01
   6.6824294e-01
   7.0890259e-01
   7.5746655e-01
   8.1315455e-01
   8.7505997e-01
   9.4217983e-01
   1.0134452e+00
   1.0877509e+00
   1.1639823e+00
   1.2410400e+00
   1.3178605e+00
   1.3934322e+00
   1.4668089e+00
   1.5371181e+00
   1.6035673e+00
   1.6654474e+00
   1.7221336e+00
   1.7730857e+00
   1.8178469e+00
   1.8560434e+00
   1.8873824e+00
   1.9116511e+00
   1.9287159e+00
   1.9385210e+00
   1.9410875e+00
   1.9365113e+00
   1.9249615e+00
   1.9066769e+00
   1.8819627e+00
   1.8511853e+00
   1.8147669e+00
   1.7731785e+00
   1.7269326e+00
   1.6765753e+00
   1.6226776e+00
   1.5658272e+00
   1.5066195e+00
   1.4456497e+00
   1.3835053e+00
   1.3207584e+00
   1.2579597e+00
   1.1956330e+00
   1.1342708e+00
   1.0743300e+00
   1.0162297e+00
   9.6034863e-01
   9.0702434e-01
   8.5655236e-01
   8.0918629e-01
   7.6513842e-01
