   2.6716369e-06
   2.6672198e-06
   2.6862890e-06
   2.7287811e-06
   2.7945153e-06
   2.8831945e-06
   2.9944060e-06
   3.1276238e-06
   3.2822102e-06
   3.4574195e-06
   3.6524010e-06
   3.8662033e-06
   4.0977792e-06
   4.3459903e-06
   4.6096132e-06
   4.8873455e-06
   5.1778119e-06
   5.4795720e-06
   5.7911268e-06
   6.1109269e-06
   6.4373798e-06
   6.7688586e-06
   7.1037099e-06
   7.4402625e-06
   7.7768357e-06
   8.1117479e-06
   8.4433255e-06
   8.7699108e-06
   9.0898713e-06
   9.4016072e-06
   9.7035599e-06
   9.9942201e-06
   1.0272135e-05
   1.0535916e-05
   1.0784247e-05
   1.1015886e-05
   1.1229679e-05
   1.1424560e-05
   1.1599559e-05
   1.1753805e-05
   1.1886532e-05
   1.1997081e-05
   1.2084908e-05
   1.2149579e-05
   1.2190778e-05
   1.2208308e-05
   1.2202088e-05
   1.2172158e-05
   1.2118676e-05
   1.2041918e-05
   1.1942276e-05
   1.1820257e-05
   1.1676480e-05
   1.1511669e-05
   1.1326658e-05
   1.1122378e-05
   1.0899856e-05
   1.0660210e-05
   1.0404643e-05
   1.0134436e-05
   9.8509428e-06
   9.5555812e-06
   9.2498280e-06
   8.9352101e-06
   8.6132972e-06
   8.2856939e-06
   7.9540315e-06
   7.6199596e-06
   7.2851379e-06
   6.9512282e-06
   6.6198851e-06
   6.2927488e-06
   5.9714359e-06
   5.6575320e-06
   5.3525832e-06
   5.0580889e-06
   4.7754941e-06
   4.5061821e-06
   4.2514680e-06
   4.0125919e-06
   3.7907132e-06
   3.5869048e-06
   3.4021477e-06
   3.2373270e-06
   3.0932270e-06
   2.9705281e-06
   2.8698038e-06
   2.7915177e-06
   2.7360224e-06
   2.7035573e-06
   2.6942485e-06
   2.7081082e-06
   2.7450354e-06
   2.8048164e-06
   2.8871265e-06
   2.9915320e-06
   3.1174929e-06
   3.2643655e-06
   3.4314067e-06
   3.6177773e-06
   3.8225472e-06
   4.0447002e-06
   4.2831389e-06
   4.5366909e-06
   4.8041148e-06
   5.0841061e-06
   5.3753039e-06
   5.6762979e-06
   5.9856351e-06
   6.3018269e-06
   6.6233563e-06
   6.9486850e-06
   7.2762611e-06
   7.6045258e-06
   7.9319213e-06
   8.2568974e-06
   8.5779191e-06
   8.8934731e-06
   9.2020750e-06
   9.5022760e-06
   9.7926688e-06
   1.0071895e-05
   1.0338649e-05
   1.0591686e-05
   1.0829826e-05
   1.1051960e-05
   1.1257052e-05
   1.1444150e-05
   1.1612380e-05
   1.1760959e-05
   1.1889194e-05
   1.1996486e-05
   1.2082332e-05
   1.2146328e-05
   1.2188169e-05
   1.2207653e-05
   1.2204681e-05
   1.2179256e-05
   1.2131484e-05
   1.2061577e-05
   1.1969845e-05
   1.1856702e-05
   1.1722660e-05
   1.1568331e-05
   1.1394418e-05
   1.1201719e-05
   1.0991121e-05
   1.0763595e-05
   1.0520193e-05
   1.0262045e-05
   9.9903516e-06
   9.7063808e-06
   9.4114616e-06
   9.1069781e-06
   8.7943639e-06
   8.4750951e-06
   8.1506840e-06
   7.8226719e-06
   7.4926224e-06
   7.1621136e-06
   6.8327310e-06
   6.5060599e-06
   6.1836777e-06
   5.8671467e-06
   5.5580057e-06
   5.2577630e-06
   4.9678888e-06
   4.6898077e-06
   4.4248913e-06
   4.1744518e-06
   3.9397342e-06
   3.7219108e-06
   3.5220745e-06
   3.3412329e-06
   3.1803029e-06
   3.0401061e-06
   2.9213634e-06
   2.8246918e-06
   2.7506003e-06
   2.6994870e-06
   2.6716369e-06
