   9.2786081e-03
   8.7276215e-03
   8.2363752e-03
   7.8080788e-03
   7.4454274e-03
   7.1505893e-03
   6.9251990e-03
   6.7703530e-03
   6.6866093e-03
   6.6739911e-03
   6.7319923e-03
   6.8595874e-03
   7.0552438e-03
   7.3169370e-03
   7.6421693e-03
   8.0279912e-03
   8.4710255e-03
   8.9674948e-03
   9.5132515e-03
   1.0103810e-02
   1.0734381e-02
   1.1399910e-02
   1.2095114e-02
   1.2814527e-02
   1.3552535e-02
   1.4303424e-02
   1.5061424e-02
   1.5820751e-02
   1.6575653e-02
   1.7320451e-02
   1.8049586e-02
   1.8757657e-02
   1.9439463e-02
   2.0090039e-02
   2.0704693e-02
   2.1279037e-02
   2.1809019e-02
   2.2290947e-02
   2.2721512e-02
   2.3097812e-02
   2.3417363e-02
   2.3678114e-02
   2.3878455e-02
   2.4017226e-02
   2.4093716e-02
   2.4107662e-02
   2.4059249e-02
   2.3949101e-02
   2.3778269e-02
   2.3548227e-02
   2.3260852e-02
   2.2918407e-02
   2.2523530e-02
   2.2079206e-02
   2.1588751e-02
   2.1055786e-02
   2.0484215e-02
   1.9878195e-02
   1.9242112e-02
   1.8580553e-02
   1.7898272e-02
   1.7200164e-02
   1.6491232e-02
   1.5776554e-02
   1.5061249e-02
   1.4350448e-02
   1.3649256e-02
   1.2962718e-02
   1.2295792e-02
   1.1653304e-02
   1.1039926e-02
   1.0460138e-02
   9.9181941e-03
   9.4180981e-03
   8.9635693e-03
   8.5580159e-03
   8.2045090e-03
   7.9057576e-03
   7.6640860e-03
   7.4814140e-03
   7.3592382e-03
   7.2986164e-03
   7.3001547e-03
   7.3639968e-03
   7.4898160e-03
   7.6768109e-03
   7.9237035e-03
   8.2287413e-03
   8.5897034e-03
   9.0039100e-03
   9.4682369e-03
   9.9791338e-03
   1.0532647e-02
   1.1124450e-02
   1.1749870e-02
   1.2403933e-02
   1.3081403e-02
   1.3776826e-02
   1.4484588e-02
   1.5198967e-02
   1.5914198e-02
   1.6624533e-02
   1.7324308e-02
   1.8008017e-02
   1.8670382e-02
   1.9306419e-02
   1.9911516e-02
   2.0481497e-02
   2.1012690e-02
   2.1501984e-02
   2.1946889e-02
   2.2345575e-02
   2.2696918e-02
   2.3000518e-02
   2.3256719e-02
   2.3466611e-02
   2.3632015e-02
   2.3755459e-02
   2.3840139e-02
   2.3889859e-02
   2.3908965e-02
   2.3902262e-02
   2.3874921e-02
   2.3832369e-02
   2.3780183e-02
   2.3723965e-02
   2.3669222e-02
   2.3621246e-02
   2.3584984e-02
   2.3564934e-02
   2.3565027e-02
   2.3588537e-02
   2.3637996e-02
   2.3715127e-02
   2.3820793e-02
   2.3954969e-02
   2.4116730e-02
   2.4304260e-02
   2.4514886e-02
   2.4745123e-02
   2.4990746e-02
   2.5246871e-02
   2.5508055e-02
   2.5768411e-02
   2.6021721e-02
   2.6261567e-02
   2.6481460e-02
   2.6674968e-02
   2.6835843e-02
   2.6958144e-02
   2.7036347e-02
   2.7065453e-02
   2.7041070e-02
   2.6959500e-02
   2.6817793e-02
   2.6613799e-02
   2.6346195e-02
   2.6014505e-02
   2.5619099e-02
   2.5161177e-02
   2.4642748e-02
   2.4066584e-02
   2.3436180e-02
   2.2755689e-02
   2.2029859e-02
   2.1263965e-02
   2.0463731e-02
   1.9635253e-02
   1.8784921e-02
   1.7919339e-02
   1.7045251e-02
   1.6169461e-02
   1.5298765e-02
   1.4439878e-02
   1.3599375e-02
   1.2783628e-02
   1.1998751e-02
   1.1250552e-02
   1.0544488e-02
   9.8856262e-03
   9.2786081e-03
