   3.9926702e-01
   3.9478812e-01
   3.9033371e-01
   3.8593526e-01
   3.8162145e-01
   3.7741809e-01
   3.7334801e-01
   3.6943111e-01
   3.6568434e-01
   3.6212177e-01
   3.5875469e-01
   3.5559167e-01
   3.5263878e-01
   3.4989967e-01
   3.4737574e-01
   3.4506635e-01
   3.4296899e-01
   3.4107942e-01
   3.3939192e-01
   3.3789942e-01
   3.3659371e-01
   3.3546559e-01
   3.3450505e-01
   3.3370142e-01
   3.3304350e-01
   3.3251973e-01
   3.3211829e-01
   3.3182724e-01
   3.3163459e-01
   3.3152845e-01
   3.3149711e-01
   3.3152909e-01
   3.3161328e-01
   3.3173896e-01
   3.3189590e-01
   3.3207444e-01
   3.3226551e-01
   3.3246071e-01
   3.3265239e-01
   3.3283366e-01
   3.3299843e-01
   3.3314150e-01
   3.3325856e-01
   3.3334621e-01
   3.3340202e-01
   3.3342452e-01
   3.3341320e-01
   3.3336856e-01
   3.3329205e-01
   3.3318613e-01
   3.3305415e-01
   3.3290044e-01
   3.3273021e-01
   3.3254952e-01
   3.3236527e-01
   3.3218512e-01
   3.3201748e-01
   3.3187140e-01
   3.3175658e-01
   3.3168324e-01
   3.3166210e-01
   3.3170430e-01
   3.3182131e-01
   3.3202485e-01
   3.3232684e-01
   3.3273924e-01
   3.3327401e-01
   3.3394296e-01
   3.3475767e-01
   3.3572932e-01
   3.3686857e-01
   3.3818543e-01
   3.3968909e-01
   3.4138775e-01
   3.4328845e-01
   3.4539692e-01
   3.4771736e-01
   3.5025228e-01
   3.5300231e-01
   3.5596601e-01
   3.5913973e-01
   3.6251741e-01
   3.6609043e-01
   3.6984752e-01
   3.7377458e-01
   3.7785467e-01
   3.8206789e-01
   3.8639139e-01
   3.9079939e-01
   3.9526319e-01
   3.9975133e-01
   4.0422969e-01
   4.0866171e-01
   4.1300864e-01
   4.1722981e-01
   4.2128302e-01
   4.2512493e-01
   4.2871153e-01
   4.3199864e-01
   4.3494244e-01
   4.3750011e-01
   4.3963044e-01
   4.4129447e-01
   4.4245618e-01
   4.4308317e-01
   4.4314734e-01
   4.4262558e-01
   4.4150035e-01
   4.3976034e-01
   4.3740097e-01
   4.3442489e-01
   4.3084233e-01
   4.2667142e-01
   4.2193834e-01
   4.1667737e-01
   4.1093085e-01
   4.0474888e-01
   3.9818905e-01
   3.9131582e-01
   3.8419995e-01
   3.7691764e-01
   3.6954961e-01
   3.6218006e-01
   3.5489549e-01
   3.4778345e-01
   3.4093125e-01
   3.3442457e-01
   3.2834614e-01
   3.2277436e-01
   3.1778198e-01
   3.1343490e-01
   3.0979100e-01
   3.0689916e-01
   3.0479835e-01
   3.0351699e-01
   3.0307239e-01
   3.0347046e-01
   3.0470563e-01
   3.0676090e-01
   3.0960818e-01
   3.1320879e-01
   3.1751413e-01
   3.2246658e-01
   3.2800046e-01
   3.3404320e-01
   3.4051656e-01
   3.4733795e-01
   3.5442176e-01
   3.6168074e-01
   3.6902735e-01
   3.7637509e-01
   3.8363970e-01
   3.9074040e-01
   3.9760089e-01
   4.0415030e-01
   4.1032402e-01
   4.1606435e-01
   4.2132100e-01
   4.2605150e-01
   4.3022140e-01
   4.3380435e-01
   4.3678208e-01
   4.3914420e-01
   4.4088793e-01
   4.4201772e-01
   4.4254475e-01
   4.4248645e-01
   4.4186585e-01
   4.4071095e-01
   4.3905410e-01
   4.3693124e-01
   4.3438128e-01
   4.3144541e-01
   4.2816642e-01
   4.2458809e-01
   4.2075459e-01
   4.1670993e-01
   4.1249745e-01
   4.0815935e-01
   4.0373629e-01
   3.9926702e-01
