   2.7994723e+00
   2.7618151e+00
   2.7297926e+00
   2.7035693e+00
   2.6832235e+00
   2.6687462e+00
   2.6600399e+00
   2.6569189e+00
   2.6591102e+00
   2.6662548e+00
   2.6779108e+00
   2.6935565e+00
   2.7125947e+00
   2.7343588e+00
   2.7581184e+00
   2.7830873e+00
   2.8084320e+00
   2.8332812e+00
   2.8567364e+00
   2.8778837e+00
   2.8958065e+00
   2.9095987e+00
   2.9183791e+00
   2.9213067e+00
   2.9175954e+00
   2.9065302e+00
   2.8874824e+00
   2.8599251e+00
   2.8234474e+00
   2.7777684e+00
   2.7227484e+00
   2.6583999e+00
   2.5848945e+00
   2.5025682e+00
   2.4119232e+00
   2.3136259e+00
   2.2085017e+00
   2.0975251e+00
   1.9818070e+00
   1.8625765e+00
   1.7411607e+00
   1.6189598e+00
   1.4974205e+00
   1.3780065e+00
   1.2621682e+00
   1.1513117e+00
   1.0467681e+00
   9.4976457e-01
   8.6139730e-01
   7.8260816e-01
   7.1416491e-01
   6.5664621e-01
   6.1043174e-01
   5.7569758e-01
   5.5241720e-01
   5.4036765e-01
   5.3914095e-01
   5.4815987e-01
   5.6669776e-01
   5.9390140e-01
   6.2881630e-01
   6.7041323e-01
   7.1761539e-01
   7.6932518e-01
   8.2444975e-01
   8.8192472e-01
   9.4073544e-01
   9.9993524e-01
   1.0586605e+00
   1.1161422e+00
   1.1717139e+00
   1.2248166e+00
   1.2749998e+00
   1.3219197e+00
   1.3653354e+00
   1.4051016e+00
   1.4411601e+00
   1.4735299e+00
   1.5022958e+00
   1.5275965e+00
   1.5496124e+00
   1.5685534e+00
   1.5846469e+00
   1.5981262e+00
   1.6092199e+00
   1.6181426e+00
   1.6250854e+00
   1.6302091e+00
   1.6336375e+00
   1.6354526e+00
   1.6356912e+00
   1.6343425e+00
   1.6313477e+00
   1.6266005e+00
   1.6199496e+00
   1.6112025e+00
   1.6001304e+00
   1.5864757e+00
   1.5699596e+00
   1.5502917e+00
   1.5271814e+00
   1.5003492e+00
   1.4695405e+00
   1.4345385e+00
   1.3951793e+00
   1.3513653e+00
   1.3030801e+00
   1.2504014e+00
   1.1935134e+00
   1.1327173e+00
   1.0684396e+00
   1.0012382e+00
   9.3180443e-01
   8.6096216e-01
   7.8966298e-01
   7.1897691e-01
   6.5007900e-01
   5.8423167e-01
   5.2276298e-01
   4.6704121e-01
   4.1844635e-01
   3.7833908e-01
   3.4802817e-01
   3.2873730e-01
   3.2157225e-01
   3.2748971e-01
   3.4726873e-01
   3.8148587e-01
   4.3049486e-01
   4.9441171e-01
   5.7310573e-01
   6.6619699e-01
   7.7306031e-01
   8.9283571e-01
   1.0244449e+00
   1.1666133e+00
   1.3178967e+00
   1.4767118e+00
   1.6413696e+00
   1.8101099e+00
   1.9811368e+00
   2.1526535e+00
   2.3228953e+00
   2.4901603e+00
   2.6528369e+00
   2.8094277e+00
   2.9585688e+00
   3.0990457e+00
   3.2298041e+00
   3.3499571e+00
   3.4587884e+00
   3.5557520e+00
   3.6404686e+00
   3.7127201e+00
   3.7724413e+00
   3.8197105e+00
   3.8547387e+00
   3.8778580e+00
   3.8895100e+00
   3.8902332e+00
   3.8806517e+00
   3.8614630e+00
   3.8334268e+00
   3.7973542e+00
   3.7540972e+00
   3.7045387e+00
   3.6495827e+00
   3.5901459e+00
   3.5271483e+00
   3.4615052e+00
   3.3941192e+00
   3.3258725e+00
   3.2576195e+00
   3.1901798e+00
   3.1243315e+00
   3.0608050e+00
   3.0002764e+00
   2.9433624e+00
   2.8906148e+00
   2.8425154e+00
   2.7994723e+00
