   4.6245702e-02
   4.1132088e-02
   3.6525014e-02
   3.2443742e-02
   2.8905109e-02
   2.5923556e-02
   2.3511130e-02
   2.1677457e-02
   2.0429672e-02
   1.9772326e-02
   1.9707250e-02
   2.0233401e-02
   2.1346674e-02
   2.3039699e-02
   2.5301628e-02
   2.8117916e-02
   3.1470113e-02
   3.5335671e-02
   3.9687780e-02
   4.4495248e-02
   4.9722432e-02
   5.5329247e-02
   6.1271239e-02
   6.7499761e-02
   7.3962239e-02
   8.0602547e-02
   8.7361482e-02
   9.4177348e-02
   1.0098664e-01
   1.0772480e-01
   1.1432709e-01
   1.2072946e-01
   1.2686950e-01
   1.3268736e-01
   1.3812673e-01
   1.4313565e-01
   1.4766737e-01
   1.5168103e-01
   1.5514224e-01
   1.5802357e-01
   1.6030481e-01
   1.6197308e-01
   1.6302288e-01
   1.6345580e-01
   1.6328030e-01
   1.6251114e-01
   1.6116888e-01
   1.5927924e-01
   1.5687232e-01
   1.5398192e-01
   1.5064482e-01
   1.4689999e-01
   1.4278799e-01
   1.3835032e-01
   1.3362891e-01
   1.2866565e-01
   1.2350203e-01
   1.1817885e-01
   1.1273603e-01
   1.0721243e-01
   1.0164585e-01
   9.6072903e-02
   9.0529082e-02
   8.5048750e-02
   7.9665169e-02
   7.4410528e-02
   6.9315953e-02
   6.4411505e-02
   5.9726157e-02
   5.5287744e-02
   5.1122898e-02
   4.7256953e-02
   4.3713842e-02
   4.0515968e-02
   3.7684076e-02
   3.5237112e-02
   3.3192083e-02
   3.1563916e-02
   3.0365327e-02
   2.9606679e-02
   2.9295846e-02
   2.9438076e-02
   3.0035849e-02
   3.1088738e-02
   3.2593291e-02
   3.4542916e-02
   3.6927794e-02
   3.9734809e-02
   4.2947487e-02
   4.6545955e-02
   5.0506918e-02
   5.4803645e-02
   5.9405998e-02
   6.4280469e-02
   6.9390281e-02
   7.4695511e-02
   8.0153286e-02
   8.5718030e-02
   9.1341786e-02
   9.6974617e-02
   1.0256508e-01
   1.0806082e-01
   1.1340918e-01
   1.1855802e-01
   1.2345649e-01
   1.2805599e-01
   1.3231112e-01
   1.3618073e-01
   1.3962897e-01
   1.4262634e-01
   1.4515074e-01
   1.4718839e-01
   1.4873476e-01
   1.4979520e-01
   1.5038552e-01
   1.5053226e-01
   1.5027277e-01
   1.4965491e-01
   1.4873651e-01
   1.4758449e-01
   1.4627358e-01
   1.4488482e-01
   1.4350372e-01
   1.4221815e-01
   1.4111603e-01
   1.4028296e-01
   1.3979967e-01
   1.3973960e-01
   1.4016654e-01
   1.4113247e-01
   1.4267572e-01
   1.4481948e-01
   1.4757069e-01
   1.5091949e-01
   1.5483908e-01
   1.5928619e-01
   1.6420195e-01
   1.6951330e-01
   1.7513482e-01
   1.8097088e-01
   1.8691814e-01
   1.9286810e-01
   1.9870992e-01
   2.0433312e-01
   2.0963023e-01
   2.1449923e-01
   2.1884584e-01
   2.2258535e-01
   2.2564425e-01
   2.2796139e-01
   2.2948879e-01
   2.3019203e-01
   2.3005034e-01
   2.2905624e-01
   2.2721504e-01
   2.2454394e-01
   2.2107100e-01
   2.1683398e-01
   2.1187899e-01
   2.0625922e-01
   2.0003355e-01
   1.9326522e-01
   1.8602059e-01
   1.7836798e-01
   1.7037658e-01
   1.6211552e-01
   1.5365305e-01
   1.4505582e-01
   1.3638837e-01
   1.2771259e-01
   1.1908749e-01
   1.1056887e-01
   1.0220922e-01
   9.4057631e-02
   8.6159770e-02
   7.8557944e-02
   7.1291164e-02
   6.4395249e-02
   5.7902955e-02
   5.1844101e-02
   4.6245702e-02
