   1.1385719e-01
   1.1233896e-01
   1.1114042e-01
   1.1026717e-01
   1.0972317e-01
   1.0951065e-01
   1.0963020e-01
   1.1008066e-01
   1.1085923e-01
   1.1196143e-01
   1.1338114e-01
   1.1511063e-01
   1.1714064e-01
   1.1946035e-01
   1.2205752e-01
   1.2491853e-01
   1.2802840e-01
   1.3137096e-01
   1.3492886e-01
   1.3868371e-01
   1.4261616e-01
   1.4670598e-01
   1.5093224e-01
   1.5527332e-01
   1.5970713e-01
   1.6421115e-01
   1.6876260e-01
   1.7333856e-01
   1.7791606e-01
   1.8247224e-01
   1.8698446e-01
   1.9143043e-01
   1.9578834e-01
   2.0003693e-01
   2.0415567e-01
   2.0812482e-01
   2.1192557e-01
   2.1554010e-01
   2.1895170e-01
   2.2214484e-01
   2.2510525e-01
   2.2781999e-01
   2.3027749e-01
   2.3246764e-01
   2.3438177e-01
   2.3601273e-01
   2.3735489e-01
   2.3840416e-01
   2.3915797e-01
   2.3961527e-01
   2.3977654e-01
   2.3964373e-01
   2.3922022e-01
   2.3851082e-01
   2.3752168e-01
   2.3626024e-01
   2.3473520e-01
   2.3295639e-01
   2.3093476e-01
   2.2868227e-01
   2.2621181e-01
   2.2353714e-01
   2.2067276e-01
   2.1763388e-01
   2.1443630e-01
   2.1109632e-01
   2.0763068e-01
   2.0405645e-01
   2.0039095e-01
   1.9665172e-01
   1.9285634e-01
   1.8902245e-01
   1.8516764e-01
   1.8130936e-01
   1.7746492e-01
   1.7365133e-01
   1.6988534e-01
   1.6618332e-01
   1.6256123e-01
   1.5903456e-01
   1.5561832e-01
   1.5232695e-01
   1.4917431e-01
   1.4617364e-01
   1.4333751e-01
   1.4067780e-01
   1.3820568e-01
   1.3593155e-01
   1.3386506e-01
   1.3201502e-01
   1.3038944e-01
   1.2899547e-01
   1.2783938e-01
   1.2692656e-01
   1.2626146e-01
   1.2584760e-01
   1.2568757e-01
   1.2578294e-01
   1.2613432e-01
   1.2674131e-01
   1.2760249e-01
   1.2871538e-01
   1.3007648e-01
   1.3168124e-01
   1.3352404e-01
   1.3559820e-01
   1.3789598e-01
   1.4040859e-01
   1.4312619e-01
   1.4603790e-01
   1.4913186e-01
   1.5239517e-01
   1.5581402e-01
   1.5937366e-01
   1.6305844e-01
   1.6685191e-01
   1.7073683e-01
   1.7469526e-01
   1.7870861e-01
   1.8275772e-01
   1.8682296e-01
   1.9088430e-01
   1.9492142e-01
   1.9891379e-01
   2.0284081e-01
   2.0668188e-01
   2.1041655e-01
   2.1402462e-01
   2.1748626e-01
   2.2078214e-01
   2.2389353e-01
   2.2680245e-01
   2.2949177e-01
   2.3194534e-01
   2.3414808e-01
   2.3608611e-01
   2.3774683e-01
   2.3911905e-01
   2.4019304e-01
   2.4096062e-01
   2.4141524e-01
   2.4155203e-01
   2.4136784e-01
   2.4086130e-01
   2.4003280e-01
   2.3888455e-01
   2.3742057e-01
   2.3564664e-01
   2.3357033e-01
   2.3120091e-01
   2.2854934e-01
   2.2562822e-01
   2.2245165e-01
   2.1903525e-01
   2.1539597e-01
   2.1155206e-01
   2.0752294e-01
   2.0332907e-01
   1.9899187e-01
   1.9453355e-01
   1.8997702e-01
   1.8534570e-01
   1.8066346e-01
   1.7595444e-01
   1.7124291e-01
   1.6655314e-01
   1.6190927e-01
   1.5733520e-01
   1.5285439e-01
   1.4848981e-01
   1.4426379e-01
   1.4019788e-01
   1.3631277e-01
   1.3262817e-01
   1.2916271e-01
   1.2593384e-01
   1.2295777e-01
   1.2024935e-01
   1.1782205e-01
   1.1568785e-01
   1.1385719e-01
