   3.4099484e+00
   3.3839200e+00
   3.3545394e+00
   3.3219437e+00
   3.2862571e+00
   3.2475919e+00
   3.2060487e+00
   3.1617181e+00
   3.1146814e+00
   3.0650119e+00
   3.0127769e+00
   2.9580386e+00
   2.9008560e+00
   2.8412867e+00
   2.7793889e+00
   2.7152228e+00
   2.6488530e+00
   2.5803500e+00
   2.5097931e+00
   2.4372715e+00
   2.3628875e+00
   2.2867577e+00
   2.2090157e+00
   2.1298140e+00
   2.0493259e+00
   1.9677476e+00
   1.8852991e+00
   1.8022259e+00
   1.7187993e+00
   1.6353172e+00
   1.5521029e+00
   1.4695045e+00
   1.3878926e+00
   1.3076575e+00
   1.2292057e+00
   1.1529549e+00
   1.0793286e+00
   1.0087497e+00
   9.4163362e-01
   8.7838078e-01
   8.1936853e-01
   7.6494339e-01
   7.1541328e-01
   6.7104015e-01
   6.3203344e-01
   5.9854446e-01
   5.7066199e-01
   5.4840934e-01
   5.3174291e-01
   5.2055243e-01
   5.1466294e-01
   5.1383836e-01
   5.1778668e-01
   5.2616655e-01
   5.3859508e-01
   5.5465654e-01
   5.7391172e-01
   5.9590750e-01
   6.2018645e-01
   6.4629612e-01
   6.7379763e-01
   7.0227348e-01
   7.3133427e-01
   7.6062425e-01
   7.8982560e-01
   8.1866140e-01
   8.4689724e-01
   8.7434173e-01
   9.0084569e-01
   9.2630050e-01
   9.5063546e-01
   9.7381456e-01
   9.9583262e-01
   1.0167112e+00
   1.0364940e+00
   1.0552428e+00
   1.0730327e+00
   1.0899481e+00
   1.1060786e+00
   1.1215153e+00
   1.1363476e+00
   1.1506602e+00
   1.1645302e+00
   1.1780252e+00
   1.1912012e+00
   1.2041009e+00
   1.2167529e+00
   1.2291700e+00
   1.2413489e+00
   1.2532695e+00
   1.2648944e+00
   1.2761691e+00
   1.2870215e+00
   1.2973625e+00
   1.3070862e+00
   1.3160706e+00
   1.3241785e+00
   1.3312583e+00
   1.3371459e+00
   1.3416659e+00
   1.3446344e+00
   1.3458607e+00
   1.3451512e+00
   1.3423120e+00
   1.3371532e+00
   1.3294932e+00
   1.3191633e+00
   1.3060132e+00
   1.2899162e+00
   1.2707752e+00
   1.2485285e+00
   1.2231559e+00
   1.1946841e+00
   1.1631927e+00
   1.1288189e+00
   1.0917618e+00
   1.0522857e+00
   1.0107227e+00
   9.6747280e-01
   9.2300429e-01
   8.7785082e-01
   8.3260772e-01
   7.8792613e-01
   7.4450539e-01
   7.0308369e-01
   6.6442698e-01
   6.2931651e-01
   5.9853510e-01
   5.7285245e-01
   5.5300993e-01
   5.3970518e-01
   5.3357693e-01
   5.3519050e-01
   5.4502456e-01
   5.6345928e-01
   5.9076653e-01
   6.2710230e-01
   6.7250157e-01
   7.2687582e-01
   7.9001329e-01
   8.6158195e-01
   9.4113515e-01
   1.0281197e+00
   1.1218862e+00
   1.2217015e+00
   1.3267621e+00
   1.4362096e+00
   1.5491461e+00
   1.6646501e+00
   1.7817922e+00
   1.8996505e+00
   2.0173247e+00
   2.1339491e+00
   2.2487043e+00
   2.3608265e+00
   2.4696162e+00
   2.5744438e+00
   2.6747540e+00
   2.7700682e+00
   2.8599854e+00
   2.9441807e+00
   3.0224036e+00
   3.0944743e+00
   3.1602788e+00
   3.2197642e+00
   3.2729322e+00
   3.3198332e+00
   3.3605596e+00
   3.3952394e+00
   3.4240298e+00
   3.4471110e+00
   3.4646807e+00
   3.4769482e+00
   3.4841302e+00
   3.4864460e+00
   3.4841140e+00
   3.4773483e+00
   3.4663562e+00
   3.4513358e+00
   3.4324747e+00
   3.4099484e+00
