   8.1196440e-01
   6.7815949e-01
   5.5780425e-01
   4.5170734e-01
   3.6062008e-01
   2.8523496e-01
   2.2618455e-01
   1.8404087e-01
   1.5931324e-01
   1.5244025e-01
   1.6377611e-01
   1.9358494e-01
   2.4204504e-01
   3.0924651e-01
   3.9517966e-01
   4.9972204e-01
   6.2262673e-01
   7.6351154e-01
   9.2184866e-01
   1.0969550e+00
   1.2879836e+00
   1.4939167e+00
   1.7135610e+00
   1.9455456e+00
   2.1883235e+00
   2.4401759e+00
   2.6992221e+00
   2.9634317e+00
   3.2306428e+00
   3.4985839e+00
   3.7648995e+00
   4.0271796e+00
   4.2829930e+00
   4.5299218e+00
   4.7655984e+00
   4.9877425e+00
   5.1941980e+00
   5.3829681e+00
   5.5522482e+00
   5.7004547e+00
   5.8262498e+00
   5.9285610e+00
   6.0065949e+00
   6.0598446e+00
   6.0880910e+00
   6.0913985e+00
   6.0701043e+00
   6.0248026e+00
   5.9563244e+00
   5.8657139e+00
   5.7542019e+00
   5.6231778e+00
   5.4741604e+00
   5.3087704e+00
   5.1287026e+00
   4.9357010e+00
   4.7315363e+00
   4.5179863e+00
   4.2968193e+00
   4.0697811e+00
   3.8385849e+00
   3.6049039e+00
   3.3703660e+00
   3.1365514e+00
   2.9049901e+00
   2.6771608e+00
   2.4544904e+00
   2.2383522e+00
   2.0300642e+00
   1.8308853e+00
   1.6420111e+00
   1.4645678e+00
   1.2996041e+00
   1.1480829e+00
   1.0108709e+00
   8.8872745e-01
   7.8229370e-01
   6.9208085e-01
   6.1845943e-01
   5.6164928e-01
   5.2171075e-01
   4.9853742e-01
   4.9185065e-01
   5.0119676e-01
   5.2594746e-01
   5.6530432e-01
   6.1830688e-01
   6.8384438e-01
   7.6067070e-01
   8.4742259e-01
   9.4264116e-01
   1.0447963e+00
   1.1523143e+00
   1.2636071e+00
   1.3771045e+00
   1.4912864e+00
   1.6047163e+00
   1.7160744e+00
   1.8241890e+00
   1.9280664e+00
   2.0269175e+00
   2.1201799e+00
   2.2075359e+00
   2.2889245e+00
   2.3645457e+00
   2.4348595e+00
   2.5005756e+00
   2.5626362e+00
   2.6221908e+00
   2.6805631e+00
   2.7392114e+00
   2.7996830e+00
   2.8635635e+00
   2.9324230e+00
   3.0077607e+00
   3.0909496e+00
   3.1831832e+00
   3.2854270e+00
   3.3983754e+00
   3.5224177e+00
   3.6576119e+00
   3.8036711e+00
   3.9599599e+00
   4.1255039e+00
   4.2990098e+00
   4.4788977e+00
   4.6633423e+00
   4.8503237e+00
   5.0376829e+00
   5.2231832e+00
   5.4045719e+00
   5.5796414e+00
   5.7462879e+00
   5.9025628e+00
   6.0467181e+00
   6.1772422e+00
   6.2928847e+00
   6.3926718e+00
   6.4759102e+00
   6.5421800e+00
   6.5913198e+00
   6.6234025e+00
   6.6387052e+00
   6.6376748e+00
   6.6208909e+00
   6.5890285e+00
   6.5428213e+00
   6.4830293e+00
   6.4104092e+00
   6.3256914e+00
   6.2295620e+00
   6.1226520e+00
   6.0055320e+00
   5.8787129e+00
   5.7426517e+00
   5.5977615e+00
   5.4444253e+00
   5.2830106e+00
   5.1138867e+00
   4.9374407e+00
   4.7540929e+00
   4.5643111e+00
   4.3686217e+00
   4.1676184e+00
   3.9619677e+00
   3.7524116e+00
   3.5397664e+00
   3.3249201e+00
   3.1088257e+00
   2.8924936e+00
   2.6769819e+00
   2.4633856e+00
   2.2528256e+00
   2.0464368e+00
   1.8453569e+00
   1.6507161e+00
   1.4636269e+00
   1.2851755e+00
   1.1164142e+00
   9.5835493e-01
   8.1196440e-01
