   9.5070169e-01
   8.7416702e-01
   8.0136557e-01
   7.3268641e-01
   6.6848923e-01
   6.0910271e-01
   5.5482301e-01
   5.0591247e-01
   4.6259853e-01
   4.2507276e-01
   3.9349008e-01
   3.6796810e-01
   3.4858646e-01
   3.3538629e-01
   3.2836965e-01
   3.2749891e-01
   3.3269619e-01
   3.4384277e-01
   3.6077850e-01
   3.8330129e-01
   4.1116649e-01
   4.4408645e-01
   4.8173009e-01
   5.2372271e-01
   5.6964609e-01
   6.1903904e-01
   6.7139857e-01
   7.2618179e-01
   7.8280866e-01
   8.4066589e-01
   8.9911184e-01
   9.5748277e-01
   1.0151003e+00
   1.0712800e+00
   1.1253416e+00
   1.1766194e+00
   1.2244747e+00
   1.2683071e+00
   1.3075676e+00
   1.3417706e+00
   1.3705051e+00
   1.3934452e+00
   1.4103586e+00
   1.4211137e+00
   1.4256834e+00
   1.4241468e+00
   1.4166883e+00
   1.4035927e+00
   1.3852385e+00
   1.3620877e+00
   1.3346737e+00
   1.3035864e+00
   1.2694566e+00
   1.2329391e+00
   1.1946951e+00
   1.1553754e+00
   1.1156043e+00
   1.0759648e+00
   1.0369866e+00
   9.9913506e-01
   9.6280413e-01
   9.2831146e-01
   8.9589655e-01
   8.6572158e-01
   8.3787488e-01
   8.1237661e-01
   7.8918641e-01
   7.6821237e-01
   7.4932109e-01
   7.3234819e-01
   7.1710891e-01
   7.0340829e-01
   6.9105064e-01
   6.7984789e-01
   6.6962669e-01
   6.6023397e-01
   6.5154100e-01
   6.4344579e-01
   6.3587396e-01
   6.2877819e-01
   6.2213631e-01
   6.1594832e-01
   6.1023244e-01
   6.0502052e-01
   6.0035298e-01
   5.9627354e-01
   5.9282388e-01
   5.9003862e-01
   5.8794057e-01
   5.8653669e-01
   5.8581458e-01
   5.8573999e-01
   5.8625512e-01
   5.8727795e-01
   5.8870266e-01
   5.9040107e-01
   5.9222509e-01
   5.9401033e-01
   5.9558049e-01
   5.9675285e-01
   5.9734435e-01
   5.9717844e-01
   5.9609239e-01
   5.9394493e-01
   5.9062395e-01
   5.8605415e-01
   5.8020433e-01
   5.7309401e-01
   5.6479926e-01
   5.5545740e-01
   5.4527029e-01
   5.3450607e-01
   5.2349904e-01
   5.1264768e-01
   5.0241051e-01
   4.9329986e-01
   4.8587352e-01
   4.8072442e-01
   4.7846836e-01
   4.7973026e-01
   4.8512898e-01
   4.9526137e-01
   5.1068578e-01
   5.3190566e-01
   5.5935372e-01
   5.9337715e-01
   6.3422457e-01
   6.8203490e-01
   7.3682891e-01
   7.9850355e-01
   8.6682942e-01
   9.4145145e-01
   1.0218929e+00
   1.1075627e+00
   1.1977650e+00
   1.2917129e+00
   1.3885422e+00
   1.4873292e+00
   1.5871078e+00
   1.6868882e+00
   1.7856751e+00
   1.8824859e+00
   1.9763673e+00
   2.0664105e+00
   2.1517652e+00
   2.2316500e+00
   2.3053627e+00
   2.3722859e+00
   2.4318924e+00
   2.4837468e+00
   2.5275063e+00
   2.5629186e+00
   2.5898196e+00
   2.6081289e+00
   2.6178445e+00
   2.6190377e+00
   2.6118464e+00
   2.5964696e+00
   2.5731610e+00
   2.5422230e+00
   2.5040013e+00
   2.4588801e+00
   2.4072764e+00
   2.3496368e+00
   2.2864327e+00
   2.2181568e+00
   2.1453200e+00
   2.0684481e+00
   1.9880790e+00
   1.9047594e+00
   1.8190426e+00
   1.7314852e+00
   1.6426446e+00
   1.5530766e+00
   1.4633317e+00
   1.3739534e+00
   1.2854745e+00
   1.1984150e+00
   1.1132792e+00
   1.0305531e+00
   9.5070169e-01
