   1.8072169e-04
   1.8008194e-04
   1.8220952e-04
   1.8710191e-04
   1.9474425e-04
   2.0510896e-04
   2.1815546e-04
   2.3382996e-04
   2.5206548e-04
   2.7278195e-04
   2.9588653e-04
   3.2127399e-04
   3.4882718e-04
   3.7841755e-04
   4.0990574e-04
   4.4314215e-04
   4.7796767e-04
   5.1421433e-04
   5.5170612e-04
   5.9025973e-04
   6.2968549e-04
   6.6978820e-04
   7.1036815e-04
   7.5122204e-04
   7.9214407e-04
   8.3292695e-04
   8.7336301e-04
   9.1324529e-04
   9.5236868e-04
   9.9053101e-04
   1.0275342e-03
   1.0631854e-03
   1.0972979e-03
   1.1296926e-03
   1.1601987e-03
   1.1886549e-03
   1.2149100e-03
   1.2388246e-03
   1.2602709e-03
   1.2791344e-03
   1.2953141e-03
   1.3087232e-03
   1.3192897e-03
   1.3269568e-03
   1.3316834e-03
   1.3334442e-03
   1.3322297e-03
   1.3280466e-03
   1.3209177e-03
   1.3108816e-03
   1.2979924e-03
   1.2823196e-03
   1.2639475e-03
   1.2429748e-03
   1.2195138e-03
   1.1936899e-03
   1.1656408e-03
   1.1355155e-03
   1.1034736e-03
   1.0696842e-03
   1.0343251e-03
   9.9758159e-04
   9.5964533e-04
   9.2071342e-04
   8.8098721e-04
   8.4067117e-04
   7.9997179e-04
   7.5909643e-04
   7.1825226e-04
   6.7764514e-04
   6.3747857e-04
   5.9795266e-04
   5.5926314e-04
   5.2160038e-04
   4.8514853e-04
   4.5008458e-04
   4.1657758e-04
   3.8478790e-04
   3.5486644e-04
   3.2695399e-04
   3.0118061e-04
   2.7766506e-04
   2.5651424e-04
   2.3782278e-04
   2.2167267e-04
   2.0813295e-04
   1.9725967e-04
   1.8909590e-04
   1.8367190e-04
   1.8100549e-04
   1.8110222e-04
   1.8395560e-04
   1.8954705e-04
   1.9784581e-04
   2.0880875e-04
   2.2238038e-04
   2.3849288e-04
   2.5706646e-04
   2.7800971e-04
   3.0122018e-04
   3.2658493e-04
   3.5398116e-04
   3.8327686e-04
   4.1433147e-04
   4.4699652e-04
   4.8111639e-04
   5.1652895e-04
   5.5306634e-04
   5.9055574e-04
   6.2882008e-04
   6.6767889e-04
   7.0694908e-04
   7.4644578e-04
   7.8598312e-04
   8.2537515e-04
   8.6443663e-04
   9.0298386e-04
   9.4083557e-04
   9.7781371e-04
   1.0137443e-03
   1.0484582e-03
   1.0817920e-03
   1.1135887e-03
   1.1436983e-03
   1.1719789e-03
   1.1982971e-03
   1.2225286e-03
   1.2445588e-03
   1.2642838e-03
   1.2816102e-03
   1.2964559e-03
   1.3087508e-03
   1.3184365e-03
   1.3254670e-03
   1.3298091e-03
   1.3314419e-03
   1.3303576e-03
   1.3265613e-03
   1.3200706e-03
   1.3109162e-03
   1.2991413e-03
   1.2848013e-03
   1.2679640e-03
   1.2487089e-03
   1.2271267e-03
   1.2033194e-03
   1.1773992e-03
   1.1494884e-03
   1.1197187e-03
   1.0882303e-03
   1.0551716e-03
   1.0206984e-03
   9.8497299e-04
   9.4816361e-04
   9.1044349e-04
   8.7199016e-04
   8.3298458e-04
   7.9361030e-04
   7.5405263e-04
   7.1449779e-04
   6.7513205e-04
   6.3614091e-04
   5.9770824e-04
   5.6001545e-04
   5.2324070e-04
   4.8755806e-04
   4.5313676e-04
   4.2014040e-04
   3.8872620e-04
   3.5904430e-04
   3.3123704e-04
   3.0543827e-04
   2.8177269e-04
   2.6035519e-04
   2.4129027e-04
   2.2467146e-04
   2.1058081e-04
   1.9908851e-04
   1.9025266e-04
   1.8411915e-04
   1.8072169e-04
