   8.5585222e-02
   7.8932221e-02
   7.2690295e-02
   6.6890780e-02
   6.1566099e-02
   5.6749747e-02
   5.2476246e-02
   4.8781058e-02
   4.5700446e-02
   4.3271275e-02
   4.1530747e-02
   4.0516052e-02
   4.0263944e-02
   4.0810230e-02
   4.2189197e-02
   4.4432962e-02
   4.7570765e-02
   5.1628190e-02
   5.6626319e-02
   6.2580822e-02
   6.9501004e-02
   7.7388827e-02
   8.6237942e-02
   9.6032752e-02
   1.0674755e-01
   1.1834576e-01
   1.3077928e-01
   1.4398807e-01
   1.5789983e-01
   1.7243002e-01
   1.8748202e-01
   2.0294767e-01
   2.1870802e-01
   2.3463438e-01
   2.5058971e-01
   2.6643021e-01
   2.8200718e-01
   2.9716917e-01
   3.1176416e-01
   3.2564203e-01
   3.3865701e-01
   3.5067013e-01
   3.6155169e-01
   3.7118356e-01
   3.7946134e-01
   3.8629628e-01
   3.9161686e-01
   3.9537014e-01
   3.9752270e-01
   3.9806114e-01
   3.9699224e-01
   3.9434273e-01
   3.9015863e-01
   3.8450421e-01
   3.7746069e-01
   3.6912454e-01
   3.5960561e-01
   3.4902509e-01
   3.3751322e-01
   3.2520704e-01
   3.1224805e-01
   2.9877996e-01
   2.8494645e-01
   2.7088914e-01
   2.5674565e-01
   2.4264794e-01
   2.2872080e-01
   2.1508061e-01
   2.0183434e-01
   1.8907878e-01
   1.7690004e-01
   1.6537326e-01
   1.5456252e-01
   1.4452094e-01
   1.3529100e-01
   1.2690492e-01
   1.1938524e-01
   1.1274545e-01
   1.0699068e-01
   1.0211848e-01
   9.8119571e-02
   9.4978636e-02
   9.2675066e-02
   9.1183709e-02
   9.0475563e-02
   9.0518442e-02
   9.1277591e-02
   9.2716255e-02
   9.4796208e-02
   9.7478224e-02
   1.0072250e-01
   1.0448904e-01
   1.0873796e-01
   1.1342979e-01
   1.1852570e-01
   1.2398770e-01
   1.2977886e-01
   1.3586337e-01
   1.4220677e-01
   1.4877598e-01
   1.5553944e-01
   1.6246719e-01
   1.6953093e-01
   1.7670409e-01
   1.8396189e-01
   1.9128136e-01
   1.9864139e-01
   2.0602269e-01
   2.1340780e-01
   2.2078103e-01
   2.2812840e-01
   2.3543748e-01
   2.4269730e-01
   2.4989811e-01
   2.5703119e-01
   2.6408859e-01
   2.7106280e-01
   2.7794646e-01
   2.8473202e-01
   2.9141135e-01
   2.9797546e-01
   3.0441408e-01
   3.1071540e-01
   3.1686578e-01
   3.2284953e-01
   3.2864876e-01
   3.3424330e-01
   3.3961069e-01
   3.4472633e-01
   3.4956362e-01
   3.5409425e-01
   3.5828863e-01
   3.6211627e-01
   3.6554634e-01
   3.6854823e-01
   3.7109217e-01
   3.7314981e-01
   3.7469487e-01
   3.7570370e-01
   3.7615584e-01
   3.7603444e-01
   3.7532672e-01
   3.7402419e-01
   3.7212290e-01
   3.6962351e-01
   3.6653127e-01
   3.6285591e-01
   3.5861143e-01
   3.5381580e-01
   3.4849060e-01
   3.4266058e-01
   3.3635323e-01
   3.2959832e-01
   3.2242736e-01
   3.1487316e-01
   3.0696940e-01
   2.9875017e-01
   2.9024964e-01
   2.8150172e-01
   2.7253981e-01
   2.6339658e-01
   2.5410384e-01
   2.4469243e-01
   2.3519218e-01
   2.2563191e-01
   2.1603948e-01
   2.0644186e-01
   1.9686522e-01
   1.8733505e-01
   1.7787633e-01
   1.6851363e-01
   1.5927126e-01
   1.5017347e-01
   1.4124455e-01
   1.3250899e-01
   1.2399159e-01
   1.1571766e-01
   1.0771308e-01
   1.0000441e-01
   9.2619030e-02
   8.5585222e-02
