   1.7784846e-02
   1.7588638e-02
   1.7389102e-02
   1.7187697e-02
   1.6985824e-02
   1.6784817e-02
   1.6585938e-02
   1.6390364e-02
   1.6199183e-02
   1.6013390e-02
   1.5833880e-02
   1.5661447e-02
   1.5496784e-02
   1.5340476e-02
   1.5193007e-02
   1.5054757e-02
   1.4926006e-02
   1.4806934e-02
   1.4697629e-02
   1.4598088e-02
   1.4508222e-02
   1.4427864e-02
   1.4356772e-02
   1.4294636e-02
   1.4241088e-02
   1.4195704e-02
   1.4158016e-02
   1.4127516e-02
   1.4103668e-02
   1.4085908e-02
   1.4073662e-02
   1.4066345e-02
   1.4063370e-02
   1.4064162e-02
   1.4068154e-02
   1.4074803e-02
   1.4083591e-02
   1.4094032e-02
   1.4105680e-02
   1.4118128e-02
   1.4131019e-02
   1.4144045e-02
   1.4156952e-02
   1.4169542e-02
   1.4181675e-02
   1.4193271e-02
   1.4204308e-02
   1.4214827e-02
   1.4224925e-02
   1.4234756e-02
   1.4244533e-02
   1.4254519e-02
   1.4265027e-02
   1.4276417e-02
   1.4289090e-02
   1.4303484e-02
   1.4320067e-02
   1.4339336e-02
   1.4361806e-02
   1.4388006e-02
   1.4418471e-02
   1.4453738e-02
   1.4494335e-02
   1.4540778e-02
   1.4593562e-02
   1.4653151e-02
   1.4719976e-02
   1.4794426e-02
   1.4876839e-02
   1.4967498e-02
   1.5066622e-02
   1.5174365e-02
   1.5290804e-02
   1.5415938e-02
   1.5549683e-02
   1.5691866e-02
   1.5842223e-02
   1.6000395e-02
   1.6165929e-02
   1.6338272e-02
   1.6516775e-02
   1.6700690e-02
   1.6889175e-02
   1.7081293e-02
   1.7276018e-02
   1.7472239e-02
   1.7668764e-02
   1.7864330e-02
   1.8057609e-02
   1.8247215e-02
   1.8431722e-02
   1.8609665e-02
   1.8779562e-02
   1.8939921e-02
   1.9089259e-02
   1.9226114e-02
   1.9349064e-02
   1.9456742e-02
   1.9547855e-02
   1.9621198e-02
   1.9675676e-02
   1.9710319e-02
   1.9724299e-02
   1.9716947e-02
   1.9687768e-02
   1.9636455e-02
   1.9562903e-02
   1.9467217e-02
   1.9349722e-02
   1.9210973e-02
   1.9051752e-02
   1.8873073e-02
   1.8676181e-02
   1.8462543e-02
   1.8233842e-02
   1.7991967e-02
   1.7738993e-02
   1.7477165e-02
   1.7208878e-02
   1.6936653e-02
   1.6663105e-02
   1.6390918e-02
   1.6122816e-02
   1.5861523e-02
   1.5609735e-02
   1.5370083e-02
   1.5145101e-02
   1.4937190e-02
   1.4748586e-02
   1.4581330e-02
   1.4437238e-02
   1.4317878e-02
   1.4224544e-02
   1.4158240e-02
   1.4119664e-02
   1.4109200e-02
   1.4126907e-02
   1.4172525e-02
   1.4245472e-02
   1.4344858e-02
   1.4469492e-02
   1.4617904e-02
   1.4788362e-02
   1.4978900e-02
   1.5187342e-02
   1.5411334e-02
   1.5648375e-02
   1.5895853e-02
   1.6151075e-02
   1.6411306e-02
   1.6673800e-02
   1.6935836e-02
   1.7194752e-02
   1.7447969e-02
   1.7693029e-02
   1.7927612e-02
   1.8149564e-02
   1.8356918e-02
   1.8547907e-02
   1.8720981e-02
   1.8874815e-02
   1.9008316e-02
   1.9120628e-02
   1.9211131e-02
   1.9279440e-02
   1.9325396e-02
   1.9349064e-02
   1.9350716e-02
   1.9330824e-02
   1.9290045e-02
   1.9229201e-02
   1.9149271e-02
   1.9051367e-02
   1.8936717e-02
   1.8806651e-02
   1.8662577e-02
   1.8505968e-02
   1.8338341e-02
   1.8161241e-02
   1.7976225e-02
   1.7784846e-02
