   9.0136380e-01
   8.9278543e-01
   8.8529415e-01
   8.7892487e-01
   8.7370693e-01
   8.6966401e-01
   8.6681402e-01
   8.6516903e-01
   8.6473523e-01
   8.6551284e-01
   8.6749613e-01
   8.7067336e-01
   8.7502682e-01
   8.8053286e-01
   8.8716193e-01
   8.9487867e-01
   9.0364203e-01
   9.1340539e-01
   9.2411677e-01
   9.3571899e-01
   9.4814997e-01
   9.6134298e-01
   9.7522696e-01
   9.8972690e-01
   1.0047642e+00
   1.0202572e+00
   1.0361215e+00
   1.0522706e+00
   1.0686164e+00
   1.0850695e+00
   1.1015404e+00
   1.1179393e+00
   1.1341774e+00
   1.1501671e+00
   1.1658226e+00
   1.1810608e+00
   1.1958016e+00
   1.2099686e+00
   1.2234895e+00
   1.2362969e+00
   1.2483283e+00
   1.2595269e+00
   1.2698418e+00
   1.2792284e+00
   1.2876484e+00
   1.2950703e+00
   1.3014694e+00
   1.3068277e+00
   1.3111342e+00
   1.3143845e+00
   1.3165811e+00
   1.3177325e+00
   1.3178540e+00
   1.3169662e+00
   1.3150957e+00
   1.3122742e+00
   1.3085380e+00
   1.3039279e+00
   1.2984886e+00
   1.2922681e+00
   1.2853172e+00
   1.2776895e+00
   1.2694401e+00
   1.2606258e+00
   1.2513043e+00
   1.2415339e+00
   1.2313730e+00
   1.2208798e+00
   1.2101118e+00
   1.1991255e+00
   1.1879763e+00
   1.1767180e+00
   1.1654027e+00
   1.1540806e+00
   1.1427998e+00
   1.1316062e+00
   1.1205435e+00
   1.1096531e+00
   1.0989741e+00
   1.0885433e+00
   1.0783950e+00
   1.0685616e+00
   1.0590731e+00
   1.0499578e+00
   1.0412416e+00
   1.0329489e+00
   1.0251023e+00
   1.0177230e+00
   1.0108304e+00
   1.0044429e+00
   9.9857765e-01
   9.9325064e-01
   9.8847696e-01
   9.8427081e-01
   9.8064556e-01
   9.7761388e-01
   9.7518770e-01
   9.7337825e-01
   9.7219609e-01
   9.7165101e-01
   9.7175205e-01
   9.7250735e-01
   9.7392407e-01
   9.7600827e-01
   9.7876473e-01
   9.8219675e-01
   9.8630601e-01
   9.9109226e-01
   9.9655315e-01
   1.0026840e+00
   1.0094773e+00
   1.0169229e+00
   1.0250074e+00
   1.0337138e+00
   1.0430216e+00
   1.0529064e+00
   1.0633397e+00
   1.0742886e+00
   1.0857159e+00
   1.0975800e+00
   1.1098346e+00
   1.1224290e+00
   1.1353079e+00
   1.1484118e+00
   1.1616771e+00
   1.1750363e+00
   1.1884182e+00
   1.2017489e+00
   1.2149515e+00
   1.2279469e+00
   1.2406547e+00
   1.2529934e+00
   1.2648813e+00
   1.2762370e+00
   1.2869804e+00
   1.2970332e+00
   1.3063199e+00
   1.3147683e+00
   1.3223103e+00
   1.3288828e+00
   1.3344279e+00
   1.3388941e+00
   1.3422365e+00
   1.3444172e+00
   1.3454060e+00
   1.3451808e+00
   1.3437273e+00
   1.3410398e+00
   1.3371211e+00
   1.3319823e+00
   1.3256430e+00
   1.3181309e+00
   1.3094817e+00
   1.2997387e+00
   1.2889526e+00
   1.2771806e+00
   1.2644866e+00
   1.2509399e+00
   1.2366152e+00
   1.2215919e+00
   1.2059529e+00
   1.1897850e+00
   1.1731772e+00
   1.1562209e+00
   1.1390085e+00
   1.1216336e+00
   1.1041899e+00
   1.0867705e+00
   1.0694679e+00
   1.0523730e+00
   1.0355749e+00
   1.0191603e+00
   1.0032132e+00
   9.8781441e-01
   9.7304137e-01
   9.5896762e-01
   9.4566266e-01
   9.3319164e-01
   9.2161513e-01
   9.1098891e-01
   9.0136380e-01
