   1.4722952e-01
   1.4485833e-01
   1.4250691e-01
   1.4018957e-01
   1.3791980e-01
   1.3571021e-01
   1.3357251e-01
   1.3151752e-01
   1.2955512e-01
   1.2769426e-01
   1.2594294e-01
   1.2430823e-01
   1.2279626e-01
   1.2141218e-01
   1.2016023e-01
   1.1904369e-01
   1.1806492e-01
   1.1722535e-01
   1.1652551e-01
   1.1596502e-01
   1.1554265e-01
   1.1525633e-01
   1.1510317e-01
   1.1507952e-01
   1.1518102e-01
   1.1540262e-01
   1.1573869e-01
   1.1618301e-01
   1.1672893e-01
   1.1736937e-01
   1.1809693e-01
   1.1890398e-01
   1.1978272e-01
   1.2072530e-01
   1.2172385e-01
   1.2277063e-01
   1.2385806e-01
   1.2497883e-01
   1.2612597e-01
   1.2729288e-01
   1.2847347e-01
   1.2966213e-01
   1.3085383e-01
   1.3204416e-01
   1.3322931e-01
   1.3440617e-01
   1.3557226e-01
   1.3672582e-01
   1.3786572e-01
   1.3899152e-01
   1.4010341e-01
   1.4120221e-01
   1.4228931e-01
   1.4336667e-01
   1.4443674e-01
   1.4550244e-01
   1.4656711e-01
   1.4763442e-01
   1.4870837e-01
   1.4979319e-01
   1.5089333e-01
   1.5201332e-01
   1.5315780e-01
   1.5433139e-01
   1.5553868e-01
   1.5678415e-01
   1.5807209e-01
   1.5940661e-01
   1.6079150e-01
   1.6223023e-01
   1.6372587e-01
   1.6528107e-01
   1.6689798e-01
   1.6857817e-01
   1.7032267e-01
   1.7213182e-01
   1.7400529e-01
   1.7594200e-01
   1.7794009e-01
   1.7999687e-01
   1.8210877e-01
   1.8427129e-01
   1.8647900e-01
   1.8872547e-01
   1.9100324e-01
   1.9330381e-01
   1.9561760e-01
   1.9793396e-01
   2.0024116e-01
   2.0252639e-01
   2.0477578e-01
   2.0697447e-01
   2.0910661e-01
   2.1115548e-01
   2.1310355e-01
   2.1493261e-01
   2.1662391e-01
   2.1815832e-01
   2.1951652e-01
   2.2067921e-01
   2.2162737e-01
   2.2234250e-01
   2.2280690e-01
   2.2300403e-01
   2.2291877e-01
   2.2253776e-01
   2.2184981e-01
   2.2084611e-01
   2.1952069e-01
   2.1787063e-01
   2.1589641e-01
   2.1360213e-01
   2.1099570e-01
   2.0808907e-01
   2.0489822e-01
   2.0144330e-01
   1.9774848e-01
   1.9384187e-01
   1.8975533e-01
   1.8552411e-01
   1.8118653e-01
   1.7678347e-01
   1.7235787e-01
   1.6795409e-01
   1.6361726e-01
   1.5939259e-01
   1.5532462e-01
   1.5145644e-01
   1.4782900e-01
   1.4448034e-01
   1.4144493e-01
   1.3875301e-01
   1.3643008e-01
   1.3449638e-01
   1.3296656e-01
   1.3184942e-01
   1.3114772e-01
   1.3085823e-01
   1.3097178e-01
   1.3147348e-01
   1.3234306e-01
   1.3355531e-01
   1.3508055e-01
   1.3688530e-01
   1.3893288e-01
   1.4118411e-01
   1.4359805e-01
   1.4613275e-01
   1.4874593e-01
   1.5139569e-01
   1.5404119e-01
   1.5664323e-01
   1.5916481e-01
   1.6157156e-01
   1.6383219e-01
   1.6591877e-01
   1.6780694e-01
   1.6947613e-01
   1.7090954e-01
   1.7209423e-01
   1.7302101e-01
   1.7368430e-01
   1.7408200e-01
   1.7421527e-01
   1.7408822e-01
   1.7370772e-01
   1.7308305e-01
   1.7222563e-01
   1.7114869e-01
   1.6986702e-01
   1.6839663e-01
   1.6675449e-01
   1.6495829e-01
   1.6302620e-01
   1.6097661e-01
   1.5882800e-01
   1.5659870e-01
   1.5430680e-01
   1.5196996e-01
   1.4960535e-01
   1.4722952e-01
