   4.1971773e-03
   4.1171058e-03
   4.0773574e-03
   4.0784352e-03
   4.1206732e-03
   4.2042300e-03
   4.3290829e-03
   4.4950219e-03
   4.7016437e-03
   4.9483472e-03
   5.2343291e-03
   5.5585809e-03
   5.9198875e-03
   6.3168261e-03
   6.7477671e-03
   7.2108755e-03
   7.7041143e-03
   8.2252488e-03
   8.7718528e-03
   9.3413160e-03
   9.9308533e-03
   1.0537515e-02
   1.1158202e-02
   1.1789676e-02
   1.2428579e-02
   1.3071452e-02
   1.3714749e-02
   1.4354867e-02
   1.4988159e-02
   1.5610966e-02
   1.6219637e-02
   1.6810556e-02
   1.7380168e-02
   1.7925008e-02
   1.8441726e-02
   1.8927111e-02
   1.9378123e-02
   1.9791912e-02
   2.0165847e-02
   2.0497536e-02
   2.0784846e-02
   2.1025924e-02
   2.1219211e-02
   2.1363458e-02
   2.1457737e-02
   2.1501447e-02
   2.1494323e-02
   2.1436434e-02
   2.1328186e-02
   2.1170318e-02
   2.0963892e-02
   2.0710285e-02
   2.0411177e-02
   2.0068535e-02
   1.9684596e-02
   1.9261848e-02
   1.8803005e-02
   1.8310987e-02
   1.7788896e-02
   1.7239987e-02
   1.6667645e-02
   1.6075356e-02
   1.5466684e-02
   1.4845240e-02
   1.4214657e-02
   1.3578568e-02
   1.2940579e-02
   1.2304245e-02
   1.1673052e-02
   1.1050391e-02
   1.0439545e-02
   9.8436683e-03
   9.2657732e-03
   8.7087149e-03
   8.1751806e-03
   7.6676793e-03
   7.1885333e-03
   6.7398719e-03
   6.3236256e-03
   5.9415231e-03
   5.5950889e-03
   5.2856427e-03
   5.0142995e-03
   4.7819722e-03
   4.5893739e-03
   4.4370225e-03
   4.3252454e-03
   4.2541843e-03
   4.2238013e-03
   4.2338841e-03
   4.2840507e-03
   4.3737547e-03
   4.5022900e-03
   4.6687959e-03
   4.8722622e-03
   5.1115355e-03
   5.3853252e-03
   5.6922109e-03
   6.0306488e-03
   6.3989797e-03
   6.7954360e-03
   7.2181496e-03
   7.6651592e-03
   8.1344186e-03
   8.6238036e-03
   9.1311208e-03
   9.6541151e-03
   1.0190478e-02
   1.0737857e-02
   1.1293862e-02
   1.1856075e-02
   1.2422060e-02
   1.2989371e-02
   1.3555563e-02
   1.4118195e-02
   1.4674849e-02
   1.5223132e-02
   1.5760686e-02
   1.6285202e-02
   1.6794423e-02
   1.7286160e-02
   1.7758294e-02
   1.8208788e-02
   1.8635697e-02
   1.9037174e-02
   1.9411476e-02
   1.9756978e-02
   2.0072171e-02
   2.0355677e-02
   2.0606250e-02
   2.0822782e-02
   2.1004313e-02
   2.1150026e-02
   2.1259261e-02
   2.1331512e-02
   2.1366432e-02
   2.1363833e-02
   2.1323692e-02
   2.1246145e-02
   2.1131492e-02
   2.0980196e-02
   2.0792876e-02
   2.0570314e-02
   2.0313443e-02
   2.0023349e-02
   1.9701264e-02
   1.9348562e-02
   1.8966753e-02
   1.8557475e-02
   1.8122491e-02
   1.7663677e-02
   1.7183015e-02
   1.6682585e-02
   1.6164557e-02
   1.5631180e-02
   1.5084771e-02
   1.4527708e-02
   1.3962416e-02
   1.3391363e-02
   1.2817041e-02
   1.2241963e-02
   1.1668649e-02
   1.1099616e-02
   1.0537371e-02
   9.9843967e-03
   9.4431434e-03
   8.9160215e-03
   8.4053903e-03
   7.9135496e-03
   7.4427315e-03
   6.9950911e-03
   6.5726990e-03
   6.1775333e-03
   5.8114712e-03
   5.4762824e-03
   5.1736208e-03
   4.9050182e-03
   4.6718770e-03
   4.4754643e-03
   4.3169051e-03
   4.1971773e-03
