   3.5216616e+00
   3.4156297e+00
   3.3056255e+00
   3.1922946e+00
   3.0763098e+00
   2.9583716e+00
   2.8392091e+00
   2.7195783e+00
   2.6002600e+00
   2.4820544e+00
   2.3657745e+00
   2.2522367e+00
   2.1422488e+00
   2.0365960e+00
   1.9360238e+00
   1.8412200e+00
   1.7527937e+00
   1.6712551e+00
   1.5969938e+00
   1.5302592e+00
   1.4711420e+00
   1.4195595e+00
   1.3752455e+00
   1.3377455e+00
   1.3064187e+00
   1.2804478e+00
   1.2588564e+00
   1.2405350e+00
   1.2242744e+00
   1.2088069e+00
   1.1928523e+00
   1.1751683e+00
   1.1546032e+00
   1.1301462e+00
   1.1009759e+00
   1.0665016e+00
   1.0263954e+00
   9.8061398e-01
   9.2940660e-01
   8.7330945e-01
   8.1312548e-01
   7.4989031e-01
   6.8482578e-01
   6.1928311e-01
   5.5467878e-01
   4.9242645e-01
   4.3386873e-01
   3.8021257e-01
   3.3247194e-01
   2.9142111e-01
   2.5756094e-01
   2.3110019e-01
   2.1195265e-01
   1.9975005e-01
   1.9386975e-01
   1.9347496e-01
   1.9756494e-01
   2.0503196e-01
   2.1472182e-01
   2.2549445e-01
   2.3628148e-01
   2.4613746e-01
   2.5428262e-01
   2.6013498e-01
   2.6333090e-01
   2.6373365e-01
   2.6143030e-01
   2.5671780e-01
   2.5007974e-01
   2.4215556e-01
   2.3370424e-01
   2.2556465e-01
   2.1861454e-01
   2.1373030e-01
   2.1174907e-01
   2.1343472e-01
   2.1944882e-01
   2.3032736e-01
   2.4646375e-01
   2.6809796e-01
   2.9531177e-01
   3.2802956e-01
   3.6602407e-01
   4.0892640e-01
   4.5623953e-01
   5.0735457e-01
   5.6156885e-01
   6.1810522e-01
   6.7613181e-01
   7.3478168e-01
   7.9317189e-01
   8.5042150e-01
   9.0566835e-01
   9.5808425e-01
   1.0068885e+00
   1.0513599e+00
   1.0908466e+00
   1.1247745e+00
   1.1526542e+00
   1.1740860e+00
   1.1887635e+00
   1.1964759e+00
   1.1971089e+00
   1.1906448e+00
   1.1771612e+00
   1.1568282e+00
   1.1299063e+00
   1.0967416e+00
   1.0577618e+00
   1.0134707e+00
   9.6444279e-01
   9.1131672e-01
   8.5478924e-01
   7.9560823e-01
   7.3456579e-01
   6.7249114e-01
   6.1024343e-01
   5.4870446e-01
   4.8877139e-01
   4.3134932e-01
   3.7734391e-01
   3.2765383e-01
   2.8316306e-01
   2.4473305e-01
   2.1319465e-01
   1.8933981e-01
   1.7391318e-01
   1.6760362e-01
   1.7103557e-01
   1.8475992e-01
   2.0924449e-01
   2.4486460e-01
   2.9189438e-01
   3.5049887e-01
   4.2072711e-01
   5.0250626e-01
   5.9563709e-01
   6.9979114e-01
   8.1450985e-01
   9.3920586e-01
   1.0731666e+00
   1.2155603e+00
   1.3654447e+00
   1.5217775e+00
   1.6834295e+00
   1.8491996e+00
   2.0178315e+00
   2.1880310e+00
   2.3584850e+00
   2.5278799e+00
   2.6949209e+00
   2.8583494e+00
   3.0169602e+00
   3.1696168e+00
   3.3152650e+00
   3.4529439e+00
   3.5817954e+00
   3.7010702e+00
   3.8101322e+00
   3.9084597e+00
   3.9956451e+00
   4.0713919e+00
   4.1355100e+00
   4.1879097e+00
   4.2285941e+00
   4.2576509e+00
   4.2752436e+00
   4.2816028e+00
   4.2770167e+00
   4.2618231e+00
   4.2364013e+00
   4.2011647e+00
   4.1565555e+00
   4.1030386e+00
   4.0410986e+00
   3.9712363e+00
   3.8939676e+00
   3.8098228e+00
   3.7193467e+00
   3.6231002e+00
   3.5216616e+00
