   6.4486132e-01
   6.3337435e-01
   6.2313748e-01
   6.1419652e-01
   6.0659092e-01
   6.0035377e-01
   5.9551163e-01
   5.9208449e-01
   5.9008571e-01
   5.8952203e-01
   5.9039351e-01
   5.9269356e-01
   5.9640901e-01
   6.0152013e-01
   6.0800074e-01
   6.1581832e-01
   6.2493413e-01
   6.3530341e-01
   6.4687556e-01
   6.5959438e-01
   6.7339829e-01
   6.8822068e-01
   7.0399019e-01
   7.2063107e-01
   7.3806356e-01
   7.5620431e-01
   7.7496680e-01
   7.9426182e-01
   8.1399795e-01
   8.3408202e-01
   8.5441972e-01
   8.7491603e-01
   8.9547583e-01
   9.1600443e-01
   9.3640808e-01
   9.5659457e-01
   9.7647372e-01
   9.9595789e-01
   1.0149625e+00
   1.0334067e+00
   1.0512132e+00
   1.0683096e+00
   1.0846280e+00
   1.1001059e+00
   1.1146859e+00
   1.1283167e+00
   1.1409528e+00
   1.1525547e+00
   1.1630894e+00
   1.1725300e+00
   1.1808561e+00
   1.1880534e+00
   1.1941141e+00
   1.1990363e+00
   1.2028242e+00
   1.2054877e+00
   1.2070422e+00
   1.2075084e+00
   1.2069118e+00
   1.2052825e+00
   1.2026549e+00
   1.1990673e+00
   1.1945613e+00
   1.1891817e+00
   1.1829759e+00
   1.1759936e+00
   1.1682864e+00
   1.1599073e+00
   1.1509105e+00
   1.1413511e+00
   1.1312844e+00
   1.1207662e+00
   1.1098520e+00
   1.0985968e+00
   1.0870552e+00
   1.0752809e+00
   1.0633267e+00
   1.0512444e+00
   1.0390845e+00
   1.0268962e+00
   1.0147274e+00
   1.0026246e+00
   9.9063309e-01
   9.7879660e-01
   9.6715761e-01
   9.5575726e-01
   9.4463543e-01
   9.3383078e-01
   9.2338082e-01
   9.1332194e-01
   9.0368947e-01
   8.9451774e-01
   8.8584009e-01
   8.7768889e-01
   8.7009558e-01
   8.6309062e-01
   8.5670349e-01
   8.5096259e-01
   8.4589524e-01
   8.4152749e-01
   8.3788406e-01
   8.3498817e-01
   8.3286134e-01
   8.3152321e-01
   8.3099132e-01
   8.3128082e-01
   8.3240427e-01
   8.3437130e-01
   8.3718834e-01
   8.4085832e-01
   8.4538032e-01
   8.5074934e-01
   8.5695593e-01
   8.6398594e-01
   8.7182023e-01
   8.8043447e-01
   8.8979887e-01
   8.9987807e-01
   9.1063097e-01
   9.2201071e-01
   9.3396458e-01
   9.4643414e-01
   9.5935531e-01
   9.7265853e-01
   9.8626905e-01
   1.0001072e+00
   1.0140890e+00
   1.0281263e+00
   1.0421275e+00
   1.0559984e+00
   1.0696425e+00
   1.0829618e+00
   1.0958578e+00
   1.1082323e+00
   1.1199879e+00
   1.1310291e+00
   1.1412634e+00
   1.1506018e+00
   1.1589599e+00
   1.1662583e+00
   1.1724242e+00
   1.1773912e+00
   1.1811007e+00
   1.1835021e+00
   1.1845533e+00
   1.1842216e+00
   1.1824834e+00
   1.1793250e+00
   1.1747423e+00
   1.1687413e+00
   1.1613377e+00
   1.1525570e+00
   1.1424341e+00
   1.1310130e+00
   1.1183466e+00
   1.1044960e+00
   1.0895300e+00
   1.0735247e+00
   1.0565627e+00
   1.0387322e+00
   1.0201270e+00
   1.0008448e+00
   9.8098741e-01
   9.6065931e-01
   9.3996729e-01
   9.1901958e-01
   8.9792520e-01
   8.7679327e-01
   8.5573232e-01
   8.3484972e-01
   8.1425107e-01
   7.9403966e-01
   7.7431593e-01
   7.5517703e-01
   7.3671635e-01
   7.1902318e-01
   7.0218226e-01
   6.8627352e-01
   6.7137178e-01
   6.5754645e-01
   6.4486132e-01
