   1.6204306e-01
   1.6006745e-01
   1.5812349e-01
   1.5622392e-01
   1.5438073e-01
   1.5260516e-01
   1.5090761e-01
   1.4929760e-01
   1.4778381e-01
   1.4637395e-01
   1.4507485e-01
   1.4389237e-01
   1.4283145e-01
   1.4189607e-01
   1.4108929e-01
   1.4041321e-01
   1.3986904e-01
   1.3945708e-01
   1.3917675e-01
   1.3902661e-01
   1.3900443e-01
   1.3910719e-01
   1.3933110e-01
   1.3967173e-01
   1.4012398e-01
   1.4068218e-01
   1.4134013e-01
   1.4209118e-01
   1.4292830e-01
   1.4384413e-01
   1.4483108e-01
   1.4588142e-01
   1.4698729e-01
   1.4814086e-01
   1.4933436e-01
   1.5056015e-01
   1.5181084e-01
   1.5307929e-01
   1.5435877e-01
   1.5564291e-01
   1.5692585e-01
   1.5820224e-01
   1.5946730e-01
   1.6071685e-01
   1.6194733e-01
   1.6315586e-01
   1.6434018e-01
   1.6549873e-01
   1.6663060e-01
   1.6773554e-01
   1.6881392e-01
   1.6986675e-01
   1.7089561e-01
   1.7190260e-01
   1.7289037e-01
   1.7386197e-01
   1.7482091e-01
   1.7577101e-01
   1.7671639e-01
   1.7766143e-01
   1.7861065e-01
   1.7956871e-01
   1.8054028e-01
   1.8153006e-01
   1.8254263e-01
   1.8358247e-01
   1.8465382e-01
   1.8576068e-01
   1.8690674e-01
   1.8809530e-01
   1.8932922e-01
   1.9061091e-01
   1.9194222e-01
   1.9332443e-01
   1.9475819e-01
   1.9624350e-01
   1.9777965e-01
   1.9936516e-01
   2.0099782e-01
   2.0267458e-01
   2.0439159e-01
   2.0614413e-01
   2.0792664e-01
   2.0973268e-01
   2.1155492e-01
   2.1338519e-01
   2.1521444e-01
   2.1703279e-01
   2.1882958e-01
   2.2059334e-01
   2.2231195e-01
   2.2397260e-01
   2.2556194e-01
   2.2706616e-01
   2.2847106e-01
   2.2976223e-01
   2.3092515e-01
   2.3194535e-01
   2.3280858e-01
   2.3350098e-01
   2.3400931e-01
   2.3432108e-01
   2.3442484e-01
   2.3431032e-01
   2.3396871e-01
   2.3339284e-01
   2.3257739e-01
   2.3151908e-01
   2.3021689e-01
   2.2867219e-01
   2.2688887e-01
   2.2487349e-01
   2.2263530e-01
   2.2018633e-01
   2.1754134e-01
   2.1471776e-01
   2.1173564e-01
   2.0861744e-01
   2.0538785e-01
   2.0207356e-01
   1.9870291e-01
   1.9530560e-01
   1.9191228e-01
   1.8855411e-01
   1.8526240e-01
   1.8206805e-01
   1.7900115e-01
   1.7609048e-01
   1.7336309e-01
   1.7084379e-01
   1.6855482e-01
   1.6651542e-01
   1.6474154e-01
   1.6324557e-01
   1.6203613e-01
   1.6111793e-01
   1.6049171e-01
   1.6015422e-01
   1.6009834e-01
   1.6031319e-01
   1.6078433e-01
   1.6149409e-01
   1.6242181e-01
   1.6354429e-01
   1.6483617e-01
   1.6627036e-01
   1.6781849e-01
   1.6945141e-01
   1.7113963e-01
   1.7285377e-01
   1.7456501e-01
   1.7624549e-01
   1.7786867e-01
   1.7940970e-01
   1.8084565e-01
   1.8215582e-01
   1.8332189e-01
   1.8432809e-01
   1.8516125e-01
   1.8581093e-01
   1.8626933e-01
   1.8653133e-01
   1.8659437e-01
   1.8645836e-01
   1.8612554e-01
   1.8560032e-01
   1.8488911e-01
   1.8400011e-01
   1.8294315e-01
   1.8172942e-01
   1.8037133e-01
   1.7888226e-01
   1.7727638e-01
   1.7556847e-01
   1.7377371e-01
   1.7190751e-01
   1.6998540e-01
   1.6802281e-01
   1.6603500e-01
   1.6403691e-01
   1.6204306e-01
