   1.1055134e+00
   1.0071943e+00
   9.1207854e-01
   8.2067301e-01
   7.3349332e-01
   6.5106518e-01
   5.7392500e-01
   5.0261996e-01
   4.3770708e-01
   3.7975132e-01
   3.2932242e-01
   2.8699035e-01
   2.5331925e-01
   2.2885989e-01
   2.1414040e-01
   2.0965517e-01
   2.1585187e-01
   2.3311708e-01
   2.6176130e-01
   3.0200377e-01
   3.5395727e-01
   4.1761293e-01
   4.9282582e-01
   5.7930174e-01
   6.7658626e-01
   7.8405647e-01
   9.0091609e-01
   1.0261946e+00
   1.1587504e+00
   1.2972795e+00
   1.4403275e+00
   1.5863083e+00
   1.7335259e+00
   1.8802013e+00
   2.0245028e+00
   2.1645795e+00
   2.2985961e+00
   2.4247696e+00
   2.5414056e+00
   2.6469326e+00
   2.7399348e+00
   2.8191813e+00
   2.8836499e+00
   2.9325471e+00
   2.9653211e+00
   2.9816694e+00
   2.9815396e+00
   2.9651243e+00
   2.9328500e+00
   2.8853611e+00
   2.8234990e+00
   2.7482776e+00
   2.6608567e+00
   2.5625128e+00
   2.4546102e+00
   2.3385715e+00
   2.2158504e+00
   2.0879049e+00
   1.9561743e+00
   1.8220583e+00
   1.6868996e+00
   1.5519692e+00
   1.4184562e+00
   1.2874588e+00
   1.1599803e+00
   1.0369255e+00
   9.1910090e-01
   8.0721566e-01
   7.0188450e-01
   6.0363125e-01
   5.1289328e-01
   4.3002626e-01
   3.5530900e-01
   2.8894831e-01
   2.3108362e-01
   1.8179127e-01
   1.4108851e-01
   1.0893741e-01
   8.5249412e-02
   6.9891794e-02
   6.2694968e-02
   6.3451877e-02
   7.1906710e-02
   8.7753235e-02
   1.1064803e-01
   1.4022008e-01
   1.7607296e-01
   2.1778542e-01
   2.6491295e-01
   3.1699021e-01
   3.7353409e-01
   4.3404706e-01
   4.9802086e-01
   5.6494036e-01
   6.3428775e-01
   7.0554701e-01
   7.7820852e-01
   8.5177398e-01
   9.2576151e-01
   9.9971079e-01
   1.0731884e+00
   1.1457931e+00
   1.2171608e+00
   1.2869695e+00
   1.3549436e+00
   1.4208580e+00
   1.4845412e+00
   1.5458776e+00
   1.6048085e+00
   1.6613330e+00
   1.7155062e+00
   1.7674372e+00
   1.8172849e+00
   1.8652537e+00
   1.9115863e+00
   1.9565565e+00
   2.0004609e+00
   2.0436092e+00
   2.0863150e+00
   2.1288851e+00
   2.1716105e+00
   2.2147567e+00
   2.2585550e+00
   2.3031954e+00
   2.3488203e+00
   2.3955198e+00
   2.4433291e+00
   2.4922270e+00
   2.5421365e+00
   2.5929270e+00
   2.6444179e+00
   2.6963830e+00
   2.7485567e+00
   2.8006401e+00
   2.8523076e+00
   2.9032138e+00
   2.9530000e+00
   3.0013001e+00
   3.0477462e+00
   3.0919730e+00
   3.1336221e+00
   3.1723446e+00
   3.2078037e+00
   3.2396764e+00
   3.2676548e+00
   3.2914471e+00
   3.3107782e+00
   3.3253910e+00
   3.3350467e+00
   3.3395266e+00
   3.3386331e+00
   3.3321919e+00
   3.3200536e+00
   3.3020964e+00
   3.2782281e+00
   3.2483889e+00
   3.2125532e+00
   3.1707320e+00
   3.1229744e+00
   3.0693687e+00
   3.0100434e+00
   2.9451666e+00
   2.8749457e+00
   2.7996262e+00
   2.7194897e+00
   2.6348511e+00
   2.5460566e+00
   2.4534795e+00
   2.3575172e+00
   2.2585880e+00
   2.1571268e+00
   2.0535824e+00
   1.9484141e+00
   1.8420890e+00
   1.7350798e+00
   1.6278631e+00
   1.5209182e+00
   1.4147262e+00
   1.3097705e+00
   1.2065366e+00
   1.1055134e+00
