   4.2383530e+00
   4.1918787e+00
   4.1417467e+00
   4.0882475e+00
   4.0316588e+00
   3.9722443e+00
   3.9102531e+00
   3.8459189e+00
   3.7794592e+00
   3.7110751e+00
   3.6409507e+00
   3.5692523e+00
   3.4961288e+00
   3.4217110e+00
   3.3461118e+00
   3.2694272e+00
   3.1917360e+00
   3.1131019e+00
   3.0335744e+00
   2.9531912e+00
   2.8719811e+00
   2.7899666e+00
   2.7071682e+00
   2.6236086e+00
   2.5393171e+00
   2.4543351e+00
   2.3687213e+00
   2.2825571e+00
   2.1959516e+00
   2.1090470e+00
   2.0220221e+00
   1.9350965e+00
   1.8485325e+00
   1.7626365e+00
   1.6777583e+00
   1.5942895e+00
   1.5126597e+00
   1.4333310e+00
   1.3567913e+00
   1.2835459e+00
   1.2141070e+00
   1.1489836e+00
   1.0886698e+00
   1.0336324e+00
   9.8429980e-01
   9.4105009e-01
   9.0420106e-01
   8.7400094e-01
   8.5062111e-01
   8.3415058e-01
   8.2459280e-01
   8.2186466e-01
   8.2579787e-01
   8.3614261e-01
   8.5257335e-01
   8.7469652e-01
   9.0205981e-01
   9.3416273e-01
   9.7046805e-01
   1.0104137e+00
   1.0534247e+00
   1.0989250e+00
   1.1463482e+00
   1.1951480e+00
   1.2448069e+00
   1.2948435e+00
   1.3448190e+00
   1.3943409e+00
   1.4430668e+00
   1.4907047e+00
   1.5370137e+00
   1.5818024e+00
   1.6249262e+00
   1.6662843e+00
   1.7058151e+00
   1.7434916e+00
   1.7793163e+00
   1.8133158e+00
   1.8455356e+00
   1.8760342e+00
   1.9048786e+00
   1.9321390e+00
   1.9578845e+00
   1.9821788e+00
   2.0050767e+00
   2.0266210e+00
   2.0468392e+00
   2.0657419e+00
   2.0833207e+00
   2.0995471e+00
   2.1143712e+00
   2.1277219e+00
   2.1395066e+00
   2.1496117e+00
   2.1579038e+00
   2.1642310e+00
   2.1684248e+00
   2.1703026e+00
   2.1696703e+00
   2.1663260e+00
   2.1600639e+00
   2.1506782e+00
   2.1379686e+00
   2.1217454e+00
   2.1018349e+00
   2.0780863e+00
   2.0503774e+00
   2.0186216e+00
   1.9827747e+00
   1.9428410e+00
   1.8988804e+00
   1.8510143e+00
   1.7994304e+00
   1.7443882e+00
   1.6862222e+00
   1.6253442e+00
   1.5622449e+00
   1.4974926e+00
   1.4317315e+00
   1.3656773e+00
   1.3001110e+00
   1.2358712e+00
   1.1738440e+00
   1.1149511e+00
   1.0601366e+00
   1.0103523e+00
   9.6654123e-01
   9.2962146e-01
   9.0046851e-01
   8.7989837e-01
   8.6865067e-01
   8.6737294e-01
   8.7660612e-01
   8.9677186e-01
   9.2816203e-01
   9.7093064e-01
   1.0250886e+00
   1.0905010e+00
   1.1668883e+00
   1.2538292e+00
   1.3507674e+00
   1.4570208e+00
   1.5717929e+00
   1.6941866e+00
   1.8232198e+00
   1.9578420e+00
   2.0969521e+00
   2.2394162e+00
   2.3840859e+00
   2.5298158e+00
   2.6754799e+00
   2.8199873e+00
   2.9622959e+00
   3.1014249e+00
   3.2364646e+00
   3.3665852e+00
   3.4910423e+00
   3.6091821e+00
   3.7204425e+00
   3.8243545e+00
   3.9205405e+00
   4.0087117e+00
   4.0886642e+00
   4.1602740e+00
   4.2234913e+00
   4.2783340e+00
   4.3248810e+00
   4.3632652e+00
   4.3936667e+00
   4.4163054e+00
   4.4314352e+00
   4.4393367e+00
   4.4403124e+00
   4.4346807e+00
   4.4227710e+00
   4.4049198e+00
   4.3814665e+00
   4.3527501e+00
   4.3191068e+00
   4.2808668e+00
   4.2383530e+00
