   1.3165703e+00
   1.3136666e+00
   1.3102621e+00
   1.3063709e+00
   1.3020059e+00
   1.2971788e+00
   1.2918996e+00
   1.2861773e+00
   1.2800194e+00
   1.2734323e+00
   1.2664210e+00
   1.2589895e+00
   1.2511410e+00
   1.2428776e+00
   1.2342008e+00
   1.2251113e+00
   1.2156098e+00
   1.2056965e+00
   1.1953715e+00
   1.1846352e+00
   1.1734882e+00
   1.1619316e+00
   1.1499671e+00
   1.1375976e+00
   1.1248266e+00
   1.1116590e+00
   1.0981012e+00
   1.0841608e+00
   1.0698472e+00
   1.0551715e+00
   1.0401467e+00
   1.0247875e+00
   1.0091106e+00
   9.9313475e-01
   9.7688053e-01
   9.6037049e-01
   9.4362901e-01
   9.2668231e-01
   9.0955825e-01
   8.9228627e-01
   8.7489722e-01
   8.5742322e-01
   8.3989741e-01
   8.2235382e-01
   8.0482713e-01
   7.8735244e-01
   7.6996503e-01
   7.5270014e-01
   7.3559272e-01
   7.1867722e-01
   7.0198730e-01
   6.8555568e-01
   6.6941386e-01
   6.5359194e-01
   6.3811846e-01
   6.2302021e-01
   6.0832205e-01
   5.9404684e-01
   5.8021529e-01
   5.6684589e-01
   5.5395484e-01
   5.4155602e-01
   5.2966095e-01
   5.1827884e-01
   5.0741657e-01
   4.9707875e-01
   4.8726780e-01
   4.7798400e-01
   4.6922563e-01
   4.6098905e-01
   4.5326885e-01
   4.4605795e-01
   4.3934778e-01
   4.3312841e-01
   4.2738874e-01
   4.2211662e-01
   4.1729903e-01
   4.1292226e-01
   4.0897206e-01
   4.0543383e-01
   4.0229276e-01
   3.9953398e-01
   3.9714276e-01
   3.9510463e-01
   3.9340555e-01
   3.9203203e-01
   3.9097131e-01
   3.9021145e-01
   3.8974148e-01
   3.8955153e-01
   3.8963293e-01
   3.8997830e-01
   3.9058169e-01
   3.9143866e-01
   3.9254632e-01
   3.9390345e-01
   3.9551055e-01
   3.9736986e-01
   3.9948542e-01
   4.0186308e-01
   4.0451053e-01
   4.0743722e-01
   4.1065442e-01
   4.1417507e-01
   4.1801379e-01
   4.2218673e-01
   4.2671150e-01
   4.3160696e-01
   4.3689311e-01
   4.4259090e-01
   4.4872194e-01
   4.5530837e-01
   4.6237250e-01
   4.6993658e-01
   4.7802247e-01
   4.8665135e-01
   4.9584334e-01
   5.0561721e-01
   5.1599000e-01
   5.2697665e-01
   5.3858973e-01
   5.5083901e-01
   5.6373121e-01
   5.7726966e-01
   5.9145404e-01
   6.0628013e-01
   6.2173962e-01
   6.3781991e-01
   6.5450403e-01
   6.7177055e-01
   6.8959354e-01
   7.0794265e-01
   7.2678318e-01
   7.4607621e-01
   7.6577885e-01
   7.8584443e-01
   8.0622288e-01
   8.2686102e-01
   8.4770301e-01
   8.6869074e-01
   8.8976431e-01
   9.1086254e-01
   9.3192341e-01
   9.5288466e-01
   9.7368424e-01
   9.9426084e-01
   1.0145544e+00
   1.0345065e+00
   1.0540610e+00
   1.0731643e+00
   1.0917656e+00
   1.1098177e+00
   1.1272766e+00
   1.1441025e+00
   1.1602592e+00
   1.1757150e+00
   1.1904422e+00
   1.2044175e+00
   1.2176218e+00
   1.2300401e+00
   1.2416615e+00
   1.2524793e+00
   1.2624901e+00
   1.2716943e+00
   1.2800956e+00
   1.2877007e+00
   1.2945190e+00
   1.3005623e+00
   1.3058447e+00
   1.3103819e+00
   1.3141914e+00
   1.3172915e+00
   1.3197019e+00
   1.3214425e+00
   1.3225338e+00
   1.3229963e+00
   1.3228503e+00
   1.3221158e+00
   1.3208120e+00
   1.3189576e+00
   1.3165703e+00
