   6.1275409e-01
   4.0900195e-01
   2.4867715e-01
   1.3155821e-01
   5.6953773e-02
   2.3811059e-02
   3.1488458e-02
   7.7657538e-02
   1.6021068e-01
   2.7712344e-01
   4.2608163e-01
   6.0460890e-01
   8.1012940e-01
   1.0400127e+00
   1.2916129e+00
   1.5623041e+00
   1.8495109e+00
   2.1507352e+00
   2.4635768e+00
   2.7857484e+00
   3.1150839e+00
   3.4495402e+00
   3.7871922e+00
   4.1262218e+00
   4.4649009e+00
   4.8015708e+00
   5.1346175e+00
   5.4624472e+00
   5.7834615e+00
   6.0960368e+00
   6.3985080e+00
   6.6891598e+00
   6.9662273e+00
   7.2279057e+00
   7.4723712e+00
   7.6978127e+00
   7.9024716e+00
   8.0846906e+00
   8.2429669e+00
   8.3760071e+00
   8.4827810e+00
   8.5625700e+00
   8.6150055e+00
   8.6400958e+00
   8.6382372e+00
   8.6102080e+00
   8.5571446e+00
   8.4804998e+00
   8.3819853e+00
   8.2635004e+00
   8.1270519e+00
   7.9746675e+00
   7.8083108e+00
   7.6298001e+00
   7.4407380e+00
   7.2424552e+00
   7.0359728e+00
   6.8219850e+00
   6.6008645e+00
   6.3726888e+00
   6.1372884e+00
   5.8943113e+00
   5.6433033e+00
   5.3837969e+00
   5.1154050e+00
   4.8379145e+00
   4.5513731e+00
   4.2561663e+00
   3.9530793e+00
   3.6433404e+00
   3.3286443e+00
   3.0111541e+00
   2.6934800e+00
   2.3786382e+00
   2.0699893e+00
   1.7711605e+00
   1.4859531e+00
   1.2182405e+00
   9.7185848e-01
   7.5049401e-01
   5.5757358e-01
   3.9615627e-01
   2.6883374e-01
   1.7764481e-01
   1.2403677e-01
   1.0890542e-01
   1.3243100e-01
   1.9380748e-01
   2.9151121e-01
   4.2340756e-01
   5.8670884e-01
   7.7800467e-01
   9.9333534e-01
   1.2282849e+00
   1.4780882e+00
   1.7377499e+00
   2.0021722e+00
   2.2662904e+00
   2.5252101e+00
   2.7743452e+00
   3.0095507e+00
   3.2272473e+00
   3.4245325e+00
   3.5992753e+00
   3.7501886e+00
   3.8768771e+00
   3.9798576e+00
   4.0605482e+00
   4.1212264e+00
   4.1649555e+00
   4.1954810e+00
   4.2170982e+00
   4.2344979e+00
   4.2525919e+00
   4.2763289e+00
   4.3105049e+00
   4.3595785e+00
   4.4274990e+00
   4.5175549e+00
   4.6322513e+00
   4.7732212e+00
   4.9411769e+00
   5.1359032e+00
   5.3562924e+00
   5.6004207e+00
   5.8656597e+00
   6.1488185e+00
   6.4463061e+00
   6.7543059e+00
   7.0689514e+00
   7.3864927e+00
   7.7034431e+00
   8.0166991e+00
   8.3236254e+00
   8.6221013e+00
   8.9105270e+00
   9.1877906e+00
   9.4531993e+00
   9.7063817e+00
   9.9471684e+00
   1.0175461e+01
   1.0391097e+01
   1.0593730e+01
   1.0782712e+01
   1.0957021e+01
   1.1115203e+01
   1.1255353e+01
   1.1375141e+01
   1.1471857e+01
   1.1542505e+01
   1.1583908e+01
   1.1592842e+01
   1.1566184e+01
   1.1501053e+01
   1.1394956e+01
   1.1245924e+01
   1.1052619e+01
   1.0814427e+01
   1.0531525e+01
   1.0204908e+01
   9.8363980e+00
   9.4286208e+00
   8.9849520e+00
   8.5094460e+00
   8.0067429e+00
   7.4819621e+00
   6.9405866e+00
   6.3883420e+00
   5.8310754e+00
   5.2746385e+00
   4.7247767e+00
   4.1870288e+00
   3.6666384e+00
   3.1684777e+00
   2.6969860e+00
   2.2561215e+00
   1.8493268e+00
   1.4795072e+00
   1.1490205e+00
   8.5967819e-01
   6.1275409e-01
