   1.0462000e+00
   1.0352619e+00
   1.0223403e+00
   1.0075441e+00
   9.9098737e-01
   9.7278847e-01
   9.5306915e-01
   9.3195342e-01
   9.0956679e-01
   8.8603541e-01
   8.6148533e-01
   8.3604182e-01
   8.0982879e-01
   7.8296820e-01
   7.5557963e-01
   7.2777978e-01
   6.9968212e-01
   6.7139654e-01
   6.4302905e-01
   6.1468154e-01
   5.8645149e-01
   5.5843181e-01
   5.3071064e-01
   5.0337117e-01
   4.7649156e-01
   4.5014474e-01
   4.2439837e-01
   3.9931471e-01
   3.7495060e-01
   3.5135734e-01
   3.2858075e-01
   3.0666110e-01
   2.8563316e-01
   2.6552622e-01
   2.4636420e-01
   2.2816572e-01
   2.1094422e-01
   1.9470816e-01
   1.7946115e-01
   1.6520222e-01
   1.5192602e-01
   1.3962314e-01
   1.2828033e-01
   1.1788086e-01
   1.0840486e-01
   9.9829601e-02
   9.2129897e-02
   8.5278423e-02
   7.9246071e-02
   7.4002294e-02
   6.9515433e-02
   6.5753033e-02
   6.2682141e-02
   6.0269584e-02
   5.8482219e-02
   5.7287158e-02
   5.6651967e-02
   5.6544838e-02
   5.6934733e-02
   5.7791494e-02
   5.9085938e-02
   6.0789920e-02
   6.2876376e-02
   6.5319349e-02
   6.8093990e-02
   7.1176555e-02
   7.4544380e-02
   7.8175851e-02
   8.2050370e-02
   8.6148305e-02
   9.0450940e-02
   9.4940430e-02
   9.9599735e-02
   1.0441257e-01
   1.0936333e-01
   1.1443704e-01
   1.1961926e-01
   1.2489605e-01
   1.3025382e-01
   1.3567931e-01
   1.4115941e-01
   1.4668111e-01
   1.5223135e-01
   1.5779688e-01
   1.6336409e-01
   1.6891890e-01
   1.7444656e-01
   1.7993147e-01
   1.8535702e-01
   1.9070541e-01
   1.9595745e-01
   2.0109246e-01
   2.0608807e-01
   2.1092012e-01
   2.1556259e-01
   2.1998754e-01
   2.2416512e-01
   2.2806362e-01
   2.3164962e-01
   2.3488816e-01
   2.3774300e-01
   2.4017702e-01
   2.4215264e-01
   2.4363236e-01
   2.4457935e-01
   2.4495821e-01
   2.4473572e-01
   2.4388173e-01
   2.4237006e-01
   2.4017951e-01
   2.3729487e-01
   2.3370791e-01
   2.2941847e-01
   2.2443541e-01
   2.1877753e-01
   2.1247449e-01
   2.0556752e-01
   1.9811002e-01
   1.9016803e-01
   1.8182049e-01
   1.7315927e-01
   1.6428899e-01
   1.5532659e-01
   1.4640062e-01
   1.3765031e-01
   1.2922435e-01
   1.2127936e-01
   1.1397824e-01
   1.0748817e-01
   1.0197848e-01
   9.7618344e-02
   9.4574337e-02
   9.3007904e-02
   9.3072795e-02
   9.4912503e-02
   9.8657758e-02
   1.0442414e-01
   1.1230985e-01
   1.2239369e-01
   1.3473332e-01
   1.4936376e-01
   1.6629632e-01
   1.8551771e-01
   2.0698974e-01
   2.3064920e-01
   2.5640826e-01
   2.8415516e-01
   3.1375537e-01
   3.4505299e-01
   3.7787251e-01
   4.1202087e-01
   4.4728975e-01
   4.8345801e-01
   5.2029436e-01
   5.5756009e-01
   5.9501183e-01
   6.3240436e-01
   6.6949335e-01
   7.0603798e-01
   7.4180354e-01
   7.7656371e-01
   8.1010280e-01
   8.4221764e-01
   8.7271933e-01
   9.0143464e-01
   9.2820726e-01
   9.5289867e-01
   9.7538882e-01
   9.9557651e-01
   1.0133796e+00
   1.0287348e+00
   1.0415976e+00
   1.0519415e+00
   1.0597577e+00
   1.0650538e+00
   1.0678536e+00
   1.0681953e+00
   1.0661309e+00
   1.0617247e+00
   1.0550525e+00
   1.0462000e+00
