   1.0195003e-06
   1.0190910e-06
   1.0191339e-06
   1.0196308e-06
   1.0205812e-06
   1.0219826e-06
   1.0238296e-06
   1.0261149e-06
   1.0288285e-06
   1.0319585e-06
   1.0354904e-06
   1.0394075e-06
   1.0436913e-06
   1.0483208e-06
   1.0532735e-06
   1.0585246e-06
   1.0640480e-06
   1.0698158e-06
   1.0757987e-06
   1.0819661e-06
   1.0882862e-06
   1.0947264e-06
   1.1012533e-06
   1.1078328e-06
   1.1144304e-06
   1.1210115e-06
   1.1275414e-06
   1.1339855e-06
   1.1403096e-06
   1.1464801e-06
   1.1524642e-06
   1.1582298e-06
   1.1637461e-06
   1.1689836e-06
   1.1739140e-06
   1.1785109e-06
   1.1827496e-06
   1.1866071e-06
   1.1900626e-06
   1.1930976e-06
   1.1956955e-06
   1.1978424e-06
   1.1995266e-06
   1.2007391e-06
   1.2014731e-06
   1.2017248e-06
   1.2014928e-06
   1.2007784e-06
   1.1995853e-06
   1.1979202e-06
   1.1957919e-06
   1.1932121e-06
   1.1901946e-06
   1.1867557e-06
   1.1829140e-06
   1.1786902e-06
   1.1741071e-06
   1.1691893e-06
   1.1639631e-06
   1.1584567e-06
   1.1526994e-06
   1.1467221e-06
   1.1405566e-06
   1.1342357e-06
   1.1277930e-06
   1.1212624e-06
   1.1146786e-06
   1.1080760e-06
   1.1014894e-06
   1.0949530e-06
   1.0885009e-06
   1.0821666e-06
   1.0759825e-06
   1.0699804e-06
   1.0641910e-06
   1.0586434e-06
   1.0533655e-06
   1.0483837e-06
   1.0437226e-06
   1.0394048e-06
   1.0354513e-06
   1.0318809e-06
   1.0287103e-06
   1.0259539e-06
   1.0236241e-06
   1.0217307e-06
   1.0202815e-06
   1.0192817e-06
   1.0187344e-06
   1.0186401e-06
   1.0189973e-06
   1.0198018e-06
   1.0210477e-06
   1.0227266e-06
   1.0248280e-06
   1.0273396e-06
   1.0302470e-06
   1.0335340e-06
   1.0371828e-06
   1.0411739e-06
   1.0454863e-06
   1.0500979e-06
   1.0549850e-06
   1.0601230e-06
   1.0654866e-06
   1.0710492e-06
   1.0767839e-06
   1.0826631e-06
   1.0886589e-06
   1.0947431e-06
   1.1008873e-06
   1.1070633e-06
   1.1132428e-06
   1.1193979e-06
   1.1255010e-06
   1.1315250e-06
   1.1374434e-06
   1.1432304e-06
   1.1488609e-06
   1.1543107e-06
   1.1595567e-06
   1.1645767e-06
   1.1693496e-06
   1.1738555e-06
   1.1780757e-06
   1.1819928e-06
   1.1855909e-06
   1.1888552e-06
   1.1917725e-06
   1.1943310e-06
   1.1965204e-06
   1.1983318e-06
   1.1997581e-06
   1.2007934e-06
   1.2014337e-06
   1.2016764e-06
   1.2015204e-06
   1.2009664e-06
   1.2000164e-06
   1.1986743e-06
   1.1969453e-06
   1.1948364e-06
   1.1923559e-06
   1.1895139e-06
   1.1863216e-06
   1.1827922e-06
   1.1789399e-06
   1.1747805e-06
   1.1703311e-06
   1.1656103e-06
   1.1606376e-06
   1.1554341e-06
   1.1500217e-06
   1.1444235e-06
   1.1386637e-06
   1.1327673e-06
   1.1267600e-06
   1.1206685e-06
   1.1145198e-06
   1.1083416e-06
   1.1021620e-06
   1.0960094e-06
   1.0899121e-06
   1.0838987e-06
   1.0779977e-06
   1.0722371e-06
   1.0666448e-06
   1.0612481e-06
   1.0560735e-06
   1.0511470e-06
   1.0464933e-06
   1.0421363e-06
   1.0380985e-06
   1.0344013e-06
   1.0310643e-06
   1.0281058e-06
   1.0255422e-06
   1.0233882e-06
   1.0216564e-06
   1.0203576e-06
   1.0195003e-06
