   5.0870999e-02
   4.5879322e-02
   4.1749064e-02
   3.8506001e-02
   3.6174277e-02
   3.4776242e-02
   3.4332241e-02
   3.4860380e-02
   3.6376240e-02
   3.8892571e-02
   4.2418943e-02
   4.6961369e-02
   5.2521907e-02
   5.9098245e-02
   6.6683272e-02
   7.5264661e-02
   8.4824453e-02
   9.5338659e-02
   1.0677690e-01
   1.1910208e-01
   1.3227012e-01
   1.4622974e-01
   1.6092234e-01
   1.7628194e-01
   1.9223524e-01
   2.0870175e-01
   2.2559410e-01
   2.4281836e-01
   2.6027457e-01
   2.7785739e-01
   2.9545676e-01
   3.1295882e-01
   3.3024683e-01
   3.4720224e-01
   3.6370582e-01
   3.7963886e-01
   3.9488442e-01
   4.0932865e-01
   4.2286202e-01
   4.3538064e-01
   4.4678751e-01
   4.5699367e-01
   4.6591933e-01
   4.7349485e-01
   4.7966163e-01
   4.8437284e-01
   4.8759399e-01
   4.8930336e-01
   4.8949226e-01
   4.8816505e-01
   4.8533908e-01
   4.8104437e-01
   4.7532316e-01
   4.6822930e-01
   4.5982750e-01
   4.5019244e-01
   4.3940778e-01
   4.2756506e-01
   4.1476256e-01
   4.0110408e-01
   3.8669773e-01
   3.7165469e-01
   3.5608801e-01
   3.4011140e-01
   3.2383812e-01
   3.0737991e-01
   2.9084603e-01
   2.7434234e-01
   2.5797055e-01
   2.4182750e-01
   2.2600460e-01
   2.1058734e-01
   1.9565498e-01
   1.8128021e-01
   1.6752909e-01
   1.5446088e-01
   1.4212812e-01
   1.3057670e-01
   1.1984604e-01
   1.0996925e-01
   1.0097346e-01
   9.2880076e-02
   8.5705125e-02
   7.9459613e-02
   7.4149880e-02
   6.9777978e-02
   6.6342026e-02
   6.3836572e-02
   6.2252921e-02
   6.1579440e-02
   6.1801845e-02
   6.2903454e-02
   6.4865418e-02
   6.7666943e-02
   7.1285475e-02
   7.5696875e-02
   8.0875566e-02
   8.6794648e-02
   9.3425992e-02
   1.0074030e-01
   1.0870716e-01
   1.1729506e-01
   1.2647137e-01
   1.3620237e-01
   1.4645322e-01
   1.5718788e-01
   1.6836915e-01
   1.7995855e-01
   1.9191634e-01
   2.0420146e-01
   2.1677146e-01
   2.2958254e-01
   2.4258947e-01
   2.5574565e-01
   2.6900304e-01
   2.8231229e-01
   2.9562270e-01
   3.0888239e-01
   3.2203832e-01
   3.3503646e-01
   3.4782198e-01
   3.6033938e-01
   3.7253276e-01
   3.8434606e-01
   3.9572338e-01
   4.0660923e-01
   4.1694894e-01
   4.2668903e-01
   4.3577757e-01
   4.4416460e-01
   4.5180260e-01
   4.5864685e-01
   4.6465593e-01
   4.6979209e-01
   4.7402168e-01
   4.7731553e-01
   4.7964933e-01
   4.8100388e-01
   4.8136541e-01
   4.8072579e-01
   4.7908268e-01
   4.7643962e-01
   4.7280607e-01
   4.6819739e-01
   4.6263472e-01
   4.5614480e-01
   4.4875977e-01
   4.4051686e-01
   4.3145806e-01
   4.2162973e-01
   4.1108212e-01
   3.9986900e-01
   3.8804708e-01
   3.7567558e-01
   3.6281570e-01
   3.4953010e-01
   3.3588247e-01
   3.2193701e-01
   3.0775800e-01
   2.9340942e-01
   2.7895458e-01
   2.6445576e-01
   2.4997395e-01
   2.3556865e-01
   2.2129762e-01
   2.0721676e-01
   1.9338004e-01
   1.7983939e-01
   1.6664471e-01
   1.5384388e-01
   1.4148277e-01
   1.2960531e-01
   1.1825359e-01
   1.0746792e-01
   9.7286916e-02
   8.7747615e-02
   7.8885546e-02
   7.0734803e-02
   6.3328103e-02
   5.6696822e-02
   5.0870999e-02
