   2.0821793e+00
   1.9249477e+00
   1.7832543e+00
   1.6584164e+00
   1.5515674e+00
   1.4636491e+00
   1.3954047e+00
   1.3473747e+00
   1.3198948e+00
   1.3130945e+00
   1.3268985e+00
   1.3610296e+00
   1.4150127e+00
   1.4881808e+00
   1.5796822e+00
   1.6884893e+00
   1.8134080e+00
   1.9530894e+00
   2.1060414e+00
   2.2706432e+00
   2.4451590e+00
   2.6277548e+00
   2.8165145e+00
   3.0094583e+00
   3.2045613e+00
   3.3997732e+00
   3.5930384e+00
   3.7823177e+00
   3.9656091e+00
   4.1409706e+00
   4.3065423e+00
   4.4605690e+00
   4.6014222e+00
   4.7276224e+00
   4.8378596e+00
   4.9310133e+00
   5.0061703e+00
   5.0626397e+00
   5.0999655e+00
   5.1179357e+00
   5.1165860e+00
   5.0962005e+00
   5.0573057e+00
   5.0006597e+00
   4.9272363e+00
   4.8382030e+00
   4.7348937e+00
   4.6187782e+00
   4.4914262e+00
   4.3544702e+00
   4.2095661e+00
   4.0583538e+00
   3.9024197e+00
   3.7432607e+00
   3.5822538e+00
   3.4206303e+00
   3.2594560e+00
   3.0996193e+00
   2.9418266e+00
   2.7866051e+00
   2.6343134e+00
   2.4851587e+00
   2.3392201e+00
   2.1964765e+00
   2.0568380e+00
   1.9201794e+00
   1.7863729e+00
   1.6553208e+00
   1.5269841e+00
   1.4014072e+00
   1.2787378e+00
   1.1592389e+00
   1.0432959e+00
   9.3141416e-01
   8.2421159e-01
   7.2240278e-01
   6.2677780e-01
   5.3817546e-01
   4.5745241e-01
   3.8544951e-01
   3.2295672e-01
   2.7067819e-01
   2.2919906e-01
   1.9895526e-01
   1.8020715e-01
   1.7301686e-01
   1.7723055e-01
   1.9246890e-01
   2.1812876e-01
   2.5339422e-01
   2.9725439e-01
   3.4852748e-01
   4.0589178e-01
   4.6792334e-01
   5.3313954e-01
   6.0004710e-01
   6.6719294e-01
   7.3321625e-01
   7.9689979e-01
   8.5721867e-01
   9.1338448e-01
   9.6488306e-01
   1.0115039e+00
   1.0533599e+00
   1.0908955e+00
   1.1248836e+00
   1.1564084e+00
   1.1868364e+00
   1.2177746e+00
   1.2510172e+00
   1.2884822e+00
   1.3321404e+00
   1.3839384e+00
   1.4457192e+00
   1.5191440e+00
   1.6056167e+00
   1.7062175e+00
   1.8216449e+00
   1.9521735e+00
   2.0976255e+00
   2.2573613e+00
   2.4302880e+00
   2.6148870e+00
   2.8092593e+00
   3.0111875e+00
   3.2182111e+00
   3.4277135e+00
   3.6370143e+00
   3.8434651e+00
   4.0445433e+00
   4.2379389e+00
   4.4216314e+00
   4.5939521e+00
   4.7536303e+00
   4.8998192e+00
   5.0321033e+00
   5.1504843e+00
   5.2553497e+00
   5.3474229e+00
   5.4277007e+00
   5.4973794e+00
   5.5577748e+00
   5.6102399e+00
   5.6560839e+00
   5.6964984e+00
   5.7324911e+00
   5.7648332e+00
   5.7940204e+00
   5.8202497e+00
   5.8434123e+00
   5.8631022e+00
   5.8786393e+00
   5.8891056e+00
   5.8933916e+00
   5.8902511e+00
   5.8783601e+00
   5.8563793e+00
   5.8230145e+00
   5.7770754e+00
   5.7175278e+00
   5.6435397e+00
   5.5545184e+00
   5.4501388e+00
   5.3303616e+00
   5.1954426e+00
   5.0459322e+00
   4.8826664e+00
   4.7067511e+00
   4.5195390e+00
   4.3226021e+00
   4.1177001e+00
   3.9067462e+00
   3.6917713e+00
   3.4748879e+00
   3.2582546e+00
   3.0440416e+00
   2.8343986e+00
   2.6314241e+00
   2.4371386e+00
   2.2534594e+00
   2.0821793e+00
