   6.6997812e-01
   6.3943529e-01
   6.0881944e-01
   5.7835504e-01
   5.4825410e-01
   5.1871458e-01
   4.8991903e-01
   4.6203354e-01
   4.3520678e-01
   4.0956938e-01
   3.8523354e-01
   3.6229277e-01
   3.4082195e-01
   3.2087753e-01
   3.0249798e-01
   2.8570436e-01
   2.7050119e-01
   2.5687733e-01
   2.4480718e-01
   2.3425185e-01
   2.2516057e-01
   2.1747214e-01
   2.1111643e-01
   2.0601598e-01
   2.0208756e-01
   1.9924378e-01
   1.9739462e-01
   1.9644893e-01
   1.9631581e-01
   1.9690596e-01
   1.9813284e-01
   1.9991365e-01
   2.0217033e-01
   2.0483016e-01
   2.0782639e-01
   2.1109865e-01
   2.1459314e-01
   2.1826275e-01
   2.2206704e-01
   2.2597206e-01
   2.2995013e-01
   2.3397946e-01
   2.3804381e-01
   2.4213203e-01
   2.4623759e-01
   2.5035816e-01
   2.5449510e-01
   2.5865302e-01
   2.6283935e-01
   2.6706397e-01
   2.7133874e-01
   2.7567725e-01
   2.8009441e-01
   2.8460616e-01
   2.8922916e-01
   2.9398052e-01
   2.9887750e-01
   3.0393724e-01
   3.0917650e-01
   3.1461135e-01
   3.2025694e-01
   3.2612724e-01
   3.3223476e-01
   3.3859033e-01
   3.4520286e-01
   3.5207915e-01
   3.5922372e-01
   3.6663862e-01
   3.7432333e-01
   3.8227467e-01
   3.9048669e-01
   3.9895071e-01
   4.0765522e-01
   4.1658594e-01
   4.2572583e-01
   4.3505516e-01
   4.4455152e-01
   4.5418990e-01
   4.6394273e-01
   4.7377995e-01
   4.8366903e-01
   4.9357503e-01
   5.0346058e-01
   5.1328594e-01
   5.2300896e-01
   5.3258510e-01
   5.4196738e-01
   5.5110644e-01
   5.5995047e-01
   5.6844528e-01
   5.7653432e-01
   5.8415876e-01
   5.9125762e-01
   5.9776797e-01
   6.0362511e-01
   6.0876299e-01
   6.1311454e-01
   6.1661222e-01
   6.1918860e-01
   6.2077709e-01
   6.2131281e-01
   6.2073345e-01
   6.1898042e-01
   6.1599993e-01
   6.1174435e-01
   6.0617348e-01
   5.9925601e-01
   5.9097100e-01
   5.8130938e-01
   5.7027541e-01
   5.5788815e-01
   5.4418285e-01
   5.2921217e-01
   5.1304728e-01
   4.9577878e-01
   4.7751727e-01
   4.5839374e-01
   4.3855953e-01
   4.1818596e-01
   3.9746357e-01
   3.7660086e-01
   3.5582265e-01
   3.3536795e-01
   3.1548739e-01
   2.9644025e-01
   2.7849103e-01
   2.6190576e-01
   2.4694788e-01
   2.3387408e-01
   2.2292981e-01
   2.1434489e-01
   2.0832903e-01
   2.0506762e-01
   2.0471767e-01
   2.0740417e-01
   2.1321679e-01
   2.2220728e-01
   2.3438730e-01
   2.4972701e-01
   2.6815443e-01
   2.8955543e-01
   3.1377457e-01
   3.4061669e-01
   3.6984921e-01
   4.0120511e-01
   4.3438657e-01
   4.6906915e-01
   5.0490641e-01
   5.4153493e-01
   5.7857961e-01
   6.1565906e-01
   6.5239106e-01
   6.8839803e-01
   7.2331221e-01
   7.5678066e-01
   7.8846992e-01
   8.1807017e-01
   8.4529900e-01
   8.6990458e-01
   8.9166824e-01
   9.1040655e-01
   9.2597269e-01
   9.3825730e-01
   9.4718867e-01
   9.5273247e-01
   9.5489088e-01
   9.5370125e-01
   9.4923437e-01
   9.4159236e-01
   9.3090616e-01
   9.1733291e-01
   9.0105296e-01
   8.8226684e-01
   8.6119213e-01
   8.3806023e-01
   8.1311316e-01
   7.8660047e-01
   7.5877610e-01
   7.2989549e-01
   7.0021278e-01
   6.6997812e-01
