   7.4750684e-01
   8.2082593e-01
   9.0518832e-01
   1.0015772e+00
   1.1110096e+00
   1.2345084e+00
   1.3730678e+00
   1.5276099e+00
   1.6989328e+00
   1.8876504e+00
   2.0941246e+00
   2.3183909e+00
   2.5600798e+00
   2.8183373e+00
   3.0917466e+00
   3.3782585e+00
   3.6751319e+00
   3.9788934e+00
   4.2853196e+00
   4.5894489e+00
   4.8856281e+00
   5.1675966e+00
   5.4286138e+00
   5.6616279e+00
   5.8594867e+00
   6.0151860e+00
   6.1221481e+00
   6.1745234e+00
   6.1674994e+00
   6.0976062e+00
   5.9629994e+00
   5.7637059e+00
   5.5018137e+00
   5.1815907e+00
   4.8095192e+00
   4.3942358e+00
   3.9463710e+00
   3.4782880e+00
   3.0037265e+00
   2.5373616e+00
   2.0942953e+00
   1.6895007e+00
   1.3372458e+00
   1.0505226e+00
   8.4051129e-01
   7.1610772e-01
   6.8353745e-01
   7.4607223e-01
   9.0386297e-01
   1.1539088e+00
   1.4901624e+00
   1.9037578e+00
   2.3833484e+00
   2.9155404e+00
   3.4853978e+00
   4.0769957e+00
   4.6739933e+00
   5.2602002e+00
   5.8201119e+00
   6.3393924e+00
   6.8052862e+00
   7.2069467e+00
   7.5356743e+00
   7.7850602e+00
   7.9510395e+00
   8.0318588e+00
   8.0279686e+00
   7.9418517e+00
   7.7778031e+00
   7.5416725e+00
   7.2405871e+00
   6.8826644e+00
   6.4767284e+00
   6.0320387e+00
   5.5580401e+00
   5.0641370e+00
   4.5594988e+00
   4.0528952e+00
   3.5525631e+00
   3.0661030e+00
   2.6004031e+00
   2.1615879e+00
   1.7549872e+00
   1.3851234e+00
   1.0557116e+00
   7.6967160e-01
   5.2914519e-01
   3.3551862e-01
   1.8944137e-01
   9.0822995e-02
   3.8803472e-02
   3.2601017e-02
   7.0698222e-02
   1.4970215e-01
   2.6670477e-01
   4.1827861e-01
   6.0048004e-01
   8.0893421e-01
   1.0388968e+00
   1.2853141e+00
   1.5428876e+00
   1.8061462e+00
   2.0695255e+00
   2.3274558e+00
   2.5744568e+00
   2.8052388e+00
   3.0148081e+00
   3.1985751e+00
   3.3524621e+00
   3.4730070e+00
   3.5574602e+00
   3.6038703e+00
   3.6111548e+00
   3.5791512e+00
   3.5086461e+00
   3.4013776e+00
   3.2600103e+00
   3.0880799e+00
   2.8899075e+00
   2.6704860e+00
   2.4353391e+00
   2.1903578e+00
   1.9416199e+00
   1.6951986e+00
   1.4569669e+00
   1.2324075e+00
   1.0264344e+00
   8.4323553e-01
   6.8614274e-01
   5.5753556e-01
   4.5878323e-01
   3.9022813e-01
   3.5121247e-01
   3.4014636e-01
   3.5460998e-01
   3.9148197e-01
   4.4709098e-01
   5.1738647e-01
   5.9811880e-01
   6.8501715e-01
   7.7395656e-01
   8.6110682e-01
   9.4305769e-01
   1.0169159e+00
   1.0803716e+00
   1.1317332e+00
   1.1699324e+00
   1.1945002e+00
   1.2055205e+00
   1.2035632e+00
   1.1896044e+00
   1.1649382e+00
   1.1310856e+00
   1.0897054e+00
   1.0425121e+00
   9.9120286e-01
   9.3739630e-01
   8.8258535e-01
   8.2810325e-01
   7.7510319e-01
   7.2455022e-01
   6.7722389e-01
   6.3372974e-01
   5.9451761e-01
   5.5990464e-01
   5.3010113e-01
   5.0523748e-01
   4.8539085e-01
   4.7061037e-01
   4.6094025e-01
   4.5644019e-01
   4.5720300e-01
   4.6336943e-01
   4.7514034e-01
   4.9278643e-01
   5.1665583e-01
   5.4717977e-01
   5.8487628e-01
   6.3035206e-01
   6.8430211e-01
   7.4750684e-01
