   3.4950021e-01
   3.3329712e-01
   3.1819659e-01
   3.0430808e-01
   2.9172850e-01
   2.8054183e-01
   2.7081881e-01
   2.6261674e-01
   2.5597928e-01
   2.5093637e-01
   2.4750421e-01
   2.4568526e-01
   2.4546831e-01
   2.4682869e-01
   2.4972846e-01
   2.5411672e-01
   2.5992998e-01
   2.6709268e-01
   2.7551768e-01
   2.8510695e-01
   2.9575227e-01
   3.0733606e-01
   3.1973223e-01
   3.3280714e-01
   3.4642064e-01
   3.6042705e-01
   3.7467636e-01
   3.8901526e-01
   4.0328839e-01
   4.1733947e-01
   4.3101251e-01
   4.4415305e-01
   4.5660939e-01
   4.6823387e-01
   4.7888411e-01
   4.8842439e-01
   4.9672690e-01
   5.0367314e-01
   5.0915525e-01
   5.1307736e-01
   5.1535693e-01
   5.1592603e-01
   5.1473251e-01
   5.1174118e-01
   5.0693471e-01
   5.0031444e-01
   4.9190098e-01
   4.8173454e-01
   4.6987497e-01
   4.5640161e-01
   4.4141267e-01
   4.2502444e-01
   4.0737012e-01
   3.8859839e-01
   3.6887165e-01
   3.4836406e-01
   3.2725942e-01
   3.0574876e-01
   2.8402797e-01
   2.6229526e-01
   2.4074869e-01
   2.1958371e-01
   1.9899077e-01
   1.7915314e-01
   1.6024481e-01
   1.4242869e-01
   1.2585494e-01
   1.1065967e-01
   9.6963799e-02
   8.4872264e-02
   7.4473528e-02
   6.5839416e-02
   5.9025267e-02
   5.4070312e-02
   5.0998043e-02
   4.9816268e-02
   5.0516834e-02
   5.3075437e-02
   5.7452119e-02
   6.3592516e-02
   7.1429443e-02
   8.0884303e-02
   9.1868192e-02
   1.0428278e-01
   1.1802109e-01
   1.3296823e-01
   1.4900214e-01
   1.6599439e-01
   1.8381092e-01
   2.0231286e-01
   2.2135733e-01
   2.4079833e-01
   2.6048760e-01
   2.8027560e-01
   3.0001254e-01
   3.1954946e-01
   3.3873944e-01
   3.5743888e-01
   3.7550885e-01
   3.9281652e-01
   4.0923670e-01
   4.2465338e-01
   4.3896124e-01
   4.5206730e-01
   4.6389230e-01
   4.7437218e-01
   4.8345929e-01
   4.9112346e-01
   4.9735279e-01
   5.0215422e-01
   5.0555376e-01
   5.0759632e-01
   5.0834528e-01
   5.0788160e-01
   5.0630260e-01
   5.0372048e-01
   5.0026038e-01
   4.9605835e-01
   4.9125902e-01
   4.8601320e-01
   4.8047543e-01
   4.7480145e-01
   4.6914591e-01
   4.6366007e-01
   4.5848978e-01
   4.5377362e-01
   4.4964132e-01
   4.4621236e-01
   4.4359481e-01
   4.4188438e-01
   4.4116359e-01
   4.4150106e-01
   4.4295088e-01
   4.4555196e-01
   4.4932752e-01
   4.5428442e-01
   4.6041260e-01
   4.6768452e-01
   4.7605466e-01
   4.8545915e-01
   4.9581558e-01
   5.0702308e-01
   5.1896271e-01
   5.3149821e-01
   5.4447725e-01
   5.5773306e-01
   5.7108658e-01
   5.8434905e-01
   5.9732499e-01
   6.0981556e-01
   6.2162215e-01
   6.3255012e-01
   6.4241259e-01
   6.5103414e-01
   6.5825435e-01
   6.6393092e-01
   6.6794255e-01
   6.7019115e-01
   6.7060365e-01
   6.6913314e-01
   6.6575945e-01
   6.6048910e-01
   6.5335473e-01
   6.4441402e-01
   6.3374810e-01
   6.2145963e-01
   6.0767058e-01
   5.9251974e-01
   5.7616013e-01
   5.5875630e-01
   5.4048167e-01
   5.2151590e-01
   5.0204238e-01
   4.8224581e-01
   4.6231009e-01
   4.4241621e-01
   4.2274055e-01
   4.0345319e-01
   3.8471659e-01
   3.6668436e-01
   3.4950021e-01
