   1.1351046e-01
   1.1271869e-01
   1.1194349e-01
   1.1119028e-01
   1.1046418e-01
   1.0976996e-01
   1.0911204e-01
   1.0849444e-01
   1.0792077e-01
   1.0739420e-01
   1.0691746e-01
   1.0649284e-01
   1.0612214e-01
   1.0580673e-01
   1.0554750e-01
   1.0534489e-01
   1.0519889e-01
   1.0510906e-01
   1.0507454e-01
   1.0509407e-01
   1.0516600e-01
   1.0528833e-01
   1.0545872e-01
   1.0567454e-01
   1.0593286e-01
   1.0623053e-01
   1.0656419e-01
   1.0693030e-01
   1.0732519e-01
   1.0774506e-01
   1.0818610e-01
   1.0864442e-01
   1.0911619e-01
   1.0959758e-01
   1.1008488e-01
   1.1057450e-01
   1.1106296e-01
   1.1154702e-01
   1.1202360e-01
   1.1248990e-01
   1.1294336e-01
   1.1338169e-01
   1.1380294e-01
   1.1420544e-01
   1.1458786e-01
   1.1494920e-01
   1.1528880e-01
   1.1560633e-01
   1.1590180e-01
   1.1617555e-01
   1.1642823e-01
   1.1666079e-01
   1.1687447e-01
   1.1707078e-01
   1.1725148e-01
   1.1741854e-01
   1.1757414e-01
   1.1772060e-01
   1.1786040e-01
   1.1799613e-01
   1.1813043e-01
   1.1826600e-01
   1.1840555e-01
   1.1855176e-01
   1.1870725e-01
   1.1887455e-01
   1.1905609e-01
   1.1925414e-01
   1.1947077e-01
   1.1970788e-01
   1.1996710e-01
   1.2024983e-01
   1.2055718e-01
   1.2088996e-01
   1.2124866e-01
   1.2163345e-01
   1.2204413e-01
   1.2248017e-01
   1.2294065e-01
   1.2342431e-01
   1.2392950e-01
   1.2445420e-01
   1.2499604e-01
   1.2555230e-01
   1.2611990e-01
   1.2669546e-01
   1.2727526e-01
   1.2785534e-01
   1.2843146e-01
   1.2899916e-01
   1.2955379e-01
   1.3009057e-01
   1.3060460e-01
   1.3109092e-01
   1.3154458e-01
   1.3196065e-01
   1.3233433e-01
   1.3266094e-01
   1.3293604e-01
   1.3315549e-01
   1.3331545e-01
   1.3341250e-01
   1.3344368e-01
   1.3340654e-01
   1.3329921e-01
   1.3312044e-01
   1.3286963e-01
   1.3254691e-01
   1.3215312e-01
   1.3168989e-01
   1.3115959e-01
   1.3056540e-01
   1.2991123e-01
   1.2920178e-01
   1.2844247e-01
   1.2763938e-01
   1.2679923e-01
   1.2592932e-01
   1.2503742e-01
   1.2413171e-01
   1.2322069e-01
   1.2231305e-01
   1.2141757e-01
   1.2054304e-01
   1.1969809e-01
   1.1889109e-01
   1.1813004e-01
   1.1742246e-01
   1.1677525e-01
   1.1619460e-01
   1.1568592e-01
   1.1525371e-01
   1.1490152e-01
   1.1463191e-01
   1.1444634e-01
   1.1434521e-01
   1.1432785e-01
   1.1439247e-01
   1.1453625e-01
   1.1475532e-01
   1.1504489e-01
   1.1539926e-01
   1.1581192e-01
   1.1627567e-01
   1.1678269e-01
   1.1732470e-01
   1.1789304e-01
   1.1847878e-01
   1.1907292e-01
   1.1966642e-01
   1.2025040e-01
   1.2081619e-01
   1.2135550e-01
   1.2186047e-01
   1.2232380e-01
   1.2273881e-01
   1.2309951e-01
   1.2340067e-01
   1.2363786e-01
   1.2380748e-01
   1.2390677e-01
   1.2393384e-01
   1.2388765e-01
   1.2376802e-01
   1.2357555e-01
   1.2331166e-01
   1.2297848e-01
   1.2257887e-01
   1.2211628e-01
   1.2159479e-01
   1.2101894e-01
   1.2039377e-01
   1.1972467e-01
   1.1901735e-01
   1.1827776e-01
   1.1751204e-01
   1.1672644e-01
   1.1592724e-01
   1.1512073e-01
   1.1431311e-01
   1.1351046e-01
