   3.4615411e+00
   3.4403833e+00
   3.4169895e+00
   3.3914767e+00
   3.3639522e+00
   3.3345142e+00
   3.3032513e+00
   3.2702427e+00
   3.2355584e+00
   3.1992599e+00
   3.1614001e+00
   3.1220247e+00
   3.0811725e+00
   3.0388767e+00
   2.9951657e+00
   2.9500647e+00
   2.9035968e+00
   2.8557846e+00
   2.8066517e+00
   2.7562247e+00
   2.7045346e+00
   2.6516189e+00
   2.5975233e+00
   2.5423035e+00
   2.4860270e+00
   2.4287745e+00
   2.3706418e+00
   2.3117404e+00
   2.2521990e+00
   2.1921640e+00
   2.1317997e+00
   2.0712881e+00
   2.0108288e+00
   1.9506374e+00
   1.8909447e+00
   1.8319943e+00
   1.7740406e+00
   1.7173457e+00
   1.6621766e+00
   1.6088018e+00
   1.5574874e+00
   1.5084934e+00
   1.4620702e+00
   1.4184540e+00
   1.3778638e+00
   1.3404976e+00
   1.3065292e+00
   1.2761056e+00
   1.2493442e+00
   1.2263318e+00
   1.2071224e+00
   1.1917375e+00
   1.1801653e+00
   1.1723615e+00
   1.1682507e+00
   1.1677277e+00
   1.1706597e+00
   1.1768889e+00
   1.1862353e+00
   1.1984999e+00
   1.2134681e+00
   1.2309128e+00
   1.2505979e+00
   1.2722818e+00
   1.2957203e+00
   1.3206698e+00
   1.3468898e+00
   1.3741455e+00
   1.4022096e+00
   1.4308644e+00
   1.4599028e+00
   1.4891296e+00
   1.5183619e+00
   1.5474296e+00
   1.5761755e+00
   1.6044548e+00
   1.6321348e+00
   1.6590940e+00
   1.6852216e+00
   1.7104159e+00
   1.7345838e+00
   1.7576392e+00
   1.7795023e+00
   1.8000980e+00
   1.8193547e+00
   1.8372040e+00
   1.8535789e+00
   1.8684136e+00
   1.8816427e+00
   1.8932006e+00
   1.9030212e+00
   1.9110383e+00
   1.9171851e+00
   1.9213950e+00
   1.9236021e+00
   1.9237423e+00
   1.9217540e+00
   1.9175795e+00
   1.9111671e+00
   1.9024722e+00
   1.8914600e+00
   1.8781068e+00
   1.8624031e+00
   1.8443558e+00
   1.8239903e+00
   1.8013534e+00
   1.7765155e+00
   1.7495729e+00
   1.7206501e+00
   1.6899014e+00
   1.6575123e+00
   1.6237011e+00
   1.5887190e+00
   1.5528501e+00
   1.5164114e+00
   1.4797507e+00
   1.4432455e+00
   1.4072994e+00
   1.3723393e+00
   1.3388109e+00
   1.3071738e+00
   1.2778959e+00
   1.2514473e+00
   1.2282937e+00
   1.2088895e+00
   1.1936703e+00
   1.1830458e+00
   1.1773929e+00
   1.1770482e+00
   1.1823020e+00
   1.1933922e+00
   1.2104991e+00
   1.2337412e+00
   1.2631721e+00
   1.2987781e+00
   1.3404775e+00
   1.3881206e+00
   1.4414914e+00
   1.5003102e+00
   1.5642372e+00
   1.6328780e+00
   1.7057885e+00
   1.7824821e+00
   1.8624369e+00
   1.9451030e+00
   2.0299109e+00
   2.1162794e+00
   2.2036234e+00
   2.2913621e+00
   2.3789260e+00
   2.4657639e+00
   2.5513491e+00
   2.6351847e+00
   2.7168085e+00
   2.7957965e+00
   2.8717663e+00
   2.9443784e+00
   3.0133381e+00
   3.0783955e+00
   3.1393455e+00
   3.1960264e+00
   3.2483183e+00
   3.2961416e+00
   3.3394536e+00
   3.3782463e+00
   3.4125427e+00
   3.4423943e+00
   3.4678769e+00
   3.4890878e+00
   3.5061422e+00
   3.5191702e+00
   3.5283134e+00
   3.5337223e+00
   3.5355532e+00
   3.5339660e+00
   3.5291220e+00
   3.5211816e+00
   3.5103025e+00
   3.4966385e+00
   3.4803375e+00
   3.4615411e+00
