   2.2346895e-04
   2.2253689e-04
   2.2511843e-04
   2.3121086e-04
   2.4079561e-04
   2.5383786e-04
   2.7028632e-04
   2.9007304e-04
   3.1311341e-04
   3.3930637e-04
   3.6853475e-04
   4.0066573e-04
   4.3555139e-04
   4.7302938e-04
   5.1292355e-04
   5.5504478e-04
   5.9919173e-04
   6.4515179e-04
   6.9270202e-04
   7.4161014e-04
   7.9163566e-04
   8.4253099e-04
   8.9404265e-04
   9.4591254e-04
   9.9787924e-04
   1.0496793e-03
   1.1010488e-03
   1.1517246e-03
   1.2014455e-03
   1.2499544e-03
   1.2969991e-03
   1.3423339e-03
   1.3857210e-03
   1.4269322e-03
   1.4657496e-03
   1.5019674e-03
   1.5353930e-03
   1.5658482e-03
   1.5931701e-03
   1.6172122e-03
   1.6378456e-03
   1.6549592e-03
   1.6684609e-03
   1.6782780e-03
   1.6843577e-03
   1.6866671e-03
   1.6851941e-03
   1.6799469e-03
   1.6709539e-03
   1.6582641e-03
   1.6419462e-03
   1.6220884e-03
   1.5987980e-03
   1.5722003e-03
   1.5424382e-03
   1.5096713e-03
   1.4740747e-03
   1.4358380e-03
   1.3951644e-03
   1.3522689e-03
   1.3073779e-03
   1.2607268e-03
   1.2125597e-03
   1.1631272e-03
   1.1126854e-03
   1.0614942e-03
   1.0098161e-03
   9.5791470e-04
   9.0605325e-04
   8.5449329e-04
   8.0349328e-04
   7.5330735e-04
   7.0418395e-04
   6.5636471e-04
   6.1008327e-04
   5.6556416e-04
   5.2302177e-04
   4.8265940e-04
   4.4466835e-04
   4.0922707e-04
   3.7650042e-04
   3.4663891e-04
   3.1977814e-04
   2.9603818e-04
   2.7552316e-04
   2.5832097e-04
   2.4450303e-04
   2.3412435e-04
   2.2722369e-04
   2.2382380e-04
   2.2393173e-04
   2.2753892e-04
   2.3462131e-04
   2.4513915e-04
   2.5903703e-04
   2.7624383e-04
   2.9667299e-04
   3.2022287e-04
   3.4677734e-04
   3.7620638e-04
   4.0836681e-04
   4.4310308e-04
   4.8024800e-04
   5.1962360e-04
   5.6104195e-04
   6.0430602e-04
   6.4921057e-04
   6.9554310e-04
   7.4308477e-04
   7.9161137e-04
   8.4089436e-04
   8.9070184e-04
   9.4079960e-04
   9.9095222e-04
   1.0409240e-03
   1.0904803e-03
   1.1393882e-03
   1.1874180e-03
   1.2343438e-03
   1.2799451e-03
   1.3240074e-03
   1.3663233e-03
   1.4066936e-03
   1.4449280e-03
   1.4808463e-03
   1.5142791e-03
   1.5450686e-03
   1.5730693e-03
   1.5981488e-03
   1.6201887e-03
   1.6390845e-03
   1.6547467e-03
   1.6671012e-03
   1.6760892e-03
   1.6816681e-03
   1.6838112e-03
   1.6825081e-03
   1.6777650e-03
   1.6696038e-03
   1.6580632e-03
   1.6431974e-03
   1.6250765e-03
   1.6037861e-03
   1.5794266e-03
   1.5521129e-03
   1.5219739e-03
   1.4891517e-03
   1.4538011e-03
   1.4160887e-03
   1.3761922e-03
   1.3342995e-03
   1.2906080e-03
   1.2453231e-03
   1.1986581e-03
   1.1508324e-03
   1.1020709e-03
   1.0526030e-03
   1.0026612e-03
   9.5248030e-04
   9.0229640e-04
   8.5234554e-04
   8.0286283e-04
   7.5408135e-04
   7.0623108e-04
   6.5953789e-04
   6.1422252e-04
   5.7049957e-04
   5.2857656e-04
   4.8865301e-04
   4.5091946e-04
   4.1555667e-04
   3.8273471e-04
   3.5261215e-04
   3.2533529e-04
   3.0103738e-04
   2.7983791e-04
   2.6184203e-04
   2.4713996e-04
   2.3580669e-04
   2.2790170e-04
   2.2346895e-04
