   2.1508622e+00
   2.1428441e+00
   2.1322423e+00
   2.1193495e+00
   2.1044573e+00
   2.0878514e+00
   2.0698064e+00
   2.0505818e+00
   2.0304182e+00
   2.0095344e+00
   1.9881240e+00
   1.9663545e+00
   1.9443649e+00
   1.9222654e+00
   1.9001371e+00
   1.8780322e+00
   1.8559752e+00
   1.8339643e+00
   1.8119732e+00
   1.7899537e+00
   1.7678390e+00
   1.7455460e+00
   1.7229796e+00
   1.7000362e+00
   1.6766074e+00
   1.6525840e+00
   1.6278598e+00
   1.6023355e+00
   1.5759220e+00
   1.5485435e+00
   1.5201408e+00
   1.4906732e+00
   1.4601209e+00
   1.4284859e+00
   1.3957932e+00
   1.3620911e+00
   1.3274503e+00
   1.2919638e+00
   1.2557445e+00
   1.2189239e+00
   1.1816492e+00
   1.1440803e+00
   1.1063868e+00
   1.0687441e+00
   1.0313296e+00
   9.9431912e-01
   9.5788253e-01
   9.2218028e-01
   8.8735962e-01
   8.5355130e-01
   8.2086668e-01
   7.8939529e-01
   7.5920291e-01
   7.3033044e-01
   7.0279326e-01
   6.7658148e-01
   6.5166083e-01
   6.2797428e-01
   6.0544435e-01
   5.8397602e-01
   5.6346024e-01
   5.4377773e-01
   5.2480326e-01
   5.0640989e-01
   4.8847340e-01
   4.7087647e-01
   4.5351257e-01
   4.3628940e-01
   4.1913180e-01
   4.0198390e-01
   3.8481052e-01
   3.6759770e-01
   3.5035243e-01
   3.3310145e-01
   3.1588925e-01
   2.9877539e-01
   2.8183110e-01
   2.6513554e-01
   2.4877158e-01
   2.3282160e-01
   2.1736326e-01
   2.0246557e-01
   1.8818541e-01
   1.7456469e-01
   1.6162833e-01
   1.4938312e-01
   1.3781766e-01
   1.2690341e-01
   1.1659678e-01
   1.0684232e-01
   9.7576939e-02
   8.8734923e-02
   8.0253667e-02
   7.2079857e-02
   6.4175863e-02
   5.6526055e-02
   4.9142737e-02
   4.2071400e-02
   3.5394980e-02
   2.9236842e-02
   2.3762215e-02
   1.9177839e-02
   1.5729553e-02
   1.3697638e-02
   1.3390399e-02
   1.5137306e-02
   1.9280622e-02
   2.6162937e-02
   3.6113090e-02
   4.9432799e-02
   6.6383475e-02
   8.7173058e-02
   1.1194350e-01
   1.4075953e-01
   1.7359934e-01
   2.1034764e-01
   2.5079166e-01
   2.9462025e-01
   3.4142652e-01
   3.9071406e-01
   4.4190659e-01
   4.9436109e-01
   5.4738386e-01
   6.0024924e-01
   6.5222018e-01
   7.0257017e-01
   7.5060566e-01
   7.9568807e-01
   8.3725469e-01
   8.7483760e-01
   9.0807979e-01
   9.3674794e-01
   9.6074125e-01
   9.8009600e-01
   9.9498550e-01
   1.0057157e+00
   1.0127160e+00
   1.0165266e+00
   1.0177816e+00
   1.0171898e+00
   1.0155124e+00
   1.0135402e+00
   1.0120693e+00
   1.0118780e+00
   1.0137037e+00
   1.0182223e+00
   1.0260298e+00
   1.0376270e+00
   1.0534071e+00
   1.0736474e+00
   1.0985050e+00
   1.1280149e+00
   1.1620936e+00
   1.2005440e+00
   1.2430646e+00
   1.2892604e+00
   1.3386564e+00
   1.3907116e+00
   1.4448349e+00
   1.5004006e+00
   1.5567644e+00
   1.6132781e+00
   1.6693044e+00
   1.7242294e+00
   1.7774746e+00
   1.8285060e+00
   1.8768430e+00
   1.9220639e+00
   1.9638110e+00
   2.0017926e+00
   2.0357849e+00
   2.0656307e+00
   2.0912381e+00
   2.1125774e+00
   2.1296773e+00
   2.1426196e+00
   2.1515345e+00
   2.1565940e+00
   2.1580062e+00
   2.1560088e+00
   2.1508622e+00
