   7.0851778e-08
   7.5186559e-08
   8.8835146e-08
   1.1187758e-07
   1.4429593e-07
   1.8595868e-07
   2.3665743e-07
   2.9613231e-07
   3.6408191e-07
   4.4016660e-07
   5.2400982e-07
   6.1519917e-07
   7.1328785e-07
   8.1779636e-07
   9.2821448e-07
   1.0440036e-06
   1.1645991e-06
   1.2894131e-06
   1.4178372e-06
   1.5492453e-06
   1.6829969e-06
   1.8184397e-06
   1.9549133e-06
   2.0917520e-06
   2.2282883e-06
   2.3638560e-06
   2.4977935e-06
   2.6294470e-06
   2.7581738e-06
   2.8833453e-06
   3.0043501e-06
   3.1205973e-06
   3.2315188e-06
   3.3365726e-06
   3.4352453e-06
   3.5270546e-06
   3.6115518e-06
   3.6883235e-06
   3.7569946e-06
   3.8172291e-06
   3.8687324e-06
   3.9112527e-06
   3.9445820e-06
   3.9685573e-06
   3.9830612e-06
   3.9880230e-06
   3.9834182e-06
   3.9692694e-06
   3.9456459e-06
   3.9126633e-06
   3.8704829e-06
   3.8193111e-06
   3.7593982e-06
   3.6910373e-06
   3.6145626e-06
   3.5303481e-06
   3.4388057e-06
   3.3403828e-06
   3.2355606e-06
   3.1248513e-06
   3.0087961e-06
   2.8879618e-06
   2.7629388e-06
   2.6343377e-06
   2.5027865e-06
   2.3689275e-06
   2.2334139e-06
   2.0969073e-06
   1.9600736e-06
   1.8235804e-06
   1.6880935e-06
   1.5542735e-06
   1.4227730e-06
   1.2942331e-06
   1.1692804e-06
   1.0485241e-06
   9.3255283e-07
   8.2193216e-07
   7.1720174e-07
   6.1887294e-07
   5.2742648e-07
   4.4331044e-07
   3.6693850e-07
   2.9868842e-07
   2.3890078e-07
   1.8787727e-07
   1.4587695e-07
   1.1310548e-07
   8.9690054e-08
   7.5645995e-08
   7.0898970e-08
   7.5422618e-08
   8.9314971e-08
   1.1266205e-07
   1.4542000e-07
   1.8743142e-07
   2.3847146e-07
   2.9827103e-07
   3.6652351e-07
   4.4288604e-07
   5.2697983e-07
   6.1839085e-07
   7.1667107e-07
   8.2134004e-07
   9.3188695e-07
   1.0477728e-06
   1.1684330e-06
   1.2932800e-06
   1.4217057e-06
   1.5530851e-06
   1.6867788e-06
   1.8221358e-06
   1.9584975e-06
   2.0952002e-06
   2.2315785e-06
   2.3669686e-06
   2.5007115e-06
   2.6321561e-06
   2.7606626e-06
   2.8856052e-06
   3.0063758e-06
   3.1223863e-06
   3.2330717e-06
   3.3378930e-06
   3.4363399e-06
   3.5279327e-06
   3.6122254e-06
   3.6888074e-06
   3.7573056e-06
   3.8173864e-06
   3.8687570e-06
   3.9111673e-06
   3.9444104e-06
   3.9683246e-06
   3.9827933e-06
   3.9877458e-06
   3.9831582e-06
   3.9690528e-06
   3.9454982e-06
   3.9126093e-06
   3.8705461e-06
   3.8195137e-06
   3.7597607e-06
   3.6915782e-06
   3.6152982e-06
   3.5312924e-06
   3.4399699e-06
   3.3417755e-06
   3.2371875e-06
   3.1267153e-06
   3.0108967e-06
   2.8902959e-06
   2.7655000e-06
   2.6371166e-06
   2.5057708e-06
   2.3721021e-06
   2.2367612e-06
   2.1004068e-06
   1.9637028e-06
   1.8273145e-06
   1.6919058e-06
   1.5581359e-06
   1.4266558e-06
   1.2981057e-06
   1.1731115e-06
   1.0522817e-06
   9.3620492e-07
   8.2544686e-07
   7.2054760e-07
   6.2201919e-07
   5.3034340e-07
   4.4596962e-07
   3.6931325e-07
   3.0075437e-07
   2.4063684e-07
   1.8926765e-07
   1.4691506e-07
   1.1380105e-07
   9.0078490e-08
   7.5788587e-08
   7.0851778e-08
