   5.2512508e+00
   5.1057550e+00
   4.9638972e+00
   4.8263820e+00
   4.6937655e+00
   4.5664585e+00
   4.4447304e+00
   4.3287145e+00
   4.2184146e+00
   4.1137122e+00
   4.0143755e+00
   3.9200686e+00
   3.8303621e+00
   3.7447443e+00
   3.6626339e+00
   3.5833930e+00
   3.5063413e+00
   3.4307711e+00
   3.3559625e+00
   3.2812000e+00
   3.2057879e+00
   3.1290676e+00
   3.0504331e+00
   2.9693467e+00
   2.8853535e+00
   2.7980953e+00
   2.7073216e+00
   2.6128998e+00
   2.5148221e+00
   2.4132106e+00
   2.3083185e+00
   2.2005289e+00
   2.0903498e+00
   1.9784063e+00
   1.8654292e+00
   1.7522404e+00
   1.6397365e+00
   1.5288685e+00
   1.4206213e+00
   1.3159904e+00
   1.2159587e+00
   1.1214733e+00
   1.0334223e+00
   9.5261339e-01
   8.7975435e-01
   8.1543564e-01
   7.6011647e-01
   7.1411395e-01
   6.7759608e-01
   6.5057858e-01
   6.3292556e-01
   6.2435409e-01
   6.2444238e-01
   6.3264124e-01
   6.4828846e-01
   6.7062560e-01
   6.9881664e-01
   7.3196790e-01
   7.6914863e-01
   8.0941177e-01
   8.5181415e-01
   8.9543579e-01
   9.3939786e-01
   9.8287874e-01
   1.0251282e+00
   1.0654790e+00
   1.1033566e+00
   1.1382858e+00
   1.1698957e+00
   1.1979215e+00
   1.2222047e+00
   1.2426912e+00
   1.2594274e+00
   1.2725549e+00
   1.2823038e+00
   1.2889847e+00
   1.2929803e+00
   1.2947359e+00
   1.2947491e+00
   1.2935604e+00
   1.2917417e+00
   1.2898866e+00
   1.2885991e+00
   1.2884833e+00
   1.2901327e+00
   1.2941195e+00
   1.3009847e+00
   1.3112270e+00
   1.3252935e+00
   1.3435689e+00
   1.3663666e+00
   1.3939187e+00
   1.4263674e+00
   1.4637565e+00
   1.5060239e+00
   1.5529953e+00
   1.6043781e+00
   1.6597584e+00
   1.7185982e+00
   1.7802358e+00
   1.8438880e+00
   1.9086549e+00
   1.9735287e+00
   2.0374039e+00
   2.0990931e+00
   2.1573442e+00
   2.2108628e+00
   2.2583373e+00
   2.2984671e+00
   2.3299944e+00
   2.3517379e+00
   2.3626283e+00
   2.3617450e+00
   2.3483526e+00
   2.3219371e+00
   2.2822386e+00
   2.2292819e+00
   2.1634020e+00
   2.0852633e+00
   1.9958724e+00
   1.8965823e+00
   1.7890882e+00
   1.6754126e+00
   1.5578819e+00
   1.4390916e+00
   1.3218625e+00
   1.2091881e+00
   1.1041730e+00
   1.0099660e+00
   9.2968695e-01
   8.6635181e-01
   8.2279637e-01
   8.0160179e-01
   8.0502408e-01
   8.3492987e-01
   8.9274060e-01
   9.7938699e-01
   1.0952755e+00
   1.2402678e+00
   1.4136748e+00
   1.6142640e+00
   1.8402817e+00
   2.0894882e+00
   2.3592058e+00
   2.6463764e+00
   2.9476291e+00
   3.2593537e+00
   3.5777791e+00
   3.8990534e+00
   4.2193241e+00
   4.5348146e+00
   4.8418978e+00
   5.1371615e+00
   5.4174673e+00
   5.6799990e+00
   5.9223020e+00
   6.1423124e+00
   6.3383747e+00
   6.5092506e+00
   6.6541169e+00
   6.7725557e+00
   6.8645355e+00
   6.9303871e+00
   6.9707722e+00
   6.9866492e+00
   6.9792352e+00
   6.9499663e+00
   6.9004574e+00
   6.8324616e+00
   6.7478320e+00
   6.6484838e+00
   6.5363599e+00
   6.4133992e+00
   6.2815078e+00
   6.1425333e+00
   5.9982436e+00
   5.8503077e+00
   5.7002804e+00
   5.5495903e+00
   5.3995304e+00
   5.2512508e+00
