   4.7267139e+00
   4.6756044e+00
   4.6196442e+00
   4.5591127e+00
   4.4942683e+00
   4.4253487e+00
   4.3525729e+00
   4.2761420e+00
   4.1962408e+00
   4.1130396e+00
   4.0266955e+00
   3.9373540e+00
   3.8451502e+00
   3.7502104e+00
   3.6526531e+00
   3.5525905e+00
   3.4501297e+00
   3.3453741e+00
   3.2384250e+00
   3.1293833e+00
   3.0183523e+00
   2.9054397e+00
   2.7907615e+00
   2.6744452e+00
   2.5566348e+00
   2.4374950e+00
   2.3172169e+00
   2.1960233e+00
   2.0741744e+00
   1.9519728e+00
   1.8297682e+00
   1.7079615e+00
   1.5870065e+00
   1.4674112e+00
   1.3497360e+00
   1.2345901e+00
   1.1226252e+00
   1.0145269e+00
   9.1100279e-01
   8.1276894e-01
   7.2053381e-01
   6.3498082e-01
   5.5674985e-01
   4.8641849e-01
   4.2448380e-01
   3.7134547e-01
   3.2729098e-01
   2.9248363e-01
   2.6695396e-01
   2.5059491e-01
   2.4316125e-01
   2.4427344e-01
   2.5342623e-01
   2.7000147e-01
   2.9328452e-01
   3.2248334e-01
   3.5674944e-01
   3.9520007e-01
   4.3694075e-01
   4.8108737e-01
   5.2678706e-01
   5.7323709e-01
   6.1970117e-01
   6.6552272e-01
   7.1013488e-01
   7.5306694e-01
   7.9394749e-01
   8.3250422e-01
   8.6856080e-01
   9.0203116e-01
   9.3291162e-01
   9.6127138e-01
   9.8724182e-01
   1.0110052e+00
   1.0327828e+00
   1.0528239e+00
   1.0713946e+00
   1.0887672e+00
   1.1052119e+00
   1.1209878e+00
   1.1363364e+00
   1.1514757e+00
   1.1665955e+00
   1.1818540e+00
   1.1973752e+00
   1.2132471e+00
   1.2295210e+00
   1.2462113e+00
   1.2632952e+00
   1.2807143e+00
   1.2983747e+00
   1.3161492e+00
   1.3338779e+00
   1.3513709e+00
   1.3684093e+00
   1.3847481e+00
   1.4001181e+00
   1.4142287e+00
   1.4267708e+00
   1.4374202e+00
   1.4458416e+00
   1.4516924e+00
   1.4546284e+00
   1.4543087e+00
   1.4504019e+00
   1.4425934e+00
   1.4305923e+00
   1.4141399e+00
   1.3930178e+00
   1.3670573e+00
   1.3361479e+00
   1.3002469e+00
   1.2593882e+00
   1.2136908e+00
   1.1633662e+00
   1.1087254e+00
   1.0501836e+00
   9.8826402e-01
   9.2359921e-01
   8.5693006e-01
   7.8910244e-01
   7.2106100e-01
   6.5384016e-01
   5.8855221e-01
   5.2637269e-01
   4.6852299e-01
   4.1625077e-01
   3.7080823e-01
   3.3342898e-01
   3.0530389e-01
   2.8755652e-01
   2.8121872e-01
   2.8720687e-01
   3.0629960e-01
   3.3911795e-01
   3.8610884e-01
   4.4753217e-01
   5.2345179e-01
   6.1373063e-01
   7.1802998e-01
   8.3581341e-01
   9.6635492e-01
   1.1087514e+00
   1.2619388e+00
   1.4247118e+00
   1.5957462e+00
   1.7736230e+00
   1.9568547e+00
   2.1439118e+00
   2.3332490e+00
   2.5233312e+00
   2.7126575e+00
   2.8997844e+00
   3.0833450e+00
   3.2620670e+00
   3.4347861e+00
   3.6004581e+00
   3.7581658e+00
   3.9071241e+00
   4.0466816e+00
   4.1763192e+00
   4.2956467e+00
   4.4043966e+00
   4.5024166e+00
   4.5896601e+00
   4.6661761e+00
   4.7320984e+00
   4.7876335e+00
   4.8330500e+00
   4.8686666e+00
   4.8948419e+00
   4.9119635e+00
   4.9204393e+00
   4.9206885e+00
   4.9131346e+00
   4.8981980e+00
   4.8762916e+00
   4.8478154e+00
   4.8131535e+00
   4.7726714e+00
   4.7267139e+00
