   1.4200606e+00
   1.5234177e+00
   1.6546743e+00
   1.8137244e+00
   2.0002615e+00
   2.2137500e+00
   2.4533909e+00
   2.7180828e+00
   3.0063814e+00
   3.3164578e+00
   3.6460599e+00
   3.9924774e+00
   4.3525161e+00
   4.7224819e+00
   5.0981791e+00
   5.4749253e+00
   5.8475854e+00
   6.2106263e+00
   6.5581941e+00
   6.8842136e+00
   7.1825098e+00
   7.4469480e+00
   7.6715918e+00
   7.8508722e+00
   7.9797635e+00
   8.0539586e+00
   8.0700382e+00
   8.0256233e+00
   7.9195058e+00
   7.7517493e+00
   7.5237527e+00
   7.2382723e+00
   6.8993990e+00
   6.5124883e+00
   6.0840453e+00
   5.6215651e+00
   5.1333368e+00
   4.6282162e+00
   4.1153762e+00
   3.6040461e+00
   3.1032492e+00
   2.6215497e+00
   2.1668204e+00
   1.7460373e+00
   1.3651123e+00
   1.0287662e+00
   7.4044714e-01
   5.0229444e-01
   3.1514745e-01
   1.7859535e-01
   9.1065011e-02
   4.9942361e-02
   5.1679849e-02
   9.1946455e-02
   1.6586753e-01
   2.6812289e-01
   3.9310866e-01
   5.3509561e-01
   6.8836855e-01
   8.4735086e-01
   1.0067138e+00
   1.1614710e+00
   1.3070576e+00
   1.4393969e+00
   1.5549532e+00
   1.6507752e+00
   1.7245269e+00
   1.7745111e+00
   1.7996823e+00
   1.7996502e+00
   1.7746745e+00
   1.7256485e+00
   1.6540720e+00
   1.5620130e+00
   1.4520571e+00
   1.3272451e+00
   1.1909991e+00
   1.0470376e+00
   8.9928132e-01
   7.5175138e-01
   6.0846236e-01
   4.7331283e-01
   3.4997646e-01
   2.4179672e-01
   1.5168819e-01
   8.2045415e-02
   3.4649341e-02
   1.0501581e-02
   1.0531651e-02
   3.4601210e-02
   8.1267727e-02
   1.4908361e-01
   2.3585424e-01
   3.3879606e-01
   4.5464225e-01
   5.7974925e-01
   7.1021355e-01
   8.4199725e-01
   9.7105884e-01
   1.0934845e+00
   1.2056158e+00
   1.3041678e+00
   1.3863351e+00
   1.4498789e+00
   1.4931944e+00
   1.5153529e+00
   1.5161195e+00
   1.4959433e+00
   1.4559225e+00
   1.3977447e+00
   1.3236065e+00
   1.2361155e+00
   1.1381807e+00
   1.0328960e+00
   9.2342336e-01
   8.1288174e-01
   7.0424731e-01
   6.0026980e-01
   5.0340907e-01
   4.1579419e-01
   3.3920620e-01
   2.7508367e-01
   2.2454888e-01
   1.8845103e-01
   1.6742049e-01
   1.6192644e-01
   1.7233070e-01
   1.9893662e-01
   2.4203084e-01
   3.0190862e-01
   3.7887608e-01
   4.7322988e-01
   5.8521702e-01
   7.1497758e-01
   8.6247490e-01
   1.0274187e+00
   1.2091876e+00
   1.4067586e+00
   1.6186501e+00
   1.8428842e+00
   2.0769736e+00
   2.3179371e+00
   2.5623427e+00
   2.8063800e+00
   3.0459577e+00
   3.2768221e+00
   3.4946903e+00
   3.6953920e+00
   3.8750112e+00
   4.0300216e+00
   4.1574078e+00
   4.2547672e+00
   4.3203874e+00
   4.3532963e+00
   4.3532839e+00
   4.3208946e+00
   4.2573939e+00
   4.1647108e+00
   4.0453606e+00
   3.9023534e+00
   3.7390920e+00
   3.5592666e+00
   3.3667483e+00
   3.1654889e+00
   2.9594275e+00
   2.7524100e+00
   2.5481201e+00
   2.3500257e+00
   2.1613389e+00
   1.9849912e+00
   1.8236195e+00
   1.6795653e+00
   1.5548820e+00
   1.4513491e+00
   1.3704915e+00
   1.3136012e+00
   1.2817582e+00
   1.2758507e+00
   1.2965916e+00
   1.3445307e+00
   1.4200606e+00
