   1.0110025e+00
   9.5306055e-01
   8.9786422e-01
   8.4556447e-01
   7.9630275e-01
   7.5021551e-01
   7.0743863e-01
   6.6811166e-01
   6.3238170e-01
   6.0040678e-01
   5.7235843e-01
   5.4842341e-01
   5.2880432e-01
   5.1371897e-01
   5.0339838e-01
   4.9808319e-01
   4.9801863e-01
   5.0344783e-01
   5.1460356e-01
   5.3169869e-01
   5.5491526e-01
   5.8439274e-01
   6.2021562e-01
   6.6240083e-01
   7.1088552e-01
   7.6551560e-01
   8.2603583e-01
   8.9208177e-01
   9.6317434e-01
   1.0387174e+00
   1.1179986e+00
   1.2001946e+00
   1.2843788e+00
   1.3695347e+00
   1.4545716e+00
   1.5383439e+00
   1.6196740e+00
   1.6973762e+00
   1.7702828e+00
   1.8372701e+00
   1.8972842e+00
   1.9493656e+00
   1.9926709e+00
   2.0264920e+00
   2.0502710e+00
   2.0636116e+00
   2.0662851e+00
   2.0582325e+00
   2.0395617e+00
   2.0105403e+00
   1.9715852e+00
   1.9232480e+00
   1.8661992e+00
   1.8012093e+00
   1.7291296e+00
   1.6508726e+00
   1.5673924e+00
   1.4796664e+00
   1.3886776e+00
   1.2954000e+00
   1.2007844e+00
   1.1057471e+00
   1.0111604e+00
   9.1784518e-01
   8.2656544e-01
   7.3802409e-01
   6.5286058e-01
   5.7164959e-01
   4.9490079e-01
   4.2305932e-01
   3.5650699e-01
   2.9556388e-01
   2.4049033e-01
   1.9148906e-01
   1.4870753e-01
   1.1224016e-01
   8.2130458e-02
   5.8372742e-02
   4.0914140e-02
   2.9661506e-02
   2.4504097e-02
   2.5327548e-02
   3.1956156e-02
   4.4135780e-02
   6.1591039e-02
   8.4039633e-02
   1.1118410e-01
   1.4270860e-01
   1.7827985e-01
   2.1754926e-01
   2.6015533e-01
   3.0572607e-01
   3.5388127e-01
   4.0423497e-01
   4.5639781e-01
   5.0997961e-01
   5.6459203e-01
   6.1985137e-01
   6.7538165e-01
   7.3081782e-01
   7.8580918e-01
   8.4002297e-01
   8.9314806e-01
   9.4489876e-01
   9.9501851e-01
   1.0432836e+00
   1.0895063e+00
   1.1335385e+00
   1.1752734e+00
   1.2146482e+00
   1.2516451e+00
   1.2862916e+00
   1.3186601e+00
   1.3488665e+00
   1.3770677e+00
   1.4034583e+00
   1.4282665e+00
   1.4517490e+00
   1.4741848e+00
   1.4958699e+00
   1.5171098e+00
   1.5382131e+00
   1.5594850e+00
   1.5812199e+00
   1.6036958e+00
   1.6271680e+00
   1.6518639e+00
   1.6779783e+00
   1.7056688e+00
   1.7350529e+00
   1.7662044e+00
   1.7991515e+00
   1.8338751e+00
   1.8703069e+00
   1.9083294e+00
   1.9477755e+00
   1.9884289e+00
   2.0300251e+00
   2.0722537e+00
   2.1147605e+00
   2.1571518e+00
   2.1989980e+00
   2.2398402e+00
   2.2791960e+00
   2.3165673e+00
   2.3514486e+00
   2.3833363e+00
   2.4117376e+00
   2.4361810e+00
   2.4562255e+00
   2.4714702e+00
   2.4815628e+00
   2.4862075e+00
   2.4851712e+00
   2.4782889e+00
   2.4654670e+00
   2.4466848e+00
   2.4219950e+00
   2.3915215e+00
   2.3554564e+00
   2.3140553e+00
   2.2676309e+00
   2.2165462e+00
   2.1612071e+00
   2.1020532e+00
   2.0395502e+00
   1.9741808e+00
   1.9064366e+00
   1.8368104e+00
   1.7657888e+00
   1.6938460e+00
   1.6214383e+00
   1.5489993e+00
   1.4769364e+00
   1.4056282e+00
   1.3354229e+00
   1.2666380e+00
   1.1995599e+00
   1.1344458e+00
   1.0715252e+00
   1.0110025e+00
