   1.6942784e-01
   1.7603089e-01
   1.8275353e-01
   1.8956592e-01
   1.9643880e-01
   2.0334369e-01
   2.1025297e-01
   2.1714010e-01
   2.2397970e-01
   2.3074771e-01
   2.3742149e-01
   2.4397992e-01
   2.5040347e-01
   2.5667430e-01
   2.6277629e-01
   2.6869502e-01
   2.7441782e-01
   2.7993374e-01
   2.8523346e-01
   2.9030924e-01
   2.9515483e-01
   2.9976529e-01
   3.0413691e-01
   3.0826700e-01
   3.1215370e-01
   3.1579583e-01
   3.1919262e-01
   3.2234353e-01
   3.2524806e-01
   3.2790549e-01
   3.3031474e-01
   3.3247414e-01
   3.3438130e-01
   3.3603298e-01
   3.3742496e-01
   3.3855201e-01
   3.3940782e-01
   3.3998503e-01
   3.4027530e-01
   3.4026936e-01
   3.3995720e-01
   3.3932820e-01
   3.3837140e-01
   3.3707571e-01
   3.3543023e-01
   3.3342452e-01
   3.3104898e-01
   3.2829518e-01
   3.2515619e-01
   3.2162695e-01
   3.1770463e-01
   3.1338892e-01
   3.0868235e-01
   3.0359059e-01
   2.9812262e-01
   2.9229100e-01
   2.8611197e-01
   2.7960556e-01
   2.7279563e-01
   2.6570986e-01
   2.5837968e-01
   2.5084012e-01
   2.4312969e-01
   2.3529007e-01
   2.2736590e-01
   2.1940438e-01
   2.1145496e-01
   2.0356891e-01
   1.9579889e-01
   1.8819849e-01
   1.8082175e-01
   1.7372270e-01
   1.6695481e-01
   1.6057056e-01
   1.5462090e-01
   1.4915483e-01
   1.4421886e-01
   1.3985664e-01
   1.3610852e-01
   1.3301113e-01
   1.3059706e-01
   1.2889452e-01
   1.2792701e-01
   1.2771312e-01
   1.2826629e-01
   1.2959460e-01
   1.3170066e-01
   1.3458151e-01
   1.3822854e-01
   1.4262748e-01
   1.4775844e-01
   1.5359595e-01
   1.6010904e-01
   1.6726146e-01
   1.7501177e-01
   1.8331364e-01
   1.9211607e-01
   2.0136373e-01
   2.1099726e-01
   2.2095370e-01
   2.3116685e-01
   2.4156781e-01
   2.5208538e-01
   2.6264663e-01
   2.7317745e-01
   2.8360309e-01
   2.9384879e-01
   3.0384036e-01
   3.1350481e-01
   3.2277097e-01
   3.3157012e-01
   3.3983659e-01
   3.4750834e-01
   3.5452758e-01
   3.6084127e-01
   3.6640160e-01
   3.7116653e-01
   3.7510008e-01
   3.7817277e-01
   3.8036183e-01
   3.8165144e-01
   3.8203287e-01
   3.8150450e-01
   3.8007186e-01
   3.7774746e-01
   3.7455067e-01
   3.7050747e-01
   3.6565010e-01
   3.6001671e-01
   3.5365091e-01
   3.4660125e-01
   3.3892075e-01
   3.3066625e-01
   3.2189785e-01
   3.1267831e-01
   3.0307239e-01
   2.9314624e-01
   2.8296680e-01
   2.7260117e-01
   2.6211608e-01
   2.5157730e-01
   2.4104915e-01
   2.3059407e-01
   2.2027215e-01
   2.1014077e-01
   2.0025430e-01
   1.9066380e-01
   1.8141680e-01
   1.7255714e-01
   1.6412480e-01
   1.5615586e-01
   1.4868241e-01
   1.4173258e-01
   1.3533051e-01
   1.2949649e-01
   1.2424694e-01
   1.1959458e-01
   1.1554854e-01
   1.1211446e-01
   1.0929469e-01
   1.0708840e-01
   1.0549176e-01
   1.0449812e-01
   1.0409814e-01
   1.0427997e-01
   1.0502945e-01
   1.0633022e-01
   1.0816392e-01
   1.1051032e-01
   1.1334749e-01
   1.1665196e-01
   1.2039887e-01
   1.2456209e-01
   1.2911442e-01
   1.3402768e-01
   1.3927291e-01
   1.4482049e-01
   1.5064032e-01
   1.5670193e-01
   1.6297466e-01
   1.6942784e-01
