   2.4188683e+00
   2.3499767e+00
   2.2802631e+00
   2.2096141e+00
   2.1379135e+00
   2.0650359e+00
   1.9908432e+00
   1.9151843e+00
   1.8378977e+00
   1.7588188e+00
   1.6777902e+00
   1.5946770e+00
   1.5093849e+00
   1.4218825e+00
   1.3322257e+00
   1.2405843e+00
   1.1472685e+00
   1.0527552e+00
   9.5771165e-01
   8.6301406e-01
   7.6976099e-01
   6.7927792e-01
   5.9311223e-01
   5.1301676e-01
   4.4092085e-01
   3.7888840e-01
   3.2906304e-01
   2.9360128e-01
   2.7459513e-01
   2.7398607e-01
   2.9347285e-01
   3.3441832e-01
   3.9776140e-01
   4.8393880e-01
   5.9281977e-01
   7.2365826e-01
   8.7506668e-01
   1.0450150e+00
   1.2308569e+00
   1.4293842e+00
   1.6369073e+00
   1.8493611e+00
   2.0624298e+00
   2.2716874e+00
   2.4727463e+00
   2.6614074e+00
   2.8338043e+00
   2.9865343e+00
   3.1167704e+00
   3.2223483e+00
   3.3018255e+00
   3.3545091e+00
   3.3804525e+00
   3.3804220e+00
   3.3558363e+00
   3.3086828e+00
   3.2414155e+00
   3.1568419e+00
   3.0580025e+00
   2.9480517e+00
   2.8301430e+00
   2.7073253e+00
   2.5824533e+00
   2.4581141e+00
   2.3365725e+00
   2.2197358e+00
   2.1091355e+00
   2.0059271e+00
   1.9109038e+00
   1.8245231e+00
   1.7469425e+00
   1.6780616e+00
   1.6175684e+00
   1.5649868e+00
   1.5197226e+00
   1.4811074e+00
   1.4484380e+00
   1.4210106e+00
   1.3981493e+00
   1.3792284e+00
   1.3636892e+00
   1.3510501e+00
   1.3409128e+00
   1.3329621e+00
   1.3269632e+00
   1.3227541e+00
   1.3202364e+00
   1.3193628e+00
   1.3201236e+00
   1.3225315e+00
   1.3266062e+00
   1.3323582e+00
   1.3397730e+00
   1.3487954e+00
   1.3593153e+00
   1.3711538e+00
   1.3840522e+00
   1.3976622e+00
   1.4115391e+00
   1.4251385e+00
   1.4378163e+00
   1.4488337e+00
   1.4573664e+00
   1.4625203e+00
   1.4633516e+00
   1.4588943e+00
   1.4481926e+00
   1.4303399e+00
   1.4045224e+00
   1.3700669e+00
   1.3264915e+00
   1.2735570e+00
   1.2113172e+00
   1.1401651e+00
   1.0608725e+00
   9.7461998e-01
   8.8301379e-01
   7.8808760e-01
   6.9228613e-01
   5.9842906e-01
   5.0965432e-01
   4.2934070e-01
   3.6101114e-01
   3.0821914e-01
   2.7442196e-01
   2.6284481e-01
   2.7634131e-01
   3.1725792e-01
   3.8731133e-01
   4.8748491e-01
   6.1794833e-01
   7.7800613e-01
   9.6608034e-01
   1.1797299e+00
   1.4157075e+00
   1.6700517e+00
   1.9382118e+00
   2.2151986e+00
   2.4957550e+00
   2.7745381e+00
   3.0463037e+00
   3.3060834e+00
   3.5493482e+00
   3.7721481e+00
   3.9712242e+00
   4.1440868e+00
   4.2890588e+00
   4.4052838e+00
   4.4926996e+00
   4.5519815e+00
   4.5844597e+00
   4.5920175e+00
   4.5769749e+00
   4.5419662e+00
   4.4898170e+00
   4.4234265e+00
   4.3456599e+00
   4.2592551e+00
   4.1667455e+00
   4.0704020e+00
   3.9721928e+00
   3.8737614e+00
   3.7764207e+00
   3.6811623e+00
   3.5886766e+00
   3.4993828e+00
   3.4134645e+00
   3.3309098e+00
   3.2515514e+00
   3.1751073e+00
   3.1012171e+00
   3.0294760e+00
   2.9594629e+00
   2.8907631e+00
   2.8229864e+00
   2.7557781e+00
   2.6888266e+00
   2.6218650e+00
   2.5546697e+00
   2.4870554e+00
   2.4188683e+00
