   9.5560010e-04
   9.4134059e-04
   9.5270883e-04
   9.8971054e-04
   1.0522338e-03
   1.1400482e-03
   1.2528047e-03
   1.3900353e-03
   1.5511534e-03
   1.7354557e-03
   1.9421238e-03
   2.1702273e-03
   2.4187266e-03
   2.6864771e-03
   2.9722335e-03
   3.2746544e-03
   3.5923080e-03
   3.9236780e-03
   4.2671702e-03
   4.6211192e-03
   4.9837964e-03
   5.3534177e-03
   5.7281525e-03
   6.1061318e-03
   6.4854584e-03
   6.8642161e-03
   7.2404798e-03
   7.6123258e-03
   7.9778422e-03
   8.3351392e-03
   8.6823601e-03
   9.0176917e-03
   9.3393745e-03
   9.6457134e-03
   9.9350877e-03
   1.0205961e-02
   1.0456889e-02
   1.0686531e-02
   1.0893657e-02
   1.1077154e-02
   1.1236035e-02
   1.1369444e-02
   1.1476662e-02
   1.1557112e-02
   1.1610361e-02
   1.1636124e-02
   1.1634267e-02
   1.1604804e-02
   1.1547901e-02
   1.1463874e-02
   1.1353183e-02
   1.1216435e-02
   1.1054375e-02
   1.0867885e-02
   1.0657975e-02
   1.0425778e-02
   1.0172545e-02
   9.8996322e-03
   9.6084980e-03
   9.3006899e-03
   8.9778373e-03
   8.6416410e-03
   8.2938633e-03
   7.9363174e-03
   7.5708577e-03
   7.1993684e-03
   6.8237538e-03
   6.4459274e-03
   6.0678018e-03
   5.6912788e-03
   5.3182394e-03
   4.9505341e-03
   4.5899745e-03
   4.2383239e-03
   3.8972891e-03
   3.5685130e-03
   3.2535669e-03
   2.9539437e-03
   2.6710518e-03
   2.4062091e-03
   2.1606379e-03
   1.9354601e-03
   1.7316932e-03
   1.5502464e-03
   1.3919177e-03
   1.2573915e-03
   1.1472366e-03
   1.0619052e-03
   1.0017331e-03
   9.6693915e-04
   9.5762650e-04
   9.7378224e-04
   1.0152775e-03
   1.0818674e-03
   1.1731918e-03
   1.2887773e-03
   1.4280400e-03
   1.5902889e-03
   1.7747298e-03
   1.9804689e-03
   2.2065178e-03
   2.4517970e-03
   2.7151413e-03
   2.9953047e-03
   3.2909655e-03
   3.6007321e-03
   3.9231493e-03
   4.2567037e-03
   4.5998311e-03
   4.9509226e-03
   5.3083320e-03
   5.6703829e-03
   6.0353759e-03
   6.4015964e-03
   6.7673224e-03
   7.1308318e-03
   7.4904109e-03
   7.8443618e-03
   8.1910109e-03
   8.5287160e-03
   8.8558748e-03
   9.1709324e-03
   9.4723885e-03
   9.7588055e-03
   1.0028815e-02
   1.0281123e-02
   1.0514522e-02
   1.0727889e-02
   1.0920199e-02
   1.1090523e-02
   1.1238040e-02
   1.1362036e-02
   1.1461910e-02
   1.1537176e-02
   1.1587467e-02
   1.1612535e-02
   1.1612255e-02
   1.1586625e-02
   1.1535761e-02
   1.1459907e-02
   1.1359422e-02
   1.1234787e-02
   1.1086597e-02
   1.0915563e-02
   1.0722504e-02
   1.0508343e-02
   1.0274105e-02
   1.0020912e-02
   9.7499737e-03
   9.4625835e-03
   9.1601130e-03
   8.8440040e-03
   8.5157614e-03
   8.1769463e-03
   7.8291678e-03
   7.4740761e-03
   7.1133538e-03
   6.7487082e-03
   6.3818636e-03
   6.0145528e-03
   5.6485095e-03
   5.2854600e-03
   4.9271156e-03
   4.5751651e-03
   4.2312667e-03
   3.8970412e-03
   3.5740645e-03
   3.2638610e-03
   2.9678968e-03
   2.6875732e-03
   2.4242208e-03
   2.1790937e-03
   1.9533640e-03
   1.7481166e-03
   1.5643443e-03
   1.4029433e-03
   1.2647090e-03
   1.1503317e-03
   1.0603935e-03
   9.9536435e-04
   9.5560010e-04
