   1.8255131e-01
   1.7834597e-01
   1.7772746e-01
   1.8066024e-01
   1.8709632e-01
   1.9697561e-01
   2.1022626e-01
   2.2676490e-01
   2.4649682e-01
   2.6931604e-01
   2.9510543e-01
   3.2373670e-01
   3.5507053e-01
   3.8895656e-01
   4.2523356e-01
   4.6372955e-01
   5.0426207e-01
   5.4663847e-01
   5.9065634e-01
   6.3610406e-01
   6.8276145e-01
   7.3040053e-01
   7.7878650e-01
   8.2767875e-01
   8.7683211e-01
   9.2599813e-01
   9.7492655e-01
   1.0233669e+00
   1.0710699e+00
   1.1177898e+00
   1.1632853e+00
   1.2073220e+00
   1.2496738e+00
   1.2901250e+00
   1.3284716e+00
   1.3645233e+00
   1.3981046e+00
   1.4290563e+00
   1.4572369e+00
   1.4825230e+00
   1.5048107e+00
   1.5240157e+00
   1.5400738e+00
   1.5529409e+00
   1.5625927e+00
   1.5690248e+00
   1.5722514e+00
   1.5723049e+00
   1.5692350e+00
   1.5631072e+00
   1.5540016e+00
   1.5420115e+00
   1.5272423e+00
   1.5098092e+00
   1.4898362e+00
   1.4674546e+00
   1.4428009e+00
   1.4160162e+00
   1.3872441e+00
   1.3566298e+00
   1.3243188e+00
   1.2904562e+00
   1.2551852e+00
   1.2186470e+00
   1.1809800e+00
   1.1423190e+00
   1.1027953e+00
   1.0625364e+00
   1.0216659e+00
   9.8030346e-01
   9.3856505e-01
   8.9656310e-01
   8.5440684e-01
   8.1220262e-01
   7.7005436e-01
   7.2806396e-01
   6.8633179e-01
   6.4495722e-01
   6.0403906e-01
   5.6367611e-01
   5.2396768e-01
   4.8501404e-01
   4.4691692e-01
   4.0977992e-01
   3.7370895e-01
   3.3881256e-01
   3.0520228e-01
   2.7299281e-01
   2.4230227e-01
   2.1325221e-01
   1.8596763e-01
   1.6057688e-01
   1.3721139e-01
   1.1600529e-01
   9.7094918e-02
   8.0618094e-02
   6.6713327e-02
   5.5518837e-02
   4.7171510e-02
   4.1805772e-02
   3.9552171e-02
   4.0535270e-02
   4.4870948e-02
   5.2664051e-02
   6.4006726e-02
   7.8976728e-02
   9.7635247e-02
   1.2002447e-01
   1.4616510e-01
   1.7605402e-01
   2.0966205e-01
   2.4693189e-01
   2.8777638e-01
   3.3207691e-01
   3.7968223e-01
   4.3040767e-01
   4.8403473e-01
   5.4031118e-01
   5.9895160e-01
   6.5963857e-01
   7.2202427e-01
   7.8573273e-01
   8.5036258e-01
   9.1549032e-01
   9.8067408e-01
   1.0454579e+00
   1.1093762e+00
   1.1719589e+00
   1.2327364e+00
   1.2912450e+00
   1.3470323e+00
   1.3996627e+00
   1.4487223e+00
   1.4938242e+00
   1.5346134e+00
   1.5707707e+00
   1.6020167e+00
   1.6281153e+00
   1.6488761e+00
   1.6641567e+00
   1.6738638e+00
   1.6779544e+00
   1.6764349e+00
   1.6693612e+00
   1.6568370e+00
   1.6390118e+00
   1.6160783e+00
   1.5882696e+00
   1.5558555e+00
   1.5191385e+00
   1.4784501e+00
   1.4341462e+00
   1.3866028e+00
   1.3362111e+00
   1.2833739e+00
   1.2285003e+00
   1.1720023e+00
   1.1142906e+00
   1.0557708e+00
   9.9684029e-01
   9.3788520e-01
   8.7927770e-01
   8.2137381e-01
   7.6451146e-01
   7.0900901e-01
   6.5516407e-01
   6.0325266e-01
   5.5352870e-01
   5.0622380e-01
   4.6154724e-01
   4.1968627e-01
   3.8080646e-01
   3.4505235e-01
   3.1254813e-01
   2.8339841e-01
   2.5768908e-01
   2.3548816e-01
   2.1684667e-01
   2.0179949e-01
   1.9036609e-01
   1.8255131e-01
