   7.3394654e-01
   6.5008371e-01
   5.8545362e-01
   5.3937652e-01
   5.1109054e-01
   4.9978394e-01
   5.0462561e-01
   5.2479381e-01
   5.5950278e-01
   6.0802631e-01
   6.6971713e-01
   7.4402104e-01
   8.3048540e-01
   9.2876172e-01
   1.0386023e+00
   1.1598511e+00
   1.2924288e+00
   1.4363122e+00
   1.5915096e+00
   1.7580308e+00
   1.9358547e+00
   2.1248946e+00
   2.3249630e+00
   2.5357367e+00
   2.7567249e+00
   2.9872411e+00
   3.2263811e+00
   3.4730081e+00
   3.7257463e+00
   3.9829846e+00
   4.2428901e+00
   4.5034321e+00
   4.7624159e+00
   5.0175259e+00
   5.2663756e+00
   5.5065631e+00
   5.7357304e+00
   5.9516216e+00
   6.1521393e+00
   6.3353957e+00
   6.4997546e+00
   6.6438643e+00
   6.7666772e+00
   6.8674573e+00
   6.9457739e+00
   7.0014826e+00
   7.0346948e+00
   7.0457385e+00
   7.0351123e+00
   7.0034354e+00
   6.9513987e+00
   6.8797184e+00
   6.7890964e+00
   6.6801895e+00
   6.5535904e+00
   6.4098200e+00
   6.2493339e+00
   6.0725401e+00
   5.8798285e+00
   5.6716089e+00
   5.4483561e+00
   5.2106576e+00
   4.9592617e+00
   4.6951227e+00
   4.4194392e+00
   4.1336838e+00
   3.8396217e+00
   3.5393160e+00
   3.2351202e+00
   2.9296563e+00
   2.6257801e+00
   2.3265347e+00
   2.0350932e+00
   1.7546937e+00
   1.4885689e+00
   1.2398717e+00
   1.0116014e+00
   8.0653143e-01
   6.2714073e-01
   4.7555258e-01
   3.5348120e-01
   2.6219074e-01
   2.0247497e-01
   1.7466097e-01
   1.7859095e-01
   2.1354631e-01
   2.7825337e-01
   3.7097817e-01
   4.8958059e-01
   6.3154448e-01
   7.9402074e-01
   9.7388438e-01
   1.1678003e+00
   1.3722945e+00
   1.5838289e+00
   1.7988779e+00
   2.0140056e+00
   2.2259418e+00
   2.4316550e+00
   2.6284213e+00
   2.8138871e+00
   2.9861233e+00
   3.1436706e+00
   3.2855729e+00
   3.4113983e+00
   3.5212459e+00
   3.6157382e+00
   3.6959975e+00
   3.7636069e+00
   3.8205575e+00
   3.8691800e+00
   3.9120658e+00
   3.9519775e+00
   3.9917526e+00
   4.0342040e+00
   4.0820200e+00
   4.1376691e+00
   4.2033121e+00
   4.2807266e+00
   4.3712455e+00
   4.4757145e+00
   4.5944682e+00
   4.7273274e+00
   4.8736174e+00
   5.0322046e+00
   5.2015523e+00
   5.3797889e+00
   5.5647882e+00
   5.7542546e+00
   5.9458100e+00
   6.1370776e+00
   6.3257573e+00
   6.5096901e+00
   6.6869076e+00
   6.8556655e+00
   7.0144597e+00
   7.1620255e+00
   7.2973219e+00
   7.4195027e+00
   7.5278789e+00
   7.6218746e+00
   7.7009823e+00
   7.7647201e+00
   7.8125952e+00
   7.8440766e+00
   7.8585792e+00
   7.8554604e+00
   7.8340306e+00
   7.7935747e+00
   7.7333857e+00
   7.6528062e+00
   7.5512754e+00
   7.4283791e+00
   7.2838987e+00
   7.1178558e+00
   6.9305509e+00
   6.7225917e+00
   6.4949115e+00
   6.2487749e+00
   5.9857713e+00
   5.7077963e+00
   5.4170217e+00
   5.1158557e+00
   4.8068954e+00
   4.4928729e+00
   4.1765988e+00
   3.8609027e+00
   3.5485766e+00
   3.2423195e+00
   2.9446877e+00
   2.6580501e+00
   2.3845521e+00
   2.1260856e+00
   1.8842687e+00
   1.6604331e+00
   1.4556198e+00
   1.2705820e+00
   1.1057962e+00
   9.6147833e-01
   8.3760635e-01
   7.3394654e-01
