   2.7399988e-05
   2.7390149e-05
   2.7392579e-05
   2.7407284e-05
   2.7434202e-05
   2.7473211e-05
   2.7524124e-05
   2.7586695e-05
   2.7660614e-05
   2.7745513e-05
   2.7840964e-05
   2.7946487e-05
   2.8061544e-05
   2.8185550e-05
   2.8317870e-05
   2.8457825e-05
   2.8604693e-05
   2.8757716e-05
   2.8916103e-05
   2.9079032e-05
   2.9245654e-05
   2.9415102e-05
   2.9586490e-05
   2.9758921e-05
   2.9931491e-05
   3.0103292e-05
   3.0273420e-05
   3.0440976e-05
   3.0605074e-05
   3.0764842e-05
   3.0919432e-05
   3.1068019e-05
   3.1209808e-05
   3.1344037e-05
   3.1469983e-05
   3.1586963e-05
   3.1694342e-05
   3.1791529e-05
   3.1877989e-05
   3.1953237e-05
   3.2016848e-05
   3.2068454e-05
   3.2107749e-05
   3.2134489e-05
   3.2148494e-05
   3.2149649e-05
   3.2137902e-05
   3.2113270e-05
   3.2075832e-05
   3.2025733e-05
   3.1963183e-05
   3.1888453e-05
   3.1801878e-05
   3.1703850e-05
   3.1594820e-05
   3.1475295e-05
   3.1345833e-05
   3.1207042e-05
   3.1059578e-05
   3.0904138e-05
   3.0741460e-05
   3.0572318e-05
   3.0397516e-05
   3.0217887e-05
   3.0034288e-05
   2.9847594e-05
   2.9658695e-05
   2.9468491e-05
   2.9277888e-05
   2.9087793e-05
   2.8899110e-05
   2.8712734e-05
   2.8529550e-05
   2.8350424e-05
   2.8176202e-05
   2.8007706e-05
   2.7845729e-05
   2.7691030e-05
   2.7544333e-05
   2.7406323e-05
   2.7277640e-05
   2.7158880e-05
   2.7050591e-05
   2.6953269e-05
   2.6867356e-05
   2.6793241e-05
   2.6731254e-05
   2.6681670e-05
   2.6644703e-05
   2.6620507e-05
   2.6609176e-05
   2.6610743e-05
   2.6625183e-05
   2.6652407e-05
   2.6692271e-05
   2.6744569e-05
   2.6809041e-05
   2.6885368e-05
   2.6973180e-05
   2.7072053e-05
   2.7181516e-05
   2.7301047e-05
   2.7430083e-05
   2.7568016e-05
   2.7714201e-05
   2.7867957e-05
   2.8028570e-05
   2.8195297e-05
   2.8367369e-05
   2.8543996e-05
   2.8724369e-05
   2.8907664e-05
   2.9093048e-05
   2.9279678e-05
   2.9466710e-05
   2.9653301e-05
   2.9838610e-05
   3.0021806e-05
   3.0202069e-05
   3.0378595e-05
   3.0550598e-05
   3.0717314e-05
   3.0878008e-05
   3.1031969e-05
   3.1178523e-05
   3.1317026e-05
   3.1446877e-05
   3.1567512e-05
   3.1678410e-05
   3.1779096e-05
   3.1869143e-05
   3.1948172e-05
   3.2015855e-05
   3.2071917e-05
   3.2116135e-05
   3.2148342e-05
   3.2168426e-05
   3.2176331e-05
   3.2172058e-05
   3.2155661e-05
   3.2127256e-05
   3.2087009e-05
   3.2035144e-05
   3.1971940e-05
   3.1897727e-05
   3.1812888e-05
   3.1717856e-05
   3.1613112e-05
   3.1499184e-05
   3.1376643e-05
   3.1246103e-05
   3.1108213e-05
   3.0963663e-05
   3.0813172e-05
   3.0657490e-05
   3.0497392e-05
   3.0333676e-05
   3.0167160e-05
   2.9998674e-05
   2.9829062e-05
   2.9659173e-05
   2.9489859e-05
   2.9321972e-05
   2.9156357e-05
   2.8993850e-05
   2.8835274e-05
   2.8681432e-05
   2.8533108e-05
   2.8391058e-05
   2.8256008e-05
   2.8128652e-05
   2.8009645e-05
   2.7899603e-05
   2.7799097e-05
   2.7708650e-05
   2.7628738e-05
   2.7559782e-05
   2.7502149e-05
   2.7456148e-05
   2.7422031e-05
   2.7399988e-05
