   3.6617423e-01
   3.4842683e-01
   3.3189295e-01
   3.1668980e-01
   3.0292224e-01
   2.9068237e-01
   2.8004922e-01
   2.7108852e-01
   2.6385245e-01
   2.5837944e-01
   2.5469406e-01
   2.5280682e-01
   2.5271413e-01
   2.5439819e-01
   2.5782704e-01
   2.6295455e-01
   2.6972057e-01
   2.7805112e-01
   2.8785865e-01
   2.9904246e-01
   3.1148915e-01
   3.2507325e-01
   3.3965788e-01
   3.5509565e-01
   3.7122959e-01
   3.8789418e-01
   4.0491660e-01
   4.2211799e-01
   4.3931485e-01
   4.5632057e-01
   4.7294703e-01
   4.8900627e-01
   5.0431226e-01
   5.1868274e-01
   5.3194110e-01
   5.4391832e-01
   5.5445488e-01
   5.6340273e-01
   5.7062721e-01
   5.7600892e-01
   5.7944546e-01
   5.8085311e-01
   5.8016831e-01
   5.7734895e-01
   5.7237542e-01
   5.6525138e-01
   5.5600421e-01
   5.4468521e-01
   5.3136928e-01
   5.1615442e-01
   4.9916073e-01
   4.8052909e-01
   4.6041954e-01
   4.3900928e-01
   4.1649044e-01
   3.9306758e-01
   3.6895505e-01
   3.4437418e-01
   3.1955045e-01
   2.9471058e-01
   2.7007975e-01
   2.4587883e-01
   2.2232185e-01
   1.9961355e-01
   1.7794726e-01
   1.5750299e-01
   1.3844573e-01
   1.2092418e-01
   1.0506962e-01
   9.0995202e-02
   7.8795506e-02
   6.8546493e-02
   6.0305808e-02
   5.4113428e-02
   4.9992426e-02
   4.7949423e-02
   4.7974394e-02
   5.0040202e-02
   5.4102762e-02
   6.0102354e-02
   6.7965564e-02
   7.7607080e-02
   8.8931023e-02
   1.0183192e-01
   1.1619550e-01
   1.3189949e-01
   1.4881432e-01
   1.6680401e-01
   1.8572685e-01
   2.0543630e-01
   2.2578179e-01
   2.4660958e-01
   2.6776362e-01
   2.8908659e-01
   3.1042085e-01
   3.3160957e-01
   3.5249790e-01
   3.7293429e-01
   3.9277181e-01
   4.1186964e-01
   4.3009459e-01
   4.4732266e-01
   4.6344068e-01
   4.7834787e-01
   4.9195739e-01
   5.0419781e-01
   5.1501443e-01
   5.2437041e-01
   5.3224764e-01
   5.3864742e-01
   5.4359071e-01
   5.4711814e-01
   5.4928955e-01
   5.5018324e-01
   5.4989481e-01
   5.4853567e-01
   5.4623120e-01
   5.4311871e-01
   5.3934506e-01
   5.3506430e-01
   5.3043511e-01
   5.2561823e-01
   5.2077401e-01
   5.1606007e-01
   5.1162900e-01
   5.0762645e-01
   5.0418924e-01
   5.0144382e-01
   4.9950486e-01
   4.9847405e-01
   4.9843907e-01
   4.9947265e-01
   5.0163172e-01
   5.0495661e-01
   5.0947036e-01
   5.1517794e-01
   5.2206569e-01
   5.3010064e-01
   5.3923015e-01
   5.4938160e-01
   5.6046234e-01
   5.7236001e-01
   5.8494313e-01
   5.9806222e-01
   6.1155130e-01
   6.2522993e-01
   6.3890567e-01
   6.5237702e-01
   6.6543680e-01
   6.7787574e-01
   6.8948638e-01
   7.0006704e-01
   7.0942577e-01
   7.1738416e-01
   7.2378096e-01
   7.2847519e-01
   7.3134892e-01
   7.3230944e-01
   7.3129086e-01
   7.2825508e-01
   7.2319213e-01
   7.1611991e-01
   7.0708336e-01
   6.9615310e-01
   6.8342364e-01
   6.6901122e-01
   6.5305137e-01
   6.3569626e-01
   6.1711193e-01
   5.9747555e-01
   5.7697256e-01
   5.5579408e-01
   5.3413430e-01
   5.1218818e-01
   4.9014921e-01
   4.6820751e-01
   4.4654807e-01
   4.2534923e-01
   4.0478140e-01
   3.8500595e-01
   3.6617423e-01
