   2.0264632e-06
   2.0256246e-06
   2.0257188e-06
   2.0267491e-06
   2.0287142e-06
   2.0316081e-06
   2.0354198e-06
   2.0401335e-06
   2.0457286e-06
   2.0521798e-06
   2.0594573e-06
   2.0675267e-06
   2.0763492e-06
   2.0858820e-06
   2.0960781e-06
   2.1068869e-06
   2.1182545e-06
   2.1301234e-06
   2.1424336e-06
   2.1551221e-06
   2.1681239e-06
   2.1813720e-06
   2.1947979e-06
   2.2083318e-06
   2.2219031e-06
   2.2354409e-06
   2.2488740e-06
   2.2621319e-06
   2.2751446e-06
   2.2878433e-06
   2.3001607e-06
   2.3120314e-06
   2.3233924e-06
   2.3341832e-06
   2.3443461e-06
   2.3538270e-06
   2.3625752e-06
   2.3705438e-06
   2.3776902e-06
   2.3839762e-06
   2.3893679e-06
   2.3938366e-06
   2.3973583e-06
   2.3999140e-06
   2.4014900e-06
   2.4020780e-06
   2.4016749e-06
   2.4002827e-06
   2.3979090e-06
   2.3945666e-06
   2.3902735e-06
   2.3850526e-06
   2.3789321e-06
   2.3719447e-06
   2.3641278e-06
   2.3555232e-06
   2.3461768e-06
   2.3361386e-06
   2.3254619e-06
   2.3142036e-06
   2.3024233e-06
   2.2901835e-06
   2.2775488e-06
   2.2645859e-06
   2.2513630e-06
   2.2379495e-06
   2.2244156e-06
   2.2108317e-06
   2.1972687e-06
   2.1837966e-06
   2.1704851e-06
   2.1574024e-06
   2.1446156e-06
   2.1321896e-06
   2.1201874e-06
   2.1086693e-06
   2.0976928e-06
   2.0873123e-06
   2.0775790e-06
   2.0685401e-06
   2.0602392e-06
   2.0527158e-06
   2.0460051e-06
   2.0401378e-06
   2.0351403e-06
   2.0310342e-06
   2.0278365e-06
   2.0255595e-06
   2.0242105e-06
   2.0237924e-06
   2.0243032e-06
   2.0257363e-06
   2.0280804e-06
   2.0313200e-06
   2.0354352e-06
   2.0404018e-06
   2.0461918e-06
   2.0527733e-06
   2.0601108e-06
   2.0681656e-06
   2.0768958e-06
   2.0862565e-06
   2.0962002e-06
   2.1066773e-06
   2.1176359e-06
   2.1290224e-06
   2.1407815e-06
   2.1528569e-06
   2.1651912e-06
   2.1777264e-06
   2.1904039e-06
   2.2031653e-06
   2.2159520e-06
   2.2287058e-06
   2.2413693e-06
   2.2538859e-06
   2.2662000e-06
   2.2782573e-06
   2.2900052e-06
   2.3013925e-06
   2.3123701e-06
   2.3228911e-06
   2.3329104e-06
   2.3423856e-06
   2.3512768e-06
   2.3595466e-06
   2.3671605e-06
   2.3740867e-06
   2.3802965e-06
   2.3857642e-06
   2.3904672e-06
   2.3943860e-06
   2.3975046e-06
   2.3998099e-06
   2.4012925e-06
   2.4019462e-06
   2.4017680e-06
   2.4007585e-06
   2.3989217e-06
   2.3962648e-06
   2.3927985e-06
   2.3885369e-06
   2.3834973e-06
   2.3777002e-06
   2.3711694e-06
   2.3639319e-06
   2.3560178e-06
   2.3474599e-06
   2.3382943e-06
   2.3285596e-06
   2.3182971e-06
   2.3075508e-06
   2.2963669e-06
   2.2847939e-06
   2.2728823e-06
   2.2606846e-06
   2.2482548e-06
   2.2356486e-06
   2.2229227e-06
   2.2101350e-06
   2.1973440e-06
   2.1846090e-06
   2.1719894e-06
   2.1595444e-06
   2.1473332e-06
   2.1354144e-06
   2.1238455e-06
   2.1126833e-06
   2.1019827e-06
   2.0917971e-06
   2.0821780e-06
   2.0731744e-06
   2.0648328e-06
   2.0571970e-06
   2.0503074e-06
   2.0442013e-06
   2.0389123e-06
   2.0344702e-06
   2.0309010e-06
   2.0282262e-06
   2.0264632e-06
