   2.4653991e-02
   2.3437937e-02
   2.2481869e-02
   2.1793147e-02
   2.1378402e-02
   2.1243471e-02
   2.1393334e-02
   2.1832041e-02
   2.2562624e-02
   2.3587014e-02
   2.4905948e-02
   2.6518870e-02
   2.8423839e-02
   3.0617433e-02
   3.3094656e-02
   3.5848853e-02
   3.8871630e-02
   4.2152780e-02
   4.5680225e-02
   4.9439976e-02
   5.3416097e-02
   5.7590703e-02
   6.1943974e-02
   6.6454189e-02
   7.1097791e-02
   7.5849481e-02
   8.0682337e-02
   8.5567958e-02
   9.0476648e-02
   9.5377614e-02
   1.0023921e-01
   1.0502917e-01
   1.0971492e-01
   1.1426386e-01
   1.1864367e-01
   1.2282263e-01
   1.2676999e-01
   1.3045625e-01
   1.3385352e-01
   1.3693584e-01
   1.3967944e-01
   1.4206309e-01
   1.4406827e-01
   1.4567947e-01
   1.4688435e-01
   1.4767388e-01
   1.4804245e-01
   1.4798796e-01
   1.4751182e-01
   1.4661893e-01
   1.4531761e-01
   1.4361950e-01
   1.4153940e-01
   1.3909508e-01
   1.3630706e-01
   1.3319834e-01
   1.2979415e-01
   1.2612163e-01
   1.2220952e-01
   1.1808787e-01
   1.1378765e-01
   1.0934049e-01
   1.0477832e-01
   1.0013308e-01
   9.5436444e-02
   9.0719502e-02
   8.6012552e-02
   8.1344852e-02
   7.6744420e-02
   7.2237861e-02
   6.7850217e-02
   6.3604849e-02
   5.9523343e-02
   5.5625442e-02
   5.1929005e-02
   4.8449989e-02
   4.5202449e-02
   4.2198561e-02
   3.9448660e-02
   3.6961295e-02
   3.4743289e-02
   3.2799823e-02
   3.1134513e-02
   2.9749502e-02
   2.8645554e-02
   2.7822142e-02
   2.7277543e-02
   2.7008922e-02
   2.7012420e-02
   2.7283225e-02
   2.7815649e-02
   2.8603197e-02
   2.9638628e-02
   3.0914017e-02
   3.2420814e-02
   3.4149895e-02
   3.6091608e-02
   3.8235820e-02
   4.0571951e-02
   4.3089014e-02
   4.5775640e-02
   4.8620110e-02
   5.1610379e-02
   5.4734099e-02
   5.7978644e-02
   6.1331130e-02
   6.4778440e-02
   6.8307244e-02
   7.1904025e-02
   7.5555102e-02
   7.9246659e-02
   8.2964767e-02
   8.6695421e-02
   9.0424560e-02
   9.4138110e-02
   9.7822008e-02
   1.0146224e-01
   1.0504489e-01
   1.0855614e-01
   1.1198237e-01
   1.1531012e-01
   1.1852621e-01
   1.2161772e-01
   1.2457208e-01
   1.2737709e-01
   1.3002095e-01
   1.3249236e-01
   1.3478052e-01
   1.3687521e-01
   1.3876683e-01
   1.4044646e-01
   1.4190590e-01
   1.4313774e-01
   1.4413542e-01
   1.4489326e-01
   1.4540652e-01
   1.4567146e-01
   1.4568539e-01
   1.4544668e-01
   1.4495483e-01
   1.4421049e-01
   1.4321545e-01
   1.4197272e-01
   1.4048648e-01
   1.3876209e-01
   1.3680609e-01
   1.3462615e-01
   1.3223107e-01
   1.2963068e-01
   1.2683587e-01
   1.2385843e-01
   1.2071106e-01
   1.1740725e-01
   1.1396119e-01
   1.1038771e-01
   1.0670219e-01
   1.0292043e-01
   9.9058595e-02
   9.5133114e-02
   9.1160582e-02
   8.7157684e-02
   8.3141116e-02
   7.9127504e-02
   7.5133345e-02
   7.1174938e-02
   6.7268337e-02
   6.3429299e-02
   5.9673246e-02
   5.6015232e-02
   5.2469915e-02
   4.9051535e-02
   4.5773896e-02
   4.2650352e-02
   3.9693794e-02
   3.6916640e-02
   3.4330824e-02
   3.1947785e-02
   2.9778453e-02
   2.7833234e-02
   2.6121984e-02
   2.4653991e-02
