   1.3412533e-06
   1.0826171e-06
   2.8316727e-06
   6.5857500e-06
   1.2329972e-05
   2.0036211e-05
   2.9666757e-05
   4.1174602e-05
   5.4503629e-05
   6.9588862e-05
   8.6356765e-05
   1.0472560e-04
   1.2460582e-04
   1.4590049e-04
   1.6850579e-04
   1.9231146e-04
   2.1720141e-04
   2.4305422e-04
   2.6974378e-04
   2.9713987e-04
   3.2510880e-04
   3.5351409e-04
   3.8221709e-04
   4.1107771e-04
   4.3995506e-04
   4.6870816e-04
   4.9719662e-04
   5.2528136e-04
   5.5282521e-04
   5.7969370e-04
   6.0575561e-04
   6.3088368e-04
   6.5495520e-04
   6.7785264e-04
   6.9946419e-04
   7.1968435e-04
   7.3841441e-04
   7.5556298e-04
   7.7104638e-04
   7.8478909e-04
   7.9672412e-04
   8.0679331e-04
   8.1494764e-04
   8.2114748e-04
   8.2536272e-04
   8.2757301e-04
   8.2776776e-04
   8.2594627e-04
   8.2211767e-04
   8.1630092e-04
   8.0852468e-04
   7.9882717e-04
   7.8725600e-04
   7.7386790e-04
   7.5872846e-04
   7.4191182e-04
   7.2350025e-04
   7.0358379e-04
   6.8225980e-04
   6.5963246e-04
   6.3581227e-04
   6.1091549e-04
   5.8506362e-04
   5.5838272e-04
   5.3100289e-04
   5.0305753e-04
   4.7468280e-04
   4.4601684e-04
   4.1719920e-04
   3.8837009e-04
   3.5966973e-04
   3.3123767e-04
   3.0321209e-04
   2.7572917e-04
   2.4892240e-04
   2.2292193e-04
   1.9785397e-04
   1.7384016e-04
   1.5099700e-04
   1.2943527e-04
   1.0925951e-04
   9.0567539e-05
   7.3449934e-05
   5.7989647e-05
   4.4261584e-05
   3.2332261e-05
   2.2259486e-05
   1.4092090e-05
   7.8696468e-06
   3.6217721e-06
   1.3629291e-06
   1.0948048e-06
   2.8586534e-06
   6.6230954e-06
   1.2365750e-05
   2.0060030e-05
   2.9669271e-05
   4.1147195e-05
   5.4438333e-05
   6.9478368e-05
   8.6194470e-05
   1.0450566e-04
   1.2432322e-04
   1.4555109e-04
   1.6808636e-04
   1.9181977e-04
   2.1663620e-04
   2.4241527e-04
   2.6903187e-04
   2.9635682e-04
   3.2425745e-04
   3.5259824e-04
   3.8124153e-04
   4.1004810e-04
   4.3887793e-04
   4.6759081e-04
   4.9604708e-04
   5.2410825e-04
   5.5163773e-04
   5.7850146e-04
   6.0456857e-04
   6.2971203e-04
   6.5380926e-04
   6.7674273e-04
   6.9840055e-04
   7.1867701e-04
   7.3747309e-04
   7.5469696e-04
   7.7026444e-04
   7.8409940e-04
   7.9613412e-04
   8.0630967e-04
   8.1457617e-04
   8.2089306e-04
   8.2522926e-04
   8.2756338e-04
   8.2788379e-04
   8.2618870e-04
   8.2248616e-04
   8.1679404e-04
   8.0913991e-04
   7.9956095e-04
   7.8810374e-04
   7.7482406e-04
   7.5978658e-04
   7.4306457e-04
   7.2473956e-04
   7.0490088e-04
   6.8364529e-04
   6.6107647e-04
   6.3730453e-04
   6.1244542e-04
   5.8662046e-04
   5.5995564e-04
   5.3258107e-04
   5.0463034e-04
   4.7623982e-04
   4.4754804e-04
   4.1869499e-04
   3.8982146e-04
   3.6106830e-04
   3.3257579e-04
   3.0448293e-04
   2.7692674e-04
   2.5004164e-04
   2.2395876e-04
   1.9880531e-04
   1.7470394e-04
   1.5177219e-04
   1.3012188e-04
   1.0985858e-04
   9.1081075e-05
   7.3880921e-05
   5.8341968e-05
   4.4539967e-05
   3.2542190e-05
   2.2407099e-05
   1.4184047e-05
   7.9130178e-06
   3.6244949e-06
   1.3412533e-06
