   1.1383479e+00
   1.1301059e+00
   1.1208481e+00
   1.1106244e+00
   1.0994851e+00
   1.0874814e+00
   1.0746649e+00
   1.0610881e+00
   1.0468042e+00
   1.0318675e+00
   1.0163332e+00
   1.0002579e+00
   9.8369940e-01
   9.6671728e-01
   9.4937265e-01
   9.3172848e-01
   9.1384968e-01
   8.9580320e-01
   8.7765804e-01
   8.5948530e-01
   8.4135815e-01
   8.2335176e-01
   8.0554314e-01
   7.8801099e-01
   7.7083544e-01
   7.5409774e-01
   7.3787989e-01
   7.2226421e-01
   7.0733284e-01
   6.9316718e-01
   6.7984726e-01
   6.6745112e-01
   6.5605407e-01
   6.4572796e-01
   6.3654046e-01
   6.2855423e-01
   6.2182624e-01
   6.1640700e-01
   6.1233986e-01
   6.0966039e-01
   6.0839580e-01
   6.0856446e-01
   6.1017551e-01
   6.1322860e-01
   6.1771371e-01
   6.2361116e-01
   6.3089171e-01
   6.3951680e-01
   6.4943896e-01
   6.6060228e-01
   6.7294309e-01
   6.8639067e-01
   7.0086811e-01
   7.1629322e-01
   7.3257950e-01
   7.4963720e-01
   7.6737431e-01
   7.8569766e-01
   8.0451387e-01
   8.2373040e-01
   8.4325644e-01
   8.6300373e-01
   8.8288738e-01
   9.0282648e-01
   9.2274467e-01
   9.4257058e-01
   9.6223812e-01
   9.8168671e-01
   1.0008614e+00
   1.0197126e+00
   1.0381965e+00
   1.0562742e+00
   1.0739116e+00
   1.0910793e+00
   1.1077519e+00
   1.1239073e+00
   1.1395264e+00
   1.1545925e+00
   1.1690905e+00
   1.1830066e+00
   1.1963270e+00
   1.2090383e+00
   1.2211260e+00
   1.2325744e+00
   1.2433660e+00
   1.2534809e+00
   1.2628966e+00
   1.2715875e+00
   1.2795247e+00
   1.2866756e+00
   1.2930042e+00
   1.2984708e+00
   1.3030320e+00
   1.3066412e+00
   1.3092487e+00
   1.3108021e+00
   1.3112471e+00
   1.3105280e+00
   1.3085886e+00
   1.3053730e+00
   1.3008268e+00
   1.2948982e+00
   1.2875394e+00
   1.2787076e+00
   1.2683670e+00
   1.2564898e+00
   1.2430580e+00
   1.2280648e+00
   1.2115159e+00
   1.1934311e+00
   1.1738458e+00
   1.1528116e+00
   1.1303976e+00
   1.1066908e+00
   1.0817971e+00
   1.0558408e+00
   1.0289647e+00
   1.0013293e+00
   9.7311246e-01
   9.4450714e-01
   9.1572037e-01
   8.8697091e-01
   8.5848680e-01
   8.3050261e-01
   8.0325641e-01
   7.7698650e-01
   7.5192799e-01
   7.2830933e-01
   7.0634876e-01
   6.8625091e-01
   6.6820351e-01
   6.5237431e-01
   6.3890835e-01
   6.2792558e-01
   6.1951889e-01
   6.1375267e-01
   6.1066181e-01
   6.1025130e-01
   6.1249634e-01
   6.1734298e-01
   6.2470926e-01
   6.3448689e-01
   6.4654325e-01
   6.6072386e-01
   6.7685513e-01
   6.9474729e-01
   7.1419756e-01
   7.3499337e-01
   7.5691555e-01
   7.7974158e-01
   8.0324858e-01
   8.2721621e-01
   8.5142930e-01
   8.7568026e-01
   8.9977113e-01
   9.2351537e-01
   9.4673927e-01
   9.6928309e-01
   9.9100182e-01
   1.0117657e+00
   1.0314604e+00
   1.0499869e+00
   1.0672613e+00
   1.0832142e+00
   1.0977904e+00
   1.1109475e+00
   1.1226554e+00
   1.1328954e+00
   1.1416590e+00
   1.1489469e+00
   1.1547681e+00
   1.1591387e+00
   1.1620813e+00
   1.1636237e+00
   1.1637983e+00
   1.1626415e+00
   1.1601928e+00
   1.1564942e+00
   1.1515897e+00
   1.1455253e+00
   1.1383479e+00
