   1.8024164e+00
   1.6834453e+00
   1.5694779e+00
   1.4606994e+00
   1.3572595e+00
   1.2592642e+00
   1.1667700e+00
   1.0797821e+00
   9.9825554e-01
   9.2210082e-01
   8.5119408e-01
   7.8539144e-01
   7.2454756e-01
   6.6853808e-01
   6.1728499e-01
   5.7078421e-01
   5.2913389e-01
   4.9256193e-01
   4.6145094e-01
   4.3635858e-01
   4.1803117e-01
   4.0740838e-01
   4.0561707e-01
   4.1395252e-01
   4.3384606e-01
   4.6681856e-01
   5.1442043e-01
   5.7815910e-01
   6.5941619e-01
   7.5935718e-01
   8.7883768e-01
   1.0183112e+00
   1.1777436e+00
   1.3565408e+00
   1.5534939e+00
   1.7667484e+00
   1.9938008e+00
   2.2315253e+00
   2.4762328e+00
   2.7237605e+00
   2.9695904e+00
   3.2089922e+00
   3.4371831e+00
   3.6494996e+00
   3.8415689e+00
   4.0094748e+00
   4.1499065e+00
   4.2602826e+00
   4.3388449e+00
   4.3847155e+00
   4.3979154e+00
   4.3793430e+00
   4.3307157e+00
   4.2544777e+00
   4.1536797e+00
   4.0318385e+00
   3.8927837e+00
   3.7405006e+00
   3.5789775e+00
   3.4120635e+00
   3.2433452e+00
   3.0760449e+00
   2.9129445e+00
   2.7563365e+00
   2.6080013e+00
   2.4692092e+00
   2.3407449e+00
   2.2229499e+00
   2.1157784e+00
   2.0188635e+00
   1.9315875e+00
   1.8531537e+00
   1.7826548e+00
   1.7191364e+00
   1.6616516e+00
   1.6093076e+00
   1.5613005e+00
   1.5169415e+00
   1.4756714e+00
   1.4370678e+00
   1.4008426e+00
   1.3668333e+00
   1.3349895e+00
   1.3053539e+00
   1.2780415e+00
   1.2532171e+00
   1.2310712e+00
   1.2117976e+00
   1.1955707e+00
   1.1825249e+00
   1.1727362e+00
   1.1662056e+00
   1.1628454e+00
   1.1624685e+00
   1.1647806e+00
   1.1693752e+00
   1.1757328e+00
   1.1832228e+00
   1.1911101e+00
   1.1985650e+00
   1.2046776e+00
   1.2084765e+00
   1.2089525e+00
   1.2050863e+00
   1.1958812e+00
   1.1803999e+00
   1.1578049e+00
   1.1274032e+00
   1.0886915e+00
   1.0414034e+00
   9.8555606e-01
   9.2149331e-01
   8.4992460e-01
   7.7195648e-01
   6.8911416e-01
   6.0335079e-01
   5.1704176e-01
   4.3296206e-01
   3.5424501e-01
   2.8432141e-01
   2.2683898e-01
   1.8556320e-01
   1.6426143e-01
   1.6657294e-01
   1.9586929e-01
   2.5511195e-01
   3.4671346e-01
   4.7240709e-01
   6.3313219e-01
   8.2894286e-01
   1.0589459e+00
   1.3212727e+00
   1.6130897e+00
   1.9306466e+00
   2.2693646e+00
   2.6239608e+00
   2.9886029e+00
   3.3570904e+00
   3.7230513e+00
   4.0801477e+00
   4.4222781e+00
   4.7437693e+00
   5.0395470e+00
   5.3052792e+00
   5.5374848e+00
   5.7336053e+00
   5.8920358e+00
   6.0121179e+00
   6.0940956e+00
   6.1390391e+00
   6.1487427e+00
   6.1256027e+00
   6.0724836e+00
   5.9925791e+00
   5.8892755e+00
   5.7660233e+00
   5.6262214e+00
   5.4731191e+00
   5.3097370e+00
   5.1388091e+00
   4.9627445e+00
   4.7836090e+00
   4.6031244e+00
   4.4226816e+00
   4.2433665e+00
   4.0659940e+00
   3.8911474e+00
   3.7192214e+00
   3.5504640e+00
   3.3850180e+00
   3.2229569e+00
   3.0643178e+00
   2.9091276e+00
   2.7574231e+00
   2.6092656e+00
   2.4647492e+00
   2.3240040e+00
   2.1871949e+00
   2.0545156e+00
   1.9261811e+00
   1.8024164e+00
