   1.4334265e+00
   1.4620911e+00
   1.4953851e+00
   1.5342804e+00
   1.5798158e+00
   1.6330770e+00
   1.6951750e+00
   1.7672224e+00
   1.8503089e+00
   1.9454762e+00
   2.0536928e+00
   2.1758291e+00
   2.3126328e+00
   2.4647050e+00
   2.6324774e+00
   2.8161901e+00
   3.0158703e+00
   3.2313120e+00
   3.4620571e+00
   3.7073785e+00
   3.9662644e+00
   4.2374073e+00
   4.5191952e+00
   4.8097100e+00
   5.1067308e+00
   5.4077463e+00
   5.7099758e+00
   6.0103996e+00
   6.3058004e+00
   6.5928149e+00
   6.8679943e+00
   7.1278739e+00
   7.3690475e+00
   7.5882463e+00
   7.7824169e+00
   7.9487973e+00
   8.0849845e+00
   8.1889939e+00
   8.2593047e+00
   8.2948910e+00
   8.2952367e+00
   8.2603341e+00
   8.1906669e+00
   8.0871793e+00
   7.9512338e+00
   7.7845601e+00
   7.5891998e+00
   7.3674489e+00
   7.1218025e+00
   6.8549029e+00
   6.5694955e+00
   6.2683916e+00
   5.9544393e+00
   5.6305022e+00
   5.2994448e+00
   4.9641222e+00
   4.6273721e+00
   4.2920074e+00
   3.9608068e+00
   3.6365009e+00
   3.3217531e+00
   3.0191348e+00
   2.7310938e+00
   2.4599178e+00
   2.2076929e+00
   1.9762605e+00
   1.7671745e+00
   1.5816601e+00
   1.4205790e+00
   1.2844011e+00
   1.1731864e+00
   1.0865778e+00
   1.0238058e+00
   9.8370511e-01
   9.6474348e-01
   9.6506116e-01
   9.8251990e-01
   1.0147595e+00
   1.0592595e+00
   1.1134040e+00
   1.1745467e+00
   1.2400740e+00
   1.3074656e+00
   1.3743494e+00
   1.4385502e+00
   1.4981322e+00
   1.5514345e+00
   1.5970987e+00
   1.6340906e+00
   1.6617148e+00
   1.6796238e+00
   1.6878214e+00
   1.6866614e+00
   1.6768413e+00
   1.6593916e+00
   1.6356607e+00
   1.6072941e+00
   1.5762095e+00
   1.5445649e+00
   1.5147209e+00
   1.4891960e+00
   1.4706148e+00
   1.4616489e+00
   1.4649506e+00
   1.4830809e+00
   1.5184317e+00
   1.5731454e+00
   1.6490331e+00
   1.7474945e+00
   1.8694423e+00
   2.0152351e+00
   2.1846217e+00
   2.3767003e+00
   2.5898961e+00
   2.8219589e+00
   3.0699847e+00
   3.3304596e+00
   3.5993289e+00
   3.8720878e+00
   4.1438939e+00
   4.4096961e+00
   4.6643769e+00
   4.9029024e+00
   5.1204743e+00
   5.3126779e+00
   5.4756188e+00
   5.6060446e+00
   5.7014435e+00
   5.7601185e+00
   5.7812312e+00
   5.7648150e+00
   5.7117578e+00
   5.6237535e+00
   5.5032271e+00
   5.3532358e+00
   5.1773517e+00
   4.9795322e+00
   4.7639824e+00
   4.5350191e+00
   4.2969381e+00
   4.0538937e+00
   3.8097922e+00
   3.5682051e+00
   3.3323013e+00
   3.1048021e+00
   2.8879566e+00
   2.6835374e+00
   2.4928538e+00
   2.3167796e+00
   2.1557929e+00
   2.0100233e+00
   1.8793046e+00
   1.7632277e+00
   1.6611937e+00
   1.5724623e+00
   1.4961957e+00
   1.4314961e+00
   1.3774368e+00
   1.3330864e+00
   1.2975269e+00
   1.2698668e+00
   1.2492493e+00
   1.2348574e+00
   1.2259171e+00
   1.2216989e+00
   1.2215196e+00
   1.2247441e+00
   1.2307885e+00
   1.2391245e+00
   1.2492854e+00
   1.2608728e+00
   1.2735651e+00
   1.2871268e+00
   1.3014172e+00
   1.3163994e+00
   1.3321482e+00
   1.3488564e+00
   1.3668389e+00
   1.3865344e+00
   1.4085039e+00
   1.4334265e+00
