   2.7282028e-01
   2.5583746e-01
   2.4057960e-01
   2.2711143e-01
   2.1547613e-01
   2.0569559e-01
   1.9777080e-01
   1.9168250e-01
   1.8739202e-01
   1.8484230e-01
   1.8395907e-01
   1.8465217e-01
   1.8681708e-01
   1.9033645e-01
   1.9508190e-01
   2.0091579e-01
   2.0769310e-01
   2.1526335e-01
   2.2347263e-01
   2.3216549e-01
   2.4118699e-01
   2.5038452e-01
   2.5960975e-01
   2.6872035e-01
   2.7758166e-01
   2.8606820e-01
   2.9406503e-01
   3.0146895e-01
   3.0818945e-01
   3.1414952e-01
   3.1928618e-01
   3.2355078e-01
   3.2690913e-01
   3.2934135e-01
   3.3084149e-01
   3.3141694e-01
   3.3108772e-01
   3.2988546e-01
   3.2785235e-01
   3.2503987e-01
   3.2150749e-01
   3.1732126e-01
   3.1255239e-01
   3.0727580e-01
   3.0156872e-01
   2.9550930e-01
   2.8917540e-01
   2.8264336e-01
   2.7598695e-01
   2.6927651e-01
   2.6257815e-01
   2.5595314e-01
   2.4945751e-01
   2.4314172e-01
   2.3705053e-01
   2.3122299e-01
   2.2569260e-01
   2.2048748e-01
   2.1563072e-01
   2.1114079e-01
   2.0703191e-01
   2.0331459e-01
   1.9999602e-01
   1.9708061e-01
   1.9457038e-01
   1.9246536e-01
   1.9076393e-01
   1.8946310e-01
   1.8855872e-01
   1.8804562e-01
   1.8791766e-01
   1.8816770e-01
   1.8878756e-01
   1.8976786e-01
   1.9109782e-01
   1.9276502e-01
   1.9475512e-01
   1.9705160e-01
   1.9963543e-01
   2.0248478e-01
   2.0557474e-01
   2.0887709e-01
   2.1236011e-01
   2.1598840e-01
   2.1972283e-01
   2.2352053e-01
   2.2733503e-01
   2.3111635e-01
   2.3481138e-01
   2.3836422e-01
   2.4171671e-01
   2.4480901e-01
   2.4758035e-01
   2.4996986e-01
   2.5191747e-01
   2.5336495e-01
   2.5425701e-01
   2.5454248e-01
   2.5417550e-01
   2.5311683e-01
   2.5133508e-01
   2.4880799e-01
   2.4552366e-01
   2.4148169e-01
   2.3669427e-01
   2.3118711e-01
   2.2500023e-01
   2.1818855e-01
   2.1082230e-01
   2.0298712e-01
   1.9478397e-01
   1.8632865e-01
   1.7775112e-01
   1.6919442e-01
   1.6081327e-01
   1.5277240e-01
   1.4524448e-01
   1.3840785e-01
   1.3244387e-01
   1.2753414e-01
   1.2385744e-01
   1.2158658e-01
   1.2088511e-01
   1.2190405e-01
   1.2477866e-01
   1.2962529e-01
   1.3653845e-01
   1.4558811e-01
   1.5681738e-01
   1.7024055e-01
   1.8584156e-01
   2.0357297e-01
   2.2335553e-01
   2.4507825e-01
   2.6859903e-01
   2.9374594e-01
   3.2031905e-01
   3.4809275e-01
   3.7681866e-01
   4.0622894e-01
   4.3604003e-01
   4.6595665e-01
   4.9567616e-01
   5.2489294e-01
   5.5330297e-01
   5.8060830e-01
   6.0652148e-01
   6.3076975e-01
   6.5309898e-01
   6.7327733e-01
   6.9109837e-01
   7.0638393e-01
   7.1898626e-01
   7.2878985e-01
   7.3571259e-01
   7.3970640e-01
   7.4075738e-01
   7.3888535e-01
   7.3414299e-01
   7.2661444e-01
   7.1641352e-01
   7.0368154e-01
   6.8858487e-01
   6.7131215e-01
   6.5207134e-01
   6.3108666e-01
   6.0859531e-01
   5.8484427e-01
   5.6008704e-01
   5.3458045e-01
   5.0858156e-01
   4.8234464e-01
   4.5611842e-01
   4.3014342e-01
   4.0464953e-01
   3.7985380e-01
   3.5595850e-01
   3.3314940e-01
   3.1159428e-01
   2.9144175e-01
   2.7282028e-01
