   3.9522735e+00
   3.9177101e+00
   3.8791306e+00
   3.8367215e+00
   3.7906541e+00
   3.7410850e+00
   3.6881571e+00
   3.6320010e+00
   3.5727358e+00
   3.5104707e+00
   3.4453067e+00
   3.3773380e+00
   3.3066537e+00
   3.2333393e+00
   3.1574788e+00
   3.0791561e+00
   2.9984571e+00
   2.9154714e+00
   2.8302947e+00
   2.7430305e+00
   2.6537928e+00
   2.5627080e+00
   2.4699179e+00
   2.3755820e+00
   2.2798804e+00
   2.1830160e+00
   2.0852176e+00
   1.9867419e+00
   1.8878753e+00
   1.7889360e+00
   1.6902739e+00
   1.5922714e+00
   1.4953418e+00
   1.3999276e+00
   1.3064966e+00
   1.2155377e+00
   1.1275543e+00
   1.0430574e+00
   9.6255676e-01
   8.8655139e-01
   8.1551931e-01
   7.4990668e-01
   6.9011698e-01
   6.3650042e-01
   5.8934414e-01
   5.4886352e-01
   5.1519499e-01
   4.8839076e-01
   4.6841560e-01
   4.5514600e-01
   4.4837172e-01
   4.4779987e-01
   4.5306126e-01
   4.6371899e-01
   4.7927889e-01
   4.9920140e-01
   5.2291445e-01
   5.4982690e-01
   5.7934203e-01
   6.1087055e-01
   6.4384283e-01
   6.7771995e-01
   7.1200319e-01
   7.4624184e-01
   7.8003911e-01
   8.1305615e-01
   8.4501411e-01
   8.7569444e-01
   9.0493746e-01
   9.3263950e-01
   9.5874882e-01
   9.8326049e-01
   1.0062106e+00
   1.0276699e+00
   1.0477374e+00
   1.0665337e+00
   1.0841950e+00
   1.1008664e+00
   1.1166968e+00
   1.1318338e+00
   1.1464188e+00
   1.1605836e+00
   1.1744465e+00
   1.1881100e+00
   1.2016585e+00
   1.2151561e+00
   1.2286459e+00
   1.2421488e+00
   1.2556628e+00
   1.2691626e+00
   1.2826001e+00
   1.2959038e+00
   1.3089797e+00
   1.3217115e+00
   1.3339616e+00
   1.3455720e+00
   1.3563655e+00
   1.3661471e+00
   1.3747060e+00
   1.3818179e+00
   1.3872474e+00
   1.3907509e+00
   1.3920807e+00
   1.3909889e+00
   1.3872316e+00
   1.3805749e+00
   1.3708000e+00
   1.3577099e+00
   1.3411354e+00
   1.3209430e+00
   1.2970413e+00
   1.2693886e+00
   1.2379998e+00
   1.2029536e+00
   1.1643978e+00
   1.1225558e+00
   1.0777299e+00
   1.0303047e+00
   9.8074844e-01
   9.2961271e-01
   8.7752982e-01
   8.2520848e-01
   7.7342704e-01
   7.2302464e-01
   6.7489003e-01
   6.2994850e-01
   5.8914689e-01
   5.5343703e-01
   5.2375807e-01
   5.0101788e-01
   4.8607425e-01
   4.7971620e-01
   4.8264605e-01
   4.9546272e-01
   5.1864695e-01
   5.5254870e-01
   5.9737735e-01
   6.5319481e-01
   7.1991190e-01
   7.9728801e-01
   8.8493411e-01
   9.8231906e-01
   1.0887791e+00
   1.2035300e+00
   1.3256819e+00
   1.4542559e+00
   1.5882023e+00
   1.7264200e+00
   1.8677759e+00
   2.0111246e+00
   2.1553272e+00
   2.2992694e+00
   2.4418777e+00
   2.5821342e+00
   2.7190890e+00
   2.8518707e+00
   2.9796940e+00
   3.1018660e+00
   3.2177888e+00
   3.3269614e+00
   3.4289781e+00
   3.5235265e+00
   3.6103828e+00
   3.6894068e+00
   3.7605347e+00
   3.8237723e+00
   3.8791868e+00
   3.9268992e+00
   3.9670755e+00
   3.9999190e+00
   4.0256628e+00
   4.0445622e+00
   4.0568879e+00
   4.0629203e+00
   4.0629437e+00
   4.0572417e+00
   4.0460930e+00
   4.0297685e+00
   4.0085280e+00
   3.9826187e+00
   3.9522735e+00
