   1.8929641e+00
   1.8791583e+00
   1.8655169e+00
   1.8521080e+00
   1.8389935e+00
   1.8262295e+00
   1.8138656e+00
   1.8019449e+00
   1.7905040e+00
   1.7795727e+00
   1.7691741e+00
   1.7593245e+00
   1.7500334e+00
   1.7413037e+00
   1.7331318e+00
   1.7255077e+00
   1.7184153e+00
   1.7118326e+00
   1.7057323e+00
   1.7000818e+00
   1.6948444e+00
   1.6899790e+00
   1.6854413e+00
   1.6811842e+00
   1.6771585e+00
   1.6733138e+00
   1.6695990e+00
   1.6659633e+00
   1.6623567e+00
   1.6587311e+00
   1.6550410e+00
   1.6512436e+00
   1.6473005e+00
   1.6431772e+00
   1.6388445e+00
   1.6342783e+00
   1.6294603e+00
   1.6243780e+00
   1.6190250e+00
   1.6134010e+00
   1.6075115e+00
   1.6013679e+00
   1.5949871e+00
   1.5883908e+00
   1.5816058e+00
   1.5746625e+00
   1.5675951e+00
   1.5604405e+00
   1.5532379e+00
   1.5460280e+00
   1.5388521e+00
   1.5317519e+00
   1.5247685e+00
   1.5179418e+00
   1.5113103e+00
   1.5049100e+00
   1.4987745e+00
   1.4929342e+00
   1.4874163e+00
   1.4822445e+00
   1.4774387e+00
   1.4730148e+00
   1.4689850e+00
   1.4653576e+00
   1.4621368e+00
   1.4593235e+00
   1.4569145e+00
   1.4549036e+00
   1.4532810e+00
   1.4520342e+00
   1.4511475e+00
   1.4506028e+00
   1.4503796e+00
   1.4504553e+00
   1.4508051e+00
   1.4514025e+00
   1.4522197e+00
   1.4532271e+00
   1.4543942e+00
   1.4556893e+00
   1.4570798e+00
   1.4585325e+00
   1.4600136e+00
   1.4614888e+00
   1.4629237e+00
   1.4642840e+00
   1.4655353e+00
   1.4666439e+00
   1.4675768e+00
   1.4683016e+00
   1.4687877e+00
   1.4690058e+00
   1.4689288e+00
   1.4685317e+00
   1.4677928e+00
   1.4666935e+00
   1.4652190e+00
   1.4633590e+00
   1.4611077e+00
   1.4584652e+00
   1.4554369e+00
   1.4520350e+00
   1.4482784e+00
   1.4441932e+00
   1.4398131e+00
   1.4351796e+00
   1.4303423e+00
   1.4253589e+00
   1.4202951e+00
   1.4152247e+00
   1.4102287e+00
   1.4053953e+00
   1.4008191e+00
   1.3966004e+00
   1.3928439e+00
   1.3896577e+00
   1.3871524e+00
   1.3854389e+00
   1.3846275e+00
   1.3848260e+00
   1.3861378e+00
   1.3886605e+00
   1.3924837e+00
   1.3976875e+00
   1.4043407e+00
   1.4124993e+00
   1.4222050e+00
   1.4334838e+00
   1.4463451e+00
   1.4607809e+00
   1.4767648e+00
   1.4942526e+00
   1.5131813e+00
   1.5334703e+00
   1.5550214e+00
   1.5777204e+00
   1.6014377e+00
   1.6260301e+00
   1.6513427e+00
   1.6772106e+00
   1.7034611e+00
   1.7299159e+00
   1.7563934e+00
   1.7827111e+00
   1.8086880e+00
   1.8341467e+00
   1.8589156e+00
   1.8828312e+00
   1.9057396e+00
   1.9274982e+00
   1.9479773e+00
   1.9670614e+00
   1.9846498e+00
   2.0006574e+00
   2.0150153e+00
   2.0276709e+00
   2.0385875e+00
   2.0477446e+00
   2.0551370e+00
   2.0607744e+00
   2.0646803e+00
   2.0668914e+00
   2.0674561e+00
   2.0664340e+00
   2.0638942e+00
   2.0599142e+00
   2.0545791e+00
   2.0479797e+00
   2.0402120e+00
   2.0313755e+00
   2.0215725e+00
   2.0109071e+00
   1.9994839e+00
   1.9874074e+00
   1.9747809e+00
   1.9617063e+00
   1.9482826e+00
   1.9346061e+00
   1.9207694e+00
   1.9068607e+00
   1.8929641e+00
