   5.5306675e-02
   5.4822172e-02
   5.4339919e-02
   5.3863365e-02
   5.3395783e-02
   5.2940252e-02
   5.2499635e-02
   5.2076564e-02
   5.1673422e-02
   5.1292339e-02
   5.0935176e-02
   5.0603524e-02
   5.0298697e-02
   5.0021736e-02
   4.9773404e-02
   4.9554196e-02
   4.9364340e-02
   4.9203806e-02
   4.9072318e-02
   4.8969363e-02
   4.8894205e-02
   4.8845899e-02
   4.8823307e-02
   4.8825118e-02
   4.8849862e-02
   4.8895932e-02
   4.8961605e-02
   4.9045060e-02
   4.9144401e-02
   4.9257678e-02
   4.9382910e-02
   4.9518103e-02
   4.9661275e-02
   4.9810475e-02
   4.9963802e-02
   5.0119426e-02
   5.0275607e-02
   5.0430709e-02
   5.0583218e-02
   5.0731756e-02
   5.0875092e-02
   5.1012158e-02
   5.1142053e-02
   5.1264050e-02
   5.1377607e-02
   5.1482365e-02
   5.1578153e-02
   5.1664986e-02
   5.1743060e-02
   5.1812754e-02
   5.1874619e-02
   5.1929369e-02
   5.1977876e-02
   5.2021154e-02
   5.2060351e-02
   5.2096731e-02
   5.2131658e-02
   5.2166585e-02
   5.2203031e-02
   5.2242567e-02
   5.2286795e-02
   5.2337329e-02
   5.2395780e-02
   5.2463729e-02
   5.2542714e-02
   5.2634208e-02
   5.2739601e-02
   5.2860183e-02
   5.2997122e-02
   5.3151451e-02
   5.3324052e-02
   5.3515638e-02
   5.3726740e-02
   5.3957697e-02
   5.4208640e-02
   5.4479487e-02
   5.4769929e-02
   5.5079430e-02
   5.5407215e-02
   5.5752272e-02
   5.6113350e-02
   5.6488956e-02
   5.6877367e-02
   5.7276624e-02
   5.7684549e-02
   5.8098754e-02
   5.8516648e-02
   5.8935458e-02
   5.9352247e-02
   5.9763932e-02
   6.0167308e-02
   6.0559075e-02
   6.0935868e-02
   6.1294283e-02
   6.1630915e-02
   6.1942392e-02
   6.2225409e-02
   6.2476773e-02
   6.2693436e-02
   6.2872542e-02
   6.3011463e-02
   6.3107842e-02
   6.3159633e-02
   6.3165140e-02
   6.3123052e-02
   6.3032478e-02
   6.2892978e-02
   6.2704590e-02
   6.2467848e-02
   6.2183804e-02
   6.1854033e-02
   6.1480640e-02
   6.1066256e-02
   6.0614025e-02
   6.0127589e-02
   5.9611060e-02
   5.9068983e-02
   5.8506299e-02
   5.7928293e-02
   5.7340535e-02
   5.6748824e-02
   5.6159111e-02
   5.5577435e-02
   5.5009839e-02
   5.4462293e-02
   5.3940616e-02
   5.3450395e-02
   5.2996903e-02
   5.2585030e-02
   5.2219204e-02
   5.1903331e-02
   5.1640734e-02
   5.1434104e-02
   5.1285458e-02
   5.1196103e-02
   5.1166623e-02
   5.1196863e-02
   5.1285930e-02
   5.1432209e-02
   5.1633386e-02
   5.1886475e-02
   5.2187873e-02
   5.2533404e-02
   5.2918381e-02
   5.3337681e-02
   5.3785809e-02
   5.4256981e-02
   5.4745206e-02
   5.5244363e-02
   5.5748288e-02
   5.6250853e-02
   5.6746045e-02
   5.7228039e-02
   5.7691270e-02
   5.8130494e-02
   5.8540848e-02
   5.8917897e-02
   5.9257680e-02
   5.9556740e-02
   5.9812152e-02
   6.0021540e-02
   6.0183089e-02
   6.0295543e-02
   6.0358203e-02
   6.0370912e-02
   6.0334039e-02
   6.0248453e-02
   6.0115495e-02
   5.9936941e-02
   5.9714973e-02
   5.9452129e-02
   5.9151271e-02
   5.8815532e-02
   5.8448283e-02
   5.8053076e-02
   5.7633613e-02
   5.7193693e-02
   5.6737174e-02
   5.6267935e-02
   5.5789834e-02
   5.5306675e-02
