   2.3054507e-04
   2.2956061e-04
   2.3221784e-04
   2.3851402e-04
   2.4842994e-04
   2.6192957e-04
   2.7895981e-04
   2.9945028e-04
   3.2331338e-04
   3.5044444e-04
   3.8072213e-04
   4.1400891e-04
   4.5015160e-04
   4.8898205e-04
   5.3031781e-04
   5.7396297e-04
   6.1970896e-04
   6.6733553e-04
   7.1661167e-04
   7.6729671e-04
   8.1914144e-04
   8.7188927e-04
   9.2527752e-04
   9.7903866e-04
   1.0329017e-03
   1.0865937e-03
   1.1398409e-03
   1.1923704e-03
   1.2439118e-03
   1.2941982e-03
   1.3429681e-03
   1.3899669e-03
   1.4349481e-03
   1.4776747e-03
   1.5179209e-03
   1.5554734e-03
   1.5901323e-03
   1.6217127e-03
   1.6500457e-03
   1.6749794e-03
   1.6963800e-03
   1.7141322e-03
   1.7281404e-03
   1.7383293e-03
   1.7446439e-03
   1.7470502e-03
   1.7455354e-03
   1.7401080e-03
   1.7307975e-03
   1.7176546e-03
   1.7007504e-03
   1.6801765e-03
   1.6560438e-03
   1.6284825e-03
   1.5976407e-03
   1.5636837e-03
   1.5267930e-03
   1.4871654e-03
   1.4450113e-03
   1.4005539e-03
   1.3540275e-03
   1.3056766e-03
   1.2557539e-03
   1.2045194e-03
   1.1522385e-03
   1.0991806e-03
   1.0456179e-03
   9.9182367e-04
   9.3807070e-04
   8.8463010e-04
   8.3176981e-04
   7.7975318e-04
   7.2883776e-04
   6.7927397e-04
   6.3130394e-04
   5.8516036e-04
   5.4106541e-04
   4.9922977e-04
   4.5985169e-04
   4.2311608e-04
   3.8919376e-04
   3.5824073e-04
   3.3039750e-04
   3.0578851e-04
   2.8452173e-04
   2.6668824e-04
   2.5236214e-04
   2.4160048e-04
   2.3444349e-04
   2.3091478e-04
   2.3102165e-04
   2.3475523e-04
   2.4209051e-04
   2.5298624e-04
   2.6738491e-04
   2.8521276e-04
   3.0638001e-04
   3.3078132e-04
   3.5829631e-04
   3.8879025e-04
   4.2211481e-04
   4.5810881e-04
   4.9659905e-04
   5.3740115e-04
   5.8032041e-04
   6.2515271e-04
   6.7168542e-04
   7.1969838e-04
   7.6896486e-04
   8.1925257e-04
   8.7032470e-04
   9.2194099e-04
   9.7385878e-04
   1.0258341e-03
   1.0776228e-03
   1.1289816e-03
   1.1796692e-03
   1.2294475e-03
   1.2780827e-03
   1.3253459e-03
   1.3710150e-03
   1.4148749e-03
   1.4567193e-03
   1.4963509e-03
   1.5335830e-03
   1.5682398e-03
   1.6001578e-03
   1.6291863e-03
   1.6551880e-03
   1.6780399e-03
   1.6976339e-03
   1.7138771e-03
   1.7266926e-03
   1.7360195e-03
   1.7418135e-03
   1.7440470e-03
   1.7427090e-03
   1.7378059e-03
   1.7293604e-03
   1.7174124e-03
   1.7020182e-03
   1.6832503e-03
   1.6611973e-03
   1.6359633e-03
   1.6076673e-03
   1.5764427e-03
   1.5424369e-03
   1.5058102e-03
   1.4667353e-03
   1.4253962e-03
   1.3819876e-03
   1.3367140e-03
   1.2897884e-03
   1.2414316e-03
   1.1918711e-03
   1.1413400e-03
   1.0900758e-03
   1.0383195e-03
   9.8631446e-04
   9.3430528e-04
   8.8253657e-04
   8.3125197e-04
   7.8069301e-04
   7.3109800e-04
   6.8270102e-04
   6.3573080e-04
   5.9040977e-04
   5.4695298e-04
   5.0556720e-04
   4.6644994e-04
   4.2978852e-04
   3.9575926e-04
   3.6452654e-04
   3.3624205e-04
   3.1104397e-04
   2.8905628e-04
   2.7038805e-04
   2.5513297e-04
   2.4336892e-04
   2.3515771e-04
   2.3054507e-04
