   1.7379824e-02
   1.6707960e-02
   1.6192763e-02
   1.5838477e-02
   1.5648858e-02
   1.5627134e-02
   1.5775967e-02
   1.6097404e-02
   1.6592836e-02
   1.7262941e-02
   1.8107634e-02
   1.9126016e-02
   2.0316322e-02
   2.1675876e-02
   2.3201039e-02
   2.4887174e-02
   2.6728607e-02
   2.8718595e-02
   3.0849301e-02
   3.3111783e-02
   3.5495989e-02
   3.7990759e-02
   4.0583850e-02
   4.3261965e-02
   4.6010801e-02
   4.8815114e-02
   5.1658793e-02
   5.4524955e-02
   5.7396054e-02
   6.0254007e-02
   6.3080327e-02
   6.5856276e-02
   6.8563028e-02
   7.1181834e-02
   7.3694208e-02
   7.6082104e-02
   7.8328101e-02
   8.0415589e-02
   8.2328947e-02
   8.4053718e-02
   8.5576773e-02
   8.6886458e-02
   8.7972738e-02
   8.8827309e-02
   8.9443696e-02
   8.9817338e-02
   8.9945631e-02
   8.9827969e-02
   8.9465739e-02
   8.8862309e-02
   8.8022982e-02
   8.6954928e-02
   8.5667095e-02
   8.4170102e-02
   8.2476108e-02
   8.0598669e-02
   7.8552582e-02
   7.6353715e-02
   7.4018833e-02
   7.1565416e-02
   6.9011477e-02
   6.6375383e-02
   6.3675671e-02
   6.0930883e-02
   5.8159395e-02
   5.5379268e-02
   5.2608104e-02
   4.9862919e-02
   4.7160022e-02
   4.4514924e-02
   4.1942243e-02
   3.9455640e-02
   3.7067763e-02
   3.4790203e-02
   3.2633469e-02
   3.0606973e-02
   2.8719029e-02
   2.6976858e-02
   2.5386609e-02
   2.3953386e-02
   2.2681280e-02
   2.1573409e-02
   2.0631966e-02
   1.9858265e-02
   1.9252791e-02
   1.8815253e-02
   1.8544632e-02
   1.8439229e-02
   1.8496710e-02
   1.8714149e-02
   1.9088070e-02
   1.9614478e-02
   2.0288905e-02
   2.1106436e-02
   2.2061749e-02
   2.3149146e-02
   2.4362580e-02
   2.5695687e-02
   2.7141811e-02
   2.8694029e-02
   3.0345171e-02
   3.2087846e-02
   3.3914457e-02
   3.5817227e-02
   3.7788212e-02
   3.9819325e-02
   4.1902351e-02
   4.4028972e-02
   4.6190783e-02
   4.8379316e-02
   5.0586057e-02
   5.2802474e-02
   5.5020035e-02
   5.7230232e-02
   5.9424606e-02
   6.1594769e-02
   6.3732427e-02
   6.5829406e-02
   6.7877675e-02
   6.9869369e-02
   7.1796808e-02
   7.3652529e-02
   7.5429298e-02
   7.7120140e-02
   7.8718355e-02
   8.0217543e-02
   8.1611625e-02
   8.2894863e-02
   8.4061882e-02
   8.5107691e-02
   8.6027706e-02
   8.6817772e-02
   8.7474181e-02
   8.7993701e-02
   8.8373591e-02
   8.8611626e-02
   8.8706117e-02
   8.8655930e-02
   8.8460508e-02
   8.8119879e-02
   8.7634680e-02
   8.7006161e-02
   8.6236197e-02
   8.5327288e-02
   8.4282563e-02
   8.3105775e-02
   8.1801289e-02
   8.0374072e-02
   7.8829671e-02
   7.7174191e-02
   7.5414268e-02
   7.3557033e-02
   7.1610079e-02
   6.9581422e-02
   6.7479453e-02
   6.5312898e-02
   6.3090772e-02
   6.0822326e-02
   5.8517006e-02
   5.6184400e-02
   5.3834198e-02
   5.1476140e-02
   4.9119980e-02
   4.6775444e-02
   4.4452189e-02
   4.2159776e-02
   3.9907632e-02
   3.7705028e-02
   3.5561047e-02
   3.3484570e-02
   3.1484249e-02
   2.9568493e-02
   2.7745453e-02
   2.6023004e-02
   2.4408733e-02
   2.2909927e-02
   2.1533553e-02
   2.0286249e-02
   1.9174307e-02
   1.8203651e-02
   1.7379824e-02
