   8.5241937e-07
   9.1864830e-07
   1.4208159e-06
   2.3579852e-06
   3.7265193e-06
   5.5198792e-06
   7.7293064e-06
   1.0344017e-05
   1.3351267e-05
   1.6736415e-05
   2.0482982e-05
   2.4572731e-05
   2.8985754e-05
   3.3700566e-05
   3.8694210e-05
   4.3942363e-05
   4.9419462e-05
   5.5098819e-05
   6.0952756e-05
   6.6952739e-05
   7.3069515e-05
   7.9273254e-05
   8.5533699e-05
   9.1820307e-05
   9.8102403e-05
   1.0434933e-04
   1.1053059e-04
   1.1661600e-04
   1.2257586e-04
   1.2838105e-04
   1.3400323e-04
   1.3941492e-04
   1.4458968e-04
   1.4950224e-04
   1.5412859e-04
   1.5844613e-04
   1.6243374e-04
   1.6607196e-04
   1.6934300e-04
   1.7223088e-04
   1.7472149e-04
   1.7680268e-04
   1.7846428e-04
   1.7969818e-04
   1.8049838e-04
   1.8086099e-04
   1.8078424e-04
   1.8026856e-04
   1.7931648e-04
   1.7793270e-04
   1.7612399e-04
   1.7389925e-04
   1.7126936e-04
   1.6824722e-04
   1.6484762e-04
   1.6108720e-04
   1.5698436e-04
   1.5255918e-04
   1.4783328e-04
   1.4282976e-04
   1.3757309e-04
   1.3208893e-04
   1.2640406e-04
   1.2054623e-04
   1.1454404e-04
   1.0842676e-04
   1.0222423e-04
   9.5966673e-05
   8.9684597e-05
   8.3408605e-05
   7.7169261e-05
   7.0996943e-05
   6.4921691e-05
   5.8973065e-05
   5.3179997e-05
   4.7570657e-05
   4.2172310e-05
   3.7011189e-05
   3.2112367e-05
   2.7499637e-05
   2.3195396e-05
   1.9220539e-05
   1.5594360e-05
   1.2334457e-05
   9.4566532e-06
   6.9749216e-06
   4.9013170e-06
   3.2459050e-06
   2.0166250e-06
   1.2188546e-06
   8.5471260e-07
   9.2617624e-07
   1.4368414e-06
   2.3840415e-06
   3.7618499e-06
   5.5631066e-06
   7.7789543e-06
   1.0398616e-05
   1.3409376e-05
   1.6796624e-05
   2.0543919e-05
   2.4633073e-05
   2.9044235e-05
   3.3755988e-05
   3.8745453e-05
   4.3988401e-05
   4.9459367e-05
   5.5131775e-05
   6.0978067e-05
   6.6969836e-05
   7.3077961e-05
   7.9272752e-05
   8.5524090e-05
   9.1801576e-05
   9.8074679e-05
   1.0431288e-04
   1.1048582e-04
   1.1656346e-04
   1.2251622e-04
   1.2831510e-04
   1.3393186e-04
   1.3933914e-04
   1.4451058e-04
   1.4942100e-04
   1.5404643e-04
   1.5836433e-04
   1.6235364e-04
   1.6599488e-04
   1.6927029e-04
   1.7216388e-04
   1.7466152e-04
   1.7675099e-04
   1.7842209e-04
   1.7966665e-04
   1.8047856e-04
   1.8085383e-04
   1.8079063e-04
   1.8028922e-04
   1.7935204e-04
   1.7798363e-04
   1.7619064e-04
   1.7398180e-04
   1.7136786e-04
   1.6836157e-04
   1.6497756e-04
   1.6123234e-04
   1.5714414e-04
   1.5273290e-04
   1.4802012e-04
   1.4302878e-04
   1.3778320e-04
   1.3230895e-04
   1.2663272e-04
   1.2078218e-04
   1.1478584e-04
   1.0867293e-04
   1.0247323e-04
   9.6216967e-05
   8.9934615e-05
   8.3656787e-05
   7.7414071e-05
   7.1236877e-05
   6.5155298e-05
   5.9198957e-05
   5.3396866e-05
   4.7777282e-05
   4.2367574e-05
   3.7194087e-05
   3.2282015e-05
   2.7655277e-05
   2.3336405e-05
   1.9346429e-05
   1.5704780e-05
   1.2429193e-05
   9.5356248e-06
   7.0381749e-06
   4.9490300e-06
   3.2784301e-06
   2.0347076e-06
   1.2244741e-06
   8.5241937e-07
