   6.3919667e-01
   6.3601238e-01
   6.4027714e-01
   6.5241475e-01
   6.7288524e-01
   7.0218903e-01
   7.4086583e-01
   7.8948746e-01
   8.4864358e-01
   9.1891959e-01
   1.0008665e+00
   1.0949628e+00
   1.2015681e+00
   1.3208709e+00
   1.4528307e+00
   1.5971178e+00
   1.7530522e+00
   1.9195470e+00
   2.0950581e+00
   2.2775463e+00
   2.4644548e+00
   2.6527068e+00
   2.8387283e+00
   3.0184967e+00
   3.1876205e+00
   3.3414483e+00
   3.4752080e+00
   3.5841721e+00
   3.6638466e+00
   3.7101735e+00
   3.7197422e+00
   3.6899971e+00
   3.6194310e+00
   3.5077531e+00
   3.3560199e+00
   3.1667179e+00
   2.9437896e+00
   2.6925969e+00
   2.4198168e+00
   2.1332718e+00
   1.8416969e+00
   1.5544516e+00
   1.2811887e+00
   1.0314935e+00
   8.1451006e-01
   6.3857362e-01
   5.1086705e-01
   4.3712035e-01
   4.2136354e-01
   4.6573801e-01
   5.7038749e-01
   7.3344828e-01
   9.5112276e-01
   1.2178228e+00
   1.5263822e+00
   1.8683290e+00
   2.2342042e+00
   2.6139098e+00
   2.9970694e+00
   3.3733847e+00
   3.7329731e+00
   4.0666726e+00
   4.3663032e+00
   4.6248779e+00
   4.8367569e+00
   4.9977448e+00
   5.1051312e+00
   5.1576779e+00
   5.1555590e+00
   5.1002611e+00
   4.9944505e+00
   4.8418169e+00
   4.6469015e+00
   4.4149178e+00
   4.1515713e+00
   3.8628851e+00
   3.5550361e+00
   3.2342052e+00
   2.9064447e+00
   2.5775627e+00
   2.2530282e+00
   1.9378928e+00
   1.6367304e+00
   1.3535936e+00
   1.0919831e+00
   8.5483032e-01
   6.4449027e-01
   4.6274293e-01
   3.1080175e-01
   1.8932754e-01
   9.8446490e-02
   3.7768808e-02
   6.3652994e-03
   3.0359672e-03
   2.6109071e-02
   7.3178597e-02
   1.4185248e-01
   2.2931884e-01
   3.3249248e-01
   4.4806815e-01
   5.7257526e-01
   7.0243711e-01
   8.3403461e-01
   9.6377407e-01
   1.0881584e+00
   1.2038602e+00
   1.3077960e+00
   1.3971984e+00
   1.4696857e+00
   1.5233250e+00
   1.5566870e+00
   1.5688905e+00
   1.5596328e+00
   1.5292055e+00
   1.4784921e+00
   1.4089484e+00
   1.3225638e+00
   1.2218043e+00
   1.1095387e+00
   9.8895006e-01
   8.6343485e-01
   7.3649472e-01
   6.1162370e-01
   4.9219642e-01
   3.8136168e-01
   2.8194597e-01
   1.9637116e-01
   1.2658998e-01
   7.4042618e-02
   3.9636923e-02
   2.3734006e-02
   2.6089995e-02
   4.6051666e-02
   8.2598231e-02
   1.3427889e-01
   1.9934423e-01
   2.7583527e-01
   3.6166057e-01
   4.5467007e-01
   5.5272275e-01
   6.5374517e-01
   7.5577930e-01
   8.5701873e-01
   9.5583332e-01
   1.0507833e+00
   1.1406237e+00
   1.2243016e+00
   1.3009474e+00
   1.3698629e+00
   1.4305067e+00
   1.4824804e+00
   1.5255153e+00
   1.5594606e+00
   1.5842744e+00
   1.6000167e+00
   1.6068442e+00
   1.6050064e+00
   1.5948432e+00
   1.5767820e+00
   1.5513338e+00
   1.5190897e+00
   1.4807135e+00
   1.4369348e+00
   1.3885385e+00
   1.3363535e+00
   1.2812396e+00
   1.2240736e+00
   1.1657350e+00
   1.1070919e+00
   1.0489878e+00
   9.9222978e-01
   9.3757902e-01
   8.8574339e-01
   8.3737331e-01
   7.9306043e-01
   7.5333954e-01
   7.1869354e-01
   6.8956118e-01
   6.6634721e-01
   6.4943441e-01
   6.3919667e-01
