   5.5401792e-01
   5.4762266e-01
   5.4080392e-01
   5.3359925e-01
   5.2604609e-01
   5.1818177e-01
   5.1004352e-01
   5.0166848e-01
   4.9309374e-01
   4.8435634e-01
   4.7549332e-01
   4.6654170e-01
   4.5753851e-01
   4.4852074e-01
   4.3952533e-01
   4.3058913e-01
   4.2174886e-01
   4.1304100e-01
   4.0450175e-01
   3.9616689e-01
   3.8807170e-01
   3.8025084e-01
   3.7273820e-01
   3.6556678e-01
   3.5876853e-01
   3.5237419e-01
   3.4641317e-01
   3.4091334e-01
   3.3590091e-01
   3.3140021e-01
   3.2743357e-01
   3.2402111e-01
   3.2118062e-01
   3.1892734e-01
   3.1727383e-01
   3.1622982e-01
   3.1580207e-01
   3.1599422e-01
   3.1680671e-01
   3.1823668e-01
   3.2027790e-01
   3.2292077e-01
   3.2615230e-01
   3.2995618e-01
   3.3431283e-01
   3.3919958e-01
   3.4459080e-01
   3.5045818e-01
   3.5677095e-01
   3.6349621e-01
   3.7059930e-01
   3.7804413e-01
   3.8579366e-01
   3.9381026e-01
   4.0205617e-01
   4.1049396e-01
   4.1908690e-01
   4.2779943e-01
   4.3659748e-01
   4.4544886e-01
   4.5432354e-01
   4.6319388e-01
   4.7203490e-01
   4.8082432e-01
   4.8954275e-01
   4.9817365e-01
   5.0670333e-01
   5.1512083e-01
   5.2341787e-01
   5.3158856e-01
   5.3962927e-01
   5.4753834e-01
   5.5531576e-01
   5.6296294e-01
   5.7048228e-01
   5.7787691e-01
   5.8515028e-01
   5.9230583e-01
   5.9934661e-01
   6.0627494e-01
   6.1309205e-01
   6.1979774e-01
   6.2639004e-01
   6.3286491e-01
   6.3921591e-01
   6.4543395e-01
   6.5150703e-01
   6.5742000e-01
   6.6315434e-01
   6.6868804e-01
   6.7399543e-01
   6.7904714e-01
   6.8381004e-01
   6.8824731e-01
   6.9231851e-01
   6.9597978e-01
   6.9918406e-01
   7.0188149e-01
   7.0401983e-01
   7.0554498e-01
   7.0640167e-01
   7.0653421e-01
   7.0588731e-01
   7.0440711e-01
   7.0204221e-01
   6.9874482e-01
   6.9447201e-01
   6.8918694e-01
   6.8286020e-01
   6.7547111e-01
   6.6700902e-01
   6.5747448e-01
   6.4688043e-01
   6.3525311e-01
   6.2263292e-01
   6.0907499e-01
   5.9464952e-01
   5.7944185e-01
   5.6355216e-01
   5.4709495e-01
   5.3019801e-01
   5.1300125e-01
   4.9565499e-01
   4.7831805e-01
   4.6115553e-01
   4.4433629e-01
   4.2803027e-01
   4.1240570e-01
   3.9762613e-01
   3.8384756e-01
   3.7121564e-01
   3.5986290e-01
   3.4990637e-01
   3.4144535e-01
   3.3455965e-01
   3.2930807e-01
   3.2572751e-01
   3.2383237e-01
   3.2361455e-01
   3.2504384e-01
   3.2806878e-01
   3.3261795e-01
   3.3860163e-01
   3.4591378e-01
   3.5443429e-01
   3.6403144e-01
   3.7456441e-01
   3.8588598e-01
   3.9784509e-01
   4.1028942e-01
   4.2306778e-01
   4.3603231e-01
   4.4904054e-01
   4.6195711e-01
   4.7465525e-01
   4.8701797e-01
   4.9893897e-01
   5.1032324e-01
   5.2108744e-01
   5.3116000e-01
   5.4048098e-01
   5.4900178e-01
   5.5668463e-01
   5.6350201e-01
   5.6943592e-01
   5.7447708e-01
   5.7862409e-01
   5.8188261e-01
   5.8426449e-01
   5.8578692e-01
   5.8647167e-01
   5.8634435e-01
   5.8543370e-01
   5.8377101e-01
   5.8138956e-01
   5.7832418e-01
   5.7461078e-01
   5.7028608e-01
   5.6538733e-01
   5.5995205e-01
   5.5401792e-01
