   1.7665270e-05
   1.6699156e-05
   1.5755098e-05
   1.4837957e-05
   1.3952386e-05
   1.3102799e-05
   1.2293356e-05
   1.1527935e-05
   1.0810117e-05
   1.0143169e-05
   9.5300284e-06
   8.9732910e-06
   8.4752047e-06
   8.0376607e-06
   7.6621896e-06
   7.3499601e-06
   7.1017794e-06
   6.9180961e-06
   6.7990052e-06
   6.7442556e-06
   6.7532589e-06
   6.8251008e-06
   6.9585535e-06
   7.1520899e-06
   7.4038994e-06
   7.7119048e-06
   8.0737800e-06
   8.4869689e-06
   8.9487051e-06
   9.4560318e-06
   1.0005822e-05
   1.0594801e-05
   1.1219565e-05
   1.1876601e-05
   1.2562312e-05
   1.3273032e-05
   1.4005050e-05
   1.4754627e-05
   1.5518014e-05
   1.6291472e-05
   1.7071287e-05
   1.7853787e-05
   1.8635358e-05
   1.9412458e-05
   2.0181630e-05
   2.0939511e-05
   2.1682852e-05
   2.2408518e-05
   2.3113504e-05
   2.3794941e-05
   2.4450102e-05
   2.5076412e-05
   2.5671449e-05
   2.6232953e-05
   2.6758825e-05
   2.7247136e-05
   2.7696122e-05
   2.8104194e-05
   2.8469931e-05
   2.8792089e-05
   2.9069594e-05
   2.9301545e-05
   2.9487215e-05
   2.9626046e-05
   2.9717654e-05
   2.9761820e-05
   2.9758496e-05
   2.9707799e-05
   2.9610010e-05
   2.9465573e-05
   2.9275094e-05
   2.9039335e-05
   2.8759218e-05
   2.8435818e-05
   2.8070362e-05
   2.7664230e-05
   2.7218946e-05
   2.6736182e-05
   2.6217751e-05
   2.5665608e-05
   2.5081842e-05
   2.4468675e-05
   2.3828458e-05
   2.3163667e-05
   2.2476899e-05
   2.1770863e-05
   2.1048379e-05
   2.0312367e-05
   1.9565846e-05
   1.8811919e-05
   1.8053769e-05
   1.7294652e-05
   1.6537880e-05
   1.5786817e-05
   1.5044862e-05
   1.4315443e-05
   1.3601998e-05
   1.2907962e-05
   1.2236755e-05
   1.1591765e-05
   1.0976331e-05
   1.0393729e-05
   9.8471495e-06
   9.3396861e-06
   8.8743132e-06
   8.4538692e-06
   8.0810379e-06
   7.7583301e-06
   7.4880654e-06
   7.2723542e-06
   7.1130802e-06
   7.0118835e-06
   6.9701447e-06
   6.9889696e-06
   7.0691753e-06
   7.2112771e-06
   7.4154773e-06
   7.6816556e-06
   8.0093606e-06
   8.3978038e-06
   8.8458552e-06
   9.3520414e-06
   9.9145456e-06
   1.0531210e-05
   1.1199541e-05
   1.1916715e-05
   1.2679590e-05
   1.3484717e-05
   1.4328354e-05
   1.5206484e-05
   1.6114834e-05
   1.7048895e-05
   1.8003948e-05
   1.8975090e-05
   1.9957258e-05
   2.0945262e-05
   2.1933816e-05
   2.2917566e-05
   2.3891126e-05
   2.4849114e-05
   2.5786179e-05
   2.6697046e-05
   2.7576541e-05
   2.8419632e-05
   2.9221460e-05
   2.9977371e-05
   3.0682953e-05
   3.1334060e-05
   3.1926844e-05
   3.2457784e-05
   3.2923706e-05
   3.3321812e-05
   3.3649693e-05
   3.3905353e-05
   3.4087217e-05
   3.4194149e-05
   3.4225456e-05
   3.4180895e-05
   3.4060674e-05
   3.3865452e-05
   3.3596337e-05
   3.3254871e-05
   3.2843029e-05
   3.2363197e-05
   3.1818162e-05
   3.1211089e-05
   3.0545500e-05
   2.9825251e-05
   2.9054503e-05
   2.8237697e-05
   2.7379521e-05
   2.6484880e-05
   2.5558862e-05
   2.4606707e-05
   2.3633768e-05
   2.2645480e-05
   2.1647323e-05
   2.0644789e-05
   1.9643344e-05
   1.8648398e-05
   1.7665270e-05
