   1.4834884e-05
   1.4582585e-05
   1.4322246e-05
   1.4055340e-05
   1.3783353e-05
   1.3507769e-05
   1.3230063e-05
   1.2951693e-05
   1.2674090e-05
   1.2398648e-05
   1.2126722e-05
   1.1859616e-05
   1.1598579e-05
   1.1344798e-05
   1.1099396e-05
   1.0863424e-05
   1.0637858e-05
   1.0423598e-05
   1.0221465e-05
   1.0032197e-05
   9.8564509e-06
   9.6948007e-06
   9.5477369e-06
   9.4156679e-06
   9.2989209e-06
   9.1977435e-06
   9.1123053e-06
   9.0427005e-06
   8.9889505e-06
   8.9510067e-06
   8.9287537e-06
   8.9220128e-06
   8.9305453e-06
   8.9540561e-06
   8.9921976e-06
   9.0445734e-06
   9.1107421e-06
   9.1902207e-06
   9.2824887e-06
   9.3869914e-06
   9.5031438e-06
   9.6303334e-06
   9.7679238e-06
   9.9152578e-06
   1.0071660e-05
   1.0236441e-05
   1.0408896e-05
   1.0588314e-05
   1.0773971e-05
   1.0965142e-05
   1.1161094e-05
   1.1361093e-05
   1.1564405e-05
   1.1770296e-05
   1.1978031e-05
   1.2186882e-05
   1.2396121e-05
   1.2605029e-05
   1.2812889e-05
   1.3018992e-05
   1.3222635e-05
   1.3423126e-05
   1.3619779e-05
   1.3811919e-05
   1.3998880e-05
   1.4180008e-05
   1.4354662e-05
   1.4522214e-05
   1.4682049e-05
   1.4833570e-05
   1.4976195e-05
   1.5109363e-05
   1.5232530e-05
   1.5345179e-05
   1.5446811e-05
   1.5536960e-05
   1.5615182e-05
   1.5681070e-05
   1.5734245e-05
   1.5774369e-05
   1.5801140e-05
   1.5814298e-05
   1.5813629e-05
   1.5798966e-05
   1.5770192e-05
   1.5727243e-05
   1.5670113e-05
   1.5598855e-05
   1.5513580e-05
   1.5414468e-05
   1.5301762e-05
   1.5175774e-05
   1.5036885e-05
   1.4885548e-05
   1.4722287e-05
   1.4547700e-05
   1.4362454e-05
   1.4167292e-05
   1.3963024e-05
   1.3750531e-05
   1.3530761e-05
   1.3304724e-05
   1.3073493e-05
   1.2838197e-05
   1.2600015e-05
   1.2360176e-05
   1.2119947e-05
   1.1880629e-05
   1.1643553e-05
   1.1410066e-05
   1.1181529e-05
   1.0959305e-05
   1.0744752e-05
   1.0539212e-05
   1.0344003e-05
   1.0160411e-05
   9.9896749e-06
   9.8329837e-06
   9.6914622e-06
   9.5661637e-06
   9.4580601e-06
   9.3680339e-06
   9.2968691e-06
   9.2452440e-06
   9.2137243e-06
   9.2027560e-06
   9.2126604e-06
   9.2436292e-06
   9.2957207e-06
   9.3688569e-06
   9.4628217e-06
   9.5772603e-06
   9.7116795e-06
   9.8654492e-06
   1.0037805e-05
   1.0227852e-05
   1.0434570e-05
   1.0656817e-05
   1.0893341e-05
   1.1142784e-05
   1.1403691e-05
   1.1674521e-05
   1.1953659e-05
   1.2239422e-05
   1.2530078e-05
   1.2823851e-05
   1.3118939e-05
   1.3413526e-05
   1.3705790e-05
   1.3993925e-05
   1.4276147e-05
   1.4550709e-05
   1.4815915e-05
   1.5070129e-05
   1.5311791e-05
   1.5539422e-05
   1.5751640e-05
   1.5947168e-05
   1.6124839e-05
   1.6283608e-05
   1.6422557e-05
   1.6540900e-05
   1.6637987e-05
   1.6713310e-05
   1.6766500e-05
   1.6797336e-05
   1.6805737e-05
   1.6791764e-05
   1.6755619e-05
   1.6697641e-05
   1.6618299e-05
   1.6518190e-05
   1.6398032e-05
   1.6258656e-05
   1.6101000e-05
   1.5926100e-05
   1.5735080e-05
   1.5529145e-05
   1.5309569e-05
   1.5077687e-05
   1.4834884e-05
