   4.7087419e-03
   4.6136864e-03
   4.5653972e-03
   4.5644688e-03
   4.6113002e-03
   4.7060879e-03
   4.8488187e-03
   5.0392632e-03
   5.2769690e-03
   5.5612548e-03
   5.8912061e-03
   6.2656708e-03
   6.6832575e-03
   7.1423341e-03
   7.6410282e-03
   8.1772287e-03
   8.7485890e-03
   9.3525322e-03
   9.9862570e-03
   1.0646747e-02
   1.1330781e-02
   1.2034944e-02
   1.2755643e-02
   1.3489125e-02
   1.4231493e-02
   1.4978728e-02
   1.5726710e-02
   1.6471247e-02
   1.7208096e-02
   1.7932994e-02
   1.8641688e-02
   1.9329960e-02
   1.9993663e-02
   2.0628753e-02
   2.1231313e-02
   2.1797594e-02
   2.2324037e-02
   2.2807310e-02
   2.3244330e-02
   2.3632293e-02
   2.3968697e-02
   2.4251368e-02
   2.4478472e-02
   2.4648537e-02
   2.4760467e-02
   2.4813548e-02
   2.4807456e-02
   2.4742261e-02
   2.4618425e-02
   2.4436799e-02
   2.4198610e-02
   2.3905459e-02
   2.3559296e-02
   2.3162408e-02
   2.2717399e-02
   2.2227163e-02
   2.1694862e-02
   2.1123896e-02
   2.0517878e-02
   1.9880600e-02
   1.9216003e-02
   1.8528150e-02
   1.7821187e-02
   1.7099320e-02
   1.6366779e-02
   1.5627793e-02
   1.4886556e-02
   1.4147204e-02
   1.3413790e-02
   1.2690258e-02
   1.1980422e-02
   1.1287946e-02
   1.0616329e-02
   9.9688853e-03
   9.3487325e-03
   8.7587813e-03
   8.2017245e-03
   7.6800301e-03
   7.1959353e-03
   6.7514424e-03
   6.3483170e-03
   5.9880869e-03
   5.6720433e-03
   5.4012426e-03
   5.1765104e-03
   4.9984461e-03
   4.8674285e-03
   4.7836215e-03
   4.7469812e-03
   4.7572615e-03
   4.8140204e-03
   4.9166256e-03
   5.0642609e-03
   5.2559312e-03
   5.4904701e-03
   5.7665459e-03
   6.0826695e-03
   6.4372022e-03
   6.8283639e-03
   7.2542412e-03
   7.7127960e-03
   8.2018743e-03
   8.7192143e-03
   9.2624555e-03
   9.8291473e-03
   1.0416758e-02
   1.1022684e-02
   1.1644259e-02
   1.2278764e-02
   1.2923436e-02
   1.3575478e-02
   1.4232071e-02
   1.4890383e-02
   1.5547577e-02
   1.6200828e-02
   1.6847327e-02
   1.7484296e-02
   1.8108997e-02
   1.8718744e-02
   1.9310913e-02
   1.9882952e-02
   2.0432393e-02
   2.0956862e-02
   2.1454087e-02
   2.1921910e-02
   2.2358296e-02
   2.2761338e-02
   2.3129273e-02
   2.3460482e-02
   2.3753502e-02
   2.4007031e-02
   2.4219935e-02
   2.4391252e-02
   2.4520198e-02
   2.4606171e-02
   2.4648754e-02
   2.4647716e-02
   2.4603016e-02
   2.4514805e-02
   2.4383419e-02
   2.4209387e-02
   2.3993425e-02
   2.3736432e-02
   2.3439488e-02
   2.3103853e-02
   2.2730955e-02
   2.2322391e-02
   2.1879914e-02
   2.1405429e-02
   2.0900984e-02
   2.0368763e-02
   1.9811069e-02
   1.9230325e-02
   1.8629051e-02
   1.8009865e-02
   1.7375460e-02
   1.6728602e-02
   1.6072111e-02
   1.5408853e-02
   1.4741726e-02
   1.4073649e-02
   1.3407548e-02
   1.2746347e-02
   1.2092954e-02
   1.1450252e-02
   1.0821083e-02
   1.0208245e-02
   9.6144739e-03
   9.0424367e-03
   8.4947221e-03
   7.9738298e-03
   7.4821613e-03
   7.0220113e-03
   6.5955585e-03
   6.2048570e-03
   5.8518284e-03
   5.5382533e-03
   5.2657635e-03
   5.0358350e-03
   4.8497802e-03
   4.7087419e-03
