   3.5236290e-01
   3.2581011e-01
   3.0123501e-01
   2.7882729e-01
   2.5876599e-01
   2.4121839e-01
   2.2633875e-01
   2.1426712e-01
   2.0512792e-01
   1.9902853e-01
   1.9605779e-01
   1.9628437e-01
   1.9975525e-01
   2.0649400e-01
   2.1649927e-01
   2.2974326e-01
   2.4617032e-01
   2.6569570e-01
   2.8820462e-01
   3.1355149e-01
   3.4155963e-01
   3.7202122e-01
   4.0469783e-01
   4.3932139e-01
   4.7559564e-01
   5.1319822e-01
   5.5178318e-01
   5.9098414e-01
   6.3041795e-01
   6.6968875e-01
   7.0839261e-01
   7.4612240e-01
   7.8247301e-01
   8.1704676e-01
   8.4945886e-01
   8.7934291e-01
   9.0635617e-01
   9.3018470e-01
   9.5054801e-01
   9.6720335e-01
   9.7994938e-01
   9.8862920e-01
   9.9313268e-01
   9.9339803e-01
   9.8941254e-01
   9.8121258e-01
   9.6888271e-01
   9.5255411e-01
   9.3240221e-01
   9.0864369e-01
   8.8153289e-01
   8.5135770e-01
   8.1843505e-01
   7.8310608e-01
   7.4573116e-01
   7.0668474e-01
   6.6635025e-01
   6.2511506e-01
   5.8336569e-01
   5.4148318e-01
   4.9983887e-01
   4.5879052e-01
   4.1867886e-01
   3.7982455e-01
   3.4252572e-01
   3.0705580e-01
   2.7366202e-01
   2.4256415e-01
   2.1395387e-01
   1.8799439e-01
   1.6482056e-01
   1.4453919e-01
   1.2722985e-01
   1.1294583e-01
   1.0171542e-01
   9.3543324e-02
   8.8412042e-02
   8.6283178e-02
   8.7098498e-02
   9.0781014e-02
   9.7236334e-02
   1.0635432e-01
   1.1801089e-01
   1.3206969e-01
   1.4838361e-01
   1.6679606e-01
   1.8714217e-01
   2.0924989e-01
   2.3294104e-01
   2.5803237e-01
   2.8433655e-01
   3.1166322e-01
   3.3981999e-01
   3.6861352e-01
   3.9785063e-01
   4.2733941e-01
   4.5689043e-01
   4.8631802e-01
   5.1544159e-01
   5.4408702e-01
   5.7208811e-01
   5.9928806e-01
   6.2554096e-01
   6.5071335e-01
   6.7468560e-01
   6.9735340e-01
   7.1862900e-01
   7.3844240e-01
   7.5674233e-01
   7.7349696e-01
   7.8869448e-01
   8.0234323e-01
   8.1447167e-01
   8.2512791e-01
   8.3437893e-01
   8.4230953e-01
   8.4902079e-01
   8.5462839e-01
   8.5926053e-01
   8.6305565e-01
   8.6615993e-01
   8.6872465e-01
   8.7090347e-01
   8.7284957e-01
   8.7471294e-01
   8.7663761e-01
   8.7875905e-01
   8.8120169e-01
   8.8407666e-01
   8.8747970e-01
   8.9148938e-01
   8.9616552e-01
   9.0154798e-01
   9.0765561e-01
   9.1448568e-01
   9.2201349e-01
   9.3019236e-01
   9.3895400e-01
   9.4820910e-01
   9.5784840e-01
   9.6774400e-01
   9.7775105e-01
   9.8770979e-01
   9.9744785e-01
   1.0067829e+00
   1.0155254e+00
   1.0234817e+00
   1.0304576e+00
   1.0362610e+00
   1.0407057e+00
   1.0436147e+00
   1.0448231e+00
   1.0441812e+00
   1.0415574e+00
   1.0368402e+00
   1.0299406e+00
   1.0207935e+00
   1.0093589e+00
   9.9562270e-01
   9.7959689e-01
   9.6131942e-01
   9.4085357e-01
   9.1828702e-01
   8.9373053e-01
   8.6731635e-01
   8.3919644e-01
   8.0954044e-01
   7.7853362e-01
   7.4637468e-01
   7.1327361e-01
   6.7944952e-01
   6.4512861e-01
   6.1054215e-01
   5.7592462e-01
   5.4151199e-01
   5.0754013e-01
   4.7424331e-01
   4.4185283e-01
   4.1059583e-01
   3.8069408e-01
   3.5236290e-01
