   8.1843682e-01
   6.9836673e-01
   5.8508677e-01
   4.7940969e-01
   3.8215305e-01
   2.9413249e-01
   2.1615428e-01
   1.4900697e-01
   9.3452383e-02
   5.0215747e-02
   1.9974945e-02
   3.3470480e-03
   9.0003899e-04
   1.3075454e-02
   4.0258163e-02
   8.2714252e-02
   1.4059019e-01
   2.1390182e-01
   3.0252353e-01
   4.0617868e-01
   5.2443171e-01
   6.5668223e-01
   8.0216138e-01
   9.5993084e-01
   1.1288848e+00
   1.3077550e+00
   1.4951194e+00
   1.6894135e+00
   1.8889461e+00
   2.0919175e+00
   2.2964410e+00
   2.5005671e+00
   2.7023102e+00
   2.8996767e+00
   3.0906945e+00
   3.2734427e+00
   3.4460815e+00
   3.6068808e+00
   3.7542471e+00
   3.8867480e+00
   4.0031341e+00
   4.1023565e+00
   4.1835812e+00
   4.2461985e+00
   4.2898285e+00
   4.3143210e+00
   4.3197527e+00
   4.3064181e+00
   4.2748186e+00
   4.2256466e+00
   4.1597681e+00
   4.0782018e+00
   3.9820982e+00
   3.8727164e+00
   3.7514011e+00
   3.6195606e+00
   3.4786445e+00
   3.3301235e+00
   3.1754705e+00
   3.0161435e+00
   2.8535705e+00
   2.6891372e+00
   2.5241754e+00
   2.3599546e+00
   2.1976748e+00
   2.0384613e+00
   1.8833601e+00
   1.7333359e+00
   1.5892694e+00
   1.4519567e+00
   1.3221082e+00
   1.2003488e+00
   1.0872178e+00
   9.8316880e-01
   8.8857053e-01
   8.0370703e-01
   7.2877843e-01
   6.6390173e-01
   6.0911197e-01
   5.6436359e-01
   5.2953231e-01
   5.0441741e-01
   4.8874452e-01
   4.8216914e-01
   4.8428081e-01
   4.9460813e-01
   5.1262475e-01
   5.3775616e-01
   5.6938740e-01
   6.0687148e-01
   6.4953857e-01
   6.9670578e-01
   7.4768748e-01
   8.0180604e-01
   8.5840288e-01
   9.1684954e-01
   9.7655878e-01
   1.0369953e+00
   1.0976860e+00
   1.1582294e+00
   1.2183038e+00
   1.2776746e+00
   1.3361997e+00
   1.3938329e+00
   1.4506256e+00
   1.5067257e+00
   1.5623748e+00
   1.6179020e+00
   1.6737155e+00
   1.7302916e+00
   1.7881610e+00
   1.8478933e+00
   1.9100786e+00
   1.9753087e+00
   2.0441561e+00
   2.1171534e+00
   2.1947714e+00
   2.2773998e+00
   2.3653274e+00
   2.4587258e+00
   2.5576351e+00
   2.6619531e+00
   2.7714284e+00
   2.8856579e+00
   3.0040879e+00
   3.1260213e+00
   3.2506276e+00
   3.3769579e+00
   3.5039639e+00
   3.6305195e+00
   3.7554452e+00
   3.8775343e+00
   3.9955789e+00
   4.1083975e+00
   4.2148596e+00
   4.3139098e+00
   4.4045883e+00
   4.4860487e+00
   4.5575715e+00
   4.6185733e+00
   4.6686124e+00
   4.7073894e+00
   4.7347438e+00
   4.7506474e+00
   4.7551936e+00
   4.7485851e+00
   4.7311187e+00
   4.7031693e+00
   4.6651734e+00
   4.6176127e+00
   4.5609983e+00
   4.4958561e+00
   4.4227144e+00
   4.3420927e+00
   4.2544938e+00
   4.1603972e+00
   4.0602557e+00
   3.9544932e+00
   3.8435057e+00
   3.7276631e+00
   3.6073128e+00
   3.4827847e+00
   3.3543967e+00
   3.2224607e+00
   3.0872893e+00
   2.9492016e+00
   2.8085295e+00
   2.6656234e+00
   2.5208566e+00
   2.3746302e+00
   2.2273759e+00
   2.0795592e+00
   1.9316811e+00
   1.7842789e+00
   1.6379270e+00
   1.4932360e+00
   1.3508520e+00
   1.2114550e+00
   1.0757562e+00
   9.4449518e-01
   8.1843682e-01
