   8.9494745e+00
   8.8939761e+00
   8.8341558e+00
   8.7699165e+00
   8.7009887e+00
   8.6269456e+00
   8.5472217e+00
   8.4611314e+00
   8.3678906e+00
   8.2666396e+00
   8.1564670e+00
   8.0364360e+00
   7.9056117e+00
   7.7630897e+00
   7.6080256e+00
   7.4396658e+00
   7.2573777e+00
   7.0606802e+00
   6.8492724e+00
   6.6230616e+00
   6.3821874e+00
   6.1270428e+00
   5.8582910e+00
   5.5768760e+00
   5.2840281e+00
   4.9812607e+00
   4.6703615e+00
   4.3533741e+00
   4.0325722e+00
   3.7104258e+00
   3.3895592e+00
   3.0727025e+00
   2.7626366e+00
   2.4621331e+00
   2.1738919e+00
   1.9004756e+00
   1.6442457e+00
   1.4073000e+00
   1.1914155e+00
   9.9799712e-01
   8.2803637e-01
   6.8207952e-01
   5.6020877e-01
   4.6203680e-01
   3.8671558e-01
   3.3295990e-01
   2.9908554e-01
   2.8306120e-01
   2.8257266e-01
   2.9509619e-01
   3.1797872e-01
   3.4852208e-01
   3.8406868e-01
   4.2208507e-01
   4.6024002e-01
   4.9647364e-01
   5.2905498e-01
   5.5662571e-01
   5.7822838e-01
   5.9331831e-01
   6.0175909e-01
   6.0380212e-01
   6.0005166e-01
   5.9141728e-01
   5.7905613e-01
   5.6430782e-01
   5.4862498e-01
   5.3350250e-01
   5.2040847e-01
   5.1071942e-01
   5.0566243e-01
   5.0626573e-01
   5.1331954e-01
   5.2734782e-01
   5.4859141e-01
   5.7700252e-01
   6.1224994e-01
   6.5373419e-01
   7.0061124e-01
   7.5182372e-01
   8.0613774e-01
   8.6218410e-01
   9.1850206e-01
   9.7358449e-01
   1.0259229e+00
   1.0740509e+00
   1.1165858e+00
   1.1522669e+00
   1.1799889e+00
   1.1988328e+00
   1.2080895e+00
   1.2072803e+00
   1.1961702e+00
   1.1747769e+00
   1.1433730e+00
   1.1024832e+00
   1.0528748e+00
   9.9554342e-01
   9.3169201e-01
   8.6270471e-01
   7.9011520e-01
   7.1556996e-01
   6.4078684e-01
   5.6750966e-01
   4.9745956e-01
   4.3228422e-01
   3.7350607e-01
   3.2247111e-01
   2.8029987e-01
   2.4784252e-01
   2.2563999e-01
   2.1389322e-01
   2.1244248e-01
   2.2075878e-01
   2.3794905e-01
   2.6277642e-01
   2.9369626e-01
   3.2890806e-01
   3.6642258e-01
   4.0414285e-01
   4.3995679e-01
   4.7183839e-01
   4.9795355e-01
   5.1676611e-01
   5.2713902e-01
   5.2842560e-01
   5.2054545e-01
   5.0404048e-01
   4.8010656e-01
   4.5059781e-01
   4.1800130e-01
   3.8538163e-01
   3.5629649e-01
   3.3468554e-01
   3.2473684e-01
   3.3073547e-01
   3.5690018e-01
   4.0721542e-01
   4.8526828e-01
   5.9409875e-01
   7.3606929e-01
   9.1275877e-01
   1.1248857e+00
   1.3722648e+00
   1.6537980e+00
   1.9675014e+00
   2.3105652e+00
   2.6794435e+00
   3.0699696e+00
   3.4774904e+00
   3.8970141e+00
   4.3233646e+00
   4.7513344e+00
   5.1758319e+00
   5.5920162e+00
   5.9954152e+00
   6.3820232e+00
   6.7483769e+00
   7.0916066e+00
   7.4094654e+00
   7.7003348e+00
   7.9632103e+00
   8.1976693e+00
   8.4038240e+00
   8.5822623e+00
   8.7339815e+00
   8.8603160e+00
   8.9628637e+00
   9.0434134e+00
   9.1038745e+00
   9.1462123e+00
   9.1723888e+00
   9.1843116e+00
   9.1837895e+00
   9.1724961e+00
   9.1519415e+00
   9.1234505e+00
   9.0881481e+00
   9.0469505e+00
   9.0005616e+00
   8.9494745e+00
