   8.7248641e-05
   8.5706127e-05
   8.3978121e-05
   8.2073612e-05
   8.0002448e-05
   7.7775281e-05
   7.5403510e-05
   7.2899217e-05
   7.0275105e-05
   6.7544426e-05
   6.4720917e-05
   6.1818724e-05
   5.8852330e-05
   5.5836483e-05
   5.2786118e-05
   4.9716284e-05
   4.6642070e-05
   4.3578526e-05
   4.0540593e-05
   3.7543030e-05
   3.4600339e-05
   3.1726700e-05
   2.8935899e-05
   2.6241265e-05
   2.3655610e-05
   2.1191162e-05
   1.8859517e-05
   1.6671578e-05
   1.4637513e-05
   1.2766706e-05
   1.1067714e-05
   9.5482320e-06
   8.2150623e-06
   7.0740835e-06
   6.1302290e-06
   5.3874695e-06
   4.8488003e-06
   4.5162322e-06
   4.3907849e-06
   4.4724837e-06
   4.7603605e-06
   5.2524645e-06
   5.9458803e-06
   6.8367502e-06
   7.9203004e-06
   9.1908680e-06
   1.0641933e-05
   1.2266151e-05
   1.4055396e-05
   1.6000800e-05
   1.8092798e-05
   2.0321181e-05
   2.2675141e-05
   2.5143331e-05
   2.7713917e-05
   3.0374637e-05
   3.3112859e-05
   3.5915641e-05
   3.8769794e-05
   4.1661941e-05
   4.4578581e-05
   4.7506147e-05
   5.0431071e-05
   5.3339843e-05
   5.6219071e-05
   5.9055539e-05
   6.1836267e-05
   6.4548563e-05
   6.7180078e-05
   6.9718863e-05
   7.2153411e-05
   7.4472709e-05
   7.6666286e-05
   7.8724248e-05
   8.0637328e-05
   8.2396914e-05
   8.3995091e-05
   8.5424665e-05
   8.6679201e-05
   8.7753041e-05
   8.8641330e-05
   8.9340036e-05
   8.9845965e-05
   9.0156775e-05
   9.0270986e-05
   9.0187988e-05
   8.9908044e-05
   8.9432292e-05
   8.8762740e-05
   8.7902263e-05
   8.6854593e-05
   8.5624307e-05
   8.4216813e-05
   8.2638327e-05
   8.0895860e-05
   7.8997182e-05
   7.6950803e-05
   7.4765938e-05
   7.2452474e-05
   7.0020928e-05
   6.7482413e-05
   6.4848590e-05
   6.2131623e-05
   5.9344127e-05
   5.6499122e-05
   5.3609969e-05
   5.0690323e-05
   4.7754064e-05
   4.4815241e-05
   4.1888008e-05
   3.8986556e-05
   3.6125048e-05
   3.3317553e-05
   3.0577972e-05
   2.7919975e-05
   2.5356930e-05
   2.2901829e-05
   2.0567229e-05
   1.8365177e-05
   1.6307148e-05
   1.4403980e-05
   1.2665812e-05
   1.1102026e-05
   9.7211846e-06
   8.5309812e-06
   7.5381783e-06
   6.7485540e-06
   6.1668487e-06
   5.7967251e-06
   5.6407514e-06
   5.7004131e-06
   5.9761347e-06
   6.4672848e-06
   7.1721543e-06
   8.0879259e-06
   9.2106547e-06
   1.0535272e-05
   1.2055603e-05
   1.3764402e-05
   1.5653387e-05
   1.7713288e-05
   1.9933892e-05
   2.2304098e-05
   2.4811976e-05
   2.7444829e-05
   3.0189261e-05
   3.3031250e-05
   3.5956224e-05
   3.8949138e-05
   4.1994560e-05
   4.5076754e-05
   4.8179765e-05
   5.1287510e-05
   5.4383868e-05
   5.7452764e-05
   6.0478263e-05
   6.3444656e-05
   6.6336547e-05
   6.9138936e-05
   7.1837302e-05
   7.4417684e-05
   7.6866751e-05
   7.9171881e-05
   8.1321220e-05
   8.3303752e-05
   8.5109350e-05
   8.6728832e-05
   8.8154008e-05
   8.9377715e-05
   9.0393857e-05
   9.1197433e-05
   9.1784554e-05
   9.2152467e-05
   9.2299554e-05
   9.2225347e-05
   9.1930514e-05
   9.1416858e-05
   9.0687298e-05
   8.9745847e-05
   8.8597588e-05
   8.7248641e-05
