   3.1300174e-02
   3.0985847e-02
   3.0669215e-02
   3.0352568e-02
   3.0038097e-02
   2.9727873e-02
   2.9423839e-02
   2.9127795e-02
   2.8841392e-02
   2.8566119e-02
   2.8303301e-02
   2.8054095e-02
   2.7819484e-02
   2.7600281e-02
   2.7397124e-02
   2.7210485e-02
   2.7040667e-02
   2.6887812e-02
   2.6751908e-02
   2.6632795e-02
   2.6530172e-02
   2.6443610e-02
   2.6372557e-02
   2.6316353e-02
   2.6274239e-02
   2.6245371e-02
   2.6228830e-02
   2.6223636e-02
   2.6228762e-02
   2.6243144e-02
   2.6265698e-02
   2.6295330e-02
   2.6330949e-02
   2.6371481e-02
   2.6415880e-02
   2.6463138e-02
   2.6512297e-02
   2.6562462e-02
   2.6612804e-02
   2.6662573e-02
   2.6711106e-02
   2.6757828e-02
   2.6802264e-02
   2.6844040e-02
   2.6882884e-02
   2.6918635e-02
   2.6951234e-02
   2.6980734e-02
   2.7007290e-02
   2.7031163e-02
   2.7052710e-02
   2.7072385e-02
   2.7090732e-02
   2.7108375e-02
   2.7126014e-02
   2.7144416e-02
   2.7164404e-02
   2.7186849e-02
   2.7212661e-02
   2.7242774e-02
   2.7278140e-02
   2.7319710e-02
   2.7368433e-02
   2.7425232e-02
   2.7491002e-02
   2.7566592e-02
   2.7652797e-02
   2.7750342e-02
   2.7859876e-02
   2.7981957e-02
   2.8117045e-02
   2.8265489e-02
   2.8427520e-02
   2.8603242e-02
   2.8792627e-02
   2.8995503e-02
   2.9211553e-02
   2.9440309e-02
   2.9681150e-02
   2.9933297e-02
   3.0195816e-02
   3.0467614e-02
   3.0747446e-02
   3.1033917e-02
   3.1325484e-02
   3.1620469e-02
   3.1917062e-02
   3.2213335e-02
   3.2507255e-02
   3.2796692e-02
   3.3079444e-02
   3.3353246e-02
   3.3615795e-02
   3.3864769e-02
   3.4097850e-02
   3.4312747e-02
   3.4507223e-02
   3.4679120e-02
   3.4826384e-02
   3.4947098e-02
   3.5039505e-02
   3.5102035e-02
   3.5133338e-02
   3.5132302e-02
   3.5098082e-02
   3.5030125e-02
   3.4928184e-02
   3.4792341e-02
   3.4623020e-02
   3.4420995e-02
   3.4187402e-02
   3.3923736e-02
   3.3631851e-02
   3.3313954e-02
   3.2972587e-02
   3.2610616e-02
   3.2231201e-02
   3.1837774e-02
   3.1433999e-02
   3.1023740e-02
   3.0611013e-02
   3.0199946e-02
   2.9794723e-02
   2.9399539e-02
   2.9018542e-02
   2.8655778e-02
   2.8315141e-02
   2.8000318e-02
   2.7714737e-02
   2.7461517e-02
   2.7243426e-02
   2.7062839e-02
   2.6921706e-02
   2.6821517e-02
   2.6763285e-02
   2.6747528e-02
   2.6774260e-02
   2.6842993e-02
   2.6952742e-02
   2.7102040e-02
   2.7288956e-02
   2.7511127e-02
   2.7765792e-02
   2.8049829e-02
   2.8359800e-02
   2.8692001e-02
   2.9042512e-02
   2.9407253e-02
   2.9782033e-02
   3.0162615e-02
   3.0544759e-02
   3.0924286e-02
   3.1297120e-02
   3.1659341e-02
   3.2007229e-02
   3.2337299e-02
   3.2646344e-02
   3.2931458e-02
   3.3190064e-02
   3.3419934e-02
   3.3619203e-02
   3.3786376e-02
   3.3920333e-02
   3.4020328e-02
   3.4085981e-02
   3.4117268e-02
   3.4114509e-02
   3.4078347e-02
   3.4009730e-02
   3.3909883e-02
   3.3780290e-02
   3.3622659e-02
   3.3438899e-02
   3.3231089e-02
   3.3001450e-02
   3.2752315e-02
   3.2486100e-02
   3.2205279e-02
   3.1912351e-02
   3.1609822e-02
   3.1300174e-02
