   5.2072365e-01
   4.8956311e-01
   4.6024909e-01
   4.3294333e-01
   4.0779852e-01
   3.8495871e-01
   3.6455951e-01
   3.4672823e-01
   3.3158378e-01
   3.1923642e-01
   3.0978716e-01
   3.0332690e-01
   2.9993540e-01
   2.9967975e-01
   3.0261276e-01
   3.0877095e-01
   3.1817236e-01
   3.3081419e-01
   3.4667028e-01
   3.6568855e-01
   3.8778853e-01
   4.1285892e-01
   4.4075548e-01
   4.7129922e-01
   5.0427508e-01
   5.3943117e-01
   5.7647868e-01
   6.1509259e-01
   6.5491320e-01
   6.9554856e-01
   7.3657791e-01
   7.7755590e-01
   8.1801788e-01
   8.5748593e-01
   8.9547565e-01
   9.3150357e-01
   9.6509497e-01
   9.9579203e-01
   1.0231619e+00
   1.0468049e+00
   1.0663619e+00
   1.0815212e+00
   1.0920253e+00
   1.0976754e+00
   1.0983359e+00
   1.0939371e+00
   1.0844765e+00
   1.0700189e+00
   1.0506954e+00
   1.0267003e+00
   9.9828741e-01
   9.6576544e-01
   9.2949161e-01
   8.8986527e-01
   8.4732061e-01
   8.0231907e-01
   7.5534151e-01
   7.0688052e-01
   6.5743282e-01
   6.0749206e-01
   5.5754207e-01
   5.0805074e-01
   4.5946462e-01
   4.1220414e-01
   3.6665971e-01
   3.2318857e-01
   2.8211241e-01
   2.4371569e-01
   2.0824472e-01
   1.7590730e-01
   1.4687297e-01
   1.2127375e-01
   9.9205276e-02
   8.0728401e-02
   6.5871349e-02
   5.4632698e-02
   4.6985410e-02
   4.2880835e-02
   4.2249556e-02
   4.4997917e-02
   5.1006099e-02
   6.0132621e-02
   7.2221041e-02
   8.7104034e-02
   1.0460499e-01
   1.2453885e-01
   1.4671287e-01
   1.7092766e-01
   1.9697815e-01
   2.2465463e-01
   2.5374372e-01
   2.8402936e-01
   3.1529371e-01
   3.4731817e-01
   3.7988435e-01
   4.1277517e-01
   4.4577601e-01
   4.7867602e-01
   5.1126948e-01
   5.4335735e-01
   5.7474892e-01
   6.0526356e-01
   6.3473259e-01
   6.6300114e-01
   6.8993008e-01
   7.1539794e-01
   7.3930264e-01
   7.6156319e-01
   7.8212110e-01
   8.0094157e-01
   8.1801428e-01
   8.3335392e-01
   8.4700017e-01
   8.5901733e-01
   8.6949342e-01
   8.7853886e-01
   8.8628465e-01
   8.9288017e-01
   8.9849057e-01
   9.0329389e-01
   9.0747785e-01
   9.1123653e-01
   9.1476688e-01
   9.1826524e-01
   9.2192384e-01
   9.2592740e-01
   9.3044989e-01
   9.3565142e-01
   9.4167536e-01
   9.4864564e-01
   9.5666438e-01
   9.6580966e-01
   9.7613366e-01
   9.8766100e-01
   1.0003875e+00
   1.0142792e+00
   1.0292717e+00
   1.0452702e+00
   1.0621498e+00
   1.0797563e+00
   1.0979077e+00
   1.1163965e+00
   1.1349921e+00
   1.1534441e+00
   1.1714866e+00
   1.1888422e+00
   1.2052272e+00
   1.2203567e+00
   1.2339502e+00
   1.2457368e+00
   1.2554609e+00
   1.2628873e+00
   1.2678058e+00
   1.2700353e+00
   1.2694279e+00
   1.2658709e+00
   1.2592890e+00
   1.2496455e+00
   1.2369422e+00
   1.2212190e+00
   1.2025522e+00
   1.1810523e+00
   1.1568618e+00
   1.1301512e+00
   1.1011162e+00
   1.0699733e+00
   1.0369563e+00
   1.0023123e+00
   9.6629797e-01
   9.2917581e-01
   8.9121111e-01
   8.5266888e-01
   8.1381126e-01
   7.7489532e-01
   7.3617129e-01
   6.9788111e-01
   6.6025743e-01
   6.2352287e-01
   5.8788967e-01
   5.5355951e-01
   5.2072365e-01
