   7.8215089e-02
   6.5279576e-02
   5.3946347e-02
   4.4268072e-02
   3.6296383e-02
   3.0081705e-02
   2.5673001e-02
   2.3117432e-02
   2.2459862e-02
   2.3742159e-02
   2.7002376e-02
   3.2273981e-02
   3.9585085e-02
   4.8957566e-02
   6.0406059e-02
   7.3936882e-02
   8.9546932e-02
   1.0722258e-01
   1.2693859e-01
   1.4865705e-01
   1.7232642e-01
   1.9788063e-01
   2.2523828e-01
   2.5430206e-01
   2.8495829e-01
   3.1707666e-01
   3.5051022e-01
   3.8509562e-01
   4.2065358e-01
   4.5698968e-01
   4.9389542e-01
   5.3114955e-01
   5.6851970e-01
   6.0576428e-01
   6.4263461e-01
   6.7887731e-01
   7.1423686e-01
   7.4845829e-01
   7.8129006e-01
   8.1248688e-01
   8.4181269e-01
   8.6904347e-01
   8.9397002e-01
   9.1640056e-01
   9.3616318e-01
   9.5310796e-01
   9.6710887e-01
   9.7806531e-01
   9.8590330e-01
   9.9057627e-01
   9.9206550e-01
   9.9038012e-01
   9.8555672e-01
   9.7765862e-01
   9.6677471e-01
   9.5301806e-01
   9.3652407e-01
   9.1744854e-01
   8.9596541e-01
   8.7226434e-01
   8.4654825e-01
   8.1903066e-01
   7.8993311e-01
   7.5948258e-01
   7.2790892e-01
   6.9544248e-01
   6.6231174e-01
   6.2874126e-01
   5.9494974e-01
   5.6114826e-01
   5.2753879e-01
   4.9431297e-01
   4.6165101e-01
   4.2972093e-01
   3.9867793e-01
   3.6866407e-01
   3.3980807e-01
   3.1222533e-01
   2.8601810e-01
   2.6127583e-01
   2.3807558e-01
   2.1648264e-01
   1.9655111e-01
   1.7832465e-01
   1.6183723e-01
   1.4711392e-01
   1.3417170e-01
   1.2302027e-01
   1.1366280e-01
   1.0609677e-01
   1.0031460e-01
   9.6304351e-02
   9.4050266e-02
   9.3533274e-02
   9.4731399e-02
   9.7620107e-02
   1.0217261e-01
   1.0836012e-01
   1.1615202e-01
   1.2551595e-01
   1.3641789e-01
   1.4882201e-01
   1.6269060e-01
   1.7798378e-01
   1.9465927e-01
   2.1267196e-01
   2.3197361e-01
   2.5251234e-01
   2.7423218e-01
   2.9707260e-01
   3.2096801e-01
   3.4584730e-01
   3.7163336e-01
   3.9824268e-01
   4.2558498e-01
   4.5356296e-01
   4.8207206e-01
   5.1100042e-01
   5.4022885e-01
   5.6963109e-01
   5.9907402e-01
   6.2841820e-01
   6.5751848e-01
   6.8622479e-01
   7.1438308e-01
   7.4183647e-01
   7.6842645e-01
   7.9399430e-01
   8.1838255e-01
   8.4143662e-01
   8.6300640e-01
   8.8294794e-01
   9.0112514e-01
   9.1741136e-01
   9.3169101e-01
   9.4386099e-01
   9.5383204e-01
   9.6152988e-01
   9.6689620e-01
   9.6988940e-01
   9.7048513e-01
   9.6867656e-01
   9.6447442e-01
   9.5790680e-01
   9.4901866e-01
   9.3787116e-01
   9.2454077e-01
   9.0911815e-01
   8.9170690e-01
   8.7242220e-01
   8.5138926e-01
   8.2874179e-01
   8.0462039e-01
   7.7917092e-01
   7.5254294e-01
   7.2488817e-01
   6.9635903e-01
   6.6710733e-01
   6.3728303e-01
   6.0703313e-01
   5.7650079e-01
   5.4582452e-01
   5.1513755e-01
   4.8456736e-01
   4.5423539e-01
   4.2425683e-01
   3.9474058e-01
   3.6578936e-01
   3.3749986e-01
   3.0996300e-01
   2.8326431e-01
   2.5748435e-01
   2.3269908e-01
   2.0898041e-01
   1.8639667e-01
   1.6501304e-01
   1.4489206e-01
   1.2609405e-01
   1.0867747e-01
   9.2699254e-02
   7.8215089e-02
