   3.4807533e-03
   3.4636277e-03
   3.4465600e-03
   3.4296820e-03
   3.4131203e-03
   3.3969952e-03
   3.3814197e-03
   3.3664985e-03
   3.3523273e-03
   3.3389918e-03
   3.3265674e-03
   3.3151188e-03
   3.3046992e-03
   3.2953505e-03
   3.2871033e-03
   3.2799762e-03
   3.2739769e-03
   3.2691015e-03
   3.2653357e-03
   3.2626543e-03
   3.2610228e-03
   3.2603970e-03
   3.2607244e-03
   3.2619444e-03
   3.2639898e-03
   3.2667868e-03
   3.2702567e-03
   3.2743164e-03
   3.2788793e-03
   3.2838567e-03
   3.2891581e-03
   3.2946929e-03
   3.3003709e-03
   3.3061033e-03
   3.3118037e-03
   3.3173889e-03
   3.3227799e-03
   3.3279024e-03
   3.3326875e-03
   3.3370727e-03
   3.3410024e-03
   3.3444280e-03
   3.3473088e-03
   3.3496123e-03
   3.3513143e-03
   3.3523990e-03
   3.3528597e-03
   3.3526981e-03
   3.3519247e-03
   3.3505585e-03
   3.3486269e-03
   3.3461651e-03
   3.3432160e-03
   3.3398298e-03
   3.3360631e-03
   3.3319787e-03
   3.3276447e-03
   3.3231337e-03
   3.3185225e-03
   3.3138906e-03
   3.3093201e-03
   3.3048942e-03
   3.3006965e-03
   3.2968103e-03
   3.2933173e-03
   3.2902972e-03
   3.2878259e-03
   3.2859758e-03
   3.2848138e-03
   3.2844011e-03
   3.2847925e-03
   3.2860350e-03
   3.2881678e-03
   3.2912216e-03
   3.2952175e-03
   3.3001672e-03
   3.3060723e-03
   3.3129243e-03
   3.3207039e-03
   3.3293816e-03
   3.3389173e-03
   3.3492604e-03
   3.3603505e-03
   3.3721175e-03
   3.3844820e-03
   3.3973560e-03
   3.4106437e-03
   3.4242424e-03
   3.4380429e-03
   3.4519313e-03
   3.4657894e-03
   3.4794963e-03
   3.4929296e-03
   3.5059663e-03
   3.5184847e-03
   3.5303655e-03
   3.5414932e-03
   3.5517573e-03
   3.5610542e-03
   3.5692879e-03
   3.5763716e-03
   3.5822290e-03
   3.5867953e-03
   3.5900179e-03
   3.5918582e-03
   3.5922912e-03
   3.5913071e-03
   3.5889112e-03
   3.5851244e-03
   3.5799834e-03
   3.5735402e-03
   3.5658623e-03
   3.5570320e-03
   3.5471456e-03
   3.5363130e-03
   3.5246559e-03
   3.5123075e-03
   3.4994102e-03
   3.4861146e-03
   3.4725778e-03
   3.4589614e-03
   3.4454297e-03
   3.4321476e-03
   3.4192790e-03
   3.4069844e-03
   3.3954190e-03
   3.3847307e-03
   3.3750585e-03
   3.3665303e-03
   3.3592612e-03
   3.3533524e-03
   3.3488896e-03
   3.3459415e-03
   3.3445596e-03
   3.3447765e-03
   3.3466062e-03
   3.3500436e-03
   3.3550642e-03
   3.3616248e-03
   3.3696635e-03
   3.3791009e-03
   3.3898408e-03
   3.4017712e-03
   3.4147662e-03
   3.4286869e-03
   3.4433837e-03
   3.4586977e-03
   3.4744626e-03
   3.4905074e-03
   3.5066574e-03
   3.5227372e-03
   3.5385722e-03
   3.5539910e-03
   3.5688272e-03
   3.5829211e-03
   3.5961218e-03
   3.6082887e-03
   3.6192929e-03
   3.6290188e-03
   3.6373648e-03
   3.6442446e-03
   3.6495877e-03
   3.6533401e-03
   3.6554648e-03
   3.6559414e-03
   3.6547664e-03
   3.6519532e-03
   3.6475308e-03
   3.6415443e-03
   3.6340529e-03
   3.6251302e-03
   3.6148621e-03
   3.6033462e-03
   3.5906904e-03
   3.5770115e-03
   3.5624337e-03
   3.5470875e-03
   3.5311077e-03
   3.5146323e-03
   3.4978010e-03
   3.4807533e-03
