   1.4054062e+00
   1.4403890e+00
   1.5088491e+00
   1.6107114e+00
   1.7456095e+00
   1.9128665e+00
   2.1114713e+00
   2.3400509e+00
   2.5968408e+00
   2.8796568e+00
   3.1858684e+00
   3.5123796e+00
   3.8556167e+00
   4.2115280e+00
   4.5755971e+00
   4.9428722e+00
   5.3080131e+00
   5.6653578e+00
   6.0090075e+00
   6.3329321e+00
   6.6310920e+00
   6.8975753e+00
   7.1267466e+00
   7.3134019e+00
   7.4529249e+00
   7.5414384e+00
   7.5759436e+00
   7.5544416e+00
   7.4760299e+00
   7.3409687e+00
   7.1507125e+00
   6.9079028e+00
   6.6163228e+00
   6.2808107e+00
   5.9071382e+00
   5.5018545e+00
   5.0721039e+00
   4.6254246e+00
   4.1695347e+00
   3.7121172e+00
   3.2606105e+00
   2.8220150e+00
   2.4027211e+00
   2.0083663e+00
   1.6437257e+00
   1.3126365e+00
   1.0179600e+00
   7.6157677e-01
   5.4441382e-01
   3.6649869e-01
   2.2703507e-01
   1.2449442e-01
   5.6717853e-02
   2.1028157e-02
   1.4351333e-02
   3.3209533e-02
   7.3975730e-02
   1.3288854e-01
   2.0611264e-01
   2.8982261e-01
   3.8026459e-01
   4.7381092e-01
   5.6701032e-01
   6.5663482e-01
   7.3972482e-01
   8.1363259e-01
   8.7606436e-01
   9.2512042e-01
   9.5933184e-01
   9.7769234e-01
   9.7968333e-01
   9.6528991e-01
   9.3500592e-01
   8.8982628e-01
   8.3122526e-01
   7.6111998e-01
   6.8181900e-01
   5.9595673e-01
   5.0641494e-01
   4.1623346e-01
   3.2851269e-01
   2.4631102e-01
   1.7254064e-01
   1.0986479e-01
   6.0598537e-02
   2.6605713e-02
   9.1609936e-03
   9.4609359e-03
   2.7764311e-02
   6.3315454e-02
   1.1522829e-01
   1.8195707e-01
   2.6139803e-01
   3.5097389e-01
   4.4772448e-01
   5.4841057e-01
   6.4962926e-01
   7.4793749e-01
   8.3997904e-01
   9.2261026e-01
   9.9301944e-01
   1.0488349e+00
   1.0882167e+00
   1.1099286e+00
   1.1133850e+00
   1.0986729e+00
   1.0665442e+00
   1.0183810e+00
   9.5613343e-01
   8.8223345e-01
   7.9948769e-01
   7.1095563e-01
   6.1981856e-01
   5.2924651e-01
   4.4227042e-01
   3.6166651e-01
   2.8985972e-01
   2.2885157e-01
   1.8017696e-01
   1.4489249e-01
   1.2359690e-01
   1.1648003e-01
   1.2339331e-01
   1.4393967e-01
   1.7758222e-01
   2.2375914e-01
   2.8199048e-01
   3.5196941e-01
   4.3363201e-01
   5.2719914e-01
   6.3318601e-01
   7.5237704e-01
   8.8576654e-01
   1.0344685e+00
   1.1996009e+00
   1.3821529e+00
   1.5828434e+00
   1.8019822e+00
   2.0393433e+00
   2.2940602e+00
   2.5645521e+00
   2.8484864e+00
   3.1427828e+00
   3.4436579e+00
   3.7467121e+00
   4.0470517e+00
   4.3394414e+00
   4.6184788e+00
   4.8787812e+00
   5.1151754e+00
   5.3228805e+00
   5.4976742e+00
   5.6360359e+00
   5.7352599e+00
   5.7935346e+00
   5.8099862e+00
   5.7846861e+00
   5.7186245e+00
   5.6136541e+00
   5.4724072e+00
   5.2981928e+00
   5.0948804e+00
   4.8667749e+00
   4.6184900e+00
   4.3548243e+00
   4.0806460e+00
   3.8007877e+00
   3.5199561e+00
   3.2426564e+00
   2.9731332e+00
   2.7153269e+00
   2.4728450e+00
   2.2489462e+00
   2.0465361e+00
   1.8681717e+00
   1.7160718e+00
   1.5921317e+00
   1.4979392e+00
   1.4347896e+00
   1.4036977e+00
   1.4054062e+00
