   5.6788847e-02
   5.5966825e-02
   5.5144814e-02
   5.4328329e-02
   5.3522561e-02
   5.2732357e-02
   5.1962195e-02
   5.1216166e-02
   5.0497969e-02
   4.9810896e-02
   4.9157830e-02
   4.8541244e-02
   4.7963200e-02
   4.7425359e-02
   4.6928982e-02
   4.6474941e-02
   4.6063733e-02
   4.5695492e-02
   4.5370007e-02
   4.5086736e-02
   4.4844830e-02
   4.4643150e-02
   4.4480295e-02
   4.4354620e-02
   4.4264269e-02
   4.4207195e-02
   4.4181192e-02
   4.4183920e-02
   4.4212938e-02
   4.4265732e-02
   4.4339742e-02
   4.4432395e-02
   4.4541131e-02
   4.4663434e-02
   4.4796857e-02
   4.4939051e-02
   4.5087787e-02
   4.5240981e-02
   4.5396714e-02
   4.5553253e-02
   4.5709065e-02
   4.5862833e-02
   4.6013471e-02
   4.6160125e-02
   4.6302187e-02
   4.6439296e-02
   4.6571338e-02
   4.6698445e-02
   4.6820989e-02
   4.6939579e-02
   4.7055045e-02
   4.7168432e-02
   4.7280981e-02
   4.7394117e-02
   4.7509426e-02
   4.7628643e-02
   4.7753621e-02
   4.7886318e-02
   4.8028767e-02
   4.8183057e-02
   4.8351303e-02
   4.8535627e-02
   4.8738127e-02
   4.8960855e-02
   4.9205792e-02
   4.9474818e-02
   4.9769697e-02
   5.0092042e-02
   5.0443300e-02
   5.0824723e-02
   5.1237353e-02
   5.1681994e-02
   5.2159196e-02
   5.2669236e-02
   5.3212101e-02
   5.3787467e-02
   5.4394690e-02
   5.5032791e-02
   5.5700440e-02
   5.6395954e-02
   5.7117280e-02
   5.7861996e-02
   5.8627305e-02
   5.9410036e-02
   6.0206643e-02
   6.1013214e-02
   6.1825479e-02
   6.2638824e-02
   6.3448305e-02
   6.4248677e-02
   6.5034413e-02
   6.5799743e-02
   6.6538687e-02
   6.7245101e-02
   6.7912726e-02
   6.8535243e-02
   6.9106333e-02
   6.9619744e-02
   7.0069366e-02
   7.0449303e-02
   7.0753956e-02
   7.0978109e-02
   7.1117011e-02
   7.1166470e-02
   7.1122935e-02
   7.0983586e-02
   7.0746414e-02
   7.0410300e-02
   6.9975086e-02
   6.9441634e-02
   6.8811881e-02
   6.8088874e-02
   6.7276796e-02
   6.6380970e-02
   6.5407857e-02
   6.4365016e-02
   6.3261069e-02
   6.2105624e-02
   6.0909190e-02
   5.9683072e-02
   5.8439245e-02
   5.7190208e-02
   5.5948830e-02
   5.4728179e-02
   5.3541337e-02
   5.2401219e-02
   5.1320374e-02
   5.0310800e-02
   4.9383755e-02
   4.8549575e-02
   4.7817510e-02
   4.7195570e-02
   4.6690395e-02
   4.6307136e-02
   4.6049377e-02
   4.5919069e-02
   4.5916497e-02
   4.6040280e-02
   4.6287395e-02
   4.6653227e-02
   4.7131652e-02
   4.7715144e-02
   4.8394900e-02
   4.9160987e-02
   5.0002513e-02
   5.0907794e-02
   5.1864551e-02
   5.2860091e-02
   5.3881507e-02
   5.4915866e-02
   5.5950389e-02
   5.6972632e-02
   5.7970644e-02
   5.8933115e-02
   5.9849509e-02
   6.0710174e-02
   6.1506438e-02
   6.2230680e-02
   6.2876384e-02
   6.3438171e-02
   6.3911816e-02
   6.4294244e-02
   6.4583506e-02
   6.4778748e-02
   6.4880163e-02
   6.4888924e-02
   6.4807124e-02
   6.4637692e-02
   6.4384313e-02
   6.4051341e-02
   6.3643712e-02
   6.3166849e-02
   6.2626581e-02
   6.2029051e-02
   6.1380635e-02
   6.0687862e-02
   5.9957339e-02
   5.9195680e-02
   5.8409443e-02
   5.7605074e-02
   5.6788847e-02
