   4.8579559e+00
   4.7839077e+00
   4.7061698e+00
   4.6251536e+00
   4.5412440e+00
   4.4548007e+00
   4.3661589e+00
   4.2756301e+00
   4.1835023e+00
   4.0900400e+00
   3.9954840e+00
   3.9000499e+00
   3.8039268e+00
   3.7072755e+00
   3.6102258e+00
   3.5128740e+00
   3.4152808e+00
   3.3174684e+00
   3.2194195e+00
   3.1210757e+00
   3.0223387e+00
   2.9230716e+00
   2.8231034e+00
   2.7222344e+00
   2.6202449e+00
   2.5169056e+00
   2.4119908e+00
   2.3052929e+00
   2.1966391e+00
   2.0859093e+00
   1.9730539e+00
   1.8581110e+00
   1.7412229e+00
   1.6226490e+00
   1.5027760e+00
   1.3821236e+00
   1.2613447e+00
   1.1412195e+00
   1.0226447e+00
   9.0661481e-01
   7.9419927e-01
   6.8651334e-01
   5.8468533e-01
   4.8982094e-01
   4.0296623e-01
   3.2507099e-01
   2.5695429e-01
   1.9927373e-01
   1.5250018e-01
   1.1689882e-01
   9.2517143e-02
   7.9179796e-02
   7.6492357e-02
   8.3858693e-02
   1.0050691e-01
   1.2551442e-01
   1.5783588e-01
   1.9633782e-01
   2.3983658e-01
   2.8713645e-01
   3.3706600e-01
   3.8851141e-01
   4.4044546e-01
   4.9195163e-01
   5.4224224e-01
   5.9067075e-01
   6.3673789e-01
   6.8009203e-01
   7.2052427e-01
   7.5795895e-01
   7.9244036e-01
   8.2411655e-01
   8.5322129e-01
   8.8005485e-01
   9.0496470e-01
   9.2832658e-01
   9.5052683e-01
   9.7194627e-01
   9.9294603e-01
   1.0138555e+00
   1.0349629e+00
   1.0565073e+00
   1.0786739e+00
   1.1015904e+00
   1.1253255e+00
   1.1498892e+00
   1.1752337e+00
   1.2012562e+00
   1.2278021e+00
   1.2546684e+00
   1.2816084e+00
   1.3083359e+00
   1.3345301e+00
   1.3598406e+00
   1.3838918e+00
   1.4062883e+00
   1.4266198e+00
   1.4444663e+00
   1.4594034e+00
   1.4710079e+00
   1.4788638e+00
   1.4825682e+00
   1.4817383e+00
   1.4760182e+00
   1.4650867e+00
   1.4486646e+00
   1.4265236e+00
   1.3984945e+00
   1.3644760e+00
   1.3244433e+00
   1.2784566e+00
   1.2266692e+00
   1.1693347e+00
   1.1068138e+00
   1.0395787e+00
   9.6821714e-01
   8.9343400e-01
   8.1605045e-01
   7.3700119e-01
   6.5732875e-01
   5.7817505e-01
   5.0077008e-01
   4.2641771e-01
   3.5647861e-01
   2.9235064e-01
   2.3544671e-01
   1.8717081e-01
   1.4889219e-01
   1.2191889e-01
   1.0747141e-01
   1.0665827e-01
   1.2045192e-01
   1.4966255e-01
   1.9491465e-01
   2.5663008e-01
   3.3501535e-01
   4.3005232e-01
   5.4149299e-01
   6.6885909e-01
   8.1144665e-01
   9.6833554e-01
   1.1384038e+00
   1.3203461e+00
   1.5126965e+00
   1.7138539e+00
   1.9221109e+00
   2.1356833e+00
   2.3527415e+00
   2.5714416e+00
   2.7899562e+00
   3.0065033e+00
   3.2193732e+00
   3.4269531e+00
   3.6277480e+00
   3.8203982e+00
   4.0036931e+00
   4.1765814e+00
   4.3381763e+00
   4.4877587e+00
   4.6247750e+00
   4.7488335e+00
   4.8596965e+00
   4.9572711e+00
   5.0415974e+00
   5.1128356e+00
   5.1712524e+00
   5.2172057e+00
   5.2511311e+00
   5.2735265e+00
   5.2849391e+00
   5.2859519e+00
   5.2771722e+00
   5.2592202e+00
   5.2327204e+00
   5.1982926e+00
   5.1565455e+00
   5.1080714e+00
   5.0534414e+00
   4.9932026e+00
   4.9278762e+00
   4.8579559e+00
