   1.8941437e+00
   1.8166208e+00
   1.7417434e+00
   1.6701320e+00
   1.6023348e+00
   1.5388256e+00
   1.4800025e+00
   1.4261879e+00
   1.3776290e+00
   1.3344991e+00
   1.2968990e+00
   1.2648596e+00
   1.2383439e+00
   1.2172506e+00
   1.2014171e+00
   1.1906236e+00
   1.1845972e+00
   1.1830169e+00
   1.1855192e+00
   1.1917044e+00
   1.2011431e+00
   1.2133844e+00
   1.2279638e+00
   1.2444122e+00
   1.2622651e+00
   1.2810723e+00
   1.3004072e+00
   1.3198757e+00
   1.3391247e+00
   1.3578494e+00
   1.3757988e+00
   1.3927801e+00
   1.4086604e+00
   1.4233668e+00
   1.4368838e+00
   1.4492486e+00
   1.4605446e+00
   1.4708928e+00
   1.4804420e+00
   1.4893584e+00
   1.4978142e+00
   1.5059773e+00
   1.5140009e+00
   1.5220156e+00
   1.5301219e+00
   1.5383857e+00
   1.5468355e+00
   1.5554614e+00
   1.5642175e+00
   1.5730242e+00
   1.5817738e+00
   1.5903358e+00
   1.5985634e+00
   1.6063006e+00
   1.6133880e+00
   1.6196694e+00
   1.6249966e+00
   1.6292336e+00
   1.6322602e+00
   1.6339738e+00
   1.6342911e+00
   1.6331485e+00
   1.6305018e+00
   1.6263262e+00
   1.6206150e+00
   1.6133790e+00
   1.6046453e+00
   1.5944569e+00
   1.5828712e+00
   1.5699604e+00
   1.5558101e+00
   1.5405195e+00
   1.5242008e+00
   1.5069791e+00
   1.4889916e+00
   1.4703873e+00
   1.4513265e+00
   1.4319794e+00
   1.4125256e+00
   1.3931523e+00
   1.3740532e+00
   1.3554265e+00
   1.3374731e+00
   1.3203944e+00
   1.3043901e+00
   1.2896553e+00
   1.2763780e+00
   1.2647365e+00
   1.2548954e+00
   1.2470035e+00
   1.2411895e+00
   1.2375591e+00
   1.2361917e+00
   1.2371367e+00
   1.2404108e+00
   1.2459949e+00
   1.2538322e+00
   1.2638258e+00
   1.2758382e+00
   1.2896909e+00
   1.3051647e+00
   1.3220021e+00
   1.3399094e+00
   1.3585610e+00
   1.3776040e+00
   1.3966641e+00
   1.4153524e+00
   1.4332725e+00
   1.4500285e+00
   1.4652329e+00
   1.4785149e+00
   1.4895284e+00
   1.4979594e+00
   1.5035336e+00
   1.5060223e+00
   1.5052492e+00
   1.5010949e+00
   1.4935019e+00
   1.4824782e+00
   1.4681011e+00
   1.4505193e+00
   1.4299553e+00
   1.4067066e+00
   1.3811465e+00
   1.3537232e+00
   1.3249583e+00
   1.2954436e+00
   1.2658356e+00
   1.2368489e+00
   1.2092464e+00
   1.1838277e+00
   1.1614153e+00
   1.1428375e+00
   1.1289111e+00
   1.1204208e+00
   1.1180992e+00
   1.1226055e+00
   1.1345049e+00
   1.1542501e+00
   1.1821633e+00
   1.2184222e+00
   1.2630488e+00
   1.3159018e+00
   1.3766735e+00
   1.4448909e+00
   1.5199208e+00
   1.6009796e+00
   1.6871465e+00
   1.7773803e+00
   1.8705399e+00
   1.9654061e+00
   2.0607061e+00
   2.1551389e+00
   2.2474016e+00
   2.3362145e+00
   2.4203472e+00
   2.4986413e+00
   2.5700330e+00
   2.6335720e+00
   2.6884379e+00
   2.7339539e+00
   2.7695963e+00
   2.7950008e+00
   2.8099650e+00
   2.8144477e+00
   2.8085645e+00
   2.7925800e+00
   2.7668979e+00
   2.7320479e+00
   2.6886718e+00
   2.6375066e+00
   2.5793685e+00
   2.5151346e+00
   2.4457260e+00
   2.3720907e+00
   2.2951872e+00
   2.2159695e+00
   2.1353732e+00
   2.0543031e+00
   1.9736225e+00
   1.8941437e+00
