   3.3621247e-05
   3.2038908e-05
   3.0444741e-05
   2.8847114e-05
   2.7254302e-05
   2.5674442e-05
   2.4115490e-05
   2.2585174e-05
   2.1090957e-05
   1.9639993e-05
   1.8239103e-05
   1.6894729e-05
   1.5612918e-05
   1.4399288e-05
   1.3259008e-05
   1.2196781e-05
   1.1216826e-05
   1.0322869e-05
   9.5181294e-06
   8.8053201e-06
   8.1866421e-06
   7.6637858e-06
   7.2379355e-06
   6.9097754e-06
   6.6794993e-06
   6.5468216e-06
   6.5109919e-06
   6.5708102e-06
   6.7246457e-06
   6.9704559e-06
   7.3058082e-06
   7.7279023e-06
   8.2335939e-06
   8.8194189e-06
   9.4816186e-06
   1.0216165e-05
   1.1018786e-05
   1.1884992e-05
   1.2810101e-05
   1.3789263e-05
   1.4817486e-05
   1.5889661e-05
   1.7000585e-05
   1.8144984e-05
   1.9317535e-05
   2.0512889e-05
   2.1725691e-05
   2.2950598e-05
   2.4182299e-05
   2.5415533e-05
   2.6645106e-05
   2.7865904e-05
   2.9072911e-05
   3.0261219e-05
   3.1426047e-05
   3.2562745e-05
   3.3666812e-05
   3.4733901e-05
   3.5759836e-05
   3.6740612e-05
   3.7672413e-05
   3.8551612e-05
   3.9374785e-05
   4.0138716e-05
   4.0840402e-05
   4.1477065e-05
   4.2046153e-05
   4.2545351e-05
   4.2972584e-05
   4.3326028e-05
   4.3604110e-05
   4.3805519e-05
   4.3929209e-05
   4.3974407e-05
   4.3940618e-05
   4.3827629e-05
   4.3635516e-05
   4.3364649e-05
   4.3015697e-05
   4.2589629e-05
   4.2087721e-05
   4.1511559e-05
   4.0863038e-05
   4.0144366e-05
   3.9358066e-05
   3.8506971e-05
   3.7594225e-05
   3.6623280e-05
   3.5597891e-05
   3.4522108e-05
   3.3400274e-05
   3.2237007e-05
   3.1037198e-05
   2.9805991e-05
   2.8548771e-05
   2.7271149e-05
   2.5978937e-05
   2.4678134e-05
   2.3374897e-05
   2.2075519e-05
   2.0786404e-05
   1.9514033e-05
   1.8264936e-05
   1.7045663e-05
   1.5862742e-05
   1.4722654e-05
   1.3631787e-05
   1.2596407e-05
   1.1622613e-05
   1.0716303e-05
   9.8831337e-06
   9.1284827e-06
   8.4574085e-06
   7.8746144e-06
   7.3844110e-06
   6.9906817e-06
   6.6968492e-06
   6.5058449e-06
   6.4200804e-06
   6.4414221e-06
   6.5711686e-06
   6.8100307e-06
   7.1581144e-06
   7.6149071e-06
   8.1792681e-06
   8.8494228e-06
   9.6229614e-06
   1.0496843e-05
   1.1467404e-05
   1.2530370e-05
   1.3680874e-05
   1.4913478e-05
   1.6222201e-05
   1.7600546e-05
   1.9041539e-05
   2.0537763e-05
   2.2081406e-05
   2.3664301e-05
   2.5277977e-05
   2.6913712e-05
   2.8562584e-05
   3.0215531e-05
   3.1863402e-05
   3.3497021e-05
   3.5107246e-05
   3.6685024e-05
   3.8221453e-05
   3.9707842e-05
   4.1135762e-05
   4.2497110e-05
   4.3784154e-05
   4.4989590e-05
   4.6106585e-05
   4.7128825e-05
   4.8050553e-05
   4.8866610e-05
   4.9572463e-05
   5.0164235e-05
   5.0638729e-05
   5.0993445e-05
   5.1226596e-05
   5.1337114e-05
   5.1324654e-05
   5.1189593e-05
   5.0933026e-05
   5.0556747e-05
   5.0063241e-05
   4.9455658e-05
   4.8737789e-05
   4.7914039e-05
   4.6989388e-05
   4.5969361e-05
   4.4859985e-05
   4.3667744e-05
   4.2399537e-05
   4.1062631e-05
   3.9664607e-05
   3.8213315e-05
   3.6716820e-05
   3.5183351e-05
   3.3621247e-05
