   1.3789063e-06
   1.3783397e-06
   1.3783934e-06
   1.3790701e-06
   1.3803690e-06
   1.3822862e-06
   1.3848148e-06
   1.3879443e-06
   1.3916613e-06
   1.3959491e-06
   1.4007879e-06
   1.4061550e-06
   1.4120247e-06
   1.4183685e-06
   1.4251551e-06
   1.4323511e-06
   1.4399202e-06
   1.4478244e-06
   1.4560236e-06
   1.4644757e-06
   1.4731374e-06
   1.4819640e-06
   1.4909096e-06
   1.4999277e-06
   1.5089710e-06
   1.5179921e-06
   1.5269435e-06
   1.5357780e-06
   1.5444487e-06
   1.5529096e-06
   1.5611157e-06
   1.5690232e-06
   1.5765900e-06
   1.5837755e-06
   1.5905412e-06
   1.5968509e-06
   1.6026706e-06
   1.6079690e-06
   1.6127176e-06
   1.6168909e-06
   1.6204662e-06
   1.6234245e-06
   1.6257496e-06
   1.6274290e-06
   1.6284538e-06
   1.6288183e-06
   1.6285206e-06
   1.6275623e-06
   1.6259487e-06
   1.6236884e-06
   1.6207936e-06
   1.6172799e-06
   1.6131664e-06
   1.6084752e-06
   1.6032315e-06
   1.5974636e-06
   1.5912023e-06
   1.5844814e-06
   1.5773367e-06
   1.5698065e-06
   1.5619311e-06
   1.5537523e-06
   1.5453136e-06
   1.5366598e-06
   1.5278367e-06
   1.5188909e-06
   1.5098694e-06
   1.5008195e-06
   1.4917885e-06
   1.4828235e-06
   1.4739709e-06
   1.4652765e-06
   1.4567850e-06
   1.4485397e-06
   1.4405826e-06
   1.4329538e-06
   1.4256915e-06
   1.4188320e-06
   1.4124090e-06
   1.4064539e-06
   1.4009953e-06
   1.3960592e-06
   1.3916688e-06
   1.3878441e-06
   1.3846021e-06
   1.3819568e-06
   1.3799190e-06
   1.3784962e-06
   1.3776928e-06
   1.3775100e-06
   1.3779459e-06
   1.3789955e-06
   1.3806505e-06
   1.3829001e-06
   1.3857302e-06
   1.3891241e-06
   1.3930626e-06
   1.3975238e-06
   1.4024835e-06
   1.4079154e-06
   1.4137909e-06
   1.4200799e-06
   1.4267504e-06
   1.4337687e-06
   1.4411002e-06
   1.4487088e-06
   1.4565576e-06
   1.4646090e-06
   1.4728246e-06
   1.4811659e-06
   1.4895940e-06
   1.4980700e-06
   1.5065552e-06
   1.5150110e-06
   1.5233997e-06
   1.5316838e-06
   1.5398268e-06
   1.5477931e-06
   1.5555481e-06
   1.5630583e-06
   1.5702916e-06
   1.5772174e-06
   1.5838064e-06
   1.5900309e-06
   1.5958651e-06
   1.6012847e-06
   1.6062675e-06
   1.6107928e-06
   1.6148423e-06
   1.6183994e-06
   1.6214497e-06
   1.6239808e-06
   1.6259824e-06
   1.6274464e-06
   1.6283669e-06
   1.6287400e-06
   1.6285643e-06
   1.6278403e-06
   1.6265708e-06
   1.6247609e-06
   1.6224177e-06
   1.6195507e-06
   1.6161712e-06
   1.6122930e-06
   1.6079317e-06
   1.6031051e-06
   1.5978330e-06
   1.5921371e-06
   1.5860409e-06
   1.5795699e-06
   1.5727513e-06
   1.5656139e-06
   1.5581880e-06
   1.5505056e-06
   1.5425998e-06
   1.5345051e-06
   1.5262572e-06
   1.5178926e-06
   1.5094487e-06
   1.5009637e-06
   1.4924761e-06
   1.4840250e-06
   1.4756497e-06
   1.4673894e-06
   1.4592832e-06
   1.4513697e-06
   1.4436874e-06
   1.4362736e-06
   1.4291649e-06
   1.4223969e-06
   1.4160036e-06
   1.4100178e-06
   1.4044705e-06
   1.3993908e-06
   1.3948057e-06
   1.3907404e-06
   1.3872171e-06
   1.3842561e-06
   1.3818747e-06
   1.3800875e-06
   1.3789063e-06
