   4.9847728e-03
   4.9625065e-03
   4.9405883e-03
   4.9191863e-03
   4.8984602e-03
   4.8785605e-03
   4.8596268e-03
   4.8417872e-03
   4.8251565e-03
   4.8098360e-03
   4.7959126e-03
   4.7834581e-03
   4.7725289e-03
   4.7631659e-03
   4.7553943e-03
   4.7492237e-03
   4.7446481e-03
   4.7416469e-03
   4.7401848e-03
   4.7402125e-03
   4.7416678e-03
   4.7444762e-03
   4.7485518e-03
   4.7537988e-03
   4.7601119e-03
   4.7673780e-03
   4.7754775e-03
   4.7842852e-03
   4.7936721e-03
   4.8035061e-03
   4.8136539e-03
   4.8239824e-03
   4.8343592e-03
   4.8446549e-03
   4.8547435e-03
   4.8645044e-03
   4.8738227e-03
   4.8825908e-03
   4.8907092e-03
   4.8980875e-03
   4.9046452e-03
   4.9103121e-03
   4.9150293e-03
   4.9187496e-03
   4.9214377e-03
   4.9230705e-03
   4.9236376e-03
   4.9231407e-03
   4.9215943e-03
   4.9190248e-03
   4.9154705e-03
   4.9109813e-03
   4.9056179e-03
   4.8994512e-03
   4.8925619e-03
   4.8850393e-03
   4.8769807e-03
   4.8684899e-03
   4.8596770e-03
   4.8506565e-03
   4.8415466e-03
   4.8324678e-03
   4.8235416e-03
   4.8148898e-03
   4.8066325e-03
   4.7988873e-03
   4.7917678e-03
   4.7853829e-03
   4.7798348e-03
   4.7752187e-03
   4.7716212e-03
   4.7691193e-03
   4.7677800e-03
   4.7676587e-03
   4.7687991e-03
   4.7712321e-03
   4.7749758e-03
   4.7800345e-03
   4.7863990e-03
   4.7940460e-03
   4.8029385e-03
   4.8130257e-03
   4.8242434e-03
   4.8365143e-03
   4.8497490e-03
   4.8638462e-03
   4.8786939e-03
   4.8941703e-03
   4.9101451e-03
   4.9264805e-03
   4.9430326e-03
   4.9596531e-03
   4.9761907e-03
   4.9924926e-03
   5.0084065e-03
   5.0237820e-03
   5.0384723e-03
   5.0523364e-03
   5.0652403e-03
   5.0770591e-03
   5.0876781e-03
   5.0969950e-03
   5.1049206e-03
   5.1113807e-03
   5.1163171e-03
   5.1196884e-03
   5.1214708e-03
   5.1216590e-03
   5.1202665e-03
   5.1173256e-03
   5.1128875e-03
   5.1070218e-03
   5.0998163e-03
   5.0913759e-03
   5.0818216e-03
   5.0712897e-03
   5.0599294e-03
   5.0479022e-03
   5.0353791e-03
   5.0225393e-03
   5.0095674e-03
   4.9966515e-03
   4.9839809e-03
   4.9717432e-03
   4.9601225e-03
   4.9492962e-03
   4.9394333e-03
   4.9306920e-03
   4.9232169e-03
   4.9171378e-03
   4.9125675e-03
   4.9095999e-03
   4.9083092e-03
   4.9087482e-03
   4.9109478e-03
   4.9149162e-03
   4.9206389e-03
   4.9280786e-03
   4.9371754e-03
   4.9478477e-03
   4.9599932e-03
   4.9734896e-03
   4.9881969e-03
   5.0039584e-03
   5.0206031e-03
   5.0379476e-03
   5.0557986e-03
   5.0739550e-03
   5.0922107e-03
   5.1103569e-03
   5.1281849e-03
   5.1454884e-03
   5.1620662e-03
   5.1777245e-03
   5.1922790e-03
   5.2055575e-03
   5.2174014e-03
   5.2276677e-03
   5.2362304e-03
   5.2429819e-03
   5.2478343e-03
   5.2507196e-03
   5.2515911e-03
   5.2504227e-03
   5.2472101e-03
   5.2419694e-03
   5.2347377e-03
   5.2255716e-03
   5.2145470e-03
   5.2017575e-03
   5.1873131e-03
   5.1713395e-03
   5.1539754e-03
   5.1353719e-03
   5.1156899e-03
   5.0950989e-03
   5.0737744e-03
   5.0518967e-03
   5.0296486e-03
   5.0072132e-03
   4.9847728e-03
