   1.5885295e-01
   1.5134577e-01
   1.4406388e-01
   1.3705343e-01
   1.3035580e-01
   1.2400728e-01
   1.1803888e-01
   1.1247623e-01
   1.0733959e-01
   1.0264407e-01
   9.8399796e-02
   9.4612369e-02
   9.1283250e-02
   8.8410317e-02
   8.5988441e-02
   8.4010110e-02
   8.2466073e-02
   8.1345967e-02
   8.0638936e-02
   8.0334186e-02
   8.0421475e-02
   8.0891519e-02
   8.1736280e-02
   8.2949145e-02
   8.4524965e-02
   8.6459969e-02
   8.8751537e-02
   9.1397842e-02
   9.4397381e-02
   9.7748398e-02
   1.0144823e-01
   1.0549261e-01
   1.0987492e-01
   1.1458546e-01
   1.1961082e-01
   1.2493321e-01
   1.3052997e-01
   1.3637325e-01
   1.4242976e-01
   1.4866075e-01
   1.5502217e-01
   1.6146502e-01
   1.6793594e-01
   1.7437788e-01
   1.8073103e-01
   1.8693387e-01
   1.9292432e-01
   1.9864094e-01
   2.0402426e-01
   2.0901801e-01
   2.1357041e-01
   2.1763529e-01
   2.2117322e-01
   2.2415236e-01
   2.2654926e-01
   2.2834945e-01
   2.2954777e-01
   2.3014854e-01
   2.3016556e-01
   2.2962180e-01
   2.2854897e-01
   2.2698690e-01
   2.2498277e-01
   2.2259016e-01
   2.1986799e-01
   2.1687945e-01
   2.1369079e-01
   2.1037009e-01
   2.0698609e-01
   2.0360692e-01
   2.0029899e-01
   1.9712589e-01
   1.9414734e-01
   1.9141826e-01
   1.8898798e-01
   1.8689949e-01
   1.8518883e-01
   1.8388467e-01
   1.8300789e-01
   1.8257140e-01
   1.8258000e-01
   1.8303042e-01
   1.8391141e-01
   1.8520400e-01
   1.8688183e-01
   1.8891160e-01
   1.9125361e-01
   1.9386234e-01
   1.9668722e-01
   1.9967335e-01
   2.0276241e-01
   2.0589350e-01
   2.0900415e-01
   2.1203132e-01
   2.1491243e-01
   2.1758639e-01
   2.1999474e-01
   2.2208263e-01
   2.2379989e-01
   2.2510203e-01
   2.2595117e-01
   2.2631687e-01
   2.2617691e-01
   2.2551788e-01
   2.2433572e-01
   2.2263599e-01
   2.2043403e-01
   2.1775492e-01
   2.1463320e-01
   2.1111245e-01
   2.0724459e-01
   2.0308900e-01
   1.9871148e-01
   1.9418304e-01
   1.8957846e-01
   1.8497487e-01
   1.8045015e-01
   1.7608136e-01
   1.7194314e-01
   1.6810620e-01
   1.6463587e-01
   1.6159087e-01
   1.5902217e-01
   1.5697215e-01
   1.5547394e-01
   1.5455105e-01
   1.5421727e-01
   1.5447681e-01
   1.5532465e-01
   1.5674721e-01
   1.5872306e-01
   1.6122394e-01
   1.6421570e-01
   1.6765948e-01
   1.7151272e-01
   1.7573027e-01
   1.8026533e-01
   1.8507032e-01
   1.9009763e-01
   1.9530013e-01
   2.0063164e-01
   2.0604714e-01
   2.1150289e-01
   2.1695639e-01
   2.2236627e-01
   2.2769210e-01
   2.3289414e-01
   2.3793313e-01
   2.4277009e-01
   2.4736615e-01
   2.5168254e-01
   2.5568057e-01
   2.5932185e-01
   2.6256851e-01
   2.6538361e-01
   2.6773159e-01
   2.6957886e-01
   2.7089440e-01
   2.7165046e-01
   2.7182317e-01
   2.7139327e-01
   2.7034666e-01
   2.6867496e-01
   2.6637597e-01
   2.6345398e-01
   2.5992000e-01
   2.5579183e-01
   2.5109400e-01
   2.4585754e-01
   2.4011967e-01
   2.3392331e-01
   2.2731651e-01
   2.2035172e-01
   2.1308510e-01
   2.0557560e-01
   1.9788416e-01
   1.9007272e-01
   1.8220340e-01
   1.7433756e-01
   1.6653495e-01
   1.5885295e-01
