   1.5854708e+00
   1.5741188e+00
   1.5611045e+00
   1.5464932e+00
   1.5303491e+00
   1.5127356e+00
   1.4937149e+00
   1.4733492e+00
   1.4517002e+00
   1.4288299e+00
   1.4048012e+00
   1.3796781e+00
   1.3535264e+00
   1.3264141e+00
   1.2984123e+00
   1.2695952e+00
   1.2400410e+00
   1.2098323e+00
   1.1790565e+00
   1.1478062e+00
   1.1161796e+00
   1.0842806e+00
   1.0522191e+00
   1.0201108e+00
   9.8807744e-01
   9.5624613e-01
   9.2474937e-01
   8.9372426e-01
   8.6331189e-01
   8.3365643e-01
   8.0490408e-01
   7.7720187e-01
   7.5069627e-01
   7.2553172e-01
   7.0184898e-01
   6.7978338e-01
   6.5946312e-01
   6.4100738e-01
   6.2452461e-01
   6.1011074e-01
   5.9784759e-01
   5.8780140e-01
   5.8002155e-01
   5.7453950e-01
   5.7136805e-01
   5.7050084e-01
   5.7191222e-01
   5.7555742e-01
   5.8137310e-01
   5.8927820e-01
   5.9917515e-01
   6.1095130e-01
   6.2448072e-01
   6.3962612e-01
   6.5624100e-01
   6.7417187e-01
   6.9326060e-01
   7.1334670e-01
   7.3426963e-01
   7.5587092e-01
   7.7799621e-01
   8.0049710e-01
   8.2323275e-01
   8.4607126e-01
   8.6889075e-01
   8.9158024e-01
   9.1404016e-01
   9.3618267e-01
   9.5793171e-01
   9.7922277e-01
   1.0000025e+00
   1.0202281e+00
   1.0398665e+00
   1.0588935e+00
   1.0772929e+00
   1.0950550e+00
   1.1121758e+00
   1.1286558e+00
   1.1444986e+00
   1.1597099e+00
   1.1742963e+00
   1.1882641e+00
   1.2016184e+00
   1.2143618e+00
   1.2264939e+00
   1.2380101e+00
   1.2489010e+00
   1.2591516e+00
   1.2687410e+00
   1.2776415e+00
   1.2858186e+00
   1.2932309e+00
   1.2998294e+00
   1.3055583e+00
   1.3103546e+00
   1.3141489e+00
   1.3168655e+00
   1.3184235e+00
   1.3187377e+00
   1.3177196e+00
   1.3152786e+00
   1.3113240e+00
   1.3057663e+00
   1.2985193e+00
   1.2895025e+00
   1.2786431e+00
   1.2658787e+00
   1.2511595e+00
   1.2344513e+00
   1.2157381e+00
   1.1950242e+00
   1.1723373e+00
   1.1477301e+00
   1.1212828e+00
   1.0931042e+00
   1.0633334e+00
   1.0321399e+00
   9.9972409e-01
   9.6631669e-01
   9.3217723e-01
   8.9759233e-01
   8.6287302e-01
   8.2835133e-01
   7.9437625e-01
   7.6130909e-01
   7.2951827e-01
   6.9937361e-01
   6.7124042e-01
   6.4547329e-01
   6.2240988e-01
   6.0236480e-01
   5.8562385e-01
   5.7243851e-01
   5.6302120e-01
   5.5754115e-01
   5.5612103e-01
   5.5883465e-01
   5.6570550e-01
   5.7670633e-01
   5.9175980e-01
   6.1074002e-01
   6.3347513e-01
   6.5975063e-01
   6.8931357e-01
   7.2187728e-01
   7.5712664e-01
   7.9472370e-01
   8.3431348e-01
   8.7552983e-01
   9.1800121e-01
   9.6135622e-01
   1.0052288e+00
   1.0492631e+00
   1.0931176e+00
   1.1364689e+00
   1.1790147e+00
   1.2204763e+00
   1.2606005e+00
   1.2991606e+00
   1.3359571e+00
   1.3708179e+00
   1.4035976e+00
   1.4341772e+00
   1.4624622e+00
   1.4883817e+00
   1.5118864e+00
   1.5329470e+00
   1.5515518e+00
   1.5677054e+00
   1.5814257e+00
   1.5927429e+00
   1.6016970e+00
   1.6083363e+00
   1.6127157e+00
   1.6148951e+00
   1.6149383e+00
   1.6129116e+00
   1.6088829e+00
   1.6029207e+00
   1.5950940e+00
   1.5854708e+00
