   3.1214443e-06
   2.0982369e-06
   2.8031149e-06
   5.2292081e-06
   9.3640040e-06
   1.5187322e-05
   2.2670181e-05
   3.1775183e-05
   4.2456818e-05
   5.4661726e-05
   6.8328984e-05
   8.3390414e-05
   9.9770932e-05
   1.1738893e-04
   1.3615670e-04
   1.5598084e-04
   1.7676280e-04
   1.9839929e-04
   2.2078287e-04
   2.4380248e-04
   2.6734396e-04
   2.9129067e-04
   3.1552406e-04
   3.3992426e-04
   3.6437067e-04
   3.8874261e-04
   4.1291986e-04
   4.3678332e-04
   4.6021553e-04
   4.8310134e-04
   5.0532840e-04
   5.2678778e-04
   5.4737446e-04
   5.6698785e-04
   5.8553231e-04
   6.0291760e-04
   6.1905931e-04
   6.3387925e-04
   6.4730588e-04
   6.5927460e-04
   6.6972806e-04
   6.7861644e-04
   6.8589768e-04
   6.9153767e-04
   6.9551035e-04
   6.9779791e-04
   6.9839077e-04
   6.9728765e-04
   6.9449556e-04
   6.9002971e-04
   6.8391343e-04
   6.7617806e-04
   6.6686273e-04
   6.5601418e-04
   6.4368652e-04
   6.2994089e-04
   6.1484523e-04
   5.9847386e-04
   5.8090714e-04
   5.6223106e-04
   5.4253681e-04
   5.2192032e-04
   5.0048181e-04
   4.7832527e-04
   4.5555797e-04
   4.3228996e-04
   4.0863349e-04
   3.8470252e-04
   3.6061213e-04
   3.3647803e-04
   3.1241595e-04
   2.8854115e-04
   2.6496782e-04
   2.4180860e-04
   2.1917402e-04
   1.9717200e-04
   1.7590735e-04
   1.5548126e-04
   1.3599087e-04
   1.1752880e-04
   1.0018273e-04
   8.4035001e-05
   6.9162229e-05
   5.5634962e-05
   4.3517347e-05
   3.2866841e-05
   2.3733924e-05
   1.6161838e-05
   1.0186273e-05
   5.8348673e-06
   3.1263951e-06
   2.0740706e-06
   2.6953230e-06
   4.9834158e-06
   8.9206887e-06
   1.4489194e-05
   2.1663690e-05
   3.0410935e-05
   4.0690020e-05
   5.2452669e-05
   6.5643505e-05
   8.0200322e-05
   9.6054375e-05
   1.1313070e-04
   1.3134845e-04
   1.5062127e-04
   1.7085769e-04
   1.9196155e-04
   2.1383244e-04
   2.3636616e-04
   2.5945520e-04
   2.8298925e-04
   3.0685571e-04
   3.3094023e-04
   3.5512722e-04
   3.7930042e-04
   4.0334346e-04
   4.2714037e-04
   4.5057619e-04
   4.7353750e-04
   4.9591295e-04
   5.1759385e-04
   5.3847464e-04
   5.5845346e-04
   5.7743261e-04
   5.9531909e-04
   6.1202500e-04
   6.2746804e-04
   6.4157188e-04
   6.5426657e-04
   6.6548893e-04
   6.7518281e-04
   6.8329945e-04
   6.8979770e-04
   6.9464425e-04
   6.9781385e-04
   6.9928938e-04
   6.9906206e-04
   6.9713140e-04
   6.9350532e-04
   6.8820008e-04
   6.8124023e-04
   6.7265851e-04
   6.6249570e-04
   6.5080045e-04
   6.3762904e-04
   6.2304512e-04
   6.0711940e-04
   5.8992933e-04
   5.7155871e-04
   5.5209729e-04
   5.3164032e-04
   5.1028810e-04
   4.8814547e-04
   4.6532131e-04
   4.4192797e-04
   4.1808076e-04
   3.9389731e-04
   3.6949705e-04
   3.4500057e-04
   3.2052902e-04
   2.9620354e-04
   2.7214460e-04
   2.4847141e-04
   2.2530136e-04
   2.0274936e-04
   1.8092732e-04
   1.5994356e-04
   1.3990227e-04
   1.2090299e-04
   1.0304007e-04
   8.6402262e-05
   7.1072210e-05
   5.7126064e-05
   4.4633087e-05
   3.3655303e-05
   2.4247182e-05
   1.6455355e-05
   1.0318361e-05
   5.8664253e-06
   3.1214443e-06
