   5.5501278e-01
   5.4910755e-01
   5.4289103e-01
   5.3639943e-01
   5.2966895e-01
   5.2273573e-01
   5.1563577e-01
   5.0840498e-01
   5.0107906e-01
   4.9369356e-01
   4.8628381e-01
   4.7888488e-01
   4.7153162e-01
   4.6425854e-01
   4.5709983e-01
   4.5008929e-01
   4.4326023e-01
   4.3664545e-01
   4.3027715e-01
   4.2418680e-01
   4.1840509e-01
   4.1296178e-01
   4.0788564e-01
   4.0320427e-01
   3.9894399e-01
   3.9512974e-01
   3.9178492e-01
   3.8893124e-01
   3.8658862e-01
   3.8477501e-01
   3.8350630e-01
   3.8279615e-01
   3.8265591e-01
   3.8309445e-01
   3.8411811e-01
   3.8573055e-01
   3.8793272e-01
   3.9072276e-01
   3.9409598e-01
   3.9804484e-01
   4.0255894e-01
   4.0762505e-01
   4.1322719e-01
   4.1934668e-01
   4.2596231e-01
   4.3305046e-01
   4.4058527e-01
   4.4853887e-01
   4.5688163e-01
   4.6558239e-01
   4.7460876e-01
   4.8392744e-01
   4.9350450e-01
   5.0330573e-01
   5.1329696e-01
   5.2344437e-01
   5.3371478e-01
   5.4407601e-01
   5.5449708e-01
   5.6494851e-01
   5.7540249e-01
   5.8583311e-01
   5.9621646e-01
   6.0653076e-01
   6.1675642e-01
   6.2687604e-01
   6.3687442e-01
   6.4673845e-01
   6.5645707e-01
   6.6602107e-01
   6.7542296e-01
   6.8465673e-01
   6.9371766e-01
   7.0260203e-01
   7.1130685e-01
   7.1982960e-01
   7.2816790e-01
   7.3631922e-01
   7.4428055e-01
   7.5204812e-01
   7.5961707e-01
   7.6698117e-01
   7.7413253e-01
   7.8106134e-01
   7.8775561e-01
   7.9420099e-01
   8.0038053e-01
   8.0627455e-01
   8.1186050e-01
   8.1711291e-01
   8.2200338e-01
   8.2650052e-01
   8.3057013e-01
   8.3417529e-01
   8.3727660e-01
   8.3983245e-01
   8.4179939e-01
   8.4313258e-01
   8.4378629e-01
   8.4371451e-01
   8.4287166e-01
   8.4121329e-01
   8.3869696e-01
   8.3528310e-01
   8.3093595e-01
   8.2562456e-01
   8.1932377e-01
   8.1201523e-01
   8.0368836e-01
   7.9434134e-01
   7.8398198e-01
   7.7262847e-01
   7.6031011e-01
   7.4706781e-01
   7.3295443e-01
   7.1803498e-01
   7.0238653e-01
   6.8609795e-01
   6.6926937e-01
   6.5201140e-01
   6.3444412e-01
   6.1669576e-01
   5.9890125e-01
   5.8120046e-01
   5.6373637e-01
   5.4665297e-01
   5.3009315e-01
   5.1419650e-01
   4.9909708e-01
   4.8492130e-01
   4.7178578e-01
   4.5979548e-01
   4.4904193e-01
   4.3960174e-01
   4.3153537e-01
   4.2488621e-01
   4.1967997e-01
   4.1592444e-01
   4.1360958e-01
   4.1270791e-01
   4.1317527e-01
   4.1495188e-01
   4.1796359e-01
   4.2212348e-01
   4.2733355e-01
   4.3348655e-01
   4.4046797e-01
   4.4815805e-01
   4.5643369e-01
   4.6517049e-01
   4.7424453e-01
   4.8353410e-01
   4.9292134e-01
   5.0229354e-01
   5.1154444e-01
   5.2057515e-01
   5.2929497e-01
   5.3762200e-01
   5.4548345e-01
   5.5281593e-01
   5.5956539e-01
   5.6568704e-01
   5.7114503e-01
   5.7591214e-01
   5.7996924e-01
   5.8330478e-01
   5.8591416e-01
   5.8779917e-01
   5.8896728e-01
   5.8943104e-01
   5.8920744e-01
   5.8831734e-01
   5.8678486e-01
   5.8463693e-01
   5.8190273e-01
   5.7861332e-01
   5.7480128e-01
   5.7050030e-01
   5.6574499e-01
   5.6057059e-01
   5.5501278e-01
