   1.6862528e-04
   1.6724648e-04
   1.6667887e-04
   1.6692507e-04
   1.6798357e-04
   1.6984877e-04
   1.7251102e-04
   1.7595664e-04
   1.8016801e-04
   1.8512366e-04
   1.9079841e-04
   1.9716346e-04
   2.0418660e-04
   2.1183232e-04
   2.2006204e-04
   2.2883429e-04
   2.3810495e-04
   2.4782747e-04
   2.5795308e-04
   2.6843111e-04
   2.7920921e-04
   2.9023360e-04
   3.0144940e-04
   3.1280088e-04
   3.2423175e-04
   3.3568545e-04
   3.4710542e-04
   3.5843541e-04
   3.6961975e-04
   3.8060364e-04
   3.9133339e-04
   4.0175674e-04
   4.1182307e-04
   4.2148364e-04
   4.3069190e-04
   4.3940362e-04
   4.4757717e-04
   4.5517368e-04
   4.6215725e-04
   4.6849507e-04
   4.7415763e-04
   4.7911880e-04
   4.8335598e-04
   4.8685017e-04
   4.8958606e-04
   4.9155208e-04
   4.9274047e-04
   4.9314725e-04
   4.9277227e-04
   4.9161916e-04
   4.8969530e-04
   4.8701181e-04
   4.8358340e-04
   4.7942837e-04
   4.7456842e-04
   4.6902860e-04
   4.6283715e-04
   4.5602535e-04
   4.4862732e-04
   4.4067994e-04
   4.3222257e-04
   4.2329690e-04
   4.1394671e-04
   4.0421772e-04
   3.9415729e-04
   3.8381425e-04
   3.7323862e-04
   3.6248141e-04
   3.5159437e-04
   3.4062973e-04
   3.2963997e-04
   3.1867756e-04
   3.0779477e-04
   2.9704336e-04
   2.8647438e-04
   2.7613794e-04
   2.6608296e-04
   2.5635700e-04
   2.4700597e-04
   2.3807399e-04
   2.2960315e-04
   2.2163337e-04
   2.1420215e-04
   2.0734448e-04
   2.0109263e-04
   1.9547603e-04
   1.9052114e-04
   1.8625131e-04
   1.8268672e-04
   1.7984425e-04
   1.7773739e-04
   1.7637624e-04
   1.7576742e-04
   1.7591402e-04
   1.7681563e-04
   1.7846831e-04
   1.8086462e-04
   1.8399363e-04
   1.8784097e-04
   1.9238891e-04
   1.9761642e-04
   2.0349924e-04
   2.1001002e-04
   2.1711841e-04
   2.2479123e-04
   2.3299255e-04
   2.4168391e-04
   2.5082446e-04
   2.6037113e-04
   2.7027888e-04
   2.8050081e-04
   2.9098844e-04
   3.0169194e-04
   3.1256028e-04
   3.2354154e-04
   3.3458312e-04
   3.4563198e-04
   3.5663491e-04
   3.6753875e-04
   3.7829066e-04
   3.8883838e-04
   3.9913046e-04
   4.0911653e-04
   4.1874753e-04
   4.2797596e-04
   4.3675612e-04
   4.4504433e-04
   4.5279915e-04
   4.5998160e-04
   4.6655535e-04
   4.7248693e-04
   4.7774587e-04
   4.8230492e-04
   4.8614013e-04
   4.8923104e-04
   4.9156077e-04
   4.9311612e-04
   4.9388767e-04
   4.9386982e-04
   4.9306085e-04
   4.9146294e-04
   4.8908218e-04
   4.8592855e-04
   4.8201590e-04
   4.7736187e-04
   4.7198786e-04
   4.6591888e-04
   4.5918348e-04
   4.5181362e-04
   4.4384450e-04
   4.3531438e-04
   4.2626446e-04
   4.1673860e-04
   4.0678317e-04
   3.9644678e-04
   3.8578008e-04
   3.7483544e-04
   3.6366678e-04
   3.5232921e-04
   3.4087882e-04
   3.2937235e-04
   3.1786692e-04
   3.0641973e-04
   2.9508779e-04
   2.8392759e-04
   2.7299483e-04
   2.6234415e-04
   2.5202880e-04
   2.4210042e-04
   2.3260873e-04
   2.2360129e-04
   2.1512326e-04
   2.0721714e-04
   1.9992257e-04
   1.9327614e-04
   1.8731114e-04
   1.8205747e-04
   1.7754141e-04
   1.7378553e-04
   1.7080856e-04
   1.6862528e-04
