   5.5396075e-01
   6.1782470e-01
   6.8763813e-01
   7.6332230e-01
   8.4488587e-01
   9.3246878e-01
   1.0263871e+00
   1.1271772e+00
   1.2356369e+00
   1.3528611e+00
   1.4802695e+00
   1.6196219e+00
   1.7730196e+00
   1.9428884e+00
   2.1319402e+00
   2.3431110e+00
   2.5794730e+00
   2.8441209e+00
   3.1400314e+00
   3.4699000e+00
   3.8359572e+00
   4.2397719e+00
   4.6820485e+00
   5.1624281e+00
   5.6793050e+00
   6.2296697e+00
   6.8089926e+00
   7.4111586e+00
   8.0284646e+00
   8.6516885e+00
   9.2702345e+00
   9.8723572e+00
   1.0445462e+01
   1.0976476e+01
   1.1452270e+01
   1.1860133e+01
   1.2188253e+01
   1.2426209e+01
   1.2565429e+01
   1.2599598e+01
   1.2524999e+01
   1.2340752e+01
   1.2048950e+01
   1.1654675e+01
   1.1165890e+01
   1.0593211e+01
   9.9495672e+00
   9.2497717e+00
   8.5100071e+00
   7.7472668e+00
   6.9787695e+00
   6.2213759e+00
   5.4910343e+00
   4.8022792e+00
   4.1678025e+00
   3.5981135e+00
   3.1012984e+00
   2.6828837e+00
   2.3458043e+00
   2.0904688e+00
   1.9149141e+00
   1.8150340e+00
   1.7848670e+00
   1.8169284e+00
   1.9025687e+00
   2.0323445e+00
   2.1963832e+00
   2.3847274e+00
   2.5876494e+00
   2.7959252e+00
   3.0010642e+00
   3.1954907e+00
   3.3726765e+00
   3.5272251e+00
   3.6549116e+00
   3.7526809e+00
   3.8186107e+00
   3.8518438e+00
   3.8524965e+00
   3.8215501e+00
   3.7607282e+00
   3.6723694e+00
   3.5592963e+00
   3.4246881e+00
   3.2719582e+00
   3.1046411e+00
   2.9262901e+00
   2.7403869e+00
   2.5502660e+00
   2.3590515e+00
   2.1696098e+00
   1.9845141e+00
   1.8060241e+00
   1.6360764e+00
   1.4762867e+00
   1.3279626e+00
   1.1921240e+00
   1.0695317e+00
   9.6072060e-01
   8.6603792e-01
   7.8568316e-01
   7.1974877e-01
   6.6825963e-01
   6.3120961e-01
   6.0859317e-01
   6.0043061e-01
   6.0678508e-01
   6.2776999e-01
   6.6354590e-01
   7.1430591e-01
   7.8024962e-01
   8.6154597e-01
   9.5828592e-01
   1.0704269e+00
   1.1977312e+00
   1.3397026e+00
   1.4955231e+00
   1.6639971e+00
   1.8435045e+00
   2.0319698e+00
   2.2268511e+00
   2.4251509e+00
   2.6234542e+00
   2.8179928e+00
   3.0047363e+00
   3.1795083e+00
   3.3381226e+00
   3.4765343e+00
   3.5909991e+00
   3.6782309e+00
   3.7355507e+00
   3.7610157e+00
   3.7535224e+00
   3.7128748e+00
   3.6398133e+00
   3.5360015e+00
   3.4039698e+00
   3.2470190e+00
   3.0690882e+00
   2.8745940e+00
   2.6682507e+00
   2.4548810e+00
   2.2392273e+00
   2.0257744e+00
   1.8185931e+00
   1.6212107e+00
   1.4365157e+00
   1.2666985e+00
   1.1132300e+00
   9.7687546e-01
   8.5774103e-01
   7.5534710e-01
   6.6872246e-01
   5.9651211e-01
   5.3709163e-01
   4.8868134e-01
   4.4945428e-01
   4.1763298e-01
   3.9157135e-01
   3.6981913e-01
   3.5116795e-01
   3.3467887e-01
   3.1969257e-01
   3.0582396e-01
   2.9294367e-01
   2.8114915e-01
   2.7072831e-01
   2.6211850e-01
   2.5586351e-01
   2.5257086e-01
   2.5287147e-01
   2.5738327e-01
   2.6667994e-01
   2.8126576e-01
   3.0155717e-01
   3.2787127e-01
   3.6042147e-01
   3.9932015e-01
   4.4458817e-01
   4.9617095e-01
   5.5396075e-01
