   2.0363039e-01
   1.9468912e-01
   1.8584310e-01
   1.7714120e-01
   1.6862740e-01
   1.6034075e-01
   1.5231533e-01
   1.4458056e-01
   1.3716152e-01
   1.3007950e-01
   1.2335262e-01
   1.1699660e-01
   1.1102554e-01
   1.0545278e-01
   1.0029174e-01
   9.5556705e-02
   9.1263609e-02
   8.7430594e-02
   8.4078498e-02
   8.1231117e-02
   7.8915263e-02
   7.7160574e-02
   7.5999075e-02
   7.5464472e-02
   7.5591197e-02
   7.6413221e-02
   7.7962658e-02
   8.0268203e-02
   8.3353461e-02
   8.7235210e-02
   9.1921677e-02
   9.7410902e-02
   1.0368925e-01
   1.1073015e-01
   1.1849316e-01
   1.2692337e-01
   1.3595125e-01
   1.4549294e-01
   1.5545100e-01
   1.6571565e-01
   1.7616648e-01
   1.8667455e-01
   1.9710487e-01
   2.0731915e-01
   2.1717879e-01
   2.2654792e-01
   2.3529652e-01
   2.4330343e-01
   2.5045912e-01
   2.5666826e-01
   2.6185187e-01
   2.6594910e-01
   2.6891851e-01
   2.7073885e-01
   2.7140933e-01
   2.7094937e-01
   2.6939792e-01
   2.6681226e-01
   2.6326642e-01
   2.5884933e-01
   2.5366260e-01
   2.4781822e-01
   2.4143603e-01
   2.3464120e-01
   2.2756171e-01
   2.2032594e-01
   2.1306032e-01
   2.0588722e-01
   1.9892302e-01
   1.9227640e-01
   1.8604694e-01
   1.8032388e-01
   1.7518522e-01
   1.7069706e-01
   1.6691312e-01
   1.6387453e-01
   1.6160986e-01
   1.6013518e-01
   1.5945449e-01
   1.5956010e-01
   1.6043322e-01
   1.6204463e-01
   1.6435544e-01
   1.6731784e-01
   1.7087603e-01
   1.7496705e-01
   1.7952177e-01
   1.8446576e-01
   1.8972032e-01
   1.9520346e-01
   2.0083091e-01
   2.0651714e-01
   2.1217641e-01
   2.1772388e-01
   2.2307663e-01
   2.2815482e-01
   2.3288278e-01
   2.3719011e-01
   2.4101279e-01
   2.4429426e-01
   2.4698638e-01
   2.4905047e-01
   2.5045808e-01
   2.5119180e-01
   2.5124577e-01
   2.5062614e-01
   2.4935120e-01
   2.4745142e-01
   2.4496907e-01
   2.4195769e-01
   2.3848124e-01
   2.3461299e-01
   2.3043406e-01
   2.2603187e-01
   2.2149823e-01
   2.1692734e-01
   2.1241368e-01
   2.0804982e-01
   2.0392425e-01
   2.0011938e-01
   1.9670960e-01
   1.9375967e-01
   1.9132337e-01
   1.8944253e-01
   1.8814648e-01
   1.8745183e-01
   1.8736280e-01
   1.8787188e-01
   1.8896086e-01
   1.9060223e-01
   1.9276078e-01
   1.9539538e-01
   1.9846086e-01
   2.0190986e-01
   2.0569455e-01
   2.0976821e-01
   2.1408654e-01
   2.1860862e-01
   2.2329754e-01
   2.2812070e-01
   2.3304969e-01
   2.3805987e-01
   2.4312966e-01
   2.4823961e-01
   2.5337128e-01
   2.5850610e-01
   2.6362416e-01
   2.6870321e-01
   2.7371765e-01
   2.7863790e-01
   2.8342992e-01
   2.8805505e-01
   2.9247022e-01
   2.9662835e-01
   3.0047910e-01
   3.0396989e-01
   3.0704702e-01
   3.0965701e-01
   3.1174805e-01
   3.1327136e-01
   3.1418265e-01
   3.1444336e-01
   3.1402186e-01
   3.1289437e-01
   3.1104576e-01
   3.0847005e-01
   3.0517067e-01
   3.0116045e-01
   2.9646143e-01
   2.9110440e-01
   2.8512819e-01
   2.7857888e-01
   2.7150877e-01
   2.6397535e-01
   2.5604006e-01
   2.4776712e-01
   2.3922231e-01
   2.3047178e-01
   2.2158096e-01
   2.1261351e-01
   2.0363039e-01
