   3.0308174e-01
   2.8694712e-01
   2.7616169e-01
   2.7072100e-01
   2.7069415e-01
   2.7625552e-01
   2.8771204e-01
   3.0552408e-01
   3.3031839e-01
   3.6289145e-01
   4.0420171e-01
   4.5534954e-01
   5.1754384e-01
   5.9205507e-01
   6.8015452e-01
   7.8304099e-01
   9.0175626e-01
   1.0370919e+00
   1.1894910e+00
   1.3589488e+00
   1.5449179e+00
   1.7462234e+00
   1.9609938e+00
   2.1866157e+00
   2.4197162e+00
   2.6561796e+00
   2.8912031e+00
   3.1193932e+00
   3.3349033e+00
   3.5316128e+00
   3.7033401e+00
   3.8440860e+00
   3.9482957e+00
   4.0111284e+00
   4.0287215e+00
   3.9984344e+00
   3.9190569e+00
   3.7909689e+00
   3.6162396e+00
   3.3986541e+00
   3.1436644e+00
   2.8582603e+00
   2.5507639e+00
   2.2305530e+00
   1.9077270e+00
   1.5927270e+00
   1.2959319e+00
   1.0272461e+00
   7.9570257e-01
   6.0910028e-01
   4.7369593e-01
   3.9396825e-01
   3.7246001e-01
   4.0968162e-01
   5.0409491e-01
   6.5222006e-01
   8.4882781e-01
   1.0871794e+00
   1.3593135e+00
   1.6563728e+00
   1.9689524e+00
   2.2874531e+00
   2.6024226e+00
   2.9048697e+00
   3.1865422e+00
   3.4401560e+00
   3.6595740e+00
   3.8399277e+00
   3.9776850e+00
   4.0706651e+00
   4.1180053e+00
   4.1200865e+00
   4.0784245e+00
   3.9955348e+00
   3.8747787e+00
   3.7201997e+00
   3.5363547e+00
   3.3281494e+00
   3.1006797e+00
   2.8590866e+00
   2.6084242e+00
   2.3535461e+00
   2.0990082e+00
   1.8489911e+00
   1.6072390e+00
   1.3770163e+00
   1.1610795e+00
   9.6166377e-01
   7.8048117e-01
   6.1873100e-01
   4.7711883e-01
   3.5588388e-01
   2.5483297e-01
   1.7337990e-01
   1.1058883e-01
   6.5219468e-02
   3.5769166e-02
   2.0514828e-02
   1.7662130e-02
   2.5437179e-02
   4.1828055e-02
   6.4840689e-02
   9.2601104e-02
   1.2335725e-01
   1.5551142e-01
   1.8765540e-01
   2.1859912e-01
   2.4739078e-01
   2.7332743e-01
   2.9595531e-01
   3.1505980e-01
   3.3064502e-01
   3.4290387e-01
   3.5217960e-01
   3.5892103e-01
   3.6363335e-01
   3.6682774e-01
   3.6897259e-01
   3.7044971e-01
   3.7151864e-01
   3.7229189e-01
   3.7272325e-01
   3.7261074e-01
   3.7161455e-01
   3.6928933e-01
   3.6512915e-01
   3.5862213e-01
   3.4931102e-01
   3.3685518e-01
   3.2108907e-01
   3.0207225e-01
   2.8012630e-01
   2.5585503e-01
   2.3014500e-01
   2.0414525e-01
   1.7922648e-01
   1.5692136e-01
   1.3884950e-01
   1.2663107e-01
   1.2179375e-01
   1.2567845e-01
   1.3935181e-01
   1.6353427e-01
   1.9854714e-01
   2.4427870e-01
   3.0017140e-01
   3.6523240e-01
   4.3806766e-01
   5.1693704e-01
   5.9982695e-01
   6.8453581e-01
   7.6876720e-01
   8.5022551e-01
   9.2670875e-01
   9.9619404e-01
   1.0569115e+00
   1.1074037e+00
   1.1465688e+00
   1.1736855e+00
   1.1884213e+00
   1.1908238e+00
   1.1812968e+00
   1.1605647e+00
   1.1296262e+00
   1.0897014e+00
   1.0421752e+00
   9.8853830e-01
   9.3033098e-01
   8.6908929e-01
   8.0629721e-01
   7.4334540e-01
   6.8149788e-01
   6.2186719e-01
   5.6539825e-01
   5.1286100e-01
   4.6485143e-01
   4.2180037e-01
   3.8398957e-01
   3.5157387e-01
   3.2460873e-01
   3.0308174e-01
