   9.4966884e-07
   9.4929065e-07
   9.4933248e-07
   9.4979608e-07
   9.5068106e-07
   9.5198484e-07
   9.5370266e-07
   9.5582756e-07
   9.5835042e-07
   9.6125997e-07
   9.6454284e-07
   9.6818362e-07
   9.7216490e-07
   9.7646738e-07
   9.8106995e-07
   9.8594979e-07
   9.9108247e-07
   9.9644211e-07
   1.0020015e-06
   1.0077321e-06
   1.0136046e-06
   1.0195886e-06
   1.0256529e-06
   1.0317660e-06
   1.0378959e-06
   1.0440102e-06
   1.0500768e-06
   1.0560636e-06
   1.0619388e-06
   1.0676711e-06
   1.0732300e-06
   1.0785858e-06
   1.0837098e-06
   1.0885746e-06
   1.0931540e-06
   1.0974233e-06
   1.1013596e-06
   1.1049417e-06
   1.1081502e-06
   1.1109677e-06
   1.1133791e-06
   1.1153713e-06
   1.1169335e-06
   1.1180572e-06
   1.1187364e-06
   1.1189674e-06
   1.1187488e-06
   1.1180820e-06
   1.1169705e-06
   1.1154203e-06
   1.1134399e-06
   1.1110398e-06
   1.1082332e-06
   1.1050351e-06
   1.1014629e-06
   1.0975357e-06
   1.0932748e-06
   1.0887030e-06
   1.0838450e-06
   1.0787267e-06
   1.0733756e-06
   1.0678203e-06
   1.0620903e-06
   1.0562163e-06
   1.0502293e-06
   1.0441610e-06
   1.0380435e-06
   1.0319090e-06
   1.0257896e-06
   1.0197173e-06
   1.0137237e-06
   1.0078398e-06
   1.0020960e-06
   9.9652160e-07
   9.9114513e-07
   9.8599375e-07
   9.8109338e-07
   9.7646844e-07
   9.7214176e-07
   9.6813450e-07
   9.6446600e-07
   9.6115372e-07
   9.5821315e-07
   9.5565772e-07
   9.5349882e-07
   9.5174567e-07
   9.5040535e-07
   9.4948275e-07
   9.4898061e-07
   9.4889947e-07
   9.4923776e-07
   9.4999178e-07
   9.5115576e-07
   9.5272194e-07
   9.5468059e-07
   9.5702013e-07
   9.5972721e-07
   9.6278676e-07
   9.6618215e-07
   9.6989525e-07
   9.7390658e-07
   9.7819540e-07
   9.8273983e-07
   9.8751700e-07
   9.9250317e-07
   9.9767384e-07
   1.0030039e-06
   1.0084677e-06
   1.0140393e-06
   1.0196925e-06
   1.0254010e-06
   1.0311384e-06
   1.0368785e-06
   1.0425955e-06
   1.0482636e-06
   1.0538578e-06
   1.0593534e-06
   1.0647264e-06
   1.0699536e-06
   1.0750126e-06
   1.0798818e-06
   1.0845407e-06
   1.0889698e-06
   1.0931505e-06
   1.0970656e-06
   1.1006989e-06
   1.1040356e-06
   1.1070621e-06
   1.1097662e-06
   1.1121369e-06
   1.1141646e-06
   1.1158413e-06
   1.1171602e-06
   1.1181160e-06
   1.1187050e-06
   1.1189247e-06
   1.1187742e-06
   1.1182541e-06
   1.1173665e-06
   1.1161148e-06
   1.1145041e-06
   1.1125406e-06
   1.1102322e-06
   1.1075883e-06
   1.1046194e-06
   1.1013375e-06
   1.0977560e-06
   1.0938896e-06
   1.0897541e-06
   1.0853667e-06
   1.0807458e-06
   1.0759106e-06
   1.0708817e-06
   1.0656805e-06
   1.0603294e-06
   1.0548517e-06
   1.0492712e-06
   1.0436127e-06
   1.0379013e-06
   1.0321627e-06
   1.0264230e-06
   1.0207084e-06
   1.0150454e-06
   1.0094605e-06
   1.0039801e-06
   9.9863031e-07
   9.9343693e-07
   9.8842528e-07
   9.8362009e-07
   9.7904534e-07
   9.7472412e-07
   9.7067855e-07
   9.6692959e-07
   9.6349698e-07
   9.6039908e-07
   9.5765277e-07
   9.5527333e-07
   9.5327436e-07
   9.5166766e-07
   9.5046316e-07
   9.4966884e-07
