   1.6136607e+00
   1.5379457e+00
   1.4679586e+00
   1.4036343e+00
   1.3448617e+00
   1.2914958e+00
   1.2433712e+00
   1.2003150e+00
   1.1621615e+00
   1.1287645e+00
   1.1000111e+00
   1.0758330e+00
   1.0562169e+00
   1.0412127e+00
   1.0309389e+00
   1.0255849e+00
   1.0254102e+00
   1.0307388e+00
   1.0419504e+00
   1.0594662e+00
   1.0837315e+00
   1.1151936e+00
   1.1542769e+00
   1.2013551e+00
   1.2567216e+00
   1.3205600e+00
   1.3929155e+00
   1.4736685e+00
   1.5625126e+00
   1.6589377e+00
   1.7622200e+00
   1.8714206e+00
   1.9853910e+00
   2.1027894e+00
   2.2221048e+00
   2.3416888e+00
   2.4597956e+00
   2.5746268e+00
   2.6843797e+00
   2.7872976e+00
   2.8817186e+00
   2.9661214e+00
   3.0391662e+00
   3.0997276e+00
   3.1469195e+00
   3.1801100e+00
   3.1989266e+00
   3.2032516e+00
   3.1932078e+00
   3.1691379e+00
   3.1315762e+00
   3.0812171e+00
   3.0188811e+00
   2.9454809e+00
   2.8619888e+00
   2.7694081e+00
   2.6687482e+00
   2.5610059e+00
   2.4471518e+00
   2.3281231e+00
   2.2048203e+00
   2.0781097e+00
   1.9488285e+00
   1.8177920e+00
   1.6858022e+00
   1.5536560e+00
   1.4221527e+00
   1.2920986e+00
   1.1643099e+00
   1.0396126e+00
   9.1883894e-01
   8.0282163e-01
   6.9238498e-01
   5.8833446e-01
   4.9144459e-01
   4.0244612e-01
   3.2201288e-01
   2.5074912e-01
   1.8917748e-01
   1.3772804e-01
   9.6728296e-02
   6.6394685e-02
   4.6832865e-02
   3.8069344e-02
   4.0078216e-02
   5.2671557e-02
   7.5473638e-02
   1.0802711e-01
   1.4980987e-01
   2.0022269e-01
   2.5859014e-01
   3.2416881e-01
   3.9615777e-01
   4.7370982e-01
   5.5594324e-01
   6.4195376e-01
   7.3082693e-01
   8.2165058e-01
   9.1352754e-01
   1.0055883e+00
   1.0970035e+00
   1.1869965e+00
   1.2748552e+00
   1.3599430e+00
   1.4417093e+00
   1.5196983e+00
   1.5935565e+00
   1.6630380e+00
   1.7280080e+00
   1.7884439e+00
   1.8444331e+00
   1.8961695e+00
   1.9439457e+00
   1.9881442e+00
   2.0292252e+00
   2.0677127e+00
   2.1041795e+00
   2.1392306e+00
   2.1734864e+00
   2.2075664e+00
   2.2420730e+00
   2.2775778e+00
   2.3146081e+00
   2.3536375e+00
   2.3950770e+00
   2.4392698e+00
   2.4864876e+00
   2.5369294e+00
   2.5907220e+00
   2.6479206e+00
   2.7085117e+00
   2.7724143e+00
   2.8394826e+00
   2.9095064e+00
   2.9822121e+00
   3.0572618e+00
   3.1342522e+00
   3.2127132e+00
   3.2921065e+00
   3.3718248e+00
   3.4511925e+00
   3.5294680e+00
   3.6058486e+00
   3.6794779e+00
   3.7494570e+00
   3.8148577e+00
   3.8747390e+00
   3.9281665e+00
   3.9742326e+00
   4.0120789e+00
   4.0409180e+00
   4.0600551e+00
   4.0689071e+00
   4.0670208e+00
   4.0540862e+00
   4.0299467e+00
   3.9946058e+00
   3.9482276e+00
   3.8911349e+00
   3.8238013e+00
   3.7468409e+00
   3.6609936e+00
   3.5671078e+00
   3.4661220e+00
   3.3590433e+00
   3.2469270e+00
   3.1308549e+00
   3.0119147e+00
   2.8911807e+00
   2.7696959e+00
   2.6484556e+00
   2.5283937e+00
   2.4103712e+00
   2.2951666e+00
   2.1834694e+00
   2.0758756e+00
   1.9728850e+00
   1.8749021e+00
   1.7822373e+00
   1.6951113e+00
   1.6136607e+00
