   1.1158609e-03
   1.0955596e-03
   1.1088775e-03
   1.1558259e-03
   1.2362615e-03
   1.3498863e-03
   1.4962466e-03
   1.6747334e-03
   1.8845824e-03
   2.1248764e-03
   2.3945478e-03
   2.6923821e-03
   3.0170222e-03
   3.3669732e-03
   3.7406082e-03
   4.1361746e-03
   4.5518013e-03
   4.9855062e-03
   5.4352048e-03
   5.8987195e-03
   6.3737895e-03
   6.8580808e-03
   7.3491980e-03
   7.8446953e-03
   8.3420892e-03
   8.8388709e-03
   9.3325193e-03
   9.8205145e-03
   1.0300351e-02
   1.0769553e-02
   1.1225686e-02
   1.1666371e-02
   1.2089301e-02
   1.2492251e-02
   1.2873092e-02
   1.3229806e-02
   1.3560495e-02
   1.3863396e-02
   1.4136889e-02
   1.4379507e-02
   1.4589948e-02
   1.4767081e-02
   1.4909953e-02
   1.5017798e-02
   1.5090036e-02
   1.5126284e-02
   1.5126351e-02
   1.5090246e-02
   1.5018172e-02
   1.4910530e-02
   1.4767910e-02
   1.4591094e-02
   1.4381045e-02
   1.4138906e-02
   1.3865986e-02
   1.3563759e-02
   1.3233851e-02
   1.2878027e-02
   1.2498187e-02
   1.2096347e-02
   1.1674632e-02
   1.1235262e-02
   1.0780536e-02
   1.0312822e-02
   9.8345436e-03
   9.3481630e-03
   8.8561701e-03
   8.3610681e-03
   7.8653600e-03
   7.3715355e-03
   6.8820585e-03
   6.3993542e-03
   5.9257975e-03
   5.4637017e-03
   5.0153071e-03
   4.5827716e-03
   4.1681603e-03
   3.7734370e-03
   3.4004557e-03
   3.0509533e-03
   2.7265425e-03
   2.4287057e-03
   2.1587891e-03
   1.9179987e-03
   1.7073955e-03
   1.5278923e-03
   1.3802515e-03
   1.2650834e-03
   1.1828461e-03
   1.1338452e-03
   1.1182351e-03
   1.1360182e-03
   1.1870450e-03
   1.2710135e-03
   1.3874704e-03
   1.5358136e-03
   1.7152956e-03
   1.9250287e-03
   2.1639893e-03
   2.4310232e-03
   2.7248507e-03
   3.0440724e-03
   3.3871755e-03
   3.7525397e-03
   4.1384443e-03
   4.5430758e-03
   4.9645351e-03
   5.4008459e-03
   5.8499631e-03
   6.3097815e-03
   6.7781450e-03
   7.2528562e-03
   7.7316857e-03
   8.2123824e-03
   8.6926835e-03
   9.1703244e-03
   9.6430499e-03
   1.0108624e-02
   1.0564840e-02
   1.1009532e-02
   1.1440585e-02
   1.1855945e-02
   1.2253628e-02
   1.2631730e-02
   1.2988439e-02
   1.3322042e-02
   1.3630933e-02
   1.3913622e-02
   1.4168743e-02
   1.4395060e-02
   1.4591478e-02
   1.4757039e-02
   1.4890939e-02
   1.4992521e-02
   1.5061289e-02
   1.5096902e-02
   1.5099180e-02
   1.5068106e-02
   1.5003824e-02
   1.4906638e-02
   1.4777013e-02
   1.4615568e-02
   1.4423081e-02
   1.4200475e-02
   1.3948820e-02
   1.3669327e-02
   1.3363336e-02
   1.3032319e-02
   1.2677862e-02
   1.2301666e-02
   1.1905530e-02
   1.1491350e-02
   1.1061104e-02
   1.0616845e-02
   1.0160688e-02
   9.6948034e-03
   9.2214054e-03
   8.7427398e-03
   8.2610747e-03
   7.7786900e-03
   7.2978663e-03
   6.8208748e-03
   6.3499669e-03
   5.8873639e-03
   5.4352471e-03
   4.9957484e-03
   4.5709406e-03
   4.1628284e-03
   3.7733399e-03
   3.4043179e-03
   3.0575122e-03
   2.7345719e-03
   2.4370385e-03
   2.1663387e-03
   1.9237786e-03
   1.7105374e-03
   1.5276625e-03
   1.3760633e-03
   1.2565077e-03
   1.1696165e-03
   1.1158609e-03
