   1.5363742e+00
   1.5963631e+00
   1.6626484e+00
   1.7355533e+00
   1.8154482e+00
   1.9027435e+00
   1.9978794e+00
   2.1013119e+00
   2.2134951e+00
   2.3348605e+00
   2.4657934e+00
   2.6066065e+00
   2.7575121e+00
   2.9185928e+00
   3.0897737e+00
   3.2707942e+00
   3.4611842e+00
   3.6602427e+00
   3.8670232e+00
   4.0803242e+00
   4.2986884e+00
   4.5204104e+00
   4.7435538e+00
   4.9659785e+00
   5.1853775e+00
   5.3993247e+00
   5.6053307e+00
   5.8009076e+00
   5.9836396e+00
   6.1512586e+00
   6.3017219e+00
   6.4332880e+00
   6.5445898e+00
   6.6346996e+00
   6.7031832e+00
   6.7501401e+00
   6.7762263e+00
   6.7826565e+00
   6.7711850e+00
   6.7440621e+00
   6.7039677e+00
   6.6539217e+00
   6.5971742e+00
   6.5370785e+00
   6.4769514e+00
   6.4199281e+00
   6.3688160e+00
   6.3259567e+00
   6.2931024e+00
   6.2713142e+00
   6.2608888e+00
   6.2613181e+00
   6.2712859e+00
   6.2887030e+00
   6.3107803e+00
   6.3341377e+00
   6.3549431e+00
   6.3690762e+00
   6.3723085e+00
   6.3604904e+00
   6.3297364e+00
   6.2765989e+00
   6.1982223e+00
   6.0924696e+00
   5.9580164e+00
   5.7944082e+00
   5.6020792e+00
   5.3823339e+00
   5.1372921e+00
   4.8698038e+00
   4.5833379e+00
   4.2818510e+00
   3.9696446e+00
   3.6512169e+00
   3.3311157e+00
   3.0137991e+00
   2.7035092e+00
   2.4041623e+00
   2.1192584e+00
   1.8518132e+00
   1.6043106e+00
   1.3786774e+00
   1.1762778e+00
   9.9792608e-01
   8.4391460e-01
   7.1405533e-01
   6.0773107e-01
   5.2395424e-01
   4.6143002e-01
   4.1862129e-01
   3.9381282e-01
   3.8517398e-01
   3.9081947e-01
   4.0886794e-01
   4.3749653e-01
   4.7498929e-01
   5.1977848e-01
   5.7047843e-01
   6.2591208e-01
   6.8513018e-01
   7.4742290e-01
   8.1232362e-01
   8.7960469e-01
   9.4926525e-01
   1.0215109e+00
   1.0967260e+00
   1.1754385e+00
   1.2582785e+00
   1.3459321e+00
   1.4390903e+00
   1.5383969e+00
   1.6443950e+00
   1.7574763e+00
   1.8778335e+00
   2.0054194e+00
   2.1399148e+00
   2.2807058e+00
   2.4268737e+00
   2.5771977e+00
   2.7301715e+00
   2.8840324e+00
   3.0368046e+00
   3.1863524e+00
   3.3304431e+00
   3.4668171e+00
   3.5932600e+00
   3.7076760e+00
   3.8081580e+00
   3.8930505e+00
   3.9610037e+00
   4.0110153e+00
   4.0424588e+00
   4.0550974e+00
   4.0490817e+00
   4.0249344e+00
   3.9835209e+00
   3.9260085e+00
   3.8538177e+00
   3.7685664e+00
   3.6720113e+00
   3.5659891e+00
   3.4523603e+00
   3.3329568e+00
   3.2095373e+00
   3.0837494e+00
   2.9571015e+00
   2.8309429e+00
   2.7064527e+00
   2.5846372e+00
   2.4663337e+00
   2.3522204e+00
   2.2428304e+00
   2.1385688e+00
   2.0397317e+00
   1.9465245e+00
   1.8590811e+00
   1.7774803e+00
   1.7017609e+00
   1.6319340e+00
   1.5679929e+00
   1.5099206e+00
   1.4576946e+00
   1.4112902e+00
   1.3706815e+00
   1.3358414e+00
   1.3067417e+00
   1.2833511e+00
   1.2656350e+00
   1.2535543e+00
   1.2470663e+00
   1.2461247e+00
   1.2506824e+00
   1.2606944e+00
   1.2761215e+00
   1.2969361e+00
   1.3231274e+00
   1.3547085e+00
   1.3917224e+00
   1.4342486e+00
   1.4824094e+00
   1.5363742e+00
