   1.7516130e-05
   1.7330535e-05
   1.7272835e-05
   1.7343326e-05
   1.7541572e-05
   1.7866406e-05
   1.8315935e-05
   1.8887557e-05
   1.9577973e-05
   2.0383209e-05
   2.1298640e-05
   2.2319021e-05
   2.3438520e-05
   2.4650751e-05
   2.5948817e-05
   2.7325352e-05
   2.8772566e-05
   3.0282295e-05
   3.1846048e-05
   3.3455059e-05
   3.5100345e-05
   3.6772753e-05
   3.8463018e-05
   4.0161820e-05
   4.1859835e-05
   4.3547789e-05
   4.5216514e-05
   4.6856999e-05
   4.8460439e-05
   5.0018285e-05
   5.1522291e-05
   5.2964554e-05
   5.4337563e-05
   5.5634227e-05
   5.6847921e-05
   5.7972509e-05
   5.9002380e-05
   5.9932466e-05
   6.0758269e-05
   6.1475877e-05
   6.2081977e-05
   6.2573866e-05
   6.2949459e-05
   6.3207290e-05
   6.3346512e-05
   6.3366893e-05
   6.3268810e-05
   6.3053235e-05
   6.2721726e-05
   6.2276406e-05
   6.1719947e-05
   6.1055545e-05
   6.0286899e-05
   5.9418183e-05
   5.8454018e-05
   5.7399442e-05
   5.6259880e-05
   5.5041109e-05
   5.3749229e-05
   5.2390623e-05
   5.0971927e-05
   4.9499993e-05
   4.7981853e-05
   4.6424685e-05
   4.4835777e-05
   4.3222493e-05
   4.1592239e-05
   3.9952430e-05
   3.8310454e-05
   3.6673645e-05
   3.5049252e-05
   3.3444403e-05
   3.1866087e-05
   3.0321118e-05
   2.8816116e-05
   2.7357477e-05
   2.5951355e-05
   2.4603640e-05
   2.3319934e-05
   2.2105539e-05
   2.0965435e-05
   1.9904268e-05
   1.8926333e-05
   1.8035566e-05
   1.7235528e-05
   1.6529399e-05
   1.5919968e-05
   1.5409625e-05
   1.5000361e-05
   1.4693756e-05
   1.4490980e-05
   1.4392793e-05
   1.4399540e-05
   1.4511151e-05
   1.4727149e-05
   1.5046643e-05
   1.5468341e-05
   1.5990545e-05
   1.6611167e-05
   1.7327725e-05
   1.8137359e-05
   1.9036837e-05
   2.0022563e-05
   2.1090591e-05
   2.2236635e-05
   2.3456084e-05
   2.4744014e-05
   2.6095203e-05
   2.7504151e-05
   2.8965094e-05
   3.0472023e-05
   3.2018706e-05
   3.3598705e-05
   3.5205404e-05
   3.6832025e-05
   3.8471658e-05
   4.0117283e-05
   4.1761799e-05
   4.3398048e-05
   4.5018848e-05
   4.6617017e-05
   4.8185408e-05
   4.9716935e-05
   5.1204610e-05
   5.2641568e-05
   5.4021107e-05
   5.5336713e-05
   5.6582098e-05
   5.7751231e-05
   5.8838367e-05
   5.9838086e-05
   6.0745315e-05
   6.1555365e-05
   6.2263959e-05
   6.2867257e-05
   6.3361885e-05
   6.3744960e-05
   6.4014111e-05
   6.4167501e-05
   6.4203845e-05
   6.4122426e-05
   6.3923107e-05
   6.3606343e-05
   6.3173186e-05
   6.2625290e-05
   6.1964913e-05
   6.1194912e-05
   6.0318736e-05
   5.9340418e-05
   5.8264560e-05
   5.7096317e-05
   5.5841375e-05
   5.4505925e-05
   5.3096640e-05
   5.1620637e-05
   5.0085447e-05
   4.8498978e-05
   4.6869468e-05
   4.5205450e-05
   4.3515700e-05
   4.1809191e-05
   4.0095047e-05
   3.8382482e-05
   3.6680759e-05
   3.4999126e-05
   3.3346772e-05
   3.1732761e-05
   3.0165989e-05
   2.8655124e-05
   2.7208554e-05
   2.5834338e-05
   2.4540155e-05
   2.3333254e-05
   2.2220415e-05
   2.1207898e-05
   2.0301412e-05
   1.9506074e-05
   1.8826376e-05
   1.8266160e-05
   1.7828589e-05
   1.7516130e-05
