   3.0644445e+00
   2.9821555e+00
   2.9045077e+00
   2.8320399e+00
   2.7652842e+00
   2.7047601e+00
   2.6509650e+00
   2.6043620e+00
   2.5653639e+00
   2.5343153e+00
   2.5114723e+00
   2.4969806e+00
   2.4908537e+00
   2.4929508e+00
   2.5029568e+00
   2.5203651e+00
   2.5444644e+00
   2.5743310e+00
   2.6088277e+00
   2.6466104e+00
   2.6861434e+00
   2.7257230e+00
   2.7635115e+00
   2.7975792e+00
   2.8259549e+00
   2.8466836e+00
   2.8578892e+00
   2.8578406e+00
   2.8450176e+00
   2.8181756e+00
   2.7764039e+00
   2.7191756e+00
   2.6463867e+00
   2.5583805e+00
   2.4559567e+00
   2.3403620e+00
   2.2132634e+00
   2.0767036e+00
   1.9330390e+00
   1.7848635e+00
   1.6349209e+00
   1.4860088e+00
   1.3408787e+00
   1.2021371e+00
   1.0721513e+00
   9.5296557e-01
   8.4623002e-01
   7.5314744e-01
   6.7443883e-01
   6.1032996e-01
   5.6055922e-01
   5.2440588e-01
   5.0073717e-01
   4.8807153e-01
   4.8465457e-01
   4.8854378e-01
   4.9769784e-01
   5.1006599e-01
   5.2367361e-01
   5.3670005e-01
   5.4754581e-01
   5.5488651e-01
   5.5771208e-01
   5.5535034e-01
   5.4747498e-01
   5.3409874e-01
   5.1555303e-01
   4.9245606e-01
   4.6567167e-01
   4.3626135e-01
   4.0543201e-01
   3.7448215e-01
   3.4474850e-01
   3.1755553e-01
   2.9416924e-01
   2.7575670e-01
   2.6335211e-01
   2.5782963e-01
   2.5988311e-01
   2.7001288e-01
   2.8851960e-01
   3.1550491e-01
   3.5087799e-01
   3.9436661e-01
   4.4553150e-01
   5.0378305e-01
   5.6839951e-01
   6.3854622e-01
   7.1329502e-01
   7.9164338e-01
   8.7253280e-01
   9.5486619e-01
   1.0375239e+00
   1.1193784e+00
   1.1993078e+00
   1.2762077e+00
   1.3490027e+00
   1.4166566e+00
   1.4781821e+00
   1.5326504e+00
   1.5792012e+00
   1.6170523e+00
   1.6455100e+00
   1.6639802e+00
   1.6719802e+00
   1.6691510e+00
   1.6552695e+00
   1.6302621e+00
   1.5942168e+00
   1.5473955e+00
   1.4902445e+00
   1.4234035e+00
   1.3477119e+00
   1.2642117e+00
   1.1741467e+00
   1.0789568e+00
   9.8026778e-01
   8.7987509e-01
   7.7972209e-01
   6.8187274e-01
   5.8847858e-01
   5.0174080e-01
   4.2386778e-01
   3.5702929e-01
   3.0330828e-01
   2.6465182e-01
   2.4282279e-01
   2.3935397e-01
   2.5550553e-01
   2.9222657e-01
   3.5012283e-01
   4.2943281e-01
   5.3001337e-01
   6.5133481e-01
   7.9248563e-01
   9.5218700e-01
   1.1288168e+00
   1.3204427e+00
   1.5248628e+00
   1.7396534e+00
   1.9622219e+00
   2.1898628e+00
   2.4198160e+00
   2.6493249e+00
   2.8756931e+00
   3.0963369e+00
   3.3088342e+00
   3.5109667e+00
   3.7007551e+00
   3.8764873e+00
   4.0367379e+00
   4.1803802e+00
   4.3065895e+00
   4.4148398e+00
   4.5048931e+00
   4.5767827e+00
   4.6307912e+00
   4.6674256e+00
   4.6873875e+00
   4.6915433e+00
   4.6808925e+00
   4.6565365e+00
   4.6196485e+00
   4.5714452e+00
   4.5131608e+00
   4.4460246e+00
   4.3712412e+00
   4.2899745e+00
   4.2033362e+00
   4.1123766e+00
   4.0180797e+00
   3.9213618e+00
   3.8230723e+00
   3.7239976e+00
   3.6248664e+00
   3.5263577e+00
   3.4291081e+00
   3.3337211e+00
   3.2407756e+00
   3.1508330e+00
   3.0644445e+00
