   2.0063091e+00
   2.0289291e+00
   2.0571490e+00
   2.0910778e+00
   2.1307391e+00
   2.1760641e+00
   2.2268843e+00
   2.2829244e+00
   2.3437956e+00
   2.4089897e+00
   2.4778742e+00
   2.5496894e+00
   2.6235481e+00
   2.6984375e+00
   2.7732254e+00
   2.8466691e+00
   2.9174294e+00
   2.9840884e+00
   3.0451721e+00
   3.0991767e+00
   3.1445995e+00
   3.1799726e+00
   3.2038997e+00
   3.2150938e+00
   3.2124161e+00
   3.1949136e+00
   3.1618544e+00
   3.1127593e+00
   3.0474287e+00
   2.9659621e+00
   2.8687706e+00
   2.7565811e+00
   2.6304305e+00
   2.4916512e+00
   2.3418470e+00
   2.1828608e+00
   2.0167331e+00
   1.8456556e+00
   1.6719183e+00
   1.4978542e+00
   1.3257822e+00
   1.1579505e+00
   9.9648333e-01
   8.4333080e-01
   7.0022599e-01
   5.6864849e-01
   4.4979652e-01
   3.4456793e-01
   2.5355019e-01
   1.7701950e-01
   1.1494830e-01
   6.7020591e-02
   3.2654047e-02
   1.1027916e-02
   1.1179958e-03
   1.7066788e-03
   1.1486714e-02
   2.9016044e-02
   5.2807199e-02
   8.1349884e-02
   1.1314609e-01
   1.4674233e-01
   1.8075887e-01
   2.1391579e-01
   2.4505546e-01
   2.7316154e-01
   2.9737414e-01
   3.1700132e-01
   3.3152668e-01
   3.4061318e-01
   3.4410306e-01
   3.4201403e-01
   3.3453159e-01
   3.2199779e-01
   3.0489646e-01
   2.8383517e-01
   2.5952434e-01
   2.3275379e-01
   2.0436734e-01
   1.7523611e-01
   1.4623099e-01
   1.1819537e-01
   9.1918639e-02
   6.8111361e-02
   4.7382987e-02
   3.0222658e-02
   1.6983501e-02
   7.8692558e-03
   2.9174879e-03
   2.0725921e-03
   5.1703786e-03
   1.1722028e-02
   2.1250359e-02
   3.3170778e-02
   4.6816557e-02
   6.1470829e-02
   7.6396980e-02
   9.0869139e-02
   1.0420220e-01
   1.1578032e-01
   1.2508272e-01
   1.3170573e-01
   1.3537992e-01
   1.3598179e-01
   1.3353906e-01
   1.2822952e-01
   1.2037325e-01
   1.1041846e-01
   9.8921702e-02
   8.6523060e-02
   7.3917722e-02
   6.1825143e-02
   5.0957424e-02
   4.1988575e-02
   3.5526420e-02
   3.2088529e-02
   3.2082398e-02
   3.5790079e-02
   4.3360639e-02
   5.4812753e-02
   7.0044493e-02
   8.8848289e-02
   1.1093115e-01
   1.3593952e-01
   1.6348723e-01
   1.9318476e-01
   2.2466780e-01
   2.5762340e-01
   2.9181193e-01
   3.2708348e-01
   3.6338762e-01
   4.0077591e-01
   4.3939696e-01
   4.7948426e-01
   5.2133774e-01
   5.6529998e-01
   6.1172876e-01
   6.6096749e-01
   7.1331554e-01
   7.6900013e-01
   8.2815160e-01
   8.9078343e-01
   9.5677830e-01
   1.0258809e+00
   1.0976976e+00
   1.1717039e+00
   1.2472575e+00
   1.3236177e+00
   1.3999695e+00
   1.4754511e+00
   1.5491830e+00
   1.6202974e+00
   1.6879676e+00
   1.7514343e+00
   1.8100289e+00
   1.8631928e+00
   1.9104918e+00
   1.9516260e+00
   1.9864343e+00
   2.0148946e+00
   2.0371192e+00
   2.0533467e+00
   2.0639311e+00
   2.0693280e+00
   2.0700800e+00
   2.0668005e+00
   2.0601576e+00
   2.0508589e+00
   2.0396362e+00
   2.0272320e+00
   2.0143876e+00
   2.0018321e+00
   1.9902730e+00
   1.9803888e+00
   1.9728222e+00
   1.9681746e+00
   1.9670015e+00
   1.9698076e+00
   1.9770434e+00
   1.9891010e+00
   2.0063091e+00
