   1.8782361e+00
   1.8658422e+00
   1.8535544e+00
   1.8414336e+00
   1.8295347e+00
   1.8179065e+00
   1.8065918e+00
   1.7956266e+00
   1.7850409e+00
   1.7748580e+00
   1.7650946e+00
   1.7557610e+00
   1.7468610e+00
   1.7383923e+00
   1.7303463e+00
   1.7227085e+00
   1.7154588e+00
   1.7085715e+00
   1.7020165e+00
   1.6957586e+00
   1.6897591e+00
   1.6839754e+00
   1.6783624e+00
   1.6728726e+00
   1.6674571e+00
   1.6620662e+00
   1.6566500e+00
   1.6511595e+00
   1.6455471e+00
   1.6397674e+00
   1.6337782e+00
   1.6275405e+00
   1.6210199e+00
   1.6141867e+00
   1.6070166e+00
   1.5994910e+00
   1.5915976e+00
   1.5833301e+00
   1.5746887e+00
   1.5656802e+00
   1.5563176e+00
   1.5466199e+00
   1.5366122e+00
   1.5263249e+00
   1.5157932e+00
   1.5050568e+00
   1.4941593e+00
   1.4831472e+00
   1.4720694e+00
   1.4609766e+00
   1.4499202e+00
   1.4389521e+00
   1.4281235e+00
   1.4174846e+00
   1.4070837e+00
   1.3969668e+00
   1.3871772e+00
   1.3777547e+00
   1.3687355e+00
   1.3601521e+00
   1.3520324e+00
   1.3444003e+00
   1.3372751e+00
   1.3306718e+00
   1.3246009e+00
   1.3190684e+00
   1.3140765e+00
   1.3096228e+00
   1.3057015e+00
   1.3023030e+00
   1.2994141e+00
   1.2970187e+00
   1.2950976e+00
   1.2936290e+00
   1.2925885e+00
   1.2919498e+00
   1.2916843e+00
   1.2917619e+00
   1.2921509e+00
   1.2928181e+00
   1.2937294e+00
   1.2948498e+00
   1.2961433e+00
   1.2975736e+00
   1.2991040e+00
   1.3006977e+00
   1.3023180e+00
   1.3039285e+00
   1.3054935e+00
   1.3069780e+00
   1.3083484e+00
   1.3095727e+00
   1.3106204e+00
   1.3114639e+00
   1.3120777e+00
   1.3124399e+00
   1.3125321e+00
   1.3123399e+00
   1.3118537e+00
   1.3110688e+00
   1.3099864e+00
   1.3086133e+00
   1.3069633e+00
   1.3050569e+00
   1.3029217e+00
   1.3005931e+00
   1.2981142e+00
   1.2955356e+00
   1.2929160e+00
   1.2903217e+00
   1.2878261e+00
   1.2855097e+00
   1.2834591e+00
   1.2817668e+00
   1.2805294e+00
   1.2798473e+00
   1.2798233e+00
   1.2805609e+00
   1.2821631e+00
   1.2847308e+00
   1.2883613e+00
   1.2931459e+00
   1.2991692e+00
   1.3065064e+00
   1.3152225e+00
   1.3253701e+00
   1.3369883e+00
   1.3501014e+00
   1.3647178e+00
   1.3808292e+00
   1.3984102e+00
   1.4174175e+00
   1.4377905e+00
   1.4594513e+00
   1.4823054e+00
   1.5062423e+00
   1.5311373e+00
   1.5568522e+00
   1.5832377e+00
   1.6101344e+00
   1.6373760e+00
   1.6647901e+00
   1.6922017e+00
   1.7194346e+00
   1.7463141e+00
   1.7726688e+00
   1.7983334e+00
   1.8231498e+00
   1.8469696e+00
   1.8696555e+00
   1.8910825e+00
   1.9111392e+00
   1.9297288e+00
   1.9467697e+00
   1.9621959e+00
   1.9759569e+00
   1.9880182e+00
   1.9983606e+00
   2.0069796e+00
   2.0138854e+00
   2.0191013e+00
   2.0226633e+00
   2.0246188e+00
   2.0250258e+00
   2.0239513e+00
   2.0214705e+00
   2.0176654e+00
   2.0126236e+00
   2.0064374e+00
   1.9992024e+00
   1.9910163e+00
   1.9819785e+00
   1.9721885e+00
   1.9617454e+00
   1.9507470e+00
   1.9392890e+00
   1.9274645e+00
   1.9153632e+00
   1.9030710e+00
   1.8906697e+00
   1.8782361e+00
