   7.3646226e-01
   7.6122474e-01
   7.8877998e-01
   8.1904623e-01
   8.5192103e-01
   8.8728015e-01
   9.2497649e-01
   9.6483933e-01
   1.0066736e+00
   1.0502598e+00
   1.0953534e+00
   1.1416859e+00
   1.1889654e+00
   1.2368778e+00
   1.2850890e+00
   1.3332472e+00
   1.3809864e+00
   1.4279298e+00
   1.4736942e+00
   1.5178956e+00
   1.5601542e+00
   1.6001008e+00
   1.6373833e+00
   1.6716732e+00
   1.7026731e+00
   1.7301228e+00
   1.7538064e+00
   1.7735586e+00
   1.7892698e+00
   1.8008913e+00
   1.8084383e+00
   1.8119927e+00
   1.8117036e+00
   1.8077863e+00
   1.8005199e+00
   1.7902430e+00
   1.7773466e+00
   1.7622667e+00
   1.7454744e+00
   1.7274640e+00
   1.7087410e+00
   1.6898083e+00
   1.6711525e+00
   1.6532291e+00
   1.6364493e+00
   1.6211664e+00
   1.6076646e+00
   1.5961486e+00
   1.5867355e+00
   1.5794499e+00
   1.5742210e+00
   1.5708828e+00
   1.5691775e+00
   1.5687620e+00
   1.5692166e+00
   1.5700573e+00
   1.5707491e+00
   1.5707224e+00
   1.5693898e+00
   1.5661634e+00
   1.5604735e+00
   1.5517851e+00
   1.5396151e+00
   1.5235462e+00
   1.5032402e+00
   1.4784482e+00
   1.4490180e+00
   1.4148992e+00
   1.3761446e+00
   1.3329092e+00
   1.2854464e+00
   1.2341012e+00
   1.1793019e+00
   1.1215486e+00
   1.0614017e+00
   9.9946838e-01
   9.3638812e-01
   8.7281902e-01
   8.0942342e-01
   7.4685440e-01
   6.8574307e-01
   6.2668703e-01
   5.7024018e-01
   5.1690408e-01
   4.6712095e-01
   4.2126841e-01
   3.7965589e-01
   3.4252282e-01
   3.1003834e-01
   2.8230263e-01
   2.5934950e-01
   2.4115030e-01
   2.2761879e-01
   2.1861693e-01
   2.1396129e-01
   2.1343013e-01
   2.1677065e-01
   2.2370661e-01
   2.3394584e-01
   2.4718752e-01
   2.6312918e-01
   2.8147306e-01
   3.0193187e-01
   3.2423380e-01
   3.4812662e-01
   3.7338087e-01
   3.9979215e-01
   4.2718228e-01
   4.5539953e-01
   4.8431786e-01
   5.1383522e-01
   5.4387097e-01
   5.7436260e-01
   6.0526184e-01
   6.3653026e-01
   6.6813466e-01
   7.0004228e-01
   7.3221610e-01
   7.6461048e-01
   7.9716713e-01
   8.2981177e-01
   8.6245146e-01
   8.9497288e-01
   9.2724139e-01
   9.5910125e-01
   9.9037664e-01
   1.0208737e+00
   1.0503837e+00
   1.0786861e+00
   1.1055535e+00
   1.1307560e+00
   1.1540667e+00
   1.1752663e+00
   1.1941484e+00
   1.2105250e+00
   1.2242299e+00
   1.2351235e+00
   1.2430958e+00
   1.2480688e+00
   1.2499987e+00
   1.2488762e+00
   1.2447275e+00
   1.2376130e+00
   1.2276262e+00
   1.2148922e+00
   1.1995645e+00
   1.1818226e+00
   1.1618688e+00
   1.1399243e+00
   1.1162264e+00
   1.0910243e+00
   1.0645758e+00
   1.0371442e+00
   1.0089951e+00
   9.8039328e-01
   9.5160065e-01
   9.2287367e-01
   8.9446163e-01
   8.6660507e-01
   8.3953455e-01
   8.1346972e-01
   7.8861868e-01
   7.6517753e-01
   7.4333017e-01
   7.2324825e-01
   7.0509121e-01
   6.8900647e-01
   6.7512963e-01
   6.6358468e-01
   6.5448420e-01
   6.4792953e-01
   6.4401083e-01
   6.4280706e-01
   6.4438584e-01
   6.4880319e-01
   6.5610313e-01
   6.6631713e-01
   6.7946344e-01
   6.9554625e-01
   7.1455479e-01
   7.3646226e-01
