   3.1917243e-01
   3.0562877e-01
   2.9296298e-01
   2.8126881e-01
   2.7062760e-01
   2.6110790e-01
   2.5276527e-01
   2.4564208e-01
   2.3976758e-01
   2.3515798e-01
   2.3181666e-01
   2.2973452e-01
   2.2889041e-01
   2.2925167e-01
   2.3077478e-01
   2.3340608e-01
   2.3708258e-01
   2.4173288e-01
   2.4727809e-01
   2.5363283e-01
   2.6070625e-01
   2.6840306e-01
   2.7662451e-01
   2.8526939e-01
   2.9423489e-01
   3.0341750e-01
   3.1271371e-01
   3.2202067e-01
   3.3123677e-01
   3.4026206e-01
   3.4899868e-01
   3.5735112e-01
   3.6522652e-01
   3.7253488e-01
   3.7918938e-01
   3.8510658e-01
   3.9020684e-01
   3.9441477e-01
   3.9765973e-01
   3.9987653e-01
   4.0100622e-01
   4.0099696e-01
   3.9980502e-01
   3.9739582e-01
   3.9374499e-01
   3.8883946e-01
   3.8267840e-01
   3.7527416e-01
   3.6665294e-01
   3.5685533e-01
   3.4593659e-01
   3.3396664e-01
   3.2102977e-01
   3.0722405e-01
   2.9266045e-01
   2.7746163e-01
   2.6176054e-01
   2.4569872e-01
   2.2942447e-01
   2.1309080e-01
   1.9685342e-01
   1.8086853e-01
   1.6529075e-01
   1.5027101e-01
   1.3595465e-01
   1.2247954e-01
   1.0997449e-01
   9.8557783e-02
   8.8336014e-02
   7.9403122e-02
   7.1839737e-02
   6.5712751e-02
   6.1075101e-02
   5.7965648e-02
   5.6409039e-02
   5.6415539e-02
   5.7980934e-02
   6.1086753e-02
   6.5700886e-02
   7.1778523e-02
   7.9263190e-02
   8.8087721e-02
   9.8175123e-02
   1.0943936e-01
   1.2178606e-01
   1.3511329e-01
   1.4931224e-01
   1.6426797e-01
   1.7986018e-01
   1.9596398e-01
   2.1245070e-01
   2.2918874e-01
   2.4604446e-01
   2.6288312e-01
   2.7956993e-01
   2.9597112e-01
   3.1195512e-01
   3.2739379e-01
   3.4216378e-01
   3.5614791e-01
   3.6923658e-01
   3.8132928e-01
   3.9233606e-01
   4.0217892e-01
   4.1079324e-01
   4.1812899e-01
   4.2415188e-01
   4.2884421e-01
   4.3220556e-01
   4.3425318e-01
   4.3502202e-01
   4.3456445e-01
   4.3294969e-01
   4.3026275e-01
   4.2660319e-01
   4.2208344e-01
   4.1682692e-01
   4.1096591e-01
   4.0463929e-01
   3.9799019e-01
   3.9116360e-01
   3.8430405e-01
   3.7755348e-01
   3.7104919e-01
   3.6492210e-01
   3.5929523e-01
   3.5428247e-01
   3.4998759e-01
   3.4650354e-01
   3.4391189e-01
   3.4228246e-01
   3.4167308e-01
   3.4212933e-01
   3.4368437e-01
   3.4635860e-01
   3.5015941e-01
   3.5508073e-01
   3.6110256e-01
   3.6819050e-01
   3.7629523e-01
   3.8535213e-01
   3.9528100e-01
   4.0598601e-01
   4.1735601e-01
   4.2926508e-01
   4.4157357e-01
   4.5412956e-01
   4.6677076e-01
   4.7932680e-01
   4.9162192e-01
   5.0347801e-01
   5.1471779e-01
   5.2516825e-01
   5.3466395e-01
   5.4305041e-01
   5.5018714e-01
   5.5595049e-01
   5.6023607e-01
   5.6296070e-01
   5.6406392e-01
   5.6350889e-01
   5.6128278e-01
   5.5739668e-01
   5.5188493e-01
   5.4480403e-01
   5.3623115e-01
   5.2626233e-01
   5.1501036e-01
   5.0260248e-01
   4.8917801e-01
   4.7488585e-01
   4.5988202e-01
   4.4432720e-01
   4.2838446e-01
   4.1221700e-01
   3.9598613e-01
   3.7984939e-01
   3.6395884e-01
   3.4845956e-01
   3.3348832e-01
   3.1917243e-01
