   1.9192830e-02
   1.7979757e-02
   1.7211592e-02
   1.6894559e-02
   1.7033194e-02
   1.7630291e-02
   1.8686848e-02
   2.0202013e-02
   2.2173019e-02
   2.4595130e-02
   2.7461575e-02
   3.0763497e-02
   3.4489902e-02
   3.8627621e-02
   4.3161276e-02
   4.8073263e-02
   5.3343737e-02
   5.8950629e-02
   6.4869657e-02
   7.1074374e-02
   7.7536225e-02
   8.4224628e-02
   9.1107072e-02
   9.8149249e-02
   1.0531520e-01
   1.1256747e-01
   1.1986733e-01
   1.2717498e-01
   1.3444978e-01
   1.4165052e-01
   1.4873568e-01
   1.5566375e-01
   1.6239350e-01
   1.6888432e-01
   1.7509652e-01
   1.8099167e-01
   1.8653291e-01
   1.9168526e-01
   1.9641595e-01
   2.0069469e-01
   2.0449393e-01
   2.0778917e-01
   2.1055911e-01
   2.1278590e-01
   2.1445531e-01
   2.1555682e-01
   2.1608374e-01
   2.1603329e-01
   2.1540658e-01
   2.1420862e-01
   2.1244824e-01
   2.1013804e-01
   2.0729420e-01
   2.0393636e-01
   2.0008742e-01
   1.9577330e-01
   1.9102272e-01
   1.8586690e-01
   1.8033931e-01
   1.7447535e-01
   1.6831202e-01
   1.6188766e-01
   1.5524161e-01
   1.4841389e-01
   1.4144489e-01
   1.3437510e-01
   1.2724482e-01
   1.2009385e-01
   1.1296131e-01
   1.0588535e-01
   9.8902948e-02
   9.2049749e-02
   8.5359864e-02
   7.8865734e-02
   7.2598008e-02
   6.6585438e-02
   6.0854797e-02
   5.5430816e-02
   5.0336139e-02
   4.5591299e-02
   4.1214704e-02
   3.7222643e-02
   3.3629296e-02
   3.0446765e-02
   2.7685111e-02
   2.5352395e-02
   2.3454732e-02
   2.1996348e-02
   2.0979637e-02
   2.0405221e-02
   2.0271999e-02
   2.0577193e-02
   2.1316395e-02
   2.2483609e-02
   2.4071302e-02
   2.6070461e-02
   2.8470640e-02
   3.1260018e-02
   3.4425446e-02
   3.7952486e-02
   4.1825464e-02
   4.6027497e-02
   5.0540545e-02
   5.5345442e-02
   6.0421944e-02
   6.5748769e-02
   7.1303646e-02
   7.7063363e-02
   8.3003826e-02
   8.9100113e-02
   9.5326544e-02
   1.0165675e-01
   1.0806376e-01
   1.1452005e-01
   1.2099769e-01
   1.2746841e-01
   1.3390370e-01
   1.4027492e-01
   1.4655346e-01
   1.5271082e-01
   1.5871875e-01
   1.6454940e-01
   1.7017546e-01
   1.7557028e-01
   1.8070803e-01
   1.8556386e-01
   1.9011402e-01
   1.9433600e-01
   1.9820871e-01
   2.0171257e-01
   2.0482967e-01
   2.0754386e-01
   2.0984090e-01
   2.1170855e-01
   2.1313665e-01
   2.1411721e-01
   2.1464445e-01
   2.1471491e-01
   2.1432741e-01
   2.1348311e-01
   2.1218552e-01
   2.1044045e-01
   2.0825602e-01
   2.0564255e-01
   2.0261259e-01
   1.9918074e-01
   1.9536362e-01
   1.9117976e-01
   1.8664944e-01
   1.8179462e-01
   1.7663873e-01
   1.7120659e-01
   1.6552423e-01
   1.5961872e-01
   1.5351804e-01
   1.4725090e-01
   1.4084659e-01
   1.3433482e-01
   1.2774557e-01
   1.2110894e-01
   1.1445499e-01
   1.0781367e-01
   1.0121459e-01
   9.4686991e-02
   8.8259596e-02
   8.1960504e-02
   7.5817106e-02
   6.9855994e-02
   6.4102888e-02
   5.8582563e-02
   5.3318782e-02
   4.8334244e-02
   4.3650525e-02
   3.9288033e-02
   3.5265958e-02
   3.1602231e-02
   2.8313482e-02
   2.5414994e-02
   2.2920662e-02
   2.0842948e-02
   1.9192830e-02
