   8.2506123e-01
   7.7408000e-01
   7.2907811e-01
   6.9022242e-01
   6.5760408e-01
   6.3123928e-01
   6.1107071e-01
   5.9696942e-01
   5.8873731e-01
   5.8611014e-01
   5.8876116e-01
   5.9630529e-01
   6.0830395e-01
   6.2427046e-01
   6.4367610e-01
   6.6595679e-01
   6.9052027e-01
   7.1675393e-01
   7.4403304e-01
   7.7172941e-01
   7.9922032e-01
   8.2589768e-01
   8.5117711e-01
   8.7450699e-01
   8.9537711e-01
   9.1332684e-01
   9.2795263e-01
   9.3891465e-01
   9.4594224e-01
   9.4883836e-01
   9.4748246e-01
   9.4183204e-01
   9.3192259e-01
   9.1786597e-01
   8.9984722e-01
   8.7811989e-01
   8.5299986e-01
   8.2485800e-01
   7.9411165e-01
   7.6121527e-01
   7.2665043e-01
   6.9091548e-01
   6.5451507e-01
   6.1794993e-01
   5.8170705e-01
   5.4625058e-01
   5.1201371e-01
   4.7939162e-01
   4.4873569e-01
   4.2034919e-01
   3.9448424e-01
   3.7134036e-01
   3.5106434e-01
   3.3375142e-01
   3.1944772e-01
   3.0815369e-01
   2.9982839e-01
   2.9439450e-01
   2.9174377e-01
   2.9174272e-01
   2.9423839e-01
   2.9906405e-01
   3.0604449e-01
   3.1500099e-01
   3.2575569e-01
   3.3813532e-01
   3.5197425e-01
   3.6711682e-01
   3.8341893e-01
   4.0074889e-01
   4.1898767e-01
   4.3802848e-01
   4.5777582e-01
   4.7814406e-01
   4.9905572e-01
   5.2043933e-01
   5.4222721e-01
   5.6435312e-01
   5.8674979e-01
   6.0934662e-01
   6.3206741e-01
   6.5482826e-01
   6.7753573e-01
   7.0008524e-01
   7.2235980e-01
   7.4422899e-01
   7.6554841e-01
   7.8615946e-01
   8.0588950e-01
   8.2455245e-01
   8.4194983e-01
   8.5787222e-01
   8.7210113e-01
   8.8441143e-01
   8.9457409e-01
   9.0235946e-01
   9.0754098e-01
   9.0989924e-01
   9.0922654e-01
   9.0533170e-01
   8.9804523e-01
   8.8722475e-01
   8.7276055e-01
   8.5458123e-01
   8.3265931e-01
   8.0701665e-01
   7.7772964e-01
   7.4493384e-01
   7.0882809e-01
   6.6967779e-01
   6.2781723e-01
   5.8365080e-01
   5.3765291e-01
   4.9036649e-01
   4.4239993e-01
   3.9442232e-01
   3.4715709e-01
   3.0137376e-01
   2.5787816e-01
   2.1750091e-01
   1.8108442e-01
   1.4946870e-01
   1.2347604e-01
   1.0389504e-01
   9.1464288e-02
   8.6855881e-02
   9.0658900e-02
   1.0336356e-01
   1.2534715e-01
   1.5686212e-01
   1.9802591e-01
   2.4881292e-01
   3.0904911e-01
   3.7840951e-01
   4.5641896e-01
   5.4245603e-01
   6.3576008e-01
   7.3544142e-01
   8.4049436e-01
   9.4981281e-01
   1.0622082e+00
   1.1764293e+00
   1.2911830e+00
   1.4051567e+00
   1.5170403e+00
   1.6255485e+00
   1.7294423e+00
   1.8275489e+00
   1.9187808e+00
   2.0021519e+00
   2.0767925e+00
   2.1419605e+00
   2.1970507e+00
   2.2416007e+00
   2.2752949e+00
   2.2979644e+00
   2.3095855e+00
   2.3102751e+00
   2.3002840e+00
   2.2799880e+00
   2.2498784e+00
   2.2105494e+00
   2.1626865e+00
   2.1070524e+00
   2.0444738e+00
   1.9758273e+00
   1.9020258e+00
   1.8240055e+00
   1.7427127e+00
   1.6590920e+00
   1.5740749e+00
   1.4885697e+00
   1.4034522e+00
   1.3195570e+00
   1.2376705e+00
   1.1585241e+00
   1.0827895e+00
   1.0110734e+00
   9.4391413e-01
   8.8177885e-01
   8.2506123e-01
