   1.6974692e+00
   1.6233466e+00
   1.5504842e+00
   1.4791959e+00
   1.4097671e+00
   1.3424555e+00
   1.2774923e+00
   1.2150832e+00
   1.1554099e+00
   1.0986301e+00
   1.0448794e+00
   9.9427098e-01
   9.4689687e-01
   9.0282790e-01
   8.6211403e-01
   8.2478453e-01
   7.9084787e-01
   7.6029181e-01
   7.3308320e-01
   7.0916802e-01
   6.8847136e-01
   6.7089755e-01
   6.5633044e-01
   6.4463388e-01
   6.3565241e-01
   6.2921229e-01
   6.2512273e-01
   6.2317746e-01
   6.2315665e-01
   6.2482904e-01
   6.2795448e-01
   6.3228659e-01
   6.3757573e-01
   6.4357208e-01
   6.5002884e-01
   6.5670550e-01
   6.6337098e-01
   6.6980674e-01
   6.7580969e-01
   6.8119481e-01
   6.8579747e-01
   6.8947538e-01
   6.9211009e-01
   6.9360802e-01
   6.9390107e-01
   6.9294665e-01
   6.9072733e-01
   6.8724996e-01
   6.8254442e-01
   6.7666198e-01
   6.6967338e-01
   6.6166663e-01
   6.5274470e-01
   6.4302311e-01
   6.3262741e-01
   6.2169089e-01
   6.1035220e-01
   5.9875334e-01
   5.8703769e-01
   5.7534843e-01
   5.6382713e-01
   5.5261267e-01
   5.4184042e-01
   5.3164167e-01
   5.2214330e-01
   5.1346766e-01
   5.0573257e-01
   4.9905146e-01
   4.9353356e-01
   4.8928409e-01
   4.8640443e-01
   4.8499217e-01
   4.8514105e-01
   4.8694072e-01
   4.9047632e-01
   4.9582780e-01
   5.0306900e-01
   5.1226657e-01
   5.2347852e-01
   5.3675265e-01
   5.5212469e-01
   5.6961631e-01
   5.8923297e-01
   6.1096169e-01
   6.3476872e-01
   6.6059728e-01
   6.8836536e-01
   7.1796367e-01
   7.4925379e-01
   7.8206665e-01
   8.1620140e-01
   8.5142471e-01
   8.8747062e-01
   9.2404102e-01
   9.6080683e-01
   9.9740992e-01
   1.0334658e+00
   1.0685674e+00
   1.1022892e+00
   1.1341928e+00
   1.1638334e+00
   1.1907664e+00
   1.2145556e+00
   1.2347816e+00
   1.2510510e+00
   1.2630059e+00
   1.2703336e+00
   1.2727764e+00
   1.2701414e+00
   1.2623093e+00
   1.2492429e+00
   1.2309944e+00
   1.2077117e+00
   1.1796425e+00
   1.1471370e+00
   1.1106488e+00
   1.0707329e+00
   1.0280415e+00
   9.8331806e-01
   9.3738741e-01
   8.9114486e-01
   8.4554212e-01
   8.0157140e-01
   7.6024772e-01
   7.2258964e-01
   6.8959906e-01
   6.6224041e-01
   6.4141982e-01
   6.2796476e-01
   6.2260483e-01
   6.2595402e-01
   6.3849523e-01
   6.6056724e-01
   6.9235478e-01
   7.3388180e-01
   7.8500832e-01
   8.4543092e-01
   9.1468681e-01
   9.9216157e-01
   1.0771001e+00
   1.1686208e+00
   1.2657322e+00
   1.3673519e+00
   1.4723273e+00
   1.5794573e+00
   1.6875144e+00
   1.7952671e+00
   1.9015016e+00
   2.0050422e+00
   2.1047707e+00
   2.1996427e+00
   2.2887033e+00
   2.3710986e+00
   2.4460856e+00
   2.5130393e+00
   2.5714565e+00
   2.6209574e+00
   2.6612848e+00
   2.6923007e+00
   2.7139812e+00
   2.7264093e+00
   2.7297671e+00
   2.7243255e+00
   2.7104346e+00
   2.6885126e+00
   2.6590349e+00
   2.6225234e+00
   2.5795356e+00
   2.5306550e+00
   2.4764810e+00
   2.4176209e+00
   2.3546815e+00
   2.2882628e+00
   2.2189517e+00
   2.1473171e+00
   2.0739060e+00
   1.9992402e+00
   1.9238137e+00
   1.8480916e+00
   1.7725087e+00
   1.6974692e+00
