   3.6526096e-02
   3.6171178e-02
   3.5814730e-02
   3.5459322e-02
   3.5107406e-02
   3.4761303e-02
   3.4423178e-02
   3.4095038e-02
   3.3778714e-02
   3.3475857e-02
   3.3187926e-02
   3.2916189e-02
   3.2661719e-02
   3.2425389e-02
   3.2207878e-02
   3.2009672e-02
   3.1831067e-02
   3.1672175e-02
   3.1532932e-02
   3.1413104e-02
   3.1312299e-02
   3.1229978e-02
   3.1165463e-02
   3.1117950e-02
   3.1086527e-02
   3.1070181e-02
   3.1067817e-02
   3.1078269e-02
   3.1100319e-02
   3.1132708e-02
   3.1174153e-02
   3.1223362e-02
   3.1279049e-02
   3.1339944e-02
   3.1404816e-02
   3.1472475e-02
   3.1541793e-02
   3.1611712e-02
   3.1681255e-02
   3.1749537e-02
   3.1815770e-02
   3.1879277e-02
   3.1939492e-02
   3.1995967e-02
   3.2048376e-02
   3.2096520e-02
   3.2140321e-02
   3.2179829e-02
   3.2215217e-02
   3.2246776e-02
   3.2274916e-02
   3.2300156e-02
   3.2323119e-02
   3.2344524e-02
   3.2365178e-02
   3.2385966e-02
   3.2407840e-02
   3.2431806e-02
   3.2458919e-02
   3.2490260e-02
   3.2526932e-02
   3.2570043e-02
   3.2620692e-02
   3.2679956e-02
   3.2748878e-02
   3.2828450e-02
   3.2919602e-02
   3.3023190e-02
   3.3139978e-02
   3.3270633e-02
   3.3415707e-02
   3.3575629e-02
   3.3750696e-02
   3.3941059e-02
   3.4146721e-02
   3.4367523e-02
   3.4603143e-02
   3.4853087e-02
   3.5116689e-02
   3.5393104e-02
   3.5681314e-02
   3.5980122e-02
   3.6288156e-02
   3.6603877e-02
   3.6925581e-02
   3.7251406e-02
   3.7579347e-02
   3.7907262e-02
   3.8232888e-02
   3.8553857e-02
   3.8867713e-02
   3.9171932e-02
   3.9463945e-02
   3.9741158e-02
   4.0000980e-02
   4.0240851e-02
   4.0458265e-02
   4.0650805e-02
   4.0816169e-02
   4.0952205e-02
   4.1056936e-02
   4.1128598e-02
   4.1165665e-02
   4.1166878e-02
   4.1131278e-02
   4.1058224e-02
   4.0947423e-02
   4.0798945e-02
   4.0613241e-02
   4.0391156e-02
   4.0133934e-02
   3.9843225e-02
   3.9521076e-02
   3.9169930e-02
   3.8792606e-02
   3.8392282e-02
   3.7972468e-02
   3.7536973e-02
   3.7089872e-02
   3.6635457e-02
   3.6178197e-02
   3.5722679e-02
   3.5273558e-02
   3.4835496e-02
   3.4413104e-02
   3.4010881e-02
   3.3633153e-02
   3.3284012e-02
   3.2967262e-02
   3.2686361e-02
   3.2444372e-02
   3.2243922e-02
   3.2087156e-02
   3.1975708e-02
   3.1910679e-02
   3.1892615e-02
   3.1921502e-02
   3.1996761e-02
   3.2117263e-02
   3.2281338e-02
   3.2486802e-02
   3.2730993e-02
   3.3010801e-02
   3.3322720e-02
   3.3662897e-02
   3.4027181e-02
   3.4411190e-02
   3.4810363e-02
   3.5220028e-02
   3.5635458e-02
   3.6051939e-02
   3.6464821e-02
   3.6869585e-02
   3.7261886e-02
   3.7637609e-02
   3.7992911e-02
   3.8324261e-02
   3.8628469e-02
   3.8902722e-02
   3.9144595e-02
   3.9352074e-02
   3.9523563e-02
   3.9657885e-02
   3.9754281e-02
   3.9812404e-02
   3.9832305e-02
   3.9814417e-02
   3.9759534e-02
   3.9668787e-02
   3.9543619e-02
   3.9385754e-02
   3.9197166e-02
   3.8980051e-02
   3.8736789e-02
   3.8469916e-02
   3.8182088e-02
   3.7876050e-02
   3.7554604e-02
   3.7220582e-02
   3.6876813e-02
   3.6526096e-02
