   4.9848297e-01
   5.2040447e-01
   5.4293201e-01
   5.6594848e-01
   5.8933365e-01
   6.1296490e-01
   6.3671801e-01
   6.6046804e-01
   6.8409029e-01
   7.0746139e-01
   7.3046043e-01
   7.5297019e-01
   7.7487838e-01
   7.9607895e-01
   8.1647340e-01
   8.3597202e-01
   8.5449522e-01
   8.7197458e-01
   8.8835399e-01
   9.0359048e-01
   9.1765500e-01
   9.3053289e-01
   9.4222417e-01
   9.5274351e-01
   9.6211997e-01
   9.7039637e-01
   9.7762838e-01
   9.8388327e-01
   9.8923836e-01
   9.9377918e-01
   9.9759732e-01
   1.0007881e+00
   1.0034481e+00
   1.0056723e+00
   1.0075516e+00
   1.0091696e+00
   1.0106007e+00
   1.0119068e+00
   1.0131354e+00
   1.0143174e+00
   1.0154656e+00
   1.0165736e+00
   1.0176148e+00
   1.0185421e+00
   1.0192887e+00
   1.0197688e+00
   1.0198789e+00
   1.0195000e+00
   1.0185004e+00
   1.0167380e+00
   1.0140644e+00
   1.0103282e+00
   1.0053791e+00
   9.9907153e-01
   9.9126933e-01
   9.8184914e-01
   9.7070440e-01
   9.5774878e-01
   9.4291919e-01
   9.2617843e-01
   9.0751723e-01
   8.8695574e-01
   8.6454439e-01
   8.4036410e-01
   8.1452589e-01
   7.8716979e-01
   7.5846328e-01
   7.2859905e-01
   6.9779240e-01
   6.6627816e-01
   6.3430726e-01
   6.0214311e-01
   5.7005775e-01
   5.3832794e-01
   5.0723128e-01
   4.7704229e-01
   4.4802879e-01
   4.2044837e-01
   3.9454517e-01
   3.7054695e-01
   3.4866250e-01
   3.2907944e-01
   3.1196237e-01
   2.9745140e-01
   2.8566108e-01
   2.7667972e-01
   2.7056899e-01
   2.6736397e-01
   2.6707338e-01
   2.6968025e-01
   2.7514267e-01
   2.8339495e-01
   2.9434883e-01
   3.0789492e-01
   3.2390421e-01
   3.4222979e-01
   3.6270851e-01
   3.8516272e-01
   4.0940216e-01
   4.3522566e-01
   4.6242301e-01
   4.9077672e-01
   5.2006381e-01
   5.5005751e-01
   5.8052899e-01
   6.1124899e-01
   6.4198943e-01
   6.7252498e-01
   7.0263458e-01
   7.3210287e-01
   7.6072159e-01
   7.8829095e-01
   8.1462088e-01
   8.3953225e-01
   8.6285798e-01
   8.8444411e-01
   9.0415076e-01
   9.2185298e-01
   9.3744148e-01
   9.5082335e-01
   9.6192247e-01
   9.7068000e-01
   9.7705455e-01
   9.8102238e-01
   9.8257729e-01
   9.8173052e-01
   9.7851041e-01
   9.7296194e-01
   9.6514617e-01
   9.5513952e-01
   9.4303292e-01
   9.2893089e-01
   9.1295049e-01
   8.9522017e-01
   8.7587861e-01
   8.5507340e-01
   8.3295975e-01
   8.0969916e-01
   7.8545804e-01
   7.6040635e-01
   7.3471622e-01
   7.0856066e-01
   6.8211226e-01
   6.5554191e-01
   6.2901766e-01
   6.0270361e-01
   5.7675884e-01
   5.5133654e-01
   5.2658310e-01
   5.0263744e-01
   4.7963031e-01
   4.5768376e-01
   4.3691077e-01
   4.1741485e-01
   3.9928983e-01
   3.8261975e-01
   3.6747875e-01
   3.5393114e-01
   3.4203145e-01
   3.3182460e-01
   3.2334607e-01
   3.1662214e-01
   3.1167016e-01
   3.0849876e-01
   3.0710822e-01
   3.0749066e-01
   3.0963035e-01
   3.1350398e-01
   3.1908085e-01
   3.2632316e-01
   3.3518613e-01
   3.4561825e-01
   3.5756142e-01
   3.7095110e-01
   3.8571648e-01
   4.0178061e-01
   4.1906058e-01
   4.3746768e-01
   4.5690767e-01
   4.7728096e-01
   4.9848297e-01
