   7.0508954e-01
   7.3315372e-01
   7.7042484e-01
   8.1759419e-01
   8.7538708e-01
   9.4455268e-01
   1.0258477e+00
   1.1200132e+00
   1.2277435e+00
   1.3496473e+00
   1.4862009e+00
   1.6376942e+00
   1.8041699e+00
   1.9853592e+00
   2.1806152e+00
   2.3888474e+00
   2.6084617e+00
   2.8373098e+00
   3.0726528e+00
   3.3111441e+00
   3.5488358e+00
   3.7812144e+00
   4.0032669e+00
   4.2095826e+00
   4.3944890e+00
   4.5522221e+00
   4.6771268e+00
   4.7638834e+00
   4.8077505e+00
   4.8048163e+00
   4.7522446e+00
   4.6485036e+00
   4.4935639e+00
   4.2890501e+00
   4.0383366e+00
   3.7465735e+00
   3.4206372e+00
   3.0690001e+00
   2.7015202e+00
   2.3291539e+00
   1.9636027e+00
   1.6169058e+00
   1.3009960e+00
   1.0272405e+00
   8.0598585e-01
   6.4613380e-01
   5.5476646e-01
   5.3683968e-01
   5.9495289e-01
   7.2921518e-01
   9.3722582e-01
   1.2141596e+00
   1.5529448e+00
   1.9445279e+00
   2.3782145e+00
   2.8420677e+00
   3.3233441e+00
   3.8089472e+00
   4.2858759e+00
   4.7416504e+00
   5.1646967e+00
   5.5446782e+00
   5.8727618e+00
   6.1418141e+00
   6.3465242e+00
   6.4834555e+00
   6.5510295e+00
   6.5494498e+00
   6.4805755e+00
   6.3477527e+00
   6.1556169e+00
   5.9098756e+00
   5.6170817e+00
   5.2844072e+00
   4.9194240e+00
   4.5298987e+00
   4.1236065e+00
   3.7081665e+00
   3.2908999e+00
   2.8787136e+00
   2.4780055e+00
   2.0945929e+00
   1.7336601e+00
   1.3997240e+00
   1.0966142e+00
   8.2746556e-01
   5.9472068e-01
   4.0013946e-01
   2.4481375e-01
   1.2918216e-01
   5.3026455e-02
   1.5356719e-02
   1.5529779e-02
   5.1600844e-02
   1.2056599e-01
   2.1978909e-01
   3.4602567e-01
   4.9560843e-01
   6.6452125e-01
   8.4845862e-01
   1.0428880e+00
   1.2431180e+00
   1.4443744e+00
   1.6418814e+00
   1.8309508e+00
   2.0070747e+00
   2.1660224e+00
   2.3039378e+00
   2.4174354e+00
   2.5036914e+00
   2.5605274e+00
   2.5864807e+00
   2.5808612e+00
   2.5437880e+00
   2.4762051e+00
   2.3798721e+00
   2.2573300e+00
   2.1118392e+00
   1.9472931e+00
   1.7681062e+00
   1.5790819e+00
   1.3852633e+00
   1.1917725e+00
   1.0036445e+00
   8.2566312e-01
   6.6220492e-01
   5.1709872e-01
   3.9350676e-01
   2.9383236e-01
   2.1965771e-01
   1.7171317e-01
   1.4988215e-01
   1.5325107e-01
   1.8019302e-01
   2.2845378e-01
   2.9525572e-01
   3.7743126e-01
   4.7156653e-01
   5.7414258e-01
   6.8166879e-01
   7.9080363e-01
   8.9845850e-01
   1.0018811e+00
   1.0987162e+00
   1.1870433e+00
   1.2653919e+00
   1.3327360e+00
   1.3884706e+00
   1.4323744e+00
   1.4645617e+00
   1.4854282e+00
   1.4955933e+00
   1.4958443e+00
   1.4870825e+00
   1.4702769e+00
   1.4464228e+00
   1.4165104e+00
   1.3814996e+00
   1.3423038e+00
   1.2997799e+00
   1.2547240e+00
   1.2078723e+00
   1.1599045e+00
   1.1114503e+00
   1.0630961e+00
   1.0153928e+00
   9.6886233e-01
   9.2400440e-01
   8.8130147e-01
   8.4122320e-01
   8.0423006e-01
   7.7077634e-01
   7.4131299e-01
   7.1629059e-01
   6.9616269e-01
   6.8138982e-01
   6.7244410e-01
   6.6981462e-01
   6.7401318e-01
   6.8558009e-01
   7.0508954e-01
