   1.1269089e-05
   1.1264868e-05
   1.1266176e-05
   1.1273020e-05
   1.1285378e-05
   1.1303198e-05
   1.1326404e-05
   1.1354888e-05
   1.1388518e-05
   1.1427133e-05
   1.1470547e-05
   1.1518549e-05
   1.1570903e-05
   1.1627350e-05
   1.1687610e-05
   1.1751381e-05
   1.1818344e-05
   1.1888161e-05
   1.1960480e-05
   1.2034934e-05
   1.2111143e-05
   1.2188720e-05
   1.2267268e-05
   1.2346384e-05
   1.2425663e-05
   1.2504697e-05
   1.2583078e-05
   1.2660402e-05
   1.2736270e-05
   1.2810289e-05
   1.2882076e-05
   1.2951257e-05
   1.3017474e-05
   1.3080382e-05
   1.3139653e-05
   1.3194980e-05
   1.3246072e-05
   1.3292663e-05
   1.3334509e-05
   1.3371391e-05
   1.3403115e-05
   1.3429514e-05
   1.3450448e-05
   1.3465806e-05
   1.3475505e-05
   1.3479493e-05
   1.3477746e-05
   1.3470268e-05
   1.3457097e-05
   1.3438296e-05
   1.3413959e-05
   1.3384208e-05
   1.3349193e-05
   1.3309091e-05
   1.3264105e-05
   1.3214462e-05
   1.3160413e-05
   1.3102232e-05
   1.3040213e-05
   1.2974669e-05
   1.2905931e-05
   1.2834346e-05
   1.2760274e-05
   1.2684088e-05
   1.2606171e-05
   1.2526913e-05
   1.2446710e-05
   1.2365964e-05
   1.2285077e-05
   1.2204450e-05
   1.2124484e-05
   1.2045574e-05
   1.1968109e-05
   1.1892469e-05
   1.1819026e-05
   1.1748138e-05
   1.1680149e-05
   1.1615388e-05
   1.1554167e-05
   1.1496780e-05
   1.1443500e-05
   1.1394579e-05
   1.1350246e-05
   1.1310707e-05
   1.1276145e-05
   1.1246716e-05
   1.1222551e-05
   1.1203755e-05
   1.1190405e-05
   1.1182553e-05
   1.1180224e-05
   1.1183416e-05
   1.1192098e-05
   1.1206216e-05
   1.1225689e-05
   1.1250410e-05
   1.1280248e-05
   1.1315049e-05
   1.1354635e-05
   1.1398806e-05
   1.1447341e-05
   1.1500002e-05
   1.1556530e-05
   1.1616649e-05
   1.1680070e-05
   1.1746486e-05
   1.1815582e-05
   1.1887029e-05
   1.1960489e-05
   1.2035616e-05
   1.2112058e-05
   1.2189459e-05
   1.2267460e-05
   1.2345700e-05
   1.2423819e-05
   1.2501457e-05
   1.2578259e-05
   1.2653877e-05
   1.2727965e-05
   1.2800188e-05
   1.2870220e-05
   1.2937745e-05
   1.3002460e-05
   1.3064075e-05
   1.3122313e-05
   1.3176914e-05
   1.3227636e-05
   1.3274252e-05
   1.3316556e-05
   1.3354359e-05
   1.3387494e-05
   1.3415815e-05
   1.3439196e-05
   1.3457535e-05
   1.3470751e-05
   1.3478786e-05
   1.3481605e-05
   1.3479198e-05
   1.3471575e-05
   1.3458774e-05
   1.3440851e-05
   1.3417889e-05
   1.3389993e-05
   1.3357289e-05
   1.3319926e-05
   1.3278076e-05
   1.3231928e-05
   1.3181695e-05
   1.3127607e-05
   1.3069912e-05
   1.3008878e-05
   1.2944787e-05
   1.2877936e-05
   1.2808637e-05
   1.2737215e-05
   1.2664003e-05
   1.2589347e-05
   1.2513600e-05
   1.2437123e-05
   1.2360278e-05
   1.2283435e-05
   1.2206963e-05
   1.2131231e-05
   1.2056607e-05
   1.1983454e-05
   1.1912131e-05
   1.1842990e-05
   1.1776371e-05
   1.1712607e-05
   1.1652017e-05
   1.1594905e-05
   1.1541561e-05
   1.1492256e-05
   1.1447244e-05
   1.1406758e-05
   1.1371010e-05
   1.1340188e-05
   1.1314457e-05
   1.1293958e-05
   1.1278806e-05
   1.1269089e-05
