   9.1710849e-07
   9.1674487e-07
   9.1678635e-07
   9.1723464e-07
   9.1808934e-07
   9.1934796e-07
   9.2100592e-07
   9.2305649e-07
   9.2549088e-07
   9.2829822e-07
   9.3146561e-07
   9.3497817e-07
   9.3881912e-07
   9.4296984e-07
   9.4740996e-07
   9.5211747e-07
   9.5706880e-07
   9.6223900e-07
   9.6760178e-07
   9.7312973e-07
   9.7879441e-07
   9.8456656e-07
   9.9041617e-07
   9.9631274e-07
   1.0022254e-06
   1.0081230e-06
   1.0139745e-06
   1.0197489e-06
   1.0254156e-06
   1.0309445e-06
   1.0363060e-06
   1.0414715e-06
   1.0464134e-06
   1.0511051e-06
   1.0555215e-06
   1.0596388e-06
   1.0634347e-06
   1.0668889e-06
   1.0699827e-06
   1.0726994e-06
   1.0750242e-06
   1.0769446e-06
   1.0784502e-06
   1.0795329e-06
   1.0801867e-06
   1.0804081e-06
   1.0801959e-06
   1.0795514e-06
   1.0784778e-06
   1.0769812e-06
   1.0750695e-06
   1.0727531e-06
   1.0700445e-06
   1.0669584e-06
   1.0635114e-06
   1.0597221e-06
   1.0556109e-06
   1.0512000e-06
   1.0465130e-06
   1.0415751e-06
   1.0364127e-06
   1.0310533e-06
   1.0255257e-06
   1.0198592e-06
   1.0140839e-06
   1.0082303e-06
   1.0023294e-06
   9.9641216e-07
   9.9050969e-07
   9.8465280e-07
   9.7887196e-07
   9.7319712e-07
   9.6765751e-07
   9.6228155e-07
   9.5709664e-07
   9.5212902e-07
   9.4740366e-07
   9.4294413e-07
   9.3877245e-07
   9.3490902e-07
   9.3137249e-07
   9.2817969e-07
   9.2534554e-07
   9.2288302e-07
   9.2080307e-07
   9.1911458e-07
   9.1782437e-07
   9.1693716e-07
   9.1645554e-07
   9.1638005e-07
   9.1670915e-07
   9.1743924e-07
   9.1856476e-07
   9.2007818e-07
   9.2197013e-07
   9.2422941e-07
   9.2684312e-07
   9.2979671e-07
   9.3307413e-07
   9.3665788e-07
   9.4052914e-07
   9.4466789e-07
   9.4905304e-07
   9.5366250e-07
   9.5847335e-07
   9.6346196e-07
   9.6860409e-07
   9.7387504e-07
   9.7924974e-07
   9.8470291e-07
   9.9020916e-07
   9.9574310e-07
   1.0012795e-06
   1.0067932e-06
   1.0122597e-06
   1.0176546e-06
   1.0229542e-06
   1.0281353e-06
   1.0331757e-06
   1.0380536e-06
   1.0427483e-06
   1.0472399e-06
   1.0515097e-06
   1.0555399e-06
   1.0593137e-06
   1.0628157e-06
   1.0660315e-06
   1.0689480e-06
   1.0715535e-06
   1.0738373e-06
   1.0757904e-06
   1.0774048e-06
   1.0786742e-06
   1.0795934e-06
   1.0801588e-06
   1.0803681e-06
   1.0802204e-06
   1.0797163e-06
   1.0788577e-06
   1.0776482e-06
   1.0760923e-06
   1.0741964e-06
   1.0719680e-06
   1.0694161e-06
   1.0665508e-06
   1.0633838e-06
   1.0599280e-06
   1.0561975e-06
   1.0522076e-06
   1.0479749e-06
   1.0435170e-06
   1.0388527e-06
   1.0340017e-06
   1.0289846e-06
   1.0238231e-06
   1.0185395e-06
   1.0131570e-06
   1.0076993e-06
   1.0021907e-06
   9.9665604e-07
   9.9112033e-07
   9.8560899e-07
   9.8014750e-07
   9.7476141e-07
   9.6947614e-07
   9.6431692e-07
   9.5930863e-07
   9.5447569e-07
   9.4984193e-07
   9.4543047e-07
   9.4126359e-07
   9.3736259e-07
   9.3374773e-07
   9.3043801e-07
   9.2745114e-07
   9.2480340e-07
   9.2250953e-07
   9.2058263e-07
   9.1903409e-07
   9.1787348e-07
   9.1710849e-07
