   5.5601719e-05
   5.3618474e-05
   5.1587227e-05
   4.9518786e-05
   4.7424013e-05
   4.5313758e-05
   4.3198798e-05
   4.1089775e-05
   3.8997141e-05
   3.6931102e-05
   3.4901565e-05
   3.2918090e-05
   3.0989844e-05
   2.9125562e-05
   2.7333506e-05
   2.5621434e-05
   2.3996566e-05
   2.2465566e-05
   2.1034513e-05
   1.9708886e-05
   1.8493554e-05
   1.7392760e-05
   1.6410123e-05
   1.5548629e-05
   1.4810637e-05
   1.4197883e-05
   1.3711488e-05
   1.3351970e-05
   1.3119254e-05
   1.3012694e-05
   1.3031087e-05
   1.3172698e-05
   1.3435278e-05
   1.3816091e-05
   1.4311937e-05
   1.4919181e-05
   1.5633781e-05
   1.6451310e-05
   1.7366993e-05
   1.8375727e-05
   1.9472116e-05
   2.0650497e-05
   2.1904968e-05
   2.3229414e-05
   2.4617541e-05
   2.6062894e-05
   2.7558890e-05
   2.9098838e-05
   3.0675968e-05
   3.2283451e-05
   3.3914425e-05
   3.5562013e-05
   3.7219349e-05
   3.8879592e-05
   4.0535953e-05
   4.2181706e-05
   4.3810212e-05
   4.5414932e-05
   4.6989446e-05
   4.8527470e-05
   5.0022870e-05
   5.1469678e-05
   5.2862106e-05
   5.4194564e-05
   5.5461670e-05
   5.6658269e-05
   5.7779445e-05
   5.8820536e-05
   5.9777146e-05
   6.0645166e-05
   6.1420780e-05
   6.2100484e-05
   6.2681102e-05
   6.3159796e-05
   6.3534082e-05
   6.3801846e-05
   6.3961354e-05
   6.4011270e-05
   6.3950665e-05
   6.3779032e-05
   6.3496297e-05
   6.3102831e-05
   6.2599459e-05
   6.1987469e-05
   6.1268619e-05
   6.0445146e-05
   5.9519769e-05
   5.8495688e-05
   5.7376593e-05
   5.6166654e-05
   5.4870522e-05
   5.3493320e-05
   5.2040639e-05
   5.0518518e-05
   4.8933437e-05
   4.7292295e-05
   4.5602390e-05
   4.3871395e-05
   4.2107332e-05
   4.0318539e-05
   3.8513640e-05
   3.6701502e-05
   3.4891206e-05
   3.3091992e-05
   3.1313224e-05
   2.9564335e-05
   2.7854783e-05
   2.6193994e-05
   2.4591310e-05
   2.3055935e-05
   2.1596876e-05
   2.0222890e-05
   1.8942422e-05
   1.7763552e-05
   1.6693938e-05
   1.5740757e-05
   1.4910656e-05
   1.4209698e-05
   1.3643313e-05
   1.3216252e-05
   1.2932543e-05
   1.2795455e-05
   1.2807461e-05
   1.2970209e-05
   1.3284499e-05
   1.3750262e-05
   1.4366544e-05
   1.5131503e-05
   1.6042401e-05
   1.7095613e-05
   1.8286633e-05
   1.9610096e-05
   2.1059797e-05
   2.2628721e-05
   2.4309081e-05
   2.6092358e-05
   2.7969348e-05
   2.9930217e-05
   3.1964557e-05
   3.4061448e-05
   3.6209527e-05
   3.8397055e-05
   4.0611996e-05
   4.2842087e-05
   4.5074920e-05
   4.7298021e-05
   4.9498929e-05
   5.1665279e-05
   5.3784881e-05
   5.5845799e-05
   5.7836428e-05
   5.9745569e-05
   6.1562503e-05
   6.3277056e-05
   6.4879668e-05
   6.6361451e-05
   6.7714242e-05
   6.8930657e-05
   7.0004134e-05
   7.0928968e-05
   7.1700347e-05
   7.2314377e-05
   7.2768098e-05
   7.3059500e-05
   7.3187526e-05
   7.3152072e-05
   7.2953982e-05
   7.2595028e-05
   7.2077895e-05
   7.1406156e-05
   7.0584235e-05
   6.9617374e-05
   6.8511590e-05
   6.7273629e-05
   6.5910915e-05
   6.4431497e-05
   6.2843986e-05
   6.1157506e-05
   5.9381619e-05
   5.7526270e-05
   5.5601719e-05
