   1.9594588e+00
   1.9439795e+00
   1.9286513e+00
   1.9135506e+00
   1.8987475e+00
   1.8843061e+00
   1.8702835e+00
   1.8567305e+00
   1.8436904e+00
   1.8312001e+00
   1.8192888e+00
   1.8079789e+00
   1.7972858e+00
   1.7872176e+00
   1.7777756e+00
   1.7689547e+00
   1.7607431e+00
   1.7531230e+00
   1.7460711e+00
   1.7395586e+00
   1.7335525e+00
   1.7280151e+00
   1.7229058e+00
   1.7181809e+00
   1.7137948e+00
   1.7097007e+00
   1.7058513e+00
   1.7021994e+00
   1.6986991e+00
   1.6953062e+00
   1.6919792e+00
   1.6886798e+00
   1.6853734e+00
   1.6820297e+00
   1.6786235e+00
   1.6751345e+00
   1.6715478e+00
   1.6678541e+00
   1.6640495e+00
   1.6601358e+00
   1.6561197e+00
   1.6520131e+00
   1.6478323e+00
   1.6435980e+00
   1.6393341e+00
   1.6350675e+00
   1.6308276e+00
   1.6266453e+00
   1.6225525e+00
   1.6185814e+00
   1.6147639e+00
   1.6111307e+00
   1.6077113e+00
   1.6045328e+00
   1.6016201e+00
   1.5989948e+00
   1.5966757e+00
   1.5946777e+00
   1.5930123e+00
   1.5916874e+00
   1.5907067e+00
   1.5900705e+00
   1.5897753e+00
   1.5898143e+00
   1.5901769e+00
   1.5908499e+00
   1.5918167e+00
   1.5930583e+00
   1.5945533e+00
   1.5962780e+00
   1.5982069e+00
   1.6003127e+00
   1.6025667e+00
   1.6049392e+00
   1.6073991e+00
   1.6099147e+00
   1.6124534e+00
   1.6149823e+00
   1.6174679e+00
   1.6198765e+00
   1.6221742e+00
   1.6243271e+00
   1.6263012e+00
   1.6280630e+00
   1.6295790e+00
   1.6308164e+00
   1.6317432e+00
   1.6323279e+00
   1.6325405e+00
   1.6323523e+00
   1.6317363e+00
   1.6306674e+00
   1.6291232e+00
   1.6270840e+00
   1.6245334e+00
   1.6214590e+00
   1.6178525e+00
   1.6137105e+00
   1.6090349e+00
   1.6038338e+00
   1.5981213e+00
   1.5919188e+00
   1.5852549e+00
   1.5781662e+00
   1.5706974e+00
   1.5629016e+00
   1.5548405e+00
   1.5465843e+00
   1.5382122e+00
   1.5298111e+00
   1.5214763e+00
   1.5133104e+00
   1.5054223e+00
   1.4979270e+00
   1.4909440e+00
   1.4845963e+00
   1.4790088e+00
   1.4743068e+00
   1.4706145e+00
   1.4680528e+00
   1.4667381e+00
   1.4667797e+00
   1.4682782e+00
   1.4713238e+00
   1.4759941e+00
   1.4823526e+00
   1.4904474e+00
   1.5003092e+00
   1.5119509e+00
   1.5253661e+00
   1.5405290e+00
   1.5573936e+00
   1.5758944e+00
   1.5959460e+00
   1.6174444e+00
   1.6402676e+00
   1.6642771e+00
   1.6893197e+00
   1.7152288e+00
   1.7418271e+00
   1.7689281e+00
   1.7963394e+00
   1.8238644e+00
   1.8513051e+00
   1.8784647e+00
   1.9051496e+00
   1.9311725e+00
   1.9563537e+00
   1.9805238e+00
   2.0035252e+00
   2.0252137e+00
   2.0454598e+00
   2.0641498e+00
   2.0811866e+00
   2.0964902e+00
   2.1099978e+00
   2.1216641e+00
   2.1314607e+00
   2.1393760e+00
   2.1454142e+00
   2.1495949e+00
   2.1519516e+00
   2.1525311e+00
   2.1513924e+00
   2.1486049e+00
   2.1442478e+00
   2.1384083e+00
   2.1311807e+00
   2.1226652e+00
   2.1129662e+00
   2.1021917e+00
   2.0904520e+00
   2.0778584e+00
   2.0645228e+00
   2.0505562e+00
   2.0360683e+00
   2.0211667e+00
   2.0059559e+00
   1.9905370e+00
   1.9750072e+00
   1.9594588e+00
