   2.0688918e+00
   2.0097638e+00
   1.9478233e+00
   1.8829293e+00
   1.8149763e+00
   1.7438981e+00
   1.6696738e+00
   1.5923325e+00
   1.5119599e+00
   1.4287045e+00
   1.3427845e+00
   1.2544947e+00
   1.1642125e+00
   1.0724043e+00
   9.7962959e-01
   8.8654398e-01
   7.9390012e-01
   7.0254561e-01
   6.1341783e-01
   5.2753511e-01
   4.4598391e-01
   3.6990176e-01
   3.0045606e-01
   2.3881869e-01
   1.8613696e-01
   1.4350149e-01
   1.1191176e-01
   9.2240533e-02
   8.5198440e-02
   9.1300540e-02
   1.1083571e-01
   1.4384011e-01
   1.9007699e-01
   2.4902445e-01
   3.1987185e-01
   4.0152578e-01
   4.9262584e-01
   5.9157057e-01
   6.9655283e-01
   8.0560377e-01
   9.1664409e-01
   1.0275406e+00
   1.1361663e+00
   1.2404608e+00
   1.3384898e+00
   1.4285002e+00
   1.5089691e+00
   1.5786442e+00
   1.6365746e+00
   1.6821301e+00
   1.7150094e+00
   1.7352363e+00
   1.7431442e+00
   1.7393513e+00
   1.7247261e+00
   1.7003471e+00
   1.6674564e+00
   1.6274111e+00
   1.5816345e+00
   1.5315678e+00
   1.4786262e+00
   1.4241587e+00
   1.3694148e+00
   1.3155172e+00
   1.2634427e+00
   1.2140095e+00
   1.1678723e+00
   1.1255229e+00
   1.0872976e+00
   1.0533884e+00
   1.0238584e+00
   9.9865967e-01
   9.7765244e-01
   9.6062503e-01
   9.4731338e-01
   9.3741939e-01
   9.3062757e-01
   9.2661950e-01
   9.2508574e-01
   9.2573510e-01
   9.2830121e-01
   9.3254637e-01
   9.3826298e-01
   9.4527261e-01
   9.5342318e-01
   9.6258440e-01
   9.7264186e-01
   9.8349016e-01
   9.9502538e-01
   1.0071372e+00
   1.0197014e+00
   1.0325717e+00
   1.0455741e+00
   1.0585000e+00
   1.0711023e+00
   1.0830923e+00
   1.0941384e+00
   1.1038668e+00
   1.1118644e+00
   1.1176844e+00
   1.1208536e+00
   1.1208831e+00
   1.1172807e+00
   1.1095662e+00
   1.0972886e+00
   1.0800451e+00
   1.0575022e+00
   1.0294166e+00
   9.9565694e-01
   9.5622518e-01
   9.1127591e-01
   8.6113362e-01
   8.0630637e-01
   7.4749509e-01
   6.8559740e-01
   6.2170525e-01
   5.5709546e-01
   4.9321290e-01
   4.3164593e-01
   3.7409430e-01
   3.2232997e-01
   2.7815156e-01
   2.4333381e-01
   2.1957345e-01
   2.0843322e-01
   2.1128636e-01
   2.2926389e-01
   2.6320752e-01
   3.1362989e-01
   3.8068392e-01
   4.6414298e-01
   5.6339344e-01
   6.7744050e-01
   8.0492746e-01
   9.4416795e-01
   1.0931901e+00
   1.2497912e+00
   1.4115999e+00
   1.5761451e+00
   1.7409268e+00
   1.9034872e+00
   2.0614789e+00
   2.2127275e+00
   2.3552864e+00
   2.4874808e+00
   2.6079417e+00
   2.7156266e+00
   2.8098282e+00
   2.8901716e+00
   2.9565992e+00
   3.0093470e+00
   3.0489120e+00
   3.0760135e+00
   3.0915504e+00
   3.0965563e+00
   3.0921547e+00
   3.0795150e+00
   3.0598129e+00
   3.0341939e+00
   3.0037429e+00
   2.9694595e+00
   2.9322385e+00
   2.8928577e+00
   2.8519701e+00
   2.8101021e+00
   2.7676556e+00
   2.7249144e+00
   2.6820527e+00
   2.6391468e+00
   2.5961869e+00
   2.5530907e+00
   2.5097166e+00
   2.4658763e+00
   2.4213467e+00
   2.3758816e+00
   2.3292205e+00
   2.2810981e+00
   2.2312511e+00
   2.1794251e+00
   2.1253793e+00
   2.0688918e+00
