   4.3769900e-01
   4.3249343e-01
   4.2711450e-01
   4.2159402e-01
   4.1596349e-01
   4.1025402e-01
   4.0449624e-01
   3.9872034e-01
   3.9295597e-01
   3.8723222e-01
   3.8157761e-01
   3.7602003e-01
   3.7058670e-01
   3.6530410e-01
   3.6019798e-01
   3.5529324e-01
   3.5061389e-01
   3.4618297e-01
   3.4202251e-01
   3.3815343e-01
   3.3459545e-01
   3.3136705e-01
   3.2848536e-01
   3.2596610e-01
   3.2382351e-01
   3.2207030e-01
   3.2071755e-01
   3.1977467e-01
   3.1924937e-01
   3.1914762e-01
   3.1947357e-01
   3.2022959e-01
   3.2141622e-01
   3.2303217e-01
   3.2507431e-01
   3.2753774e-01
   3.3041575e-01
   3.3369989e-01
   3.3738002e-01
   3.4144436e-01
   3.4587955e-01
   3.5067078e-01
   3.5580184e-01
   3.6125523e-01
   3.6701233e-01
   3.7305347e-01
   3.7935813e-01
   3.8590507e-01
   3.9267251e-01
   3.9963830e-01
   4.0678007e-01
   4.1407548e-01
   4.2150236e-01
   4.2903889e-01
   4.3666380e-01
   4.4435656e-01
   4.5209747e-01
   4.5986791e-01
   4.6765036e-01
   4.7542862e-01
   4.8318780e-01
   4.9091446e-01
   4.9859663e-01
   5.0622380e-01
   5.1378696e-01
   5.2127852e-01
   5.2869227e-01
   5.3602327e-01
   5.4326777e-01
   5.5042307e-01
   5.5748734e-01
   5.6445947e-01
   5.7133889e-01
   5.7812535e-01
   5.8481872e-01
   5.9141875e-01
   5.9792487e-01
   6.0433596e-01
   6.1065008e-01
   6.1686430e-01
   6.2297441e-01
   6.2897476e-01
   6.3485801e-01
   6.4061498e-01
   6.4623442e-01
   6.5170287e-01
   6.5700453e-01
   6.6212114e-01
   6.6703190e-01
   6.7171341e-01
   6.7613968e-01
   6.8028214e-01
   6.8410972e-01
   6.8758901e-01
   6.9068442e-01
   6.9335842e-01
   6.9557189e-01
   6.9728444e-01
   6.9845491e-01
   6.9904183e-01
   6.9900405e-01
   6.9830133e-01
   6.9689509e-01
   6.9474914e-01
   6.9183048e-01
   6.8811016e-01
   6.8356409e-01
   6.7817395e-01
   6.7192800e-01
   6.6482189e-01
   6.5685942e-01
   6.4805324e-01
   6.3842539e-01
   6.2800778e-01
   6.1684247e-01
   6.0498186e-01
   5.9248858e-01
   5.7943530e-01
   5.6590428e-01
   5.5198669e-01
   5.3778173e-01
   5.2339559e-01
   5.0894010e-01
   4.9453136e-01
   4.8028805e-01
   4.6632978e-01
   4.5277520e-01
   4.3974019e-01
   4.2733595e-01
   4.1566719e-01
   4.0483037e-01
   3.9491207e-01
   3.8598754e-01
   3.7811945e-01
   3.7135686e-01
   3.6573447e-01
   3.6127214e-01
   3.5797469e-01
   3.5583204e-01
   3.5481957e-01
   3.5489879e-01
   3.5601827e-01
   3.5811475e-01
   3.6111453e-01
   3.6493490e-01
   3.6948577e-01
   3.7467133e-01
   3.8039177e-01
   3.8654494e-01
   3.9302805e-01
   3.9973918e-01
   4.0657876e-01
   4.1345090e-01
   4.2026451e-01
   4.2693430e-01
   4.3338161e-01
   4.3953503e-01
   4.4533084e-01
   4.5071328e-01
   4.5563471e-01
   4.6005553e-01
   4.6394403e-01
   4.6727616e-01
   4.7003508e-01
   4.7221079e-01
   4.7379959e-01
   4.7480354e-01
   4.7522992e-01
   4.7509062e-01
   4.7440162e-01
   4.7318241e-01
   4.7145547e-01
   4.6924581e-01
   4.6658047e-01
   4.6348815e-01
   4.5999883e-01
   4.5614346e-01
   4.5195363e-01
   4.4746141e-01
   4.4269908e-01
   4.3769900e-01
